"Rk" "G" "Date" "Age" "Tm" "H/A" "Opp" "W/L" "By Amt" "GS" "MP" "TS%" "eFG%" "ORB%" "DRB%" "TRB%" "AST%" "STL%" "BLK%" "TOV%" "USG%" "ORtg" "DRtg" "GmSc" "BPM"
"1" "" 2001-10-31 19.82 "GSW" "@" "POR" "L" -5 NA NA NA NA NA NA NA NA NA NA NA NA NA NA NA NA
"2" "" 2001-11-01 19.82 "GSW" "" "PHO" "L" -6 NA NA NA NA NA NA NA NA NA NA NA NA NA NA NA NA
"3" "" 2001-11-03 19.82 "GSW" "@" "LAC" "W" 2 NA NA NA NA NA NA NA NA NA NA NA NA NA NA NA NA
"4" "1" 2001-11-04 19.83 "GSW" "" "POR" "W" 10 0 2.7 0 0 0 0 0 0 0 0 0 38.3 0 98 -2.5 -46
"5" "2" 2001-11-07 19.84 "GSW" "@" "TOR" "L" -17 0 8.25 0.266 0 0 11.8 5.4 20.7 0 0 0 9.5 80 119 0.9 -9.8
"6" "" 2001-11-09 19.84 "GSW" "@" "WAS" "W" 9 NA NA NA NA NA NA NA NA NA NA NA NA NA NA NA NA
"7" "3" 2002-01-02 19.99 "GSW" "@" "CLE" "L" -15 0 3.31666666666667 1.136 NA 0 0 0 0 0 0 0 12.7 250 124 2 5.4
"8" "" 2002-01-03 19.99 "GSW" "@" "CHH" "L" -12 NA NA NA NA NA NA NA NA NA NA NA NA NA NA NA NA
"9" "" 2002-01-05 20 "GSW" "@" "ORL" "L" -9 NA NA NA NA NA NA NA NA NA NA NA NA NA NA NA NA
"10" "4" 2002-01-06 20 "GSW" "@" "MIA" "L" -8 0 4.46666666666667 0 0 0 0 0 32 0 0 0 9.1 37 107 0 -8.5
"11" "" 2002-01-08 20.01 "GSW" "" "MIL" "L" -16 NA NA NA NA NA NA NA NA NA NA NA NA NA NA NA NA
"12" "" 2002-01-14 20.02 "GSW" "" "MIA" "L" -6 NA NA NA NA NA NA NA NA NA NA NA NA NA NA NA NA
"13" "5" 2002-01-16 20.03 "GSW" "" "CLE" "W" 29 0 4.4 0.875 0.875 0 31.6 13.8 0 0 0 0 41.8 174 102 5.7 32.1
"14" "6" 2002-01-18 20.03 "GSW" "@" "SAC" "L" -24 0 3.06666666666667 0.568 NA 0 0 0 0 0 0 0 11.8 123 129 0.6 -5.4
"15" "7" 2002-01-19 20.04 "GSW" "" "MIN" "L" -3 0 6.48333333333333 1.163 1.167 0 13.7 8 0 7.1 0 22.5 27.5 147 98 6.6 25.9
"16" "8" 2002-01-21 20.04 "GSW" "" "UTA" "L" -2 0 9.43333333333333 0 0 0 0 0 0 6 0 0 4.9 0 110 -0.9 -11.1
"17" "9" 2002-01-23 20.05 "GSW" "" "MEM" "W" 12 0 6.36666666666667 0 0 0 0 0 18.6 0 0 50 13.8 27 112 -2.2 -29.1
"18" "" 2002-01-26 20.05 "GSW" "" "SAS" "L" -8 NA NA NA NA NA NA NA NA NA NA NA NA NA NA NA NA
"19" "" 2002-01-29 20.06 "GSW" "@" "HOU" "L" -4 NA NA NA NA NA NA NA NA NA NA NA NA NA NA NA NA
"20" "" 2002-02-01 20.07 "GSW" "@" "PHO" "L" -6 NA NA NA NA NA NA NA NA NA NA NA NA NA NA NA NA
"21" "10" 2002-02-03 20.08 "GSW" "" "PHO" "L" -1 0 3.91666666666667 NA NA 0 0 0 0 0 0 100 11.4 0 120 -1.4 -32.9
"22" "11" 2002-02-05 20.08 "GSW" "" "SEA" "L" -26 0 16.4 0.4 0.4 0 8.6 3.8 11.1 3.5 0 28.6 20.1 66 130 0.9 -11.7
"23" "12" 2002-02-13 20.1 "GSW" "" "BOS" "W" 17 0 8.05 0.25 0.25 0 32.7 16.1 20 0 0 33.3 29.7 42 73 -1.2 -18.7
"24" "13" 2002-02-15 20.11 "GSW" "" "SAS" "L" -9 1 24.85 0.41 0.25 12.3 9.4 10.9 19.1 2.1 0 23.5 21.8 91 119 4.8 -4.8
"25" "14" 2002-02-17 20.12 "GSW" "" "ATL" "L" -6 0 19.0166666666667 0.811 0.333 14 10.8 12.5 38.2 0 6.6 0 16 189 101 16.8 20.1
"26" "15" 2002-02-19 20.12 "GSW" "@" "NJN" "L" -8 0 24.1666666666667 0.392 0.273 3.8 12.5 8 20.5 2 0 7.3 21.4 108 123 6.3 -6.4
"27" "16" 2002-02-20 20.12 "GSW" "@" "PHI" "L" -7 0 18.0333333333333 0.962 1 5.1 5.8 5.4 0 0 0 0 11 200 121 7.7 1.4
"28" "17" 2002-02-22 20.13 "GSW" "@" "MIL" "L" -4 1 33.9666666666667 0.543 0.5 8.8 6.6 7.5 37.6 1.6 0 13.4 20.6 127 136 14.4 0
"29" "18" 2002-02-23 20.13 "GSW" "@" "CHI" "L" -14 1 35.7833333333333 0.49 0.467 8.3 2.7 5.5 31.2 2.7 0 10.9 21.1 104 112 13.7 0.5
"30" "19" 2002-02-25 20.14 "GSW" "" "IND" "L" -5 0 29.3166666666667 0.758 0.773 3.2 6.5 4.9 34.2 3.6 2.9 0 17.3 159 99 17.9 15.8
"31" "20" 2002-02-27 20.14 "GSW" "" "DEN" "W" 17 0 27.75 0.866 0.7 0 5.2 3.4 31.9 3.4 2.4 42.6 19.6 109 94 12.1 5
"32" "21" 2002-03-01 20.15 "GSW" "" "SAC" "L" -8 1 30.55 0.55 0.455 8.9 11.9 10.2 19.2 4.6 0 22.7 22.3 103 111 13.3 1.9
"33" "22" 2002-03-02 20.15 "GSW" "@" "LAC" "L" -14 1 36.75 0.436 0.367 3 0 1.6 12.3 1.5 1.9 10.4 23.4 105 131 7.4 -5
"34" "23" 2002-03-05 20.16 "GSW" "@" "SAS" "L" -21 1 38.25 0.281 0.292 4.8 0 2.7 19.6 1.3 0 19.4 17.1 67 115 0.7 -9.6
"35" "24" 2002-03-08 20.17 "GSW" "@" "HOU" "W" 13 1 27.8666666666667 0.394 0.313 3.6 9.2 6.7 24.8 6.9 2.4 10.1 14.5 103 86 10.6 7.7
"36" "25" 2002-03-09 20.17 "GSW" "@" "DAL" "L" -2 1 27.5 0.591 0.591 7.6 17.9 12.9 5.6 3.6 0 26.7 23 90 108 8.1 -2.5
"37" "26" 2002-03-11 20.18 "GSW" "@" "ATL" "L" -25 1 31 0.455 0.364 6.1 3.6 4.9 11.6 0 0 7 19.8 104 134 6.8 -6.9
"38" "27" 2002-03-12 20.18 "GSW" "@" "IND" "L" -14 1 35.6 0.573 0.5 0 12.1 6.3 25.5 2.7 0 13.3 16.9 121 116 13 2
"39" "28" 2002-03-14 20.18 "GSW" "" "LAL" "L" -8 1 35.4 0.593 0.5 0 5.4 2.7 27 0 1.9 24 19.6 102 112 8.3 -2
"40" "29" 2002-03-16 20.19 "GSW" "" "DAL" "L" -17 1 29.8166666666667 0.455 0.455 0 15.6 7.9 21.3 1.7 0 8.3 17.4 104 123 5.9 -6.1
"41" "30" 2002-03-18 20.19 "GSW" "" "WAS" "L" -3 1 34.5333333333333 0.829 0.833 6.7 13.4 10 37.4 1.6 0 11.7 22.2 155 118 23.2 14.9
"42" "31" 2002-03-19 20.2 "GSW" "@" "SEA" "L" -17 1 27.05 0.47 0.455 5.1 16.7 10.6 31.9 6 0 19 27.3 94 114 9.4 2
"43" "32" 2002-03-21 20.2 "GSW" "" "LAC" "L" -20 1 35.1 0.844 0.8 2.7 9.4 5.8 32.8 4.5 1.8 13.7 27.9 151 120 29.7 20.6
"44" "33" 2002-03-23 20.21 "GSW" "@" "UTA" "L" -9 1 24.6666666666667 0.436 0.417 0 10.4 4.7 41.8 0 0 12.7 13.6 105 121 5.9 -4.7
"45" "34" 2002-03-24 20.21 "GSW" "" "HOU" "L" -12 1 30.6333333333333 0.581 0.542 0 4.6 2 9.9 5 0 12.7 21.5 113 121 11.1 2.4
"46" "35" 2002-03-26 20.22 "GSW" "@" "MIN" "W" 9 1 29.0166666666667 0.506 0.55 0 0 0 23.2 3.4 2.1 21.6 20.8 92 111 7.6 -2.2
"47" "36" 2002-03-27 20.22 "GSW" "@" "BOS" "L" -3 1 29.6166666666667 0.841 0.857 0 3.4 1.6 37.8 4.8 0 37.5 17.8 110 99 12.3 7
"48" "37" 2002-03-29 20.22 "GSW" "@" "DET" "L" -7 1 29.1166666666667 0.538 0.5 0 3.6 1.8 24.3 1.7 0 28.7 15 96 117 4.9 -5.1
"49" "38" 2002-03-30 20.23 "GSW" "@" "MEM" "L" -6 1 16.7166666666667 0.118 0.125 0 5.8 2.7 0 0 0 19.2 24.5 23 117 -5.3 -28.2
"50" "39" 2002-04-02 20.24 "GSW" "" "POR" "W" 16 1 38.65 0.926 0.909 0 10.3 5.9 30.6 2.9 0 14.4 16.8 170 106 23.8 14.7
"51" "40" 2002-04-05 20.24 "GSW" "" "DEN" "W" 4 1 35.1166666666667 0.626 0.594 8.8 6.6 7.5 28.7 6.6 1.6 23.1 29.1 109 94 22.3 10.3
"52" "41" 2002-04-06 20.25 "GSW" "@" "POR" "L" -27 1 25.2833333333333 0.717 0.625 0 0 0 5.5 2 0 29.1 12 100 121 4.7 -6.4
"53" "42" 2002-04-08 20.25 "GSW" "" "MIN" "L" -7 1 39.5166666666667 0.428 0.321 4.9 2.7 3.8 14.9 5.5 0 0 20.1 110 111 13.7 2.8
"54" "43" 2002-04-10 20.26 "GSW" "" "SAC" "L" -2 1 33.65 0.491 0.469 7.4 15.3 10.5 23.5 6.8 0 14.8 21.6 108 107 16.1 5.9
"55" "44" 2002-04-12 20.26 "GSW" "@" "DEN" "L" -8 1 38.5833333333333 0.413 0.385 0 13.7 6.6 29.9 6.4 0 22.8 23.7 81 93 9.8 -1
"56" "45" 2002-04-13 20.27 "GSW" "" "UTA" "L" -8 1 28.0166666666667 0.643 0.625 0 12.7 7.1 41.8 0 2.1 24.3 25.1 109 116 10.4 -0.2
"57" "46" 2002-04-16 20.27 "GSW" "@" "SAC" "L" -14 1 37.9 0.608 0.375 8.1 18.9 13.1 28.3 2.5 0 25.8 17.8 116 116 16.6 0.3
"58" "47" 2002-04-17 20.28 "GSW" "" "LAC" "W" 4 1 36.3833333333333 0.595 0.5 3.3 12.8 8.7 25.8 4 0 20 24.3 108 102 16.4 -0.7
"1" "1" 2002-10-30 20.81 "GSW" "" "SAS" "W" 8 1 31.9 0.694 0.5 11.8 12 11.9 21.1 0 0 10.4 13.1 159 111 13.2 1.8
"2" "2" 2002-11-01 20.82 "GSW" "" "SEA" "L" -13 1 38.0166666666667 0.684 0.692 0 14.9 7.8 56.4 0 0 22.4 19.3 120 117 16.2 0.9
"3" "3" 2002-11-02 20.82 "GSW" "@" "UTA" "L" -9 1 47.9 0.552 0.5 0 9.3 5.6 14.7 1.1 1.2 14.9 19.3 107 114 10.8 -1.9
"4" "4" 2002-11-04 20.83 "GSW" "@" "DAL" "L" -7 1 41.9166666666667 0.577 0.5 2.2 12.7 7.1 31.8 5.9 1.7 13.6 21.8 121 103 20.6 10
"5" "5" 2002-11-05 20.83 "GSW" "@" "SAS" "L" -20 1 36.5 0.625 0.556 5.3 30.2 16.9 25.3 2.9 0 30.9 20.2 94 96 11.9 1.8
"6" "6" 2002-11-08 20.84 "GSW" "@" "NOH" "L" -6 1 44.35 0.463 0.353 2.9 17.8 10.8 6.7 2.3 1.3 16.3 23.9 91 115 10.4 -5.7
"7" "7" 2002-11-09 20.84 "GSW" "@" "HOU" "L" -7 1 40.1 0.882 0.867 2.9 14 8.6 52.6 1.3 0 0 17.4 194 125 30.1 16.6
"8" "8" 2002-11-11 20.85 "GSW" "@" "MEM" "W" 7 1 47.8833333333333 0.253 0.222 0 15.4 9 38.5 4.4 0 16.8 10.4 103 104 13.6 0.5
"9" "9" 2002-11-13 20.85 "GSW" "" "SAC" "L" -11 1 44.4 0.357 0.357 0 20.6 8.7 35.7 3.5 0 22.2 17.5 78 108 9.1 -2.9
"10" "10" 2002-11-15 20.86 "GSW" "@" "LAL" "L" -7 1 51.8166666666667 0.267 0.25 1.8 16 8.5 17 1 0 26.2 18.7 54 96 -1.4 -11.3
"11" "11" 2002-11-16 20.86 "GSW" "" "ORL" "W" 43 1 38.7666666666667 0.673 0.571 10.5 5.4 7.6 25 3.9 0 5.5 19.5 165 96 25.9 11.7
"12" "12" 2002-11-18 20.87 "GSW" "" "LAC" "L" -10 1 25.1166666666667 0.5 0.5 3.6 13.7 8 18.8 2 0 25 25.7 82 106 3.2 -7
"13" "13" 2002-11-20 20.87 "GSW" "" "CHI" "W" 6 1 41.6333333333333 0.531 0.542 2.9 7.3 5.3 40.3 2.5 0 21 19.6 109 103 14.1 2.4
"14" "14" 2002-11-22 20.88 "GSW" "" "MIL" "L" -4 1 31.0333333333333 0.17 0.1 0 9.5 5 41.4 1.8 0 7.8 18.3 63 113 -0.3 -12.3
"15" "15" 2002-11-27 20.89 "GSW" "" "HOU" "L" -7 1 39.6333333333333 0.501 0.406 3.9 8.6 5.8 47.4 2.7 0 4.8 21.5 126 103 18.4 10.2
"16" "16" 2002-11-29 20.9 "GSW" "@" "DEN" "W" 10 1 40.55 0.676 0.563 3 10 6.3 43.3 3.9 0 23.1 29.3 116 92 20.5 6
"17" "17" 2002-11-30 20.9 "GSW" "" "PHO" "W" 10 1 38.5166666666667 0.465 0.433 0 15.4 8.5 38.7 4.8 0 28.9 24.1 82 82 11.3 0.8
"18" "18" 2002-12-03 20.91 "GSW" "" "DEN" "W" 21 1 30.7166666666667 0.63 0.417 0 9.7 5.9 16.1 0 0 17.4 17.6 122 101 7.6 -5.1
"19" "19" 2002-12-05 20.91 "GSW" "" "MIN" "L" -16 1 36.1666666666667 0.349 0.269 0 9.3 4.5 41.4 4.3 0 17.3 19.9 92 120 8.5 -3.5
"20" "20" 2002-12-07 20.92 "GSW" "" "DAL" "L" -5 1 35.3166666666667 0.454 0.423 11.2 6.5 9 45.5 1.4 0 17.3 19.5 117 126 13.4 1.4
"21" "21" 2002-12-10 20.93 "GSW" "" "LAL" "W" 4 1 32.2833333333333 0.713 0.714 7.5 3.8 5.6 16.4 0 2.9 18.6 30.7 120 122 17.3 6.1
"22" "22" 2002-12-13 20.93 "GSW" "@" "ORL" "L" -26 1 26.05 0.143 0.143 0 8 3.9 19 0 0 41.7 19.5 29 121 -5.2 -20.5
"23" "23" 2002-12-14 20.94 "GSW" "@" "MIA" "L" -9 1 37.45 0.485 0.464 3.9 14.7 10.1 35.6 5.8 0 10.2 25.3 110 107 17 5.8
"24" "24" 2002-12-16 20.94 "GSW" "@" "MEM" "L" -13 1 43.2 0.368 0.25 0 16.6 7.7 26.6 5.9 0 14.8 27.3 78 101 11.8 -0.8
"25" "25" 2002-12-18 20.95 "GSW" "" "NOH" "W" 5 1 38.2 0.525 0.471 3.2 9.2 6.2 28.6 1.4 1.9 12.5 27.9 112 118 16.9 1.6
"26" "26" 2002-12-20 20.95 "GSW" "" "POR" "L" -2 1 29.7333333333333 0.706 0.591 8.6 8.6 8.6 24 0 0 15.6 28.2 137 122 18.6 5.2
"27" "27" 2002-12-22 20.96 "GSW" "@" "SAC" "L" -15 1 20.0833333333333 0.255 0.2 17.8 10.4 14.4 17.6 0 0 14.5 27.5 71 116 1.4 -7
"28" "28" 2002-12-27 20.97 "GSW" "" "TOR" "W" 5 1 33.0166666666667 0.594 0.467 6.9 16.2 12.1 36 1.6 0 13.9 28.1 131 105 17.7 7.6
"29" "29" 2002-12-28 20.98 "GSW" "@" "LAC" "W" 7 1 37.0166666666667 0.589 0.563 0 8.8 4.5 35.4 0 0 9.3 25 127 107 15.6 6.8
"30" "30" 2002-12-30 20.98 "GSW" "" "PHI" "W" 6 1 28.8833333333333 0.354 0.25 7 3.5 5.3 34.2 5.2 4.5 27.9 30.4 74 98 5.7 -1.2
"31" "31" 2003-01-03 20.99 "GSW" "@" "SAS" "L" -3 1 22.1833333333333 0.335 0.3 4.7 30.3 16 21.5 0 0 32.4 29 66 110 -1.5 -17.5
"32" "32" 2003-01-04 20.99 "GSW" "@" "HOU" "W" 2 1 30.7333333333333 0.463 0.409 3.7 12.1 8.3 48 0 2.2 20.2 23.5 97 103 9.3 2.8
"33" "33" 2003-01-06 21 "GSW" "" "MIA" "W" 14 1 35.35 0.799 0.75 3.3 12.5 8.1 23.8 1.5 0 12.7 20.9 145 99 20.5 10.1
"34" "34" 2003-01-08 21.01 "GSW" "@" "MIN" "L" -7 1 20.8166666666667 0.278 0.278 0 5.4 2.6 40.2 0 0 0 20 79 115 2.9 -6.2
"35" "35" 2003-01-10 21.01 "GSW" "@" "WAS" "W" 5 1 34.1166666666667 0.536 0.441 9 8.1 8.6 4.5 0 0 4.6 26.9 133 121 13.3 -0.6
"36" "36" 2003-01-11 21.01 "GSW" "@" "IND" "L" -12 1 32.55 0.587 0.455 0 4.5 2 14.2 0 0 22.7 23.7 101 135 6.7 -9.7
"37" "37" 2003-01-13 21.02 "GSW" "" "MEM" "L" -2 1 32.8 0.728 0.656 0 9.9 4.2 48.7 3 0 4.5 26.8 160 112 28.5 19.5
"38" "38" 2003-01-15 21.02 "GSW" "" "CLE" "W" 28 1 32.6833333333333 0.448 0.385 0 13.5 7.3 50.4 0 0 20.4 25.7 95 89 10.5 -1.2
"39" "39" 2003-01-17 21.03 "GSW" "" "MIN" "W" 9 1 44.15 0.424 0.389 11.6 16 13.5 28.6 2.4 0 17.5 21.3 105 106 14.7 0.5
"40" "40" 2003-01-20 21.04 "GSW" "" "SAC" "L" -22 1 24.9166666666667 0.3 0.3 3.2 9.8 5.8 34.2 4.2 0 37.5 12.7 63 108 2.1 -7.5
"41" "41" 2003-01-22 21.04 "GSW" "@" "LAL" "W" 4 1 28.05 0.474 0.423 5.2 13.5 9.7 29 7.6 0 11.9 27.9 110 110 13.1 4.8
"42" "42" 2003-01-23 21.05 "GSW" "" "NJN" "W" 8 1 15.4 0.421 0.357 0 6 3.6 10.5 3.7 4.4 26.5 36.4 70 106 1.4 -9.6
"43" "43" 2003-01-25 21.05 "GSW" "" "UTA" "W" 13 1 34.3166666666667 0.65 0.605 8.1 9.8 9 41.7 4.6 0 8.8 30.6 136 99 26.5 15.2
"44" "44" 2003-01-28 21.06 "GSW" "@" "SEA" "L" -3 1 39.2333333333333 0.634 0.632 2.5 2.6 2.5 33.3 2.6 0 15.3 27.6 116 98 19.2 10.1
"45" "45" 2003-01-31 21.07 "GSW" "@" "UTA" "L" -8 1 35.6 0.46 0.4 0 7.8 3.6 27 0 1.9 35.5 21.1 72 117 2.5 -10.5
"46" "46" 2003-02-01 21.07 "GSW" "@" "PHO" "L" -9 1 36.4166666666667 0.77 0.75 0 3.1 1.6 36.4 0 0 29.3 26.8 110 125 15 3
"47" "47" 2003-02-03 21.08 "GSW" "" "MEM" "W" 10 1 35.7833333333333 0.587 0.588 3.1 2.5 2.8 44.4 4.7 0 10.1 26.2 126 109 19.4 9.4
"48" "48" 2003-02-05 21.08 "GSW" "" "SAS" "L" -4 1 33.6666666666667 0.577 0.526 3.2 18.4 11 25.3 1.6 0 7.6 35.2 118 112 18.6 7.3
"49" "49" 2003-02-11 21.1 "GSW" "@" "ATL" "W" 3 1 34.0333333333333 0.838 0.816 3.2 13.4 8.2 20.9 4.1 1.8 24.1 35.8 124 106 28.4 12.6
"50" "50" 2003-02-12 21.1 "GSW" "@" "NYK" "W" 6 1 27.3666666666667 0.701 0.654 0 9.2 6.1 12.4 1.7 0 18.3 36.1 115 104 16 1.3
"51" "51" 2003-02-14 21.11 "GSW" "@" "TOR" "W" 4 1 36.7166666666667 0.389 0.143 5.3 19.3 12.2 27.7 8.1 0 20.6 27.7 85 94 13 0.4
"52" "52" 2003-02-16 21.11 "GSW" "@" "MIN" "L" -7 1 38.85 0.475 0.423 4.2 5.6 4.8 19.3 2.4 1.6 8.4 35.2 101 107 17.7 4.7
"53" "53" 2003-02-18 21.12 "GSW" "" "BOS" "L" -8 1 35 0.484 0.382 5.7 18.7 11.9 51.8 0 0 8.1 27.9 130 135 19.7 4.3
"54" "54" 2003-02-19 21.12 "GSW" "@" "POR" "L" -27 1 26.4833333333333 0.59 0.5 5.3 4.6 4.9 36.8 0 2.5 21.2 38.1 106 131 12.6 0.9
"55" "55" 2003-02-21 21.13 "GSW" "" "NYK" "W" 4 1 31.7 0.717 0.688 5.1 3.6 4.5 22.4 1.6 1.8 0 11.5 178 118 16.5 8.2
"56" "56" 2003-02-23 21.13 "GSW" "" "ATL" "W" 22 1 29.9166666666667 0.537 0.5 3.3 2.6 2.9 33.3 6.6 0 10.7 26 117 93 17.1 10.3
"57" "57" 2003-02-24 21.13 "GSW" "@" "DEN" "W" 5 1 29.75 0.51 0.406 6.3 9.4 7.8 24.7 4.8 0 24.4 34.5 85 87 10 -0.1
"58" "58" 2003-02-26 21.14 "GSW" "@" "LAC" "W" 14 1 29.9166666666667 0.483 0.406 10 6.3 8.1 25.8 0 0 9.7 29.7 112 111 11.8 0.1
"59" "59" 2003-03-01 21.15 "GSW" "" "DET" "W" 2 1 34.5 0.604 0.528 2.7 6 4.3 26.6 1.7 0 8.5 30.7 128 114 17.7 9.4
"60" "60" 2003-03-04 21.16 "GSW" "" "IND" "W" 7 1 39.1666666666667 0.703 0.654 3.8 5.7 4.9 33.4 0 0 30.9 26.4 110 112 14.7 -0.9
"61" "61" 2003-03-06 21.16 "GSW" "@" "CHI" "L" -14 1 36.8166666666667 0.734 0.688 8.3 10.8 9.4 27.5 2.7 0 17.3 26.9 130 125 24.4 9.6
"62" "62" 2003-03-08 21.17 "GSW" "@" "MIL" "L" -5 1 40.7333333333333 0.626 0.55 6.8 8.6 7.9 25.6 1.2 0 20 30.6 116 125 20.1 0.7
"63" "63" 2003-03-09 21.17 "GSW" "@" "DET" "L" -2 1 38.5 0.689 0.711 0 16.2 8.2 30.2 1.4 0 9 27.8 138 120 21.8 10.8
"64" "64" 2003-03-11 21.18 "GSW" "" "PHO" "W" 15 1 28.5166666666667 0.786 0.786 3.9 0 1.7 31.1 1.8 0 30 29.2 110 106 14.2 6.2
"65" "65" 2003-03-14 21.18 "GSW" "" "DAL" "L" -2 1 42.7666666666667 0.544 0.521 0 9.7 5.4 34.9 1.2 0 15.8 32.1 105 127 18.2 -1.3
"66" "66" 2003-03-15 21.19 "GSW" "@" "SEA" "W" 6 1 34.5166666666667 0.326 0.286 7.4 14.3 11.3 30.5 0 0 34.3 31.5 63 103 -0.4 -16.4
"67" "67" 2003-03-18 21.19 "GSW" "@" "SAC" "L" -26 1 32.65 0.495 0.425 9.2 8.6 8.9 19.5 2.9 0 11.9 30.4 102 118 14.4 3.4
"68" "68" 2003-03-19 21.2 "GSW" "" "SEA" "W" 6 1 39.35 0.4 0.333 0 10.9 5.7 19.4 2.8 0 12.7 18.6 95 110 7.2 -5.1
"69" "69" 2003-03-21 21.2 "GSW" "" "HOU" "L" -10 1 38.8333333333333 0.484 0.381 2.7 11.4 6.9 24.5 2.4 0 18.8 33.2 94 117 13.2 -3.6
"70" "70" 2003-03-23 21.21 "GSW" "" "WAS" "W" 6 1 39.8833333333333 0.76 0.739 7.7 8.4 8 25 1.3 0 22.9 36.7 121 116 28 8.8
"71" "71" 2003-03-25 21.21 "GSW" "@" "CLE" "L" -21 1 33.9 0.478 0.417 0 10.9 4.5 16.2 1.4 1.7 15.4 29.1 92 123 9.1 -5.1
"72" "72" 2003-03-26 21.22 "GSW" "@" "BOS" "W" 12 1 40.85 0.599 0.529 3.4 14.3 9.9 35.7 1.3 0 13.5 24.9 127 105 20.6 5.9
"73" "73" 2003-03-28 21.22 "GSW" "@" "PHI" "W" 4 1 33.95 0.4 0.292 0 5.5 3 28.4 1.5 0 12.7 20.5 90 106 7.1 -4.5
"74" "74" 2003-03-29 21.22 "GSW" "@" "NJN" "L" -12 1 38.6166666666667 0.463 0.324 0 11.7 6 27.5 2.6 0 19.6 27.9 92 113 11.1 -1.2
"75" "75" 2003-04-01 21.23 "GSW" "@" "POR" "L" -14 1 30.25 0.388 0.333 0 15.6 7.1 31.4 3.5 0 18.9 23.4 81 106 6.4 -3.2
"76" "76" 2003-04-04 21.24 "GSW" "" "POR" "L" -22 1 30.1333333333333 0.486 0.45 0 4.3 1.7 27 0 2.6 26.1 20.3 87 130 6 -7
"77" "77" 2003-04-06 21.25 "GSW" "" "DEN" "W" 7 1 33.4833333333333 0.102 0 3.8 12.3 9 31.4 4.4 0 58.9 15.1 45 96 0.8 -9.6
"78" "78" 2003-04-08 21.25 "GSW" "" "UTA" "W" 26 1 34.8 0.719 0.667 7.6 5.1 6.1 25.5 3 0 7.8 31.9 154 112 28 13.8
"79" "79" 2003-04-11 21.26 "GSW" "@" "PHO" "L" -16 1 41.6333333333333 0.483 0.417 0 4.6 2.5 44.4 1.2 1.4 24.4 21.1 101 123 13 -0.5
"80" "80" 2003-04-12 21.26 "GSW" "@" "DAL" "L" -9 1 26.0833333333333 0.336 0.286 13.4 0 7.3 36.6 3.5 0 21.2 14.2 99 114 8.1 0.2
"81" "81" 2003-04-14 21.27 "GSW" "" "LAC" "L" -9 1 39.0833333333333 0.36 0.233 0 15.4 7.4 25.7 1.3 0 10 19.7 100 126 8.4 -8.5
"82" "82" 2003-04-16 21.27 "GSW" "" "LAL" "L" -6 1 42.2666666666667 0.506 0.404 4.9 11.4 8.2 19.3 0 0 8.4 35.3 112 127 20.2 -2.4
"1" "1" 2003-10-29 21.81 "WAS" "@" "CHI" "W" 25 1 37.9166666666667 0.676 0.625 0 9.2 5.3 25.8 4 0 27.3 21.6 105 80 14.6 4.2
"2" "2" 2003-10-31 21.82 "WAS" "@" "TOR" "L" -3 1 41.8166666666667 0.639 0.556 0 9.5 5.3 31.6 4.1 1.5 28.5 21.9 101 97 14.9 2.3
"3" "3" 2003-11-01 21.82 "WAS" "" "NJN" "L" -13 1 27 0.482 0.458 8.4 8.6 8.5 7.5 0 2.5 28.7 28.8 79 116 2.4 -9.4
"4" "4" 2003-11-05 21.83 "WAS" "" "DAL" "W" 10 1 37.5166666666667 0.5 0.5 6.3 23.4 16.1 52.4 4.1 0 13.8 34.1 104 88 21.1 7.4
"5" "5" 2003-11-07 21.84 "WAS" "" "TOR" "W" 26 1 27.2666666666667 0.533 0.444 4 13 8.3 37.2 0 0 22.5 22.7 101 77 8 0.2
"6" "6" 2003-11-08 21.84 "WAS" "@" "CLE" "L" -13 1 28.15 0.573 0.529 0 0 0 37.1 0 0 13.5 33.3 111 124 12.1 1.3
"7" "7" 2003-11-11 21.85 "WAS" "" "PHI" "L" -7 1 44.9333333333333 0.597 0.563 6.8 9.7 8.2 37.7 3.4 0 6.2 28.9 140 117 30.5 13
"8" "8" 2003-11-14 21.85 "WAS" "@" "MIA" "L" -4 1 50.2666666666667 0.499 0.458 4.3 11.3 7.7 26.1 3.1 0 22.8 32.5 88 104 14.2 -2
"9" "9" 2003-11-15 21.86 "WAS" "" "SAS" "L" -24 1 35.4166666666667 0.311 0.237 0 14.1 5.9 12.2 1.5 2 0 29.7 71 104 4.6 -2.2
"10" "10" 2003-11-17 21.86 "WAS" "@" "ATL" "W" 9 1 44.1166666666667 0.532 0.367 0 8.4 3.9 28.8 1.2 0 15.6 23.6 113 109 14.1 -2.4
"11" "11" 2003-11-19 21.87 "WAS" "" "CLE" "W" 11 1 37.9666666666667 0.593 0.556 2.3 14.9 7.1 18.8 4.1 0 19.2 27.3 110 101 17.1 6.3
"12" "12" 2003-11-21 21.87 "WAS" "@" "DEN" "L" -21 1 39.25 0.662 0.594 5.2 8 6.6 19.3 4 0 16.4 28.1 117 113 19.6 7.7
"13" "13" 2003-11-23 21.88 "WAS" "@" "SEA" "L" -3 1 36.6666666666667 0.367 0.35 9.3 12.4 10.9 22.2 3.1 0 16.4 29.3 88 101 6.3 -0.8
"14" "" 2003-12-10 21.93 "WAS" "" "ORL" "L" -4 NA NA NA NA NA NA NA NA NA NA NA NA NA NA NA NA
"15" "14" 2003-12-12 21.93 "WAS" "" "MIN" "L" -19 1 24.2833333333333 0.436 0.389 0 5.7 2.5 27.6 6.6 2.6 32.6 28.7 70 111 4.9 -2.5
"16" "15" 2003-12-30 21.98 "WAS" "" "ATL" "L" -10 1 30.8166666666667 0.337 0.316 0 13.5 6.5 25.4 1.7 0 16.2 36.2 63 92 1 -8.2
"17" "16" 2004-01-02 21.99 "WAS" "" "GSW" "W" 18 1 37.8 0.483 0.563 2.5 23.5 12.1 17.6 2.8 2.3 42.9 17.5 64 85 4.9 -7.9
"18" "17" 2004-01-04 21.99 "WAS" "" "MIL" "L" -6 0 34.2 0.436 0.417 3.2 6.6 4.9 16 1.5 4.4 12.7 29.9 91 109 7.4 -1.5
"19" "18" 2004-01-06 22 "WAS" "@" "SAS" "L" -22 1 31.6333333333333 0.393 0.368 5.6 16.7 10 8.8 4.9 0 8.5 33.6 79 97 8 4.4
"20" "19" 2004-01-07 22 "WAS" "@" "NOH" "L" -10 1 32.7 0.416 0.385 2.9 9.9 6.2 16.7 1.6 0 20.4 25.2 78 109 3.4 -8
"21" "20" 2004-01-09 22.01 "WAS" "@" "ORL" "L" -11 1 38.3666666666667 0.346 0.294 10.5 8.8 9.7 23.7 2.9 1.9 21 27.9 78 119 6 -7.5
"22" "21" 2004-02-04 22.08 "WAS" "" "MEM" "L" -2 1 35.6166666666667 0.283 0.233 5.7 0 3.1 25 1.4 0 15.9 21.7 75 115 2.1 -9.9
"23" "22" 2004-02-06 22.08 "WAS" "" "LAC" "W" 12 1 44.15 0.644 0.567 0 10.7 6.2 14.4 0 0 20.5 25.2 114 116 14.2 -4.4
"24" "23" 2004-02-07 22.09 "WAS" "@" "CLE" "W" 18 1 41.2333333333333 0.702 0.667 0 6.5 3.8 28.6 3.9 0 9.7 22.1 145 97 23.9 12.9
"25" "24" 2004-02-11 22.1 "WAS" "@" "PHI" "L" -25 1 30.2833333333333 0.268 0.1 3.9 8 5.9 5.4 1.8 0 13.3 24.4 59 127 -1.4 -17.1
"26" "25" 2004-02-17 22.12 "WAS" "@" "HOU" "L" -26 1 32.9166666666667 0.328 0.233 7.1 24.9 15.3 17.7 3.3 0 15.2 27.8 75 114 4.8 -7.4
"27" "26" 2004-02-18 22.12 "WAS" "@" "NOH" "L" -22 1 31.8333333333333 0.349 0.292 3.2 8.1 5.4 16.8 1.5 0 13.4 19.5 84 128 4.9 -8
"28" "27" 2004-02-20 22.12 "WAS" "" "IND" "L" -9 1 39.55 0.541 0.524 9.5 0 4.8 29.7 0 0 13.8 34.9 103 124 13.9 -0.5
"29" "28" 2004-02-22 22.13 "WAS" "" "MIL" "L" -28 1 38.2166666666667 0.461 0.405 2.5 18 8.9 31.4 5.4 0 20.9 32.3 88 114 11.9 0.9
"30" "29" 2004-02-25 22.14 "WAS" "@" "TOR" "W" 2 1 30.7333333333333 0.735 0.667 4.4 31 17.7 5.4 1.8 0 38.7 12.9 95 90 6.4 -3
"31" "30" 2004-02-26 22.14 "WAS" "" "CHI" "W" 8 1 44.9666666666667 0.595 0.533 5.2 21.8 14.2 47 0 1.6 18.5 20.8 119 91 21.9 6.5
"32" "31" 2004-02-28 22.15 "WAS" "" "LAL" "L" -12 1 43.95 0.694 0.696 2.2 23.6 11.3 16.2 1.2 1.6 13.7 27.6 133 126 25.7 10.3
"33" "32" 2004-03-01 22.15 "WAS" "" "NOH" "W" 5 1 53 0.582 0.574 0 11.5 6.7 36.7 3.9 0 14.3 30.7 113 101 27 6.7
"34" "33" 2004-03-03 22.16 "WAS" "" "TOR" "W" 14 1 37.3166666666667 0.585 0.5 0 8.9 5.2 23.8 0 0 14.8 34.8 112 87 14.7 3.3
"35" "34" 2004-03-05 22.16 "WAS" "@" "BOS" "L" -4 1 45.9166666666667 0.574 0.525 0 16.1 7.3 32.3 3.3 0 18.1 25 111 97 19.5 6.7
"36" "35" 2004-03-07 22.17 "WAS" "" "NYK" "L" -13 1 44.7666666666667 0.643 0.625 0 5.6 2.9 20.1 1.2 0 24.3 30.4 101 117 13.8 -0.9
"37" "36" 2004-03-09 22.17 "WAS" "" "DEN" "L" -30 1 34.1 0.451 0.409 3.1 0 1.7 46.8 3.1 0 7.3 35.2 103 127 12.8 5.7
"38" "37" 2004-03-10 22.18 "WAS" "@" "ORL" "L" -9 1 44.3333333333333 0.535 0.485 4.2 4.7 4.5 15.9 2.3 0 9.7 37.2 117 117 22.6 6.6
"39" "38" 2004-03-12 22.18 "WAS" "@" "ATL" "L" -14 1 42.7166666666667 0.679 0.632 3.4 16.4 10 33 1.1 0 21.4 27.3 122 139 22.9 0.2
"40" "39" 2004-03-13 22.18 "WAS" "" "BOS" "L" -9 1 46.7166666666667 0.631 0.625 4.9 9.5 7.2 30.5 5 0 24 26.3 104 106 22.2 3.8
"41" "40" 2004-03-16 22.19 "WAS" "@" "NYK" "L" -4 1 50.7333333333333 0.541 0.452 2.8 9.1 6.6 26.9 1 0 26.5 30.7 94 112 12.5 -4.3
"42" "41" 2004-03-17 22.19 "WAS" "" "SAC" "W" 6 1 48 0.439 0.397 2.3 12.9 6.7 27 8.6 0 8.9 29.6 110 104 23.4 6.1
"43" "42" 2004-03-19 22.2 "WAS" "" "ATL" "W" 10 1 42.3666666666667 0.409 0.367 2.9 18.7 12 40.2 0 0 23.9 23.1 88 93 7.9 -4.5
"44" "43" 2004-03-21 22.21 "WAS" "" "MIA" "L" -20 1 21.8833333333333 0 0 0 4.7 2.5 14.5 0 0 50 16.5 13 118 -5.5 -23
"45" "" 2004-03-23 22.21 "WAS" "@" "UTA" "L" -8 NA NA NA NA NA NA NA NA NA NA NA NA NA NA NA NA
"46" "44" 2004-03-25 22.22 "WAS" "@" "LAC" "W" 9 1 32.9166666666667 0.431 0.364 9.9 5.9 7.8 28.5 1.6 0 13.6 20.2 106 111 9.6 -1.5
"47" "45" 2004-03-26 22.22 "WAS" "@" "GSW" "L" -21 1 27.7833333333333 0.42 0.3 0 0 0 8.6 1.9 0 18.7 26.2 76 116 1.1 -9.7
"48" "46" 2004-03-28 22.22 "WAS" "@" "SAC" "L" -8 1 43.95 0.479 0.341 2 12.1 6.5 9.3 1.1 0 9.6 28.5 105 107 14 -0.8
"49" "47" 2004-03-29 22.23 "WAS" "@" "PHO" "L" -6 1 46.35 0.539 0.478 2.1 9.2 5 18.5 0 0 15.2 29.8 102 111 14.5 -0.3
"50" "48" 2004-03-31 22.23 "WAS" "" "NJN" "L" -4 1 49.9 0.501 0.42 0 2.5 1.1 21.8 3.9 0 19.5 30.5 89 95 13.2 0.4
"51" "49" 2004-04-02 22.24 "WAS" "@" "MIN" "L" -18 1 33.2333333333333 0.355 0.313 0 12.9 6.3 14.4 1.8 0 26.2 31.5 63 111 -1.2 -12.9
"52" "50" 2004-04-04 22.24 "WAS" "" "BOS" "W" 10 1 41.8833333333333 0.885 0.867 3.5 11.1 7.1 16 6 0 18.1 23.7 147 102 29.7 13.4
"53" "51" 2004-04-07 22.25 "WAS" "@" "MIL" "L" -9 1 28.4666666666667 0.468 0.4 3.1 8.5 5.3 11.4 5.3 0 7.8 18.6 106 118 7.9 -0.6
"54" "52" 2004-04-09 22.26 "WAS" "@" "PHI" "W" 3 1 43.3333333333333 0.53 0.5 0 5.1 2.7 43.3 2.8 0 16.2 27.5 115 103 15.2 6
"55" "53" 2004-04-10 22.26 "WAS" "" "NYK" "L" -4 1 27.9 0.278 0.278 0 12.9 6.2 29.4 3.9 0 30.8 21.7 59 101 1.1 -9.8
"56" "54" 2004-04-12 22.27 "WAS" "@" "DET" "L" -22 0 26.5666666666667 0.71 0.682 0 5.7 2.5 9.7 5.6 5.9 12.4 26.1 119 100 16.9 17.3
"57" "55" 2004-04-14 22.27 "WAS" "" "NOH" "L" -16 0 20.8333333333333 0.148 0 0 10.4 5.5 17.8 2.8 0 37.2 26.3 28 108 -4.1 -21.9
"1" "" 2004-11-03 22.83 "WAS" "@" "MEM" "W" 12 NA NA NA NA NA NA NA NA NA NA NA NA NA NA NA NA
"2" "1" 2004-11-04 22.83 "WAS" "@" "CHA" "W" 7 1 35.8333333333333 0.586 0.5 10.3 14 12.1 38.1 2.9 0 30.2 28.5 99 103 13.5 -0.2
"3" "2" 2004-11-06 22.84 "WAS" "" "MIA" "L" -12 1 45.7333333333333 0.625 0.467 0 0 0 17 2.1 0 24.5 26.2 102 119 15 -1.6
"4" "3" 2004-11-09 22.84 "WAS" "@" "MIA" "L" -10 1 34.25 0.653 0.643 0 0 0 29 1.4 0 28.1 25.4 99 111 10.2 2.1
"5" "4" 2004-11-10 22.85 "WAS" "" "ORL" "W" 10 1 41.0333333333333 0.46 0.45 0 9.5 4.9 21.8 1.2 1.4 26.9 14.9 81 103 6.1 -5.4
"6" "5" 2004-11-13 22.85 "WAS" "@" "CLE" "L" -31 1 33.5833333333333 0.563 0.525 0 3.7 1.5 17.3 3 0 4.3 30.9 108 114 15.7 10.2
"7" "6" 2004-11-14 22.86 "WAS" "" "DAL" "L" -9 1 38.8166666666667 0.573 0.559 0 6.8 3 34.4 1.3 0 18.7 22.4 112 132 13.2 -1.8
"8" "7" 2004-11-17 22.87 "WAS" "" "BOS" "W" 5 1 47.4166666666667 0.445 0.36 6.8 5.2 6.1 31.6 3.4 1.5 12.5 28.5 104 109 16.8 3.5
"9" "8" 2004-11-20 22.87 "WAS" "@" "NJN" "W" 11 1 28.1833333333333 0.465 0 0 15.1 7.2 27.6 0 0 11.7 15 115 108 5.6 -6.1
"10" "9" 2004-11-23 22.88 "WAS" "" "TOR" "W" 16 1 38.5333333333333 0.525 0.5 2.1 9.7 5.7 19.2 1.3 0 3.9 26.1 126 94 16.6 8.3
"11" "10" 2004-11-26 22.89 "WAS" "@" "PHI" "L" -2 1 44.6333333333333 0.554 0.526 2.2 3.9 3.1 14 0 0 16.2 23.1 107 116 10.6 -2.1
"12" "11" 2004-11-28 22.9 "WAS" "@" "TOR" "W" 5 1 42.5166666666667 0.605 0.571 3.1 3.2 3.2 22.5 0 0 8.2 27.8 118 110 18.4 2
"13" "12" 2004-12-01 22.9 "WAS" "" "NJN" "W" 27 1 37.85 0.648 0.559 2.9 16.9 10 27.5 1.5 0 4.1 29.5 137 78 25.3 16.5
"14" "13" 2004-12-03 22.91 "WAS" "@" "ATL" "W" 24 1 26.0166666666667 0.781 0.714 0 15.1 7.9 45.3 7.8 0 10.7 16 161 85 18.7 17.1
"15" "14" 2004-12-04 22.91 "WAS" "" "CHI" "W" 7 1 42.5833333333333 0.546 0.46 4.9 3 4 18.5 3.8 0 8.8 34.7 113 101 21.9 10.1
"16" "15" 2004-12-08 22.92 "WAS" "" "DEN" "L" -6 1 42.6166666666667 0.631 0.6 2.6 8 5.3 10.9 1.2 0 15.3 26.5 117 120 16.7 1.2
"17" "16" 2004-12-10 22.93 "WAS" "" "NYK" "W" 2 1 40.9 0.402 0.396 4.2 9.8 6.4 25.9 2.6 0 10.8 27.4 101 117 10.6 -4.3
"18" "17" 2004-12-12 22.93 "WAS" "" "NOH" "W" 19 1 37.5666666666667 0.559 0.5 7.4 8.8 8.1 27.6 7.8 0 17.3 18.7 111 66 18.7 12.5
"19" "18" 2004-12-13 22.94 "WAS" "@" "MIA" "L" -23 1 39.2666666666667 0.436 0.333 0 5.6 2.6 19.8 0 0 12.7 26.7 85 119 6.6 -3.7
"20" "19" 2004-12-15 22.94 "WAS" "" "MIA" "L" -5 1 46.05 0.477 0.425 0 15.5 7.3 30.2 4.4 0 8 22.4 108 100 19.3 7.9
"21" "20" 2004-12-17 22.95 "WAS" "@" "LAL" "W" 4 1 50.1 0.585 0.46 2.6 12.9 7.7 21 1.1 0 3.1 31.5 128 120 29.8 4.3
"22" "21" 2004-12-18 22.95 "WAS" "@" "PHO" "L" -14 1 34.4333333333333 0.495 0.471 3.2 9.2 6.3 18.8 2.9 0 5 25.8 110 114 13.7 3.3
"23" "22" 2004-12-20 22.96 "WAS" "@" "GSW" "W" 2 1 38.2333333333333 0.724 0.692 2.6 19 10.1 27.5 2.7 0 16.6 25.2 133 101 23.5 12.6
"24" "23" 2004-12-21 22.96 "WAS" "@" "SAC" "L" -11 1 41.4666666666667 0.6 0.588 0 20.7 9.1 16.9 2.6 0 17.9 24.3 107 112 13.5 0.4
"25" "24" 2004-12-26 22.97 "WAS" "@" "MIN" "L" -35 1 36.4666666666667 0.691 0.615 3.1 12.1 7.7 19.4 0 0 24.8 25.9 106 125 12.9 2.1
"26" "25" 2004-12-27 22.98 "WAS" "" "CHA" "W" 19 1 34.9 0.723 0.7 0 13.4 7.6 13.4 1.6 2.1 0 16.7 160 100 16.2 7.4
"27" "26" 2004-12-29 22.98 "WAS" "" "DET" "L" -2 1 43.0166666666667 0.786 0.763 5.7 6.8 6.2 16.8 2.5 0 12.2 26.8 147 124 26.9 11
"28" "" 2004-12-31 22.99 "WAS" "@" "BOS" "L" -5 NA NA NA NA NA NA NA NA NA NA NA NA NA NA NA NA
"29" "27" 2005-01-02 22.99 "WAS" "" "ATL" "W" 3 1 29.8666666666667 0.507 0.5 3.6 3.6 3.6 24.8 3.1 0 19.3 27.7 91 99 8.7 -1.6
"30" "28" 2005-01-04 23 "WAS" "" "NJN" "W" 24 1 38.0333333333333 0.639 0.577 0 24.3 10.4 12.1 5.4 0 11.3 21.6 121 88 18 5.9
"31" "29" 2005-01-06 23 "WAS" "" "SEA" "W" 11 1 41.4833333333333 0.543 0.4 2.4 15.6 8.8 17.6 2.4 0 7.5 28.6 117 100 19.5 5.3
"32" "30" 2005-01-08 23.01 "WAS" "" "MIN" "W" 3 1 44.9666666666667 0.639 0.558 2.4 0 1.2 16.3 2.3 0 11.3 33.1 132 126 26.5 7.6
"33" "31" 2005-01-12 23.02 "WAS" "" "POR" "W" 4 1 38.2833333333333 0.751 0.813 2.6 9 5.6 22.5 2.8 0 0 20.2 159 114 23.1 12.9
"34" "32" 2005-01-14 23.02 "WAS" "@" "MIL" "W" 2 1 41.9666666666667 0.444 0.368 3.4 22.1 12.3 8.1 1.2 0 15.1 29.1 84 112 8 -10.2
"35" "33" 2005-01-15 23.02 "WAS" "" "PHO" "W" 5 1 43.0333333333333 0.446 0.304 2.3 13.4 8 25 2.3 1.7 6.4 30 107 104 19.6 4.3
"36" "34" 2005-01-17 23.03 "WAS" "@" "SAS" "L" -28 1 33.7166666666667 0.109 0 2.8 4 3.3 10.5 0 0 12.7 22.6 33 137 -6.2 -24
"37" "35" 2005-01-18 23.03 "WAS" "@" "DAL" "L" -17 1 43 0.695 0.609 2.2 7.9 4.2 13 2.3 0 6.1 29.8 148 137 31.1 10.5
"38" "36" 2005-01-21 23.04 "WAS" "" "TOR" "W" 9 1 44.05 0.504 0.214 0 4.6 2.4 23.8 0 0 14.9 25.6 107 118 14.2 -5.8
"39" "37" 2005-01-22 23.04 "WAS" "@" "IND" "W" 2 1 44.4666666666667 0.543 0.519 0 5.3 2.7 32.9 1.3 0 9 36.9 113 113 20 5.9
"40" "38" 2005-01-24 23.05 "WAS" "@" "CLE" "W" 9 1 48 0.599 0.472 2.6 6.4 4.7 4.3 1.1 1.2 13.8 27.3 110 106 17.4 0
"41" "39" 2005-01-26 23.05 "WAS" "" "PHI" "W" 10 1 43.7833333333333 0.559 0.5 4.5 12.1 7.7 33.9 3.4 0 14.5 32 115 110 24.9 4.2
"42" "40" 2005-01-28 23.06 "WAS" "@" "ORL" "L" -7 1 42.95 0.501 0.386 2.3 9.3 5.3 33 4.6 0 3.2 30.3 118 108 24.8 9.1
"43" "41" 2005-01-29 23.06 "WAS" "" "ORL" "L" -6 1 48 0.667 0.545 0 20.5 8.9 30 3.2 0 3.5 25.2 144 106 32.6 13.9
"44" "42" 2005-02-01 23.07 "WAS" "" "DET" "L" -9 1 42.3 0.461 0.452 2.7 13 7.9 33 1.2 0 8.1 25.4 104 117 13.9 0.6
"45" "43" 2005-02-04 23.08 "WAS" "@" "TOR" "L" -3 1 28.4 0.756 0.731 0 0 0 26.1 0 0 22.4 30.7 110 114 13.5 2.7
"46" "44" 2005-02-05 23.08 "WAS" "" "MIL" "W" 18 1 38.9833333333333 0.71 0.676 3.2 16.6 9.8 37.3 7.9 2 12.1 27.5 139 88 32.5 21.5
"47" "45" 2005-02-07 23.09 "WAS" "" "IND" "W" 4 1 44.6833333333333 0.638 0.589 5 19.6 11.9 26.7 1.2 1.7 10.6 38.2 126 114 32.4 11.3
"48" "46" 2005-02-09 23.09 "WAS" "" "SAS" "W" 8 1 44.5333333333333 0.392 0.357 5.2 9.3 7.4 16.7 3.8 0 11.5 35.7 90 100 10.8 -1.2
"49" "47" 2005-02-11 23.1 "WAS" "" "LAC" "W" 3 1 44.7 0.73 0.675 0 5.1 2.5 45.1 6 0 7.7 26.4 150 98 34.1 23
"50" "48" 2005-02-12 23.1 "WAS" "@" "DET" "L" -21 1 34.6666666666667 0.53 0.525 0 4.2 1.6 33.2 3 2 8.1 29.2 111 113 15.7 10.4
"51" "49" 2005-02-14 23.11 "WAS" "@" "NOH" "L" -2 1 48 0.516 0.448 2.6 6.8 4.9 26.1 4.8 1.7 5.7 32.8 128 112 25.8 10.5
"52" "50" 2005-02-15 23.11 "WAS" "@" "HOU" "L" -30 1 38.9 0.359 0.286 2.7 11.9 6.4 35.4 5.3 2.1 11.5 20.1 91 125 12.6 1.3
"53" "51" 2005-02-23 23.13 "WAS" "" "MEM" "W" 10 1 40.4833333333333 0.583 0.425 3.4 22 14.3 37.1 2.8 0 7.2 33.7 125 90 25.2 10.2
"54" "52" 2005-02-25 23.14 "WAS" "@" "CHI" "L" -7 1 44.1333333333333 0.493 0.455 2.1 9.9 5.7 38.9 3.5 3.6 12 37.8 106 101 23.5 11.5
"55" "53" 2005-02-27 23.14 "WAS" "" "SAC" "L" -2 1 46.5166666666667 0.613 0.609 2.3 13.9 8 12.9 2.1 0 7.9 34 118 113 27.8 7.9
"56" "54" 2005-03-02 23.15 "WAS" "" "HOU" "W" 3 1 42.0666666666667 0.61 0.5 8 12.7 10.4 23.3 2.4 3.8 18.2 35.6 114 106 24.3 7.3
"57" "55" 2005-03-04 23.16 "WAS" "" "GSW" "L" -13 1 40.7333333333333 0.534 0.472 2.6 5.1 3.9 41.1 5 0 27.1 31.2 94 107 14.5 4.5
"58" "56" 2005-03-05 23.16 "WAS" "@" "CHA" "W" 2 1 46.95 0.469 0.306 2.2 7 4.5 4.5 0 0 8.2 24.5 105 108 9.5 -4.1
"59" "57" 2005-03-08 23.17 "WAS" "@" "NYK" "L" -10 1 43.5166666666667 0.425 0.375 4 14.6 8.8 13.1 1.2 0 10 30.7 88 104 10.8 -0.5
"60" "58" 2005-03-13 23.18 "WAS" "@" "BOS" "L" -4 1 46.7 0.451 0.341 0 4.3 2.1 22 1.1 0 6.7 26.9 107 118 14.2 -0.7
"61" "59" 2005-03-14 23.18 "WAS" "" "LAL" "W" 14 1 40.7333333333333 0.512 0.412 3.4 2.5 2.9 24.2 1.4 0 8.9 26 117 104 13.8 0.8
"62" "60" 2005-03-16 23.19 "WAS" "@" "ATL" "W" 29 1 39.8166666666667 0.747 0.733 3.6 8.8 6.5 14.9 5.3 0 9.3 25.4 146 99 26.1 10.8
"63" "61" 2005-03-18 23.19 "WAS" "@" "MIL" "L" -9 1 45.4666666666667 0.386 0.386 6.3 18.7 11.7 34 3.6 1.6 0 34.1 102 108 18.9 7.9
"64" "62" 2005-03-19 23.2 "WAS" "" "UTA" "W" 1 1 40.9 0.517 0.375 8.8 19.5 13.4 23.3 2.7 0 24.8 31.5 98 107 12.5 -0.3
"65" "63" 2005-03-22 23.21 "WAS" "@" "DEN" "L" -29 1 39.2833333333333 0.524 0.447 2.5 12.6 7 16.5 0 0 7.7 26.9 111 127 13.7 -1.5
"66" "64" 2005-03-24 23.21 "WAS" "@" "UTA" "W" 1 1 48 0.556 0.5 5.3 2.3 3.7 37.5 0 0 7.1 28.6 117 106 18.8 2.8
"67" "65" 2005-03-25 23.21 "WAS" "@" "LAC" "L" -4 1 48 0.509 0.464 7.7 9.5 8.6 15.4 2 1.4 8.5 32.1 105 102 21.2 5.7
"68" "66" 2005-03-27 23.22 "WAS" "@" "SEA" "W" 1 1 46.8166666666667 0.474 0.474 4.9 13.8 9 31.9 0 0 17.4 22.3 99 109 10.7 -2.3
"69" "67" 2005-03-28 23.22 "WAS" "@" "POR" "W" 8 1 37.5166666666667 0.729 0.676 12.1 7 9.7 9.7 2.7 0 13.5 24.8 138 114 22.7 5.3
"70" "68" 2005-03-30 23.23 "WAS" "" "ATL" "W" 3 1 39.2833333333333 0.792 0.735 0 14.5 7.3 12 3.9 0 20.9 34.7 124 104 26.1 7.4
"71" "69" 2005-04-01 23.23 "WAS" "@" "ORL" "W" 9 1 38.1333333333333 0.714 0.594 2.9 7.6 5.4 18.1 0 0 21.6 29.5 127 111 19.4 3
"72" "70" 2005-04-03 23.24 "WAS" "" "IND" "L" -3 1 40.8166666666667 0.545 0.472 2.5 17.6 9.4 28.2 1.4 0 9 26.3 110 97 14.9 3.9
"73" "71" 2005-04-05 23.24 "WAS" "" "BOS" "L" -8 1 48 0.672 0.524 4.3 17.9 10.5 18.2 1 1.6 8.6 30.4 140 123 34.9 10.2
"74" "72" 2005-04-06 23.25 "WAS" "@" "DET" "L" -12 1 40.4666666666667 0.503 0.5 6.3 6 6.2 22.7 2.7 0 9.6 25 103 121 13.5 -0.8
"75" "73" 2005-04-08 23.25 "WAS" "@" "IND" "L" -10 1 40.5333333333333 0.391 0.353 0 10.6 4.5 9.3 0 2.3 21.9 25.7 74 117 0.5 -9.9
"76" "74" 2005-04-09 23.25 "WAS" "" "PHI" "L" -6 1 46.6166666666667 0.719 0.667 0 10 4.8 12.9 0 1.6 3.2 29.8 148 126 33.4 11.7
"77" "75" 2005-04-11 23.26 "WAS" "" "MIL" "W" 7 1 42.7666666666667 0.388 0.278 0 6.6 3 33.9 0 1.9 27.9 14.6 105 128 8.1 -5.2
"78" "76" 2005-04-13 23.27 "WAS" "" "CHI" "W" 11 1 45.7666666666667 0.483 0.475 0 12.4 6.5 11.3 1 1.4 15.5 23.1 89 83 10.1 -0.3
"79" "77" 2005-04-15 23.27 "WAS" "" "CLE" "W" 8 1 46.3 0.845 0.813 0 8.3 5.2 28.1 0 1.3 13.3 22.9 159 125 31 11.5
"80" "78" 2005-04-17 23.28 "WAS" "" "CHA" "W" 2 1 41.9333333333333 0.571 0.548 2.7 20.5 11.3 15.5 1.2 0 4.1 24.2 127 111 20.3 2.3
"81" "79" 2005-04-19 23.28 "WAS" "@" "NJN" "L" -8 1 30.6 0.508 0.429 3.9 20.4 11.9 27.4 1.7 2.4 38.8 18.7 86 119 5.8 -3.5
"82" "80" 2005-04-20 23.28 "WAS" "@" "NYK" "L" -8 1 27.2833333333333 0.633 0.583 4 31.9 17.1 13.7 1.9 0 0 33 135 114 20.4 13.1
"1" "1" 2005-11-02 23.82 "WAS" "@" "TOR" "W" 3 1 42.25 0.52 0.472 0 9.5 4.9 24.9 0 1.8 9 23.4 107 104 14.8 0.6
"2" "2" 2005-11-04 23.83 "WAS" "@" "NYK" "W" 11 1 37.2833333333333 0.602 0.591 3.2 11.9 8.2 19.5 4.4 0 15.1 33.5 106 80 18.1 10.9
"3" "3" 2005-11-05 23.83 "WAS" "" "ORL" "W" 8 1 42.7833333333333 0.585 0.543 2.5 4.2 3.4 20.2 0 0 13.5 33.5 111 105 15.3 2.4
"4" "4" 2005-11-09 23.84 "WAS" "" "LAC" "L" -5 1 42 0.367 0.262 0 8.8 3.8 39 0 0 7.5 26.4 95 118 10.4 -2.2
"5" "5" 2005-11-11 23.85 "WAS" "" "SEA" "W" 41 1 30.9166666666667 0.839 0.813 0 0 0 35.1 1.6 0 5 27.8 170 109 28.5 16.9
"6" "6" 2005-11-12 23.85 "WAS" "" "SAS" "W" 15 1 41.2333333333333 0.822 0.85 0 2.6 1.5 27.3 1.3 0 13.3 34.4 144 110 34.1 15.5
"7" "7" 2005-11-15 23.86 "WAS" "@" "CLE" "L" -15 1 40.2166666666667 0.412 0.294 2.7 11.6 6.9 33.8 3.8 0 21.6 31.6 81 118 10.2 -3.7
"8" "8" 2005-11-17 23.86 "WAS" "@" "MIN" "L" -11 1 46.8833333333333 0.702 0.65 2.4 12 6.7 19.1 0 0 20.3 30.4 117 125 20.4 2.5
"9" "9" 2005-11-19 23.87 "WAS" "@" "NJN" "L" -6 1 35.2833333333333 0.443 0.412 2.9 3.6 3.2 0 3 0 23.8 30.7 75 104 1.3 -8.4
"10" "10" 2005-11-22 23.88 "WAS" "" "DEN" "L" -3 1 45.7833333333333 0.57 0.48 0 5.4 2.5 39.5 2 1.6 3.1 28.6 127 107 29.4 13.1
"11" "11" 2005-11-23 23.88 "WAS" "@" "ORL" "L" -8 1 43.05 0.43 0.342 4.8 6 5.4 41.3 2.6 0 15.3 29.1 95 109 12.8 -1.2
"12" "12" 2005-11-25 23.88 "WAS" "@" "DET" "W" 6 1 53.35 0.483 0.344 1.7 5.3 3.5 34.6 2.1 2.7 6.9 35.9 116 113 25.8 7.4
"13" "13" 2005-11-26 23.89 "WAS" "@" "CHA" "L" -18 1 29.4 0.367 0.367 0 0 0 37.4 1.7 0 28.6 32 64 108 -0.6 -11.2
"14" "14" 2005-11-30 23.9 "WAS" "" "POR" "W" 7 1 37.1666666666667 0.61 0.526 4.2 5.9 4.9 25.2 5.3 1.8 17.9 29.7 113 87 22.3 14.8
"15" "15" 2005-12-02 23.9 "WAS" "" "MIL" "L" -3 1 41.1 0.687 0.674 0 2.5 1.4 9.5 1.3 1.7 13.9 32.9 117 119 21.7 5.1
"16" "16" 2005-12-06 23.92 "WAS" "" "TOR" "W" 8 1 49.15 0.641 0.625 0 2.7 1.3 34.8 2.1 0 12.2 30.1 124 112 27.1 6.1
"17" "17" 2005-12-08 23.92 "WAS" "@" "IND" "L" -24 1 38.9 0.412 0.333 4.7 15.4 8.7 36.2 0 0 0 23.9 106 128 12.7 1.4
"18" "18" 2005-12-10 23.93 "WAS" "" "CHI" "L" -7 1 43.7 0.682 0.591 0 11.9 5.6 32.1 6.3 1.6 22.6 37.4 113 106 31.6 10.9
"19" "19" 2005-12-11 23.93 "WAS" "@" "MIA" "L" -3 1 46.7 0.398 0.229 2.3 4.7 3.5 22.5 0 1.8 9 31.7 91 108 10.8 -2.2
"20" "" 2005-12-13 23.93 "WAS" "" "NJN" "W" 20 NA NA NA NA NA NA NA NA NA NA NA NA NA NA NA NA
"21" "20" 2005-12-16 23.94 "WAS" "@" "LAL" "L" -6 1 45.9 0.554 0.4 2.6 11.6 6.8 21.2 1.2 0 16 31.6 102 113 16.1 2.8
"22" "21" 2005-12-18 23.95 "WAS" "@" "POR" "L" -5 1 37.4833333333333 0.613 0.595 3.4 6.2 4.9 20.3 1.5 0 7.8 33.1 120 115 18.3 5.9
"23" "22" 2005-12-19 23.95 "WAS" "@" "SEA" "L" -10 1 45.0833333333333 0.626 0.525 8.2 12.2 10.1 29.9 1.2 0 17.3 30.4 119 129 22.1 3.5
"24" "23" 2005-12-21 23.96 "WAS" "@" "DEN" "W" 6 1 43.85 0.598 0.574 0 7.6 4.1 40.6 4.2 0 14.3 32.1 119 104 28.3 9.7
"25" "24" 2005-12-23 23.96 "WAS" "@" "PHO" "W" 1 1 43.5333333333333 0.722 0.75 0 7.5 4 22.5 1.2 0 15 33.3 133 119 28.2 11.8
"26" "25" 2005-12-26 23.97 "WAS" "" "LAL" "W" 3 1 45.2333333333333 0.611 0.522 2.1 14.8 8 16.5 1.2 1.9 12.6 31.4 119 101 22.6 9.7
"27" "26" 2005-12-28 23.98 "WAS" "" "PHO" "L" -5 1 37.3 0.323 0.304 0 11.7 6.4 28.2 5.2 0 13.9 33.1 72 98 6.8 -3.2
"28" "27" 2005-12-30 23.98 "WAS" "" "MIA" "L" -15 1 42.15 0.668 0.586 6.2 11.7 8.5 50.8 0 0 7.9 35.7 138 130 35.8 16
"29" "28" 2006-01-03 23.99 "WAS" "" "HOU" "L" -12 1 44.9333333333333 0.687 0.62 9.1 6.5 8 24.2 1.2 0 11.1 35.5 134 137 33.2 10.7
"30" "29" 2006-01-06 24 "WAS" "@" "NYK" "L" -21 1 34.1166666666667 0.545 0.528 3.3 0 1.8 26.4 4.5 0 16.5 32.3 98 120 13.9 2.7
"31" "30" 2006-01-07 24 "WAS" "" "BOS" "W" 1 1 45.6666666666667 0.598 0.389 0 11.7 4.9 25.7 4.4 0 18.8 30.3 109 104 23.7 5.2
"32" "31" 2006-01-09 24.01 "WAS" "" "UTA" "L" -8 1 33.1833333333333 0.401 0.382 3.5 12.1 7.5 41.6 6.3 0 22.3 31.6 77 98 8 -1.9
"33" "32" 2006-01-11 24.01 "WAS" "" "ATL" "W" 31 1 30.0666666666667 0.327 0.333 3.9 11.4 7.7 27.7 7.3 3 33.7 29.7 68 75 3.3 -6.5
"34" "33" 2006-01-13 24.02 "WAS" "@" "IND" "W" 9 1 44.7 0.766 0.694 2.9 7.9 5.5 42.7 2.5 0 11 29.8 148 101 33.8 16.9
"35" "34" 2006-01-14 24.02 "WAS" "@" "ATL" "W" 8 1 45.5666666666667 0.572 0.521 5.4 14.5 9.8 15.7 2.3 1.9 12.2 33.1 107 103 21.9 3.9
"36" "35" 2006-01-16 24.03 "WAS" "" "PHI" "W" 28 1 37.9333333333333 0.637 0.5 5.8 7.4 6.7 51.6 0 3.9 5.5 21.2 156 99 25.5 16.1
"37" "36" 2006-01-18 24.03 "WAS" "@" "ORL" "L" -8 1 44.2333333333333 0.438 0.3 0 6.4 2.9 17.7 1.2 3.7 14.3 29.7 87 119 8.8 -6.2
"38" "37" 2006-01-20 24.04 "WAS" "" "NOK" "W" 11 1 45.8666666666667 0.572 0.5 0 10.2 5.3 16.6 2.3 1.6 0 28.1 136 108 25.6 7
"39" "38" 2006-01-22 24.04 "WAS" "" "MEM" "L" -11 1 46.95 0.489 0.429 2.4 18.8 10.1 39.3 3.7 0 3.9 26.8 114 108 20.9 7.9
"40" "39" 2006-01-25 24.05 "WAS" "@" "BOS" "W" 2 1 41.4666666666667 0.409 0.333 5.4 9.6 7.3 18.6 1.3 0 7.9 26.7 97 103 10 -1.1
"41" "40" 2006-01-27 24.06 "WAS" "@" "CHI" "L" -11 1 48 0.506 0.412 0 10.4 5 16 0 0 15 24.1 105 110 10.2 -1.3
"42" "41" 2006-01-28 24.06 "WAS" "" "CHA" "W" 10 1 41.65 0.65 0.525 0 2.7 1.4 14.1 1.3 0 10.3 31.7 127 108 22.8 4.5
"43" "42" 2006-01-31 24.07 "WAS" "" "IND" "W" 5 1 42.8 0.581 0.567 0 7.2 3.7 23.3 3.8 0 14.9 22.8 106 88 15.5 6.2
"44" "43" 2006-02-01 24.07 "WAS" "@" "TOR" "L" -5 1 41.5166666666667 0.677 0.643 0 7.2 3.3 11.8 2.5 0 7.2 31 130 131 25 4.9
"45" "44" 2006-02-04 24.08 "WAS" "" "ATL" "W" 13 1 40.5833333333333 0.498 0.421 0 4.8 2.6 15.1 1.3 0 8.3 26.7 102 99 11.2 -0.8
"46" "45" 2006-02-06 24.08 "WAS" "" "ORL" "W" 12 1 44.5333333333333 0.411 0.313 0 9 4.1 32.5 5.1 0 6.7 33 96 94 15.9 3.6
"47" "46" 2006-02-08 24.09 "WAS" "" "GSW" "W" 5 1 42.6666666666667 0.643 0.458 3 12.5 7.6 29.6 0 0 12.5 38.1 132 128 31.6 2.1
"48" "47" 2006-02-10 24.1 "WAS" "" "CLE" "W" 12 1 46.6166666666667 0.57 0.5 0 17.9 10.3 40.1 2.4 5.2 15.1 35 113 98 26.2 10.9
"49" "48" 2006-02-12 24.1 "WAS" "" "PHI" "W" 10 1 39.05 0.625 0.4 2.9 5.9 4.3 19.2 3.8 0 15.6 27.1 121 100 20 4
"50" "49" 2006-02-13 24.1 "WAS" "@" "NOK" "L" -1 1 43.3833333333333 0.602 0.517 0 2.5 1.4 31.8 2.5 0 12.3 44.5 121 113 27.2 8.5
"51" "50" 2006-02-15 24.11 "WAS" "@" "DAL" "L" -6 1 45.15 0.244 0.182 0 5.1 2.4 10 0 3.4 19.6 29.6 54 119 -6.5 -19.1
"52" "51" 2006-02-21 24.13 "WAS" "" "MIN" "W" 12 1 43.4333333333333 0.663 0.63 5.8 8.5 7.2 38 3.9 0 19 36.3 113 91 25.1 9.9
"53" "52" 2006-02-24 24.13 "WAS" "@" "CLE" "W" 8 1 46.9333333333333 0.53 0.476 2.4 9.7 6.1 28.9 3.4 0 7.5 26.6 120 102 20.9 5.9
"54" "53" 2006-02-25 24.14 "WAS" "" "NYK" "W" 21 1 30.2666666666667 1.038 1.031 0 3.6 2 22.1 7 0 4.3 37.3 196 92 43.5 40.5
"55" "54" 2006-02-27 24.14 "WAS" "@" "MEM" "L" -10 1 44.7333333333333 0.716 0.667 0 4.5 1.7 20.3 2.4 2 7.2 30.2 138 121 28.1 11.3
"56" "55" 2006-03-01 24.15 "WAS" "" "IND" "L" -6 1 43.3 0.471 0.354 2.1 0 1.2 28.6 4.9 0 9.2 32.5 105 111 18.2 5.2
"57" "56" 2006-03-03 24.15 "WAS" "@" "PHI" "L" -6 1 45.35 0.53 0.46 2.4 2.9 2.6 28.8 4.4 0 6 29 128 120 24.9 8
"58" "57" 2006-03-05 24.16 "WAS" "" "SAC" "W" 10 1 40.3333333333333 0.549 0.471 0 2.8 1.5 22.5 2.6 0 12.5 26.1 117 115 14.6 -0.5
"59" "58" 2006-03-07 24.16 "WAS" "" "BOS" "L" -1 1 50.9666666666667 0.582 0.462 0 5.8 2.5 17.6 0 1.7 10.7 32.7 115 115 24 1.5
"60" "59" 2006-03-08 24.17 "WAS" "@" "MIA" "L" -6 1 46.4166666666667 0.571 0.524 0 0 0 14.4 2.2 0 7.5 24.8 122 129 17.3 1.3
"61" "60" 2006-03-11 24.18 "WAS" "" "DET" "W" 18 1 40.2333333333333 0.786 0.789 0 7.2 3.5 28.1 4.1 0 8.5 29.4 148 104 29.7 16.3
"62" "61" 2006-03-14 24.18 "WAS" "@" "CHA" "W" 5 1 45.2333333333333 0.713 0.605 0 4.9 2.7 26.2 0 0 14.4 26.3 132 118 25 3
"63" "62" 2006-03-15 24.19 "WAS" "" "CHA" "W" 8 1 38.1 0.794 0.765 3.3 7.6 5.7 23.8 2.6 0 21.9 31.1 129 105 24.1 8.8
"64" "63" 2006-03-17 24.19 "WAS" "" "DAL" "L" -10 1 47.3666666666667 0.601 0.579 0 16.9 7.6 14 1.2 0 15.6 24.4 113 125 15.5 0.4
"65" "64" 2006-03-19 24.2 "WAS" "" "CHI" "W" 9 1 38.7166666666667 0.591 0.5 0 6 3.2 33.9 2.5 0 10.9 30.4 122 108 20.8 4.6
"66" "65" 2006-03-21 24.2 "WAS" "" "NJN" "L" -12 1 45.9333333333333 0.55 0.382 2.6 9.5 5.7 28.1 1.2 0 11.7 25 123 129 17.9 1
"67" "66" 2006-03-23 24.21 "WAS" "@" "UTA" "W" 12 1 45.2 0.675 0.684 0 10.1 5.2 20.1 0 1.6 17.9 28.6 120 110 19.3 5.2
"68" "67" 2006-03-25 24.21 "WAS" "@" "LAC" "L" -15 1 38.05 0.435 0.344 6.9 10.5 8.3 27 1.3 0 9.3 22.6 105 120 13.1 0.9
"69" "68" 2006-03-27 24.22 "WAS" "@" "GSW" "W" 18 1 43.4666666666667 0.77 0.705 0 7.4 3.7 38.4 4.7 1.9 13.4 31 146 104 37.2 17.7
"70" "" 2006-03-28 24.22 "WAS" "@" "SAC" "W" 13 NA NA NA NA NA NA NA NA NA NA NA NA NA NA NA NA
"71" "69" 2006-03-31 24.23 "WAS" "@" "HOU" "L" -2 1 44.5666666666667 0.468 0.354 2.4 0 1.4 39 4.7 0 6.5 31.6 112 110 21.8 4.3
"72" "70" 2006-04-01 24.23 "WAS" "@" "SAS" "L" -7 1 45.3333333333333 0.619 0.556 0 0 0 30.8 2.3 0 13.8 31.1 116 120 21.2 4.2
"73" "71" 2006-04-04 24.24 "WAS" "" "NYK" "W" 15 1 31.15 0.553 0.45 0 17.1 8.4 67.1 10 0 20.3 21.6 120 82 20.1 15.5
"74" "72" 2006-04-05 24.24 "WAS" "@" "BOS" "W" 17 1 43 0.745 0.75 0 24.8 11.9 30.4 4.7 0 10.5 30 140 92 34.4 18.2
"75" "73" 2006-04-07 24.25 "WAS" "@" "ATL" "L" -13 1 42.4 0.61 0.519 4.2 11.9 7.4 33.7 3.7 0 19.2 39.4 115 118 26.2 11.8
"76" "74" 2006-04-08 24.25 "WAS" "" "MIA" "L" -13 1 40.6833333333333 0.716 0.676 2.9 9.3 6 28.8 1.3 0 22.3 31.2 115 109 18.3 6.5
"77" "75" 2006-04-10 24.26 "WAS" "@" "PHI" "L" -8 1 45.8 0.512 0.364 0 7.3 3.6 27.7 3.3 0 8.8 33.8 105 111 21.7 4.3
"78" "76" 2006-04-12 24.26 "WAS" "@" "MIL" "L" -3 1 45.85 0.526 0.5 2.5 9.5 5.6 25.6 3.4 0 20.2 28 98 108 13.6 0.7
"79" "77" 2006-04-14 24.27 "WAS" "@" "CHI" "L" -2 1 44.9833333333333 0.489 0.438 4.5 8.2 6.2 4.2 2.2 0 12 40.5 95 112 16.8 -2.2
"80" "78" 2006-04-16 24.27 "WAS" "" "CLE" "W" 12 1 43.95 0.593 0.558 0 5.9 2.6 21.2 1.2 0 9.2 32.4 118 104 21.7 4.6
"81" "79" 2006-04-18 24.28 "WAS" "" "MIL" "W" 13 1 46.15 0.664 0.542 0 3 1.3 19.6 4.7 0 8.5 34.4 140 115 33.8 11.3
"82" "80" 2006-04-19 24.28 "WAS" "@" "DET" "W" 16 1 38.0166666666667 0.429 0.353 7.7 7 7.4 28.8 2.7 0 16 28 94 88 11.3 2.2
"1" "1" 2006-11-01 24.82 "WAS" "@" "CLE" "L" -3 1 38.15 0.272 0.208 2.9 12.6 7.6 41.3 2.8 0 23.7 21.1 72 106 5 -4.5
"2" "2" 2006-11-04 24.83 "WAS" "" "BOS" "W" 7 1 39.95 0.727 0.66 2.8 0 1.7 27.5 2.5 0 9 36.2 138 124 33.6 11.9
"3" "3" 2006-11-06 24.83 "WAS" "@" "ORL" "L" -3 1 40.5333333333333 0.475 0.325 3 3.3 3.2 24.6 5.2 0 19.2 34.6 96 115 13.6 -1.9
"4" "4" 2006-11-08 24.84 "WAS" "" "IND" "W" 26 1 32.35 0.835 0.8 0 3 1.7 25.6 4.4 0 7.7 34.4 153 93 34.1 22.3
"5" "5" 2006-11-10 24.84 "WAS" "" "MIL" "W" 5 1 44.6166666666667 0.568 0.477 2.6 9.6 6.2 41.8 1.1 0 7.3 27.2 128 118 24.2 3.7
"6" "6" 2006-11-12 24.85 "WAS" "" "NJN" "L" -12 1 42.8166666666667 0.456 0.348 8.8 12.1 10.2 24.2 0 0 6.8 31.4 104 111 14.4 2.3
"7" "7" 2006-11-15 24.86 "WAS" "@" "NYK" "L" -20 1 34.95 0.453 0.263 0 9.4 4.5 42.6 2.9 0 14.1 36.1 90 108 11.1 1.6
"8" "8" 2006-11-17 24.86 "WAS" "@" "DET" "L" -9 1 37.8333333333333 0.442 0.375 10.6 10.8 10.7 24.3 2.9 0 15 32.4 97 113 11.2 -0.1
"9" "9" 2006-11-18 24.87 "WAS" "" "CLE" "W" 12 1 39.3 0.825 0.795 6 9.9 7.8 32 2.7 0 3.5 31.8 174 111 41.1 28.6
"10" "10" 2006-11-21 24.87 "WAS" "@" "DAL" "L" -27 1 36.4333333333333 0.486 0.4 2.9 12.2 7.9 17.4 2.9 0 9.1 41.3 97 115 14.9 5.9
"11" "11" 2006-11-22 24.88 "WAS" "@" "HOU" "L" -4 1 42.0833333333333 0.447 0.385 2 13 6.8 42.3 5 2.3 3.3 32.2 100 90 21 15.4
"12" "12" 2006-11-24 24.88 "WAS" "@" "MEM" "L" -15 1 31.8333333333333 0.106 0.083 0 0 0 27.8 1.7 0 22 25.3 35 109 -6.6 -17.5
"13" "13" 2006-11-25 24.88 "WAS" "" "DET" "L" -4 1 45.5 0.607 0.55 5.1 11.7 8.2 32.5 2.3 0 23.3 28.3 111 122 19.8 4.3
"14" "14" 2006-11-28 24.89 "WAS" "" "ATL" "W" 1 1 41.65 0.476 0.421 3.3 9.8 7 35.2 3.7 0 29 35.8 79 102 8.9 -7.4
"15" "15" 2006-12-01 24.9 "WAS" "" "CHA" "W" 12 1 35.8833333333333 0.653 0.6 7 11.1 9 42.8 2.7 0 19.2 36.7 123 112 26.7 8.2
"16" "16" 2006-12-02 24.9 "WAS" "@" "CHI" "L" -18 1 21.6833333333333 0.392 0.364 0 0 0 27.3 0 0 13.6 31.1 77 132 1.6 -10
"17" "17" 2006-12-04 24.91 "WAS" "" "DAL" "W" 9 1 39.6 0.632 0.574 0 5.1 2.6 36.2 1.4 0 6.2 35.3 138 112 29.1 15.4
"18" "18" 2006-12-06 24.92 "WAS" "@" "NYK" "W" 11 1 38.45 0.669 0.667 0 8 4.6 20.2 4 0 6.6 36.8 131 107 27.5 12.7
"19" "19" 2006-12-08 24.92 "WAS" "@" "PHI" "W" 15 1 38.1666666666667 0.693 0.65 3.2 7.6 5.2 14.4 1.4 0 17.8 34.2 121 112 20.2 3
"20" "20" 2006-12-09 24.92 "WAS" "" "HOU" "L" -5 1 40.3666666666667 0.574 0.55 0 4.6 1.6 42.6 3.8 0 10.1 41.2 116 121 26.2 13.2
"21" "21" 2006-12-13 24.93 "WAS" "" "DEN" "W" 29 1 41.7833333333333 0.647 0.548 0 12.1 6 17.7 4.7 0 10.2 30.2 128 89 27.8 10.5
"22" "22" 2006-12-15 24.94 "WAS" "" "MIA" "W" 11 1 39.2833333333333 0.527 0.522 3.2 13 8.6 25.5 4.1 0 16.3 36 100 104 16.5 -0.9
"23" "23" 2006-12-17 24.95 "WAS" "@" "LAL" "W" 6 1 49 0.684 0.609 0 18 9.7 33.8 1.9 0 6.4 41.4 139 124 47.8 11.7
"24" "24" 2006-12-18 24.95 "WAS" "@" "DEN" "L" -9 1 42.8 0.383 0.383 3.7 15 8.5 23.9 2.1 0 11.8 29.3 84 112 10.1 -3.8
"25" "25" 2006-12-21 24.96 "WAS" "@" "SAC" "W" 7 1 45.55 0.575 0.5 2.2 17.2 9.2 21.4 3.1 0 10.3 24.9 130 114 24.4 5.6
"26" "26" 2006-12-22 24.96 "WAS" "@" "PHO" "W" 5 1 47.5666666666667 0.681 0.649 0 6.6 3.6 14.6 1 0 9.2 39 131 125 35.2 7.8
"27" "27" 2006-12-26 24.97 "WAS" "" "MEM" "W" 15 1 32.8666666666667 0.891 0.808 0 0 0 34.2 0 0 14.7 26.5 159 113 26.6 13
"28" "28" 2006-12-27 24.97 "WAS" "@" "CHA" "W" 7 1 45.0666666666667 0.749 0.658 0 13.6 7.9 33.6 1.1 0 18.7 32.2 129 110 29.7 9.2
"29" "29" 2006-12-29 24.98 "WAS" "" "ORL" "W" 1 1 46.2333333333333 0.56 0.442 6.9 19.1 13.7 27.3 2.2 0 5.9 34.1 128 118 29 4.7
"30" "30" 2006-12-30 24.98 "WAS" "@" "MIL" "L" -17 1 41.95 0.386 0.364 0 5.2 2.5 17.3 1.2 1.7 16.9 30.6 78 132 4.8 -10.7
"31" "31" 2007-01-03 24.99 "WAS" "" "MIL" "W" 3 1 43.9166666666667 0.588 0.56 9.9 17.4 13.7 26.6 4.5 0 15.5 30.5 117 102 28 8.3
"32" "32" 2007-01-05 25 "WAS" "" "LAC" "W" 11 1 42.8333333333333 0.611 0.558 2.7 14.9 9 41.6 4.4 1.5 9.5 31.4 124 100 33.8 11.9
"33" "33" 2007-01-07 25 "WAS" "@" "TOR" "L" -5 1 44.9166666666667 0.584 0.421 2.6 7.8 5.2 7.8 0 0 12.4 31.6 114 125 17.9 -2.2
"34" "34" 2007-01-10 25.01 "WAS" "" "CHI" "W" 10 1 41.65 0.512 0.375 0 3.1 1.4 17.9 2.5 0 13.3 23.9 107 116 11.6 -3.2
"35" "35" 2007-01-12 25.02 "WAS" "@" "NOK" "L" -7 1 40.0166666666667 0.474 0.316 3.3 11.2 7.1 31 5.4 0 17.1 34.1 101 112 17.1 2
"36" "36" 2007-01-13 25.02 "WAS" "@" "SAS" "L" -13 1 34.3333333333333 0.383 0.325 0 3.9 1.4 22.5 2.9 0 18.4 32.4 73 102 3.6 -2.8
"37" "37" 2007-01-15 25.02 "WAS" "" "UTA" "W" 3 1 41.3166666666667 0.699 0.603 2.7 5.5 4.1 32.8 1.3 0 2.7 41.2 153 129 39.5 19.3
"38" "38" 2007-01-17 25.03 "WAS" "" "NYK" "W" 1 1 44.1 0.457 0.286 2.2 20.7 10.8 12.2 0 3.3 10.2 19.9 99 103 12.7 -3.8
"39" "39" 2007-01-19 25.04 "WAS" "@" "ORL" "W" 21 1 40.75 0.663 0.625 6.5 13.9 9.4 23.4 2.6 0 0 23.4 163 103 27.9 15.4
"40" "40" 2007-01-20 25.04 "WAS" "" "BOS" "W" 5 1 47.6666666666667 0.409 0.423 2.9 13.9 8.4 23 2.2 0 13 29.5 86 111 11.3 -6.2
"41" "41" 2007-01-23 25.05 "WAS" "" "PHO" "L" -22 1 39.4833333333333 0.543 0.5 2.7 15.7 8 22 1.3 0 6.6 34 116 135 19.9 3.8
"42" "42" 2007-01-26 25.05 "WAS" "@" "DET" "W" 3 1 48 0.441 0.407 0 14.3 7.2 40 1.2 0 3.4 29.8 106 116 17.7 2.4
"43" "43" 2007-01-28 25.06 "WAS" "@" "BOS" "W" 14 1 37.4 0.54 0.438 5.7 9 7.3 23.1 5.5 0 12.4 27.8 120 94 19.3 6.7
"44" "44" 2007-01-30 25.07 "WAS" "" "DET" "W" 5 1 44.2666666666667 0.712 0.625 2.9 21 11 43.9 0 0 7.3 28.9 149 116 33 15.4
"45" "45" 2007-01-31 25.07 "WAS" "@" "TOR" "L" -10 1 41.7666666666667 0.566 0.474 0 13.9 6.6 21.4 1.2 0 11.2 30.6 109 126 17.2 -2.1
"46" "46" 2007-02-03 25.08 "WAS" "" "LAL" "L" -16 1 42.0333333333333 0.507 0.362 0 17.3 6.5 20.1 1.2 0 7.6 38.2 113 126 21 3.5
"47" "47" 2007-02-05 25.08 "WAS" "" "SEA" "W" 10 1 44.3333333333333 0.445 0.357 5 9 6.9 26.6 2.3 0 10 18.8 115 116 14 -1.8
"48" "48" 2007-02-07 25.09 "WAS" "" "SAS" "L" -27 1 40.2166666666667 0.519 0.438 2.1 13.3 6.4 7 5.5 2.1 9.7 32.9 110 119 19.7 11.6
"49" "49" 2007-02-11 25.1 "WAS" "" "POR" "L" -21 1 33.2833333333333 0.276 0.2 3.7 17 9.9 12.7 1.7 0 23.5 31.4 53 106 -2.6 -14
"50" "50" 2007-02-14 25.11 "WAS" "@" "PHI" "W" 7 1 39.1 0.373 0.327 5.5 15 10.4 5.3 2.8 0 6.3 35.9 85 95 8.5 -4.4
"51" "51" 2007-02-20 25.12 "WAS" "" "MIN" "W" 12 1 44.1166666666667 0.621 0.521 3.3 14.8 9.9 16.8 2.3 0 6.1 32.8 128 103 28.5 5.3
"52" "52" 2007-02-22 25.13 "WAS" "" "SAC" "W" 3 1 44.7333333333333 0.729 0.614 6 13.1 9.8 29.9 3.1 0 23.4 35 123 102 32.6 10.1
"53" "53" 2007-02-23 25.13 "WAS" "@" "CHI" "L" -15 1 44.1333333333333 0.688 0.6 0 16.6 8.8 16.3 0 0 13.3 31.7 122 117 24.2 6.7
"54" "54" 2007-02-25 25.14 "WAS" "@" "MIN" "L" -4 1 39.5166666666667 0.367 0.205 0 11 5.3 26.9 0 1.5 9.9 33.6 86 111 7.7 -6.6
"55" "55" 2007-02-27 25.14 "WAS" "@" "NJN" "L" -12 1 41.9833333333333 0.436 0.34 0 17.1 8.2 11.8 1.2 0 11.8 36.7 86 124 9.4 -10.1
"56" "56" 2007-02-28 25.15 "WAS" "" "MIA" "L" -9 1 44.3 0.322 0.167 4.7 11.8 8.2 16.8 0 0 7.9 26.7 79 115 5.3 -10.4
"57" "57" 2007-03-02 25.15 "WAS" "" "ATL" "W" 1 1 38.2666666666667 0.567 0.533 2.7 12.2 7.1 12.9 2.9 0 23 25 97 104 10.7 -1.1
"58" "58" 2007-03-04 25.16 "WAS" "" "GSW" "W" 1 1 39.0166666666667 0.659 0.526 0 12.3 6.4 28.5 1.2 1.8 11 29.4 129 108 25.1 7.9
"59" "59" 2007-03-06 25.16 "WAS" "" "TOR" "W" 20 1 26.5 0.847 0.885 0 0 0 37.9 3.8 0 16.9 26.7 147 114 20.7 15.7
"60" "60" 2007-03-07 25.16 "WAS" "@" "ATL" "L" -3 1 38.8666666666667 0.622 0.526 0 16.2 7.6 19.1 5.1 2.1 8.2 26.4 128 97 23.7 13.5
"61" "61" 2007-03-10 25.17 "WAS" "" "NYK" "L" -1 1 45.45 0.648 0.464 0 11.7 6.7 13.4 3.6 0 13.5 23.4 123 99 19.6 7
"62" "62" 2007-03-11 25.18 "WAS" "@" "MIA" "L" -2 1 42.6333333333333 0.703 0.531 2.7 7 5 28 1.3 1.8 11.3 28.4 146 119 27.5 13.3
"63" "63" 2007-03-14 25.18 "WAS" "@" "IND" "W" 16 1 36.9 0.631 0.568 0 15.1 7.8 38.6 2.7 2.2 9.8 38 125 97 28 14.2
"64" "64" 2007-03-17 25.19 "WAS" "" "NOK" "W" 22 1 34.9666666666667 0.727 0.667 0 7 3.7 39.5 3 0 8.8 29.3 155 111 28.1 14.7
"65" "65" 2007-03-20 25.2 "WAS" "@" "POR" "L" -2 1 38.3 0.446 0.25 0 8.5 4.3 44.8 1.3 1.8 12.4 28 97 101 15.2 1.3
"66" "66" 2007-03-21 25.2 "WAS" "@" "SEA" "W" 2 1 38.2333333333333 0.717 0.667 0 10.9 5.6 38.7 2.7 1.8 6.4 36.7 141 111 34.4 20.2
"67" "67" 2007-03-23 25.21 "WAS" "@" "GSW" "L" -7 1 38.6666666666667 0.591 0.548 0 13.8 6.2 43.8 8 0 14 27.8 128 113 29.2 11.3
"68" "68" 2007-03-24 25.21 "WAS" "@" "LAC" "L" -6 1 39.45 0.488 0.38 0 15.2 6.7 36 2.6 0 6.1 36 108 115 20.4 3.4
"69" "69" 2007-03-26 25.22 "WAS" "@" "UTA" "L" -6 1 42.9666666666667 0.582 0.45 0 7.4 3.7 11.1 3.5 0 9.8 31.9 111 106 19.9 4.4
"70" "70" 2007-03-28 25.22 "WAS" "" "PHI" "W" 3 1 32.45 0.585 0.464 0 10.1 5.5 9.5 0 0 10.5 25.4 116 113 10.9 -5
"71" "71" 2007-03-30 25.23 "WAS" "" "TOR" "L" -5 1 42.8333333333333 0.466 0.362 4.3 4.9 4.6 31.1 1.1 0 0 35.9 110 115 22.4 4.3
"72" "72" 2007-04-01 25.23 "WAS" "@" "MIL" "W" 14 1 40.9 0.586 0.536 3.4 2.8 3 28.6 1.2 0 11 19.9 126 117 15.9 -1.2
"73" "73" 2007-04-03 25.24 "WAS" "@" "CHA" "L" -20 1 39.05 0.535 0.5 2.6 10.2 5.9 32.5 2.5 0 3.1 33.6 123 124 23.5 9.7
"74" "74" 2007-04-04 25.24 "WAS" "" "CHA" "L" -8 0 1.85 NA NA 0 66.5 31.6 0 0 0 NA 0 0 113 0.3 -8.6
"75" "" 2007-04-06 25.25 "WAS" "" "CLE" "L" -5 NA NA NA NA NA NA NA NA NA NA NA NA NA NA NA NA
"76" "" 2007-04-07 25.25 "WAS" "@" "NJN" "L" -6 NA NA NA NA NA NA NA NA NA NA NA NA NA NA NA NA
"77" "" 2007-04-10 25.26 "WAS" "" "NJN" "L" -4 NA NA NA NA NA NA NA NA NA NA NA NA NA NA NA NA
"78" "" 2007-04-11 25.26 "WAS" "@" "MIA" "L" -3 NA NA NA NA NA NA NA NA NA NA NA NA NA NA NA NA
"79" "" 2007-04-13 25.27 "WAS" "@" "ATL" "W" 13 NA NA NA NA NA NA NA NA NA NA NA NA NA NA NA NA
"80" "" 2007-04-15 25.27 "WAS" "" "CHI" "L" -33 NA NA NA NA NA NA NA NA NA NA NA NA NA NA NA NA
"81" "" 2007-04-17 25.28 "WAS" "" "ORL" "L" -6 NA NA NA NA NA NA NA NA NA NA NA NA NA NA NA NA
"82" "" 2007-04-18 25.28 "WAS" "@" "IND" "W" 3 NA NA NA NA NA NA NA NA NA NA NA NA NA NA NA NA
"1" "1" 2007-10-31 25.82 "WAS" "@" "IND" "L" -9 1 43.8333333333333 0.51 0.42 1.9 18 8.6 15.2 1.1 0 13 33.9 102 110 17 1.4
"2" "2" 2007-11-02 25.82 "WAS" "@" "BOS" "L" -20 1 40.2333333333333 0.417 0.263 0 14.5 6.6 16.2 2.5 0 13.7 30.1 84 105 8.9 0
"3" "3" 2007-11-03 25.82 "WAS" "" "ORL" "L" -12 1 39.3 0.333 0.333 0 8.9 3.8 29.4 2.7 0 28.6 22.7 62 106 1.4 -8.3
"4" "4" 2007-11-08 25.84 "WAS" "@" "NJN" "L" -2 1 42.5666666666667 0.523 0.471 0 12.2 5.9 32.1 0 0 23 29.6 88 104 9.7 -4
"5" "5" 2007-11-09 25.84 "WAS" "" "DEN" "L" -26 1 36.5833333333333 0.545 0.462 0 3.1 1.5 21.5 5.2 0 19.5 22.7 100 114 12 1.2
"6" "6" 2007-11-11 25.85 "WAS" "@" "ATL" "W" 11 1 39.1666666666667 0.444 0.333 0 10.4 5.2 23.1 4.1 0 16.5 26.8 93 96 11.5 0.1
"7" "7" 2007-11-14 25.85 "WAS" "" "IND" "W" 13 1 36.25 0.657 0.583 3.9 15 10.2 60.5 1.5 2.1 11.6 33.8 132 101 27.6 14.3
"8" "8" 2007-11-16 25.86 "WAS" "@" "MIN" "W" 16 1 38.3333333333333 0.624 0.553 0 12.5 6.6 34.9 5.3 0 24.4 34 106 89 20.7 8
"9" "" 2007-11-17 25.86 "WAS" "" "POR" "W" 19 NA NA NA NA NA NA NA NA NA NA NA NA NA NA NA NA
"10" "" 2007-11-20 25.87 "WAS" "" "PHI" "W" 15 NA NA NA NA NA NA NA NA NA NA NA NA NA NA NA NA
"11" "" 2007-11-21 25.87 "WAS" "@" "CHA" "W" 3 NA NA NA NA NA NA NA NA NA NA NA NA NA NA NA NA
"12" "" 2007-11-23 25.88 "WAS" "" "GSW" "L" -8 NA NA NA NA NA NA NA NA NA NA NA NA NA NA NA NA
"13" "" 2007-11-24 25.88 "WAS" "@" "MEM" "L" -6 NA NA NA NA NA NA NA NA NA NA NA NA NA NA NA NA
"14" "" 2007-11-26 25.89 "WAS" "@" "DAL" "W" 12 NA NA NA NA NA NA NA NA NA NA NA NA NA NA NA NA
"15" "" 2007-11-28 25.89 "WAS" "@" "SAS" "L" -15 NA NA NA NA NA NA NA NA NA NA NA NA NA NA NA NA
"16" "" 2007-11-30 25.9 "WAS" "@" "PHI" "L" -1 NA NA NA NA NA NA NA NA NA NA NA NA NA NA NA NA
"17" "" 2007-12-01 25.9 "WAS" "" "TOR" "W" 4 NA NA NA NA NA NA NA NA NA NA NA NA NA NA NA NA
"18" "" 2007-12-05 25.91 "WAS" "" "CLE" "W" 19 NA NA NA NA NA NA NA NA NA NA NA NA NA NA NA NA
"19" "" 2007-12-07 25.92 "WAS" "" "PHO" "L" -15 NA NA NA NA NA NA NA NA NA NA NA NA NA NA NA NA
"20" "" 2007-12-09 25.92 "WAS" "" "NJN" "W" 15 NA NA NA NA NA NA NA NA NA NA NA NA NA NA NA NA
"21" "" 2007-12-11 25.93 "WAS" "" "MIN" "W" 14 NA NA NA NA NA NA NA NA NA NA NA NA NA NA NA NA
"22" "" 2007-12-13 25.93 "WAS" "@" "MIA" "W" 13 NA NA NA NA NA NA NA NA NA NA NA NA NA NA NA NA
"23" "" 2007-12-15 25.94 "WAS" "" "SAC" "W" 13 NA NA NA NA NA NA NA NA NA NA NA NA NA NA NA NA
"24" "" 2007-12-19 25.95 "WAS" "" "CHI" "L" -11 NA NA NA NA NA NA NA NA NA NA NA NA NA NA NA NA
"25" "" 2007-12-21 25.96 "WAS" "" "ATL" "L" -5 NA NA NA NA NA NA NA NA NA NA NA NA NA NA NA NA
"26" "" 2007-12-22 25.96 "WAS" "@" "IND" "L" -8 NA NA NA NA NA NA NA NA NA NA NA NA NA NA NA NA
"27" "" 2007-12-26 25.97 "WAS" "@" "CHA" "W" 4 NA NA NA NA NA NA NA NA NA NA NA NA NA NA NA NA
"28" "" 2007-12-28 25.98 "WAS" "@" "NJN" "L" -3 NA NA NA NA NA NA NA NA NA NA NA NA NA NA NA NA
"29" "" 2007-12-29 25.98 "WAS" "" "MIA" "W" 22 NA NA NA NA NA NA NA NA NA NA NA NA NA NA NA NA
"30" "" 2008-01-02 25.99 "WAS" "" "DET" "L" -13 NA NA NA NA NA NA NA NA NA NA NA NA NA NA NA NA
"31" "" 2008-01-04 25.99 "WAS" "@" "MIL" "W" 24 NA NA NA NA NA NA NA NA NA NA NA NA NA NA NA NA
"32" "" 2008-01-06 26 "WAS" "" "SEA" "W" 22 NA NA NA NA NA NA NA NA NA NA NA NA NA NA NA NA
"33" "" 2008-01-08 26.01 "WAS" "" "HOU" "L" -8 NA NA NA NA NA NA NA NA NA NA NA NA NA NA NA NA
"34" "" 2008-01-11 26.01 "WAS" "@" "ATL" "W" 4 NA NA NA NA NA NA NA NA NA NA NA NA NA NA NA NA
"35" "" 2008-01-12 26.02 "WAS" "" "BOS" "W" 7 NA NA NA NA NA NA NA NA NA NA NA NA NA NA NA NA
"36" "" 2008-01-14 26.02 "WAS" "@" "BOS" "W" 5 NA NA NA NA NA NA NA NA NA NA NA NA NA NA NA NA
"37" "" 2008-01-15 26.02 "WAS" "@" "NYK" "L" -12 NA NA NA NA NA NA NA NA NA NA NA NA NA NA NA NA
"38" "" 2008-01-18 26.03 "WAS" "" "NYK" "W" 13 NA NA NA NA NA NA NA NA NA NA NA NA NA NA NA NA
"39" "" 2008-01-21 26.04 "WAS" "" "DAL" "W" 18 NA NA NA NA NA NA NA NA NA NA NA NA NA NA NA NA
"40" "" 2008-01-23 26.05 "WAS" "@" "CLE" "L" -36 NA NA NA NA NA NA NA NA NA NA NA NA NA NA NA NA
"41" "" 2008-01-25 26.05 "WAS" "" "MEM" "W" 11 NA NA NA NA NA NA NA NA NA NA NA NA NA NA NA NA
"42" "" 2008-01-27 26.06 "WAS" "@" "MIL" "L" -3 NA NA NA NA NA NA NA NA NA NA NA NA NA NA NA NA
"43" "" 2008-01-29 26.06 "WAS" "" "TOR" "W" 4 NA NA NA NA NA NA NA NA NA NA NA NA NA NA NA NA
"44" "" 2008-01-30 26.07 "WAS" "@" "TOR" "L" -39 NA NA NA NA NA NA NA NA NA NA NA NA NA NA NA NA
"45" "" 2008-02-01 26.07 "WAS" "" "UTA" "L" -9 NA NA NA NA NA NA NA NA NA NA NA NA NA NA NA NA
"46" "" 2008-02-03 26.08 "WAS" "" "LAL" "L" -12 NA NA NA NA NA NA NA NA NA NA NA NA NA NA NA NA
"47" "" 2008-02-05 26.08 "WAS" "@" "PHI" "L" -5 NA NA NA NA NA NA NA NA NA NA NA NA NA NA NA NA
"48" "" 2008-02-06 26.08 "WAS" "" "SAS" "L" -8 NA NA NA NA NA NA NA NA NA NA NA NA NA NA NA NA
"49" "" 2008-02-08 26.09 "WAS" "@" "DEN" "L" -11 NA NA NA NA NA NA NA NA NA NA NA NA NA NA NA NA
"50" "" 2008-02-10 26.1 "WAS" "@" "PHO" "L" -1 NA NA NA NA NA NA NA NA NA NA NA NA NA NA NA NA
"51" "" 2008-02-11 26.1 "WAS" "@" "GSW" "L" -3 NA NA NA NA NA NA NA NA NA NA NA NA NA NA NA NA
"52" "" 2008-02-13 26.1 "WAS" "@" "LAC" "W" 2 NA NA NA NA NA NA NA NA NA NA NA NA NA NA NA NA
"53" "" 2008-02-19 26.12 "WAS" "" "NYK" "L" -13 NA NA NA NA NA NA NA NA NA NA NA NA NA NA NA NA
"54" "" 2008-02-22 26.13 "WAS" "@" "CLE" "L" -1 NA NA NA NA NA NA NA NA NA NA NA NA NA NA NA NA
"55" "" 2008-02-23 26.13 "WAS" "" "CHA" "W" 15 NA NA NA NA NA NA NA NA NA NA NA NA NA NA NA NA
"56" "" 2008-02-25 26.14 "WAS" "@" "NOH" "W" 3 NA NA NA NA NA NA NA NA NA NA NA NA NA NA NA NA
"57" "" 2008-02-26 26.14 "WAS" "@" "HOU" "L" -25 NA NA NA NA NA NA NA NA NA NA NA NA NA NA NA NA
"58" "" 2008-02-29 26.15 "WAS" "@" "CHI" "W" 6 NA NA NA NA NA NA NA NA NA NA NA NA NA NA NA NA
"59" "" 2008-03-02 26.15 "WAS" "" "NOH" "W" 17 NA NA NA NA NA NA NA NA NA NA NA NA NA NA NA NA
"60" "" 2008-03-05 26.16 "WAS" "" "ORL" "L" -30 NA NA NA NA NA NA NA NA NA NA NA NA NA NA NA NA
"61" "" 2008-03-07 26.17 "WAS" "@" "TOR" "W" 4 NA NA NA NA NA NA NA NA NA NA NA NA NA NA NA NA
"62" "" 2008-03-08 26.17 "WAS" "" "CHA" "L" -3 NA NA NA NA NA NA NA NA NA NA NA NA NA NA NA NA
"63" "" 2008-03-11 26.18 "WAS" "" "MIL" "W" 8 NA NA NA NA NA NA NA NA NA NA NA NA NA NA NA NA
"64" "" 2008-03-13 26.18 "WAS" "" "CLE" "W" 2 NA NA NA NA NA NA NA NA NA NA NA NA NA NA NA NA
"65" "" 2008-03-15 26.19 "WAS" "" "LAC" "W" 10 NA NA NA NA NA NA NA NA NA NA NA NA NA NA NA NA
"66" "" 2008-03-17 26.19 "WAS" "" "ATL" "L" -9 NA NA NA NA NA NA NA NA NA NA NA NA NA NA NA NA
"67" "" 2008-03-19 26.2 "WAS" "@" "ORL" "W" 1 NA NA NA NA NA NA NA NA NA NA NA NA NA NA NA NA
"68" "" 2008-03-21 26.21 "WAS" "@" "MIA" "W" 17 NA NA NA NA NA NA NA NA NA NA NA NA NA NA NA NA
"69" "" 2008-03-23 26.21 "WAS" "" "DET" "W" 12 NA NA NA NA NA NA NA NA NA NA NA NA NA NA NA NA
"70" "" 2008-03-25 26.22 "WAS" "@" "POR" "L" -20 NA NA NA NA NA NA NA NA NA NA NA NA NA NA NA NA
"71" "" 2008-03-26 26.22 "WAS" "@" "SEA" "W" 5 NA NA NA NA NA NA NA NA NA NA NA NA NA NA NA NA
"72" "" 2008-03-28 26.22 "WAS" "@" "SAC" "W" 6 NA NA NA NA NA NA NA NA NA NA NA NA NA NA NA NA
"73" "" 2008-03-30 26.23 "WAS" "@" "LAL" "L" -6 NA NA NA NA NA NA NA NA NA NA NA NA NA NA NA NA
"74" "" 2008-03-31 26.23 "WAS" "@" "UTA" "L" -42 NA NA NA NA NA NA NA NA NA NA NA NA NA NA NA NA
"75" "9" 2008-04-02 26.24 "WAS" "" "MIL" "L" -1 0 19.7833333333333 0.704 0.667 0 6.4 3.2 15.7 0 0 24.9 37.8 107 124 9.2 -3.3
"76" "10" 2008-04-04 26.24 "WAS" "" "MIA" "W" 14 0 20.1666666666667 0.597 0.55 23.8 13.6 18.3 66.9 0 0 8.4 30.2 155 125 14.9 13.1
"77" "" 2008-04-05 26.25 "WAS" "@" "CHI" "W" 12 NA NA NA NA NA NA NA NA NA NA NA NA NA NA NA NA
"78" "11" 2008-04-09 26.26 "WAS" "" "BOS" "W" 14 0 24.35 0.437 0.393 0 4.8 2.4 19.6 8.8 0 6.3 31.1 94 95 9.4 3.4
"79" "12" 2008-04-11 26.26 "WAS" "@" "DET" "L" -28 0 19.1666666666667 0.47 0.313 4.5 7.4 5.6 13.9 0 0 15.8 30 92 126 3.7 -3.6
"80" "13" 2008-04-12 26.27 "WAS" "" "PHI" "W" 16 0 25.1 0.672 0.643 0 33.5 15.9 35.9 4.4 0 11.8 30.7 137 99 17.8 14.6
"81" "" 2008-04-14 26.27 "WAS" "" "IND" "W" 7 NA NA NA NA NA NA NA NA NA NA NA NA NA NA NA NA
"82" "" 2008-04-16 26.28 "WAS" "@" "ORL" "L" -20 NA NA NA NA NA NA NA NA NA NA NA NA NA NA NA NA
"1" "" 2008-10-29 26.81 "WAS" "" "NJN" "L" -10 NA NA NA NA NA NA NA NA NA NA NA NA NA NA NA NA
"2" "" 2008-11-01 26.82 "WAS" "@" "DET" "L" -8 NA NA NA NA NA NA NA NA NA NA NA NA NA NA NA NA
"3" "" 2008-11-05 26.83 "WAS" "@" "MIL" "L" -8 NA NA NA NA NA NA NA NA NA NA NA NA NA NA NA NA
"4" "" 2008-11-07 26.84 "WAS" "" "NYK" "L" -6 NA NA NA NA NA NA NA NA NA NA NA NA NA NA NA NA
"5" "" 2008-11-08 26.84 "WAS" "@" "ORL" "L" -25 NA NA NA NA NA NA NA NA NA NA NA NA NA NA NA NA
"6" "" 2008-11-12 26.85 "WAS" "" "UTA" "W" 8 NA NA NA NA NA NA NA NA NA NA NA NA NA NA NA NA
"7" "" 2008-11-14 26.86 "WAS" "@" "MIA" "L" -20 NA NA NA NA NA NA NA NA NA NA NA NA NA NA NA NA
"8" "" 2008-11-18 26.87 "WAS" "" "MIA" "L" -7 NA NA NA NA NA NA NA NA NA NA NA NA NA NA NA NA
"9" "" 2008-11-19 26.87 "WAS" "@" "ATL" "L" -4 NA NA NA NA NA NA NA NA NA NA NA NA NA NA NA NA
"10" "" 2008-11-21 26.88 "WAS" "" "HOU" "L" -12 NA NA NA NA NA NA NA NA NA NA NA NA NA NA NA NA
"11" "" 2008-11-22 26.88 "WAS" "@" "NYK" "L" -5 NA NA NA NA NA NA NA NA NA NA NA NA NA NA NA NA
"12" "" 2008-11-25 26.89 "WAS" "" "GSW" "W" 24 NA NA NA NA NA NA NA NA NA NA NA NA NA NA NA NA
"13" "" 2008-11-27 26.89 "WAS" "" "ORL" "L" -15 NA NA NA NA NA NA NA NA NA NA NA NA NA NA NA NA
"14" "" 2008-11-29 26.9 "WAS" "" "ATL" "L" -4 NA NA NA NA NA NA NA NA NA NA NA NA NA NA NA NA
"15" "" 2008-12-02 26.91 "WAS" "@" "NJN" "W" 20 NA NA NA NA NA NA NA NA NA NA NA NA NA NA NA NA
"16" "" 2008-12-03 26.91 "WAS" "" "POR" "L" -6 NA NA NA NA NA NA NA NA NA NA NA NA NA NA NA NA
"17" "" 2008-12-05 26.92 "WAS" "" "LAL" "L" -2 NA NA NA NA NA NA NA NA NA NA NA NA NA NA NA NA
"18" "" 2008-12-06 26.92 "WAS" "@" "CHI" "L" -7 NA NA NA NA NA NA NA NA NA NA NA NA NA NA NA NA
"19" "" 2008-12-09 26.93 "WAS" "" "DET" "W" 13 NA NA NA NA NA NA NA NA NA NA NA NA NA NA NA NA
"20" "" 2008-12-11 26.93 "WAS" "" "BOS" "L" -34 NA NA NA NA NA NA NA NA NA NA NA NA NA NA NA NA
"21" "" 2008-12-13 26.94 "WAS" "@" "PHI" "L" -15 NA NA NA NA NA NA NA NA NA NA NA NA NA NA NA NA
"22" "" 2008-12-15 26.94 "WAS" "" "IND" "L" -20 NA NA NA NA NA NA NA NA NA NA NA NA NA NA NA NA
"23" "" 2008-12-17 26.95 "WAS" "@" "DET" "L" -14 NA NA NA NA NA NA NA NA NA NA NA NA NA NA NA NA
"24" "" 2008-12-19 26.95 "WAS" "" "PHI" "L" -6 NA NA NA NA NA NA NA NA NA NA NA NA NA NA NA NA
"25" "" 2008-12-21 26.96 "WAS" "" "DAL" "L" -11 NA NA NA NA NA NA NA NA NA NA NA NA NA NA NA NA
"26" "" 2008-12-23 26.96 "WAS" "@" "CHA" "L" -8 NA NA NA NA NA NA NA NA NA NA NA NA NA NA NA NA
"27" "" 2008-12-25 26.97 "WAS" "@" "CLE" "L" -4 NA NA NA NA NA NA NA NA NA NA NA NA NA NA NA NA
"28" "" 2008-12-27 26.98 "WAS" "" "OKC" "W" 9 NA NA NA NA NA NA NA NA NA NA NA NA NA NA NA NA
"29" "" 2008-12-29 26.98 "WAS" "@" "HOU" "W" 2 NA NA NA NA NA NA NA NA NA NA NA NA NA NA NA NA
"30" "" 2008-12-30 26.98 "WAS" "@" "NOH" "L" -12 NA NA NA NA NA NA NA NA NA NA NA NA NA NA NA NA
"31" "" 2009-01-02 26.99 "WAS" "@" "BOS" "L" -25 NA NA NA NA NA NA NA NA NA NA NA NA NA NA NA NA
"32" "" 2009-01-04 27 "WAS" "" "CLE" "W" 3 NA NA NA NA NA NA NA NA NA NA NA NA NA NA NA NA
"33" "" 2009-01-06 27 "WAS" "@" "ORL" "L" -9 NA NA NA NA NA NA NA NA NA NA NA NA NA NA NA NA
"34" "" 2009-01-07 27 "WAS" "" "TOR" "L" -6 NA NA NA NA NA NA NA NA NA NA NA NA NA NA NA NA
"35" "" 2009-01-09 27.01 "WAS" "@" "CHI" "L" -12 NA NA NA NA NA NA NA NA NA NA NA NA NA NA NA NA
"36" "" 2009-01-10 27.01 "WAS" "" "CHA" "L" -3 NA NA NA NA NA NA NA NA NA NA NA NA NA NA NA NA
"37" "" 2009-01-12 27.02 "WAS" "" "MIL" "L" -6 NA NA NA NA NA NA NA NA NA NA NA NA NA NA NA NA
"38" "" 2009-01-14 27.02 "WAS" "@" "NYK" "L" -6 NA NA NA NA NA NA NA NA NA NA NA NA NA NA NA NA
"39" "" 2009-01-16 27.03 "WAS" "" "NYK" "W" 7 NA NA NA NA NA NA NA NA NA NA NA NA NA NA NA NA
"40" "" 2009-01-19 27.04 "WAS" "@" "GSW" "L" -21 NA NA NA NA NA NA NA NA NA NA NA NA NA NA NA NA
"41" "" 2009-01-21 27.04 "WAS" "@" "SAC" "W" 3 NA NA NA NA NA NA NA NA NA NA NA NA NA NA NA NA
"42" "" 2009-01-22 27.04 "WAS" "@" "LAL" "L" -20 NA NA NA NA NA NA NA NA NA NA NA NA NA NA NA NA
"43" "" 2009-01-24 27.05 "WAS" "@" "POR" "L" -13 NA NA NA NA NA NA NA NA NA NA NA NA NA NA NA NA
"44" "" 2009-01-26 27.05 "WAS" "" "PHO" "L" -16 NA NA NA NA NA NA NA NA NA NA NA NA NA NA NA NA
"45" "" 2009-01-28 27.06 "WAS" "@" "MIA" "L" -22 NA NA NA NA NA NA NA NA NA NA NA NA NA NA NA NA
"46" "" 2009-01-30 27.07 "WAS" "@" "PHI" "L" -10 NA NA NA NA NA NA NA NA NA NA NA NA NA NA NA NA
"47" "" 2009-01-31 27.07 "WAS" "" "LAC" "W" 12 NA NA NA NA NA NA NA NA NA NA NA NA NA NA NA NA
"48" "" 2009-02-02 27.07 "WAS" "" "MEM" "L" -16 NA NA NA NA NA NA NA NA NA NA NA NA NA NA NA NA
"49" "" 2009-02-04 27.08 "WAS" "" "NJN" "L" -27 NA NA NA NA NA NA NA NA NA NA NA NA NA NA NA NA
"50" "" 2009-02-06 27.08 "WAS" "" "DEN" "L" -21 NA NA NA NA NA NA NA NA NA NA NA NA NA NA NA NA
"51" "" 2009-02-08 27.09 "WAS" "" "IND" "W" 2 NA NA NA NA NA NA NA NA NA NA NA NA NA NA NA NA
"52" "" 2009-02-10 27.1 "WAS" "@" "ATL" "L" -21 NA NA NA NA NA NA NA NA NA NA NA NA NA NA NA NA
"53" "" 2009-02-11 27.1 "WAS" "@" "CHA" "L" -12 NA NA NA NA NA NA NA NA NA NA NA NA NA NA NA NA
"54" "" 2009-02-17 27.12 "WAS" "" "MIN" "W" 8 NA NA NA NA NA NA NA NA NA NA NA NA NA NA NA NA
"55" "" 2009-02-20 27.12 "WAS" "@" "NJN" "W" 11 NA NA NA NA NA NA NA NA NA NA NA NA NA NA NA NA
"56" "" 2009-02-21 27.13 "WAS" "" "SAS" "L" -31 NA NA NA NA NA NA NA NA NA NA NA NA NA NA NA NA
"57" "" 2009-02-25 27.14 "WAS" "" "PHI" "L" -8 NA NA NA NA NA NA NA NA NA NA NA NA NA NA NA NA
"58" "" 2009-02-27 27.14 "WAS" "" "CHI" "W" 23 NA NA NA NA NA NA NA NA NA NA NA NA NA NA NA NA
"59" "" 2009-02-28 27.15 "WAS" "@" "MIL" "L" -16 NA NA NA NA NA NA NA NA NA NA NA NA NA NA NA NA
"60" "" 2009-03-02 27.15 "WAS" "" "ATL" "L" -9 NA NA NA NA NA NA NA NA NA NA NA NA NA NA NA NA
"61" "" 2009-03-04 27.16 "WAS" "@" "OKC" "L" -5 NA NA NA NA NA NA NA NA NA NA NA NA NA NA NA NA
"62" "" 2009-03-06 27.16 "WAS" "@" "SAS" "L" -22 NA NA NA NA NA NA NA NA NA NA NA NA NA NA NA NA
"63" "" 2009-03-07 27.16 "WAS" "@" "DAL" "L" -16 NA NA NA NA NA NA NA NA NA NA NA NA NA NA NA NA
"64" "" 2009-03-09 27.17 "WAS" "@" "MIN" "W" 11 NA NA NA NA NA NA NA NA NA NA NA NA NA NA NA NA
"65" "" 2009-03-11 27.18 "WAS" "" "NOH" "L" -11 NA NA NA NA NA NA NA NA NA NA NA NA NA NA NA NA
"66" "" 2009-03-13 27.18 "WAS" "" "ORL" "L" -9 NA NA NA NA NA NA NA NA NA NA NA NA NA NA NA NA
"67" "" 2009-03-15 27.19 "WAS" "" "SAC" "W" 2 NA NA NA NA NA NA NA NA NA NA NA NA NA NA NA NA
"68" "" 2009-03-17 27.19 "WAS" "@" "UTA" "L" -15 NA NA NA NA NA NA NA NA NA NA NA NA NA NA NA NA
"69" "" 2009-03-18 27.19 "WAS" "@" "LAC" "L" -15 NA NA NA NA NA NA NA NA NA NA NA NA NA NA NA NA
"70" "" 2009-03-20 27.2 "WAS" "@" "DEN" "L" -11 NA NA NA NA NA NA NA NA NA NA NA NA NA NA NA NA
"71" "" 2009-03-21 27.2 "WAS" "@" "PHO" "L" -32 NA NA NA NA NA NA NA NA NA NA NA NA NA NA NA NA
"72" "" 2009-03-23 27.21 "WAS" "" "CHI" "L" -2 NA NA NA NA NA NA NA NA NA NA NA NA NA NA NA NA
"73" "" 2009-03-25 27.21 "WAS" "" "CHA" "W" 2 NA NA NA NA NA NA NA NA NA NA NA NA NA NA NA NA
"74" "1" 2009-03-28 27.22 "WAS" "" "DET" "L" -2 1 29.4333333333333 0.483 0.333 4.1 7.8 6 54.2 0 0 6.1 26.6 117 117 13.9 2.3
"75" "" 2009-03-29 27.22 "WAS" "@" "IND" "L" -9 NA NA NA NA NA NA NA NA NA NA NA NA NA NA NA NA
"76" "" 2009-04-01 27.23 "WAS" "@" "MEM" "L" -5 NA NA NA NA NA NA NA NA NA NA NA NA NA NA NA NA
"77" "2" 2009-04-02 27.24 "WAS" "" "CLE" "W" 8 1 33.2333333333333 0.379 0.273 0 20.6 10.6 39.4 0 2.7 0 20.7 107 114 12 -0.5
"78" "" 2009-04-04 27.24 "WAS" "" "MIA" "L" -14 NA NA NA NA NA NA NA NA NA NA NA NA NA NA NA NA
"79" "" 2009-04-08 27.25 "WAS" "@" "CLE" "L" -12 NA NA NA NA NA NA NA NA NA NA NA NA NA NA NA NA
"80" "" 2009-04-10 27.26 "WAS" "@" "TOR" "W" 2 NA NA NA NA NA NA NA NA NA NA NA NA NA NA NA NA
"81" "" 2009-04-13 27.27 "WAS" "" "TOR" "L" -1 NA NA NA NA NA NA NA NA NA NA NA NA NA NA NA NA
"82" "" 2009-04-15 27.27 "WAS" "@" "BOS" "L" -8 NA NA NA NA NA NA NA NA NA NA NA NA NA NA NA NA
"1" "1" 2009-10-27 27.81 "WAS" "@" "DAL" "W" 11 1 38.3333333333333 0.581 0.5 0 5.2 2.8 42.6 0 0 10.7 33.8 118 110 20.6 5.7
"2" "2" 2009-10-30 27.81 "WAS" "@" "ATL" "L" -11 1 37.6666666666667 0.484 0.477 2.9 3 2.9 21.7 2.8 0 22.8 38.2 79 111 8.8 -2.2
"3" "3" 2009-10-31 27.82 "WAS" "" "NJN" "W" 19 1 29.35 0.875 0.808 0 4.1 2.4 34.4 1.8 0 14.1 34.4 160 118 28.5 14.7
"4" "4" 2009-11-03 27.82 "WAS" "@" "CLE" "L" -12 1 38.7 0.482 0.417 0 17.7 9.6 33.9 0 0 11.6 32 99 118 12.4 -1.2
"5" "5" 2009-11-04 27.83 "WAS" "" "MIA" "L" -4 1 37.8333333333333 0.476 0.37 0 3.5 1.6 19.4 2.9 0 8.2 43.7 101 107 16.1 5.2
"6" "6" 2009-11-06 27.83 "WAS" "@" "IND" "L" -16 1 35.0833333333333 0.553 0.55 0 5.9 2.8 26.2 1.4 0 20.3 17.6 99 111 7.7 -3.3
"7" "7" 2009-11-08 27.84 "WAS" "" "PHO" "L" -12 1 36.0166666666667 0.413 0.364 2.6 15.1 8.4 32.4 0 0 14.2 32.4 86 109 7.4 -5.8
"8" "8" 2009-11-10 27.84 "WAS" "@" "MIA" "L" -14 1 42.15 0.446 0.425 0 15.4 7.6 43.3 3.8 0 33.8 39.2 68 98 5.5 -4
"9" "9" 2009-11-14 27.85 "WAS" "" "DET" "L" -3 1 40.4 0.503 0.5 0 15.5 8.2 42.9 2.6 1.9 9.6 23.4 115 112 17.5 5.4
"10" "10" 2009-11-18 27.87 "WAS" "" "CLE" "W" 17 1 32.3166666666667 0.365 0.295 3.3 19 10.6 43.9 1.6 0 7.5 35.5 95 100 10.6 -1.9
"11" "11" 2009-11-20 27.87 "WAS" "@" "OKC" "L" -19 1 36.9 0.471 0.375 2.8 7.4 4.8 32.6 4 0 10.9 30 110 126 16.3 1.7
"12" "12" 2009-11-21 27.87 "WAS" "@" "SAS" "L" -22 1 32.0666666666667 0.446 0.417 0 20 8.7 17.1 1.6 0 12.9 32.2 81 115 7.4 -4.1
"13" "13" 2009-11-24 27.88 "WAS" "" "PHI" "W" 1 1 39.6833333333333 0.485 0.429 0 7.7 3.9 26.3 1.3 1.8 25.5 24.8 92 122 9.8 -7
"14" "14" 2009-11-27 27.89 "WAS" "@" "MIA" "W" 10 1 27.2666666666667 0.605 0.571 0 8.4 4.2 25.2 2 3.1 21.2 15.9 113 98 9.5 4.3
"15" "15" 2009-11-28 27.89 "WAS" "" "CHA" "L" -16 1 32.8833333333333 0.273 0.273 0 7.1 3.7 34.2 0 0 15.4 19.6 66 111 1.1 -10.2
"16" "16" 2009-12-01 27.9 "WAS" "@" "TOR" "W" 4 1 38.6 0.573 0.5 0 11.1 5.3 35.8 1.3 2 5 23.2 127 109 20.3 7.1
"17" "17" 2009-12-02 27.9 "WAS" "" "MIL" "W" 2 1 37.7333333333333 0.442 0.438 0 5.7 3.3 45.3 0 0 13.9 36 87 108 10.9 -6.8
"18" "18" 2009-12-04 27.91 "WAS" "" "TOR" "L" -2 1 38.9 0.585 0.558 2.5 5.8 4 21.9 0 0 3.3 34.5 128 119 21.8 8.8
"19" "19" 2009-12-06 27.92 "WAS" "@" "DET" "L" -4 1 31.7333333333333 0.405 0.333 4 17.2 11.1 46.2 0 2.4 23.3 18.5 97 109 7.1 -3.4
"20" "20" 2009-12-10 27.93 "WAS" "" "BOS" "L" -2 1 41.55 0.488 0.522 3 6.4 4.7 32.7 0 0 13.5 31.8 96 117 12.6 -2.2
"21" "21" 2009-12-12 27.93 "WAS" "" "IND" "L" -1 1 35.3333333333333 0.477 0.45 7.2 23.1 16 43.8 2.8 0 14.8 33.7 110 114 18.3 -0.4
"22" "22" 2009-12-14 27.94 "WAS" "@" "LAC" "L" -2 1 34.0166666666667 0.457 0.321 2.9 9.2 6 46.4 5.9 0 25.5 28.8 89 96 10.9 0.1
"23" "23" 2009-12-16 27.94 "WAS" "@" "SAC" "L" -3 1 38.4666666666667 0.605 0.523 4.9 11.9 8.1 26.3 2.6 0 12.8 33.2 123 116 23.2 7.8
"24" "24" 2009-12-18 27.95 "WAS" "@" "GSW" "W" 9 1 43.1166666666667 0.702 0.68 2.9 4.7 3.9 49.4 0 1.7 13.5 33.7 135 109 36.8 13.6
"25" "25" 2009-12-19 27.95 "WAS" "@" "PHO" "L" -26 1 24.2833333333333 0.449 0.357 3.7 14.5 8.4 29.4 4 2.7 7.5 46.5 96 115 12.1 8.2
"26" "26" 2009-12-22 27.96 "WAS" "" "PHI" "W" 7 1 34.1 0.623 0.604 3.1 28.2 14.1 13.6 0 0 3.9 35.2 125 109 21.8 6.6
"27" "27" 2009-12-23 27.96 "WAS" "@" "MIL" "W" 12 1 32.1166666666667 0.514 0.393 0 11.5 7.5 52.4 3 0 28.5 36.5 90 98 12.2 -2.7
"28" "28" 2009-12-26 27.97 "WAS" "@" "MIN" "L" -12 1 42.3666666666667 0.418 0.375 5.1 9.9 7.9 49.3 0 0 18.4 40.1 82 108 10.2 -3.9
"29" "29" 2009-12-28 27.98 "WAS" "@" "MEM" "L" -5 1 46.4333333333333 0.558 0.558 0 11.1 4.8 20.9 5.6 0 13 29.1 106 107 19.9 6.1
"30" "30" 2009-12-29 27.98 "WAS" "" "OKC" "L" -12 1 40.4333333333333 0.541 0.5 0 26.8 10.3 34.5 3.8 3.9 11.9 27 109 110 20.7 10.7
"31" "31" 2010-01-02 27.99 "WAS" "" "SAS" "L" -11 1 35 0.444 0.42 0 12.5 5.6 51.5 0 0 3.7 38.2 98 114 13.8 2.4
"32" "32" 2010-01-05 28 "WAS" "@" "PHI" "W" 7 1 37.7166666666667 0.513 0.433 0 3.3 1.7 53.4 2.7 0 9.7 25.4 117 106 18.6 4.4
"33" "" 2010-01-06 28 "WAS" "@" "CLE" "L" -23 NA NA NA NA NA NA NA NA NA NA NA NA NA NA NA NA
"34" "" 2010-01-08 28.01 "WAS" "" "ORL" "W" 7 NA NA NA NA NA NA NA NA NA NA NA NA NA NA NA NA
"35" "" 2010-01-10 28.01 "WAS" "" "NOH" "L" -5 NA NA NA NA NA NA NA NA NA NA NA NA NA NA NA NA
"36" "" 2010-01-12 28.02 "WAS" "" "DET" "L" -9 NA NA NA NA NA NA NA NA NA NA NA NA NA NA NA NA
"37" "" 2010-01-13 28.02 "WAS" "@" "ATL" "L" -12 NA NA NA NA NA NA NA NA NA NA NA NA NA NA NA NA
"38" "" 2010-01-15 28.02 "WAS" "@" "CHI" "L" -2 NA NA NA NA NA NA NA NA NA NA NA NA NA NA NA NA
"39" "" 2010-01-16 28.03 "WAS" "" "SAC" "W" 10 NA NA NA NA NA NA NA NA NA NA NA NA NA NA NA NA
"40" "" 2010-01-18 28.03 "WAS" "" "POR" "W" 5 NA NA NA NA NA NA NA NA NA NA NA NA NA NA NA NA
"1" "" 2010-10-28 28.81 "WAS" "@" "ORL" "L" -29 NA NA NA NA NA NA NA NA NA NA NA NA NA NA NA NA
"2" "" 2010-10-30 28.81 "WAS" "@" "ATL" "L" -4 NA NA NA NA NA NA NA NA NA NA NA NA NA NA NA NA
"3" "" 2010-11-02 28.82 "WAS" "" "PHI" "W" 1 NA NA NA NA NA NA NA NA NA NA NA NA NA NA NA NA
"4" "1" 2010-11-05 28.83 "WAS" "@" "NYK" "L" -21 0 26.3166666666667 0.628 0.615 0 4.4 2.3 7.9 1.9 0 0 24.3 134 117 12.1 8.5
"5" "2" 2010-11-06 28.83 "WAS" "" "CLE" "L" -5 0 25.2 0.468 0.423 0 5 2.4 18.2 3.9 3 12.6 27.3 92 106 7.8 -0.6
"6" "3" 2010-11-10 28.84 "WAS" "" "HOU" "W" 7 0 23.1166666666667 0.317 0.214 0 9.2 4.4 16.9 0 3.1 20.2 17.9 71 102 0.3 -11.4
"7" "4" 2010-11-12 28.85 "WAS" "" "CHA" "L" -8 0 31.55 0.179 0.179 3.4 23.1 11.7 18.5 3.6 2.9 22.2 26.7 45 104 -1.1 -15.7
"8" "5" 2010-11-13 28.85 "WAS" "@" "CHI" "L" -7 0 31.55 0.656 0.659 6.8 14.5 10.5 26.2 3.3 0 17.9 36.7 114 109 19 13.2
"9" "6" 2010-11-16 28.86 "WAS" "" "TOR" "W" 15 1 31.7 0.635 0.607 0 20.8 12.8 26.4 1.6 0 16 27.2 121 100 15.3 2
"10" "7" 2010-11-17 28.86 "WAS" "@" "BOS" "L" -31 1 31.2166666666667 0.379 0.364 3.3 10.6 6.1 5.8 5.5 0 25.2 23.3 69 129 1.5 -9.7
"11" "8" 2010-11-19 28.87 "WAS" "" "MEM" "W" 3 1 39.1833333333333 0.619 0.533 0 9.4 4.5 25.2 1.4 3.6 20.5 28.6 109 99 15.8 6.5
"12" "9" 2010-11-21 28.87 "WAS" "@" "DET" "L" -5 1 42.8 0.528 0.528 3.1 8.3 5.8 53.8 0 0 25 26.9 106 124 14.4 -2.3
"13" "10" 2010-11-23 28.88 "WAS" "" "PHI" "W" 2 1 41.9833333333333 0.504 0.469 0 8.6 4.1 24.9 1.2 3.2 32.2 25.2 80 111 6.8 -5.5
"14" "11" 2010-11-25 28.88 "WAS" "@" "ATL" "L" -20 1 38.3 0.543 0.5 0 18.8 8.6 39.7 4.1 0 4.9 23.1 123 117 19.4 9.1
"15" "12" 2010-11-27 28.89 "WAS" "" "ORL" "L" -1 1 36.5166666666667 0.532 0.413 0 16 7.7 27.2 0 2.3 6.4 39.4 121 117 19.8 1.6
"16" "13" 2010-11-29 28.9 "WAS" "@" "MIA" "L" -11 1 41.1333333333333 0.526 0.5 0 15.8 6.9 33.3 2.4 0 4.4 24.3 115 109 18.5 8.8
"17" "14" 2010-12-01 28.9 "WAS" "@" "TOR" "L" -19 1 29.25 0.277 0.1 0 9.4 4 13.5 3.4 0 13.7 21.4 62 129 1.9 -13.6
"18" "15" 2010-12-03 28.91 "WAS" "" "POR" "W" 4 0 29.7833333333333 0.433 0.375 0 6 3.4 47.6 0 2.2 22.4 35.8 82 103 4.3 -7.3
"19" "16" 2010-12-05 28.91 "WAS" "@" "PHO" "L" -17 0 31.6666666666667 0.521 0.538 0 3.9 1.9 25.3 1.6 2.5 0 18.4 126 131 12.3 2.9
"20" "17" 2010-12-07 28.92 "WAS" "@" "LAL" "L" -7 1 37.6 0.599 0.529 0 5.4 3.2 18.4 2.8 0 26.7 32 94 129 10.7 -8.9
"21" "18" 2010-12-08 28.92 "WAS" "@" "SAC" "L" -25 1 40.5166666666667 0.484 0.412 2.6 6.1 4.2 19.8 0 0 20.3 25.8 91 127 7 -8
"22" "19" 2010-12-10 28.93 "WAS" "" "NYK" "L" -6 1 38.9333333333333 0.556 0.556 0 10.3 4.6 30.9 5.1 2.2 18.2 24.2 97 99 14.8 5
"23" "20" 2010-12-14 28.94 "WAS" "" "LAL" "L" -14 1 35.3833333333333 0.367 0.367 0 7 3 44.9 1.6 2.5 6.3 20.1 101 121 9.6 1.6
"24" "21" 2010-12-16 28.94 "WAS" "@" "NJN" "L" -8 1 42.6166666666667 0.5 0.5 0 7.3 3.8 46.1 2.3 0 17.4 23.5 94 102 11.7 1.1
"25" "" 2010-12-18 28.95 "ORL" "" "PHI" "L" -8 NA NA NA NA NA NA NA NA NA NA NA NA NA NA NA NA
"26" "22" 2010-12-20 28.95 "ORL" "@" "ATL" "L" -10 0 26.6833333333333 0.367 0.227 0 4 2 25.2 0 0 12.8 28.6 73 108 1.5 -8.3
"27" "23" 2010-12-21 28.96 "ORL" "" "DAL" "L" -6 0 17.65 0.167 0.167 0 16.5 7 30.8 0 0 25 21.1 54 119 -2.4 -18.1
"28" "24" 2010-12-23 28.96 "ORL" "" "SAS" "W" 22 0 28.7166666666667 0.5 0.5 0 19.7 11.8 37.6 1.7 0 17.6 27.2 104 102 11.9 1.2
"29" "25" 2010-12-25 28.97 "ORL" "" "BOS" "W" 8 0 24.5333333333333 0.253 0.278 0 18.2 9.3 16.2 4.3 3.1 16.8 23.3 52 79 1.2 -3.1
"30" "26" 2010-12-27 28.97 "ORL" "@" "NJN" "W" 16 0 20.5166666666667 0.5 0.5 5.4 20.8 13.3 23.7 2.5 0 25 26.9 88 94 5.1 -5
"31" "27" 2010-12-28 28.98 "ORL" "@" "CLE" "W" 15 0 31.8333333333333 0.712 0.7 0 25.8 12.9 59.4 4.6 0 24.5 29.2 124 92 21 13.7
"32" "28" 2010-12-30 28.98 "ORL" "" "NYK" "W" 9 0 20.1 0.5 0.5 0 0 0 45.6 5 4 23.1 26.5 104 102 7.7 8.9
"33" "29" 2011-01-03 28.99 "ORL" "" "GSW" "W" 20 0 26.2 0.5 0.5 0 0 0 12.7 1.9 2.8 21.4 24 82 99 5 -4.8
"34" "30" 2011-01-05 29 "ORL" "" "MIL" "W" 10 0 13.0333333333333 0.333 0.333 0 7.5 4 0 0 0 10 35.9 60 103 -0.2 -11.7
"35" "31" 2011-01-07 29 "ORL" "" "HOU" "W" 15 0 23.7 0.405 0.333 0 16.9 9.8 20.8 2.1 3.2 16.8 22.2 88 95 5.4 -1.9
"36" "32" 2011-01-08 29.01 "ORL" "@" "DAL" "W" 10 0 21.4333333333333 0.549 0.545 0 19.8 9.3 7.3 4.8 0 19 33.5 89 110 7.3 -4.8
"37" "33" 2011-01-12 29.02 "ORL" "@" "NOH" "L" -3 0 14.4 0.4 0.4 6.9 7.8 7.4 25.7 3.9 0 28.6 23.6 74 94 2.3 -0.6
"38" "34" 2011-01-13 29.02 "ORL" "@" "OKC" "L" -1 0 19.0333333333333 0.507 0.5 0 7.9 3.2 37.7 0 0 0 20.1 134 142 6.4 0.4
"39" "35" 2011-01-15 29.02 "ORL" "@" "MIN" "W" 9 0 22.2833333333333 0.325 0.222 0 15.8 7.8 47.6 0 0 15.7 25.5 84 108 4.5 -6.4
"40" "36" 2011-01-17 29.03 "ORL" "@" "BOS" "L" -3 0 15.7333333333333 0.509 0.417 8.2 11.3 9.5 21.9 3.6 0 30.4 29.3 90 123 3.2 -3.5
"41" "37" 2011-01-19 29.04 "ORL" "" "PHI" "W" 1 0 13.1666666666667 0.25 0.25 0 7.9 4.2 13.4 0 0 20 18.5 49 100 -1.2 -12.4
"42" "38" 2011-01-21 29.04 "ORL" "" "TOR" "W" 40 0 21 0.595 0.5 0 4.2 2.2 42.7 0 0 14.5 14.3 142 91 8.5 9.1
"43" "39" 2011-01-22 29.04 "ORL" "@" "HOU" "W" 14 0 20.3 0.45 0.5 18.2 8.8 12.7 28.6 0 0 31.1 14.5 113 117 3.8 -4
"44" "40" 2011-01-24 29.05 "ORL" "" "DET" "L" -7 0 24.3666666666667 0.489 0.429 0 13.4 7 21.8 0 0 17.9 21.2 95 119 4.7 -5.9
"45" "41" 2011-01-26 29.05 "ORL" "@" "IND" "W" 15 0 21.2166666666667 0.68 0.6 0 14.8 7.8 18.6 2.4 0 33.8 19.4 102 100 5.1 0.5
"46" "42" 2011-01-28 29.06 "ORL" "@" "CHI" "L" -9 0 31.7166666666667 0.409 0.385 0 9.3 4.8 18.6 1.7 2.2 22.9 26 68 110 2.6 -8.2
"47" "" 2011-01-30 29.07 "ORL" "" "CLE" "W" 16 NA NA NA NA NA NA NA NA NA NA NA NA NA NA NA NA
"48" "43" 2011-01-31 29.07 "ORL" "@" "MEM" "L" -3 0 23.1166666666667 0.484 0.5 0 18.9 8.8 22.5 4.7 0 16.2 24.8 98 108 6.3 1.6
"49" "44" 2011-02-03 29.08 "ORL" "" "MIA" "L" -4 0 27.3333333333333 0.43 0.389 0 0 0 22.9 4 0 0 18.8 112 114 6.5 2.3
"50" "45" 2011-02-04 29.08 "ORL" "@" "WAS" "W" 18 0 24.6333333333333 0.388 0.333 3.9 22.1 12.4 34.2 4.1 2.6 18.9 27.1 91 89 8.5 0.8
"51" "46" 2011-02-06 29.08 "ORL" "@" "BOS" "L" -11 0 14.95 0 0 6.1 18.9 11.1 30.1 0 0 22.2 26 20 106 -5.1 -21.6
"52" "47" 2011-02-08 29.09 "ORL" "" "LAC" "W" 16 0 21.3666666666667 0.436 0.389 5.1 5.3 5.2 39.7 2.5 0 8.8 22.7 114 96 8 5.8
"53" "48" 2011-02-09 29.09 "ORL" "@" "PHI" "W" 4 0 17.5666666666667 0.143 0.143 0 11.2 6.4 25.4 2.9 0 30 26.9 38 101 -2.6 -18.4
"54" "49" 2011-02-11 29.1 "ORL" "" "NOH" "L" -6 0 18.8 0.533 0.444 0 5.9 3 39.6 5.4 0 16.2 30 101 102 8.6 6.1
"55" "50" 2011-02-13 29.1 "ORL" "" "LAL" "W" 14 0 19.7166666666667 0.286 0.286 0 20.3 12.2 22.7 2.9 0 36.4 27.8 52 85 -0.2 -10.8
"56" "51" 2011-02-16 29.11 "ORL" "" "WAS" "W" 25 0 24.6666666666667 0.167 0.167 4.4 3.9 4.1 32.4 2.1 0 33.3 17.1 60 86 -0.2 -8.9
"57" "52" 2011-02-23 29.13 "ORL" "" "SAC" "L" -6 0 21.9333333333333 0.273 0.273 0 0 0 13.1 0 0 15.4 24.8 58 119 -3.1 -19.1
"58" "53" 2011-02-25 29.14 "ORL" "" "OKC" "W" 23 0 17.2 0.253 0.182 0 10.1 5.6 31.5 0 4.5 14.4 37.1 67 99 0.8 -14.3
"59" "54" 2011-02-27 29.14 "ORL" "" "CHA" "W" 14 0 16.4833333333333 0.962 1 0 18.6 11.3 28.5 0 0 10.7 28.5 148 100 13.2 19.3
"60" "" 2011-03-01 29.15 "ORL" "" "NYK" "W" 6 NA NA NA NA NA NA NA NA NA NA NA NA NA NA NA NA
"61" "55" 2011-03-03 29.15 "ORL" "@" "MIA" "W" 3 0 15.6 0.698 0.643 0 0 0 24.8 0 0 27.6 36.4 101 118 5.7 1.3
"62" "56" 2011-03-04 29.16 "ORL" "" "CHI" "L" -8 0 14.5833333333333 0.237 0 0 0 0 21.2 0 0 13.7 25.3 57 114 -0.1 -10.5
"63" "57" 2011-03-07 29.16 "ORL" "" "POR" "L" -4 0 26.6 0.5 0.5 5 13.9 9.6 14 0 0 40 29.1 68 110 0.1 -12.4
"64" "58" 2011-03-09 29.17 "ORL" "@" "SAC" "W" 4 0 17.1666666666667 0.667 0.667 0 0 0 33.5 0 0 0 23.5 143 112 8.6 6.9
"65" "59" 2011-03-11 29.18 "ORL" "@" "GSW" "L" -3 0 17.2333333333333 0.694 0.5 0 14.3 7.5 0 0 0 0 18.9 160 130 7.5 -1.3
"66" "60" 2011-03-13 29.18 "ORL" "@" "PHO" "W" 23 0 27.3166666666667 0.656 0.6 4 13.3 9.1 5.8 5.5 0 7.6 20.4 135 87 13.6 9.5
"67" "61" 2011-03-14 29.18 "ORL" "@" "LAL" "L" -13 0 13.6166666666667 0 0 0 7.5 4.4 11 0 0 14.3 26.2 11 118 -5 -27.1
"68" "62" 2011-03-16 29.19 "ORL" "@" "MIL" "W" 4 0 19.8166666666667 0.417 0.417 0 0 0 19.3 0 0 0 14.9 119 111 3 -2.9
"69" "" 2011-03-18 29.19 "ORL" "" "DEN" "W" 3 NA NA NA NA NA NA NA NA NA NA NA NA NA NA NA NA
"70" "63" 2011-03-21 29.2 "ORL" "@" "CLE" "W" 11 0 17.8666666666667 0.313 0.313 6.7 6 6.3 17.5 2.9 0 33.3 30.1 56 96 -1.2 -16.3
"71" "64" 2011-03-23 29.21 "ORL" "@" "NYK" "W" 12 0 19.1833333333333 0.765 0.7 0 15.6 8.9 17 0 0 33.8 21.7 108 114 4.8 -3.4
"72" "65" 2011-03-25 29.21 "ORL" "" "NJN" "W" 10 0 27.2833333333333 0.083 0.083 5.5 9.5 7.6 10 4.2 6 14.3 26.2 33 95 -1.9 -14.9
"73" "66" 2011-03-28 29.22 "ORL" "@" "NYK" "L" -7 1 43.4166666666667 0.33 0.227 6 21.2 14 18.2 3.6 0 26.8 19.8 71 106 5.4 -4.9
"74" "67" 2011-03-30 29.23 "ORL" "@" "ATL" "L" -3 0 19.8166666666667 0 0 0 7.1 3.1 22.7 6 0 0 5.3 67 99 3 0.7
"75" "" 2011-04-01 29.23 "ORL" "" "CHA" "W" 12 NA NA NA NA NA NA NA NA NA NA NA NA NA NA NA NA
"76" "" 2011-04-03 29.24 "ORL" "@" "TOR" "L" -4 NA NA NA NA NA NA NA NA NA NA NA NA NA NA NA NA
"77" "68" 2011-04-05 29.24 "ORL" "" "MIL" "W" 6 0 16.4 0.577 0.333 0 0 0 0 3.2 0 0 14.7 132 81 4.1 2.6
"78" "69" 2011-04-06 29.25 "ORL" "@" "CHA" "W" 9 1 45.0666666666667 0.84 0.857 0 6.2 3.5 7.7 2.6 0 25.2 23.4 118 114 16.2 3.5
"79" "70" 2011-04-10 29.26 "ORL" "" "CHI" "L" -3 0 23.55 0.313 0.313 0 18.5 5.8 0 2.4 0 11.1 17.8 62 120 -0.4 -14
"80" "" 2011-04-11 29.26 "ORL" "@" "PHI" "W" 10 NA NA NA NA NA NA NA NA NA NA NA NA NA NA NA NA
"81" "" 2011-04-13 29.27 "ORL" "" "IND" "W" 18 NA NA NA NA NA NA NA NA NA NA NA NA NA NA NA NA
"1" "1" 2012-03-22 30.21 "MEM" "@" "POR" "L" -4 0 12.0166666666667 0.25 0.25 0 11.1 5.1 36.3 9 0 33.3 23 56 95 0.8 -5.7
"2" "2" 2012-03-24 30.21 "MEM" "@" "LAC" "L" -16 0 18.65 0.2 0.2 0 8 3.5 8.5 0 0 28.6 18 40 125 -3.3 -21.8
"3" "" 2012-03-25 30.22 "MEM" "@" "LAL" "W" 6 NA NA NA NA NA NA NA NA NA NA NA NA NA NA NA NA
"4" "" 2012-03-27 30.22 "MEM" "" "MIN" "W" 7 NA NA NA NA NA NA NA NA NA NA NA NA NA NA NA NA
"5" "" 2012-03-30 30.23 "MEM" "@" "HOU" "L" -9 NA NA NA NA NA NA NA NA NA NA NA NA NA NA NA NA
"6" "3" 2012-03-31 30.23 "MEM" "@" "MIL" "W" 4 0 16.6 0.286 0.286 6 29.5 17.9 18.5 0 0 0 17.3 90 98 1.9 -6.1
"7" "4" 2012-04-02 30.24 "MEM" "@" "OKC" "W" 6 0 19.6 0 0 0 0 0 7.2 5.5 0 0 4.6 26 95 0.5 -3.3
"8" "5" 2012-04-03 30.24 "MEM" "" "GSW" "W" 4 0 15.1 0.94 1.125 7.4 16.3 11.6 26.2 7 0 0 16.3 187 95 12.3 22.7
"9" "6" 2012-04-04 30.24 "MEM" "@" "DAL" "L" -10 0 11.2666666666667 0.667 0.667 0 21.8 10 0 0 0 0 25.8 121 110 4 2.4
"10" "7" 2012-04-06 30.25 "MEM" "@" "MIA" "W" 15 0 12.0666666666667 1.2 1.2 0 0 0 18 0 0 16.7 24 172 107 8.2 22.7
"11" "8" 2012-04-07 30.25 "MEM" "" "DAL" "W" 5 0 17.0333333333333 0.854 0.75 0 7.6 3.6 0 3.2 5.4 10.9 25.4 144 97 10.4 15.8
"12" "9" 2012-04-09 30.26 "MEM" "" "LAC" "W" 9 0 13.8166666666667 0.333 0.333 0 0 0 10.4 4.1 0 25 13.8 68 101 -0.2 -7.8
"13" "10" 2012-04-11 30.26 "MEM" "" "PHO" "W" 11 0 9.5 0 0 0 13 6.8 0 0 0 25 19.4 0 118 -2.8 -27.8
"14" "11" 2012-04-12 30.27 "MEM" "@" "SAS" "L" -10 0 15.7333333333333 0.5 0.5 0 0 0 0 0 0 25 21.8 74 121 0.2 -11.1
"15" "12" 2012-04-14 30.27 "MEM" "" "UTA" "W" 5 0 12.05 0.833 0.833 0 0 0 30.6 4.6 0 25 16.4 131 111 4.7 8.8
"16" "13" 2012-04-15 30.27 "MEM" "@" "NOH" "L" -13 0 10.7166666666667 1 1 0 0 0 55.8 10.5 0 0 13.3 207 88 8.1 35.1
"17" "14" 2012-04-17 30.28 "MEM" "@" "MIN" "W" 7 0 5.15 0 0 0 0 0 0 0 0 0 8.7 0 113 -0.7 -16.9
"18" "" 2012-04-18 30.28 "MEM" "" "NOH" "W" 12 NA NA NA NA NA NA NA NA NA NA NA NA NA NA NA NA
"19" "15" 2012-04-20 30.29 "MEM" "@" "CHA" "W" 5 0 1.21666666666667 NA NA 0 0 0 0 0 0 NA 0 0 99 0 -7.5
"20" "16" 2012-04-21 30.29 "MEM" "" "POR" "W" 4 0 7.48333333333333 0 0 0 14.9 7.1 16 0 0 25 24.6 15 107 -2.9 -31.1
"21" "" 2012-04-23 30.3 "MEM" "" "CLE" "W" 8 NA NA NA NA NA NA NA NA NA NA NA NA NA NA NA NA
"22" "17" 2012-04-26 30.3 "MEM" "" "ORL" "W" 12 0 12.8666666666667 0.129 0 0 17 9.4 21.9 0 0 0 15.1 56 94 -0.3 -12.2
