"Rk" "G" "Date" "Age" "Tm" "H/A" "Opp" "W/L" "By Amt" "GS" "MP" "TS%" "eFG%" "ORB%" "DRB%" "TRB%" "AST%" "STL%" "BLK%" "TOV%" "USG%" "ORtg" "DRtg" "GmSc" "BPM"
"1" "" 2010-10-26 21.35 "POR" "" "PHO" "W" 14 NA NA NA NA NA NA NA NA NA NA NA NA NA NA NA NA
"2" "" 2010-10-27 21.35 "POR" "@" "LAC" "W" 10 NA NA NA NA NA NA NA NA NA NA NA NA NA NA NA NA
"3" "" 2010-10-30 21.36 "POR" "@" "NYK" "W" 5 NA NA NA NA NA NA NA NA NA NA NA NA NA NA NA NA
"4" "1" 2010-11-01 21.37 "POR" "@" "CHI" "L" -12 0 4.4 1 1 0 0 0 0 0 0 50 20.2 76 132 0.7 -4.9
"5" "" 2010-11-02 21.37 "POR" "@" "MIL" "W" 14 NA NA NA NA NA NA NA NA NA NA NA NA NA NA NA NA
"6" "" 2010-11-04 21.38 "POR" "" "OKC" "L" -1 NA NA NA NA NA NA NA NA NA NA NA NA NA NA NA NA
"7" "2" 2010-11-06 21.38 "POR" "" "TOR" "W" 13 0 10.3666666666667 0.694 0.75 0 20.1 10.6 0 0 7.8 0 12.7 145 93 3.1 6
"8" "3" 2010-11-07 21.38 "POR" "@" "LAL" "L" -25 0 7.3 0 0 0 39.9 17.8 0 0 0 0 31.6 0 124 -3 -33.1
"9" "4" 2010-11-09 21.39 "POR" "" "DET" "W" 22 0 2.25 NA NA 0 0 0 0 0 0 NA 0 0 93 -0.4 -13.3
"10" "" 2010-11-12 21.4 "POR" "@" "OKC" "L" -2 NA NA NA NA NA NA NA NA NA NA NA NA NA NA NA NA
"11" "5" 2010-11-13 21.4 "POR" "@" "NOH" "L" -20 0 1.2 0 0 0 0 0 0 0 0 0 39.1 0 133 -0.7 -41.8
"12" "" 2010-11-16 21.41 "POR" "@" "MEM" "W" 1 NA NA NA NA NA NA NA NA NA NA NA NA NA NA NA NA
"13" "" 2010-11-18 21.41 "POR" "" "DEN" "W" 3 NA NA NA NA NA NA NA NA NA NA NA NA NA NA NA NA
"14" "6" 2010-11-20 21.42 "POR" "" "UTA" "L" -9 0 0.483333333333333 NA NA 0 0 0 0 0 0 NA 0 0 121 0 -6.2
"15" "7" 2010-11-26 21.44 "POR" "" "NOH" "L" -19 0 1.26666666666667 0 0 0 0 0 0 0 0 0 42 0 128 -0.7 -43
"16" "8" 2010-11-28 21.44 "POR" "@" "NJN" "L" -2 0 2.58333333333333 0 0 0 0 0 0 0 0 0 18 0 121 -0.7 -23.9
"17" "" 2010-11-30 21.45 "POR" "@" "PHI" "L" -9 NA NA NA NA NA NA NA NA NA NA NA NA NA NA NA NA
"18" "" 2010-12-01 21.45 "POR" "@" "BOS" "L" -4 NA NA NA NA NA NA NA NA NA NA NA NA NA NA NA NA
"19" "" 2010-12-03 21.45 "POR" "@" "WAS" "L" -4 NA NA NA NA NA NA NA NA NA NA NA NA NA NA NA NA
"20" "" 2010-12-05 21.46 "POR" "" "LAC" "W" 9 NA NA NA NA NA NA NA NA NA NA NA NA NA NA NA NA
"21" "" 2010-12-07 21.47 "POR" "" "PHO" "W" 7 NA NA NA NA NA NA NA NA NA NA NA NA NA NA NA NA
"22" "" 2010-12-09 21.47 "POR" "" "ORL" "W" 14 NA NA NA NA NA NA NA NA NA NA NA NA NA NA NA NA
"23" "" 2010-12-10 21.47 "POR" "@" "PHO" "W" 7 NA NA NA NA NA NA NA NA NA NA NA NA NA NA NA NA
"24" "" 2010-12-12 21.48 "POR" "@" "SAS" "L" -17 NA NA NA NA NA NA NA NA NA NA NA NA NA NA NA NA
"25" "" 2010-12-13 21.48 "POR" "@" "MEM" "L" -13 NA NA NA NA NA NA NA NA NA NA NA NA NA NA NA NA
"26" "" 2010-12-15 21.49 "POR" "@" "DAL" "L" -5 NA NA NA NA NA NA NA NA NA NA NA NA NA NA NA NA
"27" "" 2010-12-17 21.49 "POR" "" "MIN" "W" 5 NA NA NA NA NA NA NA NA NA NA NA NA NA NA NA NA
"28" "9" 2010-12-18 21.5 "POR" "" "GSW" "W" 1 0 11.1166666666667 0.276 0.2 11.4 9.8 10.5 0 4.8 0 15.5 27.6 62 102 0.5 -15.2
"29" "10" 2010-12-20 21.5 "POR" "" "MIL" "W" 26 0 17.75 0.5 0.5 0 6.6 3.5 17.5 0 0 0 16.4 124 104 4.3 -0.5
"30" "" 2010-12-25 21.52 "POR" "@" "GSW" "L" -7 NA NA NA NA NA NA NA NA NA NA NA NA NA NA NA NA
"31" "" 2010-12-27 21.52 "POR" "@" "UTA" "W" 5 NA NA NA NA NA NA NA NA NA NA NA NA NA NA NA NA
"32" "11" 2010-12-28 21.52 "POR" "@" "DEN" "L" -18 0 6.83333333333333 0.333 0.333 0 57 25.4 0 0 0 40 36 38 105 -0.8 -23.1
"33" "12" 2010-12-30 21.53 "POR" "" "UTA" "W" 11 0 1.16666666666667 0 0 0 0 0 0 0 0 0 79.7 0 107 -1.5 -81.7
"34" "13" 2011-01-02 21.54 "POR" "" "HOU" "W" 15 0 1.31666666666667 NA NA 82.9 84.8 83.8 0 0 0 NA 0 220 79 1 11.8
"35" "" 2011-01-04 21.54 "POR" "@" "DAL" "L" -3 NA NA NA NA NA NA NA NA NA NA NA NA NA NA NA NA
"36" "" 2011-01-05 21.55 "POR" "@" "HOU" "W" 3 NA NA NA NA NA NA NA NA NA NA NA NA NA NA NA NA
"37" "" 2011-01-07 21.55 "POR" "@" "MIN" "W" 10 NA NA NA NA NA NA NA NA NA NA NA NA NA NA NA NA
"38" "" 2011-01-09 21.56 "POR" "" "MIA" "L" -7 NA NA NA NA NA NA NA NA NA NA NA NA NA NA NA NA
"39" "" 2011-01-11 21.56 "POR" "" "NYK" "L" -14 NA NA NA NA NA NA NA NA NA NA NA NA NA NA NA NA
"40" "" 2011-01-14 21.57 "POR" "@" "PHO" "L" -4 NA NA NA NA NA NA NA NA NA NA NA NA NA NA NA NA
"41" "" 2011-01-15 21.57 "POR" "" "NJN" "W" 7 NA NA NA NA NA NA NA NA NA NA NA NA NA NA NA NA
"42" "" 2011-01-17 21.58 "POR" "" "MIN" "W" 11 NA NA NA NA NA NA NA NA NA NA NA NA NA NA NA NA
"43" "" 2011-01-19 21.58 "POR" "@" "SAC" "W" 4 NA NA NA NA NA NA NA NA NA NA NA NA NA NA NA NA
"44" "" 2011-01-20 21.59 "POR" "" "LAC" "W" 15 NA NA NA NA NA NA NA NA NA NA NA NA NA NA NA NA
"45" "" 2011-01-22 21.59 "POR" "" "IND" "W" 5 NA NA NA NA NA NA NA NA NA NA NA NA NA NA NA NA
"46" "" 2011-01-24 21.6 "POR" "" "SAC" "L" -15 NA NA NA NA NA NA NA NA NA NA NA NA NA NA NA NA
"47" "14" 2011-01-27 21.61 "POR" "" "BOS" "L" -10 0 8.61666666666667 0.5 0.5 0 0 0 0 0 0 0 10.1 112 108 1 -3
"48" "" 2011-02-01 21.62 "POR" "" "SAS" "W" 13 NA NA NA NA NA NA NA NA NA NA NA NA NA NA NA NA
"49" "15" 2011-02-02 21.62 "POR" "@" "DEN" "L" -19 0 2.6 0.5 0.5 0 0 0 0 0 0 0 36.4 92 128 1 -5.6
"50" "16" 2011-02-04 21.63 "POR" "@" "IND" "L" -13 0 6.68333333333333 0 0 0 63.8 29.6 0 7.4 0 33.3 19.6 0 71 -1.4 -18.5
"51" "17" 2011-02-05 21.63 "POR" "@" "CLE" "W" 6 0 2.5 NA NA 0 0 0 0 0 0 NA 0 0 127 0 -5.5
"52" "18" 2011-02-07 21.64 "POR" "" "CHI" "W" 6 0 2.68333333333333 NA NA 0 0 0 0 0 0 NA 0 0 125 -0.4 -11.2
"53" "" 2011-02-11 21.65 "POR" "@" "TOR" "W" 6 NA NA NA NA NA NA NA NA NA NA NA NA NA NA NA NA
"54" "" 2011-02-13 21.65 "POR" "@" "DET" "W" 5 NA NA NA NA NA NA NA NA NA NA NA NA NA NA NA NA
"55" "19" 2011-02-14 21.65 "POR" "@" "MIN" "W" 14 0 0.2 NA NA 0 0 0 0 0 0 NA 0 0 110 0 -5.5
"56" "" 2011-02-16 21.66 "POR" "" "NOH" "W" 7 NA NA NA NA NA NA NA NA NA NA NA NA NA NA NA NA
"57" "" 2011-02-23 21.68 "POR" "" "LAL" "L" -5 NA NA NA NA NA NA NA NA NA NA NA NA NA NA NA NA
"58" "20" 2011-02-25 21.68 "POR" "" "DEN" "W" 1 0 7.61666666666667 0 0 14.2 14.2 14.2 0 0 0 0 12.4 38 107 -2 -21.5
"59" "" 2011-02-27 21.69 "POR" "" "ATL" "L" -7 NA NA NA NA NA NA NA NA NA NA NA NA NA NA NA NA
"60" "21" 2011-03-01 21.7 "POR" "" "HOU" "L" -16 0 0.633333333333333 0.5 0.5 0 0 0 0 0 0 0 100 110 122 1 2.1
"61" "" 2011-03-02 21.7 "POR" "@" "SAC" "W" 5 NA NA NA NA NA NA NA NA NA NA NA NA NA NA NA NA
"62" "" 2011-03-05 21.71 "POR" "" "CHA" "W" 24 NA NA NA NA NA NA NA NA NA NA NA NA NA NA NA NA
"63" "" 2011-03-07 21.71 "POR" "@" "ORL" "W" 4 NA NA NA NA NA NA NA NA NA NA NA NA NA NA NA NA
"64" "" 2011-03-08 21.72 "POR" "@" "MIA" "W" 9 NA NA NA NA NA NA NA NA NA NA NA NA NA NA NA NA
"65" "" 2011-03-11 21.72 "POR" "@" "CHA" "L" -5 NA NA NA NA NA NA NA NA NA NA NA NA NA NA NA NA
"66" "" 2011-03-12 21.73 "POR" "@" "ATL" "L" -9 NA NA NA NA NA NA NA NA NA NA NA NA NA NA NA NA
"67" "" 2011-03-15 21.73 "POR" "" "DAL" "W" 3 NA NA NA NA NA NA NA NA NA NA NA NA NA NA NA NA
"68" "" 2011-03-17 21.74 "POR" "" "CLE" "W" 41 NA NA NA NA NA NA NA NA NA NA NA NA NA NA NA NA
"69" "" 2011-03-19 21.75 "POR" "" "PHI" "W" 9 NA NA NA NA NA NA NA NA NA NA NA NA NA NA NA NA
"70" "" 2011-03-20 21.75 "POR" "@" "LAL" "L" -4 NA NA NA NA NA NA NA NA NA NA NA NA NA NA NA NA
"71" "" 2011-03-22 21.75 "POR" "" "WAS" "W" 35 NA NA NA NA NA NA NA NA NA NA NA NA NA NA NA NA
"72" "" 2011-03-25 21.76 "POR" "" "SAS" "W" 2 NA NA NA NA NA NA NA NA NA NA NA NA NA NA NA NA
"73" "" 2011-03-27 21.77 "POR" "@" "OKC" "L" -9 NA NA NA NA NA NA NA NA NA NA NA NA NA NA NA NA
"74" "" 2011-03-28 21.77 "POR" "@" "SAS" "W" 8 NA NA NA NA NA NA NA NA NA NA NA NA NA NA NA NA
"75" "" 2011-03-30 21.78 "POR" "@" "NOH" "L" -4 NA NA NA NA NA NA NA NA NA NA NA NA NA NA NA NA
"76" "" 2011-04-01 21.78 "POR" "" "OKC" "W" 7 NA NA NA NA NA NA NA NA NA NA NA NA NA NA NA NA
"77" "22" 2011-04-03 21.79 "POR" "" "DAL" "W" 8 0 0.833333333333333 NA NA 0 0 0 0 0 0 NA 0 0 117 0 -2.6
"78" "23" 2011-04-05 21.79 "POR" "" "GSW" "L" -21 0 3.56666666666667 0.333 0.333 0 34.5 15.5 65.5 0 20.4 0 40.4 89 110 2 14.2
"79" "" 2011-04-07 21.8 "POR" "@" "UTA" "W" 11 NA NA NA NA NA NA NA NA NA NA NA NA NA NA NA NA
"80" "" 2011-04-08 21.8 "POR" "" "LAL" "W" 7 NA NA NA NA NA NA NA NA NA NA NA NA NA NA NA NA
"81" "" 2011-04-12 21.81 "POR" "" "MEM" "W" 13 NA NA NA NA NA NA NA NA NA NA NA NA NA NA NA NA
"82" "24" 2011-04-13 21.81 "POR" "@" "GSW" "L" -24 0 33.3333333333333 0.308 0.294 8.8 28.8 17.8 19.4 0 0 14.4 26.6 73 118 3.1 -10.3
"1" "" 2011-12-26 22.52 "POR" "" "PHI" "W" 4 NA NA NA NA NA NA NA NA NA NA NA NA NA NA NA NA
"2" "1" 2011-12-27 22.52 "POR" "" "SAC" "W" 22 0 1.9 NA NA 0 0 0 0 0 0 NA 0 0 99 0 -6.7
"3" "" 2011-12-29 22.53 "POR" "" "DEN" "W" 9 NA NA NA NA NA NA NA NA NA NA NA NA NA NA NA NA
"4" "" 2012-01-01 22.53 "POR" "@" "LAC" "L" -5 NA NA NA NA NA NA NA NA NA NA NA NA NA NA NA NA
"5" "" 2012-01-03 22.54 "POR" "@" "OKC" "W" 10 NA NA NA NA NA NA NA NA NA NA NA NA NA NA NA NA
"6" "" 2012-01-05 22.55 "POR" "" "LAL" "W" 11 NA NA NA NA NA NA NA NA NA NA NA NA NA NA NA NA
"7" "" 2012-01-06 22.55 "POR" "@" "PHO" "L" -25 NA NA NA NA NA NA NA NA NA NA NA NA NA NA NA NA
"8" "" 2012-01-08 22.55 "POR" "" "CLE" "W" 20 NA NA NA NA NA NA NA NA NA NA NA NA NA NA NA NA
"9" "" 2012-01-10 22.56 "POR" "" "LAC" "W" 8 NA NA NA NA NA NA NA NA NA NA NA NA NA NA NA NA
"10" "2" 2012-01-11 22.56 "POR" "" "ORL" "L" -3 0 4.41666666666667 0 0 0 100 44.1 0 0 0 0 11 0 113 0.2 -11.6
"11" "3" 2012-01-13 22.57 "POR" "@" "SAS" "L" -16 0 2.26666666666667 NA NA 0 0 0 0 0 0 NA 0 0 116 0 -8.7
"12" "" 2012-01-14 22.57 "POR" "@" "HOU" "L" -2 NA NA NA NA NA NA NA NA NA NA NA NA NA NA NA NA
"13" "" 2012-01-16 22.58 "POR" "@" "NOH" "W" 7 NA NA NA NA NA NA NA NA NA NA NA NA NA NA NA NA
"14" "" 2012-01-18 22.58 "POR" "@" "ATL" "L" -3 NA NA NA NA NA NA NA NA NA NA NA NA NA NA NA NA
"15" "" 2012-01-20 22.59 "POR" "@" "TOR" "W" 10 NA NA NA NA NA NA NA NA NA NA NA NA NA NA NA NA
"16" "4" 2012-01-21 22.59 "POR" "@" "DET" "L" -3 0 4.11666666666667 0 0 0 0 0 0 0 0 0 23.2 0 123 -2.2 -38.5
"17" "5" 2012-01-23 22.59 "POR" "" "SAC" "W" 12 0 1.16666666666667 1.5 1.5 0 0 0 0 0 0 0 36 300 107 2.7 95.1
"18" "6" 2012-01-24 22.6 "POR" "" "MEM" "W" 13 0 2.7 NA NA 0 35.6 20 0 0 0 100 16.5 0 87 -1.1 -25.2
"19" "" 2012-01-25 22.6 "POR" "@" "GSW" "L" -8 NA NA NA NA NA NA NA NA NA NA NA NA NA NA NA NA
"20" "7" 2012-01-27 22.61 "POR" "" "PHO" "W" 38 0 3.73333333333333 1 1 0 24.7 13 0 0 0 0 11.3 200 78 2 8.1
"21" "" 2012-01-30 22.61 "POR" "@" "UTA" "L" -4 NA NA NA NA NA NA NA NA NA NA NA NA NA NA NA NA
"22" "8" 2012-02-01 22.62 "POR" "" "CHA" "W" 44 0 10.0333333333333 0.375 0.375 0 58.6 35 0 0 6.7 20 22.6 59 59 2.1 -6.6
"23" "" 2012-02-02 22.62 "POR" "@" "SAC" "L" -3 NA NA NA NA NA NA NA NA NA NA NA NA NA NA NA NA
"24" "9" 2012-02-04 22.63 "POR" "" "DEN" "W" 20 0 2.75 NA NA 0 40.6 21 0 0 0 NA 0 0 102 0.3 -3.2
"25" "" 2012-02-06 22.63 "POR" "" "OKC" "L" -4 NA NA NA NA NA NA NA NA NA NA NA NA NA NA NA NA
"26" "" 2012-02-08 22.64 "POR" "" "HOU" "L" -7 NA NA NA NA NA NA NA NA NA NA NA NA NA NA NA NA
"27" "" 2012-02-10 22.64 "POR" "@" "NOH" "W" 8 NA NA NA NA NA NA NA NA NA NA NA NA NA NA NA NA
"28" "" 2012-02-11 22.65 "POR" "@" "DAL" "L" -3 NA NA NA NA NA NA NA NA NA NA NA NA NA NA NA NA
"29" "" 2012-02-14 22.65 "POR" "" "WAS" "L" -15 NA NA NA NA NA NA NA NA NA NA NA NA NA NA NA NA
"30" "" 2012-02-15 22.66 "POR" "@" "GSW" "W" 2 NA NA NA NA NA NA NA NA NA NA NA NA NA NA NA NA
"31" "" 2012-02-16 22.66 "POR" "" "LAC" "L" -3 NA NA NA NA NA NA NA NA NA NA NA NA NA NA NA NA
"32" "10" 2012-02-18 22.67 "POR" "" "ATL" "W" 20 0 2.53333333333333 0 0 0 0 0 49.9 0 0 50 37.5 30 102 -1 -25.9
"33" "11" 2012-02-20 22.67 "POR" "@" "LAL" "L" -11 0 2.61666666666667 1 1 39 0 20.8 100 20.1 0 0 17.7 214 79 4.1 57.5
"34" "12" 2012-02-21 22.67 "POR" "" "SAS" "W" 40 0 9.65 0.75 0.75 0 19.5 12.4 10.8 5.1 0 0 9.4 164 91 3.9 9.2
"35" "" 2012-02-29 22.7 "POR" "@" "DEN" "L" -9 NA NA NA NA NA NA NA NA NA NA NA NA NA NA NA NA
"36" "" 2012-03-01 22.7 "POR" "" "MIA" "L" -14 NA NA NA NA NA NA NA NA NA NA NA NA NA NA NA NA
"37" "" 2012-03-03 22.7 "POR" "" "MIN" "L" -12 NA NA NA NA NA NA NA NA NA NA NA NA NA NA NA NA
"38" "13" 2012-03-05 22.71 "POR" "" "NOH" "W" 12 0 2.03333333333333 NA NA 0 0 0 0 0 0 NA 0 0 98 0 -5.8
"39" "14" 2012-03-07 22.72 "POR" "@" "MIN" "L" -12 0 0.4 NA NA 0 0 0 0 0 0 NA 0 0 133 0 -9.9
"40" "15" 2012-03-09 22.72 "POR" "@" "BOS" "L" -18 0 12 0.635 0.571 0 52.2 28.2 0 0 0 20.2 35.9 110 109 5.7 5.2
"41" "" 2012-03-10 22.72 "POR" "@" "WAS" "W" 11 NA NA NA NA NA NA NA NA NA NA NA NA NA NA NA NA
"42" "16" 2012-03-13 22.73 "POR" "@" "IND" "L" -17 0 7.18333333333333 0.3 0.3 28.4 16.3 22.8 0 0 0 28.6 48.9 57 107 -0.4 -15.5
"43" "17" 2012-03-14 22.73 "POR" "@" "NYK" "L" -42 0 17.2166666666667 0.761 0.714 5.9 33.8 17.4 0 3 0 11.3 22.9 141 125 9.8 9.5
"44" "18" 2012-03-16 22.74 "POR" "@" "CHI" "W" 11 0 12.15 0.333 0.333 0 35.9 19.8 11.3 0 0 25 17.1 65 101 0.4 -11.1
"45" "19" 2012-03-18 22.75 "POR" "@" "OKC" "L" -16 0 11.4333333333333 0.333 0.333 9.5 0 5.4 0 0 0 0 12.3 90 132 1 -8.8
"46" "20" 2012-03-20 22.75 "POR" "" "MIL" "L" -29 0 14.65 0 0 0 19.9 8.3 11.3 0 0 0 8.7 21 128 -1.2 -11.9
"47" "21" 2012-03-22 22.76 "POR" "" "MEM" "W" 4 0 4.11666666666667 1.5 1.5 0 0 0 0 0 0 50 23.3 59 114 1.7 9.6
"48" "22" 2012-03-23 22.76 "POR" "@" "LAL" "L" -7 0 3.71666666666667 NA NA 0 0 0 0 0 19.6 NA 0 0 113 0.3 1.1
"49" "23" 2012-03-25 22.76 "POR" "" "GSW" "W" 3 0 9.03333333333333 1 1 0 0 0 0 0 0 0 15.3 172 110 4.3 10.8
"50" "24" 2012-03-27 22.77 "POR" "" "OKC" "L" -14 0 12.9166666666667 1 1 0 25.6 10.2 0 0 0 25 14.6 130 126 3.9 3.1
"51" "25" 2012-03-29 22.78 "POR" "" "NOH" "W" 6 0 16.9333333333333 0.901 0.875 8.3 17.2 12.7 11.4 3.5 4.9 10.1 29.6 155 109 13.9 22.1
"52" "26" 2012-03-30 22.78 "POR" "@" "LAC" "L" -1 0 20.7833333333333 0.8 0.8 0 22.4 10.3 7.2 0 0 0 11.8 167 118 5.7 2.9
"53" "27" 2012-04-01 22.78 "POR" "" "MIN" "W" 13 0 18.1 0.667 0.667 6.5 20.4 13.3 0 0 0 0 14.9 147 118 5.4 0.7
"54" "28" 2012-04-02 22.79 "POR" "" "UTA" "L" -5 0 9.96666666666667 1 1 0 12 5.9 0 0 0 0 13.8 178 117 4.6 10.4
"55" "29" 2012-04-04 22.79 "POR" "" "NJN" "W" 13 0 18.2166666666667 0.6 0.6 6.4 10.5 8.7 16.6 0 0 28.6 17.7 98 104 3.6 -2.3
"56" "30" 2012-04-06 22.8 "POR" "@" "DAL" "W" 2 0 13.0166666666667 0.5 0.5 8.3 0 4.3 0 0 0 33.3 11 79 109 0.3 -8.9
"57" "31" 2012-04-07 22.8 "POR" "@" "MIL" "L" -22 0 18.3833333333333 0.773 0.667 0 19.1 9.6 0 0 0 0 19.8 157 127 9.1 4.8
"58" "32" 2012-04-09 22.81 "POR" "" "HOU" "L" -5 0 21.7333333333333 0.508 0.5 0 18.9 8.4 0 2.5 0 11.3 18.6 94 107 4.4 -3
"59" "33" 2012-04-11 22.81 "POR" "" "GSW" "W" 8 0 18.1833333333333 0.381 0.357 6.6 12.3 9.5 0 0 0 0 18.5 96 119 2.4 -10.5
"60" "34" 2012-04-13 22.82 "POR" "" "DAL" "L" -3 0 19.4666666666667 0.5 0.5 5.1 18 11.1 0 0 0 20 23.5 82 111 2 -8.1
"61" "35" 2012-04-15 22.82 "POR" "@" "SAC" "L" -1 0 22.4 0.571 0.571 7.4 9.1 8.5 12.8 0 0 11.3 19.5 117 123 6.6 -1.7
"62" "36" 2012-04-16 22.82 "POR" "@" "PHO" "L" -18 1 39.35 0.529 0.529 0 20.3 7.9 7.5 0 0 10.5 20.5 105 137 8.6 -4.5
"63" "37" 2012-04-18 22.83 "POR" "" "UTA" "L" -21 0 35.25 0.447 0.412 2.7 14.3 7.7 0 2.9 2.2 0 22.4 98 117 10.3 -0.9
"64" "38" 2012-04-21 22.84 "POR" "@" "MEM" "L" -4 1 41.4833333333333 0.46 0.4 2.7 14.8 9 9.1 2.7 0 21.6 15.1 88 106 6.7 -1.6
"65" "39" 2012-04-23 22.84 "POR" "@" "SAS" "L" -35 1 30.85 0.417 0.417 2.9 14.6 7.3 4.6 1.6 0 14.3 9.5 84 130 2.3 -8.9
"66" "40" 2012-04-26 22.85 "POR" "@" "UTA" "L" -2 1 37.8833333333333 0.318 0.318 3.1 11.8 7.5 0 0 0 15.4 16.1 57 110 -0.8 -13.9
"1" "" 2012-10-31 23.36 "POR" "" "LAL" "W" 10 NA NA NA NA NA NA NA NA NA NA NA NA NA NA NA NA
"2" "1" 2012-11-02 23.37 "POR" "@" "OKC" "L" -14 0 8.78333333333333 0.8 0.8 0 13.3 6 35 0 0 0 24.7 155 114 6.3 23.5
"3" "2" 2012-11-03 23.37 "POR" "@" "HOU" "W" 10 0 3.33333333333333 0 0 0 26.9 14.6 0 0 0 50 27.8 0 83 -1.4 -30.3
"4" "" 2012-11-05 23.38 "POR" "@" "DAL" "L" -23 NA NA NA NA NA NA NA NA NA NA NA NA NA NA NA NA
"5" "3" 2012-11-08 23.39 "POR" "" "LAC" "L" -13 0 2.38333333333333 0.75 0.75 0 0 0 0 0 0 0 39.8 129 123 1.6 17.5
"6" "4" 2012-11-10 23.39 "POR" "" "SAS" "L" -3 0 3.68333333333333 0 0 0 0 0 31 13.4 0 0 11.6 59 95 0.6 3.2
"7" "" 2012-11-12 23.4 "POR" "" "ATL" "L" -8 NA NA NA NA NA NA NA NA NA NA NA NA NA NA NA NA
"8" "5" 2012-11-13 23.4 "POR" "@" "SAC" "W" 17 0 2.18333333333333 0 0 0 51.1 28.6 62.8 25.8 0 0 22.7 71 40 0.1 -3.3
"9" "" 2012-11-16 23.41 "POR" "" "HOU" "W" 2 NA NA NA NA NA NA NA NA NA NA NA NA NA NA NA NA
"10" "" 2012-11-18 23.41 "POR" "" "CHI" "W" 8 NA NA NA NA NA NA NA NA NA NA NA NA NA NA NA NA
"11" "6" 2012-11-21 23.42 "POR" "@" "PHO" "L" -27 0 6.35 1 1 0 0 0 0 0 0 0 7 200 133 1.7 1
"12" "7" 2012-11-23 23.43 "POR" "" "MIN" "W" 8 0 4.46666666666667 0 0 0 24.4 13.4 25.6 0 0 0 11 59 105 -0.1 -9.1
"13" "8" 2012-11-25 23.43 "POR" "@" "BRK" "L" -13 0 2.63333333333333 NA NA 0 0 0 0 0 0 NA 0 0 122 0 -8.4
"14" "" 2012-11-26 23.44 "POR" "@" "DET" "L" -7 NA NA NA NA NA NA NA NA NA NA NA NA NA NA NA NA
"15" "" 2012-11-28 23.44 "POR" "@" "WAS" "L" -2 NA NA NA NA NA NA NA NA NA NA NA NA NA NA NA NA
"16" "9" 2012-11-30 23.45 "POR" "@" "BOS" "L" -18 0 12.0333333333333 0.5 0.5 9.7 24.9 16.4 0 0 0 0 11.3 115 109 2.6 0.7
"17" "10" 2012-12-01 23.45 "POR" "@" "CLE" "W" 1 0 12.9833333333333 0.286 0.286 9.9 40.6 25.1 0 0 7 0 26.7 73 105 2.5 -10.8
"18" "11" 2012-12-03 23.45 "POR" "@" "CHA" "W" 6 0 15.2333333333333 0.9 0.9 7.7 31.6 19.5 10.7 3.4 5.7 16.7 17.9 141 100 9.2 14.5
"19" "12" 2012-12-05 23.46 "POR" "@" "IND" "L" -7 0 14.6 0.833 0.833 7.8 32.1 19.8 0 0 0 0 10 167 111 4.8 3.5
"20" "13" 2012-12-08 23.47 "POR" "" "SAC" "L" -19 0 27.0166666666667 0.455 0.444 0 27.6 13.7 15 0 0 9.2 19.2 92 109 5.6 -1.1
"21" "14" 2012-12-10 23.47 "POR" "" "TOR" "W" 18 0 21.0666666666667 0.222 0.222 0 14.9 7.3 0 2.6 0 0 19.4 50 83 -1.2 -12.3
"22" "15" 2012-12-13 23.48 "POR" "" "SAS" "W" 8 0 20.1666666666667 0.6 0.6 0 0 0 0 2.5 0 9.1 24.4 106 100 6.6 2.8
"23" "16" 2012-12-16 23.49 "POR" "" "NOH" "W" 1 0 26.6 0.714 0.714 0 9.5 4.6 6.1 0 0 12.5 15.2 124 126 7 -3.3
"24" "17" 2012-12-20 23.5 "POR" "" "DEN" "W" 8 0 26.3166666666667 0.643 0.6 0 26.5 13.4 7.1 0 0 0 17.3 128 92 9.3 4.1
"25" "18" 2012-12-22 23.51 "POR" "" "PHO" "W" 3 0 15.3833333333333 0.5 0.5 0 20.8 12.2 0 3.5 0 40 15.2 57 98 0.8 -6.1
"26" "19" 2012-12-23 23.51 "POR" "@" "SAC" "L" -12 0 13.3 0.5 0.5 0 11.3 4.6 12.1 0 0 0 16.5 116 125 2.5 -5.7
"27" "20" 2012-12-26 23.52 "POR" "" "SAC" "W" 18 0 8.01666666666667 0.174 0 0 24.9 13.6 27.2 0 0 25.8 20.6 60 100 -0.6 -14.4
"28" "21" 2012-12-28 23.52 "POR" "@" "LAL" "L" -17 0 14.8833333333333 0 0 0 41.2 20.2 9 0 0 25 12.5 13 109 -0.6 -15
"29" "22" 2012-12-29 23.53 "POR" "" "PHI" "W" 4 0 10.5666666666667 0.25 0.25 0 38.7 21.6 0 5.3 0 0 19.3 52 82 1.4 -8.2
"30" "23" 2013-01-01 23.53 "POR" "@" "NYK" "W" 5 0 17.9166666666667 0.5 0.5 0 34.2 19.1 0 0 0 0 15.3 116 107 3.6 -1.7
"31" "24" 2013-01-02 23.54 "POR" "@" "TOR" "L" -23 0 12.5166666666667 0.45 0.375 0 33.8 16 0 4.5 0 0 17.9 98 108 2.3 -2.3
"32" "25" 2013-01-04 23.54 "POR" "@" "MEM" "W" 2 0 10.95 0.417 0.417 0 0 0 0 0 0 25 34.2 61 113 -0.4 -15.3
"33" "26" 2013-01-05 23.55 "POR" "@" "MIN" "W" 5 0 8.66666666666667 0.75 0.75 0 11.8 6.1 21.4 6.2 0 0 21.2 154 98 5.6 20.5
"34" "27" 2013-01-07 23.55 "POR" "" "ORL" "W" 6 0 14.5666666666667 0.6 0.6 0 9.3 4.5 0 3.6 0 16.7 19.2 92 115 3.6 -2.6
"35" "28" 2013-01-10 23.56 "POR" "" "MIA" "W" 2 0 2.63333333333333 0 0 0 0 0 0 0 0 0 17 0 105 -0.7 -19.1
"36" "29" 2013-01-11 23.56 "POR" "@" "GSW" "L" -6 0 23.3333333333333 0.385 0.385 3.7 9.6 6.2 7.7 0 0 0 23.6 94 113 2.5 -8
"37" "30" 2013-01-13 23.57 "POR" "" "OKC" "L" -4 0 6.98333333333333 0 0 14 0 8.1 22.2 0 0 25 26 25 104 -1.7 -18.1
"38" "31" 2013-01-15 23.57 "POR" "@" "DEN" "L" -4 0 14.3666666666667 0.5 0.5 0 7.7 4.3 0 0 0 0 9.5 104 117 1.2 -4.4
"39" "" 2013-01-16 23.58 "POR" "" "CLE" "L" -5 NA NA NA NA NA NA NA NA NA NA NA NA NA NA NA NA
"40" "32" 2013-01-19 23.58 "POR" "" "MIL" "L" -6 0 24.1666666666667 0.611 0.611 0 16.6 8.9 0 1.9 2.8 10 17.4 104 104 6.2 1.5
"41" "33" 2013-01-21 23.59 "POR" "" "WAS" "L" -3 0 16.5833333333333 0.3 0.3 0 13.5 6.7 0 0 0 0 14.2 65 110 0.5 -8.5
"42" "34" 2013-01-23 23.59 "POR" "" "IND" "W" 20 0 1.95 NA NA 0 0 0 0 0 0 NA 0 0 100 0 -2.9
"43" "35" 2013-01-26 23.6 "POR" "" "LAC" "W" 1 0 0.95 NA NA 0 0 0 0 0 0 NA 0 0 127 0 -6.6
"44" "36" 2013-01-27 23.61 "POR" "@" "LAC" "L" -13 0 12.2166666666667 0 0 0 31 15.5 0 4.5 0 25 16.1 0 102 -2 -19
"45" "37" 2013-01-29 23.61 "POR" "" "DAL" "W" 2 0 9.1 0.375 0.375 0 12.9 6.1 15.6 0 0 0 19.2 100 116 1.6 -3
"46" "38" 2013-02-01 23.62 "POR" "@" "UTA" "L" -9 0 21.0833333333333 0.5 0.5 0 30.8 13.1 0 0 0 0 13.5 104 99 2.9 -2.4
"47" "39" 2013-02-02 23.62 "POR" "" "UTA" "W" 6 0 24.05 0.68 0.6 0 20.4 11.6 0 0 2.8 14.5 13.3 117 108 5.3 -1.1
"48" "40" 2013-02-04 23.63 "POR" "@" "MIN" "W" 2 0 14.0166666666667 0.717 0.75 0 0 0 0 0 4.8 17 19.2 115 108 3.1 0.7
"49" "41" 2013-02-06 23.63 "POR" "@" "DAL" "L" -6 0 10.9 0.75 0.75 0 38.3 20 0 0 0 0 9 140 112 1.6 -4.9
"50" "42" 2013-02-08 23.64 "POR" "@" "HOU" "L" -15 0 7.95 0.5 0.5 0 56.6 22.9 0 0 0 0 16.8 111 131 2.2 -1.7
"51" "43" 2013-02-10 23.64 "POR" "@" "ORL" "L" -6 0 9.25 1 1 0 10.4 5.9 16.4 0 0 0 15.2 176 117 4.5 9.3
"52" "44" 2013-02-12 23.65 "POR" "@" "MIA" "L" -13 0 16.0833333333333 0.375 0.375 0 28.9 15.7 0 0 0 0 12.5 78 136 1.5 -5.4
"53" "45" 2013-02-13 23.65 "POR" "@" "NOH" "L" -36 0 10.6666666666667 0 0 0 40.9 20.7 0 0 0 0 4.7 0 109 0.5 -10.8
"54" "46" 2013-02-19 23.67 "POR" "" "PHO" "L" -4 0 7.78333333333333 0 0 0 15.8 7 0 0 0 0 5.7 0 113 -0.4 -10.5
"55" "" 2013-02-22 23.68 "POR" "@" "LAL" "L" -4 NA NA NA NA NA NA NA NA NA NA NA NA NA NA NA NA
"56" "" 2013-02-24 23.68 "POR" "" "BOS" "W" 6 NA NA NA NA NA NA NA NA NA NA NA NA NA NA NA NA
"57" "47" 2013-02-27 23.69 "POR" "" "DEN" "L" -2 0 0.15 NA NA 100 0 100 100 0 0 NA 0 225 120 1.4 383.7
"58" "" 2013-03-02 23.7 "POR" "" "MIN" "W" 15 NA NA NA NA NA NA NA NA NA NA NA NA NA NA NA NA
"59" "" 2013-03-04 23.7 "POR" "" "CHA" "W" 17 NA NA NA NA NA NA NA NA NA NA NA NA NA NA NA NA
"60" "" 2013-03-06 23.71 "POR" "@" "MEM" "L" -6 NA NA NA NA NA NA NA NA NA NA NA NA NA NA NA NA
"61" "48" 2013-03-08 23.72 "POR" "@" "SAS" "W" 30 0 9.76666666666667 0.75 0.75 0 0 0 10.2 0 0 0 9.3 168 120 1.9 0.3
"62" "49" 2013-03-10 23.72 "POR" "@" "NOH" "L" -2 0 4.11666666666667 0 0 0 0 0 0 0 0 0 12.6 0 130 -0.7 -19.4
"63" "" 2013-03-12 23.73 "POR" "" "MEM" "L" -5 NA NA NA NA NA NA NA NA NA NA NA NA NA NA NA NA
"64" "" 2013-03-14 23.73 "POR" "" "NYK" "W" 15 NA NA NA NA NA NA NA NA NA NA NA NA NA NA NA NA
"65" "" 2013-03-16 23.74 "POR" "" "DET" "W" 11 NA NA NA NA NA NA NA NA NA NA NA NA NA NA NA NA
"66" "50" 2013-03-18 23.74 "POR" "@" "PHI" "L" -1 0 11.95 0.75 0.75 8.5 0 4.5 26.8 0 0 0 14.7 164 113 5.7 11.4
"67" "51" 2013-03-19 23.75 "POR" "@" "MIL" "L" -7 0 12.8833333333333 1.125 1.125 9.1 8.9 9 15 0 0 20 17.6 155 121 7.3 16.4
"68" "52" 2013-03-21 23.75 "POR" "@" "CHI" "W" 10 0 1.48333333333333 NA NA 0 0 0 0 0 0 NA 0 0 105 0 -3.9
"69" "" 2013-03-22 23.75 "POR" "@" "ATL" "W" 11 NA NA NA NA NA NA NA NA NA NA NA NA NA NA NA NA
"70" "53" 2013-03-24 23.76 "POR" "@" "OKC" "L" -20 0 1.91666666666667 NA NA 0 0 0 0 0 0 NA 0 0 122 0 -7.1
"71" "54" 2013-03-27 23.77 "POR" "" "BRK" "L" -18 0 8.75 0.644 0.5 11.4 0 5.8 0 0 0 20.5 25.4 112 127 2.6 -2.4
"72" "55" 2013-03-29 23.77 "POR" "" "UTA" "L" -10 0 1 NA NA 0 0 0 0 0 0 NA 0 0 124 0 -5.1
"73" "56" 2013-03-30 23.78 "POR" "@" "GSW" "L" -27 0 9.96666666666667 0.625 0.625 9.3 50.7 26.8 0 0 0 0 17.7 124 126 4.5 2
"74" "" 2013-04-01 23.78 "POR" "@" "UTA" "L" -10 NA NA NA NA NA NA NA NA NA NA NA NA NA NA NA NA
"75" "57" 2013-04-03 23.79 "POR" "" "MEM" "L" -18 0 7.5 0 0 16.8 0 9.6 0 0 0 20 31.9 12 117 -3.5 -33.2
"76" "" 2013-04-05 23.79 "POR" "" "HOU" "L" -18 NA NA NA NA NA NA NA NA NA NA NA NA NA NA NA NA
"77" "58" 2013-04-07 23.8 "POR" "" "DAL" "L" -5 0 26.6666666666667 0.5 0.5 0 23.5 12.4 6 1.9 0 0 17.8 99 101 6.5 -0.7
"78" "59" 2013-04-10 23.81 "POR" "" "LAL" "L" -7 0 22.4833333333333 1.2 1.2 10.2 22.9 15.2 7.2 0 0 16.7 12.3 176 128 10.9 9.1
"79" "60" 2013-04-12 23.81 "POR" "" "OKC" "L" -16 0 12 0.833 0.833 0 12.1 5.3 28.6 0 0 0 11.2 174 119 5.4 12.5
"80" "61" 2013-04-14 23.82 "POR" "@" "DEN" "L" -9 0 23.0166666666667 0.143 0.143 5 6.1 5.5 11.6 2.1 0 12.5 14.6 53 117 -0.9 -12.5
"81" "62" 2013-04-16 23.82 "POR" "@" "LAC" "L" -16 0 6.1 NA NA 0 37.5 18.7 0 0 0 NA 0 0 102 0.2 -7.3
"82" "" 2013-04-17 23.82 "POR" "" "GSW" "L" -11 NA NA NA NA NA NA NA NA NA NA NA NA NA NA NA NA
"1" "" 2014-02-05 24.63 "NOP" "" "ATL" "W" 5 NA NA NA NA NA NA NA NA NA NA NA NA NA NA NA NA
"2" "1" 2014-02-07 24.64 "NOP" "" "MIN" "W" 7 0 19.4833333333333 0.357 0.357 17.2 19 18 14.5 0 8.6 0 17.2 105 97 5.1 1.1
"3" "2" 2014-02-09 24.64 "NOP" "@" "BRK" "L" -12 0 19.2666666666667 0.563 0.563 0 30.2 11.5 11.1 2.7 0 11.1 20.6 102 101 5.7 4.1
"4" "3" 2014-02-10 24.64 "NOP" "@" "TOR" "L" -7 0 19.6 0.75 0.75 0 20.4 10.2 0 0 14.1 20 12 111 114 4.4 2.7
"5" "4" 2014-02-12 24.65 "NOP" "@" "MIL" "W" 4 0 27.05 0.625 0.625 4.9 19.7 12.3 5.2 0 0 0 14.7 137 118 7.4 -3
"6" "5" 2014-02-19 24.67 "NOP" "" "NYK" "L" -7 0 18.7166666666667 0.583 0.583 14.7 11.4 12.8 0 0 0 14.3 18.5 112 121 4.2 -4.9
"7" "6" 2014-02-21 24.67 "NOP" "@" "CHA" "L" -3 0 17.9666666666667 0.6 0.6 0 11.6 6.3 9 0 0 16.7 16.4 98 103 1.6 -4
"8" "7" 2014-02-22 24.68 "NOP" "@" "WAS" "L" -1 0 7.35 0 0 0 16.7 8.2 0 0 0 0 12.4 0 106 -1.1 -14.8
"9" "8" 2014-02-24 24.68 "NOP" "" "LAC" "L" -13 0 14.0666666666667 0.5 0.5 6.8 8.5 7.6 20.3 0 12.4 25 12.3 105 131 3.7 3.9
"10" "9" 2014-02-26 24.69 "NOP" "@" "DAL" "L" -19 0 25.5666666666667 0.833 0.833 4.7 11 7.6 6.6 0 0 14.3 13.4 138 125 7.6 1.7
"11" "10" 2014-02-28 24.69 "NOP" "@" "PHO" "L" -12 0 13.75 0.625 0.625 0 29.1 15.6 10 4 0 0 14.5 138 125 4.8 4.5
"12" "11" 2014-03-01 24.7 "NOP" "@" "LAC" "L" -32 0 11.3 0 0 0 40.5 19.1 0 0 0 0 18.7 0 110 -2.3 -15.5
"13" "" 2014-03-03 24.7 "NOP" "@" "SAC" "L" -7 NA NA NA NA NA NA NA NA NA NA NA NA NA NA NA NA
"14" "" 2014-03-04 24.7 "NOP" "@" "LAL" "W" 7 NA NA NA NA NA NA NA NA NA NA NA NA NA NA NA NA
"15" "" 2014-03-07 24.71 "NOP" "" "MIL" "W" 8 NA NA NA NA NA NA NA NA NA NA NA NA NA NA NA NA
"16" "" 2014-03-09 24.72 "NOP" "" "DEN" "W" 4 NA NA NA NA NA NA NA NA NA NA NA NA NA NA NA NA
"17" "12" 2014-03-12 24.73 "NOP" "" "MEM" "L" -2 0 11.0833333333333 0.2 0.2 11.1 20.6 16 0 0 0 16.7 26.1 46 109 -1.2 -20.3
"18" "13" 2014-03-14 24.73 "NOP" "" "POR" "L" -8 0 4.2 0.568 NA 29.3 27.2 28.2 0 0 0 0 9.6 151 117 1.6 1.4
"19" "" 2014-03-16 24.74 "NOP" "" "BOS" "W" 1 NA NA NA NA NA NA NA NA NA NA NA NA NA NA NA NA
"20" "" 2014-03-19 24.75 "NOP" "" "TOR" "L" -7 NA NA NA NA NA NA NA NA NA NA NA NA NA NA NA NA
"21" "14" 2014-03-21 24.75 "NOP" "@" "ATL" "W" 6 0 12.2 0.917 0.917 0 9.6 5.3 19.4 0 0 14.3 26.5 139 113 6.8 9.4
"22" "15" 2014-03-22 24.75 "NOP" "" "MIA" "W" 10 1 27.6833333333333 0.55 0.55 0 10.8 4.9 9.6 0 0 9.1 19.6 109 117 6.2 -3.1
"23" "16" 2014-03-24 24.76 "NOP" "" "BRK" "W" 5 0 16.7 0.425 0.3 7.1 17.6 12.8 0 0 0 0 16.7 110 111 2.7 -5.9
"24" "17" 2014-03-26 24.76 "NOP" "" "LAC" "W" 2 0 14.05 0.129 0 7.6 7.1 7.3 18 0 0 0 11.8 71 115 0.9 -6.4
"25" "18" 2014-03-28 24.77 "NOP" "" "UTA" "W" 7 0 24.65 0.654 0.583 5.4 12.2 8.6 12.9 4.4 4.1 0 13.7 151 103 10.2 5.3
"26" "19" 2014-03-29 24.77 "NOP" "@" "SAS" "L" -16 0 19.3666666666667 0.571 0.571 0 11.8 5.7 0 0 4.3 0 17.5 111 109 5.2 3.4
"27" "20" 2014-03-31 24.78 "NOP" "" "SAC" "L" -5 0 4.53333333333333 0 0 0 50.4 27.5 0 0 0 0 21.7 0 102 -0.8 -23.8
"28" "21" 2014-04-02 24.78 "NOP" "@" "DEN" "L" -30 0 8.5 0 0 0 13.4 6.9 16.1 5.5 0 50 20.6 13 125 -2.2 -21
"29" "22" 2014-04-04 24.79 "NOP" "@" "UTA" "L" -4 0 11.4666666666667 0 0 0 25.4 12 12.3 0 7.9 0 16.8 18 110 -1.6 -16.1
"30" "" 2014-04-06 24.79 "NOP" "@" "POR" "L" -6 NA NA NA NA NA NA NA NA NA NA NA NA NA NA NA NA
"31" "23" 2014-04-09 24.8 "NOP" "" "PHO" "L" -6 0 28.4166666666667 0.676 0.625 0 16.9 8.4 12.4 0 2.8 0 15.1 138 107 10.5 5.2
"32" "24" 2014-04-11 24.81 "NOP" "@" "OKC" "L" -22 0 19.0333333333333 0.833 0.833 5.4 28.8 15.4 42.1 0 0 0 7.1 185 123 8.7 10.8
"33" "25" 2014-04-12 24.81 "NOP" "@" "HOU" "L" -7 1 34.1833333333333 0.607 0.556 7.4 19 13.1 10.1 0 0 13.2 29.8 112 122 14.3 -0.1
"34" "26" 2014-04-14 24.82 "NOP" "" "OKC" "W" 12 0 25.7333333333333 0.761 0.786 0 14 6.8 13.5 2.1 0 0 14.4 156 101 10 8.3
"35" "27" 2014-04-16 24.82 "NOP" "" "HOU" "W" 5 0 17.45 0.368 0.35 14.1 37.5 26.5 0 3.1 0 8.4 33.1 83 105 5 -11.8
"1" "1" 2014-10-28 25.36 "NOP" "" "ORL" "W" 17 0 2.48333333333333 NA NA 0 0 0 0 0 0 NA 0 0 103 0 -10
"2" "" 2014-11-01 25.37 "NOP" "" "DAL" "L" -5 NA NA NA NA NA NA NA NA NA NA NA NA NA NA NA NA
"3" "2" 2014-11-03 25.37 "NOP" "@" "MEM" "L" -12 0 10.5166666666667 0 0 0 41.5 18.1 0 0 0 33.3 24.7 0 96 -4.4 -25.9
"4" "" 2014-11-04 25.38 "NOP" "" "CHO" "W" 9 NA NA NA NA NA NA NA NA NA NA NA NA NA NA NA NA
"5" "" 2014-11-08 25.39 "NOP" "@" "SAS" "W" 1 NA NA NA NA NA NA NA NA NA NA NA NA NA NA NA NA
"6" "" 2014-11-10 25.39 "NOP" "@" "CLE" "L" -7 NA NA NA NA NA NA NA NA NA NA NA NA NA NA NA NA
"7" "3" 2014-11-12 25.4 "NOP" "" "LAL" "W" 7 0 16.9333333333333 0.75 0.75 8.1 0 3.5 0 3 0 33.3 8.3 103 112 1.5 -4
"8" "4" 2014-11-14 25.4 "NOP" "" "MIN" "W" 48 0 21.55 1.5 1.5 0 15.9 9.4 9.5 2.2 0 20 10.7 209 93 11.5 14.6
"9" "5" 2014-11-17 25.41 "NOP" "@" "POR" "L" -9 0 10.2333333333333 NA NA 0 24.7 11.2 0 5.2 0 NA 0 0 105 1.6 0.4
"10" "6" 2014-11-18 25.41 "NOP" "@" "SAC" "W" 6 0 20.4666666666667 0.833 0.833 0 15.6 8.4 6.8 0 6.3 0 7.4 162 107 5.1 4.7
"11" "7" 2014-11-21 25.42 "NOP" "@" "DEN" "L" -20 0 17.2166666666667 0 0 0 7 3.4 18 0 0 33.3 8 30 131 -0.7 -9.9
"12" "8" 2014-11-22 25.42 "NOP" "@" "UTA" "W" 12 0 8.16666666666667 NA NA 0 0 0 0 0 0 NA 0 0 116 -0.4 -9
"13" "9" 2014-11-25 25.43 "NOP" "" "SAC" "L" -10 0 8.91666666666667 0 0 0 32.6 13.8 16.3 0 0 0 10.6 28 116 -0.5 -11
"14" "10" 2014-11-28 25.44 "NOP" "@" "ATL" "L" -9 0 4.23333333333333 NA NA 0 0 0 0 0 0 100 10.5 0 119 -1.8 -29.6
"15" "11" 2014-11-29 25.44 "NOP" "@" "WAS" "L" -3 0 17.7333333333333 0.515 0.5 0 6.6 3.1 9.9 0 0 0 10.3 121 106 2.5 0.4
"16" "12" 2014-12-02 25.45 "NOP" "" "OKC" "W" 8 1 15.2833333333333 0.6 0.6 0 15 6.7 9.6 0 5.2 16.7 15.6 104 107 2.7 -1.3
"17" "13" 2014-12-04 25.46 "NOP" "@" "GSW" "L" -27 1 19.0833333333333 0.833 0.833 0 13.7 7.3 0 2.6 0 0 6.8 157 112 5.2 2.7
"18" "14" 2014-12-06 25.46 "NOP" "@" "LAC" "L" -20 1 18.1833333333333 1 1 0 20.3 9.5 0 0 0 0 15.5 177 137 9.1 10.4
"19" "15" 2014-12-07 25.47 "NOP" "@" "LAL" "W" 17 1 19.8666666666667 0.75 0.75 0 25.2 14.4 0 0 0 20 11.5 106 93 4.1 0.6
"20" "16" 2014-12-09 25.47 "NOP" "" "NYK" "W" 11 1 18.7166666666667 0.5 0.5 0 6.9 3.5 0 0 4.3 14.3 17.5 91 109 2.2 -5.4
"21" "17" 2014-12-10 25.47 "NOP" "@" "DAL" "L" -5 1 22.7 0.357 0.357 0 12.4 5.7 0 0 0 0 13.5 93 128 0.3 -9.5
"22" "18" 2014-12-12 25.48 "NOP" "" "CLE" "W" 5 1 30.0666666666667 0.5 0.5 0 18.1 10.1 0 3.5 0 0 9.9 100 121 5.3 -3
"23" "19" 2014-12-14 25.48 "NOP" "" "GSW" "L" -6 1 29.1333333333333 0.5 0.5 7.3 13.6 10.1 0 0 0 14.3 10.2 100 124 3.1 -6.8
"24" "20" 2014-12-16 25.49 "NOP" "" "UTA" "W" 8 1 10.05 0.5 0.5 0 11.6 6.9 0 0 0 25 18.6 77 127 -0.6 -16.4
"25" "21" 2014-12-18 25.5 "NOP" "@" "HOU" "W" 9 1 14.45 1.125 1.125 0 7.4 3.8 0 0 0 0 12.8 211 107 7.3 14.5
"26" "22" 2014-12-20 25.5 "NOP" "" "POR" "L" -26 1 19.4833333333333 1.33 1.5 0 19.4 7.9 0 0 0 0 4.1 271 125 5.6 1.1
"27" "23" 2014-12-21 25.5 "NOP" "@" "OKC" "W" 2 1 13.9 0.375 0.375 0 0 0 0 0 0 0 13.4 78 120 0.2 -11.9
"28" "24" 2014-12-23 25.51 "NOP" "@" "IND" "L" -12 1 21.1333333333333 0.85 0.9 0 11.4 5.4 8.7 0 0 25.4 16.8 118 107 6.6 7.9
"29" "25" 2014-12-26 25.52 "NOP" "" "SAS" "W" 7 1 15.4 0 0 0 0 0 0 0 0 0 6.1 0 101 -1.8 -13.2
"30" "26" 2014-12-27 25.52 "NOP" "@" "CHI" "L" -7 1 14.6833333333333 0 0 0 7.8 4 0 6.9 0 0 3 0 106 0.8 -2.9
"31" "27" 2014-12-30 25.53 "NOP" "" "PHO" "W" 4 1 11.2666666666667 0.75 0.75 10.7 27.2 19.6 0 0 0 0 8.2 170 119 3.6 4.5
"32" "28" 2014-12-31 25.53 "NOP" "@" "SAS" "L" -2 1 14.1833333333333 0.75 0.75 0 0 0 0 0 0 0 6.7 149 102 1.6 0.4
"33" "29" 2015-01-02 25.54 "NOP" "" "HOU" "W" 28 1 15.65 1.389 1.5 0 0 0 0 3.2 0 41 13.6 129 93 6.4 8.7
"34" "30" 2015-01-05 25.55 "NOP" "" "WAS" "L" -7 1 5.2 NA NA 0 23.1 11.7 0 0 0 NA 0 0 111 0.3 -4.7
"35" "" 2015-01-07 25.55 "NOP" "@" "CHO" "L" -4 NA NA NA NA NA NA NA NA NA NA NA NA NA NA NA NA
"36" "31" 2015-01-09 25.56 "NOP" "" "MEM" "W" 11 0 4.71666666666667 0 0 0 21.7 11.2 0 0 0 0 29.8 0 110 -1.8 -33.8
"37" "32" 2015-01-12 25.56 "NOP" "@" "BOS" "L" -8 0 4.28333333333333 0 0 0 24.4 12.6 0 0 0 0 10.3 0 118 -0.8 -19.9
"38" "33" 2015-01-14 25.57 "NOP" "@" "DET" "W" 11 0 0.416666666666667 NA NA 0 0 0 0 0 0 NA 0 0 115 0 -6.3
"39" "34" 2015-01-16 25.58 "NOP" "@" "PHI" "L" -15 0 6.33333333333333 0.521 0.75 0 15.5 8.1 0 8.5 0 0 20.6 93 94 2.5 12.1
"40" "" 2015-01-18 25.58 "NOP" "@" "TOR" "W" 2 NA NA NA NA NA NA NA NA NA NA NA NA NA NA NA NA
"41" "35" 2015-01-19 25.58 "NOP" "@" "NYK" "L" -7 0 1.96666666666667 NA NA 0 0 0 0 0 0 NA 0 0 131 0 -8.6
"42" "" 2015-01-21 25.59 "NOP" "" "LAL" "W" 16 NA NA NA NA NA NA NA NA NA NA NA NA NA NA NA NA
"43" "36" 2015-01-23 25.59 "NOP" "@" "MIN" "W" 8 0 3.9 NA NA 0 30.8 16.4 0 0 0 NA 0 0 94 0.3 -4.1
"44" "" 2015-01-25 25.6 "NOP" "" "DAL" "W" 3 NA NA NA NA NA NA NA NA NA NA NA NA NA NA NA NA
"45" "37" 2015-01-26 25.6 "NOP" "" "PHI" "W" 25 0 5.58333333333333 0.5 0.5 0 0 0 0 0 0 0 16.3 111 101 1 -8
"46" "" 2015-01-28 25.61 "NOP" "" "DEN" "L" -8 NA NA NA NA NA NA NA NA NA NA NA NA NA NA NA NA
"47" "38" 2015-01-30 25.61 "NOP" "" "LAC" "W" 5 0 5.4 0 0 0 0 0 0 0 0 0 8.4 0 121 -0.7 -16.1
"48" "39" 2015-02-02 25.62 "NOP" "" "ATL" "W" 15 0 1.1 NA NA 0 0 0 0 0 65.1 NA 0 0 59 0.7 40.6
"49" "" 2015-02-04 25.63 "NOP" "" "OKC" "L" -11 NA NA NA NA NA NA NA NA NA NA NA NA NA NA NA NA
"50" "" 2015-02-06 25.63 "NOP" "@" "OKC" "W" 3 NA NA NA NA NA NA NA NA NA NA NA NA NA NA NA NA
"51" "40" 2015-02-07 25.64 "NOP" "" "CHI" "L" -35 0 10.4833333333333 1.5 1.5 0 40.4 16.5 33.4 0 0 0 4.6 270 123 4.6 9.3
"52" "41" 2015-02-09 25.64 "NOP" "" "UTA" "L" -4 0 26 0.519 0.5 18 8 12.7 0 0 2.6 0 25.9 126 125 10.5 -1.9
"53" "42" 2015-02-11 25.65 "NOP" "" "IND" "L" -13 0 34.0833333333333 0.952 0.929 3.8 30.8 16.3 0 0 0 11.3 12.8 157 122 13.9 5.2
"54" "43" 2015-02-20 25.67 "NOP" "@" "ORL" "L" -11 0 9.26666666666667 0.667 0.667 0 12.3 6.3 0 6 0 0 16.8 122 103 4 5.7
"55" "44" 2015-02-21 25.67 "NOP" "@" "MIA" "W" 14 0 13.3 0.765 0.7 8.4 25.2 16.8 0 3.9 0 0 19.5 159 90 8.1 11.6
"56" "45" 2015-02-23 25.68 "NOP" "" "TOR" "W" 3 0 22.8833333333333 1 1 0 32.3 19.1 16.6 2.4 0 0 18.5 195 100 18.9 23.5
"57" "46" 2015-02-25 25.68 "NOP" "" "BRK" "W" 6 0 22.5833333333333 0.571 0.571 0 9.4 5.3 13.4 0 0 12.5 16.6 103 104 4.5 -2.1
"58" "47" 2015-02-27 25.69 "NOP" "" "MIA" "W" 2 0 22.5666666666667 0.625 0.625 0 0 0 6.1 2.4 3.4 0 8.7 130 113 5.4 2.7
"59" "48" 2015-03-01 25.7 "NOP" "@" "DEN" "W" 7 0 16.5666666666667 0.5 0.5 0 11.4 6.6 9.6 0 9.8 20 14 85 101 3.7 0.9
"60" "49" 2015-03-02 25.7 "NOP" "@" "DAL" "L" -9 0 13.1166666666667 0.515 0.5 9.4 10.2 9.8 0 0 0 20.5 19 92 129 1.1 -10.3
"61" "50" 2015-03-04 25.7 "NOP" "" "DET" "W" 3 0 6.2 0 0 0 0 0 0 0 0 0 7 0 102 -0.7 -12.3
"62" "51" 2015-03-06 25.71 "NOP" "" "BOS" "L" -6 0 19.9333333333333 1 1 0 39.2 20.6 18.6 2.6 0 14.3 16.1 160 106 13.3 17.2
"63" "52" 2015-03-07 25.71 "NOP" "" "MEM" "W" 6 0 3.91666666666667 NA NA 0 0 0 0 0 21.1 100 11.8 0 91 -0.3 -5.3
"64" "53" 2015-03-09 25.72 "NOP" "@" "MIL" "W" 11 0 9.03333333333333 1 1 0 16.6 9 13.7 0 0 0 5.2 206 121 2.7 4.8
"65" "54" 2015-03-10 25.72 "NOP" "@" "BRK" "W" 20 0 13.1 1 1 0 8.1 4.5 8.9 4 0 0 3.6 208 99 3.3 1.6
"66" "55" 2015-03-15 25.73 "NOP" "" "DEN" "L" -7 0 7.4 0 0 0 0 0 17 0 0 50 12.4 25 117 -1 -14.9
"67" "" 2015-03-17 25.74 "NOP" "" "MIL" "W" 1 NA NA NA NA NA NA NA NA NA NA NA NA NA NA NA NA
"68" "56" 2015-03-19 25.75 "NOP" "@" "PHO" "L" -2 0 17.8833333333333 0.5 0.5 0 0 0 0 0 0 0 13.9 96 95 1.1 -5.4
"69" "57" 2015-03-20 25.75 "NOP" "@" "GSW" "L" -16 0 24.1666666666667 0.507 0.5 0 17.7 9.5 7.3 2.1 0 18.4 20.3 84 115 4.7 -3.1
"70" "58" 2015-03-22 25.75 "NOP" "@" "LAC" "L" -7 0 11.2166666666667 0.625 0.625 0 8.9 5.2 0 0 0 20 21.4 94 123 1.9 -5.8
"71" "" 2015-03-25 25.76 "NOP" "" "HOU" "L" -2 NA NA NA NA NA NA NA NA NA NA NA NA NA NA NA NA
"72" "59" 2015-03-27 25.77 "NOP" "" "SAC" "W" 14 0 2.48333333333333 0 0 49.6 0 23 0 0 0 0 38.2 41 111 -0.7 -35.4
"73" "60" 2015-03-29 25.77 "NOP" "" "MIN" "W" 22 0 7.68333333333333 0.875 0.875 0 0 0 25.8 0 0 0 25.1 165 108 6.1 15.2
"74" "61" 2015-04-01 25.78 "NOP" "@" "LAL" "W" 21 0 2.75 NA NA 0 0 0 0 0 0 NA 0 0 121 0 -8.1
"75" "" 2015-04-03 25.79 "NOP" "@" "SAC" "W" 6 NA NA NA NA NA NA NA NA NA NA NA NA NA NA NA NA
"76" "" 2015-04-04 25.79 "NOP" "@" "POR" "L" -9 NA NA NA NA NA NA NA NA NA NA NA NA NA NA NA NA
"77" "" 2015-04-07 25.8 "NOP" "" "GSW" "W" 3 NA NA NA NA NA NA NA NA NA NA NA NA NA NA NA NA
"78" "62" 2015-04-08 25.8 "NOP" "@" "MEM" "L" -36 0 9.76666666666667 0.5 0.5 0 0 0 0 0 0 20 24.6 76 137 1 -9.8
"79" "63" 2015-04-10 25.81 "NOP" "" "PHO" "W" 15 0 2.63333333333333 NA NA 0 0 0 0 0 30.4 NA 0 0 73 0.7 11.1
"80" "" 2015-04-12 25.81 "NOP" "@" "HOU" "L" -7 NA NA NA NA NA NA NA NA NA NA NA NA NA NA NA NA
"81" "" 2015-04-13 25.81 "NOP" "@" "MIN" "W" 12 NA NA NA NA NA NA NA NA NA NA NA NA NA NA NA NA
"82" "" 2015-04-15 25.82 "NOP" "" "SAS" "W" 5 NA NA NA NA NA NA NA NA NA NA NA NA NA NA NA NA
"1" "" 2015-10-27 26.35 "NOP" "@" "GSW" "L" -16 NA NA NA NA NA NA NA NA NA NA NA NA NA NA NA NA
"2" "" 2015-10-28 26.36 "NOP" "@" "POR" "L" -18 NA NA NA NA NA NA NA NA NA NA NA NA NA NA NA NA
"3" "1" 2015-10-31 26.36 "NOP" "" "GSW" "L" -14 0 30.4833333333333 0.333 0.333 0 27 11 3.7 0 0 14.3 8.8 70 130 1.3 -8.3
"4" "2" 2015-11-03 26.37 "NOP" "" "ORL" "L" -9 1 28.1666666666667 0.5 0.5 0 29.6 13.5 6.3 1.7 0 0 11.9 100 101 7.3 -1.6
"5" "3" 2015-11-06 26.38 "NOP" "" "ATL" "L" -6 1 29.2833333333333 0.597 0.55 0 20.5 9 4.8 0 0 8.4 18.3 107 128 6.9 -7.4
"6" "4" 2015-11-07 26.38 "NOP" "@" "DAL" "L" -9 1 19.1666666666667 0.5 0.5 0 12.2 6 6.9 0 4.2 0 7.2 110 114 1.3 -5.7
"7" "5" 2015-11-10 26.39 "NOP" "" "DAL" "W" 15 1 24.1333333333333 0.5 0.5 0 29.6 15.1 4.5 0 0 25 7.2 83 106 1.9 -6.6
"8" "6" 2015-11-11 26.39 "NOP" "@" "ATL" "L" -8 1 29.65 0.394 0.375 0 12.1 5.8 9.6 0 0 10.1 14.7 82 114 2.3 -5.4
"9" "7" 2015-11-13 26.4 "NOP" "@" "TOR" "L" -19 0 17.15 0.602 0.5 6.2 6.8 6.5 0 0 0 0 8.9 136 120 2 -8.2
"10" "8" 2015-11-15 26.41 "NOP" "@" "NYK" "L" -8 0 7.33333333333333 0.75 0.75 0 15.6 8.5 25.7 0 9.4 0 13.4 154 100 3.7 19
"11" "9" 2015-11-17 26.41 "NOP" "" "DEN" "L" -17 0 25.7333333333333 0.786 0.786 0 36.3 17.2 0 0 0 0 13.5 146 128 9 -0.3
"12" "10" 2015-11-18 26.41 "NOP" "@" "OKC" "L" -7 0 26.5666666666667 0.5 0.5 8.2 15.7 12 4.6 0 2.7 16.7 9.9 103 114 4.1 -5.1
"13" "" 2015-11-20 26.42 "NOP" "" "SAS" "W" 14 NA NA NA NA NA NA NA NA NA NA NA NA NA NA NA NA
"14" "11" 2015-11-22 26.42 "NOP" "" "PHO" "W" 6 0 7.8 0.515 0.5 0 0 0 18.7 0 0 0 20.5 117 123 1.4 -6
"15" "12" 2015-11-25 26.43 "NOP" "@" "PHO" "W" 6 0 4.4 0 0 0 0 0 0 0 0 0 9.9 0 120 -0.7 -14.3
"16" "13" 2015-11-27 26.44 "NOP" "@" "LAC" "L" -21 0 14.7333333333333 0.68 0.6 5.5 32.6 16.5 0 0 0 0 16.5 145 112 6.8 6.8
"17" "" 2015-11-28 26.44 "NOP" "@" "UTA" "L" -14 NA NA NA NA NA NA NA NA NA NA NA NA NA NA NA NA
"18" "" 2015-12-01 26.45 "NOP" "" "MEM" "L" -9 NA NA NA NA NA NA NA NA NA NA NA NA NA NA NA NA
"19" "" 2015-12-02 26.45 "NOP" "@" "HOU" "L" -7 NA NA NA NA NA NA NA NA NA NA NA NA NA NA NA NA
"20" "14" 2015-12-04 26.46 "NOP" "" "CLE" "W" 6 0 5.35 0 0 0 0 0 0 0 0 0 17.4 0 118 -2.2 -29.6
"21" "15" 2015-12-07 26.47 "NOP" "" "BOS" "L" -18 0 3.96666666666667 0 0 0 0 0 0 0 0 0 10.8 0 124 -0.7 -17.6
"22" "" 2015-12-11 26.48 "NOP" "" "WAS" "W" 2 NA NA NA NA NA NA NA NA NA NA NA NA NA NA NA NA
"23" "" 2015-12-12 26.48 "NOP" "@" "CHI" "L" -4 NA NA NA NA NA NA NA NA NA NA NA NA NA NA NA NA
"24" "" 2015-12-14 26.48 "NOP" "@" "POR" "L" -4 NA NA NA NA NA NA NA NA NA NA NA NA NA NA NA NA
"25" "" 2015-12-16 26.49 "NOP" "@" "UTA" "W" 10 NA NA NA NA NA NA NA NA NA NA NA NA NA NA NA NA
"26" "" 2015-12-18 26.5 "NOP" "@" "PHO" "L" -16 NA NA NA NA NA NA NA NA NA NA NA NA NA NA NA NA
"27" "16" 2015-12-20 26.5 "NOP" "@" "DEN" "W" 5 0 6.53333333333333 0.5 0.5 0 0 0 0 0 0 0 21 101 143 1.3 -9.6
"28" "17" 2015-12-23 26.51 "NOP" "" "POR" "W" 26 0 2.56666666666667 0.5 0.5 0 0 0 0 0 0 0 35.2 94 103 0.6 -14.8
"29" "" 2015-12-25 26.52 "NOP" "@" "MIA" "L" -6 NA NA NA NA NA NA NA NA NA NA NA NA NA NA NA NA
"30" "" 2015-12-26 26.52 "NOP" "" "HOU" "W" 2 NA NA NA NA NA NA NA NA NA NA NA NA NA NA NA NA
"31" "" 2015-12-28 26.52 "NOP" "@" "ORL" "L" -15 NA NA NA NA NA NA NA NA NA NA NA NA NA NA NA NA
"32" "" 2015-12-31 26.53 "NOP" "" "LAC" "L" -6 NA NA NA NA NA NA NA NA NA NA NA NA NA NA NA NA
"33" "" 2016-01-02 26.54 "NOP" "@" "DAL" "W" 7 NA NA NA NA NA NA NA NA NA NA NA NA NA NA NA NA
"34" "" 2016-01-06 26.55 "NOP" "" "DAL" "L" -9 NA NA NA NA NA NA NA NA NA NA NA NA NA NA NA NA
"35" "" 2016-01-08 26.55 "NOP" "" "IND" "L" -5 NA NA NA NA NA NA NA NA NA NA NA NA NA NA NA NA
"36" "18" 2016-01-10 26.56 "NOP" "@" "LAC" "L" -3 0 4.15 0 0 0 0 0 0 0 0 0 10.1 0 110 -1.1 -19.8
"37" "19" 2016-01-12 26.56 "NOP" "@" "LAL" "L" -4 0 5.1 NA NA 0 18.8 9.6 0 0 0 NA 0 0 102 -0.5 -14
"38" "" 2016-01-13 26.57 "NOP" "@" "SAC" "W" 12 NA NA NA NA NA NA NA NA NA NA NA NA NA NA NA NA
"39" "" 2016-01-15 26.57 "NOP" "" "CHO" "W" 2 NA NA NA NA NA NA NA NA NA NA NA NA NA NA NA NA
"40" "" 2016-01-18 26.58 "NOP" "@" "MEM" "L" -2 NA NA NA NA NA NA NA NA NA NA NA NA NA NA NA NA
"41" "" 2016-01-19 26.58 "NOP" "" "MIN" "W" 15 NA NA NA NA NA NA NA NA NA NA NA NA NA NA NA NA
"42" "20" 2016-01-21 26.59 "NOP" "" "DET" "W" 16 0 0.5 NA NA 0 0 0 0 0 0 NA 0 0 119 0 -7.3
"43" "21" 2016-01-23 26.59 "NOP" "" "MIL" "W" 17 0 7.93333333333333 0 0 12.3 0 7.2 0 0 0 0 5.5 72 114 0 -13.6
"44" "22" 2016-01-25 26.6 "NOP" "" "HOU" "L" -1 0 0.0666666666666667 NA NA 0 0 0 0 0 0 NA 0 0 128 0 -9.7
"45" "" 2016-01-28 26.61 "NOP" "" "SAC" "W" 9 NA NA NA NA NA NA NA NA NA NA NA NA NA NA NA NA
"46" "" 2016-01-30 26.61 "NOP" "" "BRK" "W" 2 NA NA NA NA NA NA NA NA NA NA NA NA NA NA NA NA
"47" "" 2016-02-01 26.62 "NOP" "" "MEM" "L" -15 NA NA NA NA NA NA NA NA NA NA NA NA NA NA NA NA
"48" "" 2016-02-03 26.62 "NOP" "@" "SAS" "L" -13 NA NA NA NA NA NA NA NA NA NA NA NA NA NA NA NA
"49" "" 2016-02-04 26.63 "NOP" "" "LAL" "L" -3 NA NA NA NA NA NA NA NA NA NA NA NA NA NA NA NA
"50" "" 2016-02-06 26.63 "NOP" "@" "CLE" "L" -15 NA NA NA NA NA NA NA NA NA NA NA NA NA NA NA NA
"51" "23" 2016-02-08 26.64 "NOP" "@" "MIN" "W" 14 0 14.6333333333333 0.667 0.667 0 0 0 0 0 0 0 17.9 129 114 4.6 0.6
"52" "" 2016-02-10 26.64 "NOP" "" "UTA" "W" 4 NA NA NA NA NA NA NA NA NA NA NA NA NA NA NA NA
"53" "24" 2016-02-11 26.65 "NOP" "@" "OKC" "L" -26 0 8.93333333333333 0.307 0.25 22.4 0 13.3 0 5.4 0 0 24.8 86 119 2.2 -6.8
"54" "" 2016-02-19 26.67 "NOP" "" "PHI" "W" 7 NA NA NA NA NA NA NA NA NA NA NA NA NA NA NA NA
"55" "" 2016-02-21 26.67 "NOP" "@" "DET" "W" 5 NA NA NA NA NA NA NA NA NA NA NA NA NA NA NA NA
"56" "25" 2016-02-23 26.68 "NOP" "@" "WAS" "L" -20 0 3.08333333333333 1.5 1.5 0 33.1 15.1 0 0 0 0 13.7 300 106 3 28.5
"57" "26" 2016-02-25 26.68 "NOP" "" "OKC" "W" 4 0 4.7 NA NA 0 0 0 0 0 0 NA 0 0 131 0 -7.6
"58" "27" 2016-02-27 26.69 "NOP" "" "MIN" "L" -2 0 6.03333333333333 0.5 0.5 0 18.9 9.3 34.5 0 11.5 0 36 105 105 4 11.8
"59" "" 2016-03-02 26.7 "NOP" "@" "HOU" "L" -5 NA NA NA NA NA NA NA NA NA NA NA NA NA NA NA NA
"60" "28" 2016-03-03 26.7 "NOP" "" "SAS" "L" -8 0 16.8 0.375 0.375 0 22 9.5 17.8 0 4.8 20 13.8 72 100 2.2 -1.5
"61" "29" 2016-03-05 26.71 "NOP" "" "UTA" "L" -12 0 0.516666666666667 NA NA 0 0 0 0 0 0 NA 0 0 122 0 -9.8
"62" "" 2016-03-07 26.72 "NOP" "" "SAC" "W" 3 NA NA NA NA NA NA NA NA NA NA NA NA NA NA NA NA
"63" "" 2016-03-09 26.72 "NOP" "@" "CHO" "L" -9 NA NA NA NA NA NA NA NA NA NA NA NA NA NA NA NA
"64" "30" 2016-03-11 26.73 "NOP" "@" "MEM" "L" -7 0 10.65 0.333 0.333 9 18.8 13.8 13.4 0 0 0 11.7 100 112 0.7 -10.1
"65" "31" 2016-03-12 26.73 "NOP" "@" "MIL" "L" -11 1 37.75 0.447 0.441 5.3 21.7 12.9 14.6 1.3 0 0 19.9 103 104 11.9 0.5
"66" "32" 2016-03-14 26.73 "NOP" "@" "GSW" "L" -18 0 34.5666666666667 0.505 0.5 2.5 17.9 8.1 4.9 2.9 0 0 14.2 115 129 9.7 -3.2
"67" "33" 2016-03-16 26.74 "NOP" "@" "SAC" "W" 15 0 12.7166666666667 1.5 1.5 0 8.8 4.7 0 0 0 0 3.6 300 116 3 1
"68" "34" 2016-03-18 26.75 "NOP" "" "POR" "L" -5 0 6.63333333333333 1.5 1.5 0 19.6 9.2 0 0 0 0 7.1 300 123 2.2 3.3
"69" "35" 2016-03-20 26.75 "NOP" "" "LAC" "W" 4 1 29 0.625 0.5 8.7 19.5 14.9 0 0 0 15.2 19.6 116 106 8.9 -2.7
"70" "36" 2016-03-22 26.76 "NOP" "" "MIA" "L" -14 1 35.2 0.578 0.579 8.2 3 5.7 6.7 1.4 0 9.1 26.6 110 120 13.4 1.1
"71" "37" 2016-03-24 26.76 "NOP" "@" "IND" "L" -8 0 24.35 0.125 0.125 0 14.4 6.5 6 2.1 0 20 18.4 26 95 -3.4 -14.3
"72" "38" 2016-03-26 26.77 "NOP" "" "TOR" "L" -24 0 28.1 0.636 0.636 0 20.1 8.1 31.9 0 0 0 18.6 133 130 12.2 5.9
"73" "39" 2016-03-28 26.77 "NOP" "" "NYK" "W" 8 1 24.4166666666667 0.902 0.833 0 16.7 8.8 16.3 2 0 0 14.6 183 94 14.2 11.6
"74" "40" 2016-03-30 26.78 "NOP" "@" "SAS" "L" -8 0 19.3333333333333 0.601 0.571 0 12.7 6.1 19 0 0 19.4 24.4 100 114 5.5 -2.7
"75" "41" 2016-03-31 26.78 "NOP" "" "DEN" "W" 6 1 36.45 0.425 0.4 5.7 23.4 14.5 14 2.8 2.4 10.4 34.6 89 96 12.9 -3.1
"76" "42" 2016-04-03 26.79 "NOP" "@" "BRK" "W" 19 1 33.2 0.643 0.633 0 3 1.8 19 0 2.3 0 24 130 107 15.1 2.9
"77" "43" 2016-04-05 26.79 "NOP" "@" "PHI" "L" -14 1 31.0666666666667 0.5 0.5 7 20.2 13.7 17.7 0 0 11.1 26.2 104 120 9.7 -2.4
"78" "44" 2016-04-06 26.8 "NOP" "@" "BOS" "L" -7 0 33.2333333333333 0.512 0.462 0 23.6 12.8 21.6 0 0 0 20.5 115 107 12.9 4.5
"79" "45" 2016-04-08 26.8 "NOP" "" "LAL" "W" 8 0 23.9833333333333 0.845 0.813 0 13.6 7.8 25 2.2 0 10.1 19 157 109 14.3 12
"80" "46" 2016-04-09 26.81 "NOP" "" "PHO" "L" -21 0 34.2333333333333 0.491 0.438 2.5 28 13.3 9.6 0 0 0 21.2 110 121 11.1 -4.3
"81" "47" 2016-04-11 26.81 "NOP" "" "CHI" "L" -5 1 34.7333333333333 0.309 0.2 13.8 4.9 10.2 14.5 0 0 20.9 19.3 86 140 2.5 -15.6
"82" "" 2016-04-13 26.82 "NOP" "@" "MIN" "L" -35 NA NA NA NA NA NA NA NA NA NA NA NA NA NA NA NA
"1" "1" 2016-10-26 27.35 "MIA" "@" "ORL" "W" 12 1 18.8 0.4 0.4 0 5 2.6 13 0 0 0 22.4 102 110 3.5 -3.3
"2" "2" 2016-10-28 27.36 "MIA" "" "CHO" "L" -6 1 19.8 0.6 0.6 0 13.5 7.2 0 0 0 0 10.7 119 103 3.8 2.3
"3" "3" 2016-10-30 27.36 "MIA" "" "SAS" "L" -7 1 25.2166666666667 0.5 0.5 0 21.6 11.9 22.9 0 0 0 11 121 115 6.1 3.7
"4" "4" 2016-11-01 27.37 "MIA" "" "SAC" "W" 12 1 24.0333333333333 0.53 0.5 0 9.2 4.5 0 2.1 0 0 18.3 100 96 5.7 -0.6
"5" "5" 2016-11-04 27.38 "MIA" "@" "TOR" "L" -9 1 26.6833333333333 0.3 0.3 3.7 16.4 9.7 0 0 0 0 8.4 76 110 1.8 -6.5
"6" "6" 2016-11-07 27.38 "MIA" "@" "OKC" "L" -12 1 23.3666666666667 0.619 0.563 8.4 10.5 9.3 0 2.2 0 10.1 19.2 121 107 9 4.1
"7" "7" 2016-11-10 27.39 "MIA" "" "CHI" "L" -3 1 15.55 0.5 0.5 0 0 0 0 0 0 0 8.6 106 118 0.5 -7.7
"8" "8" 2016-11-12 27.4 "MIA" "" "UTA" "L" -11 1 5.25 0 0 0 22.3 10.9 0 0 0 0 28.2 0 114 -1.8 -28.8
"9" "9" 2016-11-14 27.4 "MIA" "@" "SAS" "L" -4 0 7.53333333333333 NA NA 0 0 0 0 0 0 NA 0 0 114 -0.4 -11.1
"10" "10" 2016-11-15 27.41 "MIA" "" "ATL" "L" -3 0 5.55 0 0 0 46.7 20.8 0 0 0 33.3 22 0 98 -1.8 -23
"11" "11" 2016-11-17 27.41 "MIA" "" "MIL" "W" 23 0 2.88333333333333 NA NA 0 30.8 15.6 0 0 0 NA 0 0 77 -0.1 -9.8
"12" "12" 2016-11-19 27.42 "MIA" "@" "WAS" "W" 3 0 8.21666666666667 0.75 0.75 0 0 0 0 6.2 0 50 20.8 65 114 1 -3
"13" "13" 2016-11-21 27.42 "MIA" "@" "PHI" "L" -7 0 10.7333333333333 1.5 1.5 0 24.8 9.9 15.1 0 0 66.7 11.8 79 115 1.6 -2.9
"14" "14" 2016-11-23 27.43 "MIA" "@" "DET" "L" -23 0 18.0833333333333 0.5 0.5 5.8 6.6 6.2 0 0 0 28.6 18.2 69 120 -0.3 -12.3
"15" "15" 2016-11-25 27.43 "MIA" "@" "MEM" "W" 9 0 20.2 0.625 0.625 0 4.8 2.5 8.4 0 3.8 0 9.4 133 99 4.3 1
"16" "16" 2016-11-26 27.44 "MIA" "" "MEM" "L" -3 0 16.15 0.102 0 0 18 8.1 0 0 0 0 14.4 24 126 -2 -17.9
"17" "17" 2016-11-28 27.44 "MIA" "" "BOS" "L" -8 1 23.2333333333333 0.286 0.286 0 10.3 5.1 6.1 2.1 0 0 13.5 66 116 2.2 -6.1
"18" "18" 2016-11-30 27.45 "MIA" "@" "DEN" "W" 8 1 23.0166666666667 0.611 0.611 0 4.1 2 0 2.1 0 0 17 116 103 6 -1.7
"19" "19" 2016-12-01 27.45 "MIA" "@" "UTA" "W" 1 1 7.86666666666667 0.568 NA 0 0 0 0 7.2 0 0 5.4 122 119 1.2 -1.2
"20" "" 2016-12-03 27.45 "MIA" "@" "POR" "L" -7 NA NA NA NA NA NA NA NA NA NA NA NA NA NA NA NA
"21" "" 2016-12-06 27.46 "MIA" "" "NYK" "L" -11 NA NA NA NA NA NA NA NA NA NA NA NA NA NA NA NA
"22" "" 2016-12-07 27.47 "MIA" "@" "ATL" "L" -8 NA NA NA NA NA NA NA NA NA NA NA NA NA NA NA NA
"23" "" 2016-12-09 27.47 "MIA" "@" "CLE" "L" -30 NA NA NA NA NA NA NA NA NA NA NA NA NA NA NA NA
"24" "" 2016-12-10 27.47 "MIA" "@" "CHI" "L" -5 NA NA NA NA NA NA NA NA NA NA NA NA NA NA NA NA
"25" "" 2016-12-12 27.48 "MIA" "" "WAS" "W" 11 NA NA NA NA NA NA NA NA NA NA NA NA NA NA NA NA
"26" "" 2016-12-14 27.48 "MIA" "" "IND" "W" 6 NA NA NA NA NA NA NA NA NA NA NA NA NA NA NA NA
"27" "20" 2016-12-16 27.49 "MIA" "" "LAC" "L" -4 0 7.65 0 0 0 28.5 12.9 0 0 0 0 11.6 0 107 -1.6 -19.2
"28" "21" 2016-12-18 27.5 "MIA" "" "BOS" "L" -10 0 4.61666666666667 0 0 0 0 0 0 10.9 0 0 20.2 0 95 -0.4 -11.9
"29" "22" 2016-12-20 27.5 "MIA" "" "ORL" "L" -6 0 15.1 0.82 0.75 0 17.1 8.1 0 0 4.6 0 14.5 166 112 6.9 8.6
"30" "23" 2016-12-22 27.51 "MIA" "" "LAL" "W" 8 0 5.93333333333333 0 0 0 17.6 9.3 0 0 0 0 7.7 0 115 -0.8 -17.2
"31" "24" 2016-12-23 27.51 "MIA" "@" "NOP" "L" -4 0 12.55 0.625 0.625 7.5 0 3.5 0 4 0 0 14.3 130 96 4.3 6.4
"32" "" 2016-12-27 27.52 "MIA" "" "OKC" "L" -12 NA NA NA NA NA NA NA NA NA NA NA NA NA NA NA NA
"33" "25" 2016-12-29 27.53 "MIA" "@" "CHO" "L" -9 1 20.9833333333333 0.7 0.7 0 12.9 6.9 8.8 0 6.8 0 11 128 95 6.9 5.1
"34" "26" 2016-12-30 27.53 "MIA" "@" "BOS" "L" -3 1 16 0.625 0.625 0 17.1 8.7 7.1 0 0 0 11.3 133 132 3.9 -4.6
"35" "27" 2017-01-01 27.53 "MIA" "" "DET" "L" -9 1 17.4833333333333 0.7 0.7 0 20.1 10 10.3 0 0 0 14.5 131 116 4.3 -4.3
"36" "28" 2017-01-03 27.54 "MIA" "@" "PHO" "L" -9 1 22.7166666666667 0.295 0.318 0 25.8 11.5 0 0 0 0 22.8 66 109 0.4 -11.8
"37" "29" 2017-01-04 27.54 "MIA" "@" "SAC" "W" 5 1 16.9333333333333 1.125 1.125 0 31.5 17.4 0 0 0 33.3 16.6 105 113 5.4 1.3
"38" "30" 2017-01-06 27.55 "MIA" "@" "LAL" "L" -27 1 7.95 0 0 0 0 0 0 0 0 0 15.9 0 135 -2.5 -24.7
"39" "" 2017-01-08 27.55 "MIA" "@" "LAC" "L" -12 NA NA NA NA NA NA NA NA NA NA NA NA NA NA NA NA
"40" "31" 2017-01-10 27.56 "MIA" "@" "GSW" "L" -12 1 18.1666666666667 0.167 0.167 0 5.9 2.8 0 0 0 0 14.6 34 112 -1.5 -12
"41" "32" 2017-01-13 27.57 "MIA" "@" "MIL" "L" -8 1 31.7166666666667 0.889 0.889 0 16.8 8.3 9.5 0 4.7 0 13.8 157 129 14.9 7
"42" "33" 2017-01-17 27.58 "MIA" "" "HOU" "W" 6 1 16.8833333333333 0 0 0 21.9 11.3 0 0 0 0 7.4 0 101 -1.3 -9.8
"43" "34" 2017-01-19 27.58 "MIA" "" "DAL" "W" 4 1 16.9 0.5 0.5 0 21.8 11.7 0 0 0 0 8.6 102 108 1.4 -3.5
"44" "35" 2017-01-21 27.59 "MIA" "" "MIL" "W" 12 1 18.4333333333333 0.625 0.625 7.7 17 13 0 5.8 0 0 10.7 134 98 5 3
"45" "36" 2017-01-23 27.59 "MIA" "" "GSW" "W" 3 1 26.0166666666667 0.799 0.75 3.9 22.5 12.6 5.7 1.9 0 0 11.4 169 102 10.7 8.3
"46" "37" 2017-01-25 27.6 "MIA" "@" "BRK" "W" 3 1 13.8833333333333 0 0 0 27.3 14.2 8.6 0 0 0 10 23 113 -1.7 -15.8
"47" "38" 2017-01-27 27.61 "MIA" "@" "CHI" "W" 12 1 16.15 0.5 0.5 0 7.1 3.6 7.8 3.1 0 0 8.6 110 93 2.5 -1.6
"48" "39" 2017-01-28 27.61 "MIA" "" "DET" "W" 13 1 13.4833333333333 1.5 1.5 9.4 17 13.3 0 0 0 25 14.1 192 115 7.2 12.9
"49" "40" 2017-01-30 27.61 "MIA" "" "BRK" "W" 8 1 7.2 0.75 0.75 0 30.3 15.3 0 0 0 33.3 19.4 83 100 1.6 -3
"50" "41" 2017-02-01 27.62 "MIA" "" "ATL" "W" 23 1 19.1166666666667 0.8 0.8 0 5.5 2.8 6.7 5 4.2 28.6 15.5 107 90 6.6 5.6
"51" "42" 2017-02-04 27.63 "MIA" "" "PHI" "W" 23 1 24.75 0.68 0.6 0 4.3 2.4 4.4 0 0 14.5 11.8 125 105 3.7 -2.9
"52" "43" 2017-02-06 27.63 "MIA" "@" "MIN" "W" 2 1 13.0833333333333 0.3 0.3 0 0 0 0 0 0 0 16.8 73 128 -1.3 -17.4
"53" "44" 2017-02-08 27.64 "MIA" "@" "MIL" "W" 18 1 19.5 0 0 11.7 0 6.1 6 0 0 14.3 15.8 32 104 -3.9 -18.5
"54" "45" 2017-02-10 27.64 "MIA" "@" "BRK" "W" 9 1 9.83333333333333 1.5 1.5 0 10.2 5.2 13.5 0 0 0 4.2 280 107 3.3 7.3
"55" "46" 2017-02-11 27.65 "MIA" "@" "PHI" "L" -8 1 7.03333333333333 NA NA 0 41.8 23.5 17.5 0 0 NA 0 218 111 0 -5.3
"56" "47" 2017-02-13 27.65 "MIA" "" "ORL" "L" -9 1 12.1666666666667 1.5 1.5 0 8.6 4.4 0 0 0 0 3.6 300 122 2.6 1.7
"57" "48" 2017-02-15 27.66 "MIA" "@" "HOU" "W" 8 1 17.4833333333333 1.125 1.125 0 0 0 7.7 0 5.8 20 13 157 127 7.4 11
"58" "49" 2017-02-24 27.68 "MIA" "@" "ATL" "W" 18 1 13.9 0.75 0.75 6.6 36.7 20.9 0 0 0 11.1 26.6 120 92 7.2 7.4
"59" "50" 2017-02-25 27.68 "MIA" "" "IND" "W" 18 1 14.7666666666667 0.9 0.9 7.9 14.4 11.3 11.5 3.4 0 0 15.1 180 98 9.3 17.6
"60" "51" 2017-02-27 27.69 "MIA" "@" "DAL" "L" -7 1 16.0166666666667 0 0 0 34.8 17.2 0 0 0 0 2.9 0 111 0.4 -10.4
"61" "52" 2017-03-01 27.7 "MIA" "" "PHI" "W" 27 1 22.8 0.9 0.9 0 19.1 10.3 4.9 0 6.2 16.7 11.3 142 98 8.2 5.3
"62" "53" 2017-03-03 27.7 "MIA" "@" "ORL" "L" -11 1 14.35 1 1 0 0 0 0 0 0 0 9 187 122 4.3 2.2
"63" "54" 2017-03-04 27.7 "MIA" "" "CLE" "W" 28 1 13.5666666666667 1.125 1.125 0 0 0 10 0 0 0 13.7 232 112 6.5 12.2
"64" "55" 2017-03-06 27.71 "MIA" "@" "CLE" "W" 8 1 8.9 0.375 0.375 0 26.3 12 0 0 10.6 0 20.7 75 100 1.9 -1.9
"65" "56" 2017-03-08 27.72 "MIA" "" "CHO" "W" 7 1 18.4833333333333 0.75 0.75 0 26.6 12.2 0 0 0 11.1 21.7 123 114 8.2 6.2
"66" "57" 2017-03-11 27.72 "MIA" "" "TOR" "W" 15 1 20.4833333333333 0.75 0.75 0 4.9 2.8 23.2 5.1 0 20 11.9 126 96 5.8 6.5
"67" "58" 2017-03-12 27.73 "MIA" "@" "IND" "L" -4 1 10.7666666666667 0 0 0 0 0 0 0 0 0 8.2 0 121 -2.2 -18.5
"68" "59" 2017-03-15 27.73 "MIA" "" "NOP" "W" 8 1 15.5333333333333 0 0 0 22.6 11.2 7 0 0 0 11.2 22 115 -2.8 -17.6
"69" "60" 2017-03-17 27.74 "MIA" "" "MIN" "W" 18 1 18.2833333333333 0.8 0.8 0 13.5 7.7 0 0 0 28.6 17 103 119 3.9 -4
"70" "61" 2017-03-19 27.75 "MIA" "" "POR" "L" -11 1 17.2333333333333 0.75 0.75 0 21.4 10.2 14.6 0 0 0 5.3 176 132 3.9 0.2
"71" "62" 2017-03-21 27.75 "MIA" "" "PHO" "W" 15 1 16.2833333333333 0.375 0.375 0 35.1 16.4 0 2.9 0 20 12.3 68 90 1.3 -6.1
"72" "63" 2017-03-23 27.76 "MIA" "" "TOR" "L" -17 1 14.9333333333333 0 0 0 0 0 0 0 0 33.3 8.9 0 116 -3.6 -19.9
"73" "64" 2017-03-26 27.76 "MIA" "@" "BOS" "L" -4 1 19.2333333333333 0.563 0.563 0 15.6 6.7 0 0 0 0 17.1 131 125 5.2 1.2
"74" "65" 2017-03-28 27.77 "MIA" "@" "DET" "W" 1 1 13.7 0.833 0.833 0 7.2 3.7 36.3 3.9 0 0 10.2 180 105 6.3 15.3
"75" "66" 2017-03-29 27.77 "MIA" "@" "NYK" "W" 17 1 15.5166666666667 0.75 0.75 0 6.3 3.4 0 0 0 0 6.1 146 107 0.7 -7
"76" "67" 2017-03-31 27.78 "MIA" "" "NYK" "L" -4 1 15.6666666666667 0.417 0.417 0 0 0 0 0 0 0 17.2 90 114 1.6 -5.7
"77" "68" 2017-04-02 27.78 "MIA" "" "DEN" "L" -3 1 12.6 1 1 0 19 9.4 12.5 3.9 0 0 14.3 188 114 8.3 16.2
"78" "" 2017-04-05 27.79 "MIA" "@" "CHO" "W" 13 NA NA NA NA NA NA NA NA NA NA NA NA NA NA NA NA
"79" "" 2017-04-07 27.8 "MIA" "@" "TOR" "L" -2 NA NA NA NA NA NA NA NA NA NA NA NA NA NA NA NA
"80" "" 2017-04-08 27.8 "MIA" "@" "WAS" "W" 3 NA NA NA NA NA NA NA NA NA NA NA NA NA NA NA NA
"81" "" 2017-04-10 27.81 "MIA" "" "CLE" "W" 3 NA NA NA NA NA NA NA NA NA NA NA NA NA NA NA NA
"82" "" 2017-04-12 27.81 "MIA" "" "WAS" "W" 8 NA NA NA NA NA NA NA NA NA NA NA NA NA NA NA NA
"1" "1" 2017-10-18 28.33 "ATL" "@" "DAL" "W" 6 0 8.91666666666667 0.833 0.833 11.7 0 5.9 0 0 0 0 14.2 176 124 4.4 5.2
"2" "2" 2017-10-20 28.33 "ATL" "@" "CHO" "L" -18 0 16.0666666666667 0.444 0.357 0 6.8 3.1 0 2.8 0 11.3 23.2 79 105 2.4 -4.9
"3" "3" 2017-10-22 28.34 "ATL" "@" "BRK" "L" -12 0 5.95 0 0 0 35.9 16.3 0 0 0 50 12.8 0 106 -1.9 -23.3
"4" "4" 2017-10-23 28.34 "ATL" "@" "MIA" "L" -11 0 23.4166666666667 0.9 0.9 0 4.6 2.5 0 0 0 16.7 11.8 140 113 5.6 -0.3
"5" "5" 2017-10-26 28.35 "ATL" "@" "CHI" "L" -5 0 13.8166666666667 0 0 0 6.8 3.4 0 0 0 0 10.8 0 111 -2.2 -20.3
"6" "6" 2017-10-27 28.35 "ATL" "" "DEN" "L" -5 0 0.4 NA NA 0 0 0 0 0 0 NA 0 0 111 -0.4 -54.9
"7" "7" 2017-10-29 28.36 "ATL" "" "MIL" "L" -11 0 14.4833333333333 0.5 0.5 0 40.2 17.9 11.3 0 0 0 15.9 98 122 3.8 -3.5
"8" "8" 2017-11-01 28.37 "ATL" "@" "PHI" "L" -10 0 24.9333333333333 0.667 0.667 0 18.5 9.4 0 0 0 14.3 21.8 107 114 9.5 0.8
"9" "9" 2017-11-03 28.37 "ATL" "" "HOU" "L" -15 0 26.5666666666667 1.2 1.2 0 12 6.4 5.7 0 0 0 8.4 229 126 11.3 8
"10" "10" 2017-11-05 28.38 "ATL" "@" "CLE" "W" 2 1 41.6166666666667 0.612 0.615 0 7.2 3.8 6.8 1.1 1.9 0 13.6 130 115 13.1 3.2
"11" "11" 2017-11-06 28.38 "ATL" "" "BOS" "L" -3 1 24.5166666666667 0.922 1 0 25.8 12.6 5.9 0 4.4 17 11.1 138 116 7.3 1.9
"12" "12" 2017-11-10 28.39 "ATL" "@" "DET" "L" -7 1 27.1666666666667 0.935 1 4.2 22.9 14.7 14.4 3.7 0 25.4 12.8 135 107 12 5.4
"13" "13" 2017-11-11 28.39 "ATL" "@" "WAS" "L" -19 1 31.8 0.313 0.313 7.4 18.3 12.2 9.7 0 0 27.3 14.5 65 117 -0.4 -10.9
"14" "14" 2017-11-13 28.4 "ATL" "@" "NOP" "L" -1 1 29.95 0.545 0.545 0 14.6 6.5 4.8 0 0 15.4 19.5 93 120 4.3 -7.3
"15" "15" 2017-11-15 28.41 "ATL" "" "SAC" "W" 46 1 11.05 0.929 0.929 0 7.9 5.3 0 0 7.2 0 29.2 173 88 11.1 20.8
"16" "16" 2017-11-18 28.41 "ATL" "" "BOS" "L" -11 1 24.9833333333333 0.458 0.458 0 10.1 5.1 13.1 2.1 0 0 23.1 96 119 6.8 -0.2
"17" "17" 2017-11-20 28.42 "ATL" "@" "SAS" "L" -11 1 7.18333333333333 0 0 0 0 0 18.1 0 0 0 19.4 20 114 -1.8 -19.1
"18" "" 2017-11-22 28.42 "ATL" "" "LAC" "L" -13 NA NA NA NA NA NA NA NA NA NA NA NA NA NA NA NA
"19" "" 2017-11-24 28.43 "ATL" "" "NYK" "W" 12 NA NA NA NA NA NA NA NA NA NA NA NA NA NA NA NA
"20" "" 2017-11-25 28.43 "ATL" "" "TOR" "L" -34 NA NA NA NA NA NA NA NA NA NA NA NA NA NA NA NA
"21" "18" 2017-11-30 28.45 "ATL" "" "CLE" "L" -7 1 18.4666666666667 0.82 0.75 0 0 0 14.5 0 0 0 11.9 176 137 6.6 3.4
"22" "19" 2017-12-02 28.45 "ATL" "@" "BRK" "W" 12 0 20.7333333333333 0.969 1 0 10.1 5 7.5 0 0 0 21.1 195 115 17 18.1
"23" "20" 2017-12-04 28.46 "ATL" "" "BRK" "L" -20 0 16.1666666666667 0.5 0.5 0 14.5 6.6 22 0 0 25 10.6 88 115 1.9 -4.1
"24" "21" 2017-12-06 28.46 "ATL" "@" "ORL" "L" -4 0 13.4333333333333 0.75 0.75 0 15.5 7.8 0 0 0 0 6.6 142 106 2.2 -2.9
"25" "22" 2017-12-09 28.47 "ATL" "" "ORL" "W" 7 0 15.5833333333333 0 0 0 60.1 31.2 0 0 0 0 3 0 112 1.7 -10.7
"26" "23" 2017-12-10 28.47 "ATL" "@" "NYK" "L" -4 0 20.7166666666667 0.922 1 0 19.9 10.2 0 0 0 0 10.6 172 117 7.1 3.1
"27" "24" 2017-12-12 28.48 "ATL" "@" "CLE" "L" -9 0 21.5666666666667 0.5 0.5 0 20.2 9 0 2.3 4.6 0 14.5 102 125 5.1 -5.6
"28" "25" 2017-12-14 28.48 "ATL" "" "DET" "L" -14 0 17.4833333333333 0.608 0.375 0 20.1 10.3 9.4 0 0 0 16.2 135 118 5.8 -2.2
"29" "26" 2017-12-15 28.49 "ATL" "@" "MEM" "L" -2 0 12.5333333333333 0.333 0.333 0 10.1 4.9 12.7 0 0 0 11.4 83 111 0.9 -10
"30" "27" 2017-12-18 28.5 "ATL" "" "MIA" "W" 6 0 4.71666666666667 0 0 0 0 0 0 0 0 0 9.4 0 114 -0.7 -17
"31" "28" 2017-12-20 28.5 "ATL" "" "IND" "L" -10 0 9.15 0 0 0 0 0 15 0 0 0 15.3 22 125 -1.4 -18.3
"32" "" 2017-12-22 28.51 "ATL" "@" "OKC" "L" -3 NA NA NA NA NA NA NA NA NA NA NA NA NA NA NA NA
"33" "" 2017-12-23 28.51 "ATL" "" "DAL" "W" 5 NA NA NA NA NA NA NA NA NA NA NA NA NA NA NA NA
"34" "" 2017-12-27 28.52 "ATL" "" "WAS" "W" 14 NA NA NA NA NA NA NA NA NA NA NA NA NA NA NA NA
"35" "" 2017-12-29 28.53 "ATL" "@" "TOR" "L" -13 NA NA NA NA NA NA NA NA NA NA NA NA NA NA NA NA
"36" "" 2017-12-30 28.53 "ATL" "" "POR" "W" 15 NA NA NA NA NA NA NA NA NA NA NA NA NA NA NA NA
"37" "" 2018-01-02 28.54 "ATL" "@" "PHO" "L" -1 NA NA NA NA NA NA NA NA NA NA NA NA NA NA NA NA
"38" "29" 2018-01-05 28.55 "ATL" "@" "POR" "L" -21 0 8.26666666666667 0.615 0.5 0 17.1 7 24 0 0 29.1 18.2 97 121 1.6 -5
"39" "30" 2018-01-07 28.55 "ATL" "@" "LAL" "L" -19 0 4.88333333333333 0.532 0 0 29.8 11.4 0 0 0 0 15.5 121 126 1.6 -5.1
"40" "" 2018-01-08 28.55 "ATL" "@" "LAC" "L" -1 NA NA NA NA NA NA NA NA NA NA NA NA NA NA NA NA
"41" "" 2018-01-10 28.56 "ATL" "@" "DEN" "W" 13 NA NA NA NA NA NA NA NA NA NA NA NA NA NA NA NA
"42" "" 2018-01-12 28.56 "ATL" "" "BRK" "L" -5 NA NA NA NA NA NA NA NA NA NA NA NA NA NA NA NA
"43" "" 2018-01-15 28.57 "ATL" "" "SAS" "W" 3 NA NA NA NA NA NA NA NA NA NA NA NA NA NA NA NA
"44" "" 2018-01-17 28.58 "ATL" "" "NOP" "W" 1 NA NA NA NA NA NA NA NA NA NA NA NA NA NA NA NA
"45" "31" 2018-01-20 28.59 "ATL" "" "CHI" "L" -16 0 4.86666666666667 1.5 1.5 0 24.7 10.6 0 0 0 0 17.1 300 114 5.7 36.1
"46" "32" 2018-01-22 28.59 "ATL" "" "UTA" "W" 14 0 11.2166666666667 1.25 1.25 0 31.3 15.5 0 0 0 0 8.1 250 96 3.7 3.7
"47" "33" 2018-01-24 28.6 "ATL" "" "TOR" "L" -15 0 16.1666666666667 0.75 0.75 0 12.6 6 10.6 0 5.6 0 15.2 151 109 8 12.4
"48" "" 2018-01-26 28.6 "ATL" "@" "CHO" "L" -11 NA NA NA NA NA NA NA NA NA NA NA NA NA NA NA NA
"49" "34" 2018-01-27 28.61 "ATL" "" "WAS" "L" -25 0 3.68333333333333 0.25 0.25 31 0 18.6 52.2 0 0 0 47.7 83 143 1 -11.7
"50" "" 2018-01-29 28.61 "ATL" "" "MIN" "W" 5 NA NA NA NA NA NA NA NA NA NA NA NA NA NA NA NA
"51" "35" 2018-01-31 28.62 "ATL" "" "CHO" "L" -13 0 3.58333333333333 1 1 0 0 0 0 0 0 0 14 200 143 1.7 1.5
"52" "36" 2018-02-02 28.62 "ATL" "@" "BOS" "L" -9 0 2.15 0 0 0 100 57.2 65.7 0 0 0 20.9 50 108 0.6 -1.6
"53" "" 2018-02-04 28.63 "ATL" "@" "NYK" "W" 3 NA NA NA NA NA NA NA NA NA NA NA NA NA NA NA NA
"54" "37" 2018-02-06 28.63 "ATL" "" "MEM" "W" 26 0 12 0.75 0.75 0 0 0 0 4.2 0 0 15.2 138 87 4.6 5.5
"55" "" 2018-02-09 28.64 "MIA" "" "MIL" "W" 6 NA NA NA NA NA NA NA NA NA NA NA NA NA NA NA NA
"56" "" 2018-02-13 28.65 "MIA" "@" "TOR" "L" -3 NA NA NA NA NA NA NA NA NA NA NA NA NA NA NA NA
"57" "38" 2018-02-14 28.65 "MIA" "@" "PHI" "L" -2 0 8.88333333333333 1 1 0 0 0 0 0 0 25 21.7 106 122 2.9 3.1
"58" "39" 2018-02-23 28.68 "MIA" "@" "NOP" "L" -1 0 5.83333333333333 0 0 0 15.7 8 0 0 0 0 6.9 0 110 -1.2 -17.4
"59" "40" 2018-02-24 28.68 "MIA" "" "MEM" "W" 26 0 10.1833333333333 0 0 10.5 41.9 26.2 11.5 0 0 25 17 36 95 -0.5 -17.9
"60" "" 2018-02-27 28.69 "MIA" "" "PHI" "W" 1 NA NA NA NA NA NA NA NA NA NA NA NA NA NA NA NA
"61" "41" 2018-03-01 28.7 "MIA" "" "LAL" "L" -18 0 1.26666666666667 0 0 0 0 0 0 0 0 0 33.5 0 143 -0.7 -43.1
"62" "42" 2018-03-03 28.7 "MIA" "" "DET" "W" 9 1 24.8333333333333 0.5 0.5 0 8.2 4.2 6.2 2.1 0 0 16.2 119 107 6.2 1.2
"63" "43" 2018-03-05 28.71 "MIA" "" "PHO" "W" 22 1 25.8 0.545 0.545 0 4 2 0 0 3 0 18.3 119 113 6.1 -6.4
"64" "44" 2018-03-06 28.71 "MIA" "@" "WAS" "L" -4 1 5.55 0.75 0.75 0 0 0 0 0 0 33.3 23.9 83 125 1 -3.7
"65" "" 2018-03-08 28.72 "MIA" "" "PHI" "W" 9 NA NA NA NA NA NA NA NA NA NA NA NA NA NA NA NA
"66" "45" 2018-03-10 28.72 "MIA" "" "WAS" "W" 27 0 10.4333333333333 0 0 0 10.2 5.6 8.8 0 8.1 25 17.2 18 103 -1.8 -15.7
"67" "" 2018-03-12 28.73 "MIA" "@" "POR" "L" -16 NA NA NA NA NA NA NA NA NA NA NA NA NA NA NA NA
"68" "46" 2018-03-14 28.73 "MIA" "@" "SAC" "L" -4 1 13.6833333333333 0 0 0 8.4 4 0 0 0 0 9.5 0 121 -1.8 -16.3
"69" "" 2018-03-16 28.74 "MIA" "@" "LAL" "W" 1 NA NA NA NA NA NA NA NA NA NA NA NA NA NA NA NA
"70" "" 2018-03-19 28.75 "MIA" "" "DEN" "W" 8 NA NA NA NA NA NA NA NA NA NA NA NA NA NA NA NA
"71" "47" 2018-03-21 28.75 "MIA" "" "NYK" "W" 21 0 5.03333333333333 0 0 0 0 0 0 0 0 0 9.9 0 120 -0.7 -18
"72" "" 2018-03-23 28.76 "MIA" "@" "OKC" "L" -6 NA NA NA NA NA NA NA NA NA NA NA NA NA NA NA NA
"73" "" 2018-03-25 28.76 "MIA" "@" "IND" "L" -6 NA NA NA NA NA NA NA NA NA NA NA NA NA NA NA NA
"74" "48" 2018-03-27 28.77 "MIA" "" "CLE" "W" 19 0 1.6 NA NA 0 0 0 0 0 0 NA 0 0 100 0 -5.3
"75" "" 2018-03-29 28.77 "MIA" "" "CHI" "W" 11 NA NA NA NA NA NA NA NA NA NA NA NA NA NA NA NA
"76" "" 2018-03-31 28.78 "MIA" "" "BRK" "L" -1 NA NA NA NA NA NA NA NA NA NA NA NA NA NA NA NA
"77" "" 2018-04-03 28.79 "MIA" "" "ATL" "W" 3 NA NA NA NA NA NA NA NA NA NA NA NA NA NA NA NA
"78" "49" 2018-04-04 28.79 "MIA" "@" "ATL" "W" 29 1 24.85 0.25 0.25 4 10.7 7.6 9.6 0 0 0 10.3 83 95 2.2 -7
"79" "50" 2018-04-06 28.79 "MIA" "@" "NYK" "L" -24 0 6.66666666666667 0 0 0 0 0 0 0 0 0 26.3 0 130 -2.8 -30.8
"80" "" 2018-04-09 28.8 "MIA" "" "OKC" "L" -22 NA NA NA NA NA NA NA NA NA NA NA NA NA NA NA NA
"81" "" 2018-04-11 28.81 "MIA" "" "TOR" "W" 7 NA NA NA NA NA NA NA NA NA NA NA NA NA NA NA NA
