"Rk" "G" "Date" "Age" "Tm" "H/A" "Opp" "W/L" "By Amt" "GS" "MP" "TS%" "eFG%" "ORB%" "DRB%" "TRB%" "AST%" "STL%" "BLK%" "TOV%" "USG%" "ORtg" "DRtg" "GmSc" "BPM"
"1" "1" 2006-11-01 21.02 "TOR" "@" "NJN" "L" -10 0 8.86666666666667 0.333 0.333 10.8 13.5 12 0 0 18 25 18.4 60 89 0.5 -6
"2" "2" 2006-11-03 21.02 "TOR" "" "MIL" "W" 17 0 10.2 0.34 0.4 35.3 22.4 28.7 0 0 7.1 14.5 30.1 82 97 2.5 -10.5
"3" "3" 2006-11-05 21.03 "TOR" "" "SAS" "L" -9 0 11.4166666666667 0.538 0.5 10 11.1 10.5 0 0 0 0 30.3 119 117 4.1 0.7
"4" "4" 2006-11-08 21.04 "TOR" "" "PHI" "W" 2 0 6.3 0 0 0 0 0 0 0 0 0 19.7 0 117 -2.1 -24.1
"5" "5" 2006-11-10 21.04 "TOR" "" "ATL" "L" -9 0 9.68333333333333 0.667 0.667 0 12.4 5.6 0 0 0 40 22.5 65 116 -0.6 -18.1
"6" "6" 2006-11-12 21.05 "TOR" "@" "SAC" "L" -15 0 13.0666666666667 0.68 0.6 0 10.5 4.7 0 0 0 0 19.6 140 115 5.6 3.5
"7" "7" 2006-11-14 21.05 "TOR" "@" "GSW" "L" -11 0 12.85 0.394 0.375 25.5 7.3 15.7 0 0 0 10.1 31.7 90 117 2.4 -10.8
"8" "8" 2006-11-17 21.06 "TOR" "@" "LAL" "L" -7 0 6.41666666666667 0.21 0 0 0 0 0 0 0 17.4 39.8 38 115 -3.9 -43
"9" "9" 2006-11-18 21.06 "TOR" "@" "DEN" "L" -8 0 5.41666666666667 0.5 0.5 0 19.7 9.3 0 0 0 0 16 95 119 0.9 -9.8
"10" "10" 2006-11-20 21.07 "TOR" "@" "UTA" "L" -5 0 27.2 0.778 0.643 8 4.1 6.1 0 1.9 5.2 0 16.5 166 108 14.2 9
"11" "11" 2006-11-22 21.07 "TOR" "" "CLE" "W" 8 0 24.8833333333333 0.474 0.438 5.1 15.7 11.1 14.7 0 2.8 0 16.5 113 100 6 3.2
"12" "12" 2006-11-24 21.08 "TOR" "@" "ATL" "L" -4 0 24.55 0.379 0.318 13.3 4.9 9.3 0 2.1 0 7.8 24.2 86 104 3.7 -6.2
"13" "13" 2006-11-26 21.08 "TOR" "" "IND" "W" 9 0 22.65 0.589 0.545 4.8 0 2.3 16.1 2.4 0 7.8 26.3 125 102 9.2 7.5
"14" "14" 2006-11-28 21.09 "TOR" "@" "NOK" "W" 17 0 23.15 0.81 0.778 9.9 10.1 10 9.2 2.5 6.4 16.8 24.4 141 89 13.6 14.9
"15" "15" 2006-11-29 21.09 "TOR" "@" "DAL" "L" -19 0 30.5166666666667 0.558 0.444 0 21.3 9.5 5.3 0 2.5 8.5 18.3 109 128 7.6 -1.8
"16" "16" 2006-12-01 21.1 "TOR" "" "BOS" "W" 4 0 25.7 0.423 0.423 5.5 6 5.7 5.7 0 3.3 7.1 27 86 117 3.7 -10.5
"17" "17" 2006-12-02 21.1 "TOR" "@" "NYK" "W" 3 0 23.1833333333333 0.506 0.45 4.8 20.2 12.3 0 2.2 3.2 15.5 24.6 90 100 5.6 -2.6
"18" "18" 2006-12-06 21.11 "TOR" "@" "CLE" "L" -4 0 28.6166666666667 0.636 0.636 3.7 8.2 5.9 11.6 0 2.8 8.3 20.8 115 113 11.1 5.9
"19" "" 2006-12-08 21.12 "TOR" "@" "CHI" "L" -3 NA NA NA NA NA NA NA NA NA NA NA NA NA NA NA NA
"20" "19" 2006-12-10 21.12 "TOR" "" "POR" "L" -10 1 27.0833333333333 0.372 0.333 6.7 9.6 7.9 7.5 0 0 15.7 22.8 74 113 0.8 -12.6
"21" "20" 2006-12-11 21.13 "TOR" "@" "MIA" "L" -22 0 30.9833333333333 0.388 0.333 0 8.9 3.9 0 0 0 18.9 24.3 61 105 0.4 -10.4
"22" "21" 2006-12-13 21.13 "TOR" "@" "ORL" "W" 7 0 30.1 0.681 0.656 0 18.4 11.7 0 0 4.4 22.9 38.2 100 98 12 3
"23" "22" 2006-12-15 21.14 "TOR" "" "NJN" "W" 12 0 19.9666666666667 0.3 0.3 10.7 5.3 8 8.1 0 0 16.7 28.7 64 97 0.2 -12.5
"24" "23" 2006-12-17 21.14 "TOR" "" "GSW" "W" 5 0 24.8166666666667 0.688 0.7 20.6 23.6 22 0 1.9 19.7 13.3 24.9 128 98 18.8 12.9
"25" "24" 2006-12-19 21.15 "TOR" "@" "PHO" "L" -17 0 36.4 0.455 0.417 8.1 16.9 12 4.6 0 0 4.8 23.6 99 118 9.9 -2.2
"26" "25" 2006-12-20 21.15 "TOR" "@" "LAC" "W" 2 0 36.5166666666667 0.444 0.292 6.9 15.6 11.5 0 0 1.6 6.4 20.7 97 112 8.4 -4.3
"27" "26" 2006-12-22 21.16 "TOR" "@" "POR" "W" 1 0 21.5666666666667 0.709 0.583 0 12.9 6.2 0 0 0 11.4 19.5 128 104 6.8 1.9
"28" "27" 2006-12-23 21.16 "TOR" "@" "SEA" "L" -13 0 17.0833333333333 0.19 0.143 0 22.2 10.7 0 0 8 0 21.1 42 112 -1.2 -15.7
"29" "28" 2006-12-27 21.17 "TOR" "" "MIN" "W" 3 0 28.7 0.375 0.375 9 27.1 18.1 9.7 1.9 0 14.3 23.5 81 105 4.2 -6.9
"30" "29" 2006-12-29 21.18 "TOR" "" "CHI" "L" -10 0 30.4833333333333 0.68 0.6 0 26.2 10.1 5.5 3.3 8.1 0 16.4 145 100 16.5 13.5
"31" "30" 2006-12-30 21.18 "TOR" "@" "MEM" "L" -6 0 24.1833333333333 0.353 0.273 9.7 19.8 14.7 13.2 0 0 19 28.6 73 116 1.9 -15.8
"32" "31" 2007-01-03 21.19 "TOR" "" "PHO" "L" -2 0 36.1666666666667 0.781 0.8 0 14.7 6.2 4.4 5.5 0 15.5 15.2 127 100 14.3 8
"33" "32" 2007-01-05 21.19 "TOR" "" "ATL" "W" 13 1 32.6833333333333 0.524 0.5 0 14.7 6.9 4.5 0 0 14.9 20 100 117 4.7 -7.6
"34" "33" 2007-01-07 21.2 "TOR" "" "WAS" "W" 5 0 23.7333333333333 0.652 0.625 0 14.8 7.4 10.4 0 7.5 19.2 19.1 110 117 7.9 2.3
"35" "34" 2007-01-09 21.21 "TOR" "@" "NJN" "L" -15 0 32.3 0.793 0.769 0 11.4 5.6 8.2 0 0 22.4 27.4 102 115 12.5 3.3
"36" "35" 2007-01-10 21.21 "TOR" "@" "MIL" "W" 13 0 26 0.5 0.5 5 8.8 7 7.5 2.2 9.2 21.4 27.3 78 90 5.4 -0.7
"37" "36" 2007-01-12 21.21 "TOR" "@" "BOS" "W" 9 0 29.5333333333333 0.385 0.385 0 25.9 14 19.1 1.7 5.5 13.3 24.9 73 86 5.9 -1.4
"38" "37" 2007-01-14 21.22 "TOR" "" "DAL" "L" -1 0 32.4 0.551 0.5 0 10.1 5.9 5.3 1.7 4.6 8.4 18.6 102 110 8 1.2
"39" "38" 2007-01-15 21.22 "TOR" "@" "PHI" "W" 18 0 25.8333333333333 0.313 0.313 5.5 19.6 12.9 0 0 0 20 18.9 58 97 -1.9 -15.1
"40" "39" 2007-01-17 21.23 "TOR" "" "SAC" "W" 16 0 17.6166666666667 0.438 0.438 0 37.8 18.2 0 3.1 5.2 27.3 28.7 60 85 2 -7.6
"41" "40" 2007-01-19 21.23 "TOR" "" "UTA" "L" -8 0 30.3333333333333 0.607 0.556 3.7 17.6 10 0 1.7 2.3 9.2 17 114 110 8.3 0.7
"42" "41" 2007-01-22 21.24 "TOR" "" "CHA" "W" 21 0 24.7666666666667 0.643 0.6 0 15.3 8.2 0 2.2 3.7 21.6 26.3 98 94 8.2 -0.1
"43" "42" 2007-01-26 21.25 "TOR" "" "BOS" "W" 6 0 20.1166666666667 0.35 0.35 0 20.5 9.3 30 0 0 0 24.9 88 108 3.4 -8.1
"44" "43" 2007-01-27 21.25 "TOR" "@" "IND" "L" -18 0 22.1166666666667 0.167 0.167 0 0 0 0 2.5 0 0 13.5 35 118 -1.6 -12.2
"45" "44" 2007-01-31 21.27 "TOR" "" "WAS" "W" 10 0 24.0333333333333 0.493 0.375 0 16.2 8.6 20 0 3.4 12.3 31.7 102 117 8.8 -4.5
"46" "45" 2007-02-02 21.27 "TOR" "@" "ATL" "W" 12 0 22.9166666666667 0.709 0.667 0 6.2 3 0 2.5 3.2 11.4 19.3 123 107 7.8 3.2
"47" "46" 2007-02-04 21.28 "TOR" "" "LAC" "W" 12 0 19.2833333333333 0.571 0.571 0 22.6 13.6 0 0 0 0 18.2 105 119 5.5 -6.1
"48" "47" 2007-02-07 21.28 "TOR" "" "ORL" "W" 10 0 20.4 0.539 0.5 12.7 6 9.3 8 0 0 8.9 26.2 111 119 6.4 -7.6
"49" "48" 2007-02-09 21.29 "TOR" "" "LAL" "W" 4 0 24.5166666666667 0.888 0.857 0 4.7 2.4 7 0 3.6 33.7 23.4 106 110 7.6 3.2
"50" "49" 2007-02-10 21.29 "TOR" "@" "DET" "L" -6 0 33.4666666666667 0.54 0.5 0 12 5.7 11.1 1.7 0 0 20.4 113 115 10 2.8
"51" "50" 2007-02-13 21.3 "TOR" "@" "CHI" "W" 1 0 38.7333333333333 0.799 0.75 0 9.8 5.2 3.8 0 1.6 22.5 22 116 121 13.9 2.3
"52" "51" 2007-02-14 21.3 "TOR" "" "NJN" "W" 11 0 31.1 0.625 0.625 0 0 0 4.6 0 2.9 14.3 22.3 100 126 7.2 -6.6
"53" "52" 2007-02-21 21.32 "TOR" "" "CLE" "L" -1 0 31.6833333333333 0.605 0.607 3.5 19.8 11.9 13.5 0 0 16.8 27 99 95 11.1 5.5
"54" "53" 2007-02-23 21.33 "TOR" "" "IND" "W" 22 0 25.4166666666667 0.722 0.722 0 21 13.3 0 0 0 10 20.1 111 101 7.9 -2
"55" "54" 2007-02-24 21.33 "TOR" "@" "CHA" "W" 17 0 31.8166666666667 0.515 0.333 3.5 27.4 16.9 4.7 1.7 2.5 11.4 13.5 104 77 7.7 0.4
"56" "55" 2007-02-26 21.34 "TOR" "@" "SAS" "L" -16 0 32.3833333333333 0.531 0.531 0 25.4 10.3 5.6 1.6 0 15.8 27.2 86 116 8.7 0
"57" "56" 2007-02-28 21.34 "TOR" "@" "HOU" "W" 16 0 32.6666666666667 0.833 0.833 0 7.7 4.3 0 1.8 0 7.7 20.7 140 111 15 6
"58" "57" 2007-03-02 21.35 "TOR" "" "MIL" "L" -13 0 30.4333333333333 0.477 0.433 14.3 17.9 16.1 0 0 5.1 19.3 31.6 86 105 7.2 -3.6
"59" "" 2007-03-03 21.35 "TOR" "@" "CLE" "L" -23 NA NA NA NA NA NA NA NA NA NA NA NA NA NA NA NA
"60" "58" 2007-03-06 21.36 "TOR" "@" "WAS" "L" -20 0 23.1833333333333 0.514 0.429 0 11.8 5.4 5.8 0 0 0 17.1 114 139 4.6 -6.5
"61" "59" 2007-03-07 21.36 "TOR" "" "MEM" "W" 7 0 35.4333333333333 0.628 0.615 4 6.3 5.3 0 3 2.3 6.5 21.3 117 97 13.9 4.1
"62" "60" 2007-03-11 21.37 "TOR" "" "SEA" "W" 1 0 27.15 0.713 0.667 0 20.8 11.3 6 0 0 13.1 27.9 114 117 12 1.4
"63" "61" 2007-03-12 21.38 "TOR" "@" "MIL" "W" 15 0 29.75 0.389 0.367 4.1 28.5 15.5 0 0 0 20.6 28.8 70 103 1.2 -14.6
"64" "62" 2007-03-14 21.38 "TOR" "" "NYK" "W" 10 0 35.9333333333333 0.643 0.643 0 17.6 9.3 0 2.9 8 12.5 22 99 95 13 3.3
"65" "63" 2007-03-16 21.39 "TOR" "" "HOU" "L" -14 0 33.25 0.669 0.563 0 15.2 7.2 4.6 1.4 2.3 20.1 20.5 107 113 10.2 -0.4
"66" "64" 2007-03-18 21.39 "TOR" "@" "NYK" "L" -18 0 22.9666666666667 0.47 0.429 0 25.6 13.6 10.6 2.2 3.1 40.2 24.7 57 90 0.5 -7.3
"67" "" 2007-03-21 21.4 "TOR" "" "ORL" "W" 7 NA NA NA NA NA NA NA NA NA NA NA NA NA NA NA NA
"68" "" 2007-03-23 21.41 "TOR" "" "DEN" "W" 27 NA NA NA NA NA NA NA NA NA NA NA NA NA NA NA NA
"69" "" 2007-03-26 21.41 "TOR" "@" "BOS" "L" -8 NA NA NA NA NA NA NA NA NA NA NA NA NA NA NA NA
"70" "" 2007-03-28 21.42 "TOR" "" "MIA" "W" 13 NA NA NA NA NA NA NA NA NA NA NA NA NA NA NA NA
"71" "" 2007-03-30 21.42 "TOR" "@" "WAS" "W" 5 NA NA NA NA NA NA NA NA NA NA NA NA NA NA NA NA
"72" "" 2007-04-03 21.44 "TOR" "@" "MIA" "L" -3 NA NA NA NA NA NA NA NA NA NA NA NA NA NA NA NA
"73" "" 2007-04-04 21.44 "TOR" "@" "ORL" "W" 3 NA NA NA NA NA NA NA NA NA NA NA NA NA NA NA NA
"74" "" 2007-04-06 21.44 "TOR" "@" "PHI" "W" 9 NA NA NA NA NA NA NA NA NA NA NA NA NA NA NA NA
"75" "" 2007-04-08 21.45 "TOR" "" "CHI" "W" 14 NA NA NA NA NA NA NA NA NA NA NA NA NA NA NA NA
"76" "" 2007-04-09 21.45 "TOR" "@" "MIN" "W" 11 NA NA NA NA NA NA NA NA NA NA NA NA NA NA NA NA
"77" "" 2007-04-13 21.46 "TOR" "" "DET" "W" 3 NA NA NA NA NA NA NA NA NA NA NA NA NA NA NA NA
"78" "" 2007-04-15 21.47 "TOR" "" "NYK" "W" 2 NA NA NA NA NA NA NA NA NA NA NA NA NA NA NA NA
"79" "" 2007-04-17 21.47 "TOR" "@" "DET" "L" -16 NA NA NA NA NA NA NA NA NA NA NA NA NA NA NA NA
"80" "65" 2007-04-18 21.48 "TOR" "" "PHI" "L" -3 0 26.8 0.548 0.458 4.7 19.9 12.1 9.7 1.8 2.4 6.1 27.1 115 122 12.6 -1.6
"1" "1" 2007-10-31 22.01 "TOR" "" "PHI" "W" 9 1 22.4 0.758 0.682 10.5 15.3 12.9 0 0 6.6 7 29.7 145 106 16.2 12.8
"2" "2" 2007-11-02 22.02 "TOR" "@" "NJN" "W" 37 1 29.8833333333333 0.823 0.818 0 24.7 13.6 5.8 1.9 0 7.3 23 141 80 16.6 10.1
"3" "3" 2007-11-04 22.02 "TOR" "" "BOS" "L" -3 1 34.2833333333333 0.296 0.192 6.7 24.4 14.7 10.3 0 3 6.2 22.1 76 105 3.4 -5
"4" "4" 2007-11-06 22.03 "TOR" "@" "MIL" "L" -27 1 13.3833333333333 0.833 0.833 0 31.6 14 0 3.9 0 0 10.8 149 113 4 1.7
"5" "5" 2007-11-07 22.03 "TOR" "" "ORL" "L" -9 1 35.1166666666667 0.434 0.444 4.9 22.8 11.9 0 0 0 14 27 78 114 4.4 -6.9
"6" "6" 2007-11-09 22.04 "TOR" "@" "PHI" "W" 2 0 23.2166666666667 0.507 0.5 5.2 4.6 4.9 14.9 0 0 25.3 23.3 86 119 2.8 -6.8
"7" "7" 2007-11-10 22.04 "TOR" "@" "CHI" "W" 30 0 21.3166666666667 0.799 0.714 0 0 0 14.1 0 0 10.2 21.5 142 86 9.5 7.1
"8" "8" 2007-11-14 22.05 "TOR" "" "UTA" "L" -4 0 15.65 0.091 0.091 5.8 14.3 9.6 0 0 4.6 8.3 32.5 26 99 -4.3 -20.3
"9" "9" 2007-11-16 22.06 "TOR" "" "IND" "W" 9 0 4.58333333333333 0 0 0 0 0 0 0 0 50 19.9 0 118 -2.9 -39.1
"10" "10" 2007-11-18 22.06 "TOR" "" "GSW" "L" -6 0 19.4833333333333 0.551 0.55 10.1 5.6 7.9 0 0 0 15.5 27.8 99 114 5.1 -4.1
"11" "11" 2007-11-20 22.07 "TOR" "@" "DAL" "L" -6 1 32.9333333333333 0.672 0.679 6.8 11.5 9 5.6 0 0 6.3 23.4 130 127 14.2 6.7
"12" "12" 2007-11-21 22.07 "TOR" "@" "MEM" "W" 6 1 31.1666666666667 0.406 0.406 0 37.6 17.3 21.8 0 0 11.1 26.5 81 95 5.9 -2.5
"13" "13" 2007-11-24 22.08 "TOR" "@" "CLE" "L" -3 1 33.4833333333333 0.709 0.667 0 19.9 9.6 4.4 0 0 16.8 17.4 113 127 9.1 -3.9
"14" "14" 2007-11-25 22.08 "TOR" "" "CHI" "W" 15 1 28.0333333333333 0.389 0.389 0 11.7 5.8 5.4 0 5.5 18.2 18.7 68 93 1.3 -7.6
"15" "15" 2007-11-28 22.09 "TOR" "" "MEM" "W" 12 0 20.9333333333333 0.671 0.583 6 29.9 19.1 12.4 0 4 10.9 21.3 132 98 9.6 5.3
"16" "16" 2007-11-30 22.1 "TOR" "" "CLE" "W" 9 1 39.9666666666667 0.577 0.526 3.2 13.3 8.7 14.9 1.4 2.1 8.2 31.8 111 95 18.3 3.8
"17" "17" 2007-12-01 22.1 "TOR" "@" "WAS" "L" -4 1 24.7833333333333 0.154 0.154 0 12.5 5.2 17 0 0 0 24.5 49 118 -2.8 -16.9
"18" "" 2007-12-03 22.1 "TOR" "" "CHA" "W" 19 NA NA NA NA NA NA NA NA NA NA NA NA NA NA NA NA
"19" "" 2007-12-05 22.11 "TOR" "" "PHO" "L" -13 NA NA NA NA NA NA NA NA NA NA NA NA NA NA NA NA
"20" "" 2007-12-07 22.12 "TOR" "@" "BOS" "L" -28 NA NA NA NA NA NA NA NA NA NA NA NA NA NA NA NA
"21" "" 2007-12-09 22.12 "TOR" "" "HOU" "W" 13 NA NA NA NA NA NA NA NA NA NA NA NA NA NA NA NA
"22" "18" 2007-12-11 22.13 "TOR" "@" "ATL" "W" 12 0 12.35 0 0 9.5 7.9 8.6 0 0 0 20 19.1 17 104 -3.6 -23.7
"23" "19" 2007-12-12 22.13 "TOR" "" "DAL" "W" 16 0 15.1666666666667 0.633 0.5 0 0 0 11.9 0 0 0 21.1 140 104 5.2 4.6
"24" "20" 2007-12-14 22.13 "TOR" "@" "IND" "W" 11 0 8.63333333333333 1 1 13.2 0 6.4 0 0 0 75 21 46 108 -1.8 -21.8
"25" "21" 2007-12-16 22.14 "TOR" "" "BOS" "L" -13 0 12.15 0 0 0 10.7 5.1 0 0 0 40 20.3 0 108 -4.6 -25
"26" "22" 2007-12-18 22.15 "TOR" "@" "LAC" "W" 3 0 15.7833333333333 0.214 0.214 0 7.1 3.3 11.3 0 9.7 0 21.8 53 93 0.1 -6.3
"27" "23" 2007-12-19 22.15 "TOR" "@" "POR" "L" -5 0 18.8 0.333 0.333 0 14.6 6.8 6.6 0 4.6 25 10.6 62 119 0.5 -7.8
"28" "24" 2007-12-21 22.15 "TOR" "@" "SEA" "L" -8 0 13.9 0.286 0.286 17.3 0 9.3 8.8 0 0 0 21.7 87 130 1.2 -14.9
"29" "25" 2007-12-22 22.16 "TOR" "@" "PHO" "L" -19 1 30.3833333333333 0.5 0.5 3.2 7.9 5.3 0 0 2.6 13.3 21.7 99 136 5.9 -4.1
"30" "26" 2007-12-28 22.17 "TOR" "@" "SAS" "W" 10 1 33.9833333333333 0.511 0.389 0 8.5 4.4 9.5 1.6 9 21.8 20 87 85 6.3 0.4
"31" "27" 2007-12-29 22.18 "TOR" "@" "HOU" "L" -12 1 20.8666666666667 0 0 8.2 20.4 13.7 6.8 2.5 3.9 28.6 14.1 19 96 -1.7 -12
"32" "28" 2007-12-31 22.18 "TOR" "@" "NOH" "W" 5 1 31.3666666666667 0.623 0.545 0 7.1 4 5.5 0 0 18 27.3 100 111 8.4 -4.3
"33" "29" 2008-01-04 22.19 "TOR" "" "DET" "L" -16 1 40.2166666666667 0.722 0.719 2.4 3.5 2.9 0 0 0 0 22.1 142 127 17.6 7.5
"34" "30" 2008-01-06 22.2 "TOR" "" "CLE" "L" -3 1 22.9166666666667 0.202 0.222 0 13.1 7.4 6.8 2.5 3.1 16.8 27.8 38 109 -2.2 -18.3
"35" "31" 2008-01-09 22.21 "TOR" "" "PHI" "W" 13 1 17.4166666666667 0.51 0.4 9.2 6.1 7.3 7.4 3.1 0 14.5 19.3 104 109 3.4 -7.9
"36" "32" 2008-01-11 22.21 "TOR" "@" "NYK" "W" 9 1 16.95 1.215 1.25 0 14.9 7.5 0 0 0 41 13.8 126 104 3 -2.4
"37" "33" 2008-01-13 22.22 "TOR" "" "POR" "W" 7 1 14.7333333333333 0.25 0.25 0 14.9 8.2 0 3.9 0 11.1 31.9 45 102 -1.4 -20
"38" "34" 2008-01-15 22.22 "TOR" "@" "DET" "L" -14 1 16.2166666666667 0 0 6.7 32.9 18.5 16.9 0 0 0 11.8 43 119 -0.3 -9.3
"39" "35" 2008-01-16 22.22 "TOR" "" "SAC" "W" 25 1 25.8666666666667 0.252 0.231 0 30.9 15.7 0 0 0 6.7 26.1 56 106 -1.3 -22.7
"40" "36" 2008-01-18 22.23 "TOR" "" "ATL" "W" 11 1 14.4 0.258 0 0 17.1 9.3 10.4 0 0 0 15.1 68 100 -0.4 -13.5
"41" "37" 2008-01-19 22.23 "TOR" "@" "PHI" "L" -4 1 11.9166666666667 0.75 0.75 0 0 0 0 0 0 0 8.4 132 117 0.8 -4.1
"42" "38" 2008-01-23 22.24 "TOR" "@" "BOS" "W" 2 1 39.8666666666667 0.653 0.607 0 20.6 12.4 26.7 0 1.8 11.5 21.9 128 124 17.1 3.2
"43" "39" 2008-01-25 22.25 "TOR" "" "MIL" "W" 31 1 20.3333333333333 0.472 0.417 0 38.4 21.2 0 2.9 0 6.8 35.9 99 78 6.3 -7.1
"44" "40" 2008-01-29 22.26 "TOR" "@" "WAS" "L" -4 1 16.9166666666667 0.218 0.167 12.5 24.6 18.6 0 0 0 22.5 25.9 51 112 -2.2 -24.1
"45" "41" 2008-01-30 22.26 "TOR" "" "WAS" "W" 39 1 33.0666666666667 0.745 0.682 0 7.1 3.9 11.4 0 2.9 0 19 157 103 16.3 6.2
"46" "42" 2008-02-01 22.27 "TOR" "" "LAL" "L" -20 1 40.4833333333333 0.678 0.611 2.6 10.2 5.9 0 0 0 4.6 24.9 138 142 18.4 2.2
"47" "43" 2008-02-04 22.28 "TOR" "@" "MIA" "W" 32 1 34.1333333333333 0.739 0.714 0 18 10.3 13.5 0 0 0 22.4 145 99 17.8 3.9
"48" "44" 2008-02-08 22.29 "TOR" "" "LAC" "L" -4 1 36.0333333333333 0.444 0.393 0 24.2 10.2 5.1 5.7 2.5 6 22.2 82 100 10.8 -0.3
"49" "45" 2008-02-10 22.29 "TOR" "@" "MIN" "W" 23 1 30.55 0.633 0.65 7.5 14.6 11.1 0 1.7 0 13.7 22.7 106 91 9.8 0.1
"50" "46" 2008-02-11 22.3 "TOR" "" "SAS" "L" -5 1 28.35 0.455 0.364 0 8.9 4.2 5.9 0 0 7 26 90 115 5 -2.9
"51" "47" 2008-02-13 22.3 "TOR" "" "NJN" "W" 18 1 34.0333333333333 0.625 0.5 0 12.1 6.1 4.2 1.6 2.4 8.2 17.2 124 103 11.6 0.5
"52" "48" 2008-02-20 22.32 "TOR" "" "ORL" "W" 17 1 18.6 0.225 0.125 8.1 6.1 7 0 0 0 10.1 25.8 58 132 -2.4 -27
"53" "49" 2008-02-22 22.33 "TOR" "@" "NYK" "L" -4 1 14.1833333333333 0.425 0.3 0 15.7 8.4 0 0 0 14.5 22.8 74 114 0.3 -12.7
"54" "50" 2008-02-24 22.33 "TOR" "" "NYK" "W" 23 1 35.1833333333333 0.699 0.676 9.7 12.1 11 20.8 0 4.7 5.3 24 150 103 23.1 15.7
"55" "51" 2008-02-25 22.33 "TOR" "@" "IND" "W" 4 1 20.0833333333333 0.2 0.2 0 26 14.1 15.1 0 4 37.5 18.7 40 107 -1.3 -12.1
"56" "52" 2008-02-27 22.34 "TOR" "" "MIN" "W" 22 1 23.9 0.636 0.611 0 32.4 14.3 13.4 0 0 9.6 21.1 122 104 8.8 1.4
"57" "53" 2008-02-29 22.35 "TOR" "" "IND" "L" -11 1 40.0833333333333 0.54 0.54 5.2 18.2 11.7 3.8 0 2.2 3.8 27.5 108 122 15.8 -1.7
"58" "54" 2008-03-02 22.35 "TOR" "@" "CHA" "L" -12 1 18.4166666666667 0.338 0.25 0 26.6 15 0 0 6.8 0 24.8 72 116 2.5 -11.8
"59" "55" 2008-03-04 22.36 "TOR" "@" "ORL" "L" -15 1 26.8166666666667 0.253 0.182 3.5 19.4 10.2 11 1.9 0 0 19.4 69 106 3 -4.6
"60" "56" 2008-03-05 22.36 "TOR" "@" "MIA" "W" 25 1 21 0.551 0.5 0 0 0 12.7 2.5 0 8.4 27.1 107 95 8 2.7
"61" "57" 2008-03-07 22.36 "TOR" "" "WAS" "L" -4 1 48.4166666666667 0.654 0.639 2.1 12.9 6.3 3.8 0 0 8.8 21.1 124 118 17.4 2.7
"62" "58" 2008-03-09 22.37 "TOR" "" "SEA" "W" 8 1 47.4666666666667 0.351 0.286 0 22.8 9.6 5.2 0 0 0 20.8 84 112 6.4 -11
"63" "59" 2008-03-11 22.38 "TOR" "@" "LAL" "L" -9 1 29.2833333333333 0.638 0.55 0 26.6 12.9 30 1.8 0 7.8 19.2 139 126 15.2 9.1
"64" "60" 2008-03-12 22.38 "TOR" "@" "GSW" "L" -11 1 30.9666666666667 0.651 0.667 3.8 8.4 6 13.6 0 2.4 27.1 21 101 126 8.6 0.1
"65" "61" 2008-03-14 22.38 "TOR" "@" "DEN" "L" -32 1 12.9166666666667 0.381 0.286 8.4 10.9 9.5 10.2 3.6 0 20.2 32.5 71 129 2.2 -12.7
"66" "62" 2008-03-16 22.39 "TOR" "@" "SAC" "L" -6 1 17.45 0.357 0.357 0 20.6 9.6 0 0 0 12.5 20.1 60 108 -0.8 -14.1
"67" "63" 2008-03-17 22.39 "TOR" "@" "UTA" "L" -17 1 24.4 0.227 0.227 4.6 12.7 8 0 0 3.3 15.4 24.9 45 109 -3.5 -16.4
"68" "64" 2008-03-19 22.4 "TOR" "" "MIA" "W" 42 1 27.6833333333333 0.612 0.591 0 10 6.3 0 0 0 0 22.4 115 74 9.2 -1.1
"69" "65" 2008-03-21 22.4 "TOR" "@" "CLE" "L" -7 1 16.5833333333333 0 0 0 7.4 3.4 17 0 0 16.7 17.6 16 111 -3.6 -18
"70" "66" 2008-03-23 22.41 "TOR" "" "DEN" "L" -9 1 26.35 0.571 0.571 0 17.3 8.9 0 0 0 0 25.9 112 128 9 -2.5
"71" "67" 2008-03-26 22.42 "TOR" "" "DET" "W" 7 0 13.0166666666667 0.375 0.375 0 8.6 4.9 0 0 12.7 0 16.4 71 98 1.5 -1.5
"72" "68" 2008-03-28 22.42 "TOR" "" "NYK" "W" 8 0 21.7166666666667 0.564 0.438 6.7 13.3 10.7 7 2.4 3.1 8.6 25.9 114 97 8.2 1.7
"73" "69" 2008-03-30 22.43 "TOR" "" "NOH" "L" -7 0 17.3666666666667 0.42 0 0 25.9 12.2 12.3 0 0 0 12.9 115 132 3 -6
"74" "70" 2008-03-31 22.43 "TOR" "@" "CHA" "W" 4 0 7.53333333333333 0 0 0 34.4 16.5 0 0 0 0 12 0 107 -1.2 -15.9
"75" "71" 2008-04-02 22.44 "TOR" "@" "ATL" "L" -7 0 20.8166666666667 0.708 0.708 11.6 6.4 9.1 0 0 0 0 27 137 131 12.7 7.4
"76" "72" 2008-04-04 22.44 "TOR" "" "CHA" "L" -5 0 18.4833333333333 0.563 0.5 0 18.5 8.9 8.5 0 0 10.1 23.5 103 112 5.4 -3.2
"77" "73" 2008-04-05 22.44 "TOR" "@" "NJN" "L" -9 0 16.1166666666667 0 0 0 16.5 7.4 17.5 0 0 25 11.7 25 120 -1.1 -12.6
"78" "74" 2008-04-09 22.45 "TOR" "" "MIL" "W" 18 0 23.2833333333333 0.46 0.4 12.1 8.6 10.1 11.2 2.3 0 8.4 24.9 104 107 6.8 -5.9
"79" "75" 2008-04-11 22.46 "TOR" "" "NJN" "W" 28 0 24.2 0.585 0.375 13.5 14.2 13.8 0 0 3.4 7.7 24.9 131 98 10.7 -0.9
"80" "76" 2008-04-13 22.47 "TOR" "@" "DET" "L" -7 0 21.1333333333333 0.167 0.167 0 18.4 8.8 6.7 2.6 0 0 13.7 43 102 0 -8.2
"81" "77" 2008-04-14 22.47 "TOR" "" "MIA" "W" 16 0 18.5833333333333 0.325 0.227 13.2 31.5 22.6 0 0 13.8 7.5 36 78 83 3.9 -10.5
"82" "78" 2008-04-16 22.47 "TOR" "@" "CHI" "L" -10 0 20.6833333333333 0.547 0.5 0 5.7 2.7 0 2.4 3.5 7.8 27.1 103 113 6.7 -2
"1" "1" 2008-10-29 23.01 "TOR" "@" "PHI" "W" 11 0 19.95 0 0 5.6 20.9 13.5 13.4 2.9 7.5 0 9.9 48 89 2.1 -2.8
"2" "2" 2008-10-31 23.01 "TOR" "" "GSW" "W" 4 0 30.1333333333333 0.873 0.85 5 15 10.7 0 0 8.1 15.5 21.7 137 111 16.8 6.8
"3" "3" 2008-11-01 23.02 "TOR" "@" "MIL" "W" 4 0 17.4833333333333 0 0 8.3 26.8 18.6 0 0 8.1 40 14.9 17 90 -2.4 -15
"4" "4" 2008-11-05 23.03 "TOR" "" "DET" "L" -7 0 21.3833333333333 1 1 5.8 16 11.1 9.9 0 3.1 0 14.1 194 114 11.2 12.8
"5" "5" 2008-11-07 23.03 "TOR" "@" "ATL" "L" -18 0 25.7333333333333 0.563 0.563 0 17.5 7.7 0 0 0 20 18.2 77 122 2.7 -9.8
"6" "6" 2008-11-09 23.04 "TOR" "@" "CHA" "W" 10 0 27.7 0.765 0.75 5.4 14.4 10.8 7 2.1 8.3 7.8 24.4 136 88 16.9 16.5
"7" "7" 2008-11-10 23.04 "TOR" "@" "BOS" "L" -7 0 10.8833333333333 0.25 0.25 0 0 0 0 0 0 20 21.9 40 110 -3 -22.5
"8" "8" 2008-11-12 23.05 "TOR" "" "PHI" "L" -10 0 26.7666666666667 0.631 0.591 4 22.4 11.6 7.7 0 5.2 14.4 23.4 113 118 11.7 4.5
"9" "9" 2008-11-16 23.06 "TOR" "" "MIA" "W" 11 1 31 0.5 0.5 4.3 9.1 7.1 17.4 1.7 0 14.3 20.1 102 110 7.1 -5.7
"10" "10" 2008-11-18 23.06 "TOR" "@" "ORL" "L" -13 1 22.7166666666667 0.278 0.278 0 15.5 7.8 0 2.2 3.6 0 17.1 66 104 0.9 -6.1
"11" "11" 2008-11-19 23.07 "TOR" "@" "MIA" "W" 6 1 37.1 0.746 0.7 6.5 5.9 6.2 4.9 0 4 5.6 22.8 148 110 20.4 10.4
"12" "12" 2008-11-21 23.07 "TOR" "" "NJN" "L" -2 1 48.7666666666667 0.783 0.7 5.3 18.1 12.2 6.5 0 1.4 5.1 18.2 152 122 24.6 5.9
"13" "13" 2008-11-23 23.08 "TOR" "" "BOS" "L" -15 1 31.8833333333333 0.601 0.444 0 32.9 15.3 17.1 1.6 2.7 7.9 18.8 124 123 12.6 4.6
"14" "14" 2008-11-26 23.08 "TOR" "" "CHA" "W" 7 1 40.0833333333333 0.346 0.333 7.7 18.6 14.2 11.5 0 5.7 20.1 26 71 101 3.8 -9.1
"15" "15" 2008-11-28 23.09 "TOR" "" "ATL" "W" 5 1 23.0166666666667 0.5 0.5 0 19 9.8 0 0 7.3 22.2 18.7 73 98 2.3 -6.8
"16" "16" 2008-11-30 23.1 "TOR" "@" "LAL" "L" -13 1 36.8166666666667 0.444 0.393 5.2 29.3 15.9 0 0 7 0 18.4 99 110 12.3 -1.1
"17" "17" 2008-12-02 23.1 "TOR" "@" "DEN" "L" -39 1 23.2 0.5 0.5 3.9 6.5 4.9 8 4.2 0 0 16.6 107 129 6 -2.4
"18" "18" 2008-12-05 23.11 "TOR" "@" "UTA" "L" -27 1 35.1833333333333 0.281 0.25 0 17.1 9.1 4.3 0 6.7 13.9 17.8 50 107 2.3 -8.3
"19" "19" 2008-12-07 23.12 "TOR" "" "POR" "L" -1 1 27.6166666666667 0.342 0.167 0 15.4 8.8 4.8 0 3 12 15.9 69 118 1.2 -12.6
"20" "20" 2008-12-09 23.12 "TOR" "@" "CLE" "L" -20 1 30.1833333333333 0.508 0.5 0 12.6 6.1 5.8 1.7 0 11.3 13.6 93 123 3.9 -4.1
"21" "21" 2008-12-10 23.12 "TOR" "" "IND" "W" 13 0 22.7666666666667 0 0 4.9 11.3 8.5 5.3 0 0 42.9 14.3 19 99 -5.1 -18.3
"22" "22" 2008-12-12 23.13 "TOR" "@" "NJN" "W" 22 0 28.3833333333333 0.435 0.25 9.7 16.3 13.6 5.9 0 11.3 0 21.9 105 87 10 1.5
"23" "23" 2008-12-14 23.13 "TOR" "" "NOH" "L" -8 0 11.4333333333333 0.286 0.286 10.5 0 5.8 37.1 0 0 12.5 34.4 70 126 0.6 -12.9
"24" "24" 2008-12-15 23.14 "TOR" "" "NJN" "L" -7 0 23.4666666666667 0.579 0.333 0 8.3 4.4 0 2.4 6.5 0 18.9 124 106 8 1.4
"25" "25" 2008-12-17 23.14 "TOR" "" "DAL" "L" -10 0 17.8333333333333 0.255 0.2 5.9 14.2 9.6 0 3.1 0 0 16.5 65 109 0.2 -12.3
"26" "26" 2008-12-19 23.15 "TOR" "@" "OKC" "L" -8 0 28.85 0.45 0.406 3.1 13.9 8.2 7.6 0 2.4 14.5 31.7 83 99 5.9 -3.2
"27" "27" 2008-12-20 23.15 "TOR" "@" "SAS" "L" -10 0 17.85 0.2 0.2 0 12.8 6.3 0 3 0 0 13.6 44 118 0.1 -10
"28" "28" 2008-12-22 23.16 "TOR" "@" "LAC" "W" 22 0 14.55 0.255 0.2 0 7 3.8 0 0 0 25.4 25.1 41 93 -4.2 -27.6
"29" "29" 2008-12-26 23.17 "TOR" "@" "SAC" "W" 6 0 21.6666666666667 0.972 1 0 0 0 0 0 0 12.2 18 170 129 9.5 5.7
"30" "30" 2008-12-27 23.17 "TOR" "@" "POR" "L" -13 0 21.5166666666667 0.542 0.542 0 12.4 5.9 9.4 0 0 14.3 32.4 97 129 4.7 -3.1
"31" "31" 2008-12-29 23.18 "TOR" "@" "GSW" "L" -6 0 25.8 0.394 0.375 10.9 15.9 13 0 2 0 10.1 15.7 93 124 4.8 -8.1
"32" "32" 2008-12-31 23.18 "TOR" "" "DEN" "L" -7 1 41.3333333333333 0.613 0.553 5.8 10.8 8.4 4.2 2.5 9.1 8.6 26 119 118 21.9 5.7
"33" "33" 2009-01-02 23.19 "TOR" "" "HOU" "W" 21 1 32.9833333333333 0.738 0.75 0 21.3 10.2 5.1 0 2.6 18.9 22.1 114 84 11.6 3.8
"34" "34" 2009-01-04 23.19 "TOR" "" "ORL" "W" 6 1 36 0.567 0.533 4.8 12.7 9.5 12.6 1.5 0 11.2 24.9 109 116 11.3 -1.3
"35" "35" 2009-01-05 23.19 "TOR" "@" "MIL" "L" -10 1 36.7 0.756 0.731 4.1 24.7 15.2 8.8 0 2.5 6.7 20.4 136 121 18.2 7.8
"36" "36" 2009-01-07 23.2 "TOR" "@" "WAS" "W" 6 1 34.7833333333333 1.116 1.111 5.5 9.9 8.2 10.6 1.6 4.2 26.3 21.7 156 104 22.1 14.4
"37" "37" 2009-01-09 23.21 "TOR" "" "MEM" "W" 21 1 35.6833333333333 0.666 0.679 0 27.6 15.2 0 0 4.3 11.3 25 111 92 13.8 1.1
"38" "38" 2009-01-11 23.21 "TOR" "" "BOS" "L" -6 1 31.6333333333333 0.511 0.464 6.9 24.7 15.7 22.3 0 2.6 10.7 28.7 103 108 11.1 2.7
"39" "39" 2009-01-12 23.21 "TOR" "@" "BOS" "L" -6 1 38.6 0.539 0.5 3.5 21.8 13.2 15.5 1.4 0 8.6 30.7 105 117 14.9 0.8
"40" "40" 2009-01-14 23.22 "TOR" "" "CHI" "L" -4 1 39.5833333333333 0.842 0.786 10.7 22.3 16.8 5.3 1.4 0 14 27.2 146 117 27.7 10.4
"41" "41" 2009-01-16 23.22 "TOR" "@" "IND" "L" -7 1 40.8333333333333 0.571 0.464 2.6 11.2 6.8 4.2 0 0 18.6 21.1 101 112 8.8 -2.1
"42" "42" 2009-01-18 23.23 "TOR" "" "PHO" "L" -4 1 41.5166666666667 0.444 0.406 3.1 6.8 4.9 0 0 0 19.2 22.8 81 134 1.9 -14.8
"43" "43" 2009-01-19 23.23 "TOR" "@" "ATL" "L" -3 1 42.1833333333333 0.45 0.4 7.4 18.5 12.8 0 0 0 4.3 25.2 97 100 10.8 -4.1
"44" "44" 2009-01-21 23.24 "TOR" "@" "DET" "L" -19 1 40.5166666666667 0.45 0.438 3.3 18.5 10.5 14.9 0 0 5.3 24.3 94 121 9.7 -0.7
"45" "45" 2009-01-23 23.24 "TOR" "@" "CHI" "W" 20 1 30.6833333333333 0.703 0.692 8.9 13 11 5.1 0 3.1 6 26.3 135 108 17.2 3.6
"46" "46" 2009-01-25 23.25 "TOR" "" "SAC" "W" 16 1 32.5833333333333 0.652 0.571 0 24 13.7 0 1.6 2.5 9.8 29 125 104 16.8 1.4
"47" "47" 2009-01-28 23.26 "TOR" "@" "NJN" "W" 1 1 22.35 0.45 0.438 0 6 3.2 6.6 2.4 0 10.1 22.4 85 119 2.6 -10.4
"48" "48" 2009-01-30 23.26 "TOR" "" "MIL" "L" -11 1 32.4333333333333 0.474 0.438 0 16 7.9 0 0 0 10.6 28 86 113 4.4 -6.2
"49" "49" 2009-02-01 23.27 "TOR" "" "ORL" "L" -23 1 35.2666666666667 0.338 0.25 3 19.8 11.6 4.6 0 0 0 22.9 77 120 5.5 -7.1
"50" "50" 2009-02-03 23.27 "TOR" "@" "CLE" "L" -18 1 32.9333333333333 0.379 0.273 11.5 30 20.2 0 0 2.8 0 19.9 95 120 7.2 -5.1
"51" "51" 2009-02-04 23.28 "TOR" "" "LAL" "L" -8 1 42.5333333333333 0.506 0.474 5.2 18.8 11.9 3.4 0 1.6 4.6 23.1 103 124 13.2 -3.6
"52" "52" 2009-02-06 23.28 "TOR" "@" "NOH" "L" -9 1 41.2333333333333 0.586 0.571 0 13.3 6.7 8.7 0 5.4 23.6 26.3 89 123 9.4 -6.6
"53" "53" 2009-02-07 23.28 "TOR" "@" "MEM" "L" -8 1 30.5833333333333 0.275 0.091 3.1 26.2 14.3 7.3 0 0 12.1 26.4 57 87 0.5 -9.8
"54" "54" 2009-02-10 23.29 "TOR" "@" "MIN" "W" 8 1 35.8833333333333 0.516 0.5 0 17.1 10 8.3 0 2.2 14.7 27.1 88 111 9.8 -6.4
"55" "55" 2009-02-11 23.3 "TOR" "" "SAS" "W" 2 1 42.8333333333333 0.486 0.405 5.5 15.3 10.5 0 1.2 0 7.8 29.5 94 98 12.9 -2
"56" "56" 2009-02-18 23.32 "TOR" "" "CLE" "L" -17 1 31.6666666666667 0.393 0.393 0 21.7 7.6 0 0 0 6.7 22.4 71 105 1.8 -8.9
"57" "57" 2009-02-20 23.32 "TOR" "@" "NYK" "L" -30 1 36.1333333333333 0.472 0.406 0 18.5 8.3 17.7 1.3 9.8 9.5 24.4 94 121 13.2 0.9
"58" "58" 2009-02-22 23.33 "TOR" "" "NYK" "W" 11 1 38.6833333333333 0.69 0.633 3.1 21.1 13.3 10.9 1.2 5.4 16.5 28.1 118 95 22.9 7.8
"59" "59" 2009-02-24 23.33 "TOR" "" "MIN" "W" 8 1 38.0333333333333 0.756 0.7 0 15.8 8.4 11.3 1.3 0 5.5 21.2 145 115 21.9 4.8
"60" "60" 2009-02-27 23.34 "TOR" "@" "PHO" "L" -20 1 35.4166666666667 0.671 0.615 6 13.2 9.5 4.3 0 1.6 11.3 20.2 132 132 13.9 0.3
"61" "61" 2009-03-01 23.35 "TOR" "@" "DAL" "L" -11 1 38.9666666666667 0.436 0.333 7.1 9.9 8.5 4.6 2.6 7 8.8 24.5 95 109 12.6 1.1
"62" "62" 2009-03-03 23.35 "TOR" "@" "HOU" "L" -10 1 33.6333333333333 0.84 0.821 2.7 22.5 11.1 5.1 1.5 6.4 6.3 21.2 150 109 22.5 15.6
"63" "63" 2009-03-06 23.36 "TOR" "" "MIA" "L" -6 1 40.5333333333333 0.609 0.583 0 7 3.4 3.9 0 3.9 13.7 25 105 126 12.9 -3.3
"64" "64" 2009-03-08 23.36 "TOR" "" "UTA" "L" -8 1 35.5666666666667 0.678 0.615 3.5 20.5 12.7 0 0 1.8 11.9 21.7 122 116 13.2 0.9
"65" "65" 2009-03-11 23.37 "TOR" "@" "PHI" "L" -9 1 35.7333333333333 0.756 0.769 0 19.2 9.3 16.7 0 0 17.8 21.8 127 126 14 5
"66" "66" 2009-03-13 23.38 "TOR" "" "DET" "L" -4 1 8.61666666666667 0.4 0.4 12.3 30.8 20.5 0 0 0 0 26.8 92 102 2.6 -2.2
"67" "67" 2009-03-15 23.38 "TOR" "" "IND" "W" 23 1 34.7333333333333 0.93 0.955 5.9 21 13.4 20.8 2.9 2.6 17.1 20.7 152 85 27.3 21
"68" "68" 2009-03-16 23.39 "TOR" "@" "CHA" "L" -26 1 34.2833333333333 0.477 0.364 0 22.1 10.4 6.5 1.4 2.1 18 21.2 84 114 6.1 -5.7
"69" "69" 2009-03-20 23.4 "TOR" "" "CHA" "L" -13 1 39.95 0.72 0.706 0 24.7 12.6 0 0 1.8 5.1 25.1 133 118 19.3 7.2
"70" "" 2009-03-22 23.4 "TOR" "" "LAC" "W" 24 NA NA NA NA NA NA NA NA NA NA NA NA NA NA NA NA
"71" "70" 2009-03-25 23.41 "TOR" "" "MIL" "W" 9 1 33.2833333333333 0.586 0.5 4.7 3.4 4 12.1 0 4.6 13.3 31.5 112 120 13.9 -2.4
"72" "71" 2009-03-27 23.42 "TOR" "" "OKC" "W" 16 1 25.5333333333333 0.538 0.538 4.5 30.7 18.6 10.2 0 2.6 23.5 28.5 85 98 6.5 -7.4
"73" "72" 2009-03-29 23.42 "TOR" "" "CHI" "W" 5 1 38.2666666666667 0.618 0.575 0 21.9 11.2 7.7 0 0 11.7 28.9 118 125 16.6 -1.8
"74" "73" 2009-04-01 23.43 "TOR" "@" "ORL" "W" 4 1 25.5833333333333 0.621 0.583 0 7.8 4.5 0 0 0 7.2 24.4 117 106 7.6 -2
"75" "74" 2009-04-04 23.44 "TOR" "@" "NYK" "W" 7 1 39.7333333333333 0.554 0.5 5 14 9.3 8.5 2.6 7.6 12.6 25.2 110 98 17.8 5.6
"76" "75" 2009-04-05 23.44 "TOR" "" "NYK" "L" -9 1 38.8333333333333 0.537 0.5 2.6 17.7 9.7 7.2 0 3.9 5.6 19 116 122 13 -0.7
"77" "76" 2009-04-07 23.45 "TOR" "" "ATL" "L" -8 1 29.1166666666667 0.504 0.5 0 9.2 4.7 5 0 5.4 6.3 25.9 97 134 7.7 -6
"78" "" 2009-04-08 23.45 "TOR" "@" "IND" "L" -29 NA NA NA NA NA NA NA NA NA NA NA NA NA NA NA NA
"79" "77" 2009-04-10 23.45 "TOR" "" "WAS" "L" -2 1 34.7166666666667 0.267 0.25 3.1 7.1 4.9 0 1.4 1.9 15.1 25.5 50 103 -1.4 -14.9
"80" "78" 2009-04-12 23.46 "TOR" "" "PHI" "W" 7 1 33 0.607 0.607 0 6.5 3.6 19.2 1.6 13.4 0 19.8 134 117 17.4 9.7
"81" "" 2009-04-13 23.46 "TOR" "@" "WAS" "W" 1 NA NA NA NA NA NA NA NA NA NA NA NA NA NA NA NA
"82" "" 2009-04-15 23.47 "TOR" "@" "CHI" "W" 11 NA NA NA NA NA NA NA NA NA NA NA NA NA NA NA NA
"1" "1" 2009-10-28 24.01 "TOR" "" "CLE" "W" 10 1 29.5333333333333 0.835 0.8 0 15 8.4 10.1 1.7 2.7 15.2 30.8 129 91 20.8 14.7
"2" "2" 2009-10-30 24.01 "TOR" "@" "MEM" "L" -8 1 35.5 0.466 0.417 12.9 6.9 10 8.1 0 0 18.9 18.8 99 128 4.6 -8.1
"3" "3" 2009-11-01 24.02 "TOR" "" "ORL" "L" -9 1 32.15 0.888 0.833 0 13.9 8 0 0 3 12 24 156 137 19.1 8.1
"4" "4" 2009-11-04 24.02 "TOR" "" "DET" "W" 11 1 39.2833333333333 0.604 0.563 5.1 29.1 16.3 10.5 1.4 3.7 9.9 24 118 106 18.6 3
"5" "5" 2009-11-06 24.03 "TOR" "@" "NOH" "W" 17 1 34.3833333333333 0.504 0.5 4 29.4 17.2 0 0 2.5 17.8 24.3 86 103 5.7 -7.8
"6" "6" 2009-11-07 24.03 "TOR" "@" "DAL" "L" -28 1 33.4166666666667 0.635 0.594 3 17.4 8.9 0 0 2.2 0 23.1 135 136 16.2 4.1
"7" "7" 2009-11-09 24.04 "TOR" "@" "SAS" "L" -7 1 35.6833333333333 0.612 0.577 0 13.5 7.7 11.3 0 2.3 0 18.7 133 143 13.9 1.4
"8" "8" 2009-11-11 24.04 "TOR" "" "CHI" "W" 10 1 36.65 0.465 0.367 3.1 12.8 8.4 0 2.8 1.6 5.5 21.1 100 92 9.4 -0.4
"9" "9" 2009-11-13 24.05 "TOR" "@" "LAC" "W" 15 1 33.1666666666667 0.731 0.731 0 7.6 4.1 4.9 1.7 5.6 18.8 24.2 108 105 12.6 3.7
"10" "10" 2009-11-15 24.05 "TOR" "@" "PHO" "L" -1 1 34.3333333333333 0.507 0.433 3.1 10.5 6.6 0 0 2.6 5.6 23.6 105 115 8.2 -4
"11" "11" 2009-11-17 24.06 "TOR" "@" "DEN" "L" -18 1 29.5 0.392 0.357 3.3 25.4 12.1 14.4 0 8 0 21.2 105 128 9.4 -3.2
"12" "12" 2009-11-18 24.06 "TOR" "@" "UTA" "L" -13 1 35.85 0.425 0.35 5.1 25.6 14.9 4.5 1.4 1.8 25.4 18.9 75 107 5.9 -3.1
"13" "13" 2009-11-20 24.07 "TOR" "" "MIA" "W" 7 1 38.9666666666667 0.741 0.714 10.9 17.6 14.8 8.2 0 3.7 19.8 23.3 123 117 19.6 4
"14" "14" 2009-11-22 24.07 "TOR" "" "ORL" "L" -8 1 26.1 0.463 0.409 4.6 30 18.6 6.9 0 0 14.4 26 87 112 4.3 -6.8
"15" "15" 2009-11-24 24.08 "TOR" "" "IND" "W" 11 1 31.9833333333333 0.643 0.6 8.6 17.9 13.6 4.4 0 2.5 8.4 16.8 128 116 11.5 -3
"16" "16" 2009-11-25 24.08 "TOR" "@" "CHA" "L" -35 1 27.8 0.582 0.583 0 15.3 7.6 8.8 0 0 0 19.8 122 123 9.7 4.2
"17" "17" 2009-11-27 24.09 "TOR" "@" "BOS" "L" -13 1 23.3833333333333 0.509 0.417 6.8 22.8 14.4 0 0 10.3 22.5 17.3 93 121 4.9 -1.5
"18" "18" 2009-11-29 24.09 "TOR" "" "PHO" "L" -19 1 38 0.543 0.447 7.3 12.6 9.6 9.8 1.3 2.3 0 24.4 127 119 19.1 7.6
"19" "19" 2009-12-01 24.1 "TOR" "" "WAS" "L" -4 1 35.2666666666667 0.672 0.643 12.1 19.8 16.1 5.4 0 2.1 11.8 20.5 128 109 15.7 5
"20" "20" 2009-12-02 24.1 "TOR" "@" "ATL" "L" -31 1 21.7166666666667 0.604 0.611 0 0 0 7.1 0 0 0 22.4 122 157 7.4 -5.4
"21" "21" 2009-12-04 24.11 "TOR" "@" "WAS" "W" 2 1 43.4166666666667 0.383 0.35 7.8 13.6 10.9 10.9 0 1.8 12.6 24.7 85 112 6.5 -5.9
"22" "22" 2009-12-05 24.11 "TOR" "@" "CHI" "W" 32 1 28.6666666666667 0.45 0.45 8.6 21.8 15.8 0 0 0 9.1 17.1 104 91 4.2 -7.8
"23" "23" 2009-12-08 24.12 "TOR" "" "MIN" "W" 6 1 38.7 0.38 0.361 2.3 11.9 7 0 1.3 3.4 4.8 23.4 80 95 6.8 -3.5
"24" "" 2009-12-09 24.12 "TOR" "@" "MIL" "L" -22 NA NA NA NA NA NA NA NA NA NA NA NA NA NA NA NA
"25" "24" 2009-12-11 24.13 "TOR" "" "ATL" "L" -22 1 35.7 0.507 0.467 0 11.2 5.8 5.1 0 0 0 22.3 114 131 9.7 -2.6
"26" "25" 2009-12-13 24.13 "TOR" "" "HOU" "W" 13 1 30.9833333333333 0.589 0.591 0 23.6 13.4 0 0 2.5 7.8 19.3 108 97 8.9 -0.3
"27" "26" 2009-12-15 24.14 "TOR" "@" "MIA" "L" -20 1 31.2333333333333 0.504 0.462 4.2 23.1 14 12.9 1.6 5.9 0 21.1 108 115 14.3 4.5
"28" "27" 2009-12-16 24.14 "TOR" "@" "ORL" "L" -19 1 30.1333333333333 0.5 0.5 3.6 5.5 4.4 5.4 0 0 14.3 21.1 90 135 4.5 -8.2
"29" "28" 2009-12-18 24.15 "TOR" "" "NJN" "W" 23 1 29.5666666666667 0.542 0.538 0 4.6 2.3 12.4 1.8 5.5 0 22.6 126 106 12.5 1.7
"30" "29" 2009-12-20 24.15 "TOR" "" "NOH" "W" 6 1 36.5 0.464 0.464 3 22.7 14.2 4 1.4 3.6 12.5 19.1 88 90 8.4 -1.8
"31" "30" 2009-12-23 24.16 "TOR" "@" "DET" "W" 30 1 33.3333333333333 0.661 0.667 5 7.7 6.8 0 0 3.7 0 26.1 126 88 16.7 7.9
"32" "31" 2009-12-27 24.17 "TOR" "" "DET" "W" 7 1 41.7333333333333 0.559 0.538 0 15 9.1 4.6 0 3.3 17.3 20.7 91 109 8.2 -4.8
"33" "32" 2009-12-30 24.18 "TOR" "" "CHA" "W" 4 1 41.35 0.643 0.6 7.6 4.6 6.5 0 1.3 2.3 15.5 27.8 115 117 17.3 -2
"34" "33" 2010-01-02 24.19 "TOR" "@" "BOS" "L" -7 1 40.4166666666667 0.626 0.6 7.2 7.7 7.4 4.7 0 2.2 10.7 22.7 113 120 13.1 -0.7
"35" "34" 2010-01-03 24.19 "TOR" "" "SAS" "W" 5 1 41.5166666666667 0.402 0.344 5.8 14.2 10.4 4.2 0 8.6 5.1 22.3 87 91 9.8 0.6
"36" "35" 2010-01-06 24.2 "TOR" "@" "ORL" "W" 5 1 30.5 0.533 0.5 5.8 25.6 18 11.2 0 3.7 5.6 29.1 100 109 11.1 -2.8
"37" "36" 2010-01-08 24.2 "TOR" "@" "PHI" "W" 2 1 39.7333333333333 0.536 0.524 6.4 11.8 9.2 4.3 0 5.6 4.5 25.7 106 111 15.9 -0.4
"38" "37" 2010-01-10 24.21 "TOR" "" "BOS" "L" -7 1 36.7666666666667 0.648 0.625 0 15.9 8.3 0 1.4 4.9 10.1 23.9 117 122 15.3 2.9
"39" "38" 2010-01-11 24.21 "TOR" "@" "IND" "L" -4 1 35.8333333333333 0.381 0.321 10.7 36.3 23.2 0 0 7.2 11.3 20.9 82 99 9.8 -3
"40" "39" 2010-01-15 24.22 "TOR" "@" "NYK" "W" 8 1 38.9166666666667 0.865 0.885 0 30.8 17.8 4.4 1.3 0 12.6 19.9 141 104 20.2 8.9
"41" "40" 2010-01-17 24.23 "TOR" "" "DAL" "W" 22 1 34.6833333333333 0.6 0.618 9.2 10.1 9.7 4.4 0 4.3 5.2 25.5 119 102 17 5.3
"42" "41" 2010-01-19 24.23 "TOR" "@" "CLE" "L" -8 1 37.4666666666667 0.582 0.567 3.1 19.4 10.2 0 0 2.6 5.8 21.7 109 116 10.8 -0.1
"43" "42" 2010-01-20 24.24 "TOR" "@" "MIL" "L" -6 1 30.8 0.372 0.346 3.9 9.9 7.2 4.9 0 2.3 13 22.7 75 127 1.5 -12.5
"44" "" 2010-01-22 24.24 "TOR" "" "MIL" "W" 5 NA NA NA NA NA NA NA NA NA NA NA NA NA NA NA NA
"45" "43" 2010-01-24 24.25 "TOR" "" "LAL" "W" 1 1 38.9666666666667 0.548 0.441 5.5 16.4 10.9 4.1 1.3 1.6 4.7 25.1 117 111 16.7 1.8
"46" "44" 2010-01-27 24.25 "TOR" "" "MIA" "W" 8 1 36.65 0.711 0.711 3.9 5.6 4.9 4.5 0 1.9 5 25 137 117 19.8 5.1
"47" "45" 2010-01-28 24.26 "TOR" "@" "NYK" "W" 2 1 30.1 0.106 0.111 0 9.6 5.1 4.2 0 7.5 0 13.3 33 102 -2.2 -9.4
"48" "46" 2010-01-31 24.27 "TOR" "" "IND" "W" 15 1 34.5333333333333 0.66 0.625 7.9 6.8 7.3 10.4 1.5 2.5 18.9 21.2 116 106 13.4 0.6
"49" "47" 2010-02-02 24.27 "TOR" "@" "IND" "L" -15 1 35.9833333333333 0.719 0.762 0 13 5.8 0 0 2.2 4.1 26.7 130 126 22.2 7.2
"50" "48" 2010-02-03 24.27 "TOR" "" "NJN" "W" 9 1 33.3 0.498 0.412 0 16.4 8.7 5.1 0 8 0 28.7 109 106 13.9 -0.8
"51" "49" 2010-02-07 24.28 "TOR" "" "SAC" "W" 11 1 36.9833333333333 0.656 0.633 3.5 18.9 12.2 11.3 0 1.8 15.2 23.9 116 111 16.1 0.7
"52" "50" 2010-02-10 24.29 "TOR" "" "PHI" "W" 11 1 36.4666666666667 0.546 0.458 2.9 19.3 10.6 7.9 2.7 4.5 17 20.8 99 91 13.1 2.4
"53" "51" 2010-02-17 24.31 "TOR" "" "MEM" "L" -7 1 40.1666666666667 0.352 0.368 8.1 23.1 14.8 0 0 5.5 0 24.5 79 109 7.8 -6.6
"54" "52" 2010-02-19 24.32 "TOR" "@" "NJN" "W" 17 1 32.55 0.604 0.556 0 20.6 12.1 4.1 0 2.5 8.5 17.7 110 97 9.3 -2.8
"55" "53" 2010-02-20 24.32 "TOR" "" "WAS" "W" 5 1 39.0833333333333 0.575 0.5 0 18.4 10.2 0 0 6.4 0 19.2 138 117 14.7 0
"56" "54" 2010-02-24 24.33 "TOR" "" "POR" "L" -14 1 35.3166666666667 0.444 0.406 3.7 16.6 10.5 0 0 1.9 10.6 25.8 86 116 6.3 -6
"57" "55" 2010-02-26 24.34 "TOR" "" "CLE" "L" -8 1 45.05 0.64 0.588 2.9 11 6.4 10.3 0 0 0 19.4 142 134 18.2 4.2
"58" "56" 2010-02-28 24.34 "TOR" "@" "OKC" "L" -20 1 27.4666666666667 0.778 0.778 0 9.2 4.2 12.7 0 0 25 18.1 117 124 8.3 2.2
"59" "57" 2010-03-01 24.35 "TOR" "@" "HOU" "L" -24 1 28.4666666666667 0.401 0.412 4 22.8 12.8 0 0 0 5.4 29.6 76 123 5.3 -8.7
"60" "58" 2010-03-05 24.36 "TOR" "" "NYK" "W" 6 1 37.0833333333333 0.283 0.3 2.9 10.5 6.3 6.3 0 2 5.9 21 67 108 1.6 -10.4
"61" "59" 2010-03-07 24.36 "TOR" "" "PHI" "L" -13 1 39.3333333333333 0.55 0.55 3.3 10.5 6.8 6.6 0 3.5 9.1 12.9 114 128 8.6 -3.6
"62" "60" 2010-03-09 24.37 "TOR" "@" "LAL" "L" -2 1 37.4 0.56 0.529 3.3 20 12.2 0 0 4.1 5.1 23.7 112 116 13.9 0.7
"63" "61" 2010-03-10 24.37 "TOR" "@" "SAC" "L" -23 1 35.2166666666667 0.727 0.708 9.1 10.2 9.6 0 0 3.3 22.5 23.6 113 122 14.8 2.1
"64" "62" 2010-03-13 24.38 "TOR" "@" "GSW" "L" -12 1 39.3333333333333 0.637 0.5 3.9 7.3 6 6.2 0 0 0 10.2 147 136 10.2 -3.9
"65" "63" 2010-03-14 24.38 "TOR" "@" "POR" "L" -11 1 31.8833333333333 0.396 0.385 5 3.4 4.1 9.6 0 0 6.7 24.8 92 142 4.5 -9.1
"66" "64" 2010-03-17 24.39 "TOR" "" "ATL" "W" 1 1 37.7166666666667 0.661 0.643 8.1 24.8 15.9 8.3 0 1.9 5.7 20.9 134 112 19 5.6
"67" "65" 2010-03-19 24.39 "TOR" "" "OKC" "L" -26 1 22 0.577 0.577 5.6 12.8 9.7 0 0 0 0 27.4 110 124 9.9 2.8
"68" "66" 2010-03-20 24.4 "TOR" "@" "NJN" "W" 10 1 27.0666666666667 0.425 0.4 4.8 6.8 6 0 2 0 25.4 13.7 73 104 0.2 -11.2
"69" "67" 2010-03-22 24.4 "TOR" "@" "MIN" "W" 6 1 39.4166666666667 0.559 0.559 3.1 19.2 11.1 16.2 2.6 0 5.6 20.4 118 106 16.2 4.1
"70" "68" 2010-03-24 24.41 "TOR" "" "UTA" "L" -26 1 29.55 0.607 0.611 3.4 15.5 9 0 0 4.8 16.8 18.2 101 120 8.2 -1.4
"71" "69" 2010-03-26 24.41 "TOR" "" "DEN" "L" -1 1 34.1666666666667 0.489 0.423 12.2 30.9 22 4.3 1.5 4.5 6.5 19.6 112 96 14.3 4
"72" "70" 2010-03-28 24.42 "TOR" "@" "MIA" "L" -3 1 39.7666666666667 0.654 0.654 0 20.8 10.2 13.6 0 2.3 27.8 23.2 93 115 8.8 -1.8
"73" "71" 2010-03-29 24.42 "TOR" "@" "CHA" "W" 2 1 38.5166666666667 0.538 0.536 10.1 23.4 16.3 7.7 1.4 2.8 6.3 19.9 117 114 13.4 2.5
"74" "72" 2010-03-31 24.43 "TOR" "" "LAC" "W" 22 1 34.55 0.506 0.474 4.5 19.8 13.9 3.9 0 6.6 4.6 31.5 100 101 14.7 -4.7
"75" "73" 2010-04-03 24.44 "TOR" "@" "PHI" "W" 5 1 44.8666666666667 0.636 0.567 7.4 12.8 10.3 3.2 0 2 14.2 21.9 120 125 15.1 -3.4
"76" "74" 2010-04-04 24.44 "TOR" "" "GSW" "L" -1 1 37.9166666666667 0.363 0.326 12.7 8.4 10.7 9.3 0 2.1 3.9 26.8 94 117 7.8 -7.3
"77" "75" 2010-04-06 24.44 "TOR" "@" "CLE" "L" -12 1 34.7 0.381 0.357 6.1 13.4 9.1 8.6 1.5 0 12.2 22.6 79 120 4.7 -10.2
"78" "76" 2010-04-07 24.45 "TOR" "" "BOS" "L" -11 1 38.8333333333333 0.386 0.386 6.7 12 9.1 0 0 9.2 8.3 28.4 80 128 6.3 -10.9
"79" "77" 2010-04-09 24.45 "TOR" "@" "ATL" "L" -6 1 37.2833333333333 0.5 0.5 0 16.1 8.5 0 0 2 6.3 19.1 98 118 8.8 -2.1
"80" "78" 2010-04-11 24.46 "TOR" "" "CHI" "L" -16 1 39.3833333333333 0.507 0.469 5 8.9 6.8 4.3 0 3.5 5.3 21.9 102 113 12.2 -0.9
"81" "79" 2010-04-12 24.46 "TOR" "@" "DET" "W" 14 1 38.05 0.721 0.705 0 21.5 13 4.4 0 2 4.2 32 125 109 25.3 7.4
"82" "80" 2010-04-14 24.47 "TOR" "" "NYK" "W" 18 1 33.6166666666667 0.716 0.667 0 12.2 8 18.2 1.5 7.5 15.2 27.7 128 117 20.7 5.3
"1" "1" 2010-10-27 25 "TOR" "" "NYK" "L" -5 1 35.3833333333333 0.449 0.405 2.8 14.7 8.7 0 0 4.2 3.9 30 93 103 11.9 0.9
"2" "2" 2010-10-29 25.01 "TOR" "" "CLE" "W" 20 1 30.0666666666667 0.658 0.577 0 3.6 2 11.5 0 2.5 11.6 25.2 125 94 13.3 2.6
"3" "3" 2010-11-01 25.02 "TOR" "@" "SAC" "L" -3 1 35.8833333333333 0.729 0.676 0 6.5 3.3 5.2 1.5 3.5 5 24.2 154 122 21.6 11
"4" "4" 2010-11-03 25.02 "TOR" "@" "UTA" "L" -17 1 36.1 0.566 0.474 14 20.1 16.9 15.7 0 3.9 11.6 30.4 116 126 18.7 1.9
"5" "5" 2010-11-05 25.03 "TOR" "@" "LAL" "L" -5 1 37.75 0.474 0.423 3 6.9 4.8 3.7 1.4 2.3 16.9 19.4 95 117 6.4 -4.7
"6" "6" 2010-11-06 25.03 "TOR" "@" "POR" "L" -13 1 31.4333333333333 0.353 0.353 10 18.6 14 0 0 0 15 28.3 74 112 1.5 -11.8
"7" "7" 2010-11-08 25.04 "TOR" "" "GSW" "L" -7 1 20.85 0.55 0.55 5.5 0 3.1 8.7 0 0 16.7 24.9 97 123 3.8 -8.2
"8" "8" 2010-11-10 25.04 "TOR" "" "CHA" "L" -5 1 38.35 0.552 0.5 8.9 23.5 15.2 9.7 2.8 2.3 18.1 31.7 100 108 17.2 3.6
"9" "9" 2010-11-12 25.05 "TOR" "@" "ORL" "W" 4 1 39.35 0.545 0.5 0 7.2 3.3 4.6 0 0 7.5 30 110 119 13 -5.5
"10" "10" 2010-11-13 25.05 "TOR" "@" "MIA" "L" -9 1 38.3666666666667 0.444 0.391 9.4 17.9 13.7 0 0 0 10.8 32.8 94 123 8 -8.3
"11" "11" 2010-11-16 25.06 "TOR" "@" "WAS" "L" -15 1 28.4166666666667 0.384 0.269 3.3 5.3 4.1 11.3 1.8 0 6 25.5 90 120 5.3 -6.2
"12" "12" 2010-11-17 25.06 "TOR" "@" "PHI" "W" 8 1 36.7333333333333 0.727 0.694 0 16.9 9.9 7.1 0 1.7 12.7 31.3 121 93 21.1 7.1
"13" "13" 2010-11-19 25.07 "TOR" "" "HOU" "W" 10 1 35.8666666666667 0.71 0.676 0 20.1 9.9 20.4 0 0 14.1 25.7 125 105 18.9 7.2
"14" "14" 2010-11-21 25.07 "TOR" "" "BOS" "W" 1 1 39.3166666666667 0.564 0.5 0 6.6 3.2 5.3 0 0 13.5 35.2 102 114 12.3 -2.8
"15" "15" 2010-11-24 25.08 "TOR" "" "PHI" "W" 16 1 33.2833333333333 0.615 0.563 7.4 10.6 9 10.9 0 6.3 20.4 34.4 103 102 15.2 0.9
"16" "16" 2010-11-26 25.08 "TOR" "@" "BOS" "L" -9 1 38.1166666666667 0.362 0.308 5.7 21.6 12.8 3.9 1.4 2 11.6 19.4 82 118 5.1 -7.7
"17" "17" 2010-11-28 25.09 "TOR" "" "ATL" "L" -18 1 34.6166666666667 0.391 0.353 3.1 20.8 11.4 0 1.5 2.3 21.9 32 63 105 2.1 -11.1
"18" "18" 2010-12-01 25.1 "TOR" "" "WAS" "W" 19 1 26.05 0.648 0.615 10.5 23.5 18 15.2 0 2.5 17.8 28.1 121 110 13.1 -1.2
"19" "19" 2010-12-03 25.1 "TOR" "" "OKC" "W" 12 1 41.5166666666667 0.597 0.575 10.2 24.8 18.3 7.2 1.2 0 12.1 26.6 112 103 19 0.7
"20" "20" 2010-12-05 25.11 "TOR" "" "NYK" "L" -17 1 32.7166666666667 0.421 0.421 3.2 20.5 11.5 10.4 1.6 0 13.6 28.9 86 124 6.6 -8.8
"21" "21" 2010-12-06 25.11 "TOR" "@" "IND" "L" -24 1 31.8 0.487 0.455 2.7 12.6 6.6 4.4 0 0 14 17.3 95 127 4.6 -7.9
"22" "22" 2010-12-08 25.12 "TOR" "@" "NYK" "L" -3 1 39.45 0.733 0.708 0 18.5 9.5 33.9 2.4 0 3.5 32.1 144 110 37.1 19.1
"23" "23" 2010-12-10 25.12 "TOR" "" "DEN" "L" -7 1 39.6333333333333 0.585 0.471 0 12.5 5 9.7 3.7 0 12.8 25.6 116 122 17.5 0.5
"24" "24" 2010-12-11 25.13 "TOR" "@" "DET" "W" 4 1 37.8666666666667 0.793 0.769 0 14.7 8.9 7.5 0 0 22.4 22.5 118 127 14.2 -3.1
"25" "25" 2010-12-14 25.13 "TOR" "@" "CHA" "L" -6 1 27.85 0.37 0.321 13.3 20.3 16 11.8 0 2.5 19.8 30 78 108 3.9 -8.5
"26" "" 2010-12-15 25.14 "TOR" "" "CHI" "L" -17 NA NA NA NA NA NA NA NA NA NA NA NA NA NA NA NA
"27" "26" 2010-12-17 25.14 "TOR" "" "NJN" "W" 6 1 38.0666666666667 0.586 0.558 6.2 21.5 13.8 11.3 1.4 3.7 0 33.8 125 98 25.9 11.3
"28" "" 2010-12-19 25.15 "TOR" "" "LAL" "L" -10 NA NA NA NA NA NA NA NA NA NA NA NA NA NA NA NA
"29" "27" 2010-12-22 25.16 "TOR" "" "DET" "L" -22 1 33.4333333333333 0.398 0.353 0 7.6 4.4 5.4 0 0 13 33.1 69 123 2.8 -15.5
"30" "" 2010-12-27 25.17 "TOR" "@" "MEM" "L" -11 NA NA NA NA NA NA NA NA NA NA NA NA NA NA NA NA
"31" "" 2010-12-28 25.17 "TOR" "@" "DAL" "W" 8 NA NA NA NA NA NA NA NA NA NA NA NA NA NA NA NA
"32" "" 2010-12-31 25.18 "TOR" "@" "HOU" "L" -9 NA NA NA NA NA NA NA NA NA NA NA NA NA NA NA NA
"33" "" 2011-01-02 25.19 "TOR" "" "BOS" "L" -14 NA NA NA NA NA NA NA NA NA NA NA NA NA NA NA NA
"34" "28" 2011-01-04 25.19 "TOR" "@" "CHI" "L" -20 1 32.4 0.56 0.441 3.8 19.5 11.5 6 0 4.2 12.8 33.4 103 118 14.8 1.1
"35" "29" 2011-01-05 25.19 "TOR" "@" "CLE" "W" 15 1 39.2333333333333 0.599 0.575 0 29.7 14.2 9.7 1.4 2.5 12.6 27.6 111 115 17.4 -1.5
"36" "30" 2011-01-07 25.2 "TOR" "@" "BOS" "L" -20 1 35.8166666666667 0.507 0.467 3.4 15.8 9.1 13.1 3 4.5 15.2 26.4 97 130 12.5 -4.1
"37" "31" 2011-01-09 25.21 "TOR" "" "SAC" "W" 6 1 38.75 0.708 0.684 3.5 19.3 12.4 11.2 0 1.7 4.5 25.7 141 116 24.1 5.2
"38" "32" 2011-01-12 25.21 "TOR" "" "ATL" "L" -3 1 39.5333333333333 0.568 0.568 3.6 6.2 5 4.1 0 4.9 14.9 32.9 93 115 14.4 -3.1
"39" "33" 2011-01-14 25.22 "TOR" "" "DET" "L" -6 1 34.8833333333333 0.535 0.48 18.8 9.2 13.9 19.2 1.6 2 0 39 127 117 26.4 11.5
"40" "34" 2011-01-15 25.22 "TOR" "@" "WAS" "L" -3 1 39.9 0.529 0.5 0 19.6 9.7 4.1 1.3 0 7.8 30.7 96 107 13.7 -2.5
"41" "35" 2011-01-17 25.23 "TOR" "@" "NOH" "L" -4 1 41.9166666666667 0.3 0.265 2.9 7 5.1 4 1.4 1.5 9.8 23.6 66 105 1.1 -8.2
"42" "36" 2011-01-19 25.23 "TOR" "@" "SAS" "L" -9 1 37.3666666666667 0.342 0.325 3 17.5 10.3 4.5 1.4 3.8 4.7 25.5 75 110 6.2 -5.8
"43" "37" 2011-01-21 25.24 "TOR" "@" "ORL" "L" -40 1 26.8833333333333 0.349 0.25 3.3 10.7 6.9 7.6 0 2.9 0 27.5 85 129 5 -2.6
"44" "38" 2011-01-22 25.24 "TOR" "@" "MIA" "L" -17 1 41.65 0.526 0.479 2.9 9.9 6.1 4.4 0 0 10.1 33.3 98 136 13.7 -4.5
"45" "39" 2011-01-24 25.25 "TOR" "" "MEM" "L" -2 1 44.1166666666667 0.512 0.481 5.6 6.7 6.2 12.6 1.2 1.3 9.6 32.3 103 115 18 -0.1
"46" "40" 2011-01-26 25.25 "TOR" "" "PHI" "L" -13 1 37.9833333333333 0.723 0.65 0 15.4 8.3 8.6 2.9 5.1 14.5 17.4 128 117 17.4 7.1
"47" "41" 2011-01-28 25.26 "TOR" "" "MIL" "L" -6 1 37.55 0.449 0.391 6.1 8.3 7.1 4.7 0 0 10.5 34.8 90 122 9 -9.4
"48" "42" 2011-01-29 25.26 "TOR" "@" "MIN" "L" -16 1 31.8833333333333 0.282 0.208 4.6 3.7 4.3 17.1 3 8.7 3.6 33.1 70 98 6.3 -0.5
"49" "43" 2011-01-31 25.27 "TOR" "@" "IND" "L" -11 1 32.7333333333333 0.324 0.2 0 17.9 7.8 4.4 0 2.4 5.1 24.4 71 106 2.2 -9.5
"50" "44" 2011-02-02 25.27 "TOR" "@" "ATL" "L" -13 1 30.1833333333333 0.436 0.333 7.1 15.4 10.5 0 0 0 6.8 24.4 93 121 6.5 -7.3
"51" "45" 2011-02-04 25.28 "TOR" "" "MIN" "W" 11 1 36.8 0.508 0.442 3.7 14.5 9.8 11.9 0 0 14.5 42.1 94 113 13.1 -10.6
"52" "46" 2011-02-08 25.29 "TOR" "@" "MIL" "L" -18 1 36.65 0.496 0.429 2.6 11.9 7 6.8 0 0 11.5 33.1 92 106 9.5 -1.9
"53" "47" 2011-02-09 25.29 "TOR" "" "SAS" "L" -11 1 38.4833333333333 0.694 0.7 0 7.6 3.4 0 1.4 0 0 26.1 137 127 21.4 8.2
"54" "48" 2011-02-11 25.3 "TOR" "" "POR" "L" -6 1 42.8 0.692 0.618 3.2 17.5 10 17.4 1.3 0 19.3 29.8 121 121 20.5 2.9
"55" "49" 2011-02-13 25.3 "TOR" "" "LAC" "W" 5 1 40.7833333333333 0.541 0.452 2.5 17.3 8.7 9.6 0 0 7.4 29.4 113 108 15.9 1.3
"56" "50" 2011-02-16 25.31 "TOR" "" "MIA" "L" -8 1 39.4 0.684 0.673 0 12.2 5.4 0 0 0 9.8 35.4 113 115 22 7
"57" "51" 2011-02-22 25.33 "TOR" "@" "CHA" "L" -13 1 32.4833333333333 0.523 0.467 0 26.9 14.4 5.2 1.6 0 10.4 27.2 96 116 10 -4.8
"58" "52" 2011-02-23 25.33 "TOR" "" "CHI" "W" 5 1 41.9333333333333 0.503 0.368 0 21.3 13.7 13.1 1.2 0 11.2 29.6 99 116 15.5 -5.1
"59" "53" 2011-02-25 25.33 "TOR" "" "PHO" "L" -18 1 35.2 0.756 0.8 0 14.7 7.5 6.3 1.4 0 14.9 26.7 121 117 18.6 6.7
"60" "" 2011-02-27 25.34 "TOR" "" "DAL" "L" -18 NA NA NA NA NA NA NA NA NA NA NA NA NA NA NA NA
"61" "54" 2011-03-01 25.35 "TOR" "" "NOH" "W" 6 1 33.4833333333333 0.415 0.375 0 11 5.8 9.4 0 0 10.6 28.3 78 107 3.5 -12.4
"62" "55" 2011-03-04 25.35 "TOR" "@" "NJN" "L" -13 1 38.7333333333333 0.569 0.556 0 10.3 4.8 12.5 0 2 4.7 25.9 110 126 15.5 0.8
"63" "56" 2011-03-05 25.36 "TOR" "@" "NJN" "L" -1 1 51.6666666666667 0.54 0.446 4.2 21 12.6 10.9 0 0 3 30.4 119 119 23.7 1.4
"64" "" 2011-03-09 25.37 "TOR" "" "UTA" "L" -2 NA NA NA NA NA NA NA NA NA NA NA NA NA NA NA NA
"65" "57" 2011-03-11 25.37 "TOR" "" "IND" "W" 10 1 30.9333333333333 0.242 0.077 8.4 10.8 9.7 7.5 0 4.9 5.7 25.4 78 112 1.8 -14
"66" "58" 2011-03-13 25.38 "TOR" "" "CHA" "L" -5 1 38.85 0.581 0.542 6 8 6.9 4.8 0 0 12 18.4 115 114 10.9 0.7
"67" "59" 2011-03-16 25.39 "TOR" "@" "DET" "L" -14 1 38.8 0.45 0.425 3.2 9.1 6.2 4.3 0 4.1 8.3 29.6 88 123 9.7 -6.3
"68" "60" 2011-03-18 25.39 "TOR" "" "WAS" "W" 9 1 41.25 0.72 0.6 5.8 2.7 4.2 20.3 0 0 11.6 27.7 142 123 25.5 5
"69" "61" 2011-03-20 25.4 "TOR" "@" "OKC" "W" 2 1 39.1 0.513 0.444 2.7 11.7 7.1 0 1.4 0 4.3 28 104 107 13.1 0.1
"70" "62" 2011-03-21 25.4 "TOR" "@" "DEN" "L" -33 1 28.7666666666667 0.672 0.643 0 10.9 5.4 0 1.6 2.5 6.3 22.9 119 116 13.4 5.6
"71" "63" 2011-03-23 25.41 "TOR" "@" "PHO" "L" -8 1 38.5666666666667 0.548 0.477 5.3 5.7 5.5 10.8 0 0 7.5 29.5 114 122 16.9 -0.1
"72" "64" 2011-03-25 25.41 "TOR" "@" "GSW" "L" -38 1 27.4166666666667 0.298 0.2 0 0 0 25.4 0 0 0 18.8 86 146 2.7 -11.5
"73" "" 2011-03-26 25.41 "TOR" "@" "LAC" "L" -4 NA NA NA NA NA NA NA NA NA NA NA NA NA NA NA NA
"74" "65" 2011-03-30 25.42 "TOR" "" "MIL" "L" -6 1 31.5333333333333 0.698 0.643 0 8.5 4.3 17 0 0 11.3 27.6 133 127 14.9 3.9
"75" "" 2011-04-02 25.43 "TOR" "@" "CHI" "L" -7 NA NA NA NA NA NA NA NA NA NA NA NA NA NA NA NA
"76" "" 2011-04-03 25.44 "TOR" "" "ORL" "W" 4 NA NA NA NA NA NA NA NA NA NA NA NA NA NA NA NA
"77" "66" 2011-04-05 25.44 "TOR" "@" "NYK" "L" -13 1 8.41666666666667 0 0 12.7 16.3 14.3 0 0 0 20 24.1 17 138 -3.2 -30.7
"78" "" 2011-04-06 25.44 "TOR" "" "CLE" "L" -8 NA NA NA NA NA NA NA NA NA NA NA NA NA NA NA NA
"79" "" 2011-04-08 25.45 "TOR" "@" "PHI" "L" -5 NA NA NA NA NA NA NA NA NA NA NA NA NA NA NA NA
"80" "" 2011-04-10 25.45 "TOR" "" "NJN" "W" 7 NA NA NA NA NA NA NA NA NA NA NA NA NA NA NA NA
"81" "" 2011-04-11 25.46 "TOR" "@" "MIL" "L" -7 NA NA NA NA NA NA NA NA NA NA NA NA NA NA NA NA
"82" "" 2011-04-13 25.46 "TOR" "" "MIA" "L" -18 NA NA NA NA NA NA NA NA NA NA NA NA NA NA NA NA
"1" "1" 2011-12-26 26.17 "TOR" "@" "CLE" "W" 8 1 30.1 0.505 0.458 0 19.5 11.7 9.4 0 0 0 21.2 118 114 9 -6.3
"2" "2" 2011-12-28 26.17 "TOR" "" "IND" "L" -5 1 31.5833333333333 0.547 0.559 3.9 11.1 7.6 34 1.7 4.7 17.2 34 99 102 13.8 6.6
"3" "3" 2011-12-30 26.18 "TOR" "@" "DAL" "L" -13 1 41.9833333333333 0.697 0.667 0 20 10.3 5.6 0 2.4 12.2 28.9 117 112 21.5 6.8
"4" "4" 2012-01-01 26.18 "TOR" "@" "ORL" "L" -6 1 40.6333333333333 0.581 0.5 0 23 12.5 17.6 1.4 0 7.7 32.9 111 116 20.1 3.7
"5" "5" 2012-01-02 26.19 "TOR" "@" "NYK" "W" 5 1 37.9 0.636 0.538 0 13.8 7.6 6 0 0 15.4 25 106 97 12.3 -0.4
"6" "6" 2012-01-04 26.19 "TOR" "" "CLE" "W" 15 1 34.1 0.812 0.781 0 20.1 11.2 20.6 0 2.4 9.5 31.7 144 89 26.3 18.9
"7" "7" 2012-01-06 26.2 "TOR" "" "NJN" "L" -12 1 36.0833333333333 0.599 0.542 3.3 9.3 6.4 16 0 5.4 6.6 21.4 123 121 14.3 2.9
"8" "8" 2012-01-07 26.2 "TOR" "@" "PHI" "L" -35 1 32.1833333333333 0.485 0.447 8.1 27.1 16.6 9.9 1.7 0 4.4 31.5 102 104 14.5 11.4
"9" "9" 2012-01-09 26.21 "TOR" "" "MIN" "W" 10 1 45.0166666666667 0.535 0.46 2.8 19 11.6 0 0 1.9 6.5 32.3 115 102 18.1 0.1
"10" "10" 2012-01-10 26.21 "TOR" "@" "WAS" "L" -15 1 29.0166666666667 0.619 0.563 3.8 4.2 4 21.9 0 0 10.1 31 118 110 14 5.1
"11" "11" 2012-01-11 26.21 "TOR" "" "SAC" "L" -7 1 28.3 0.32 0.154 3.9 31.2 18.4 0 0 0 11.3 29 66 101 3.1 -12.3
"12" "" 2012-01-13 26.22 "TOR" "" "IND" "L" -5 NA NA NA NA NA NA NA NA NA NA NA NA NA NA NA NA
"13" "" 2012-01-14 26.22 "TOR" "@" "CHI" "L" -13 NA NA NA NA NA NA NA NA NA NA NA NA NA NA NA NA
"14" "" 2012-01-16 26.22 "TOR" "@" "ATL" "L" -9 NA NA NA NA NA NA NA NA NA NA NA NA NA NA NA NA
"15" "" 2012-01-18 26.23 "TOR" "@" "BOS" "L" -23 NA NA NA NA NA NA NA NA NA NA NA NA NA NA NA NA
"16" "" 2012-01-20 26.24 "TOR" "" "POR" "L" -10 NA NA NA NA NA NA NA NA NA NA NA NA NA NA NA NA
"17" "" 2012-01-22 26.24 "TOR" "@" "LAC" "L" -12 NA NA NA NA NA NA NA NA NA NA NA NA NA NA NA NA
"18" "12" 2012-01-24 26.25 "TOR" "@" "PHO" "W" 3 1 42.2666666666667 0.685 0.571 2.6 13.2 7.9 10 2.4 1.7 7.1 29.5 137 100 28.8 14.4
"19" "13" 2012-01-25 26.25 "TOR" "@" "UTA" "W" 5 1 40.1166666666667 0.45 0.442 6 10.3 8 20.3 0 2 15.3 39.4 84 101 10.4 -1.9
"20" "" 2012-01-27 26.25 "TOR" "@" "DEN" "L" -15 NA NA NA NA NA NA NA NA NA NA NA NA NA NA NA NA
"21" "" 2012-01-29 26.26 "TOR" "@" "NJN" "W" 21 NA NA NA NA NA NA NA NA NA NA NA NA NA NA NA NA
"22" "" 2012-01-31 26.27 "TOR" "" "ATL" "L" -23 NA NA NA NA NA NA NA NA NA NA NA NA NA NA NA NA
"23" "" 2012-02-01 26.27 "TOR" "@" "BOS" "L" -36 NA NA NA NA NA NA NA NA NA NA NA NA NA NA NA NA
"24" "" 2012-02-03 26.27 "TOR" "" "WAS" "W" 17 NA NA NA NA NA NA NA NA NA NA NA NA NA NA NA NA
"25" "" 2012-02-05 26.28 "TOR" "@" "MIA" "L" -6 NA NA NA NA NA NA NA NA NA NA NA NA NA NA NA NA
"26" "" 2012-02-06 26.28 "TOR" "@" "WAS" "L" -3 NA NA NA NA NA NA NA NA NA NA NA NA NA NA NA NA
"27" "" 2012-02-08 26.29 "TOR" "" "MIL" "L" -6 NA NA NA NA NA NA NA NA NA NA NA NA NA NA NA NA
"28" "" 2012-02-10 26.29 "TOR" "" "BOS" "W" 12 NA NA NA NA NA NA NA NA NA NA NA NA NA NA NA NA
"29" "" 2012-02-12 26.3 "TOR" "" "LAL" "L" -2 NA NA NA NA NA NA NA NA NA NA NA NA NA NA NA NA
"30" "" 2012-02-14 26.3 "TOR" "" "NYK" "L" -3 NA NA NA NA NA NA NA NA NA NA NA NA NA NA NA NA
"31" "" 2012-02-15 26.31 "TOR" "" "SAS" "L" -7 NA NA NA NA NA NA NA NA NA NA NA NA NA NA NA NA
"32" "" 2012-02-17 26.31 "TOR" "" "CHA" "L" -7 NA NA NA NA NA NA NA NA NA NA NA NA NA NA NA NA
"33" "" 2012-02-22 26.33 "TOR" "" "DET" "W" 10 NA NA NA NA NA NA NA NA NA NA NA NA NA NA NA NA
"34" "" 2012-02-28 26.34 "TOR" "@" "HOU" "L" -3 NA NA NA NA NA NA NA NA NA NA NA NA NA NA NA NA
"35" "" 2012-02-29 26.35 "TOR" "@" "NOH" "W" 11 NA NA NA NA NA NA NA NA NA NA NA NA NA NA NA NA
"36" "" 2012-03-02 26.35 "TOR" "" "MEM" "L" -3 NA NA NA NA NA NA NA NA NA NA NA NA NA NA NA NA
"37" "" 2012-03-04 26.36 "TOR" "" "GSW" "W" 8 NA NA NA NA NA NA NA NA NA NA NA NA NA NA NA NA
"38" "" 2012-03-05 26.36 "TOR" "" "ORL" "L" -4 NA NA NA NA NA NA NA NA NA NA NA NA NA NA NA NA
"39" "" 2012-03-07 26.36 "TOR" "" "HOU" "W" 18 NA NA NA NA NA NA NA NA NA NA NA NA NA NA NA NA
"40" "14" 2012-03-10 26.37 "TOR" "@" "DET" "L" -19 1 19.4666666666667 0.41 0.25 6.3 14.9 10.3 30.7 2.8 0 9.3 27.1 93 117 6.6 0.7
"41" "15" 2012-03-11 26.38 "TOR" "" "MIL" "L" -6 1 30.1166666666667 0.468 0.4 7.8 25.2 16.1 9.5 1.8 0 20.3 21.9 90 115 7.4 -3.6
"42" "16" 2012-03-13 26.38 "TOR" "@" "CLE" "W" 8 1 28.7 0.582 0.533 4.2 30 16.9 7.1 0 2.7 15.5 33.2 104 103 12.1 -2.3
"43" "17" 2012-03-14 26.38 "TOR" "@" "NJN" "L" -14 1 32.9666666666667 0.36 0.308 3 3.9 3.4 17.4 1.7 2.3 12.6 22.2 75 115 4.5 -6.6
"44" "18" 2012-03-16 26.39 "TOR" "@" "MEM" "W" 4 1 39.1666666666667 0.429 0.294 6.9 15 11.3 4 0 0 19.3 29.3 81 108 4.7 -9.4
"45" "19" 2012-03-17 26.39 "TOR" "@" "CHA" "L" -4 1 27.95 0.506 0.45 0 16.1 8.2 5.5 3.7 0 39.1 28.5 65 113 1 -14.8
"46" "20" 2012-03-20 26.4 "TOR" "@" "NYK" "L" -19 1 33.2666666666667 0.436 0.333 0 6.9 3.8 5.6 0 0 10.4 29 82 124 5 -7.3
"47" "21" 2012-03-21 26.4 "TOR" "" "CHI" "L" -12 1 33.4166666666667 0.34 0.2 0 16.3 8 26.8 1.6 0 7.8 18.5 83 106 6.7 -2
"48" "22" 2012-03-23 26.41 "TOR" "" "NYK" "W" 17 1 34.25 0.503 0.475 0 22.3 11.5 5.5 0 0 16.1 31.3 88 83 8.6 -1.6
"49" "23" 2012-03-24 26.41 "TOR" "@" "CHI" "L" -1 1 36.25 0.379 0.25 3.2 15.4 10 13.2 0 1.8 8.2 30.8 102 109 8.1 -3.6
"50" "24" 2012-03-26 26.42 "TOR" "" "ORL" "L" -16 1 23.55 0.337 0.273 5.7 11.6 8.6 0 0 0 7.8 27.2 72 136 0.6 -19.7
"51" "25" 2012-03-28 26.42 "TOR" "" "DEN" "W" 9 1 36.0666666666667 0.674 0.571 5.5 9.1 7.2 10.4 1.5 2.2 9.4 25.6 136 109 21.2 9.5
"52" "26" 2012-03-30 26.43 "TOR" "" "MIA" "L" -12 1 38.7166666666667 0.72 0.676 0 3.9 2.1 4.7 0 2 9.6 26.7 132 140 18.4 3.6
"53" "27" 2012-04-01 26.43 "TOR" "" "WAS" "W" 7 1 30.9833333333333 0.51 0.4 0 33.5 16.7 22.4 5.5 0 5.4 29.7 116 100 16.7 6.7
"54" "28" 2012-04-03 26.44 "TOR" "" "CHA" "W" 5 1 34.35 0.609 0.545 0 9.3 5 7.1 1.7 0 7.5 38.9 114 105 18 3.6
"55" "29" 2012-04-04 26.44 "TOR" "@" "PHI" "W" 21 1 34.0333333333333 0.698 0.633 0 16.4 9.4 10.2 0 0 10.4 29 133 100 17.6 8.4
"56" "30" 2012-04-06 26.45 "TOR" "" "CLE" "L" -4 1 35.7333333333333 0.4 0.386 3.4 16.8 10.7 13.3 3.1 0 0 32.7 92 95 10.7 1.8
"57" "31" 2012-04-08 26.45 "TOR" "@" "OKC" "L" -16 1 13.4333333333333 0.621 0.333 8.5 33.2 21 0 0 7.3 0 19.9 144 98 7.5 11.8
"58" "" 2012-04-09 26.45 "TOR" "@" "IND" "L" -5 NA NA NA NA NA NA NA NA NA NA NA NA NA NA NA NA
"59" "" 2012-04-11 26.46 "TOR" "" "PHI" "L" -18 NA NA NA NA NA NA NA NA NA NA NA NA NA NA NA NA
"60" "" 2012-04-13 26.47 "TOR" "" "BOS" "W" 5 NA NA NA NA NA NA NA NA NA NA NA NA NA NA NA NA
"61" "" 2012-04-15 26.47 "TOR" "@" "ATL" "W" 16 NA NA NA NA NA NA NA NA NA NA NA NA NA NA NA NA
"62" "" 2012-04-16 26.47 "TOR" "" "ATL" "L" -22 NA NA NA NA NA NA NA NA NA NA NA NA NA NA NA NA
"63" "" 2012-04-18 26.48 "TOR" "@" "MIA" "L" -24 NA NA NA NA NA NA NA NA NA NA NA NA NA NA NA NA
"64" "" 2012-04-22 26.49 "TOR" "@" "DET" "L" -3 NA NA NA NA NA NA NA NA NA NA NA NA NA NA NA NA
"65" "" 2012-04-23 26.49 "TOR" "@" "MIL" "L" -6 NA NA NA NA NA NA NA NA NA NA NA NA NA NA NA NA
"66" "" 2012-04-26 26.5 "TOR" "" "NJN" "W" 31 NA NA NA NA NA NA NA NA NA NA NA NA NA NA NA NA
"1" "1" 2012-10-31 27.01 "TOR" "" "IND" "L" -2 1 34.3666666666667 0.432 0.3 0 11.6 4.8 5.1 0 6.3 13.9 27.5 84 102 6.6 -4.1
"2" "2" 2012-11-03 27.02 "TOR" "@" "BRK" "L" -7 1 34.3166666666667 0.542 0.542 3.3 7.8 5.4 14.7 0 0 20 19.6 93 116 6.6 -3.8
"3" "3" 2012-11-04 27.02 "TOR" "" "MIN" "W" 19 1 24.0166666666667 0.313 0.313 4.5 0 2.7 0 0 0 0 29.5 82 104 -0.1 -14.3
"4" "4" 2012-11-06 27.03 "TOR" "@" "OKC" "L" -20 1 25.1166666666667 0.522 0.464 0 31.9 13.8 0 0 0 11.5 29.6 91 113 7.2 -0.7
"5" "5" 2012-11-07 27.03 "TOR" "@" "DAL" "L" -5 1 38.7 0.542 0.45 6.1 19.7 13.1 15 2.7 0 0 27.9 124 115 21.8 5.5
"6" "6" 2012-11-10 27.04 "TOR" "" "PHI" "L" -10 1 40.85 0.554 0.553 0 15.9 7.3 18.1 4 0 4.6 26.1 106 101 17.7 8.1
"7" "7" 2012-11-12 27.05 "TOR" "" "UTA" "L" -7 1 48.7333333333333 0.453 0.324 4.7 18 10.6 2.9 1.1 3.9 8.7 21.5 103 122 12.2 -5
"8" "8" 2012-11-13 27.05 "TOR" "@" "IND" "W" 2 1 29.7666666666667 0.308 0.308 0 6.3 3.4 7.6 0 0 7.1 24.4 62 95 -0.8 -6.4
"9" "9" 2012-11-17 27.06 "TOR" "@" "BOS" "L" -18 1 26.2833333333333 0.463 0.393 4.7 5.5 5.1 17.5 0 3 19.8 37.4 81 124 5.1 -9.7
"10" "10" 2012-11-18 27.06 "TOR" "" "ORL" "W" 11 1 39.5 0.428 0.395 2.9 12.8 7.6 4.1 2.7 3.6 9.1 26.6 85 93 9.3 -3.6
"11" "11" 2012-11-20 27.07 "TOR" "@" "PHI" "L" -8 1 39.7 0.503 0.524 5.5 13.4 9.5 4.9 1.3 0 8.4 27.3 94 116 12.3 -2.7
"12" "12" 2012-11-21 27.07 "TOR" "@" "CHA" "L" -1 1 33.1 0.651 0.588 3.9 4 4 0 0 0 5 28.5 127 112 15.5 0
"13" "13" 2012-11-23 27.08 "TOR" "@" "DET" "L" -1 1 37.6833333333333 0.751 0.725 6.4 8.9 7.7 33 1.5 2 8.1 31.4 140 106 28.4 17.6
"14" "14" 2012-11-25 27.08 "TOR" "" "SAS" "L" -5 1 36.35 0.103 0.105 2.6 21.9 11.3 4.3 1.4 2.1 9.3 25.8 27 98 -6.9 -16.3
"15" "15" 2012-11-27 27.09 "TOR" "@" "HOU" "L" -16 1 30.7833333333333 0.815 0.792 3.5 11.7 7.4 10.6 1.7 0 18.9 23.1 128 125 16.8 8.5
"16" "" 2012-11-28 27.09 "TOR" "@" "MEM" "L" -21 NA NA NA NA NA NA NA NA NA NA NA NA NA NA NA NA
"17" "16" 2012-11-30 27.1 "TOR" "" "PHO" "W" 4 1 27.0833333333333 0.41 0.25 0 10.1 4.7 4.8 0 0 17 10.1 82 110 1.1 -9.5
"18" "17" 2012-12-03 27.1 "TOR" "@" "DEN" "L" -3 1 40.3 0.551 0.55 0 9.3 5.3 0 0 1.7 8.7 24.7 101 120 11.7 -4
"19" "18" 2012-12-05 27.11 "TOR" "@" "SAC" "L" -7 1 26.7166666666667 0.269 0.214 3.8 9 6.2 18.2 0 2.7 11.8 27.7 62 114 0.7 -14.1
"20" "19" 2012-12-07 27.12 "TOR" "@" "UTA" "L" -32 1 33.45 0.597 0.567 0 26.1 12.5 0 0 4.2 15.2 25.6 102 130 12.3 -1.7
"21" "20" 2012-12-09 27.12 "TOR" "@" "LAC" "L" -19 1 33.2 0.375 0.375 0 6.7 3.4 12.7 0 2.4 0 23.5 86 124 4.7 -3.8
"22" "21" 2012-12-10 27.12 "TOR" "@" "POR" "L" -18 1 7.63333333333333 0.333 0.333 0 26.8 13.5 0 0 0 25 25.9 49 103 -0.5 -15.6
"23" "" 2012-12-12 27.13 "TOR" "" "BRK" "L" -6 NA NA NA NA NA NA NA NA NA NA NA NA NA NA NA NA
"24" "" 2012-12-14 27.13 "TOR" "" "DAL" "W" 21 NA NA NA NA NA NA NA NA NA NA NA NA NA NA NA NA
"25" "" 2012-12-16 27.14 "TOR" "" "HOU" "W" 7 NA NA NA NA NA NA NA NA NA NA NA NA NA NA NA NA
"26" "" 2012-12-18 27.15 "TOR" "@" "CLE" "W" 14 NA NA NA NA NA NA NA NA NA NA NA NA NA NA NA NA
"27" "" 2012-12-19 27.15 "TOR" "" "DET" "W" 6 NA NA NA NA NA NA NA NA NA NA NA NA NA NA NA NA
"28" "" 2012-12-21 27.15 "TOR" "" "ORL" "W" 3 NA NA NA NA NA NA NA NA NA NA NA NA NA NA NA NA
"29" "" 2012-12-26 27.17 "TOR" "@" "SAS" "L" -20 NA NA NA NA NA NA NA NA NA NA NA NA NA NA NA NA
"30" "" 2012-12-28 27.17 "TOR" "@" "NOH" "W" 7 NA NA NA NA NA NA NA NA NA NA NA NA NA NA NA NA
"31" "" 2012-12-29 27.18 "TOR" "@" "ORL" "W" 35 NA NA NA NA NA NA NA NA NA NA NA NA NA NA NA NA
"32" "" 2013-01-02 27.19 "TOR" "" "POR" "W" 23 NA NA NA NA NA NA NA NA NA NA NA NA NA NA NA NA
"33" "" 2013-01-04 27.19 "TOR" "" "SAC" "L" -9 NA NA NA NA NA NA NA NA NA NA NA NA NA NA NA NA
"34" "" 2013-01-06 27.2 "TOR" "" "OKC" "L" -12 NA NA NA NA NA NA NA NA NA NA NA NA NA NA NA NA
"35" "" 2013-01-09 27.21 "TOR" "" "PHI" "W" 18 NA NA NA NA NA NA NA NA NA NA NA NA NA NA NA NA
"36" "" 2013-01-11 27.21 "TOR" "" "CHA" "W" 21 NA NA NA NA NA NA NA NA NA NA NA NA NA NA NA NA
"37" "" 2013-01-13 27.22 "TOR" "" "MIL" "L" -11 NA NA NA NA NA NA NA NA NA NA NA NA NA NA NA NA
"38" "" 2013-01-15 27.22 "TOR" "@" "BRK" "L" -7 NA NA NA NA NA NA NA NA NA NA NA NA NA NA NA NA
"39" "" 2013-01-16 27.22 "TOR" "" "CHI" "L" -2 NA NA NA NA NA NA NA NA NA NA NA NA NA NA NA NA
"40" "" 2013-01-18 27.23 "TOR" "@" "PHI" "L" -7 NA NA NA NA NA NA NA NA NA NA NA NA NA NA NA NA
"41" "" 2013-01-20 27.24 "TOR" "" "LAL" "W" 5 NA NA NA NA NA NA NA NA NA NA NA NA NA NA NA NA
"42" "" 2013-01-23 27.24 "TOR" "@" "MIA" "L" -7 NA NA NA NA NA NA NA NA NA NA NA NA NA NA NA NA
"43" "" 2013-01-24 27.25 "TOR" "@" "ORL" "W" 2 NA NA NA NA NA NA NA NA NA NA NA NA NA NA NA NA
"44" "" 2013-01-26 27.25 "TOR" "" "CLE" "L" -1 NA NA NA NA NA NA NA NA NA NA NA NA NA NA NA NA
"45" "" 2013-01-28 27.26 "TOR" "" "GSW" "L" -12 NA NA NA NA NA NA NA NA NA NA NA NA NA NA NA NA
"46" "" 2013-01-30 27.26 "TOR" "@" "ATL" "L" -1 NA NA NA NA NA NA NA NA NA NA NA NA NA NA NA NA
"47" "" 2013-02-01 27.27 "TOR" "" "LAC" "W" 25 NA NA NA NA NA NA NA NA NA NA NA NA NA NA NA NA
"48" "" 2013-02-03 27.27 "TOR" "" "MIA" "L" -15 NA NA NA NA NA NA NA NA NA NA NA NA NA NA NA NA
"49" "22" 2013-02-06 27.28 "TOR" "" "BOS" "L" -4 0 23.85 0.574 0.5 4.3 10.9 7.2 16.8 4.3 0 8.1 22.9 117 105 10.9 5.9
"50" "23" 2013-02-08 27.29 "TOR" "@" "IND" "W" 2 0 29.3333333333333 0.7 0.7 3.7 4.6 4.1 6.2 3.7 0 28.6 21.4 98 103 7.5 0.4
"51" "" 2013-02-10 27.29 "TOR" "" "NOH" "W" 13 NA NA NA NA NA NA NA NA NA NA NA NA NA NA NA NA
"52" "24" 2013-02-12 27.3 "TOR" "" "DEN" "W" 1 0 17.95 0.286 0.286 0 6.5 3.2 0 0 0 22.2 21.9 49 125 -1.8 -19.8
"53" "25" 2013-02-13 27.3 "TOR" "@" "NYK" "W" 4 0 11.8333333333333 1 1 0 0 0 0 0 7.5 50 8.7 84 118 1.4 0.3
"54" "26" 2013-02-19 27.32 "TOR" "@" "WAS" "W" 8 0 25.6 0.643 0.643 4.7 12.2 8.7 6.8 2 3 12.5 14.6 115 96 8.3 4.9
"55" "27" 2013-02-20 27.32 "TOR" "" "MEM" "L" -6 0 21.5 0 0 5.6 4.4 4.9 0 2.7 3.3 20 11.6 13 108 -2.7 -11.6
"56" "28" 2013-02-22 27.33 "TOR" "" "NYK" "W" 2 0 12.8666666666667 0 0 0 0 0 0 0 0 0 7.4 0 118 -1.8 -13.1
"57" "29" 2013-02-25 27.33 "TOR" "" "WAS" "L" -6 0 21.0333333333333 0.364 0.364 9.5 5.7 7.8 0 2.4 0 8.3 26.1 75 100 3.2 -5.5
"58" "30" 2013-02-27 27.34 "TOR" "@" "CLE" "L" -11 0 15.7666666666667 0 0 0 7.2 3.9 8.7 0 4.4 20 14.6 11 118 -2.1 -14.2
"59" "31" 2013-03-01 27.35 "TOR" "" "IND" "L" -12 0 32.7666666666667 0.508 0.429 0 0 0 0 1.7 2.9 20.2 15.1 82 113 3.2 -4.8
"60" "32" 2013-03-02 27.35 "TOR" "@" "MIL" "L" -8 1 33 0.37 0.321 3.3 22.9 12.5 12.2 0 4.1 11.8 21.9 82 116 6 -5.5
"61" "33" 2013-03-04 27.35 "TOR" "@" "GSW" "L" -7 1 36.4666666666667 0.63 0.583 7.7 15.5 10.8 0 0 2 0 22.2 149 127 19.4 7.2
"62" "34" 2013-03-06 27.36 "TOR" "@" "PHO" "W" 27 1 24 0.45 0.45 0 22.7 12.5 6.9 2.1 0 0 19.1 95 73 6.4 0
"63" "35" 2013-03-08 27.36 "TOR" "@" "LAL" "L" -2 1 8.9 1 1 0 23.8 13.2 0 0 0 50 10.2 74 114 1.3 -5.4
"64" "" 2013-03-10 27.37 "TOR" "" "CLE" "W" 4 NA NA NA NA NA NA NA NA NA NA NA NA NA NA NA NA
"65" "" 2013-03-13 27.38 "TOR" "@" "BOS" "L" -24 NA NA NA NA NA NA NA NA NA NA NA NA NA NA NA NA
"66" "" 2013-03-15 27.38 "TOR" "" "CHA" "W" 14 NA NA NA NA NA NA NA NA NA NA NA NA NA NA NA NA
"67" "" 2013-03-17 27.39 "TOR" "" "MIA" "L" -17 NA NA NA NA NA NA NA NA NA NA NA NA NA NA NA NA
"68" "" 2013-03-20 27.4 "TOR" "@" "CHA" "L" -6 NA NA NA NA NA NA NA NA NA NA NA NA NA NA NA NA
"69" "" 2013-03-22 27.4 "TOR" "" "NYK" "L" -5 NA NA NA NA NA NA NA NA NA NA NA NA NA NA NA NA
"70" "" 2013-03-23 27.41 "TOR" "@" "NYK" "L" -26 NA NA NA NA NA NA NA NA NA NA NA NA NA NA NA NA
"71" "" 2013-03-27 27.42 "TOR" "" "ATL" "L" -19 NA NA NA NA NA NA NA NA NA NA NA NA NA NA NA NA
"72" "" 2013-03-29 27.42 "TOR" "@" "DET" "W" 17 NA NA NA NA NA NA NA NA NA NA NA NA NA NA NA NA
"73" "" 2013-03-31 27.43 "TOR" "@" "WAS" "L" -17 NA NA NA NA NA NA NA NA NA NA NA NA NA NA NA NA
"74" "" 2013-04-01 27.43 "TOR" "" "DET" "L" -10 NA NA NA NA NA NA NA NA NA NA NA NA NA NA NA NA
"75" "" 2013-04-03 27.44 "TOR" "" "WAS" "W" 10 NA NA NA NA NA NA NA NA NA NA NA NA NA NA NA NA
"76" "" 2013-04-05 27.44 "TOR" "@" "MIN" "W" 2 NA NA NA NA NA NA NA NA NA NA NA NA NA NA NA NA
"77" "" 2013-04-06 27.44 "TOR" "@" "MIL" "L" -17 NA NA NA NA NA NA NA NA NA NA NA NA NA NA NA NA
"78" "" 2013-04-09 27.45 "TOR" "@" "CHI" "W" 3 NA NA NA NA NA NA NA NA NA NA NA NA NA NA NA NA
"79" "" 2013-04-12 27.46 "TOR" "" "CHI" "W" 9 NA NA NA NA NA NA NA NA NA NA NA NA NA NA NA NA
"80" "" 2013-04-14 27.47 "TOR" "" "BRK" "W" 6 NA NA NA NA NA NA NA NA NA NA NA NA NA NA NA NA
"81" "" 2013-04-16 27.47 "TOR" "@" "ATL" "W" 17 NA NA NA NA NA NA NA NA NA NA NA NA NA NA NA NA
"82" "" 2013-04-17 27.47 "TOR" "" "BOS" "W" 24 NA NA NA NA NA NA NA NA NA NA NA NA NA NA NA NA
"1" "1" 2013-10-30 28.01 "NYK" "" "MIL" "W" 7 0 17.15 0.333 0.333 0 17 8.6 10.1 3 0 25 33.4 54 89 -0.6 -15.5
"2" "2" 2013-10-31 28.01 "NYK" "@" "CHI" "L" -1 1 24.6333333333333 0.643 0.643 4.1 0 2.2 8.4 0 0 30 18.2 87 106 2.5 -7
"3" "3" 2013-11-03 28.02 "NYK" "" "MIN" "L" -9 1 18.7666666666667 0.7 0.7 5.4 11.4 8.3 0 2.7 0 23.1 30 100 114 8.7 4.5
"4" "4" 2013-11-05 28.03 "NYK" "" "CHA" "L" -5 1 23.0333333333333 0.51 0.4 4.5 5.5 5 0 0 0 14.5 13.5 99 120 2.5 -8.3
"5" "5" 2013-11-08 28.04 "NYK" "@" "CHA" "W" 10 1 34.8 0.5 0.5 9.6 19.7 14.1 15.4 0 11.5 3.8 33.8 110 98 19.7 7.6
"6" "6" 2013-11-10 28.04 "NYK" "" "SAS" "L" -31 1 26.0166666666667 0.633 0.55 0 5.6 2.2 0 0 0 7.3 24 118 136 9.1 -0.1
"7" "7" 2013-11-13 28.05 "NYK" "@" "ATL" "W" 4 1 30.9833333333333 0.63 0.6 13.2 29.3 20.3 12.6 0 2.9 5.9 27 127 103 17.9 6.2
"8" "8" 2013-11-14 28.05 "NYK" "" "HOU" "L" -3 1 32.9666666666667 0.872 0.875 10.4 3.9 7.4 0 0 3.6 0 18.6 177 126 19.9 10.7
"9" "9" 2013-11-16 28.06 "NYK" "" "ATL" "L" -20 1 28.4166666666667 0.587 0.5 13.5 24.8 18.1 13.2 0 6 12.8 23.8 123 119 14.2 5.2
"10" "10" 2013-11-19 28.07 "NYK" "@" "DET" "L" -6 1 37.9666666666667 0.523 0.5 3.4 18.1 10.5 9.9 0 2.5 0 16.2 120 113 9.7 -1
"11" "11" 2013-11-20 28.07 "NYK" "" "IND" "L" -7 1 37.8833333333333 0.296 0.281 5.1 18.2 11.1 0 0 2.5 0 19.3 75 104 1.5 -8.1
"12" "12" 2013-11-23 28.08 "NYK" "@" "WAS" "L" -9 1 33.3666666666667 0.393 0.393 6.4 7.2 6.8 25 0 2.5 6.7 22.1 97 119 7.2 -3
"13" "13" 2013-11-25 28.08 "NYK" "@" "POR" "L" -11 1 43.4833333333333 0.474 0.5 2.4 12.5 7.4 10.9 0 1.9 5.6 19.7 96 117 10.4 -1.5
"14" "14" 2013-11-27 28.09 "NYK" "@" "LAC" "L" -13 1 38.7666666666667 0.506 0.444 7.9 19 13 5.6 0 10.1 0 23.6 114 100 16.8 6.5
"15" "15" 2013-11-29 28.09 "NYK" "@" "DEN" "L" -2 1 38.95 0.758 0.682 0 15.8 7.2 9.7 1.3 0 6.4 18.4 146 106 18 6.8
"16" "16" 2013-12-01 28.1 "NYK" "" "NOP" "L" -4 1 36.0833333333333 0.515 0.385 3.7 21 12.6 0 3.1 14.3 10.8 24.1 106 106 14.6 -0.7
"17" "17" 2013-12-05 28.11 "NYK" "@" "BRK" "W" 30 1 27.8333333333333 0.595 0.577 6.4 4.5 5.3 16.2 2.1 9.1 6.9 26.5 127 102 13.7 4.4
"18" "18" 2013-12-06 28.11 "NYK" "" "ORL" "W" 38 1 28.3833333333333 0.479 0.438 27.4 8.7 17.8 0 0 7.5 5.3 31.3 115 96 13 -5.1
"19" "19" 2013-12-08 28.12 "NYK" "" "BOS" "L" -41 1 22.55 0.143 0.143 0 22 8.9 0 0 4.5 12.5 17.5 25 128 -2.7 -17.7
"20" "20" 2013-12-10 28.12 "NYK" "@" "CLE" "L" -15 1 32.2 0.308 0.294 0 14.4 6.5 9.2 1.7 0 5.3 27.5 68 125 1.8 -14.2
"21" "21" 2013-12-11 28.13 "NYK" "" "CHI" "W" 5 1 26.6333333333333 0.383 0.4 0 12 6.2 7.6 2.1 3.5 8.7 21.2 75 94 4.1 -5.6
"22" "22" 2013-12-13 28.13 "NYK" "@" "BOS" "L" -4 1 37.75 0.463 0.409 5.7 18.2 11.1 24.7 1.5 0 4 33.4 100 106 15.1 1.8
"23" "23" 2013-12-14 28.13 "NYK" "" "ATL" "W" 5 1 36.45 0.719 0.719 12.3 11.5 12 0 2.9 3.9 11.1 22.4 136 117 20.3 5
"24" "24" 2013-12-16 28.14 "NYK" "" "WAS" "L" -1 1 37.4833333333333 0.444 0.333 2.9 20 10.1 9.2 0 4.7 12 21 90 114 8.4 -6.1
"25" "25" 2013-12-18 28.15 "NYK" "@" "MIL" "W" 6 0 34.3666666666667 0.375 0.375 6.1 27 16.1 0 0 0 11.1 25 73 99 3 -12
"26" "26" 2013-12-21 28.15 "NYK" "" "MEM" "L" -8 1 22.4833333333333 0.255 0.2 4.4 5.9 5 6.9 0 2.9 14.5 15.3 59 114 0.5 -12
"27" "27" 2013-12-23 28.16 "NYK" "@" "ORL" "W" 5 1 28.1666666666667 0.488 0.417 4.2 13.6 9.4 0 0 2.7 0 22 108 107 8.4 -3.6
"28" "28" 2013-12-25 28.16 "NYK" "" "OKC" "L" -29 1 16.0166666666667 0.533 0.5 0 15.8 6.8 11.5 0 0 10.6 25.6 98 131 4.9 -3.2
"29" "29" 2013-12-27 28.17 "NYK" "" "TOR" "L" -12 1 37.3 0.469 0.412 13.4 20.5 16.8 0 0 5.7 5 24.9 104 109 13.7 1
"30" "30" 2013-12-28 28.17 "NYK" "@" "TOR" "L" -15 1 17.6166666666667 0.505 0.455 7 12.7 10 0 2.9 0 0 31.5 106 123 7 -6.8
"31" "31" 2014-01-02 28.19 "NYK" "@" "SAS" "W" 4 1 22.3166666666667 0.512 0.375 12.7 5.4 8.7 6.6 0 4.8 17 25.9 104 121 5.9 -6.4
"32" "32" 2014-01-03 28.19 "NYK" "@" "HOU" "L" -2 1 30.0833333333333 0.322 0.3 12.5 17.2 14.5 0 0 6.6 15.5 19.1 75 116 2.6 -11.7
"33" "33" 2014-01-05 28.19 "NYK" "@" "DAL" "W" 12 1 26.3666666666667 0.542 0.542 5.1 20.2 13.5 0 0 0 20 28.1 86 96 5 -6.7
"34" "34" 2014-01-07 28.2 "NYK" "" "DET" "W" 4 1 31.85 0.5 0.5 9.6 26.8 18 6.3 3.3 0 0 19.1 108 86 13.1 4
"35" "35" 2014-01-09 28.21 "NYK" "" "MIA" "W" 10 1 42.0666666666667 0.707 0.692 3 12.3 7.6 0 0 2.4 0 15.9 145 108 14.9 0.4
"36" "36" 2014-01-11 28.21 "NYK" "@" "PHI" "W" 10 1 24.4333333333333 0.506 0.444 5 15.5 10.2 18.9 0 0 9.2 20.3 109 106 6.8 -3.6
"37" "37" 2014-01-13 28.22 "NYK" "" "PHO" "W" 2 1 33.4666666666667 0.512 0.375 3.6 16.4 10.9 5.2 0 2.5 17 16.8 99 100 6.3 -1
"38" "38" 2014-01-14 28.22 "NYK" "@" "CHA" "L" -10 1 22.45 0.82 0.875 0 6.5 3.1 6.6 0 7 0 10.7 160 120 8 5
"39" "39" 2014-01-16 28.22 "NYK" "@" "IND" "L" -28 1 31.8 0.333 0.333 6.3 18.4 11.9 0 0 4.8 18.2 15.6 65 125 2.4 -9.2
"40" "40" 2014-01-17 28.23 "NYK" "" "LAC" "L" -14 1 36.1 0.472 0.417 7.1 9.3 8.1 5.9 0 2.8 17.9 19.1 90 115 6.4 -3.8
"41" "41" 2014-01-20 28.24 "NYK" "" "BRK" "L" -23 0 19.2166666666667 0.388 0.333 0 12.8 5.6 13.1 0 6.8 31.8 22.8 58 116 0.2 -10.2
"42" "42" 2014-01-22 28.24 "NYK" "" "PHI" "L" -4 1 28.4833333333333 0.683 0.625 0 14 7.2 0 0 9.1 25.5 31.4 94 114 11.4 -5.1
"43" "" 2014-01-24 28.25 "NYK" "" "CHA" "W" 29 NA NA NA NA NA NA NA NA NA NA NA NA NA NA NA NA
"44" "" 2014-01-26 28.25 "NYK" "" "LAL" "W" 7 NA NA NA NA NA NA NA NA NA NA NA NA NA NA NA NA
"45" "" 2014-01-28 28.26 "NYK" "" "BOS" "W" 26 NA NA NA NA NA NA NA NA NA NA NA NA NA NA NA NA
"46" "" 2014-01-30 28.26 "NYK" "" "CLE" "W" 31 NA NA NA NA NA NA NA NA NA NA NA NA NA NA NA NA
"47" "" 2014-02-01 28.27 "NYK" "" "MIA" "L" -15 NA NA NA NA NA NA NA NA NA NA NA NA NA NA NA NA
"48" "" 2014-02-03 28.27 "NYK" "@" "MIL" "L" -3 NA NA NA NA NA NA NA NA NA NA NA NA NA NA NA NA
"49" "" 2014-02-05 28.28 "NYK" "" "POR" "L" -4 NA NA NA NA NA NA NA NA NA NA NA NA NA NA NA NA
"50" "" 2014-02-07 28.28 "NYK" "" "DEN" "W" 27 NA NA NA NA NA NA NA NA NA NA NA NA NA NA NA NA
"51" "" 2014-02-09 28.29 "NYK" "@" "OKC" "L" -12 NA NA NA NA NA NA NA NA NA NA NA NA NA NA NA NA
"52" "" 2014-02-12 28.3 "NYK" "" "SAC" "L" -5 NA NA NA NA NA NA NA NA NA NA NA NA NA NA NA NA
"53" "" 2014-02-18 28.32 "NYK" "@" "MEM" "L" -5 NA NA NA NA NA NA NA NA NA NA NA NA NA NA NA NA
"54" "" 2014-02-19 28.32 "NYK" "@" "NOP" "W" 7 NA NA NA NA NA NA NA NA NA NA NA NA NA NA NA NA
"55" "" 2014-02-21 28.32 "NYK" "@" "ORL" "L" -8 NA NA NA NA NA NA NA NA NA NA NA NA NA NA NA NA
"56" "" 2014-02-22 28.33 "NYK" "@" "ATL" "L" -9 NA NA NA NA NA NA NA NA NA NA NA NA NA NA NA NA
"57" "" 2014-02-24 28.33 "NYK" "" "DAL" "L" -2 NA NA NA NA NA NA NA NA NA NA NA NA NA NA NA NA
"58" "" 2014-02-27 28.34 "NYK" "@" "MIA" "L" -26 NA NA NA NA NA NA NA NA NA NA NA NA NA NA NA NA
"59" "" 2014-02-28 28.34 "NYK" "" "GSW" "L" -23 NA NA NA NA NA NA NA NA NA NA NA NA NA NA NA NA
"60" "" 2014-03-02 28.35 "NYK" "@" "CHI" "L" -19 NA NA NA NA NA NA NA NA NA NA NA NA NA NA NA NA
"61" "" 2014-03-03 28.35 "NYK" "@" "DET" "L" -11 NA NA NA NA NA NA NA NA NA NA NA NA NA NA NA NA
"62" "" 2014-03-05 28.36 "NYK" "@" "MIN" "W" 12 NA NA NA NA NA NA NA NA NA NA NA NA NA NA NA NA
"63" "" 2014-03-07 28.36 "NYK" "" "UTA" "W" 27 NA NA NA NA NA NA NA NA NA NA NA NA NA NA NA NA
"64" "" 2014-03-08 28.36 "NYK" "@" "CLE" "W" 10 NA NA NA NA NA NA NA NA NA NA NA NA NA NA NA NA
"65" "" 2014-03-10 28.37 "NYK" "" "PHI" "W" 13 NA NA NA NA NA NA NA NA NA NA NA NA NA NA NA NA
"66" "" 2014-03-12 28.38 "NYK" "@" "BOS" "W" 24 NA NA NA NA NA NA NA NA NA NA NA NA NA NA NA NA
"67" "" 2014-03-15 28.38 "NYK" "" "MIL" "W" 21 NA NA NA NA NA NA NA NA NA NA NA NA NA NA NA NA
"68" "" 2014-03-19 28.39 "NYK" "" "IND" "W" 6 NA NA NA NA NA NA NA NA NA NA NA NA NA NA NA NA
"69" "" 2014-03-21 28.4 "NYK" "@" "PHI" "W" 1 NA NA NA NA NA NA NA NA NA NA NA NA NA NA NA NA
"70" "" 2014-03-23 28.41 "NYK" "" "CLE" "L" -6 NA NA NA NA NA NA NA NA NA NA NA NA NA NA NA NA
"71" "" 2014-03-25 28.41 "NYK" "@" "LAL" "L" -31 NA NA NA NA NA NA NA NA NA NA NA NA NA NA NA NA
"72" "" 2014-03-26 28.41 "NYK" "@" "SAC" "W" 8 NA NA NA NA NA NA NA NA NA NA NA NA NA NA NA NA
"73" "" 2014-03-28 28.42 "NYK" "@" "PHO" "L" -24 NA NA NA NA NA NA NA NA NA NA NA NA NA NA NA NA
"74" "" 2014-03-30 28.42 "NYK" "@" "GSW" "W" 5 NA NA NA NA NA NA NA NA NA NA NA NA NA NA NA NA
"75" "" 2014-03-31 28.43 "NYK" "@" "UTA" "W" 9 NA NA NA NA NA NA NA NA NA NA NA NA NA NA NA NA
"76" "" 2014-04-02 28.43 "NYK" "" "BRK" "W" 29 NA NA NA NA NA NA NA NA NA NA NA NA NA NA NA NA
"77" "" 2014-04-04 28.44 "NYK" "" "WAS" "L" -1 NA NA NA NA NA NA NA NA NA NA NA NA NA NA NA NA
"78" "" 2014-04-06 28.44 "NYK" "@" "MIA" "L" -11 NA NA NA NA NA NA NA NA NA NA NA NA NA NA NA NA
"79" "" 2014-04-11 28.46 "NYK" "@" "TOR" "W" 8 NA NA NA NA NA NA NA NA NA NA NA NA NA NA NA NA
"80" "" 2014-04-13 28.46 "NYK" "" "CHI" "W" 11 NA NA NA NA NA NA NA NA NA NA NA NA NA NA NA NA
"81" "" 2014-04-15 28.47 "NYK" "@" "BRK" "W" 11 NA NA NA NA NA NA NA NA NA NA NA NA NA NA NA NA
"82" "" 2014-04-16 28.47 "NYK" "" "TOR" "W" 3 NA NA NA NA NA NA NA NA NA NA NA NA NA NA NA NA
"1" "" 2014-10-29 29.01 "NYK" "" "CHI" "L" -24 NA NA NA NA NA NA NA NA NA NA NA NA NA NA NA NA
"2" "" 2014-10-30 29.01 "NYK" "@" "CLE" "W" 5 NA NA NA NA NA NA NA NA NA NA NA NA NA NA NA NA
"3" "" 2014-11-02 29.02 "NYK" "" "CHO" "W" 3 NA NA NA NA NA NA NA NA NA NA NA NA NA NA NA NA
"4" "" 2014-11-04 29.02 "NYK" "" "WAS" "L" -15 NA NA NA NA NA NA NA NA NA NA NA NA NA NA NA NA
"5" "" 2014-11-05 29.03 "NYK" "@" "DET" "L" -3 NA NA NA NA NA NA NA NA NA NA NA NA NA NA NA NA
"6" "" 2014-11-07 29.03 "NYK" "@" "BRK" "L" -11 NA NA NA NA NA NA NA NA NA NA NA NA NA NA NA NA
"7" "" 2014-11-08 29.04 "NYK" "@" "ATL" "L" -7 NA NA NA NA NA NA NA NA NA NA NA NA NA NA NA NA
"8" "" 2014-11-10 29.04 "NYK" "" "ATL" "L" -6 NA NA NA NA NA NA NA NA NA NA NA NA NA NA NA NA
"9" "" 2014-11-12 29.05 "NYK" "" "ORL" "L" -2 NA NA NA NA NA NA NA NA NA NA NA NA NA NA NA NA
"10" "" 2014-11-14 29.05 "NYK" "" "UTA" "L" -2 NA NA NA NA NA NA NA NA NA NA NA NA NA NA NA NA
"11" "" 2014-11-16 29.06 "NYK" "" "DEN" "W" 16 NA NA NA NA NA NA NA NA NA NA NA NA NA NA NA NA
"12" "" 2014-11-18 29.06 "NYK" "@" "MIL" "L" -4 NA NA NA NA NA NA NA NA NA NA NA NA NA NA NA NA
"13" "" 2014-11-19 29.07 "NYK" "@" "MIN" "L" -16 NA NA NA NA NA NA NA NA NA NA NA NA NA NA NA NA
"14" "" 2014-11-22 29.07 "NYK" "" "PHI" "W" 8 NA NA NA NA NA NA NA NA NA NA NA NA NA NA NA NA
"15" "" 2014-11-24 29.08 "NYK" "@" "HOU" "L" -5 NA NA NA NA NA NA NA NA NA NA NA NA NA NA NA NA
"16" "" 2014-11-26 29.08 "NYK" "@" "DAL" "L" -7 NA NA NA NA NA NA NA NA NA NA NA NA NA NA NA NA
"17" "" 2014-11-28 29.09 "NYK" "@" "OKC" "L" -27 NA NA NA NA NA NA NA NA NA NA NA NA NA NA NA NA
"18" "" 2014-11-30 29.1 "NYK" "" "MIA" "L" -7 NA NA NA NA NA NA NA NA NA NA NA NA NA NA NA NA
"19" "" 2014-12-02 29.1 "NYK" "" "BRK" "L" -5 NA NA NA NA NA NA NA NA NA NA NA NA NA NA NA NA
"20" "" 2014-12-04 29.11 "NYK" "" "CLE" "L" -3 NA NA NA NA NA NA NA NA NA NA NA NA NA NA NA NA
"21" "" 2014-12-05 29.11 "NYK" "@" "CHO" "L" -1 NA NA NA NA NA NA NA NA NA NA NA NA NA NA NA NA
"22" "" 2014-12-07 29.12 "NYK" "" "POR" "L" -4 NA NA NA NA NA NA NA NA NA NA NA NA NA NA NA NA
"23" "" 2014-12-09 29.12 "NYK" "@" "NOP" "L" -11 NA NA NA NA NA NA NA NA NA NA NA NA NA NA NA NA
"24" "" 2014-12-10 29.12 "NYK" "@" "SAS" "L" -14 NA NA NA NA NA NA NA NA NA NA NA NA NA NA NA NA
"25" "" 2014-12-12 29.13 "NYK" "@" "BOS" "W" 6 NA NA NA NA NA NA NA NA NA NA NA NA NA NA NA NA
"26" "" 2014-12-14 29.13 "NYK" "" "TOR" "L" -5 NA NA NA NA NA NA NA NA NA NA NA NA NA NA NA NA
"27" "" 2014-12-16 29.14 "NYK" "" "DAL" "L" -20 NA NA NA NA NA NA NA NA NA NA NA NA NA NA NA NA
"28" "" 2014-12-18 29.15 "NYK" "@" "CHI" "L" -6 NA NA NA NA NA NA NA NA NA NA NA NA NA NA NA NA
"29" "" 2014-12-20 29.15 "NYK" "" "PHO" "L" -9 NA NA NA NA NA NA NA NA NA NA NA NA NA NA NA NA
"30" "" 2014-12-21 29.15 "NYK" "@" "TOR" "L" -10 NA NA NA NA NA NA NA NA NA NA NA NA NA NA NA NA
"31" "" 2014-12-25 29.16 "NYK" "" "WAS" "L" -11 NA NA NA NA NA NA NA NA NA NA NA NA NA NA NA NA
"32" "" 2014-12-27 29.17 "NYK" "@" "SAC" "L" -6 NA NA NA NA NA NA NA NA NA NA NA NA NA NA NA NA
"33" "" 2014-12-28 29.17 "NYK" "@" "POR" "L" -22 NA NA NA NA NA NA NA NA NA NA NA NA NA NA NA NA
"34" "1" 2014-12-31 29.18 "NYK" "@" "LAC" "L" -21 0 19.8333333333333 0.379 0.364 9.3 12.7 10.8 21.7 0 0 0 29.5 86 112 5.1 -2.7
"35" "2" 2015-01-02 29.19 "NYK" "" "DET" "L" -16 0 1.78333333333333 0 NA 0 0 0 0 0 0 0 21.9 0 122 -0.8 -28
"36" "" 2015-01-04 29.19 "NYK" "" "MIL" "L" -13 NA NA NA NA NA NA NA NA NA NA NA NA NA NA NA NA
"37" "" 2015-01-05 29.19 "NYK" "@" "MEM" "L" -22 NA NA NA NA NA NA NA NA NA NA NA NA NA NA NA NA
"38" "" 2015-01-07 29.2 "NYK" "@" "WAS" "L" -10 NA NA NA NA NA NA NA NA NA NA NA NA NA NA NA NA
"39" "" 2015-01-08 29.2 "NYK" "" "HOU" "L" -24 NA NA NA NA NA NA NA NA NA NA NA NA NA NA NA NA
"40" "" 2015-01-10 29.21 "NYK" "" "CHO" "L" -28 NA NA NA NA NA NA NA NA NA NA NA NA NA NA NA NA
"41" "" 2015-01-15 29.22 "NYK" "@" "MIL" "L" -16 NA NA NA NA NA NA NA NA NA NA NA NA NA NA NA NA
"42" "" 2015-01-19 29.23 "NYK" "" "NOP" "W" 7 NA NA NA NA NA NA NA NA NA NA NA NA NA NA NA NA
"43" "" 2015-01-21 29.24 "NYK" "@" "PHI" "W" 7 NA NA NA NA NA NA NA NA NA NA NA NA NA NA NA NA
"44" "" 2015-01-23 29.24 "NYK" "" "ORL" "W" 7 NA NA NA NA NA NA NA NA NA NA NA NA NA NA NA NA
"45" "" 2015-01-24 29.25 "NYK" "@" "CHO" "L" -5 NA NA NA NA NA NA NA NA NA NA NA NA NA NA NA NA
"46" "" 2015-01-28 29.26 "NYK" "" "OKC" "W" 8 NA NA NA NA NA NA NA NA NA NA NA NA NA NA NA NA
"47" "" 2015-01-29 29.26 "NYK" "@" "IND" "L" -21 NA NA NA NA NA NA NA NA NA NA NA NA NA NA NA NA
"48" "" 2015-02-01 29.27 "NYK" "" "LAL" "W" 12 NA NA NA NA NA NA NA NA NA NA NA NA NA NA NA NA
"49" "" 2015-02-03 29.27 "NYK" "" "BOS" "L" -11 NA NA NA NA NA NA NA NA NA NA NA NA NA NA NA NA
"50" "" 2015-02-06 29.28 "NYK" "@" "BRK" "L" -4 NA NA NA NA NA NA NA NA NA NA NA NA NA NA NA NA
"51" "" 2015-02-07 29.28 "NYK" "" "GSW" "L" -14 NA NA NA NA NA NA NA NA NA NA NA NA NA NA NA NA
"52" "3" 2015-02-09 29.29 "NYK" "@" "MIA" "L" -14 0 13.6166666666667 0.694 0.5 9 11.4 10.1 0 0 6.8 41 16.3 89 125 1.1 -14.8
"53" "4" 2015-02-11 29.3 "NYK" "@" "ORL" "L" -6 0 17.4833333333333 0.473 0.333 0 36.1 16.5 0 0 4.9 7.9 34.4 90 97 6.7 -0.1
"54" "5" 2015-02-20 29.32 "NYK" "" "MIA" "L" -24 0 23.7666666666667 0.517 0.375 8.8 22.4 14.8 7 0 0 0 19.7 116 114 7.9 -5.4
"55" "6" 2015-02-22 29.33 "NYK" "" "CLE" "L" -18 0 28.0333333333333 0.481 0.455 5.8 13.5 8.8 18.1 0 3.7 8 18.8 107 112 8.2 0.2
"56" "7" 2015-02-25 29.33 "NYK" "@" "BOS" "L" -21 0 25.4333333333333 0.501 0.385 8 18.9 13 7.7 0 7.3 0 29.5 112 117 13.4 3.4
"57" "8" 2015-02-27 29.34 "NYK" "@" "DET" "W" 6 1 36.2833333333333 0.563 0.525 2.9 31.4 17.1 22 1.5 2.4 0 27.2 128 98 21.1 8.9
"58" "9" 2015-02-28 29.34 "NYK" "" "TOR" "W" 5 1 31.3333333333333 0.63 0.542 4 6.7 5.5 6.4 0 0 16.6 27 109 114 11.2 -3.6
"59" "10" 2015-03-03 29.35 "NYK" "" "SAC" "L" -38 1 18.2166666666667 0.307 0.25 0 0 0 28.9 0 0 17 14.1 70 132 1.3 -8.5
"60" "11" 2015-03-04 29.35 "NYK" "@" "IND" "L" -23 1 38.35 0.682 0.647 5.8 6 5.9 28.6 1.4 4.3 17.9 26.6 118 114 19.5 9.1
"61" "12" 2015-03-07 29.36 "NYK" "" "IND" "L" -6 1 31.5 0.727 0.714 3.3 15.2 8.9 0 0 5 17.2 25.8 116 106 13.1 4.4
"62" "13" 2015-03-09 29.37 "NYK" "@" "DEN" "L" -28 1 23.8666666666667 0.381 0.321 13.4 16.8 15.1 9.6 0 0 6 33.7 83 119 5.6 -7.7
"63" "14" 2015-03-10 29.37 "NYK" "@" "UTA" "L" -5 1 33.45 0.503 0.474 0 12 5.5 7.9 0 0 4.8 30.4 97 106 10.5 0.2
"64" "15" 2015-03-12 29.38 "NYK" "@" "LAL" "W" 7 1 32.65 0.539 0.4 0 6.7 3.5 9.8 0 0 0 22.6 115 110 11 -5
"65" "16" 2015-03-14 29.38 "NYK" "@" "GSW" "L" -31 1 28.2 0.605 0.607 3.2 8.7 5.5 14 0 6.1 16.8 25.8 104 134 11.7 -0.4
"66" "17" 2015-03-15 29.38 "NYK" "@" "PHO" "L" -13 1 36.5166666666667 0.495 0.438 0 3.1 1.5 17.3 0 0 14.2 28.1 88 121 7.8 -7.8
"67" "18" 2015-03-17 29.39 "NYK" "" "SAS" "W" 4 1 30.5666666666667 0.474 0.438 7.1 27.7 17.5 12 0 6.5 15.1 30.3 92 98 11.9 0.9
"68" "19" 2015-03-19 29.39 "NYK" "" "MIN" "L" -3 1 33.9 0.438 0.438 3.6 9.8 6.8 0 0 0 0 21.5 96 103 7.2 -5.5
"69" "20" 2015-03-20 29.4 "NYK" "@" "PHI" "L" -16 1 26.5166666666667 0.552 0.364 4.4 20.1 12.6 20.4 0 3.1 11.5 32 108 111 11.6 -0.6
"70" "21" 2015-03-22 29.4 "NYK" "@" "TOR" "L" -17 1 32.8666666666667 0.542 0.462 3 8.6 5.3 5.6 0 4.6 6.3 22.6 110 118 10.9 -3
"71" "22" 2015-03-23 29.41 "NYK" "" "MEM" "L" -21 1 31.0666666666667 0.477 0.472 0 4.1 2 31.5 0 4.6 9.6 32.1 91 118 9.5 0.4
"72" "23" 2015-03-25 29.41 "NYK" "" "LAC" "L" -31 1 19.4833333333333 0.381 0.286 0 7.5 3.4 0 0 0 0 17.6 82 121 1 -10.7
"73" "24" 2015-03-27 29.42 "NYK" "" "BOS" "L" -4 1 38.7333333333333 0.574 0.55 5.6 17.2 10.8 19.4 0 5.1 8.4 28 113 106 18.9 6.6
"74" "25" 2015-03-28 29.42 "NYK" "@" "CHI" "L" -31 1 26.4 0.467 0.467 3.8 28.7 14.8 10.5 0 0 16.7 32.6 75 124 6.1 -9.4
"75" "26" 2015-04-01 29.43 "NYK" "" "BRK" "L" -2 1 27.4333333333333 0.652 0.625 8.7 14.2 11.4 0 0 2.7 10.6 32.8 117 116 15 2
"76" "27" 2015-04-03 29.44 "NYK" "@" "WAS" "L" -14 1 18.0666666666667 0.111 0.111 0 5.9 3 0 0 0 0 23 25 115 -4 -23
"77" "28" 2015-04-05 29.44 "NYK" "" "PHI" "W" 10 1 34.4666666666667 0.675 0.6 13.1 13.1 13.1 21.5 0 8.3 9.7 27.8 145 106 24.5 11.3
"78" "29" 2015-04-08 29.45 "NYK" "" "IND" "L" -16 1 25.5166666666667 0.609 0.545 3.6 26.1 12.8 0 0 0 14 25.3 105 110 8.7 0.5
"79" "" 2015-04-10 29.45 "NYK" "" "MIL" "L" -8 NA NA NA NA NA NA NA NA NA NA NA NA NA NA NA NA
"80" "" 2015-04-11 29.46 "NYK" "@" "ORL" "W" 1 NA NA NA NA NA NA NA NA NA NA NA NA NA NA NA NA
"81" "" 2015-04-13 29.46 "NYK" "@" "ATL" "W" 4 NA NA NA NA NA NA NA NA NA NA NA NA NA NA NA NA
"82" "" 2015-04-15 29.47 "NYK" "" "DET" "L" -22 NA NA NA NA NA NA NA NA NA NA NA NA NA NA NA NA
"1" "1" 2015-10-28 30.01 "BRK" "" "CHI" "L" -15 0 22.15 0.559 0.462 8.7 31.9 18.1 0 2.2 4.3 6.2 29.7 119 113 12.3 1.8
"2" "2" 2015-10-30 30.01 "BRK" "@" "SAS" "L" -27 0 16.3 0.625 0.625 0 7 3.3 0 0 0 0 11.9 112 114 3.3 -0.1
"3" "3" 2015-10-31 30.01 "BRK" "@" "MEM" "L" -10 0 14.8833333333333 0.868 1 0 7 3.8 0 0 0 41 15.9 86 119 1.5 -8.4
"4" "4" 2015-11-02 30.02 "BRK" "" "MIL" "L" -7 0 15.6833333333333 0.268 0.125 32.2 9.3 21.6 0 0 0 17.7 32.5 69 117 -0.3 -21.6
"5" "5" 2015-11-04 30.02 "BRK" "@" "ATL" "L" -14 0 10.3833333333333 1 1 0 0 0 0 0 0 50 17.2 69 119 0.2 -13.8
"6" "6" 2015-11-06 30.03 "BRK" "" "LAL" "L" -6 0 9.58333333333333 0 0 0 0 0 0 0 0 33.3 12.9 0 109 -4 -26.3
"7" "7" 2015-11-07 30.03 "BRK" "@" "MIL" "L" -8 0 7.85 0.5 0.5 12.7 0 6.6 0 0 0 0 22.6 115 113 2.3 -4
"8" "8" 2015-11-11 30.04 "BRK" "@" "HOU" "W" 8 0 16.8833333333333 0.45 0.375 5.5 5.4 5.4 8.5 0 4.4 10.1 24.1 101 109 4.2 -6.5
"9" "9" 2015-11-13 30.05 "BRK" "@" "SAC" "L" -2 0 13.9166666666667 0.313 0.313 7.8 13.8 11 0 0 0 0 24.4 74 114 1.5 -10.8
"10" "10" 2015-11-14 30.05 "BRK" "@" "GSW" "L" -8 0 8.16666666666667 0.5 0.5 0 13 6.5 0 0 0 0 22.2 99 112 2.3 -2.1
"11" "11" 2015-11-17 30.06 "BRK" "" "ATL" "W" 2 0 3.8 0 0 0 0 0 0 0 0 0 12.5 0 107 -1.1 -24.4
"12" "12" 2015-11-18 30.06 "BRK" "@" "CHO" "L" -5 0 11.85 0.4 0.4 0 0 0 0 0 0 0 36.9 75 121 2.2 -13.1
"13" "13" 2015-11-20 30.07 "BRK" "@" "BOS" "L" -25 0 14.7 0.296 0.25 6.8 8.8 7.7 11.5 0 0 0 23.2 80 125 1.5 -9.9
"14" "14" 2015-11-22 30.07 "BRK" "" "BOS" "W" 10 0 21.4166666666667 0.667 0.667 5.7 10 8 0 0 5 10 20.8 125 112 8.3 -0.5
"15" "15" 2015-11-25 30.08 "BRK" "@" "OKC" "L" -11 0 15.9666666666667 0.523 0.5 0 15.8 6.9 0 0 5.6 0 32.2 106 108 7.5 2
"16" "16" 2015-11-28 30.09 "BRK" "@" "CLE" "L" -2 0 16.4833333333333 0.333 0.333 0 5.8 3.1 0 0 0 18.2 29.8 53 100 -1.2 -14.9
"17" "17" 2015-11-29 30.09 "BRK" "" "DET" "W" 4 0 2.51666666666667 0 0 0 0 0 0 0 0 0 17.8 0 91 -1.1 -26.1
"18" "" 2015-12-01 30.1 "BRK" "" "PHO" "W" 3 NA NA NA NA NA NA NA NA NA NA NA NA NA NA NA NA
"19" "" 2015-12-04 30.11 "BRK" "@" "NYK" "L" -17 NA NA NA NA NA NA NA NA NA NA NA NA NA NA NA NA
"20" "" 2015-12-06 30.11 "BRK" "" "GSW" "L" -16 NA NA NA NA NA NA NA NA NA NA NA NA NA NA NA NA
"21" "" 2015-12-08 30.12 "BRK" "" "HOU" "W" 5 NA NA NA NA NA NA NA NA NA NA NA NA NA NA NA NA
"22" "18" 2015-12-10 30.12 "BRK" "" "PHI" "W" 9 0 23.25 0.607 0.533 18.2 13.2 15.3 10.1 0 0 0 37.3 135 103 18.6 8.5
"23" "19" 2015-12-12 30.13 "BRK" "" "LAC" "L" -5 0 13.75 0.598 0.429 7.8 34.1 20.3 14.2 0 0 9.8 32.9 123 108 7.3 1.7
"24" "20" 2015-12-14 30.13 "BRK" "" "ORL" "L" -23 0 20.3666666666667 0.644 0.625 0 19.1 8.6 0 0 0 17.7 25.6 97 115 6.5 -2.1
"25" "21" 2015-12-16 30.14 "BRK" "" "MIA" "L" -6 0 21.05 0.437 0.455 9.7 20.7 14.3 0 0 0 0 25.8 96 120 5.4 -8.3
"26" "22" 2015-12-18 30.15 "BRK" "@" "IND" "L" -7 0 21.8166666666667 0.607 0.556 4.7 18.7 11.7 8.8 0 3.6 0 20.6 130 111 10.2 3.7
"27" "23" 2015-12-20 30.15 "BRK" "" "MIN" "L" -15 0 19.0333333333333 0.637 0.5 5.6 12.6 8.9 10.3 2.7 0 10.4 24.1 120 105 9.6 4.8
"28" "24" 2015-12-21 30.15 "BRK" "@" "CHI" "W" 3 0 19.1 0.429 0.375 0 24.6 13.1 7.1 0 0 9.7 22.7 90 107 4 -8.1
"29" "25" 2015-12-23 30.16 "BRK" "" "DAL" "L" -1 0 19.9833333333333 0.462 0.462 12.1 32.1 20.7 0 0 5.5 23.5 38.2 75 120 2.6 -19.9
"30" "26" 2015-12-26 30.17 "BRK" "" "WAS" "L" -15 0 12.5333333333333 0.2 0.2 16 9.3 12.9 9.8 0 0 0 16.6 78 121 1.3 -9.3
"31" "27" 2015-12-28 30.17 "BRK" "@" "MIA" "W" 6 0 5.61666666666667 0 0 0 0 0 0 0 0 0 7.7 0 121 -1.1 -17.3
"32" "28" 2015-12-30 30.18 "BRK" "@" "ORL" "L" -7 0 14.2333333333333 0.25 0.25 0 0 0 0 3.8 0 0 12.9 55 118 0.6 -9.8
"33" "29" 2016-01-02 30.19 "BRK" "@" "BOS" "W" 3 0 8.06666666666667 0.667 0.667 12.1 11.4 11.8 22.8 0 0 0 15.3 148 104 4.4 11.4
"34" "30" 2016-01-04 30.19 "BRK" "" "BOS" "L" -9 0 4.45 0 0 0 0 0 0 0 0 0 9.7 0 119 -0.7 -15.5
"35" "31" 2016-01-06 30.2 "BRK" "" "TOR" "L" -17 0 5.73333333333333 0.521 0.5 0 37.2 19 0 0 0 0 23.8 104 96 2.2 3.3
"36" "" 2016-01-08 30.2 "BRK" "" "ORL" "L" -6 NA NA NA NA NA NA NA NA NA NA NA NA NA NA NA NA
"37" "32" 2016-01-09 30.21 "BRK" "@" "DET" "L" -14 0 5.78333333333333 0.25 0.25 0 18.9 9.8 0 0 0 0 33.1 50 112 -0.5 -20.5
"38" "33" 2016-01-11 30.21 "BRK" "" "SAS" "L" -27 0 15.2666666666667 0.543 0.5 9 9 9 0 0 0 0 21.6 115 123 3.8 -3.4
"39" "34" 2016-01-13 30.22 "BRK" "" "NYK" "W" 6 0 13.5333333333333 0.333 0.333 0 6.8 3.9 0 0 0 0 19.9 70 112 0.1 -16
"40" "35" 2016-01-15 30.22 "BRK" "" "POR" "L" -12 0 13.6 0.685 0.643 0 8.4 4 0 3.9 0 10.2 31.5 124 124 8.6 5.7
"41" "36" 2016-01-16 30.22 "BRK" "@" "ATL" "L" -28 0 10.2166666666667 0.6 0.6 0 0 0 23.6 0 0 0 22.7 119 127 4.4 4.1
"42" "" 2016-01-18 30.23 "BRK" "@" "TOR" "L" -12 NA NA NA NA NA NA NA NA NA NA NA NA NA NA NA NA
"43" "37" 2016-01-20 30.24 "BRK" "" "CLE" "L" -13 0 13.4 0.5 0.5 0 19.9 8.5 12.9 0 0 0 14.4 106 104 3.3 1.4
"44" "38" 2016-01-22 30.24 "BRK" "" "UTA" "L" -22 0 21.2333333333333 0.429 0.429 0 8.4 3.5 8.6 0 3.8 12.5 19.3 76 129 2.6 -8.7
"45" "39" 2016-01-24 30.25 "BRK" "" "OKC" "W" 10 0 7.95 1 1 0 0 0 0 0 0 50 20.8 74 119 0.6 -13.4
"46" "40" 2016-01-26 30.25 "BRK" "" "MIA" "L" -4 0 24.35 0.751 0.75 0 5.8 2.9 10.8 0 2.7 0 27 143 111 16.1 8.2
"47" "41" 2016-01-29 30.26 "BRK" "@" "DAL" "L" -12 0 11.35 0.25 0.25 8.6 28.8 18.2 0 0 0 20 21.6 51 105 -0.6 -17.4
"48" "42" 2016-01-30 30.26 "BRK" "@" "NOP" "L" -2 0 9.75 NA NA 0 10.3 5.4 12.3 0 0 NA 0 223 121 0.2 -7.7
"49" "43" 2016-02-01 30.27 "BRK" "" "DET" "L" -5 0 24.5833333333333 0.654 0.583 0 15.3 8.9 7.4 0 0 0 27 133 118 14.3 3.5
"50" "44" 2016-02-03 30.27 "BRK" "" "IND" "L" -14 0 12.05 0.5 0.5 0 19.4 9.5 12.4 0 0 0 7.2 116 117 1.9 -3.3
"51" "45" 2016-02-05 30.28 "BRK" "" "SAC" "W" 9 0 10.1 0.4 0.4 12.8 0 6.2 0 0 7.5 0 20.9 100 114 2.7 -8.8
"52" "46" 2016-02-06 30.28 "BRK" "@" "PHI" "L" -5 0 8.96666666666667 0.2 0.2 14.1 13.4 13.7 36.1 0 0 0 25.1 75 116 0.5 -11.6
"53" "" 2016-02-08 30.29 "BRK" "" "DEN" "W" 1 NA NA NA NA NA NA NA NA NA NA NA NA NA NA NA NA
"54" "" 2016-02-10 30.29 "BRK" "" "MEM" "L" -19 NA NA NA NA NA NA NA NA NA NA NA NA NA NA NA NA
"55" "" 2016-02-19 30.32 "BRK" "" "NYK" "W" 11 NA NA NA NA NA NA NA NA NA NA NA NA NA NA NA NA
