"Rk" "G" "Date" "Age" "Tm" "H/A" "Opp" "W/L" "By Amt" "GS" "MP" "TS%" "eFG%" "ORB%" "DRB%" "TRB%" "AST%" "STL%" "BLK%" "TOV%" "USG%" "ORtg" "DRtg" "GmSc" "BPM"
"1" "1" 2012-10-31 20.42 "GSW" "@" "PHO" "W" 2 1 13.8 0.51 0.4 13.9 8.1 11.2 13.4 0 0 0 17.9 130 98 5.3 4.6
"2" "2" 2012-11-02 20.43 "GSW" "" "MEM" "L" -10 1 23.3666666666667 0.571 0.571 0 0 0 6.9 0 0 22.2 17.5 88 119 1 -5.8
"3" "3" 2012-11-03 20.43 "GSW" "@" "LAC" "W" 4 1 19.9 0.727 0.667 0 6.2 3 7.7 0 0 0 14.5 161 118 6.4 1.4
"4" "4" 2012-11-05 20.44 "GSW" "@" "SAC" "L" -2 1 29.9333333333333 0.375 0.375 0 7.8 4 24.5 1.7 0 11.1 14 82 103 4.2 -1.8
"5" "5" 2012-11-07 20.44 "GSW" "" "CLE" "W" 10 1 30.4 0.625 0.611 4.5 3.3 3.8 4.6 1.6 0 15.2 20 108 105 8.4 -3.7
"6" "6" 2012-11-09 20.45 "GSW" "@" "LAL" "L" -24 1 29.05 0.438 0.438 0 13.2 6.3 0 1.7 0 27.3 16.1 63 102 0.2 -7.1
"7" "7" 2012-11-10 20.45 "GSW" "" "DEN" "L" -6 1 18.8 0.518 0.5 16.8 9.6 13 9.4 0 3.5 12.9 19 108 101 5.4 2.3
"8" "8" 2012-11-14 20.46 "GSW" "" "ATL" "W" 4 1 39.6666666666667 0.654 0.591 10.7 31 21.5 4.7 1.3 0 17.1 20.2 116 95 15.9 4.2
"9" "9" 2012-11-16 20.47 "GSW" "@" "MIN" "W" 8 1 34.6166666666667 0.567 0.533 6.9 22.1 14.9 4.3 0 0 5.9 21 126 108 13.1 0.7
"10" "10" 2012-11-18 20.47 "GSW" "@" "OKC" "L" -10 1 29.5833333333333 0.505 0.455 0 4.4 2.2 14 3.5 0 14.4 21.5 96 128 8.7 -1.8
"11" "11" 2012-11-19 20.47 "GSW" "@" "DAL" "W" 4 1 39.7166666666667 0.592 0.625 4.9 26.7 15.3 0 1.3 0 10.6 20.3 111 98 14.2 4.6
"12" "12" 2012-11-21 20.48 "GSW" "" "BRK" "W" 9 1 28.1833333333333 0.541 0.5 0 18.9 10.9 4.9 0 0 10.7 16.1 110 112 5.3 -2.8
"13" "13" 2012-11-23 20.48 "GSW" "@" "DEN" "L" -11 1 15.1333333333333 0.34 0.2 0 13.2 7.6 10 3.4 0 25.4 24.5 60 105 -0.8 -14.9
"14" "14" 2012-11-24 20.49 "GSW" "" "MIN" "W" 11 1 38.65 0.571 0.571 0 29.7 15.7 8.9 0 0 10.2 11.7 112 92 9.2 2.6
"15" "15" 2012-11-29 20.5 "GSW" "" "DEN" "W" 1 1 17.4333333333333 0.143 0.143 0 12.5 6.6 13.4 2.8 0 0 17.9 50 109 0.5 -9.5
"16" "16" 2012-12-01 20.51 "GSW" "" "IND" "W" 11 1 28.9 0.564 0.5 0 21.9 10.8 4.8 0 0 15.8 10 104 104 4.8 -0.6
"17" "17" 2012-12-03 20.51 "GSW" "" "ORL" "L" -8 1 34.6 0.507 0.563 0 12.3 6.5 8.8 1.5 4 10.1 13.4 94 109 7.8 0.5
"18" "18" 2012-12-05 20.52 "GSW" "@" "DET" "W" 7 1 30.5 0.519 0.286 0 19.2 10 15.3 0 0 9.4 16.8 113 111 8.5 -3.7
"19" "19" 2012-12-07 20.52 "GSW" "@" "BRK" "W" 7 1 23.2 0.51 0.4 0 13.2 6.8 9.9 2.3 0 0 11.5 130 112 5 -2.2
"20" "20" 2012-12-08 20.53 "GSW" "@" "WAS" "W" 4 1 23.95 0.19 0.214 4.7 19.6 12.8 24.3 2.1 0 20.2 17.7 60 99 1.3 -5.9
"21" "21" 2012-12-10 20.53 "GSW" "@" "CHA" "W" 8 1 22.4333333333333 0.381 0.357 5.2 9.7 7.6 19 0 0 20.2 19.2 83 109 1.7 -9.2
"22" "22" 2012-12-12 20.54 "GSW" "@" "MIA" "W" 2 1 17.5666666666667 0.41 0.375 6.8 14 10.4 9.2 5.8 0 0 26.4 96 94 6.4 2.4
"23" "23" 2012-12-14 20.54 "GSW" "@" "ORL" "L" -14 1 16.8333333333333 0.296 0.25 5.1 6.2 5.6 20.2 0 4.4 0 22.1 83 111 3.3 -1.7
"24" "24" 2012-12-15 20.55 "GSW" "@" "ATL" "W" 22 1 30.9333333333333 0.679 0.679 0 8.6 4.7 4.2 1.6 0 0 19.1 132 97 13.8 5.2
"25" "25" 2012-12-18 20.55 "GSW" "" "NOH" "W" 7 1 19.3833333333333 0 0 0 14.2 6.4 7.3 0 5.2 0 11.6 16 111 -1.9 -13.6
"26" "26" 2012-12-19 20.56 "GSW" "@" "SAC" "L" -4 1 16.25 0.333 0.333 0 7.6 3.6 0 0 0 14.3 18 63 138 -1.3 -19.4
"27" "27" 2012-12-21 20.56 "GSW" "" "CHA" "W" 15 1 27.7166666666667 0.207 0 4.6 6.4 5.6 0 3.9 0 17.2 19.6 48 111 -0.8 -18.4
"28" "28" 2012-12-22 20.56 "GSW" "" "LAL" "L" -3 1 28.8833333333333 0.5 0.5 11.2 3.9 7.6 5.2 5 0 0 18.5 119 105 11.6 4.1
"29" "29" 2012-12-26 20.58 "GSW" "@" "UTA" "W" 11 1 16.2166666666667 0.595 0.5 0 13.8 6.8 0 0 4.5 0 17.3 124 94 5.6 3.4
"30" "30" 2012-12-28 20.58 "GSW" "" "PHI" "W" 7 1 15.5 0.563 0.5 0 11.9 6.5 0 0 0 18.4 30.8 89 97 4.6 -3.2
"31" "31" 2012-12-29 20.58 "GSW" "" "BOS" "W" 18 1 25.9166666666667 1.09 1.083 0 27.4 17.6 0 0 0 22.5 16.8 148 90 13.2 9.1
"32" "32" 2013-01-02 20.59 "GSW" "" "LAC" "W" 21 1 25.4833333333333 0.454 0.423 4.7 29.5 18.6 23.1 1.9 3.7 6.5 25.4 109 91 12.1 5.5
"33" "33" 2013-01-05 20.6 "GSW" "@" "LAC" "L" -26 1 21.75 0.557 0.556 0 13 6.2 31.6 0 3.6 9.2 24.1 106 128 8.3 2.7
"34" "34" 2013-01-09 20.61 "GSW" "" "MEM" "L" -7 1 27.4666666666667 0.7 0.7 0 11.7 6.5 6.3 2 2.5 16.7 11.1 109 105 5.8 1.8
"35" "35" 2013-01-11 20.62 "GSW" "" "POR" "W" 6 1 30.9 0.658 0.611 0 19.4 11 4.7 3.3 0 16.8 17.6 105 97 10.3 -0.2
"36" "36" 2013-01-13 20.62 "GSW" "@" "DEN" "L" -11 1 29.25 0.955 0.955 0 20.9 11.9 0 1.7 0 15.4 20.4 134 118 16.5 10.7
"37" "37" 2013-01-16 20.63 "GSW" "" "MIA" "L" -17 1 22.7 0.349 0.292 12.9 11.7 12.3 28 0 0 7.2 26.9 84 101 4.7 0.1
"38" "38" 2013-01-18 20.64 "GSW" "@" "SAS" "L" -7 1 37.75 0.34 0.2 0 24.2 11.6 7.3 1.4 0 14.5 8.8 71 103 4.7 -3.3
"39" "39" 2013-01-19 20.64 "GSW" "@" "NOH" "W" 4 1 17.7833333333333 0.41 0.5 0 7.9 3.9 15.3 2.9 0 62.1 16.3 43 120 -1.5 -13.1
"40" "40" 2013-01-21 20.65 "GSW" "" "LAC" "W" 7 1 15.9833333333333 1.125 1.125 0 14 7.7 11.1 0 0 20 15 160 109 7.7 10.6
"41" "41" 2013-01-23 20.65 "GSW" "" "OKC" "W" 5 1 25.6166666666667 0.17 0 0 34.5 16.6 10.1 1.9 0 14.5 11.6 50 99 1.2 -5.3
"42" "42" 2013-01-25 20.66 "GSW" "@" "CHI" "L" -16 1 21.6333333333333 0.26 0 0 25.8 11.9 24.7 2.4 0 25.8 16.6 55 106 2 -5.3
"43" "43" 2013-01-26 20.66 "GSW" "@" "MIL" "L" -7 1 13.3 0.902 0.833 0 6 3.3 0 3.7 0 34 18.8 106 111 4.2 0.2
"44" "44" 2013-01-28 20.67 "GSW" "@" "TOR" "W" 12 1 32.9166666666667 0.568 0.545 3.7 12.4 8.5 7.8 0 0 0 16.7 133 114 10.8 -1.3
"45" "" 2013-01-29 20.67 "GSW" "@" "CLE" "W" 13 NA NA NA NA NA NA NA NA NA NA NA NA NA NA NA NA
"46" "45" 2013-01-31 20.67 "GSW" "" "DAL" "W" 3 1 38.75 0.51 0.4 2.6 8.1 5.3 20 1.3 0 0 13.6 126 107 11.9 1.7
"47" "46" 2013-02-02 20.68 "GSW" "" "PHO" "W" 20 1 32.2166666666667 0.823 0.818 3.2 21.7 12.5 4.7 0 0 13.6 19.8 136 100 17.2 5
"48" "47" 2013-02-05 20.69 "GSW" "@" "HOU" "L" -31 1 17.2333333333333 0.595 0.6 0 6.5 3.2 0 0 0 14.5 17.2 99 148 3.2 -7.5
"49" "48" 2013-02-06 20.69 "GSW" "@" "OKC" "L" -21 1 28.7166666666667 0.883 0.889 0 0 0 0 1.6 0 0 15.1 172 118 16.1 9.4
"50" "49" 2013-02-08 20.7 "GSW" "@" "MEM" "L" -6 1 34.85 0.307 0.25 0 26.8 12.5 16.6 0 0 17 16.4 69 112 2.1 -6.9
"51" "50" 2013-02-09 20.7 "GSW" "@" "DAL" "L" -25 1 28.5166666666667 0.551 0.5 3.1 4.1 3.5 0 0 0 0 16 127 125 7.2 0.3
"52" "51" 2013-02-12 20.71 "GSW" "" "HOU" "L" -9 1 27.05 0.735 0.667 0 7.4 3.8 5.2 0 3.1 29.6 10.8 104 118 3.7 -5.6
"53" "52" 2013-02-19 20.73 "GSW" "@" "UTA" "L" -14 1 19 0.255 0.2 0 0 0 0 2.8 0 14.5 16.3 51 125 -1.3 -13.6
"54" "53" 2013-02-20 20.73 "GSW" "" "PHO" "W" 10 1 23.0166666666667 0.214 0.214 4.8 9.9 7.4 0 2.3 0 0 14 62 109 0 -12.1
"55" "54" 2013-02-22 20.73 "GSW" "" "SAS" "W" 6 1 31.2833333333333 0.329 0.125 0 11.7 6.3 13.6 0 0 15.8 18 69 99 1.1 -7.4
"56" "55" 2013-02-24 20.74 "GSW" "@" "MIN" "W" 1 1 22.1166666666667 0.595 0.6 5.3 4.5 4.9 0 0 0 0 11.3 132 109 4.5 -1.7
"57" "56" 2013-02-26 20.75 "GSW" "@" "IND" "L" -11 1 21.6833333333333 0.922 0.875 0 9.8 5 8.4 0 0 29.1 14.3 129 126 6.7 1
"58" "57" 2013-02-27 20.75 "GSW" "@" "NYK" "L" -4 1 19.4333333333333 0.375 0.375 0 15.1 8.8 0 0 0 33.3 15.1 49 121 -2.1 -14.5
"59" "58" 2013-03-01 20.75 "GSW" "@" "BOS" "L" -8 1 39.3 0.437 0.412 6.7 8.5 7.5 0 3.7 0 9.8 21.6 86 90 9.7 0.8
"60" "59" 2013-03-02 20.76 "GSW" "@" "PHI" "L" -7 1 28.2333333333333 0.336 0.286 0 14.6 6.1 5.2 3.4 0 21.2 14.2 60 105 2.1 -7.8
"61" "60" 2013-03-04 20.76 "GSW" "" "TOR" "W" 7 1 22.3666666666667 0.82 0.75 0 8.4 5 5.6 2.1 6.3 12 16.5 141 114 11.7 8.7
"62" "61" 2013-03-06 20.77 "GSW" "" "SAC" "W" 4 1 25.5333333333333 0.513 0.455 4.7 12.3 8.7 10.7 0 0 6.8 26.3 100 94 8.4 0.1
"63" "62" 2013-03-08 20.77 "GSW" "" "HOU" "L" -6 1 23.3333333333333 0.276 0.2 4.1 8.9 6.4 0 2.2 0 21.6 25.5 50 102 -0.9 -11.2
"64" "63" 2013-03-09 20.78 "GSW" "" "MIL" "L" -10 1 21.7166666666667 0.579 0.583 4.6 21.6 12.4 7.3 2.3 0 10.4 19.8 111 105 8 4.4
"65" "64" 2013-03-11 20.78 "GSW" "" "NYK" "W" 29 1 16.1333333333333 0.425 0.4 6.8 0 2.9 11.4 0 0 0 17.1 108 85 2.5 -1.1
"66" "65" 2013-03-13 20.79 "GSW" "" "DET" "W" 8 1 18.8666666666667 0.825 0.857 0 11.3 6.4 0 0 3.5 11.3 23.5 133 115 9.2 1.1
"67" "66" 2013-03-15 20.79 "GSW" "" "CHI" "L" -18 1 24.5833333333333 0.607 0.556 10 10.3 10.1 8.1 4.2 0 16.8 22.9 109 119 10 1.1
"68" "67" 2013-03-17 20.8 "GSW" "@" "HOU" "W" 30 1 17.7666666666667 0.45 0.45 6.1 20 13.8 0 0 0 0 24.6 94 84 5.5 -0.7
"69" "68" 2013-03-18 20.8 "GSW" "@" "NOH" "W" 21 1 21.4666666666667 0.608 0.5 0 8.8 5.3 0 0 0 0 13.9 127 92 4.8 -2.2
"70" "69" 2013-03-20 20.81 "GSW" "@" "SAS" "L" -11 1 17.55 0.722 0.722 0 7.8 3.6 13.3 3 0 10 25.7 130 114 10.1 12
"71" "70" 2013-03-23 20.81 "GSW" "" "WAS" "W" 9 1 35.9166666666667 0.752 0.688 3.9 20.3 13.4 0 0 0 15.8 16 127 101 12.4 1.3
"72" "71" 2013-03-25 20.82 "GSW" "" "LAL" "W" 6 1 28.9666666666667 0.536 0.438 3.7 12.3 8.4 0 1.7 0 9.7 15.6 105 104 6.3 -1.3
"73" "72" 2013-03-27 20.82 "GSW" "" "SAC" "L" -7 1 21.6666666666667 0.563 0.563 0 15.1 7.7 0 4.7 0 11.1 18.2 97 106 6.1 -0.1
"74" "73" 2013-03-30 20.83 "GSW" "" "POR" "W" 27 1 33.9 0.486 0.4 0 19.1 11 3.4 1.5 2.2 8.1 16 102 101 8.3 -3.4
"75" "74" 2013-04-03 20.84 "GSW" "" "NOH" "W" 10 1 19.3833333333333 0.465 0.389 6 11 8.6 0 0 0 15.7 31.4 85 103 3.8 -8.5
"76" "75" 2013-04-05 20.85 "GSW" "@" "PHO" "W" 4 1 25.7166666666667 0.557 0.5 0 22.4 8.5 0 2 0 16.8 20.7 94 118 5.8 -6.8
"77" "76" 2013-04-07 20.85 "GSW" "" "UTA" "L" -7 1 22.9833333333333 0.515 0.333 0 13.6 7.5 19 0 0 20.5 10.4 107 113 4.3 0.3
"78" "77" 2013-04-09 20.86 "GSW" "" "MIN" "W" 16 1 25.8 0.631 0.591 11.2 24.1 17.9 6.7 0 0 7.8 21.1 126 92 12.4 3.6
"79" "78" 2013-04-11 20.87 "GSW" "" "OKC" "L" -19 1 20.7 0.507 0.438 5.4 5.5 5.5 0 2.3 0 10.1 20.6 97 118 3.6 -4.9
"80" "79" 2013-04-12 20.87 "GSW" "@" "LAL" "L" -2 1 29.0833333333333 0.291 0.167 6.9 20.6 12.4 0 0 0 0 10.1 89 130 2 -10
"81" "80" 2013-04-15 20.88 "GSW" "" "SAS" "W" 10 1 33 0.506 0.45 3.8 16.2 11.1 10.9 1.4 0 35.5 21.6 76 102 4.4 -7.9
"82" "81" 2013-04-17 20.88 "GSW" "@" "POR" "W" 11 1 30.1833333333333 0.368 0.3 6.4 28.9 16.9 13.5 0 0 8.4 17.1 93 95 6.7 -3.2
"1" "" 2013-10-30 21.42 "GSW" "" "LAL" "W" 31 NA NA NA NA NA NA NA NA NA NA NA NA NA NA NA NA
"2" "" 2013-10-31 21.42 "GSW" "@" "LAC" "L" -11 NA NA NA NA NA NA NA NA NA NA NA NA NA NA NA NA
"3" "" 2013-11-02 21.43 "GSW" "" "SAC" "W" 11 NA NA NA NA NA NA NA NA NA NA NA NA NA NA NA NA
"4" "" 2013-11-04 21.43 "GSW" "@" "PHI" "W" 20 NA NA NA NA NA NA NA NA NA NA NA NA NA NA NA NA
"5" "1" 2013-11-06 21.44 "GSW" "@" "MIN" "W" 13 0 13.8833333333333 0.788 0.75 0 13.8 7.8 16.3 6.6 4.7 18.4 33.1 122 79 12.4 18.4
"6" "2" 2013-11-08 21.44 "GSW" "@" "SAS" "L" -2 1 21.1666666666667 0.417 0.417 0 9.1 5.2 9.3 0 0 0 14.4 90 94 2.1 -1.7
"7" "3" 2013-11-09 21.45 "GSW" "@" "MEM" "L" -18 0 18.9333333333333 0.286 0.286 0 15.8 6.6 9.1 0 0 12.5 19.1 58 117 -1.4 -14
"8" "4" 2013-11-12 21.45 "GSW" "" "DET" "W" 18 0 25.85 0.45 0.5 0 11.4 7.2 5.4 0 0 25.3 21.1 71 106 0.6 -12.4
"9" "5" 2013-11-14 21.46 "GSW" "" "OKC" "W" 1 0 23.0666666666667 0.508 0.464 0 17.8 7.9 6.4 2.2 0 11.3 34.5 93 121 8 -6.5
"10" "6" 2013-11-16 21.47 "GSW" "" "UTA" "W" 14 0 28.8666666666667 0.55 0.55 0 12.8 6.7 10.2 3.7 0 16.7 19.7 98 95 7.9 1.3
"11" "7" 2013-11-18 21.47 "GSW" "@" "UTA" "W" 11 0 28.9 0.781 0.8 3.5 13.6 8.6 8.2 0 0 0 17 160 100 14.6 10
"12" "8" 2013-11-20 21.48 "GSW" "" "MEM" "L" -7 1 48.8833333333333 0.538 0.5 2.8 14.6 9.5 18.4 0 0 11.8 18.4 104 104 11.3 1.9
"13" "9" 2013-11-22 21.48 "GSW" "@" "LAL" "L" -7 1 44.3 0.769 0.769 2.4 7.9 5 13.4 1.2 1.9 7.1 13.5 148 110 18.1 6.5
"14" "10" 2013-11-23 21.48 "GSW" "" "POR" "L" -12 1 44.95 0.458 0.417 2.7 6.5 4.9 16.8 1 0 12.3 15.8 95 114 9.1 1.1
"15" "11" 2013-11-26 21.49 "GSW" "@" "NOP" "W" 1 1 39.1166666666667 0.543 0.542 2.9 8 5.6 0 1.3 0 7.2 15.9 102 112 9.2 -3.6
"16" "12" 2013-11-27 21.5 "GSW" "@" "DAL" "L" -4 1 41.1666666666667 0.353 0.273 2.8 6.5 4.9 0 1.2 0 7.3 14.7 76 110 2.9 -6.8
"17" "13" 2013-11-29 21.5 "GSW" "@" "OKC" "L" -1 1 41.9833333333333 0.737 0.7 0 5 2.4 17.2 1.2 0 5.4 19.2 146 109 21.3 10.6
"18" "14" 2013-12-01 21.51 "GSW" "@" "SAC" "W" 2 1 38.35 0.517 0.375 0 0 0 3.3 3.8 0 15.8 14.4 98 117 5.9 -6.3
"19" "15" 2013-12-03 21.51 "GSW" "" "TOR" "W" 9 1 31.3833333333333 0.649 0.667 0 12.7 6.2 10.4 3.3 0 6.4 23.5 122 111 14.7 3.5
"20" "16" 2013-12-06 21.52 "GSW" "@" "HOU" "L" -22 1 36.1833333333333 0.394 0.313 2.8 16.9 9.8 13 5.3 2.4 14.5 24.4 77 96 9.2 3.4
"21" "17" 2013-12-07 21.52 "GSW" "@" "MEM" "W" 26 1 35.5833333333333 0.45 0.45 0 11 6.2 0 0 0 23.1 16.8 74 104 1.4 -8.9
"22" "18" 2013-12-09 21.53 "GSW" "@" "CHA" "L" -4 1 39.7333333333333 0.474 0.462 0 21.7 11 10.7 2.3 0 6.3 16.6 99 108 11.5 0.1
"23" "19" 2013-12-11 21.53 "GSW" "" "DAL" "W" 2 1 44.35 0.479 0.406 4.4 4.9 4.7 3.5 1.1 0 5.3 18.4 106 103 8.9 -2.3
"24" "20" 2013-12-13 21.54 "GSW" "" "HOU" "L" -4 1 37.6 0.625 0.625 11.6 23.2 17.4 16.2 1.3 0 15.8 20.5 125 117 16.4 5.5
"25" "21" 2013-12-15 21.55 "GSW" "@" "PHO" "L" -4 1 35.5333333333333 0.457 0.429 2.6 9.2 5.7 8.6 1.3 2.6 10.2 11.5 97 105 5.6 1.2
"26" "22" 2013-12-17 21.55 "GSW" "" "NOP" "W" 11 0 23.6833333333333 0.45 0.438 4.1 11.5 7.9 5.8 0 0 0 15.8 110 102 4.7 -2.5
"27" "23" 2013-12-19 21.56 "GSW" "" "SAS" "L" -2 0 19.05 0 0 5.9 17.6 11.7 6 2.4 0 50 12.7 19 102 -2.6 -12.1
"28" "24" 2013-12-21 21.56 "GSW" "" "LAL" "W" 19 0 25.7666666666667 0.538 0.5 0 7.3 3.5 0 1.8 0 0 11.3 118 87 5.5 0.6
"29" "25" 2013-12-23 21.57 "GSW" "@" "DEN" "W" 8 0 21.6333333333333 0.145 0.167 0 0 0 6.6 0 0 22.5 18.4 30 97 -3.9 -13.8
"30" "26" 2013-12-25 21.57 "GSW" "" "LAC" "W" 2 0 25.1333333333333 0.413 0.269 0 24.5 11 5.6 0 3 5.6 29.1 95 107 7.2 -2.3
"31" "27" 2013-12-27 21.58 "GSW" "" "PHO" "W" 29 0 30.6166666666667 0.506 0.45 0 0 0 12.1 4.8 0 0 14.6 128 89 10.3 6.2
"32" "28" 2013-12-29 21.58 "GSW" "@" "CLE" "W" 4 0 27.4333333333333 0.375 0.375 3.9 12.3 8 0 0 0 0 21.4 82 105 3.2 -8.5
"33" "29" 2013-12-31 21.59 "GSW" "@" "ORL" "W" 13 0 27.2666666666667 0.143 0.143 4.4 19.9 13.3 4.5 0 0 12.5 13.2 45 91 -0.7 -10.8
"34" "30" 2014-01-02 21.59 "GSW" "@" "MIA" "W" 9 0 27.4166666666667 0.826 0.75 0 13.5 7.4 0 0 0 0 14.7 170 118 11.7 2.6
"35" "31" 2014-01-03 21.6 "GSW" "@" "ATL" "W" 1 0 29.15 0.362 0.375 10.5 8 9.4 10.2 4.9 0 0 17.2 93 98 7.3 -1.2
"36" "32" 2014-01-05 21.6 "GSW" "@" "WAS" "W" 16 0 26.6166666666667 0.838 0.75 0 23.5 12.4 15.1 0 0 20.5 16.6 138 104 11.5 4.3
"37" "33" 2014-01-07 21.61 "GSW" "@" "MIL" "W" 21 0 26.3166666666667 0.429 0.429 0 14.6 7.9 10.3 2 0 12.5 13.2 98 89 4.1 0.9
"38" "34" 2014-01-08 21.61 "GSW" "@" "BRK" "L" -4 0 20.95 1 1 0 0 0 0 0 0 25 8.6 127 114 3.3 1.4
"39" "35" 2014-01-10 21.62 "GSW" "" "BOS" "W" 2 0 20.0333333333333 0.102 0 4.7 27.2 15.1 6.3 0 0 17 12.6 39 102 -1.9 -14.2
"40" "36" 2014-01-15 21.63 "GSW" "" "DEN" "L" -7 0 31.3666666666667 0.705 0.625 0 22.4 10.6 9.3 1.5 2.6 0 14 149 117 13.9 6.1
"41" "37" 2014-01-17 21.64 "GSW" "@" "OKC" "L" -6 0 18.5166666666667 0 0 0 0 0 0 0 0 33.3 13.6 0 135 -6.8 -24.1
"42" "38" 2014-01-18 21.64 "GSW" "@" "NOP" "W" 10 0 17.5166666666667 0 0 0 11.4 6.1 7.4 0 0 20 13.7 12 104 -3.7 -18.8
"43" "39" 2014-01-20 21.64 "GSW" "" "IND" "L" -8 0 20.9333333333333 0.595 0.5 4.8 18.7 11.8 7.5 2.5 0 0 12.3 139 105 7.5 6.7
"44" "40" 2014-01-24 21.65 "GSW" "" "MIN" "L" -1 0 22.85 0.143 0.143 0 13.7 7.4 0 0 2.9 30 19.2 21 122 -4.3 -19.1
"45" "41" 2014-01-26 21.66 "GSW" "" "POR" "W" 15 0 27.4 0.51 0.4 6.7 16.5 11.7 0 1.8 2.8 14.5 11 102 89 6.5 0.8
"46" "42" 2014-01-28 21.67 "GSW" "" "WAS" "L" -3 0 22.5333333333333 0.625 0.625 0 0 0 24.8 4.2 0 0 7.8 133 90 6.7 8
"47" "43" 2014-01-30 21.67 "GSW" "" "LAC" "W" 19 0 23.65 0.349 0.308 24.2 13.5 18.7 0 2.2 0 0 26.2 102 100 6.7 -4.8
"48" "44" 2014-01-31 21.67 "GSW" "@" "UTA" "W" 5 1 31.5333333333333 0.34 0.2 12.2 8.7 10.7 5.1 0 0 14.5 19.7 82 106 2.7 -10.6
"49" "45" 2014-02-04 21.68 "GSW" "" "CHA" "L" -16 0 22.7666666666667 0.435 0.286 7.4 25.7 15.1 0 0 0 0 16.7 107 101 6 1.2
"50" "46" 2014-02-06 21.69 "GSW" "" "CHI" "W" 15 0 28.7833333333333 0.55 0.55 3.9 20.3 11.9 5 3.9 0 16.7 19.7 97 95 8.1 3.1
"51" "47" 2014-02-08 21.7 "GSW" "@" "PHO" "L" -13 0 36.2666666666667 0.686 0.667 5.9 15.6 10.1 0 1.4 2.2 5.6 21.9 137 127 17.8 5.5
"52" "48" 2014-02-10 21.7 "GSW" "" "PHI" "W" 43 0 23.8 0.611 0.611 0 3.7 2.1 0 1.9 0 0 15.2 126 82 7.6 1.1
"53" "49" 2014-02-12 21.71 "GSW" "" "MIA" "L" -1 0 30 0.589 0.545 7.6 13.3 10.3 5 1.7 0 0 17.7 133 119 10.7 0.9
"54" "50" 2014-02-19 21.73 "GSW" "@" "SAC" "W" 9 0 26.8166666666667 0.595 0.5 0 16.3 8.5 15.2 5.7 0 33.8 15.3 85 91 6.4 1.1
"55" "51" 2014-02-20 21.73 "GSW" "" "HOU" "W" 3 0 20.9833333333333 0.327 0.2 4.8 13.5 9.3 0 0 3.6 11.6 18.9 70 104 1.2 -8
"56" "52" 2014-02-22 21.73 "GSW" "" "BRK" "W" 7 0 20.1833333333333 0.19 0.143 5.4 5.3 5.3 6.9 0 0 11.3 20.6 51 101 -2.8 -18.1
"57" "53" 2014-02-24 21.74 "GSW" "@" "DET" "W" 8 0 28.2 0.619 0.625 8.5 10.4 9.6 21.8 0 2 0 14.4 147 107 11.6 7.5
"58" "54" 2014-02-26 21.75 "GSW" "@" "CHI" "L" -20 0 24.4666666666667 0.468 0.35 4 4.1 4 16.3 0 2.8 7.8 22.8 98 113 6.9 3
"59" "55" 2014-02-28 21.75 "GSW" "@" "NYK" "W" 23 0 26.9833333333333 0.571 0.5 0 14.2 7.2 9.2 0 0 20.2 14.6 100 104 5.1 -3.7
"60" "56" 2014-03-02 21.76 "GSW" "@" "TOR" "L" -6 0 22.35 0.619 0.563 0 12.6 5.4 7.6 0 3.8 10.1 19.3 120 121 7.6 3.1
"61" "57" 2014-03-04 21.76 "GSW" "@" "IND" "W" 2 0 23.55 0.563 0.5 0 23.7 11.7 13.2 0 0 0 17.5 124 107 8.1 4.2
"62" "58" 2014-03-05 21.76 "GSW" "@" "BOS" "W" 20 0 25.0666666666667 0.188 0.188 4.4 4.7 4.5 0 4 0 0 13.4 57 95 0 -9.2
"63" "59" 2014-03-07 21.77 "GSW" "" "ATL" "W" 14 0 27.9333333333333 0.451 0.333 9.3 12 10.7 4.3 0 3.3 11.4 14.1 104 107 5.1 -5.3
"64" "60" 2014-03-09 21.78 "GSW" "" "PHO" "W" 6 0 31.35 0.438 0.438 11.2 13.1 12.1 11.4 3.2 0 0 11.5 122 110 9.3 3.4
"65" "61" 2014-03-11 21.78 "GSW" "" "DAL" "W" 23 0 19.8 0.838 0.75 0 4.9 2.8 0 0 3.8 0 17.7 171 92 10.2 8.8
"66" "62" 2014-03-12 21.78 "GSW" "@" "LAC" "L" -13 0 17.7 0.396 0.2 6.2 19.8 12.8 0 2.8 0 0 16.3 93 112 4.1 -2.8
"67" "63" 2014-03-14 21.79 "GSW" "" "CLE" "L" -9 1 41.0833333333333 0.307 0.375 0 14.2 7 7.4 1.2 1.9 17 13.4 57 108 2.2 -6.8
"68" "64" 2014-03-16 21.79 "GSW" "@" "POR" "W" 1 0 27.7333333333333 0.313 0.313 7.5 12.1 9.7 13.5 0 0 0 12.6 99 122 2.6 -5.1
"69" "65" 2014-03-18 21.8 "GSW" "" "ORL" "W" 14 1 30.95 0.291 0.167 0 19.4 9.2 13.1 0 0 0 10.4 85 99 3.8 -3.8
"70" "66" 2014-03-20 21.81 "GSW" "" "MIL" "W" 5 1 27.1833333333333 0 0 0 8.6 4.5 8.2 0 0 22.2 15 17 117 -6.1 -18.8
"71" "67" 2014-03-22 21.81 "GSW" "" "SAS" "L" -9 1 26.7666666666667 0.291 0.167 4.3 13.8 9.5 12.3 0 0 0 11.4 86 107 3.5 -2.2
"72" "68" 2014-03-28 21.83 "GSW" "" "MEM" "W" 7 0 18.2166666666667 0.286 0.286 7.7 0 3.5 15.2 6.1 0 12.5 21.3 76 103 3 -3.2
"73" "69" 2014-03-30 21.83 "GSW" "" "NYK" "L" -5 0 21.1 0.317 0.286 5.2 5.4 5.3 9.7 0 0 20.2 22.8 65 115 -0.6 -13.3
"74" "70" 2014-04-01 21.84 "GSW" "@" "DAL" "W" 2 0 13.0833333333333 NA NA 0 0 0 7.8 0 6.1 100 3.8 53 131 0 -4.8
"75" "71" 2014-04-02 21.84 "GSW" "@" "SAS" "L" -21 1 35.6333333333333 0.4 0.292 0 7.9 3.5 0 1.4 0 12.7 20.7 72 120 2.6 -8.3
"76" "72" 2014-04-04 21.85 "GSW" "" "SAC" "W" 33 0 37.5333333333333 0.538 0.536 2.6 4.9 3.8 11.2 1.4 1.9 6.3 18.4 114 78 11.9 5.8
"77" "73" 2014-04-06 21.85 "GSW" "" "UTA" "W" 28 0 27.5333333333333 0.625 0.625 0 18.5 10.6 4 3.4 0 0 12.7 126 97 9 0.1
"78" "74" 2014-04-10 21.86 "GSW" "" "DEN" "L" -1 0 29.5333333333333 0.643 0.643 0 14.3 8 9.7 1.6 2.3 0 10.6 132 100 9.9 5.3
"79" "75" 2014-04-11 21.87 "GSW" "@" "LAL" "W" 17 1 21.65 0.444 0.444 9.6 8.4 9 0 2.2 3.6 25 23.2 73 94 3.2 -8.4
"80" "76" 2014-04-13 21.87 "GSW" "@" "POR" "L" -2 0 22.2166666666667 0.508 0.5 10.6 36.7 22.7 6.5 0 0 0 16.8 119 115 7.4 0.8
"81" "77" 2014-04-14 21.87 "GSW" "" "MIN" "W" 10 1 31.3833333333333 0.429 0.429 5.9 18.2 11.4 17.2 4.4 0 0 8.6 136 111 11.3 4.7
"82" "78" 2014-04-16 21.88 "GSW" "@" "DEN" "W" 4 1 48 0.571 0.595 2.3 9.3 5.7 9.1 0.9 0 10.2 24.5 107 111 18.1 -2.5
"1" "1" 2014-10-29 22.42 "GSW" "@" "SAC" "W" 18 1 28.8333333333333 0.369 0.3 7.9 12.8 10.6 5.9 0 0 7.6 19.8 81 83 3.9 -4
"2" "2" 2014-11-01 22.42 "GSW" "" "LAL" "W" 23 1 30.15 0.915 0.917 0 13.3 8 12.6 1.6 0 10.9 12.7 169 104 14.9 8.8
"3" "3" 2014-11-02 22.43 "GSW" "@" "POR" "W" 5 1 26.1833333333333 0.375 0.375 0 7.2 3.8 10.7 1.9 0 20 8.5 73 97 2.2 -1.6
"4" "4" 2014-11-05 22.44 "GSW" "" "LAC" "W" 17 1 27.3833333333333 0.868 0.75 6 26.3 17.8 13.3 0 0 14.8 11.2 162 107 11.6 8.9
"5" "5" 2014-11-08 22.44 "GSW" "@" "HOU" "W" 11 1 23.2666666666667 0.694 0.5 9.2 7.5 8.3 5.6 0 0 41 8.4 101 97 3.3 -1.1
"6" "6" 2014-11-09 22.45 "GSW" "@" "PHO" "L" -12 1 31.7666666666667 0.685 0.714 4.6 28.8 18.1 0 1.5 0 10.2 14.1 120 105 10.2 3.2
"7" "7" 2014-11-11 22.45 "GSW" "" "SAS" "L" -13 1 38.95 0.799 0.792 0 21.9 13.3 0 0 1.8 12.7 19.9 128 117 17.9 4.6
"8" "8" 2014-11-13 22.46 "GSW" "" "BRK" "W" 8 1 32.3166666666667 0.53 0.45 0 11.7 5.2 12.7 0 0 0 15.4 125 110 9.6 -1
"9" "9" 2014-11-15 22.46 "GSW" "" "CHO" "W" 25 1 23.0833333333333 0.773 0.773 0 16.6 9 6.8 0 0 8.3 23.3 132 94 11 5.4
"10" "10" 2014-11-16 22.47 "GSW" "@" "LAL" "W" 21 1 24.2166666666667 0.686 0.625 0 6.6 4 5.2 0 2.4 0 17.3 147 116 10.4 2.2
"11" "11" 2014-11-21 22.48 "GSW" "" "UTA" "W" 13 1 39.6833333333333 0.513 0.364 9.8 20.2 15.7 3.3 1.3 3.7 12.8 18.3 103 91 13.1 0.1
"12" "12" 2014-11-23 22.48 "GSW" "@" "OKC" "W" 5 1 23.3833333333333 0 0 10.8 19.7 15.1 12.4 2.1 0 16.7 10.9 42 87 -0.1 -9.8
"13" "13" 2014-11-25 22.49 "GSW" "@" "MIA" "W" 17 1 36.2166666666667 0.607 0.611 8 15.3 12.5 7.3 0 0 0 13.6 138 112 11.1 -0.8
"14" "14" 2014-11-26 22.49 "GSW" "@" "ORL" "W" 15 1 35.9666666666667 0.81 0.833 6.4 7.9 7.2 3.9 0 0 9.2 13.4 144 104 12.5 0
"15" "15" 2014-11-28 22.5 "GSW" "@" "CHO" "W" 5 1 28.5666666666667 0.507 0.438 12.9 22.1 16.8 4.5 0 0 10.1 14.1 115 107 8.6 -1.4
"16" "16" 2014-11-30 22.5 "GSW" "@" "DET" "W" 11 1 32.9 0.461 0.375 3.8 21.2 14.1 8.9 1.5 0 9.3 14.7 101 94 8.3 0.2
"17" "17" 2014-12-02 22.51 "GSW" "" "ORL" "W" 1 1 32.8 0.625 0.611 13 26.6 19.7 4.8 1.6 0 0 15.6 142 104 15.8 5.7
"18" "18" 2014-12-04 22.52 "GSW" "" "NOP" "W" 27 1 40.3833333333333 0.618 0.583 10.8 12.4 11.5 3.1 0 0 6.8 15.1 132 94 15.7 0.6
"19" "19" 2014-12-06 22.52 "GSW" "@" "CHI" "W" 10 1 25.1666666666667 1.155 1.333 0 0 0 5.6 2 3.1 0 8.2 226 115 10.5 8.3
"20" "20" 2014-12-08 22.53 "GSW" "@" "MIN" "W" 16 1 29.4 0.4 0.4 3.5 15.1 9.8 4.2 1.7 0 0 7.2 105 91 4.4 -3.6
"21" "21" 2014-12-10 22.53 "GSW" "" "HOU" "W" 12 1 39.4 0.969 0.944 3.2 12.4 8.4 7.7 2.5 0 16.2 14.3 158 97 20.1 12.2
"22" "22" 2014-12-13 22.54 "GSW" "@" "DAL" "W" 7 1 33.5833333333333 0.545 0.545 9.5 16.2 13.1 15.1 2.9 2.2 21.4 18.5 100 96 11.2 3.2
"23" "23" 2014-12-14 22.54 "GSW" "@" "NOP" "W" 6 1 28.5833333333333 0.333 0.333 0 14.8 8.2 8.8 0 0 0 4.6 100 116 2.1 -3.6
"24" "24" 2014-12-16 22.55 "GSW" "@" "MEM" "L" -7 1 30.75 0.698 0.643 5.9 21.3 12.9 0 0 2 20.2 13.5 117 110 9.2 0
"25" "25" 2014-12-18 22.55 "GSW" "" "OKC" "W" 5 1 34.2666666666667 0.545 0.545 6.2 18.9 12 3.4 2.9 0 0 14.3 120 110 10.7 -0.8
"26" "26" 2014-12-22 22.56 "GSW" "" "SAC" "W" 20 1 26.5833333333333 0.45 0.438 18.1 16.4 17.2 4.1 1.8 0 25.3 18.9 90 108 5.1 -7.7
"27" "27" 2014-12-23 22.57 "GSW" "@" "LAL" "L" -10 1 27.5166666666667 0.417 0.417 13.1 4.3 8.6 0 0 2.8 0 9.5 113 124 3.9 -4.8
"28" "28" 2014-12-25 22.57 "GSW" "@" "LAC" "L" -14 1 38.05 0.395 0.385 2.7 32.2 17.4 13.7 2.6 0 6.2 19.3 84 97 9.5 -0.2
"29" "29" 2014-12-27 22.58 "GSW" "" "MIN" "W" 13 1 29.8 0.5 0.5 0 13.7 7.2 4.7 3.1 0 0 14.2 101 96 7.7 -2.4
"30" "30" 2014-12-30 22.59 "GSW" "" "PHI" "W" 40 1 28.4833333333333 0.581 0.583 4.4 19.4 13.1 12.3 1.7 0 0 10.7 136 88 10.2 0.6
"31" "31" 2015-01-02 22.59 "GSW" "" "TOR" "W" 21 1 24.1333333333333 0.258 0 5 18.9 12.1 8.1 0 0 0 7 110 116 2.8 -7
"32" "32" 2015-01-05 22.6 "GSW" "" "OKC" "W" 26 1 35.5333333333333 0.73 0.75 5.5 10.6 8.4 0 0 0 0 18.7 142 97 17.3 8.1
"33" "33" 2015-01-07 22.61 "GSW" "" "IND" "W" 15 1 24.4666666666667 0.5 0.5 4.3 17.3 9.8 4.8 0 0 0 7.1 121 108 3.9 -3.2
"34" "34" 2015-01-09 22.61 "GSW" "" "CLE" "W" 18 1 23.4666666666667 0.786 0.786 5.1 4.2 4.6 12.5 0 0 0 13.4 159 110 10.1 5.3
"35" "35" 2015-01-13 22.62 "GSW" "@" "UTA" "W" 11 1 22.85 0.75 0.75 0 11.7 5.6 5.9 0 0 0 15.9 141 118 9.7 3.6
"36" "36" 2015-01-14 22.63 "GSW" "" "MIA" "W" 15 1 21.05 0.167 0.167 17.1 12.3 14.8 12.8 0 4.3 14.3 15.6 74 104 1.6 -8.1
"37" "37" 2015-01-16 22.63 "GSW" "@" "OKC" "L" -12 1 40.15 0.648 0.615 7 7.8 7.4 6.9 1.2 0 0 14 144 128 16.7 5.1
"38" "38" 2015-01-17 22.64 "GSW" "@" "HOU" "W" 25 1 23.9333333333333 0.714 0.714 14.7 12.8 13.7 0 1.9 0 12.5 13.4 133 103 8.5 0.6
"39" "39" 2015-01-19 22.64 "GSW" "" "DEN" "W" 43 1 20.0666666666667 0.286 0.286 6.3 17.7 13 18.3 4.8 0 0 15.8 92 75 5.5 0.2
"40" "40" 2015-01-21 22.65 "GSW" "" "HOU" "W" 13 1 27.7 0.652 0.625 7.7 11.1 9.4 4.1 0 0 10.6 13.4 134 121 7 -2.7
"41" "41" 2015-01-23 22.65 "GSW" "" "SAC" "W" 25 1 22.6666666666667 0.317 0.286 9.6 14.1 11.9 5.2 2 0 11.3 15.6 81 101 3.1 -8.7
"42" "42" 2015-01-25 22.66 "GSW" "" "BOS" "W" 3 1 25.1333333333333 0.75 0.75 8.7 7.5 8 5.6 0 0 14.3 11.8 131 114 8.1 0.9
"43" "43" 2015-01-27 22.66 "GSW" "" "CHI" "L" -2 1 39.7333333333333 0.607 0.667 2.3 10.3 6.1 6.5 1.2 0 9.2 11.1 112 107 9.8 1.1
"44" "44" 2015-01-30 22.67 "GSW" "@" "UTA" "L" -10 1 20.2833333333333 0.333 0.333 0 5 2.5 0 2.4 0 14.3 15.1 58 116 0.1 -10.1
"45" "45" 2015-01-31 22.67 "GSW" "" "PHO" "W" 19 1 35.9833333333333 0.825 0.857 2.9 18.7 11.1 12 1.3 4.1 11.3 10.8 146 87 15.6 9.8
"46" "46" 2015-02-03 22.68 "GSW" "@" "SAC" "W" 25 1 23.9166666666667 0.563 0.563 4.8 24.5 14.5 0 0 0 11.1 15.9 105 104 5.4 -5.5
"47" "47" 2015-02-04 22.68 "GSW" "" "DAL" "W" 14 1 30.3833333333333 0.888 0.9 4.2 15.8 10.8 12.3 0 0 22.8 12.6 145 119 11.6 3.6
"48" "48" 2015-02-06 22.69 "GSW" "@" "ATL" "L" -8 1 30.1833333333333 0.5 0.5 3 8.8 5.4 8.5 1.6 0 7.7 16.7 107 126 6.7 -5.4
"49" "49" 2015-02-07 22.69 "GSW" "@" "NYK" "W" 14 1 26.35 0.888 0.9 0 3.6 2 24.5 4 0 12.9 13.4 164 103 13 11.3
"50" "50" 2015-02-09 22.7 "GSW" "@" "PHI" "W" 5 1 21.8833333333333 0.45 0.45 4.6 10 7.2 0 0 4 9.1 22.5 78 91 4.6 -4.2
"51" "51" 2015-02-11 22.7 "GSW" "@" "MIN" "W" 3 1 23.3166666666667 0.571 0.571 8.4 20.6 14.6 6.1 0 0 22.2 17 94 97 5.1 -2.1
"52" "52" 2015-02-20 22.73 "GSW" "" "SAS" "W" 11 1 28.1166666666667 0.727 0.727 8.3 11.9 10.2 0 1.8 0 0 18.1 141 107 14 5.8
"53" "53" 2015-02-22 22.73 "GSW" "@" "IND" "L" -6 1 28.7833333333333 0.273 0.273 9.6 12.8 11 5.8 1.8 0 0 17 78 112 3 -8.6
"54" "54" 2015-02-24 22.74 "GSW" "@" "WAS" "W" 7 1 30.6333333333333 0.458 0.458 0 9.2 4.2 8.4 0 0 7.7 19.1 87 111 4.8 -6.7
"55" "55" 2015-02-26 22.75 "GSW" "@" "CLE" "L" -11 1 28.2 0.506 0.55 9 17.9 12.5 15.9 1.7 0 15.5 19.2 95 114 7.6 0.4
"56" "56" 2015-02-27 22.75 "GSW" "@" "TOR" "W" 24 1 29.75 0.51 0.5 7.5 17.5 12.7 12.5 1.7 0 0 8.8 134 93 8.5 2.6
"57" "57" 2015-03-01 22.75 "GSW" "@" "BOS" "W" 5 1 30.0333333333333 0.571 0.536 11.8 10.5 11.1 0 0 0 6.3 22.6 121 109 11.4 1.6
"58" "58" 2015-03-02 22.76 "GSW" "@" "BRK" "L" -2 1 26.35 0.381 0.357 12.4 12.4 12.4 0 5.8 0 0 12.7 109 111 7.1 -1.2
"59" "59" 2015-03-04 22.76 "GSW" "" "MIL" "W" 9 1 31.5833333333333 0.381 0.429 4.3 13.2 9.4 4.7 1.6 0 20.2 15 67 102 2.3 -9.7
"60" "60" 2015-03-06 22.77 "GSW" "" "DAL" "W" 15 1 28.4833333333333 0.667 0.667 0 22.5 11.9 5.7 0 0 25 18.2 90 92 6.4 -1
"61" "61" 2015-03-08 22.77 "GSW" "" "LAC" "W" 8 1 33.9666666666667 0.363 0.292 0 29 14.9 0 4.5 0 6.8 20.2 72 97 6.4 -5.4
"62" "62" 2015-03-09 22.78 "GSW" "@" "PHO" "W" 18 1 31.8833333333333 0.483 0.375 7.5 6.7 7.1 4.9 0 0 9.7 14.2 105 92 5.5 -3.3
"63" "63" 2015-03-11 22.78 "GSW" "" "DET" "W" 7 1 22.7166666666667 0.833 0.833 5.3 16.6 11.6 5.3 0 0 40 9.9 98 105 4.3 -1
"64" "64" 2015-03-13 22.79 "GSW" "@" "DEN" "L" -11 1 24.1833333333333 0.254 0.143 4.1 25.4 13.7 10.7 2.1 0 20.2 17.9 58 115 1.3 -12.8
"65" "65" 2015-03-14 22.79 "GSW" "" "NYK" "W" 31 1 20.0666666666667 0.68 0.7 6.1 13.3 10.3 0 0 0 25.4 17.7 96 106 4.9 -8
"66" "66" 2015-03-16 22.79 "GSW" "" "LAL" "W" 3 1 23.2 0.564 0.438 4.9 5.2 5 12.2 2.1 3 0 18.7 127 111 10.3 3.2
"67" "67" 2015-03-18 22.8 "GSW" "" "ATL" "W" 19 1 28.4166666666667 0.901 0.923 4.3 10.3 7.7 6.6 1.7 0 6.7 22.7 154 101 20.6 12.1
"68" "68" 2015-03-20 22.81 "GSW" "" "NOP" "W" 16 1 19.7833333333333 0.768 0.731 0 6.2 2.9 0 2.6 0 0 32.1 152 104 17 12.8
"69" "69" 2015-03-21 22.81 "GSW" "" "UTA" "W" 15 1 28.4833333333333 0.6 0.6 0 17.7 9.4 5.7 0 0 9.1 18.6 106 110 7.5 -1.9
"70" "70" 2015-03-23 22.81 "GSW" "" "WAS" "W" 31 1 21.6666666666667 0.444 0.357 8.5 23.1 15.5 12.8 7 0 0 15.1 126 71 9.4 9.2
"71" "71" 2015-03-24 22.82 "GSW" "@" "POR" "W" 14 1 35.6833333333333 0.945 0.917 0 7.8 5 0 0 0 12.7 10.5 152 120 10.3 -1.4
"72" "72" 2015-03-27 22.82 "GSW" "@" "MEM" "W" 23 1 23.5833333333333 0.75 0.75 4.4 22 12.3 11 4.4 0 0 3.7 181 89 6.5 5.6
"73" "73" 2015-03-28 22.83 "GSW" "@" "MIL" "W" 13 1 26.0666666666667 0.637 0.625 0 20.8 12.7 0 1.8 0 16.4 20.4 102 93 7.4 -1.3
"74" "74" 2015-03-31 22.84 "GSW" "@" "LAC" "W" 4 1 24.7 0.063 0 0 31.6 16.2 10.2 0 0 0 14.1 32 110 -1.6 -12.4
"75" "75" 2015-04-02 22.84 "GSW" "" "PHO" "W" 1 1 23.75 0.25 0.25 3.8 9.2 6.3 15.6 0 0 0 14.2 82 112 1.8 -7.7
"76" "76" 2015-04-04 22.85 "GSW" "@" "DAL" "W" 13 1 27.7166666666667 0.509 0.455 10.2 25.3 17.5 15.1 6.6 0 13.6 20.8 110 94 13.2 4.7
"77" "77" 2015-04-05 22.85 "GSW" "@" "SAS" "L" -15 1 28 0.286 0.286 0 9.8 4 0 0 2.8 0 11.4 59 115 0 -9.8
"78" "78" 2015-04-07 22.85 "GSW" "@" "NOP" "L" -3 1 22.85 0.444 0.429 0 4.5 2.2 5.9 2.1 3.3 0 15 97 106 4.8 -1.4
"79" "79" 2015-04-09 22.86 "GSW" "" "POR" "W" 11 1 29.4833333333333 0.872 0.833 4.2 21.2 13.4 16.3 1.7 0 22.5 13.5 145 108 13.7 7.1
"80" "80" 2015-04-11 22.87 "GSW" "" "MIN" "W" 9 1 29.2666666666667 0.488 0.458 18.2 25.5 21.9 9.7 0 6 7 20.6 115 104 13.2 1.9
"81" "81" 2015-04-13 22.87 "GSW" "" "MEM" "W" 4 1 22.7666666666667 0.167 0.167 0 8.3 5.1 11.4 4.2 5.1 0 11.8 59 102 3.2 -1.4
"82" "82" 2015-04-15 22.88 "GSW" "" "DEN" "W" 7 1 17.35 0.75 0.75 12.3 23.1 17.1 8.3 0 0 0 18.8 160 124 10.6 3.7
"1" "1" 2015-10-27 23.41 "GSW" "" "NOP" "W" 16 1 32.7 0.311 0.292 16 13.7 14.8 12 1.5 0 7.2 16.2 98 98 6 -3.1
"2" "2" 2015-10-30 23.42 "GSW" "@" "HOU" "W" 20 1 26.4666666666667 0.551 0.5 0 18.9 9.4 10.7 0 0 0 17.6 120 97 9.1 0.5
"3" "3" 2015-10-31 23.42 "GSW" "@" "NOP" "W" 14 1 32.2333333333333 0.527 0.5 4.3 17.5 12.1 7.7 0 0 8.7 15.6 107 117 8.1 -5.7
"4" "4" 2015-11-02 23.43 "GSW" "" "MEM" "W" 50 1 20.15 0.592 0.4 5.5 7.2 6.6 24.9 2.4 0 12.9 16.6 131 74 9.4 6.4
"5" "5" 2015-11-04 23.43 "GSW" "" "LAC" "W" 4 1 35.65 0.833 0.75 6.7 21.9 14.6 12.5 0 2 16.4 14.8 146 112 17.3 8
"6" "6" 2015-11-06 23.44 "GSW" "" "DEN" "W" 15 1 30.9833333333333 0.733 0.692 3.3 12.4 8 4.6 1.4 0 0 18.3 150 100 17.5 4.9
"7" "7" 2015-11-07 23.44 "GSW" "@" "SAC" "W" 9 1 31.85 0.331 0.235 0 6.9 3.3 18.9 3 0 0 24.7 90 97 6.5 -3.9
"8" "8" 2015-11-09 23.45 "GSW" "" "DET" "W" 14 1 28.4333333333333 0.75 0.75 0 8.4 4.1 9.8 0 0 27.3 16.5 104 107 7 -0.9
"9" "9" 2015-11-11 23.45 "GSW" "@" "MEM" "W" 16 1 31.5666666666667 0.72 0.682 4 11.7 7.9 18 4.7 2.8 13.2 21.4 130 85 17.1 11.9
"10" "10" 2015-11-12 23.45 "GSW" "@" "MIN" "W" 13 1 34.6833333333333 0.485 0.5 7.3 6.6 6.9 3.5 1.4 1.8 6.5 20 98 121 8.4 -7.3
"11" "11" 2015-11-14 23.46 "GSW" "" "BRK" "W" 8 1 31.35 0.637 0.5 3.4 6.8 5.1 0 1.6 0 8.9 16.4 122 102 9.9 -1.9
"12" "12" 2015-11-17 23.47 "GSW" "" "TOR" "W" 5 1 32.0833333333333 0.7 0.7 4 12.1 8.1 3.9 0 0 0 6.7 148 117 5.8 -0.6
"13" "13" 2015-11-19 23.47 "GSW" "@" "LAC" "W" 7 1 35.1333333333333 0.7 0.7 4 18.2 12.1 5.3 0 0 6.3 20.3 126 122 15.9 1.2
"14" "14" 2015-11-20 23.48 "GSW" "" "CHI" "W" 12 1 31.8166666666667 0.678 0.654 3.9 22.8 14.8 5.3 1.6 0 6.3 22.7 134 99 17.1 8.8
"15" "15" 2015-11-22 23.48 "GSW" "@" "DEN" "W" 13 1 32.95 0.824 0.778 3.7 6.1 5 15.2 4.2 0 16.2 15.5 145 103 17.4 7.9
"16" "16" 2015-11-24 23.49 "GSW" "" "LAL" "W" 34 1 23.05 0.68 0.6 8.5 0 4.5 5.1 0 0 14.5 13.4 130 93 6 -1
"17" "17" 2015-11-27 23.5 "GSW" "@" "PHO" "W" 19 1 20.9166666666667 0.518 0.6 6.7 28.1 19.4 0 4.3 0 12.9 15.1 94 104 7 -1.7
"18" "" 2015-11-28 23.5 "GSW" "" "SAC" "W" 19 NA NA NA NA NA NA NA NA NA NA NA NA NA NA NA NA
"19" "" 2015-11-30 23.5 "GSW" "@" "UTA" "W" 3 NA NA NA NA NA NA NA NA NA NA NA NA NA NA NA NA
"20" "" 2015-12-02 23.51 "GSW" "@" "CHO" "W" 17 NA NA NA NA NA NA NA NA NA NA NA NA NA NA NA NA
"21" "" 2015-12-05 23.52 "GSW" "@" "TOR" "W" 3 NA NA NA NA NA NA NA NA NA NA NA NA NA NA NA NA
"22" "" 2015-12-06 23.52 "GSW" "@" "BRK" "W" 16 NA NA NA NA NA NA NA NA NA NA NA NA NA NA NA NA
"23" "" 2015-12-08 23.53 "GSW" "@" "IND" "W" 8 NA NA NA NA NA NA NA NA NA NA NA NA NA NA NA NA
"24" "" 2015-12-11 23.53 "GSW" "@" "BOS" "W" 5 NA NA NA NA NA NA NA NA NA NA NA NA NA NA NA NA
"25" "" 2015-12-12 23.54 "GSW" "@" "MIL" "L" -13 NA NA NA NA NA NA NA NA NA NA NA NA NA NA NA NA
"26" "" 2015-12-16 23.55 "GSW" "" "PHO" "W" 25 NA NA NA NA NA NA NA NA NA NA NA NA NA NA NA NA
"27" "" 2015-12-18 23.55 "GSW" "" "MIL" "W" 9 NA NA NA NA NA NA NA NA NA NA NA NA NA NA NA NA
"28" "" 2015-12-23 23.57 "GSW" "" "UTA" "W" 18 NA NA NA NA NA NA NA NA NA NA NA NA NA NA NA NA
"29" "" 2015-12-25 23.57 "GSW" "" "CLE" "W" 6 NA NA NA NA NA NA NA NA NA NA NA NA NA NA NA NA
"30" "" 2015-12-28 23.58 "GSW" "" "SAC" "W" 19 NA NA NA NA NA NA NA NA NA NA NA NA NA NA NA NA
"31" "" 2015-12-30 23.59 "GSW" "@" "DAL" "L" -23 NA NA NA NA NA NA NA NA NA NA NA NA NA NA NA NA
"32" "" 2015-12-31 23.59 "GSW" "@" "HOU" "W" 4 NA NA NA NA NA NA NA NA NA NA NA NA NA NA NA NA
"33" "" 2016-01-02 23.59 "GSW" "" "DEN" "W" 3 NA NA NA NA NA NA NA NA NA NA NA NA NA NA NA NA
"34" "18" 2016-01-04 23.6 "GSW" "" "CHO" "W" 10 0 19.6166666666667 0.571 0.571 0 5.8 3.1 13.9 0 3.8 0 17 117 109 6.7 0.5
"35" "19" 2016-01-05 23.6 "GSW" "@" "LAL" "W" 21 0 22.8166666666667 0.714 0.714 4.5 25 15.9 7.1 4.4 0 22.2 18 108 82 9.8 1.3
"36" "20" 2016-01-08 23.61 "GSW" "@" "POR" "W" 20 0 22.55 0.322 0.25 0 0 0 15.3 2.1 0 0 20.8 83 110 3.5 -7.8
"37" "21" 2016-01-09 23.61 "GSW" "@" "SAC" "W" 12 0 24.2 0.672 0.643 5.5 12.9 9.7 4.8 0 0 21.2 16.8 110 117 6.2 -4.9
"38" "22" 2016-01-11 23.62 "GSW" "" "MIA" "W" 8 0 26.9 0.51 0.4 3.8 18.2 11.2 5.3 1.8 0 7.8 21 104 104 8.7 -1.2
"39" "23" 2016-01-13 23.62 "GSW" "@" "DEN" "L" -2 0 31.3166666666667 0.503 0.471 3.6 6.8 5.2 4.9 3.1 0 0 25 105 114 11.7 -1.4
"40" "24" 2016-01-14 23.63 "GSW" "" "LAL" "W" 18 0 29.0666666666667 0.551 0.55 0 19.4 10.5 9.5 3.2 2.5 0 15.8 123 91 11.3 3.1
"41" "25" 2016-01-16 23.63 "GSW" "@" "DET" "L" -18 1 29.8333333333333 0.227 0.227 0 9.7 4.6 10.5 0 0 0 15.2 61 121 -0.4 -10.2
"42" "26" 2016-01-18 23.64 "GSW" "@" "CLE" "W" 34 1 27.4166666666667 0.676 0.625 0 9 4.8 0 0 0 18.4 18.2 101 109 6.2 -4.5
"43" "27" 2016-01-20 23.64 "GSW" "@" "CHI" "W" 31 1 32.6 0.731 0.731 3.3 5 4.2 3.9 0 0 7.1 18.1 130 103 13.7 1.6
"44" "28" 2016-01-22 23.65 "GSW" "" "IND" "W" 12 1 35.3333333333333 0.265 0.2 12.6 18.6 15.9 16.9 0 0 8.1 14.2 96 110 4.8 -6.9
"45" "29" 2016-01-25 23.66 "GSW" "" "SAS" "W" 30 1 21 0.333 0.333 0 5.2 2.8 11.6 0 0 25 15.6 64 96 -2.1 -12.8
"46" "30" 2016-01-27 23.66 "GSW" "" "DAL" "W" 20 1 27.6833333333333 0.658 0.611 5.3 4.2 4.7 9 1.9 0 0 17.3 144 118 12.1 1.7
"47" "31" 2016-01-30 23.67 "GSW" "@" "PHI" "W" 3 1 34.3833333333333 0.5 0.5 6.3 10.5 8.6 6.7 2.7 0 0 12.9 117 102 10.9 1.7
"48" "32" 2016-01-31 23.67 "GSW" "@" "NYK" "W" 21 1 31.0666666666667 0.438 0.438 4.8 5.8 5.5 4.1 0 0 11.1 13.8 86 106 2.4 -8.7
"49" "33" 2016-02-03 23.68 "GSW" "@" "WAS" "W" 13 1 34.6833333333333 0.524 0.5 0 9.9 4.8 3.3 1.2 0 14.9 15 91 112 6.1 -6.8
"50" "34" 2016-02-06 23.69 "GSW" "" "OKC" "W" 8 1 35.9666666666667 0.638 0.679 5.2 5.9 5.6 0 0 0 0 17.1 131 114 12 2.6
"51" "35" 2016-02-09 23.7 "GSW" "" "HOU" "W" 13 1 31.7333333333333 0.764 0.75 10.3 12.6 11.5 9.5 0 0 7.4 17.3 150 116 17.1 8.4
"52" "36" 2016-02-10 23.7 "GSW" "@" "PHO" "W" 8 1 30.7833333333333 0.364 0.364 3.2 15 9.4 4.8 0 2.2 15.4 17.7 68 102 1.5 -10.3
"53" "37" 2016-02-19 23.73 "GSW" "@" "POR" "L" -32 1 28.7666666666667 0.563 0.5 3.1 8.1 5.3 15.3 0 0 0 6 143 131 6.4 -2.3
"54" "38" 2016-02-20 23.73 "GSW" "@" "LAC" "W" 3 1 28.95 0.922 0.938 4.1 13.8 9.4 5.2 0 0 0 15.1 176 118 15.8 8.3
"55" "39" 2016-02-22 23.73 "GSW" "@" "ATL" "W" 10 1 29.6 0.788 0.813 0 14.4 7.2 5.2 1.6 0 10.1 14.9 124 98 11.1 4
"56" "40" 2016-02-24 23.74 "GSW" "@" "MIA" "W" 6 1 27.5 0.671 0.667 11.9 7.8 9.8 4.7 1.7 0 10.9 14.1 134 114 9.4 3
"57" "41" 2016-02-25 23.74 "GSW" "@" "ORL" "W" 16 1 33.6 0.484 0.5 7.7 10.2 9 3 0 0 8.8 14.1 102 114 6.1 -6
"58" "42" 2016-02-27 23.75 "GSW" "@" "OKC" "W" 3 1 33.7666666666667 0.333 0.333 0 3.6 1.7 3.9 0 2.2 0 12.1 70 116 1.4 -8.7
"59" "43" 2016-03-01 23.76 "GSW" "" "ATL" "W" 4 1 41.2833333333333 0.5 0.5 14.5 6.4 11 7.7 0 0 14.3 14.8 108 115 8.6 -5.3
"60" "44" 2016-03-03 23.76 "GSW" "" "OKC" "W" 15 1 31.1833333333333 0.636 0.636 0 22.9 12.5 20.4 1.6 0 8.3 17.7 121 107 14.3 5.9
"61" "45" 2016-03-06 23.77 "GSW" "@" "LAL" "L" -17 1 28.5166666666667 0.296 0.25 3.4 16.4 9.4 0 0 0 10.6 13.1 66 118 0.7 -12.1
"62" "46" 2016-03-07 23.77 "GSW" "" "ORL" "W" 6 1 31.3666666666667 0.361 0.25 3.6 3.1 3.3 3.9 1.4 0 0 14.1 91 111 4.3 -7.2
"63" "47" 2016-03-09 23.78 "GSW" "" "UTA" "W" 21 1 29.4166666666667 0.237 0.25 4.4 18.5 12.1 10.9 0 0 10.6 14.9 73 105 1.3 -11.2
"64" "48" 2016-03-11 23.78 "GSW" "" "POR" "W" 16 1 29.85 0.465 0.25 6.7 13.7 10.2 8.4 0 3.2 11.7 12 114 120 5.9 -5.8
"65" "49" 2016-03-12 23.79 "GSW" "" "PHO" "W" 7 1 35.0833333333333 0.508 0.429 6.1 21.8 13.8 14.4 0 0 11.3 11.4 118 120 7.6 -5.2
"66" "50" 2016-03-14 23.79 "GSW" "" "NOP" "W" 18 1 31.85 0.51 0.4 0 8.2 5.3 13.7 3.1 2.2 0 8.1 138 109 8.9 3.5
"67" "51" 2016-03-16 23.8 "GSW" "" "NYK" "W" 36 1 31.5833333333333 0.457 0.286 11.7 8.6 9.9 3.5 0 0 10.2 13.7 114 99 6.2 -6.8
"68" "52" 2016-03-18 23.8 "GSW" "@" "DAL" "W" 18 1 36.2333333333333 0.658 0.615 3.3 11 7.5 6.8 1.3 2.1 0 17.8 136 111 17.5 2.4
"69" "53" 2016-03-19 23.81 "GSW" "@" "SAS" "L" -8 1 30.1666666666667 0.4 0.4 0 7.2 3.5 18.2 3.7 0 9.1 18.2 79 101 3.9 -1.6
"70" "54" 2016-03-21 23.81 "GSW" "@" "MIN" "W" 5 1 31.3 0.429 0.429 3.8 22.4 13.3 8 1.6 0 0 9.5 111 110 6.8 -4.3
"71" "55" 2016-03-23 23.82 "GSW" "" "LAC" "W" 16 1 37.3 0.431 0.364 0 16.4 8 7.3 0 0 7.3 15.9 92 107 6.3 -3.8
"72" "56" 2016-03-25 23.82 "GSW" "" "DAL" "W" 8 1 33.9833333333333 0.5 0.5 9.9 11.8 10.9 7.9 0 0 0 14.8 122 131 8.8 -8.3
"73" "57" 2016-03-27 23.83 "GSW" "" "PHI" "W" 12 1 32.35 0.506 0.444 0 6.5 3.7 3.9 1.5 0 0 13.4 109 111 7.6 -5.2
"74" "58" 2016-03-29 23.83 "GSW" "" "WAS" "W" 8 1 34.7666666666667 0.589 0.545 5.8 17.6 12.1 9.3 1.3 0 7.8 15.7 116 92 12.8 2
"75" "59" 2016-03-30 23.84 "GSW" "@" "UTA" "W" 7 1 42.1666666666667 0.447 0.433 2.7 23.7 13.8 4 0 0 0 18.3 98 94 9.7 -0.4
"76" "60" 2016-04-01 23.84 "GSW" "" "BOS" "L" -3 1 34.9666666666667 0.636 0.636 10 15.6 12.9 17.6 1.4 0 8.3 14.9 134 112 13.9 5.3
"77" "61" 2016-04-03 23.85 "GSW" "" "POR" "W" 25 1 32.9666666666667 0.833 0.833 0 16.9 9.1 0 0 0 0 8 165 117 8.1 -0.8
"78" "62" 2016-04-05 23.85 "GSW" "" "MIN" "L" -7 1 35.1166666666667 0.909 0.909 7 10.5 8.8 0 0 0 8.3 14.5 151 116 16 6.2
"79" "63" 2016-04-07 23.86 "GSW" "" "SAS" "W" 11 1 32.6666666666667 0.756 0.731 4.3 25.1 15.7 4.4 0 0 17.8 24.1 116 110 14.4 2.6
"80" "64" 2016-04-09 23.86 "GSW" "@" "MEM" "W" 1 1 30.4833333333333 0.636 0.636 0 5.4 3.1 5.3 0 0 0 16.7 126 114 8.4 -0.4
"81" "65" 2016-04-10 23.87 "GSW" "@" "SAS" "W" 6 1 33.2833333333333 0.383 0.35 0 7.6 4.4 9.7 0 0 7.8 18.8 79 103 3.3 -4.4
"82" "66" 2016-04-13 23.87 "GSW" "" "MEM" "W" 21 1 30.5166666666667 0.689 0.7 0 18.1 10.4 4.3 0 0 15.5 18.2 111 107 9.7 -4.2
"1" "1" 2016-10-26 24.41 "DAL" "@" "IND" "L" -9 1 34.6833333333333 0.679 0.679 8.5 19.5 13.6 0 0 0 12.5 19.3 117 118 13.1 -1.2
"2" "2" 2016-10-28 24.41 "DAL" "" "HOU" "L" -8 1 38.8333333333333 0.637 0.609 2.9 15 8.2 6.5 1.3 0 3.9 31.4 124 117 21.9 6.2
"3" "3" 2016-10-30 24.42 "DAL" "@" "HOU" "L" -1 1 38.4333333333333 0.392 0.273 0 16 6.9 0 0 0 0 15.4 89 106 4.2 -7.9
"4" "4" 2016-11-02 24.43 "DAL" "@" "UTA" "L" -16 1 35.7 0.504 0.462 0 7.3 3.5 5.4 0 2.6 6.7 21.4 96 113 7.9 -2.1
"5" "5" 2016-11-04 24.43 "DAL" "" "POR" "L" -10 1 35.2666666666667 0.5 0.5 6.5 24.7 15.8 0 0 0 10.5 24.9 91 111 8.9 -4.7
"6" "6" 2016-11-06 24.44 "DAL" "" "MIL" "W" 11 1 48.3833333333333 0.585 0.538 6.3 12.2 9 11.7 2.2 0 3.3 30.4 121 78 26.6 12.7
"7" "7" 2016-11-08 24.44 "DAL" "@" "LAL" "W" 12 1 39.5166666666667 0.706 0.639 0 6.6 3.3 8.2 0 0 4.4 28 140 116 22.2 0.9
"8" "8" 2016-11-09 24.45 "DAL" "@" "GSW" "L" -21 1 33.7833333333333 0.531 0.425 6 25.1 14 6.3 0 0 0 31.7 121 132 17.7 1.6
"9" "9" 2016-11-14 24.46 "DAL" "@" "NYK" "L" -16 1 35.1666666666667 0.509 0.471 0 9.5 4.5 6.5 1.6 2.6 13.3 31 91 109 10.4 -1.2
"10" "10" 2016-11-16 24.47 "DAL" "@" "BOS" "L" -7 1 40.95 0.534 0.5 0 5.9 2.8 5.9 2.6 0 7.1 34.3 98 103 14.9 0.9
"11" "11" 2016-11-18 24.47 "DAL" "" "MEM" "L" -16 1 33.55 0.391 0.294 2.8 20.4 10.8 0 0 0 17.2 33.3 69 96 3.6 -5.7
"12" "12" 2016-11-19 24.47 "DAL" "@" "ORL" "L" -8 1 38.5333333333333 0.362 0.269 2.8 16 8.9 16.8 2.6 0 0 18.6 87 100 8.2 -2.4
"13" "13" 2016-11-21 24.48 "DAL" "@" "SAS" "L" -5 1 42.0166666666667 0.506 0.5 11.1 15 13 4.6 0 2.1 13.2 26.1 99 112 11.7 -3.6
"14" "14" 2016-11-23 24.48 "DAL" "" "LAC" "L" -20 1 30.45 0.579 0.579 0 15.8 7.2 7.1 1.6 0 5 29.2 107 127 14.2 -0.1
"15" "15" 2016-11-25 24.49 "DAL" "@" "CLE" "L" -38 1 30.4666666666667 0.462 0.462 9.6 8.5 9.2 0 0 0 0 18.7 100 138 8 -7.4
"16" "16" 2016-11-27 24.5 "DAL" "" "NOP" "W" 10 1 41.1166666666667 0.446 0.396 0 18.2 9.3 21.7 2.7 0 3.7 31.9 99 92 14.9 1.1
"17" "17" 2016-11-30 24.5 "DAL" "" "SAS" "L" -7 1 40.1666666666667 0.567 0.567 2.8 3.3 3 5.1 1.4 2.3 11.8 21.6 102 113 11.1 0.1
"18" "18" 2016-12-01 24.51 "DAL" "@" "CHO" "L" -10 1 37.6833333333333 0.425 0.425 2.9 28.3 14.3 5.8 2.8 0 4.8 25.5 86 102 10.6 0.5
"19" "19" 2016-12-03 24.51 "DAL" "" "CHI" "W" 25 1 37.2333333333333 0.503 0.476 8.6 6.4 7.6 4.5 1.5 0 0 26.9 114 98 14.9 -0.8
"20" "20" 2016-12-05 24.52 "DAL" "" "CHO" "L" -8 1 38.25 0.602 0.524 9.5 10.8 10 10.3 1.4 0 0 29.1 131 119 22.8 6.5
"21" "21" 2016-12-07 24.52 "DAL" "" "SAC" "L" -31 1 32.35 0.326 0.313 6.9 8 7.4 6 0 0 22.9 30.4 58 128 -2.1 -19
"22" "22" 2016-12-09 24.53 "DAL" "" "IND" "W" 8 1 36.25 0.666 0.676 6.8 20.7 13.1 10.3 0 0 0 25.2 136 120 19.8 4.7
"23" "23" 2016-12-10 24.53 "DAL" "@" "HOU" "L" -22 1 32.0333333333333 0.658 0.577 6.8 8.3 7.5 7 1.7 0 11.6 27.4 120 128 14.6 2.5
"24" "24" 2016-12-12 24.54 "DAL" "" "DEN" "W" 20 1 32.2666666666667 0.639 0.545 4.8 6.5 5.8 4.1 1.8 0 12.4 26.2 122 115 13.3 -4.3
"25" "25" 2016-12-14 24.54 "DAL" "" "DET" "L" -10 1 37.05 0.528 0.528 5.6 11.4 8.1 12.7 2.9 0 10 27 97 109 13.7 1.1
"26" "26" 2016-12-16 24.55 "DAL" "@" "UTA" "L" -3 1 37 0.477 0.477 3.2 9.3 5.7 17.7 3.1 0 4.3 32.3 100 122 13.2 -2.1
"27" "27" 2016-12-18 24.55 "DAL" "" "SAC" "W" 20 1 29.5333333333333 0.425 0.367 11.6 22.2 17 12.6 5.4 3.6 0 29.4 102 79 14.7 5.6
"28" "28" 2016-12-19 24.56 "DAL" "@" "DEN" "L" -10 1 34.0166666666667 0.633 0.633 0 8.8 4 4.7 1.6 0 6.3 23.5 115 130 12.6 -2.4
"29" "29" 2016-12-21 24.56 "DAL" "@" "POR" "W" 1 1 36.4333333333333 0.549 0.455 3 21.4 11.4 0 0 0 0 32.6 119 111 17.9 0.9
"30" "30" 2016-12-23 24.57 "DAL" "@" "LAC" "W" 2 1 38.3666666666667 0.591 0.579 5.1 14.7 9 5.4 1.4 2.8 12.9 27.6 106 101 16.3 1.8
"31" "31" 2016-12-26 24.58 "DAL" "@" "NOP" "L" -7 1 36.6333333333333 0.504 0.464 0 27.8 12.6 4.5 0 0 11.8 23.4 86 128 8 -9.2
"32" "32" 2016-12-27 24.58 "DAL" "" "HOU" "L" -16 1 31.85 0.563 0.469 0 12.6 5.3 5.9 0 0 0 26.3 122 136 13.4 -3.8
"33" "33" 2016-12-29 24.58 "DAL" "@" "LAL" "W" 12 1 36.2666666666667 0.453 0.382 7.2 23.8 15.7 17.6 1.5 0 9.6 28 104 103 12.4 -3.3
"34" "34" 2016-12-30 24.59 "DAL" "@" "GSW" "L" -9 1 27.6166666666667 0.694 0.694 0 15.8 6.3 8.7 3.6 3.4 5.3 30.1 124 108 20.1 15.3
"35" "35" 2017-01-03 24.6 "DAL" "" "WAS" "W" 8 1 34.9666666666667 0.592 0.5 0 21.4 12 26.4 0 2.2 8.3 32.7 116 106 18.5 1.8
"36" "36" 2017-01-05 24.6 "DAL" "" "PHO" "L" -7 1 38.9833333333333 0.644 0.615 5.9 11.7 8.8 9.4 1.4 1.8 0 18.8 138 117 18.4 4.6
"37" "37" 2017-01-07 24.61 "DAL" "" "ATL" "L" -15 1 30.0666666666667 0.661 0.667 6.8 7.8 7.3 0 3.5 0 0 25.3 127 105 16.5 11.1
"38" "38" 2017-01-09 24.61 "DAL" "@" "MIN" "L" -9 1 33.9833333333333 0.652 0.652 0 9.7 4.2 8 0 0 4.2 35.3 114 117 18.2 6.4
"39" "39" 2017-01-12 24.62 "DAL" "@" "PHO" "W" 5 1 36.4833333333333 0.615 0.618 3.1 10.7 6.7 22 2.8 2.2 0 22.3 133 115 20.7 6.2
"40" "40" 2017-01-15 24.63 "DAL" "" "MIN" "W" 11 1 31.6833333333333 0.385 0.375 0 10.1 5.3 0 1.7 2.6 5.6 28.1 72 100 4.6 -10.3
"41" "41" 2017-01-17 24.64 "DAL" "@" "CHI" "W" 1 1 38.15 0.559 0.529 3.3 9.2 6.4 4.7 0 0 10.1 25.5 99 113 10.8 -3.6
"42" "42" 2017-01-19 24.64 "DAL" "@" "MIA" "L" -4 1 34.2 0.519 0.5 7.2 20.6 13.5 10.3 1.6 0 6.5 22.6 108 110 12.3 1.6
"43" "43" 2017-01-20 24.64 "DAL" "" "UTA" "L" -5 1 39.6 0.51 0.469 2.8 10.9 7 4.5 0 2.2 9.7 24.8 97 115 11.1 -0.2
"44" "44" 2017-01-22 24.65 "DAL" "" "LAL" "W" 49 1 26.6666666666667 0.25 0.25 9 13.2 11.1 9.6 0 0 7.7 22.2 76 87 1.5 -14.1
"45" "45" 2017-01-25 24.66 "DAL" "" "NYK" "W" 8 1 36.75 0.636 0.533 3 11.1 7.2 4.6 2.8 0 10 26.1 119 103 18.3 1.9
"46" "46" 2017-01-26 24.66 "DAL" "@" "OKC" "L" -11 1 38.55 0.567 0.538 0 7.1 3.2 11.4 1.3 0 0 33.4 118 120 20.2 3.3
"47" "47" 2017-01-29 24.67 "DAL" "@" "SAS" "W" 4 1 35.4 0.455 0.425 2.9 6.8 4.7 9.6 0 0 0 28.3 98 112 10.5 -3.9
"48" "48" 2017-01-30 24.67 "DAL" "" "CLE" "W" 7 1 36.7666666666667 0.629 0.563 8.7 21.2 14.3 14.4 1.4 0 13.6 28 120 107 19.2 3.5
"49" "49" 2017-02-01 24.68 "DAL" "" "PHI" "W" 18 1 31.7666666666667 0.54 0.5 6.2 18.4 11.8 4.9 3.2 0 6.7 20.6 115 100 12.1 -0.2
"50" "50" 2017-02-03 24.68 "DAL" "@" "POR" "W" 4 1 37.6166666666667 0.464 0.464 0 19.4 11.2 9 1.4 0 0 19.8 97 114 9.7 -3.4
"51" "51" 2017-02-06 24.69 "DAL" "@" "DEN" "L" -23 1 34.0833333333333 0.545 0.545 0 15.6 7.2 11 0 0 15.4 19 87 124 6.9 -6.6
"52" "52" 2017-02-07 24.69 "DAL" "" "POR" "L" -1 1 37.6666666666667 0.577 0.553 0 13.9 7.5 0 2.8 0 8.2 32.5 102 120 16.2 -3.6
"53" "53" 2017-02-09 24.7 "DAL" "" "UTA" "W" 7 1 42.8666666666667 0.672 0.65 0 11.8 6.2 4.2 0 0 4.2 27.3 128 112 20.7 3.5
"54" "54" 2017-02-11 24.7 "DAL" "" "ORL" "W" 32 1 30.1166666666667 0.308 0.308 11.7 3.2 7 8.3 0 0 7.1 20.7 84 96 2.5 -13.3
"55" "55" 2017-02-13 24.71 "DAL" "" "BOS" "L" -13 1 35.3666666666667 0.522 0.5 0 10.2 5.2 16 1.5 2.9 9.9 27.4 96 119 12.1 0.3
"56" "56" 2017-02-15 24.72 "DAL" "@" "DET" "L" -7 1 37.3 0.474 0.438 2.5 12 6.8 5 0 0 0 21.1 96 109 9.4 -4.7
"57" "57" 2017-02-24 24.74 "DAL" "@" "MIN" "L" -13 1 37.2666666666667 0.559 0.559 9 10.7 9.8 5.5 2.8 0 14.4 26.4 100 107 13.2 1.7
"58" "58" 2017-02-25 24.74 "DAL" "" "NOP" "W" 13 1 33.75 0.582 0.533 3.3 6.3 4.8 10.9 4.5 0 15.5 26.9 100 86 12.4 2.7
"59" "59" 2017-02-27 24.75 "DAL" "" "MIA" "W" 7 1 36.1 0.581 0.5 3.1 9.1 6.1 6.3 0 0 0 27.7 127 109 17.3 3.9
"60" "60" 2017-03-01 24.75 "DAL" "@" "ATL" "L" -5 1 38.1666666666667 0.602 0.553 0 18.6 7.5 21.2 2.8 0 12.6 29.1 114 110 17.9 4.6
"61" "61" 2017-03-03 24.76 "DAL" "" "MEM" "W" 4 1 36.7 0.523 0.433 3.3 5.9 4.7 4.2 1.4 0 0 22.1 114 110 12.5 -0.3
"62" "62" 2017-03-05 24.76 "DAL" "" "OKC" "W" 15 1 33.6333333333333 0.485 0.357 10.4 6.3 8.3 12.3 0 0 0 24.7 115 101 13.2 0.4
"63" "63" 2017-03-07 24.77 "DAL" "" "LAL" "W" 11 1 34.6 0.444 0.429 3.6 15.1 9.8 7.6 0 0 16 24.7 84 117 6 -12.5
"64" "64" 2017-03-10 24.78 "DAL" "" "BRK" "W" 9 1 37.3666666666667 0.61 0.533 3.4 14.6 9.4 0 0 0 14.9 24.6 106 104 12.1 -1.6
"65" "65" 2017-03-11 24.78 "DAL" "" "PHO" "L" -2 1 36.35 0.519 0.313 8.8 12.3 10.5 6.2 0 0 4.3 29.7 116 109 16 -0.8
"66" "66" 2017-03-13 24.79 "DAL" "@" "TOR" "L" -22 1 35.85 0.52 0.469 2.5 3.7 3 6.2 0 5.1 0 23.7 105 118 11.5 1.8
"67" "67" 2017-03-15 24.79 "DAL" "@" "WAS" "W" 5 1 39.55 0.652 0.656 0 27.3 13.3 8.7 0 0 15.1 24.1 106 114 15.1 -0.7
"68" "68" 2017-03-17 24.8 "DAL" "@" "PHI" "L" -42 1 24.4666666666667 0.286 0.286 0 25.8 11 7.5 2 0 0 12.9 60 116 2.3 -8.7
"69" "69" 2017-03-19 24.8 "DAL" "@" "BRK" "W" 7 1 35.6166666666667 0.598 0.567 4 16.8 10.9 8.9 0 0 11.2 24.8 109 116 12.1 -3.9
"70" "70" 2017-03-21 24.81 "DAL" "" "GSW" "L" -25 1 33.95 0.23 0.2 2.6 14.1 6.7 9.4 1.5 0 0 14.2 64 120 1.6 -10.3
"71" "71" 2017-03-23 24.81 "DAL" "" "LAC" "W" 2 1 37.9 0.556 0.528 0 6.5 3.2 0 2.7 0 9.6 26.7 92 104 11.8 -2.5
"72" "72" 2017-03-25 24.82 "DAL" "" "TOR" "L" -8 1 37.3166666666667 0.573 0.471 2.9 19.3 10.7 12.4 3 0 0 25.1 128 107 20.2 8.5
"73" "73" 2017-03-27 24.82 "DAL" "" "OKC" "L" -1 1 36.55 0.336 0.321 2.9 3.1 3 0 1.4 0 6.3 20.4 67 106 2 -10.1
"74" "74" 2017-03-29 24.83 "DAL" "@" "NOP" "L" -3 1 33.9833333333333 0.552 0.467 10.3 17.2 13.8 11.9 0 0 5.5 24.8 123 133 14.4 -1.3
"75" "75" 2017-03-31 24.84 "DAL" "@" "MEM" "L" -9 1 37.6333333333333 0.4 0.4 2.8 9.6 6 5.3 2.9 0 0 13.4 89 113 6.1 -4.5
"76" "76" 2017-04-02 24.84 "DAL" "@" "MIL" "W" 4 1 38.9 0.891 0.808 0 8.2 3.9 0 1.4 0 14.7 26.6 144 118 23.3 5.3
"77" "77" 2017-04-04 24.85 "DAL" "@" "SAC" "L" -11 1 28.1 0.506 0.45 0 8.1 3.8 6.8 0 0 0 18.2 105 114 6.9 -5.1
"78" "78" 2017-04-05 24.85 "DAL" "@" "LAC" "L" -11 1 35.1666666666667 0.54 0.5 3 10.8 6.5 9.2 0 0 17.8 21 95 119 6.3 -5.6
"79" "79" 2017-04-07 24.85 "DAL" "" "SAS" "L" -13 1 17.5666666666667 0.581 0.583 0 5.1 2.7 9.2 0 0 12.7 21.4 97 116 4.6 -2.5
"80" "" 2017-04-09 24.86 "DAL" "@" "PHO" "L" -13 NA NA NA NA NA NA NA NA NA NA NA NA NA NA NA NA
"81" "" 2017-04-11 24.87 "DAL" "" "DEN" "L" -18 NA NA NA NA NA NA NA NA NA NA NA NA NA NA NA NA
"1" "1" 2017-10-18 25.39 "DAL" "" "ATL" "L" -6 1 38.05 0.413 0.231 2.8 16.5 9.7 11.1 1.3 0 10.5 21.7 91 118 9.3 -7.4
"2" "2" 2017-10-20 25.39 "DAL" "" "SAC" "L" -5 1 38.8166666666667 0.546 0.5 2.6 8.2 5.3 5.9 0 0 4.4 29.5 107 114 13.5 -2.9
"3" "3" 2017-10-21 25.39 "DAL" "@" "HOU" "L" -16 1 30.75 0.382 0.324 8.7 7.6 8.2 13.5 1.6 0 14.1 31 77 112 5.8 -6.4
"4" "4" 2017-10-23 25.4 "DAL" "" "GSW" "L" -30 1 31.05 0.398 0.4 8.6 16.3 11.8 16.1 1.5 0 5.8 22.1 93 131 9.5 -2.7
"5" "5" 2017-10-25 25.41 "DAL" "" "MEM" "W" 9 1 38.0333333333333 0.442 0.346 0 20.5 10.7 12.2 0 0 5.6 23.2 94 106 8.8 -5.2
"6" "6" 2017-10-26 25.41 "DAL" "@" "MEM" "L" -5 1 37.4166666666667 0.516 0.475 7 23.3 14.3 6.3 0 0 4.5 24.5 112 106 15.4 2.5
"7" "7" 2017-10-28 25.41 "DAL" "" "PHI" "L" -2 1 37.65 0.735 0.735 0 12.4 6.8 0 1.4 0 10.5 24.4 115 121 16.9 3.4
"8" "8" 2017-10-30 25.42 "DAL" "@" "UTA" "L" -15 1 30.5 0.273 0.273 0 28.2 14.3 5.4 0 0 15.4 19.5 54 112 -0.1 -11.2
"9" "9" 2017-11-01 25.42 "DAL" "@" "LAC" "L" -21 1 30.7166666666667 0.589 0.591 0 17.4 7.2 12.2 3.1 0 14.4 19.4 101 118 9.7 -0.6
"10" "10" 2017-11-03 25.43 "DAL" "" "NOP" "L" -5 1 38.6333333333333 0.607 0.559 0 15.9 7.5 16.3 1.2 2.1 4.5 24.7 121 98 19.5 8.5
"11" "11" 2017-11-04 25.43 "DAL" "@" "MIN" "L" -13 1 29.5166666666667 0.654 0.654 3.6 14.3 8.2 12.1 0 0 13.3 22.7 115 121 11.3 1.6
"12" "12" 2017-11-07 25.44 "DAL" "@" "WAS" "W" 14 1 39.4166666666667 0.72 0.667 5.2 18.9 11.9 4.1 1.2 2.4 12.2 26.9 128 101 24.1 6.3
"13" "13" 2017-11-11 25.45 "DAL" "" "CLE" "L" -7 1 39.4166666666667 0.554 0.526 2.3 31.2 15.4 4.3 0 0 12.6 26 98 110 13.4 -2.3
"14" "14" 2017-11-12 25.45 "DAL" "@" "OKC" "L" -13 1 35.0666666666667 0.739 0.714 6.1 45.6 22.8 5.5 0 0 21.2 22.5 116 118 16.8 3.4
"15" "15" 2017-11-14 25.46 "DAL" "" "SAS" "L" -6 1 37.6166666666667 0.429 0.313 5.8 17.8 11.7 9.6 4 0 9.7 25.3 88 98 10.8 -1
"16" "16" 2017-11-17 25.47 "DAL" "" "MIN" "L" -24 1 33.65 0.483 0.406 5.9 13.9 9.6 0 1.6 0 5.1 26.8 101 122 11 -0.7
"17" "17" 2017-11-18 25.47 "DAL" "" "MIL" "W" 32 1 32.9 0.66 0.545 0 20.4 11.7 4.8 1.6 0 22.7 24.9 102 85 10.9 -1.1
"18" "18" 2017-11-20 25.48 "DAL" "" "BOS" "L" -8 1 40.7 0.61 0.5 0 18.6 8 10 0 2.7 7.3 30.8 117 106 22.2 7.8
"19" "19" 2017-11-22 25.48 "DAL" "@" "MEM" "W" 1 1 34.85 0.519 0.5 5.5 23 13.5 5.2 0 0 4.5 28.8 100 99 14.3 0.4
"20" "20" 2017-11-25 25.49 "DAL" "" "OKC" "W" 16 1 32.5333333333333 0.466 0.417 7.6 34.3 21.6 14.9 1.6 0 18.9 24.2 92 88 9.3 -4.1
"21" "21" 2017-11-27 25.5 "DAL" "@" "SAS" "L" -7 1 35.7166666666667 0.391 0.25 3.1 23.5 13 14.5 0 0 10.7 24.2 85 121 7.2 -8.3
"22" "22" 2017-11-29 25.5 "DAL" "" "BRK" "L" -5 1 36.3333333333333 0.629 0.5 0 20.7 11 24.5 2.7 0 6.9 18.4 132 106 18.8 6.4
"23" "23" 2017-12-02 25.51 "DAL" "" "LAC" "W" 26 1 29.3333333333333 0.353 0.25 7.8 26.2 17.8 10 0 0 8.1 19.1 97 91 5.6 -5.5
"24" "24" 2017-12-04 25.52 "DAL" "" "DEN" "W" 17 1 36.2833333333333 0.569 0.528 0 25.4 14.5 10.7 0 0 4.9 26.8 113 112 16.7 -2.6
"25" "25" 2017-12-06 25.52 "DAL" "@" "BOS" "L" -7 1 32.9833333333333 0.567 0.533 2.9 18.2 10.4 19.5 0 0 0 23.8 119 107 15.9 5.2
"26" "26" 2017-12-08 25.53 "DAL" "@" "MIL" "L" -7 1 36.9 0.48 0.412 3.5 23.3 13.7 20.1 0 0 9.6 27.7 98 119 12.5 -2.9
"27" "27" 2017-12-10 25.53 "DAL" "@" "MIN" "L" -5 1 32.1333333333333 0.615 0.6 7.1 4.1 5.7 11.9 1.7 0 6.1 25.9 118 112 14.4 4.7
"28" "28" 2017-12-12 25.54 "DAL" "" "SAS" "W" 6 1 34.65 0.5 0.5 0 16.3 8.5 0 4.5 0 5.6 24.9 93 91 12.1 2.6
"29" "29" 2017-12-14 25.54 "DAL" "@" "GSW" "L" -15 1 32.55 0.405 0.361 16.4 10.9 14.3 10.5 1.6 0 9.2 31.9 90 122 9.5 -6.9
"30" "30" 2017-12-16 25.55 "DAL" "@" "SAS" "L" -2 1 36.8166666666667 0.392 0.318 0 9.1 5 7.4 1.5 2.1 0 17.9 87 110 5.9 -5.4
"31" "31" 2017-12-18 25.55 "DAL" "" "PHO" "L" -6 1 35.2333333333333 0.606 0.595 0 6.6 3 24 1.4 2.5 4.5 27.7 113 101 19.1 9.4
"32" "32" 2017-12-20 25.56 "DAL" "" "DET" "W" 17 1 31.0666666666667 0.709 0.633 0 27.7 14.4 11.2 1.7 0 10.2 31.7 127 102 20.2 7.7
"33" "33" 2017-12-22 25.56 "DAL" "@" "MIA" "L" -12 1 32.1833333333333 0.581 0.567 4.1 7.1 5.2 11.4 0 0 5.5 30.9 111 140 12.9 -6.2
"34" "34" 2017-12-23 25.57 "DAL" "@" "ATL" "L" -5 1 34.5166666666667 0.483 0.476 0 19.2 8.2 14.3 0 0 0 31.2 101 126 13 -6.7
"35" "35" 2017-12-26 25.58 "DAL" "" "TOR" "W" 5 1 35.6166666666667 0.542 0.5 10.2 14.4 12.4 8.4 0 0 21.3 22.2 98 103 10.5 -1
"36" "36" 2017-12-27 25.58 "DAL" "@" "IND" "W" 4 1 30.6666666666667 0.472 0.458 0 8.2 4.2 9.7 0 0 12.7 26.4 84 111 5.4 -8.8
"37" "37" 2017-12-29 25.58 "DAL" "@" "NOP" "W" 8 1 36.2333333333333 0.433 0.433 4.1 12.6 9 0 0 0 6.3 20 84 124 5.4 -11.6
"38" "38" 2017-12-31 25.59 "DAL" "@" "OKC" "W" 3 1 33.8833333333333 0.8 0.8 3.4 10.9 7 8.9 0 2.5 6.3 22.2 147 123 20.2 9.1
"39" "39" 2018-01-03 25.6 "DAL" "" "GSW" "L" -3 1 33.7 0.648 0.615 0 17.8 8.3 17.2 0 2.4 6.7 19 127 121 15.3 3.3
"40" "40" 2018-01-05 25.6 "DAL" "" "CHI" "L" -3 1 34.7166666666667 0.526 0.5 10.1 15.8 12.7 15.7 1.4 0 4.4 28.1 114 127 18 -2.4
"41" "41" 2018-01-07 25.61 "DAL" "" "NYK" "L" -4 1 36 0.546 0.523 4.6 16.3 9.4 18.5 0 0 11.6 31.5 98 107 15.2 3.1
"42" "42" 2018-01-09 25.61 "DAL" "" "ORL" "W" 15 1 36.4166666666667 0.697 0.667 0 18.8 10 7.2 1.5 0 8.5 16 127 109 13.1 1.5
"43" "43" 2018-01-10 25.62 "DAL" "@" "CHO" "W" 4 1 35.0833333333333 0.847 0.808 3.3 34.2 18.4 10.3 0 2.4 0 19.5 167 112 24.9 10.9
"44" "44" 2018-01-13 25.62 "DAL" "" "LAL" "L" -6 1 38.6 0.388 0.357 0 14.9 7 16.9 2.6 0 4.4 28.5 77 101 9.3 -1.6
"45" "45" 2018-01-16 25.63 "DAL" "@" "DEN" "L" -3 1 36.0166666666667 0.73 0.611 0 17.8 9.8 0 2.7 2.2 0 15 150 104 17.2 7.2
"46" "46" 2018-01-20 25.64 "DAL" "@" "POR" "L" -9 1 34.6666666666667 0.279 0.231 6.6 31.6 18 4.1 0 2.8 6.5 20.3 71 128 2.7 -14
"47" "47" 2018-01-22 25.65 "DAL" "" "WAS" "W" 23 1 31.15 0.608 0.594 7.9 20.5 15.6 0 1.7 2.9 5.7 25.5 118 79 16.5 7.4
"48" "48" 2018-01-24 25.65 "DAL" "" "HOU" "L" -7 1 33.3666666666667 0.417 0.417 0 15.3 7.8 5.2 1.6 0 7.7 18.2 79 113 5 -6
"49" "49" 2018-01-26 25.66 "DAL" "" "POR" "L" -14 1 34.4833333333333 0.581 0.467 2.7 21.4 10.7 15.7 1.5 2.8 5.2 26.2 119 115 17.8 7.2
"50" "50" 2018-01-27 25.66 "DAL" "@" "DEN" "L" -2 1 35.4 0.53 0.526 2.6 15.4 8.5 0 0 0 8.8 30.4 95 106 11.7 -0.8
"51" "51" 2018-01-29 25.67 "DAL" "" "MIA" "L" -7 1 33.7 0.506 0.472 3.5 3.6 3.5 0 0 0 0 26.8 109 118 10.8 -0.6
"52" "52" 2018-01-31 25.67 "DAL" "@" "PHO" "L" -14 1 33.2833333333333 0.391 0.353 5.3 24 13.5 0 3 0 13.5 28.7 76 105 6.4 -6.6
"53" "53" 2018-02-03 25.68 "DAL" "@" "SAC" "W" 7 1 33.7 0.643 0.643 0 8.4 4.2 4.6 1.6 0 6.7 20.9 118 111 11.5 0.5
"54" "" 2018-02-05 25.69 "DAL" "@" "LAC" "L" -3 NA NA NA NA NA NA NA NA NA NA NA NA NA NA NA NA
"55" "" 2018-02-08 25.7 "DAL" "@" "GSW" "L" -18 NA NA NA NA NA NA NA NA NA NA NA NA NA NA NA NA
"56" "54" 2018-02-10 25.7 "DAL" "" "LAL" "W" 7 1 26.9 0.869 0.778 0 27.5 13.9 9.6 0 0 7.6 21.2 165 126 18.9 6.7
"57" "55" 2018-02-11 25.7 "DAL" "@" "HOU" "L" -7 1 30.8166666666667 0.346 0.3 3 14.8 8.3 4.9 0 0 0 21.7 81 111 4.7 -6.3
"58" "56" 2018-02-13 25.71 "DAL" "" "SAC" "L" -5 1 30.25 0.556 0.536 0 20.9 10.6 11.1 1.7 0 0 25.2 109 119 13.7 0.9
"59" "57" 2018-02-23 25.74 "DAL" "@" "LAL" "L" -22 1 32.3166666666667 0.548 0.5 2.9 22.9 11.4 5.6 2.9 2.5 5.5 25.5 102 117 15.1 0
"60" "58" 2018-02-24 25.74 "DAL" "@" "UTA" "L" -7 1 30.25 0.393 0.364 0 13.2 7.2 0 0 0 14.9 20.5 65 105 1.3 -9.7
"61" "59" 2018-02-26 25.75 "DAL" "" "IND" "W" 6 1 31.65 0.523 0.441 3.2 6.6 4.8 5.2 1.5 0 9.1 31.6 100 108 11.7 -3.8
"62" "60" 2018-02-28 25.75 "DAL" "" "OKC" "L" -1 1 38.8333333333333 0.714 0.656 6.1 8.7 7.4 21.5 2.7 0 21.6 27.9 116 110 20.4 7.1
"63" "61" 2018-03-02 25.76 "DAL" "@" "CHI" "L" -8 1 34.1333333333333 0.589 0.5 3 19.2 10.8 12.6 0 0 12 32 112 115 16.8 0.1
"64" "62" 2018-03-04 25.76 "DAL" "" "NOP" "L" -17 1 30.9833333333333 0.472 0.406 0 23.8 10.3 15.1 0 0 5 27.5 98 125 10.9 -3.9
"65" "63" 2018-03-06 25.77 "DAL" "" "DEN" "W" 11 1 32.2333333333333 0.388 0.389 6.3 14 10.4 9.1 1.4 0 4.9 26.3 86 104 7.5 -7.6
"66" "64" 2018-03-10 25.78 "DAL" "" "MEM" "W" 34 1 30.6666666666667 0.701 0.577 3.8 18.1 11.8 6 1.7 0 5.3 28.8 141 86 20.7 6.4
"67" "65" 2018-03-11 25.78 "DAL" "" "HOU" "L" -23 1 31.6666666666667 0.359 0.313 0 18 7.7 16.9 0 0 0 26.4 86 117 6 -2.2
"68" "66" 2018-03-13 25.79 "DAL" "@" "NYK" "W" 13 1 33.95 0.653 0.553 6.1 7.4 6.7 21.9 0 0 8 32.4 134 110 23.5 6.8
"69" "67" 2018-03-16 25.79 "DAL" "@" "TOR" "L" -7 1 39.6666666666667 0.608 0.575 0 15.9 8.2 12 1.3 0 8.3 29.7 114 121 18.8 1.6
"70" "" 2018-03-17 25.8 "DAL" "@" "BRK" "L" -8 NA NA NA NA NA NA NA NA NA NA NA NA NA NA NA NA
"71" "68" 2018-03-20 25.81 "DAL" "@" "NOP" "L" -10 1 34.4833333333333 0.478 0.447 3 10.4 6.5 8.7 0 0 16.8 32.3 84 126 7.9 -10.3
"72" "69" 2018-03-22 25.81 "DAL" "" "UTA" "L" -7 1 32.9833333333333 0.583 0.583 3.7 12.5 7.9 9.6 1.5 0 5.3 26.3 116 128 13.8 0.5
"73" "70" 2018-03-24 25.82 "DAL" "" "CHO" "L" -4 1 35.6 0.431 0.425 5 11.2 8.3 9.7 0 0 4.6 26.5 86 105 8.5 -3.2
"74" "71" 2018-03-27 25.82 "DAL" "@" "SAC" "W" 6 1 33.8166666666667 0.683 0.625 0 14.5 8.1 31 0 2 6.4 22 136 104 19 7
"75" "72" 2018-03-28 25.83 "DAL" "@" "LAL" "L" -10 1 24.45 0.551 0.533 0 19.2 8.8 0 4.1 0 11.5 33.4 90 103 10.1 1.4
"76" "73" 2018-03-30 25.83 "DAL" "" "MIN" "L" -1 1 34.3166666666667 0.478 0.447 3.2 9.1 6.2 10.4 1.5 0 4.8 28.3 96 102 11.1 -1.5
"77" "74" 2018-04-01 25.84 "DAL" "@" "CLE" "L" -11 1 36.2 0.708 0.658 0 9 4.5 35.4 0 0 4.5 29.8 138 111 24.1 16.1
"78" "75" 2018-04-03 25.84 "DAL" "" "POR" "W" 6 1 33.6833333333333 0.476 0.393 0 10.7 4.8 0 0 0 16 24.8 79 114 5.1 -12.5
"79" "" 2018-04-04 25.85 "DAL" "@" "ORL" "L" -5 NA NA NA NA NA NA NA NA NA NA NA NA NA NA NA NA
"80" "76" 2018-04-06 25.85 "DAL" "@" "DET" "L" -7 1 31.0833333333333 0.576 0.538 6.4 8.1 7.2 0 0 0 0 22.5 120 117 11.1 -3
"81" "77" 2018-04-08 25.86 "DAL" "@" "PHI" "L" -12 1 42.85 0.399 0.4 0 8 3.5 7.5 0 0 7.1 28.7 77 118 6.6 -9.4
"82" "" 2018-04-10 25.86 "DAL" "" "PHO" "L" -27 NA NA NA NA NA NA NA NA NA NA NA NA NA NA NA NA
"1" "" 2018-10-17 26.38 "DAL" "@" "PHO" "L" -21 NA NA NA NA NA NA NA NA NA NA NA NA NA NA NA NA
"2" "" 2018-10-20 26.39 "DAL" "" "MIN" "W" 4 NA NA NA NA NA NA NA NA NA NA NA NA NA NA NA NA
"3" "" 2018-10-22 26.4 "DAL" "" "CHI" "W" 6 NA NA NA NA NA NA NA NA NA NA NA NA NA NA NA NA
"4" "" 2018-10-24 26.4 "DAL" "@" "ATL" "L" -7 NA NA NA NA NA NA NA NA NA NA NA NA NA NA NA NA
"5" "1" 2018-10-26 26.41 "DAL" "@" "TOR" "L" -9 1 28.2333333333333 0.365 0.324 3.5 18.5 10.9 17.3 0 2.7 5 29.5 83 117 6.5 -5.9
"6" "2" 2018-10-28 26.41 "DAL" "" "UTA" "L" -9 1 34.4166666666667 0.252 0.231 0 10.7 4.9 4.1 4.2 0 6.7 18 56 109 1.5 -9.3
"7" "3" 2018-10-29 26.42 "DAL" "@" "SAS" "L" -5 1 34.0833333333333 0.623 0.643 0 20.3 10.4 5.1 1.4 0 12.2 21.2 110 103 11.7 2.7
"8" "4" 2018-10-31 26.42 "DAL" "@" "LAL" "L" -1 1 27.8833333333333 0.535 0.5 4.2 13.6 8.7 0 0 2.6 5.3 27.5 107 111 10.3 0.2
"9" "5" 2018-11-02 26.43 "DAL" "" "NYK" "L" -12 1 35.25 0.421 0.321 0 3.5 1.7 7.9 0 0 10.7 23.2 89 127 3.5 -11.4
"10" "6" 2018-11-06 26.44 "DAL" "" "WAS" "W" 19 1 31.3166666666667 0.625 0.538 12.4 34.1 24.3 15.4 3.1 0 11.6 23.8 129 96 17.9 5.9
"11" "7" 2018-11-07 26.44 "DAL" "@" "UTA" "L" -15 1 35.7833333333333 0.474 0.385 3.4 11.9 8 0 0 0 25.3 23.1 78 120 2.6 -8.4
"12" "8" 2018-11-10 26.45 "DAL" "" "OKC" "W" 15 1 17.2333333333333 0.751 0.75 0 4.6 3.1 0 0 0 21.5 25.8 103 111 4.7 -7.9
"13" "9" 2018-11-12 26.45 "DAL" "@" "CHI" "W" 5 1 32.7 0.576 0.469 0 14.7 7.8 5.5 5.6 0 9.1 29.1 109 89 18.4 5.3
"14" "10" 2018-11-14 26.46 "DAL" "" "UTA" "W" 50 1 26.4666666666667 0.745 0.682 0 14 8.6 10.6 0 0 0 21.7 158 77 15.9 10
"15" "11" 2018-11-17 26.47 "DAL" "" "GSW" "W" 3 1 36.7 0.61 0.571 3 18.3 11.3 4.2 0 0 0 22.2 130 112 16.3 1.5
"16" "12" 2018-11-19 26.47 "DAL" "@" "MEM" "L" -10 1 36.95 0.317 0.25 0 3.2 1.5 5 0 0 6 20.5 65 111 -0.2 -11.8
"17" "13" 2018-11-21 26.48 "DAL" "" "BRK" "W" 6 1 35.0166666666667 0.657 0.625 4 10.3 7.9 0 1.4 0 4.5 28.1 127 118 19.9 4
"18" "14" 2018-11-24 26.49 "DAL" "" "BOS" "W" 9 1 30.4333333333333 0.804 0.792 0 12.1 5.6 15.3 1.6 2.7 7.4 18.9 150 109 17.3 11.3
"19" "15" 2018-11-28 26.5 "DAL" "@" "HOU" "W" 20 1 29.25 0.464 0.464 5 7.8 6.6 4.3 0 0 6.7 22.5 101 123 6.2 -8.5
"20" "16" 2018-11-30 26.5 "DAL" "@" "LAL" "L" -11 1 34.1666666666667 0.692 0.647 3 12.2 7.6 13.2 2.7 0 4.6 26.4 135 108 23.8 12.6
"21" "17" 2018-12-02 26.51 "DAL" "" "LAC" "W" 4 1 38.2166666666667 0.497 0.446 11.8 9.1 10.5 4.5 0 1.8 9 34.1 106 109 17.5 -0.4
"22" "18" 2018-12-04 26.52 "DAL" "" "POR" "W" 9 1 32.1833333333333 0.387 0.333 5.7 6.5 6.1 4.7 1.5 2.5 17.4 22 76 106 4.4 -8.4
"23" "19" 2018-12-05 26.52 "DAL" "@" "NOP" "L" -26 1 23.5666666666667 0.542 0.5 0 10.4 4.5 7.1 1.9 0 16.9 30.6 89 126 7.4 -4.1
"24" "20" 2018-12-08 26.53 "DAL" "" "HOU" "W" 3 1 37.2333333333333 0.504 0.462 3.2 3.2 3.2 11.2 0 3.3 6.7 18.3 118 124 9.7 -1.3
"25" "21" 2018-12-10 26.53 "DAL" "" "ORL" "W" 25 1 27.65 0.633 0.633 3.9 13.9 9.2 0 0 0 11.8 28.1 100 85 10.8 3.1
"26" "22" 2018-12-12 26.54 "DAL" "" "ATL" "W" 7 1 31.3666666666667 0.704 0.656 0 9.6 5.7 0 1.5 0 0 25.2 133 110 18.1 4.8
"27" "23" 2018-12-13 26.54 "DAL" "@" "PHO" "L" -10 1 31.95 0.472 0.467 0 11.8 6.5 6.8 0 0 11.2 23.3 94 107 6.4 -2.3
"28" "24" 2018-12-16 26.55 "DAL" "" "SAC" "L" -7 1 29.1 0.444 0.406 0 6.9 3.3 0 1.6 2.5 5.6 23.9 93 117 6.7 -3.5
"29" "25" 2018-12-18 26.55 "DAL" "@" "DEN" "L" -8 1 33.9666666666667 0.805 0.781 3.4 10.9 7.1 0 1.4 2.3 0 24.6 154 127 25.3 11.3
"30" "26" 2018-12-20 26.56 "DAL" "@" "LAC" "L" -4 1 34.5 0.538 0.536 0 3.5 1.6 4 1.4 0 11.8 20 103 131 7 -5.4
"31" "27" 2018-12-22 26.56 "DAL" "@" "GSW" "L" -4 1 35.6833333333333 0.467 0.375 2.7 13.5 8.1 7.9 1.3 2.4 5.2 22 101 118 11.7 -4.6
"32" "28" 2018-12-23 26.57 "DAL" "@" "POR" "L" -3 1 35.4333333333333 0.66 0.675 2.8 0 1.5 0 0 0 4.7 25.8 118 112 15.5 6.1
"33" "29" 2018-12-26 26.58 "DAL" "" "NOP" "W" 3 1 31.0333333333333 0.581 0.542 3.9 10.3 7.3 4.9 0 0 0 19.4 125 123 11.1 -1.6
"34" "30" 2018-12-28 26.58 "DAL" "@" "NOP" "L" -2 1 35.3166666666667 0.509 0.444 6.8 8.5 7.7 4.9 2.9 0 0 25.9 119 120 15.4 0
"35" "31" 2018-12-30 26.59 "DAL" "" "OKC" "W" 2 1 35.3833333333333 0.559 0.5 3.3 14.4 9.2 0 2.6 0 12.3 19.5 102 99 10.7 0
"36" "32" 2018-12-31 26.59 "DAL" "@" "OKC" "L" -20 1 29.3333333333333 1.052 1.045 0 14.9 8.6 9.1 1.5 0 14.4 19.8 150 110 20.5 16
"37" "33" 2019-01-02 26.59 "DAL" "@" "CHO" "W" 38 1 29.3333333333333 0.525 0.429 0 11.5 6.4 4.6 1.7 2.8 0 23.5 116 87 12.4 0.6
"38" "34" 2019-01-04 26.6 "DAL" "@" "BOS" "L" -21 1 31.8 0.727 0.667 0 8.7 4.4 6.1 0 0 6.8 20.2 138 125 14.6 5.5
"39" "35" 2019-01-05 26.6 "DAL" "@" "PHI" "L" -6 1 26.3 0.325 0.222 3.7 15.2 9.3 10.6 0 0 15.7 20.6 69 108 1.2 -11.1
"40" "36" 2019-01-07 26.61 "DAL" "" "LAL" "L" -10 1 34.4833333333333 0.384 0.308 5.9 5.7 5.8 0 2.7 0 6.5 18.6 90 108 5.7 -4.9
"41" "37" 2019-01-09 26.61 "DAL" "" "PHO" "W" 10 1 34.9166666666667 0.552 0.318 0 13.4 7 15.9 2.8 0 6.1 20.7 121 95 14.4 2.9
"42" "38" 2019-01-11 26.62 "DAL" "@" "MIN" "W" 4 1 33.1333333333333 0.542 0.474 3.1 3 3 0 0 0 4.5 28.1 110 124 11.7 -4.7
"43" "39" 2019-01-13 26.62 "DAL" "" "GSW" "L" -5 1 36.7833333333333 0.624 0.533 0 10.7 5.2 0 0 0 5.4 21 132 131 13.7 -0.8
"44" "40" 2019-01-16 26.63 "DAL" "" "SAS" "L" -4 1 35.35 0.285 0.25 3.6 23.8 13.9 12.9 0 0 4.9 26 78 124 3.1 -13.1
"45" "41" 2019-01-19 26.64 "DAL" "@" "IND" "L" -12 1 32.4333333333333 0.581 0.5 0 10.8 5 10.5 0 0 5.5 24.5 122 123 12 0.8
"46" "42" 2019-01-21 26.65 "DAL" "@" "MIL" "L" -10 1 31.15 0.252 0.267 2.9 6.8 4.7 4.4 0 0 11.2 23.5 52 120 -2.1 -17.2
"47" "43" 2019-01-22 26.65 "DAL" "" "LAC" "W" 8 1 33.55 0.635 0.607 0 5.4 3.2 5.1 0 0 0 21.5 133 114 13.1 2
"48" "44" 2019-01-25 26.66 "DAL" "" "DET" "W" 5 1 35.3666666666667 0.383 0.3 0 11.6 6.1 11.9 1.5 0 14.5 18.1 80 113 3.5 -8.7
"49" "45" 2019-01-27 26.66 "DAL" "" "TOR" "L" -3 1 31.2833333333333 0.468 0.318 0 20.9 10.6 8 1.5 0 0 20.1 106 122 10.1 -2.4
"50" "46" 2019-01-30 26.67 "DAL" "@" "NYK" "W" 24 1 29 0.586 0.536 4.6 10.6 8 9.9 0 0 11 28.2 111 96 12.2 -2
"51" "47" 2019-01-31 26.67 "DAL" "@" "DET" "L" -4 1 39.1833333333333 0.515 0.458 7.7 10.2 8.9 20.6 0 0 13.2 35.5 100 108 16.3 3.7
"52" "48" 2019-02-02 26.68 "DAL" "@" "CLE" "W" 13 1 36.1166666666667 0.472 0.472 0 12.8 7.1 8.7 0 2.1 10 25.2 91 106 8.4 -4.5
"53" "49" 2019-02-06 26.69 "DAL" "" "CHO" "W" 6 1 25.8333333333333 0.385 0.385 0 11.1 5.4 6.1 0 0 7.1 22.7 78 100 3.1 -7.6
"54" "50" 2019-02-08 26.7 "SAC" "" "MIA" "W" 6 1 36.8 0.558 0.444 2.7 16.7 9.6 7.9 0 0 8.5 13.5 116 101 9 -1.3
"55" "51" 2019-02-10 26.7 "SAC" "" "PHO" "W" 13 1 30.2 0.455 0.389 0 12 6.2 14.3 3.1 0 23.3 17.7 79 102 5.4 -6.4
"56" "52" 2019-02-13 26.71 "SAC" "@" "DEN" "L" -2 1 41.3 0.478 0.447 7.1 19.4 13.2 13.7 2.2 0 4.8 20.7 106 113 16 0.2
"57" "53" 2019-02-21 26.73 "SAC" "@" "GSW" "L" -2 1 32.8166666666667 0.505 0.458 0 22.3 10.1 4.1 0 0 7.2 16 101 118 7.2 -4.6
"58" "54" 2019-02-23 26.74 "SAC" "@" "OKC" "W" 3 1 31.7666666666667 0.252 0.231 6 5.4 5.7 3.8 0 0 0 17.3 65 114 0.6 -11.8
"59" "55" 2019-02-25 26.74 "SAC" "@" "MIN" "L" -7 1 36.4666666666667 0.174 0 2.4 14.2 7.1 14.2 4.8 0 0 6 78 99 7.1 1.1
"60" "56" 2019-02-27 26.75 "SAC" "" "MIL" "L" -1 1 40.8 0.682 0.682 8.5 24.1 15.8 0 1.1 1.9 15.4 12.1 121 116 14 0.2
"61" "57" 2019-03-01 26.75 "SAC" "" "LAC" "L" -7 1 37.9 0.638 0.55 0 4.7 2.4 14.6 0 0 14.5 15.6 114 123 9.8 -3
"62" "58" 2019-03-04 26.76 "SAC" "" "NYK" "W" 7 1 36.95 0.703 0.654 0 27.6 14.3 4.3 0 0 0 18.4 137 108 18.6 2.3
"63" "59" 2019-03-06 26.77 "SAC" "" "BOS" "L" -2 1 36.65 0.741 0.714 0 28.3 14 4.4 2.6 0 5.8 21.5 136 110 20.7 7.6
"64" "60" 2019-03-09 26.78 "SAC" "@" "NYK" "W" 8 1 37.4166666666667 0.511 0.389 0 18.7 9.2 0 1.3 0 0 12.4 110 96 9.3 -1.2
"65" "61" 2019-03-11 26.78 "SAC" "@" "WAS" "L" -6 1 34.6166666666667 0.582 0.542 0 12.3 5.9 12.7 1.3 0 7.2 15.9 113 113 11.5 -0.3
"66" "62" 2019-03-14 26.79 "SAC" "@" "BOS" "L" -6 1 35.1333333333333 0.727 0.708 0 13.9 6.9 14.2 1.3 0 0 16.3 148 118 18.9 6.2
"67" "63" 2019-03-15 26.79 "SAC" "@" "PHI" "L" -9 1 32.7666666666667 0.673 0.727 0 22 9.9 12.8 0 0 7.8 16.8 123 124 12 3.6
"68" "64" 2019-03-17 26.8 "SAC" "" "CHI" "W" 27 1 29.6166666666667 0.656 0.636 7.4 0 3.7 3.8 0 0 14.9 18.1 121 111 10.2 -4.3
"69" "65" 2019-03-19 26.8 "SAC" "" "BRK" "L" -2 1 38.2666666666667 0.773 0.773 2.9 17.5 10.1 3.1 1.2 0 15.4 13.2 131 117 13.9 1.4
"70" "66" 2019-03-21 26.81 "SAC" "" "DAL" "W" 16 1 33.7 0.592 0.5 3.1 12.9 8.5 4.2 0 0 18.2 21.1 104 109 9.7 -6
"71" "67" 2019-03-23 26.81 "SAC" "" "PHO" "W" 9 1 34.8833333333333 0.735 0.735 3 14.3 8.8 10.9 0 0 0 20.2 151 108 19.5 8.2
"72" "68" 2019-03-24 26.82 "SAC" "@" "LAL" "L" -5 1 32.0333333333333 0.635 0.571 0 3.5 1.4 17.4 0 0 11.3 11 125 117 7.2 -3.9
"73" "69" 2019-03-26 26.82 "SAC" "@" "DAL" "W" 4 1 33.0333333333333 0.547 0.531 6.8 4.5 5.8 4.3 0 0 5.7 23.4 114 135 9.8 -5.3
"74" "70" 2019-03-28 26.83 "SAC" "@" "NOP" "L" -3 1 34.8166666666667 0.46 0.4 0 9.4 4.6 0 1.3 0 8.4 14.4 85 119 3.9 -9.9
"75" "71" 2019-03-30 26.83 "SAC" "@" "HOU" "L" -11 1 36.8833333333333 0.4 0.4 2.7 10 6 6.8 0 0 16.7 13.9 84 130 2.8 -9
"76" "72" 2019-03-31 26.84 "SAC" "@" "SAS" "W" 7 1 34.45 0.545 0.458 0 11.1 6.6 8.7 0 0 12.7 20.8 104 117 8.8 -4.8
"77" "73" 2019-04-02 26.84 "SAC" "" "HOU" "L" -25 1 27.8833333333333 0.465 0.444 0 20 9.2 4.9 0 0 8.5 17.6 95 136 5.7 -7
"78" "74" 2019-04-04 26.85 "SAC" "" "CLE" "W" 13 1 31.8666666666667 0.398 0.35 0 15.9 7 6.9 0 0 8.1 17.3 82 115 4.4 -10.8
"79" "75" 2019-04-05 26.85 "SAC" "@" "UTA" "L" -21 1 27.2 0.5 0.5 0 29.4 13.3 5.4 1.7 0 12.5 11.7 93 112 6.1 -0.3
"80" "76" 2019-04-07 26.85 "SAC" "" "NOP" "L" -4 1 36.95 0.703 0.667 4.6 5.8 5.1 3.5 0 2.2 0 21.9 150 134 22.6 2.6
"81" "77" 2019-04-10 26.86 "SAC" "@" "POR" "L" -5 1 15.7 0.753 0.75 0 24.8 11.6 20.9 0 0 0 18 172 139 10.2 8.8
"1" "1" 2019-10-23 27.4 "SAC" "@" "PHO" "L" -29 1 30.1666666666667 0.487 0.5 0 21.7 10.5 6.1 1.5 0 24.5 20.9 75 113 3.8 -5.9
"2" "2" 2019-10-25 27.41 "SAC" "" "POR" "L" -10 1 33.4833333333333 0.623 0.6 9 8.2 8.6 4.8 1.4 0 0 12.9 144 122 12.4 2.4
"3" "3" 2019-10-26 27.41 "SAC" "@" "UTA" "L" -32 1 21.9333333333333 0.643 0.6 0 24.3 8.9 9.3 2.2 0 0 11.3 131 112 6.9 1.9
"4" "4" 2019-10-28 27.41 "SAC" "" "DEN" "L" -7 1 32.3333333333333 0.466 0.417 5.9 17.1 11.6 0 0 0 0 17.4 107 112 8.8 -4.2
"5" "5" 2019-10-30 27.42 "SAC" "" "CHO" "L" -7 1 40.4666666666667 0.583 0.583 2.6 18.2 9.8 3.7 3.5 0 5 20.3 113 114 17.8 0.3
"6" "6" 2019-11-01 27.42 "SAC" "" "UTA" "W" 1 1 31.4833333333333 0.5 0.5 14.9 9.2 12.4 14.4 4.9 0 13.3 21.3 109 103 12 5
"7" "7" 2019-11-03 27.43 "SAC" "@" "NYK" "W" 21 1 39.5833333333333 0.69 0.625 0 9.9 5.5 3.6 1.3 2.5 0 15.2 146 98 15.8 4.4
"8" "8" 2019-11-06 27.44 "SAC" "@" "TOR" "L" -4 1 38.5333333333333 0.67 0.6 2.7 11.3 6.2 11.2 0 2.5 0 20.4 150 126 21.1 5.7
"9" "9" 2019-11-08 27.44 "SAC" "@" "ATL" "W" 12 1 35.75 0.633 0.6 12.6 3.5 7.7 15.2 3 0 0 17 156 122 16.6 2.5
"10" "10" 2019-11-12 27.45 "SAC" "" "POR" "W" 8 1 32.05 0.645 0.563 3.4 10.7 7 9.4 1.5 0 19.5 20.7 112 104 11.4 0.1
"11" "11" 2019-11-15 27.46 "SAC" "@" "LAL" "L" -2 1 37.4 0.414 0.35 0 23.9 12.2 24 1.4 0 21.6 17.3 89 107 7 -2.1
"12" "12" 2019-11-17 27.47 "SAC" "" "BOS" "W" 1 1 33.4 0.597 0.55 0 9.6 4.7 13.4 1.5 0 8.4 16.1 119 110 10.6 3
"13" "13" 2019-11-19 27.47 "SAC" "" "PHO" "W" 4 1 37.1666666666667 0.638 0.55 3.9 2.6 3.2 7.3 0 2.4 7.8 15.3 131 128 11.3 -2.6
"14" "14" 2019-11-22 27.48 "SAC" "@" "BRK" "L" -19 1 32.75 0.654 0.583 0 18.8 9 0 0 0 17.9 22.3 102 120 10.5 -4.9
"15" "15" 2019-11-24 27.49 "SAC" "@" "WAS" "W" 7 1 34.95 1.012 1.063 0 12.2 6.5 4.7 0 0 18.9 20.5 156 114 20.9 7.2
"16" "16" 2019-11-25 27.49 "SAC" "@" "BOS" "L" -1 1 34.7333333333333 0.746 0.722 7.9 3.5 5.6 4.6 0 2.5 6.9 20 144 120 15.8 2.9
"17" "17" 2019-11-27 27.5 "SAC" "@" "PHI" "L" -6 1 39.4333333333333 0.47 0.464 0 26.7 12 23 1.2 0 0 16.5 108 100 13.7 3.5
"18" "18" 2019-11-30 27.5 "SAC" "" "DEN" "W" 3 1 45.4333333333333 0.641 0.553 2.2 10.1 6 4.6 2.3 0 11.4 25.8 118 99 21.5 5.3
"19" "19" 2019-12-02 27.51 "SAC" "" "CHI" "L" -7 1 36.35 0.45 0.406 6.8 3.9 5.4 4.1 0 0 5.3 22.6 99 120 7.8 -7.3
"20" "20" 2019-12-04 27.52 "SAC" "@" "POR" "L" -11 1 34.8333333333333 0.405 0.333 2.8 11.2 6.3 10.4 1.4 0 9.2 13 96 132 6.2 -8.4
"21" "21" 2019-12-06 27.52 "SAC" "@" "SAS" "L" -1 1 42.55 0.529 0.4 2.3 22.9 12 19.1 0 0 16.8 24 103 104 14.6 -0.4
"22" "22" 2019-12-08 27.53 "SAC" "@" "DAL" "W" 4 1 37.5833333333333 0.409 0.4 3.5 20.2 11.9 17.6 1.4 0 15.9 24.6 87 119 7.7 -8
"23" "23" 2019-12-09 27.53 "SAC" "@" "HOU" "W" 1 1 33.4166666666667 0.575 0.462 5.9 22.1 13.1 8.8 1.5 4.2 15.4 26.3 109 121 14.8 -2.9
"24" "24" 2019-12-11 27.53 "SAC" "" "OKC" "W" 1 1 34.2833333333333 0.253 0.222 3.3 13.3 8.3 11.6 0 0 16.8 15.5 61 103 1.1 -6.4
"25" "25" 2019-12-13 27.54 "SAC" "" "NYK" "L" -2 1 37.4 0.605 0.607 0 13.7 7.2 8.6 0 0 6.3 20.5 117 115 11.3 -0.6
"26" "26" 2019-12-15 27.55 "SAC" "@" "GSW" "W" 21 1 33.8333333333333 0.588 0.5 0 17.3 11.3 13.8 1.5 0 0 18.7 131 87 13.9 2.9
"27" "27" 2019-12-17 27.55 "SAC" "@" "CHO" "L" -8 1 37.3833333333333 0.401 0.382 2.9 9.9 6.1 4.2 0 0 5.4 22.2 84 128 5.4 -11.3
"28" "28" 2019-12-20 27.56 "SAC" "@" "IND" "L" -14 1 26.1 0.417 0.417 0 5.3 2.3 4.9 0 0 14.3 12 81 134 1.2 -11.4
"29" "29" 2019-12-21 27.56 "SAC" "@" "MEM" "L" -4 1 36.9666666666667 0.566 0.474 4.8 6.3 5.5 19.1 0 0 0 23.4 140 126 19.6 5.5
"30" "30" 2019-12-23 27.57 "SAC" "" "HOU" "L" -9 1 30.2833333333333 0.398 0.3 0 14.4 7.2 4.4 0 0 8.1 17.1 84 116 3.3 -7.7
"31" "31" 2019-12-26 27.58 "SAC" "" "MIN" "L" -1 1 41.7333333333333 0.376 0.25 4.1 17.1 10.5 4.1 0 0 6.4 16.7 86 98 5.7 -6.6
"32" "32" 2019-12-28 27.58 "SAC" "" "PHO" "L" -2 1 38.6166666666667 0.515 0.438 9.3 24.2 16.4 3.8 1.3 0 4.7 25 111 114 16.3 -0.9
"33" "33" 2019-12-29 27.58 "SAC" "@" "DEN" "L" -5 1 29.2666666666667 0.51 0.5 4.6 9.1 6.8 0 0 0 14.5 10.8 95 133 3.2 -8.4
"34" "34" 2019-12-31 27.59 "SAC" "" "LAC" "L" -18 1 31.6833333333333 0.372 0.389 0 10.3 4.9 16 1.7 0 8.5 17.2 80 120 3.5 -4.6
"35" "35" 2020-01-02 27.59 "SAC" "" "MEM" "W" 5 1 35.8 0.723 0.7 0 3.2 1.6 11.2 0 2.3 14.5 16 126 121 12.7 -0.6
"36" "36" 2020-01-04 27.6 "SAC" "" "NOP" "L" -2 1 38.7833333333333 0.868 0.833 0 10.8 5.2 13.8 0 0 5.5 18.7 172 118 25.9 10.3
"37" "37" 2020-01-06 27.61 "SAC" "" "GSW" "W" 13 1 33.45 0.676 0.625 0 12.2 6.6 9.4 1.4 0 0 16.9 136 97 15.6 4.9
"38" "38" 2020-01-07 27.61 "SAC" "@" "PHO" "W" 11 1 27.4833333333333 0.258 0 0 4.5 2.1 9.4 0 0 0 6.1 85 111 0.8 -6.4
"39" "39" 2020-01-10 27.62 "SAC" "" "MIL" "L" -21 1 36.2666666666667 0.684 0.692 0 2.9 1.4 11.9 1.2 0 0 15.8 135 119 15.7 4.3
"40" "40" 2020-01-13 27.62 "SAC" "" "ORL" "L" -2 1 36.9 0.296 0.25 0 12.5 7.2 6.1 0 0 19.2 13.1 59 120 1.1 -11.5
"41" "41" 2020-01-15 27.63 "SAC" "" "DAL" "L" -4 1 38.5166666666667 0.633 0.611 5.5 17 11.2 6.6 1.3 0 0 21.8 137 127 21.2 3.7
"42" "42" 2020-01-18 27.64 "SAC" "@" "UTA" "L" -22 1 35.5333333333333 0.5 0.5 3.1 13.5 8 0 0 0 10 13.3 93 136 5.2 -6.6
"43" "43" 2020-01-20 27.64 "SAC" "@" "MIA" "L" -5 1 32.6666666666667 0.431 0.364 6.1 12.8 8.9 4.1 1.5 0 0 16.2 108 113 8.1 -2.8
"44" "44" 2020-01-22 27.65 "SAC" "@" "DET" "L" -21 1 34.6 0.405 0.389 2.4 27 11.9 0 0 3.2 0 11.6 89 123 5.6 -7.9
"45" "45" 2020-01-24 27.65 "SAC" "@" "CHI" "W" 17 1 35.4666666666667 0.603 0.571 0 9.4 4.8 5.6 1.4 0 6 22 111 91 13.2 -0.1
"46" "46" 2020-01-27 27.66 "SAC" "@" "MIN" "W" 4 1 38.9833333333333 0.622 0.429 0 12.1 6.1 6.8 0 0 23.7 14.6 105 124 7.5 -7.2
"47" "47" 2020-01-29 27.67 "SAC" "" "OKC" "L" -20 1 26.45 0.546 0.5 3.9 9.6 6.5 5 0 0 21.5 15.5 94 130 4.2 -8.2
"48" "48" 2020-01-30 27.67 "SAC" "@" "LAC" "W" 21 1 31.6666666666667 0.51 0.4 0 9.7 5.3 11.1 0 0 0 8.4 137 114 5.1 -7.1
"49" "49" 2020-02-01 27.68 "SAC" "" "LAL" "L" -16 1 29.0333333333333 0.125 0.125 3.4 19.7 11 0 0 3.8 0 11.2 39 129 -1.5 -13.5
"50" "50" 2020-02-03 27.68 "SAC" "" "MIN" "W" 4 1 34.2166666666667 0.589 0.591 3.7 13.7 8.9 31.7 0 0 7.8 17.3 130 120 13.7 3.5
"51" "51" 2020-02-07 27.69 "SAC" "" "MIA" "W" 8 1 27.9 0.5 0.5 8.4 13.9 11 15.6 0 0 18.2 18.7 100 106 5.9 -5.1
"52" "52" 2020-02-08 27.7 "SAC" "" "SAS" "W" 20 1 38.05 0.822 0.769 0 22.6 11 15 0 0 6.2 19.5 161 111 23 7.8
"53" "53" 2020-02-10 27.7 "SAC" "@" "MIL" "L" -12 1 36.6 0.829 0.808 4.6 2.8 3.8 12.5 1.2 0 12.6 17.1 144 117 18.3 7.5
"54" "54" 2020-02-12 27.71 "SAC" "@" "DAL" "L" -19 1 28.7833333333333 0.381 0.286 9.3 20.2 13.4 17.7 0 0 0 11.6 115 133 7.6 -4.9
"55" "55" 2020-02-20 27.73 "SAC" "" "MEM" "W" 4 1 37.8666666666667 0.853 0.853 0 3.6 1.6 4.5 1.2 0 13.8 25.3 134 125 21.9 5.6
"56" "56" 2020-02-22 27.73 "SAC" "@" "LAC" "W" 9 1 38.8833333333333 0.597 0.55 0 9.9 5.2 21.1 2.4 2.2 0 11.8 141 103 15.3 7.7
"57" "57" 2020-02-25 27.74 "SAC" "@" "GSW" "W" 18 1 37.9166666666667 0.815 0.833 0 5.9 3.4 4.4 0 0 7.2 17.4 139 102 15.7 1.9
"58" "58" 2020-02-27 27.75 "SAC" "@" "OKC" "L" -4 1 38.1166666666667 0.591 0.531 3.2 5.9 4.6 20.4 0 0 14.5 23.3 115 124 13.6 -0.6
"59" "59" 2020-02-28 27.75 "SAC" "@" "MEM" "W" 3 1 32.5 0.405 0.167 3 9 6 8.1 1.5 0 25.8 15.7 75 106 3.4 -9.4
"60" "60" 2020-03-01 27.76 "SAC" "" "DET" "W" 6 1 35.9 0.465 0.389 2.6 22.8 11.5 16.2 1.4 0 8.5 14 111 109 9.7 -1
"61" "61" 2020-03-03 27.76 "SAC" "" "WAS" "W" 7 1 31.95 0.563 0.5 0 16.7 8.2 13.7 2.9 0 25.3 15.6 100 120 7.8 -4.4
"62" "62" 2020-03-05 27.77 "SAC" "" "PHI" "L" -17 1 37.7333333333333 0.638 0.6 3.6 13.5 9.3 17.8 0 0 7.8 15.6 131 131 14.3 1.3
"63" "63" 2020-03-07 27.77 "SAC" "@" "POR" "W" 12 1 35.5 0.72 0.731 6.4 8.8 7.7 4.3 0 0 0 17.2 147 120 15.5 2.3
"64" "64" 2020-03-08 27.78 "SAC" "" "TOR" "L" -5 1 33.9666666666667 0.414 0.35 9.6 6.7 8.2 11.2 1.4 4.2 0 13.8 113 119 9.7 -0.3
"65" "65" 2020-07-31 28.17 "SAC" "@" "SAS" "L" -9 1 36.5666666666667 0.85 0.9 3.2 18.3 10.9 3.2 2.5 0 25.4 8.7 125 120 10.1 -1
"66" "66" 2020-08-02 28.18 "SAC" "@" "ORL" "L" -16 1 24.3833333333333 0.615 0.5 4.6 23.4 13.9 0 0 0 0 16.8 132 131 9.4 -4.3
"67" "67" 2020-08-04 28.18 "SAC" "" "DAL" "L" -4 1 31.8333333333333 0.436 0.417 6.4 3 4.6 4.2 1.5 0 0 9.6 107 110 3.6 -4.3
"68" "68" 2020-08-06 28.19 "SAC" "" "NOP" "W" 15 1 33.6 0.583 0.556 15 9.2 12.4 7.7 1.4 0 0 23.3 143 128 18.8 0.4
"69" "69" 2020-08-07 28.19 "SAC" "@" "BRK" "L" -13 1 36.9 0.633 0.6 5.2 11.8 8.3 4.1 0 0 13.7 16.6 118 124 11.1 -1.3
"70" "70" 2020-08-09 28.19 "SAC" "" "HOU" "L" -17 1 25.6 0.481 0.455 4.2 38.4 21.1 0 0 0 14.9 22.1 80 120 6.3 -9.5
"71" "71" 2020-08-11 28.2 "SAC" "" "NOP" "W" 6 1 37.3333333333333 0.602 0.553 12 14.3 13 8.2 0 4.4 0 23.2 141 105 22.1 7.2
"72" "72" 2020-08-13 28.21 "SAC" "@" "LAL" "W" 14 1 24.55 0.255 0.2 4.8 7.8 6.4 0 1.9 0 25.4 13.5 51 120 -0.2 -17.2
"1" "1" 2020-12-23 28.57 "SAC" "@" "DEN" "W" 2 1 41.95 0.581 0.533 2.3 22 11.4 18.1 2.3 0 5.2 18.6 128 109 20.1 5
"2" "2" 2020-12-26 28.58 "SAC" "" "PHO" "W" 3 1 34.1333333333333 0.381 0.357 3.1 27.6 16.1 8.8 0 2.6 12.2 19.5 83 101 7 -3.7
"3" "3" 2020-12-27 28.58 "SAC" "" "PHO" "L" -16 1 28.9 0.683 0.667 0 26.4 14 0 0 0 12 13.5 113 120 7.7 -3.4
"4" "4" 2020-12-29 28.58 "SAC" "" "DEN" "W" 10 1 33.15 0.406 0.406 16.5 4.5 11.4 29.9 0 0 11.1 22.9 111 123 11.2 -1.9
"5" "5" 2020-12-31 28.59 "SAC" "@" "HOU" "L" -3 1 37.0666666666667 0.721 0.643 5.3 19 11.5 3.7 1.2 2.6 5.7 18.8 147 118 21.2 4.4
"6" "6" 2021-01-02 28.59 "SAC" "@" "HOU" "L" -8 1 38.3833333333333 0.625 0.615 0 22.4 9.2 0 1.3 0 0 16.8 132 106 14.6 4
"7" "7" 2021-01-04 28.6 "SAC" "@" "GSW" "L" -31 1 29.8666666666667 0.58 0.458 2.9 29.2 14.5 6.2 1.5 0 0 20.6 126 126 16 0.9
"8" "8" 2021-01-06 28.61 "SAC" "" "CHI" "W" 4 1 37.3666666666667 0.82 0.85 0 0 0 16.9 1.3 0 19.7 17.8 132 131 16.1 0.1
"9" "9" 2021-01-08 28.61 "SAC" "" "TOR" "L" -21 1 30.5 0.847 0.875 0 18 9 34.4 1.6 0 19.5 23.2 145 147 20.2 3.2
"10" "10" 2021-01-09 28.61 "SAC" "" "POR" "L" -26 1 32.5 0.625 0.625 3.1 17.7 10.7 10.9 0 2.5 11.1 11.9 112 120 9.6 -0.8
"11" "11" 2021-01-11 28.62 "SAC" "" "IND" "W" 5 1 37.5166666666667 0.856 0.786 0 21.8 12.6 7.5 1.2 0 5.4 21.1 165 118 27.6 7.3
"12" "12" 2021-01-13 28.62 "SAC" "" "POR" "L" -6 1 35.2 0.473 0.333 4 14.8 10.2 10.3 1.4 0 25.6 19.7 88 136 6.4 -11.9
"13" "13" 2021-01-15 28.63 "SAC" "" "LAC" "L" -38 1 33.6666666666667 0.493 0.375 3.2 20.4 10.8 16.6 1.5 0 6.6 20.4 110 144 12.2 -2.6
"14" "14" 2021-01-17 28.64 "SAC" "" "NOP" "L" -5 1 41 0.415 0.375 0 3 1.4 10.5 0 0 10.6 10.1 96 139 3.1 -9.1
"15" "15" 2021-01-20 28.64 "SAC" "@" "LAC" "L" -19 1 31.6833333333333 0.417 0.417 0 18.5 8.7 8.4 1.5 0 14.3 9.7 79 115 4.1 -6.5
"16" "16" 2021-01-22 28.65 "SAC" "" "NYK" "W" 9 1 35.15 0.619 0.462 0 18.5 9.8 30.7 1.4 0 0 21.8 145 98 21.4 9.8
"17" "17" 2021-01-27 28.66 "SAC" "@" "ORL" "W" 14 1 37.7333333333333 0.884 0.864 0 12.7 6.6 14.6 2.6 0 20.2 16 140 108 19.4 7.4
"18" "18" 2021-01-29 28.67 "SAC" "@" "TOR" "W" 2 1 37.3 0.831 0.769 11.4 13.2 12.3 19.7 0 0 16.1 21.1 152 129 23.5 6.3
"19" "19" 2021-01-30 28.67 "SAC" "@" "MIA" "L" -1 1 36.9 0.652 0.625 6.2 3.4 4.9 7.3 0 0 0 10.3 153 124 9.3 -2.7
"20" "20" 2021-02-01 28.68 "SAC" "@" "NOP" "W" 9 1 40.3833333333333 0.783 0.75 5.7 12.7 9.7 14.6 1.2 1.7 16.4 18.2 135 107 22.1 8.7
"21" "21" 2021-02-03 28.68 "SAC" "" "BOS" "W" 5 1 37.05 0.561 0.441 5.6 9 7.3 23.6 0 2.4 4.5 25.9 130 118 19.9 4.4
"22" "22" 2021-02-06 28.69 "SAC" "" "DEN" "W" 5 1 38.0166666666667 0.769 0.781 2.9 15.8 9.6 16.1 1.3 0 0 21.2 156 119 26.3 11.6
"23" "23" 2021-02-07 28.69 "SAC" "@" "LAC" "W" 3 1 35.1833333333333 0.254 0.143 8.5 21.5 15.6 3.1 1.4 0 11.3 10.8 77 107 4.6 -7.7
"24" "24" 2021-02-09 28.7 "SAC" "" "PHI" "L" -8 1 37.3333333333333 0.405 0.333 4.7 15 9.2 13.1 2.4 0 9.2 11.8 99 112 8 -3.3
"25" "25" 2021-02-12 28.71 "SAC" "" "ORL" "L" -11 1 32.7833333333333 0.604 0.556 0 16.6 8.7 15.8 0 0 15.7 17.1 111 128 9.8 -5.3
"26" "26" 2021-02-14 28.71 "SAC" "" "MEM" "L" -14 1 29.4166666666667 0.463 0.333 0 17.6 8.6 8.6 1.6 0 10.4 14.4 94 124 6 -6.3
"27" "27" 2021-02-15 28.72 "SAC" "" "BRK" "L" -11 1 28.15 0.25 0.25 4.2 9.7 6.7 3.6 1.7 0 11.1 13.4 69 141 0.8 -14.4
"28" "" 2021-02-18 28.72 "SAC" "" "MIA" "L" -8 NA NA NA NA NA NA NA NA NA NA NA NA NA NA NA NA
"29" "" 2021-02-20 28.73 "SAC" "@" "CHI" "L" -8 NA NA NA NA NA NA NA NA NA NA NA NA NA NA NA NA
"30" "" 2021-02-21 28.73 "SAC" "@" "MIL" "L" -13 NA NA NA NA NA NA NA NA NA NA NA NA NA NA NA NA
"31" "28" 2021-02-23 28.74 "SAC" "@" "BRK" "L" -9 1 36.7 0.758 0.727 0 9.1 5 3.6 1.3 0 20.2 17.6 114 130 11.5 -3.3
"32" "29" 2021-02-25 28.74 "SAC" "@" "NYK" "L" -19 1 35.75 0.729 0.708 0 26.9 12.2 20.6 2.6 0 11.7 19.9 135 133 20.4 5.6
"33" "30" 2021-02-26 28.75 "SAC" "@" "DET" "W" 3 1 40.4166666666667 0.521 0.429 4.8 15.8 10.1 26.8 2.4 2.4 0 20.5 128 107 20.8 7.7
"34" "31" 2021-02-28 28.75 "SAC" "" "CHO" "L" -1 1 41.9166666666667 0.864 0.857 2.9 18.5 9.8 17.8 0 0 15.6 20.1 149 131 24.4 5
"35" "32" 2021-03-03 28.76 "SAC" "" "LAL" "W" 3 1 38.3 0.59 0.462 0 9.6 5.3 18.6 0 0 5.6 22.2 130 134 16.6 -4
"36" "33" 2021-03-04 28.76 "SAC" "@" "POR" "L" -4 1 37.6333333333333 0.555 0.5 2.6 12.1 6.9 6.4 0 0 0 16.7 132 132 12.9 -4.1
"37" "34" 2021-03-11 28.78 "SAC" "" "HOU" "W" 20 1 31.3166666666667 0.567 0.533 0 30.7 17.4 0 1.4 0 5.4 24.6 107 97 14.4 -4
"38" "35" 2021-03-13 28.79 "SAC" "@" "ATL" "L" -15 1 39.35 0.533 0.444 6.8 12.8 9.3 16 0 0 22.5 13.9 108 136 8.9 -5.2
"39" "36" 2021-03-15 28.79 "SAC" "@" "CHO" "L" -6 1 36.2666666666667 0.658 0.611 3.3 10.6 7.4 9.6 1.3 0 16.8 15.2 117 125 11.3 -3.3
"40" "37" 2021-03-17 28.8 "SAC" "@" "WAS" "W" 2 1 35.6166666666667 0.615 0.542 5.6 19.3 12 20.5 1.2 0 0 17 138 112 19.3 5
"41" "38" 2021-03-19 28.8 "SAC" "@" "BOS" "W" 11 1 38.7166666666667 0.663 0.6 5.6 29.6 17.9 12.1 0 0 15 15.5 126 103 14.8 2.5
"42" "39" 2021-03-20 28.81 "SAC" "@" "PHI" "L" -24 1 32.9 0.806 0.786 0 26.9 12 23 0 2.3 11.8 11.7 145 129 13.2 2.3
"43" "40" 2021-03-22 28.81 "SAC" "@" "CLE" "W" 14 1 41.35 0.45 0.45 8.9 16.6 13.2 20.9 0 0 23.1 13.6 108 109 10.4 -2.2
"44" "41" 2021-03-24 28.82 "SAC" "" "ATL" "W" 2 1 41.4333333333333 0.467 0.286 5.4 17 11 9.2 0 0 9.4 11.2 114 117 8 -3.9
"45" "42" 2021-03-25 28.82 "SAC" "" "GSW" "W" 22 1 36.1666666666667 0.1 0.1 0 19.9 10.5 12.8 2.7 0 0 12.8 60 120 2.7 -11.4
"46" "43" 2021-03-27 28.82 "SAC" "" "CLE" "W" 2 1 36.4666666666667 0.68 0.65 0 32.9 18.1 0 0 0 25.4 19.9 99 107 9.9 -3.3
"47" "44" 2021-03-29 28.83 "SAC" "@" "SAS" "W" 17 1 32.6 0.799 0.786 0 6.5 3.8 7.2 0 0 10.2 14.2 142 128 10.9 -2.2
"48" "45" 2021-03-31 28.84 "SAC" "@" "SAS" "L" -14 1 34.55 0.338 0.313 13.6 27.2 20.1 19.2 1.4 2.1 18.4 13.5 96 116 9.8 -1.5
"49" "46" 2021-04-02 28.84 "SAC" "" "LAL" "L" -21 1 37.25 1.066 1.05 5.4 8.6 6.9 26.4 1.3 2.2 29.1 20.9 144 117 24.7 10.8
"50" "47" 2021-04-03 28.84 "SAC" "" "MIL" "L" -1 1 34.6333333333333 0.455 0.389 2.9 10.4 6.4 9.3 5.5 0 0 11.7 118 120 10.4 -1.4
"51" "48" 2021-04-05 28.85 "SAC" "@" "MIN" "L" -10 1 37.3666666666667 0.666 0.643 8.4 24.6 16.6 18.7 1.3 0 11.3 20.3 127 114 20.6 2.9
"52" "49" 2021-04-08 28.86 "SAC" "" "DET" "L" -12 1 39.9333333333333 0.505 0.458 2.9 9.2 5.9 7.5 0 0 0 14.1 110 118 9.2 -4.4
"53" "50" 2021-04-10 28.86 "SAC" "@" "UTA" "L" -16 1 37.6166666666667 0.511 0.5 0 17 8.5 6.9 0 0 8.5 13.9 98 132 6.5 -7
"54" "51" 2021-04-12 28.87 "SAC" "@" "NOP" "L" -7 1 42.7166666666667 0.522 0.464 4.5 28.9 14.5 3.4 3.2 1.9 6.1 15.8 106 108 14.9 0.1
"55" "52" 2021-04-14 28.87 "SAC" "" "WAS" "L" -12 1 39.55 0.634 0.583 2.6 18.7 9.9 7 0 0 29.7 20.7 90 119 8.7 -8.8
"56" "53" 2021-04-15 28.88 "SAC" "@" "PHO" "L" -8 1 39.9666666666667 0.742 0.722 0 6.3 3.4 9.7 1.3 0 9.6 12.4 137 134 12.4 1.2
"57" "54" 2021-04-18 28.88 "SAC" "@" "DAL" "W" 14 1 36.2833333333333 0.831 0.821 0 15.7 7.9 4.1 1.4 0 6.5 19.3 152 115 18.8 6.7
"58" "55" 2021-04-20 28.89 "SAC" "" "MIN" "L" -14 1 38.8833333333333 0.733 0.636 2.4 22.7 11.1 16.9 0 0 6.8 15.8 153 136 20 0.9
"59" "56" 2021-04-21 28.89 "SAC" "" "MIN" "W" 3 1 38.4 0.661 0.643 4.3 16.4 11.2 25.5 0 0 19.4 25.4 120 136 16.9 -2.4
"60" "57" 2021-04-25 28.9 "SAC" "@" "GSW" "L" -4 1 40.3 0.681 0.656 0 17.4 9.3 7.6 0 2 15.1 22.4 112 121 15.8 0.6
"61" "58" 2021-04-26 28.91 "SAC" "" "DAL" "W" 7 1 23.7333333333333 0.873 0.85 5.5 20.6 14.1 14.5 0 0 8.4 22.9 164 117 17.4 12.9
"62" "" 2021-04-28 28.91 "SAC" "" "UTA" "L" -49 NA NA NA NA NA NA NA NA NA NA NA NA NA NA NA NA
"63" "" 2021-04-30 28.92 "SAC" "@" "LAL" "W" 4 NA NA NA NA NA NA NA NA NA NA NA NA NA NA NA NA
"64" "" 2021-05-02 28.92 "SAC" "@" "DAL" "W" 12 NA NA NA NA NA NA NA NA NA NA NA NA NA NA NA NA
"65" "" 2021-05-04 28.93 "SAC" "@" "OKC" "W" 4 NA NA NA NA NA NA NA NA NA NA NA NA NA NA NA NA
"66" "" 2021-05-05 28.93 "SAC" "@" "IND" "W" 11 NA NA NA NA NA NA NA NA NA NA NA NA NA NA NA NA
"67" "" 2021-05-07 28.94 "SAC" "" "SAS" "L" -9 NA NA NA NA NA NA NA NA NA NA NA NA NA NA NA NA
"68" "" 2021-05-09 28.94 "SAC" "" "OKC" "W" 28 NA NA NA NA NA NA NA NA NA NA NA NA NA NA NA NA
"69" "" 2021-05-11 28.95 "SAC" "" "OKC" "W" 16 NA NA NA NA NA NA NA NA NA NA NA NA NA NA NA NA
"70" "" 2021-05-13 28.95 "SAC" "@" "MEM" "L" -6 NA NA NA NA NA NA NA NA NA NA NA NA NA NA NA NA
"71" "" 2021-05-14 28.96 "SAC" "@" "MEM" "L" -1 NA NA NA NA NA NA NA NA NA NA NA NA NA NA NA NA
"72" "" 2021-05-16 28.96 "SAC" "" "UTA" "L" -22 NA NA NA NA NA NA NA NA NA NA NA NA NA NA NA NA
