"Rk" "G" "Date" "Age" "Tm" "H/A" "Opp" "W/L" "By Amt" "GS" "MP" "TS%" "eFG%" "ORB%" "DRB%" "TRB%" "AST%" "STL%" "BLK%" "TOV%" "USG%" "ORtg" "DRtg" "GmSc" "BPM"
"1" "" 2016-10-26 19.92 "DEN" "@" "NOP" "W" 5 NA NA NA NA NA NA NA NA NA NA NA NA NA NA NA NA
"2" "" 2016-10-29 19.93 "DEN" "" "POR" "L" -2 NA NA NA NA NA NA NA NA NA NA NA NA NA NA NA NA
"3" "" 2016-10-31 19.93 "DEN" "@" "TOR" "L" -3 NA NA NA NA NA NA NA NA NA NA NA NA NA NA NA NA
"4" "" 2016-11-03 19.94 "DEN" "@" "MIN" "W" 3 NA NA NA NA NA NA NA NA NA NA NA NA NA NA NA NA
"5" "1" 2016-11-05 19.95 "DEN" "@" "DET" "L" -17 0 5.18333333333333 0 0 0 0 0 0 0 0 0 15.6 0 115 -1.4 -19.4
"6" "2" 2016-11-06 19.95 "DEN" "@" "BOS" "W" 16 0 2.43333333333333 0 0 0 0 0 44.8 0 0 0 17.2 62 116 0 -9.9
"7" "" 2016-11-08 19.95 "DEN" "@" "MEM" "L" -1 NA NA NA NA NA NA NA NA NA NA NA NA NA NA NA NA
"8" "3" 2016-11-10 19.96 "DEN" "" "GSW" "L" -24 0 14.7833333333333 0.6 0.6 0 18 7.4 14.9 0 0 0 27.2 125 131 8.3 7.3
"9" "" 2016-11-12 19.96 "DEN" "" "DET" "L" -11 NA NA NA NA NA NA NA NA NA NA NA NA NA NA NA NA
"10" "4" 2016-11-13 19.97 "DEN" "@" "POR" "L" -7 0 5.95 0 0 0 0 0 0 0 0 0 19.9 0 119 -2.5 -25.5
"11" "5" 2016-11-16 19.98 "DEN" "" "PHO" "W" 16 0 0.766666666666667 NA NA 0 0 0 0 0 0 NA 0 0 112 0 -6.5
"12" "" 2016-11-18 19.98 "DEN" "" "TOR" "L" -2 NA NA NA NA NA NA NA NA NA NA NA NA NA NA NA NA
"13" "6" 2016-11-20 19.99 "DEN" "" "UTA" "W" 14 0 1.53333333333333 0.568 NA 0 0 0 0 0 0 0 25.7 122 108 0.2 -13.9
"14" "" 2016-11-22 19.99 "DEN" "" "CHI" "W" 3 NA NA NA NA NA NA NA NA NA NA NA NA NA NA NA NA
"15" "7" 2016-11-23 19.99 "DEN" "@" "UTA" "L" -25 0 12 0.37 0.2 0 10.3 4 16.7 4.1 0 0 24.2 89 105 2.7 -1.5
"16" "" 2016-11-25 20 "DEN" "" "OKC" "L" -3 NA NA NA NA NA NA NA NA NA NA NA NA NA NA NA NA
"17" "8" 2016-11-27 20 "DEN" "@" "PHO" "W" 6 0 6.43333333333333 0.3 0.3 0 15.5 7.9 0 0 0 0 32.4 64 114 0.2 -14.8
"18" "" 2016-11-30 20.01 "DEN" "" "MIA" "L" -8 NA NA NA NA NA NA NA NA NA NA NA NA NA NA NA NA
"19" "9" 2016-12-02 20.02 "DEN" "" "HOU" "L" -18 0 4.41666666666667 0.833 0.833 0 0 0 0 11 0 0 25.7 171 111 4.7 33.4
"20" "" 2016-12-03 20.02 "DEN" "@" "UTA" "L" -7 NA NA NA NA NA NA NA NA NA NA NA NA NA NA NA NA
"21" "" 2016-12-05 20.02 "DEN" "@" "PHI" "W" 8 NA NA NA NA NA NA NA NA NA NA NA NA NA NA NA NA
"22" "" 2016-12-07 20.03 "DEN" "@" "BRK" "L" -5 NA NA NA NA NA NA NA NA NA NA NA NA NA NA NA NA
"23" "" 2016-12-08 20.03 "DEN" "@" "WAS" "L" -7 NA NA NA NA NA NA NA NA NA NA NA NA NA NA NA NA
"24" "" 2016-12-10 20.04 "DEN" "@" "ORL" "W" 8 NA NA NA NA NA NA NA NA NA NA NA NA NA NA NA NA
"25" "" 2016-12-12 20.04 "DEN" "@" "DAL" "L" -20 NA NA NA NA NA NA NA NA NA NA NA NA NA NA NA NA
"26" "" 2016-12-15 20.05 "DEN" "" "POR" "W" 12 NA NA NA NA NA NA NA NA NA NA NA NA NA NA NA NA
"27" "" 2016-12-17 20.06 "DEN" "" "NYK" "W" 13 NA NA NA NA NA NA NA NA NA NA NA NA NA NA NA NA
"28" "" 2016-12-19 20.06 "DEN" "" "DAL" "W" 10 NA NA NA NA NA NA NA NA NA NA NA NA NA NA NA NA
"29" "" 2016-12-20 20.07 "DEN" "@" "LAC" "L" -17 NA NA NA NA NA NA NA NA NA NA NA NA NA NA NA NA
"30" "" 2016-12-23 20.07 "DEN" "" "ATL" "L" -1 NA NA NA NA NA NA NA NA NA NA NA NA NA NA NA NA
"31" "" 2016-12-26 20.08 "DEN" "@" "LAC" "W" 4 NA NA NA NA NA NA NA NA NA NA NA NA NA NA NA NA
"32" "" 2016-12-28 20.09 "DEN" "" "MIN" "W" 2 NA NA NA NA NA NA NA NA NA NA NA NA NA NA NA NA
"33" "" 2016-12-30 20.09 "DEN" "" "PHI" "L" -2 NA NA NA NA NA NA NA NA NA NA NA NA NA NA NA NA
"34" "" 2017-01-02 20.1 "DEN" "@" "GSW" "L" -8 NA NA NA NA NA NA NA NA NA NA NA NA NA NA NA NA
"35" "10" 2017-01-03 20.1 "DEN" "" "SAC" "L" -7 0 1.18333333333333 1 1 0 100 62.4 0 0 0 0 39.9 200 118 2 28.4
"36" "" 2017-01-05 20.11 "DEN" "" "SAS" "L" -28 NA NA NA NA NA NA NA NA NA NA NA NA NA NA NA NA
"37" "" 2017-01-07 20.12 "DEN" "@" "OKC" "L" -15 NA NA NA NA NA NA NA NA NA NA NA NA NA NA NA NA
"38" "11" 2017-01-12 20.13 "DEN" "" "IND" "W" 28 0 3.3 1 1 42.8 0 18 0 0 0 0 25.3 208 121 4.1 19.3
"39" "" 2017-01-16 20.14 "DEN" "" "ORL" "W" 13 NA NA NA NA NA NA NA NA NA NA NA NA NA NA NA NA
"40" "" 2017-01-17 20.14 "DEN" "@" "LAL" "W" 6 NA NA NA NA NA NA NA NA NA NA NA NA NA NA NA NA
"41" "" 2017-01-19 20.15 "DEN" "@" "SAS" "L" -14 NA NA NA NA NA NA NA NA NA NA NA NA NA NA NA NA
"42" "12" 2017-01-21 20.15 "DEN" "" "LAC" "W" 25 0 2.61666666666667 0 0 0 0 0 0 19.5 0 0 16.9 0 68 -0.1 -6
"43" "" 2017-01-22 20.16 "DEN" "@" "MIN" "L" -3 NA NA NA NA NA NA NA NA NA NA NA NA NA NA NA NA
"44" "" 2017-01-24 20.16 "DEN" "" "UTA" "W" 10 NA NA NA NA NA NA NA NA NA NA NA NA NA NA NA NA
"45" "" 2017-01-26 20.17 "DEN" "" "PHO" "W" 7 NA NA NA NA NA NA NA NA NA NA NA NA NA NA NA NA
"46" "" 2017-01-28 20.17 "DEN" "@" "PHO" "W" 11 NA NA NA NA NA NA NA NA NA NA NA NA NA NA NA NA
"47" "" 2017-01-31 20.18 "DEN" "@" "LAL" "L" -4 NA NA NA NA NA NA NA NA NA NA NA NA NA NA NA NA
"48" "13" 2017-02-01 20.18 "DEN" "" "MEM" "L" -20 0 6.33333333333333 1.215 1.25 0 0 0 45 7.8 0 25.8 26.2 155 113 7.1 31.1
"49" "" 2017-02-03 20.19 "DEN" "" "MIL" "W" 4 NA NA NA NA NA NA NA NA NA NA NA NA NA NA NA NA
"50" "14" 2017-02-04 20.19 "DEN" "@" "SAS" "L" -24 0 8.91666666666667 0.833 0.833 0 0 0 17.8 0 0 25 18.3 124 131 3.4 4.4
"51" "15" 2017-02-06 20.2 "DEN" "" "DAL" "W" 23 0 1.61666666666667 0.667 0.667 82.5 0 38.1 -170.8 0 0 0 84 159 100 3.7 44.2
"52" "16" 2017-02-08 20.2 "DEN" "@" "ATL" "L" -11 0 0.0666666666666667 NA NA 0 0 0 0 0 0 NA 0 0 132 0 -11.6
"53" "" 2017-02-10 20.21 "DEN" "@" "NYK" "W" 8 NA NA NA NA NA NA NA NA NA NA NA NA NA NA NA NA
"54" "17" 2017-02-11 20.21 "DEN" "@" "CLE" "L" -16 0 2.61666666666667 0 0 0 0 0 0 0 0 0 15.5 0 134 -0.7 -23.4
"55" "18" 2017-02-13 20.22 "DEN" "" "GSW" "W" 22 0 7.38333333333333 0 0 0 0 0 0 0 0 66.7 16.7 0 114 -2.7 -24.3
"56" "" 2017-02-15 20.22 "DEN" "" "MIN" "L" -13 NA NA NA NA NA NA NA NA NA NA NA NA NA NA NA NA
"57" "" 2017-02-23 20.24 "DEN" "@" "SAC" "L" -16 NA NA NA NA NA NA NA NA NA NA NA NA NA NA NA NA
"58" "" 2017-02-24 20.25 "DEN" "" "BRK" "W" 20 NA NA NA NA NA NA NA NA NA NA NA NA NA NA NA NA
"59" "" 2017-02-26 20.25 "DEN" "" "MEM" "L" -7 NA NA NA NA NA NA NA NA NA NA NA NA NA NA NA NA
"60" "" 2017-02-28 20.26 "DEN" "@" "CHI" "W" 18 NA NA NA NA NA NA NA NA NA NA NA NA NA NA NA NA
"61" "" 2017-03-01 20.26 "DEN" "@" "MIL" "W" 12 NA NA NA NA NA NA NA NA NA NA NA NA NA NA NA NA
"62" "" 2017-03-04 20.27 "DEN" "" "CHO" "L" -10 NA NA NA NA NA NA NA NA NA NA NA NA NA NA NA NA
"63" "" 2017-03-06 20.27 "DEN" "" "SAC" "W" 12 NA NA NA NA NA NA NA NA NA NA NA NA NA NA NA NA
"64" "" 2017-03-08 20.28 "DEN" "" "WAS" "L" -10 NA NA NA NA NA NA NA NA NA NA NA NA NA NA NA NA
"65" "" 2017-03-10 20.28 "DEN" "" "BOS" "W" 20 NA NA NA NA NA NA NA NA NA NA NA NA NA NA NA NA
"66" "" 2017-03-11 20.29 "DEN" "@" "SAC" "W" 13 NA NA NA NA NA NA NA NA NA NA NA NA NA NA NA NA
"67" "19" 2017-03-13 20.29 "DEN" "" "LAL" "W" 28 0 2.63333333333333 1 1 0 70.1 41.4 0 0 0 50 33.1 65 82 1.3 -7.7
"68" "" 2017-03-16 20.3 "DEN" "" "LAC" "W" 15 NA NA NA NA NA NA NA NA NA NA NA NA NA NA NA NA
"69" "" 2017-03-18 20.31 "DEN" "" "HOU" "L" -4 NA NA NA NA NA NA NA NA NA NA NA NA NA NA NA NA
"70" "" 2017-03-20 20.31 "DEN" "@" "HOU" "L" -1 NA NA NA NA NA NA NA NA NA NA NA NA NA NA NA NA
"71" "" 2017-03-22 20.32 "DEN" "" "CLE" "W" 13 NA NA NA NA NA NA NA NA NA NA NA NA NA NA NA NA
"72" "" 2017-03-24 20.32 "DEN" "@" "IND" "W" 8 NA NA NA NA NA NA NA NA NA NA NA NA NA NA NA NA
"73" "" 2017-03-26 20.33 "DEN" "" "NOP" "L" -25 NA NA NA NA NA NA NA NA NA NA NA NA NA NA NA NA
"74" "" 2017-03-28 20.33 "DEN" "@" "POR" "L" -9 NA NA NA NA NA NA NA NA NA NA NA NA NA NA NA NA
"75" "" 2017-03-31 20.34 "DEN" "@" "CHO" "L" -8 NA NA NA NA NA NA NA NA NA NA NA NA NA NA NA NA
"76" "" 2017-04-02 20.35 "DEN" "@" "MIA" "W" 3 NA NA NA NA NA NA NA NA NA NA NA NA NA NA NA NA
"77" "" 2017-04-04 20.35 "DEN" "@" "NOP" "W" 3 NA NA NA NA NA NA NA NA NA NA NA NA NA NA NA NA
"78" "" 2017-04-05 20.36 "DEN" "@" "HOU" "L" -6 NA NA NA NA NA NA NA NA NA NA NA NA NA NA NA NA
"79" "20" 2017-04-07 20.36 "DEN" "" "NOP" "W" 16 0 2.75 NA NA 0 0 0 0 0 0 100 15.4 0 112 -1 -23
"80" "" 2017-04-09 20.37 "DEN" "" "OKC" "L" -1 NA NA NA NA NA NA NA NA NA NA NA NA NA NA NA NA
"81" "21" 2017-04-11 20.37 "DEN" "@" "DAL" "W" 18 0 31.95 0.621 0.583 6.8 8.8 7.9 9.4 3.1 0 0 18.2 136 94 14.9 5
"82" "22" 2017-04-12 20.38 "DEN" "@" "OKC" "W" 6 1 40.0333333333333 0.5 0.5 2.9 4.6 3.8 12.2 1.1 0 10.5 20 94 106 9.9 -4
"1" "1" 2017-10-18 20.89 "DEN" "@" "UTA" "L" -10 0 1.51666666666667 NA NA 0 85.5 42.8 87.9 0 0 100 30.9 49 106 0 -5.8
"2" "2" 2017-10-21 20.9 "DEN" "" "SAC" "W" 17 0 1.18333333333333 NA NA 0 0 0 0 0 0 NA 0 0 100 0 -5.7
"3" "3" 2017-10-23 20.91 "DEN" "" "WAS" "L" -5 0 7 1.5 1.5 0 15.2 8.4 21.3 6.8 0 0 6.1 272 96 4.3 22.7
"4" "4" 2017-10-25 20.91 "DEN" "@" "CHO" "L" -17 0 15.3666666666667 0.875 0.875 5.4 0 3.1 0 0 0 0 10.4 178 122 6.1 6.1
"5" "5" 2017-10-27 20.92 "DEN" "@" "ATL" "W" 5 0 10.6333333333333 0.5 0.5 0 29.4 15.2 12 0 0 0 8.1 118 106 2.6 -1.4
"6" "6" 2017-10-29 20.92 "DEN" "@" "BRK" "W" 13 0 7.11666666666667 0 0 0 0 0 0 0 0 0 12.3 0 116 -1.8 -21
"7" "7" 2017-10-30 20.93 "DEN" "@" "NYK" "L" -6 0 6.15 0 0 0 0 0 0 0 0 0 7 0 129 -1.9 -24.8
"8" "8" 2017-11-01 20.93 "DEN" "" "TOR" "W" 18 0 12.2 0.5 0.5 10.4 9.1 9.7 0 0 0 0 24.4 107 117 3.5 -9.5
"9" "9" 2017-11-03 20.94 "DEN" "" "MIA" "W" 1 0 9.15 0 0 0 0 0 0 0 0 34.7 14 0 109 -3.3 -23.3
"10" "10" 2017-11-04 20.94 "DEN" "" "GSW" "L" -19 0 25.6166666666667 0.25 0.25 4.4 25.6 15.1 14.7 0 0 25 12.9 62 127 1.4 -9.3
"11" "11" 2017-11-07 20.95 "DEN" "" "BRK" "W" 8 0 16.3333333333333 0.333 0.333 0 12.8 6.3 7.7 0 0 0 14.6 77 102 1.1 -11.3
"12" "12" 2017-11-09 20.95 "DEN" "" "OKC" "W" 8 0 6.01666666666667 0.694 1 0 48.8 26.9 0 0 0 41 17.7 54 89 1.2 -6.2
"13" "13" 2017-11-11 20.96 "DEN" "" "ORL" "W" 18 0 8.11666666666667 0.5 0.5 14.4 13.1 13.8 0 0 0 0 21.3 118 116 3 -6.9
"14" "14" 2017-11-13 20.96 "DEN" "@" "POR" "L" -17 0 6 0.347 0 17 0 10.3 0 0 0 0 20.8 96 114 1.3 -3.8
"15" "15" 2017-11-17 20.98 "DEN" "" "NOP" "W" 32 0 5.05 0.717 0.625 0 0 0 25.7 0 0 0 41.3 168 122 5.7 9
"16" "" 2017-11-19 20.98 "DEN" "@" "LAL" "L" -18 NA NA NA NA NA NA NA NA NA NA NA NA NA NA NA NA
"17" "16" 2017-11-20 20.98 "DEN" "@" "SAC" "W" 16 0 2.51666666666667 1 1 0 0 0 83.2 0 0 0 17.7 208 110 2.4 26.7
"18" "17" 2017-11-22 20.99 "DEN" "@" "HOU" "L" -30 0 8.21666666666667 0.765 0.8 11 32.5 19.7 0 5.8 0 25.4 39.6 99 116 6.6 15.6
"19" "18" 2017-11-24 20.99 "DEN" "" "MEM" "W" 12 0 0.05 NA NA 0 0 0 0 0 0 NA 0 0 106 0 -5.3
"20" "19" 2017-11-28 21.01 "DEN" "@" "UTA" "L" -29 0 10.6666666666667 0.521 0.5 0 23.1 10.6 19.1 5.1 0 25.8 17.1 86 110 2.9 2.4
"21" "" 2017-11-30 21.01 "DEN" "" "CHI" "W" 1 NA NA NA NA NA NA NA NA NA NA NA NA NA NA NA NA
"22" "" 2017-12-02 21.02 "DEN" "" "LAL" "W" 15 NA NA NA NA NA NA NA NA NA NA NA NA NA NA NA NA
"23" "20" 2017-12-04 21.02 "DEN" "@" "DAL" "L" -17 0 7.6 1.136 NA 12.1 32.4 20.8 0 0 10.5 53.2 11 122 122 3 0.7
"24" "21" 2017-12-06 21.03 "DEN" "@" "NOP" "L" -9 0 17.4833333333333 0.538 0.571 0 6.7 3.1 16.8 2.8 0 11.8 20.6 102 125 5.6 0
"25" "22" 2017-12-08 21.03 "DEN" "@" "ORL" "W" 14 0 28.6666666666667 0.667 0.667 0 13.7 7.8 14.9 0 0 10 16.1 123 99 9.2 2.5
"26" "23" 2017-12-10 21.04 "DEN" "@" "IND" "L" -10 0 16.8 0.34 0.2 6.6 0 3.6 7.9 0 4.6 14.5 17.6 87 130 1.6 -9.9
"27" "24" 2017-12-12 21.04 "DEN" "@" "DET" "W" 19 0 23.9666666666667 0.364 0.364 0 16.3 9.5 0 0 0 8.3 23.5 65 93 0.9 -14.4
"28" "25" 2017-12-13 21.05 "DEN" "@" "BOS" "L" -6 0 17.7333333333333 0.45 0.375 5.9 16.9 10.4 0 0 0 10.1 22.8 102 134 3.5 -12.5
"29" "26" 2017-12-15 21.05 "DEN" "" "NOP" "W" 6 0 10.4333333333333 0 0 0 0 0 0 0 0 0 8.4 0 113 -1.4 -15.4
"30" "27" 2017-12-18 21.06 "DEN" "@" "OKC" "L" -1 0 9.73333333333333 0.75 0.75 0 0 0 0 5.4 0 0 9.6 142 99 2.2 3.3
"31" "28" 2017-12-20 21.07 "DEN" "" "MIN" "L" -8 0 5.7 0.375 0.375 0 0 0 30.5 0 0 20 40.7 71 127 0.3 -16.5
"32" "29" 2017-12-22 21.07 "DEN" "@" "POR" "W" 17 0 1.15 NA NA 0 0 0 0 0 0 NA 0 0 109 0 -5.6
"33" "30" 2017-12-23 21.07 "DEN" "@" "GSW" "W" 15 0 9.43333333333333 1 1 0 0 0 0 0 0 0 4.8 200 98 1.7 0.5
"34" "31" 2017-12-26 21.08 "DEN" "" "UTA" "W" 24 0 1.53333333333333 NA NA 0 0 0 0 0 0 NA 0 0 106 0 -3.1
"35" "" 2017-12-27 21.08 "DEN" "@" "MIN" "L" -3 NA NA NA NA NA NA NA NA NA NA NA NA NA NA NA NA
"36" "" 2017-12-30 21.09 "DEN" "" "PHI" "L" -5 NA NA NA NA NA NA NA NA NA NA NA NA NA NA NA NA
"37" "32" 2018-01-03 21.1 "DEN" "" "PHO" "W" 23 0 15.7166666666667 0.85 0.9 0 11.3 7.4 23.6 3 5.4 14.5 18.8 149 106 10.7 11.2
"38" "33" 2018-01-05 21.11 "DEN" "" "UTA" "W" 8 0 16.7666666666667 0.25 0.25 0 20.9 9.5 8.1 6 0 0 11.2 62 85 2.8 -1
"39" "34" 2018-01-06 21.11 "DEN" "@" "SAC" "L" -8 0 17.0666666666667 0.75 0.75 0 17.6 9.9 8.7 0 0 33.3 7.7 103 110 2.6 -0.2
"40" "35" 2018-01-08 21.12 "DEN" "@" "GSW" "L" -10 0 3.03333333333333 NA NA 0 0 0 0 0 0 NA 0 0 132 -0.4 -14.7
"41" "36" 2018-01-10 21.12 "DEN" "" "ATL" "L" -13 0 2.75 0 0 0 0 0 45.9 0 0 0 15.1 51 125 -0.4 -16.9
"42" "37" 2018-01-12 21.13 "DEN" "" "MEM" "W" 9 0 24.05 0.436 0.389 5 4.6 4.8 9.5 2.3 0 0 21 106 95 4.6 -2.1
"43" "38" 2018-01-13 21.13 "DEN" "@" "SAS" "L" -32 0 17.2833333333333 0 0 11.6 23.1 16.5 0 0 0 14.3 18.4 16 125 -3.3 -21.3
"44" "39" 2018-01-16 21.14 "DEN" "" "DAL" "W" 3 0 14.3166666666667 0.3 0.3 0 0 0 0 0 0 0 14.5 73 112 -0.5 -11.2
"45" "40" 2018-01-17 21.14 "DEN" "@" "LAC" "L" -5 0 10.1833333333333 0.667 0.667 9.2 0 4.6 14.5 9.3 0 0 11.4 155 99 5.7 13.1
"46" "41" 2018-01-19 21.15 "DEN" "" "PHO" "L" -8 0 12.9833333333333 0.75 0.75 0 0 0 0 3.9 0 0 7.2 137 112 3 1.4
"47" "" 2018-01-22 21.16 "DEN" "" "POR" "W" 3 NA NA NA NA NA NA NA NA NA NA NA NA NA NA NA NA
"48" "42" 2018-01-25 21.16 "DEN" "" "NYK" "W" 12 0 1 NA NA 0 0 0 0 0 0 NA 0 0 121 -0.4 -22.8
"49" "" 2018-01-27 21.17 "DEN" "" "DAL" "W" 2 NA NA NA NA NA NA NA NA NA NA NA NA NA NA NA NA
"50" "" 2018-01-29 21.18 "DEN" "" "BOS" "L" -1 NA NA NA NA NA NA NA NA NA NA NA NA NA NA NA NA
"51" "43" 2018-01-30 21.18 "DEN" "@" "SAS" "L" -2 0 12.9666666666667 0.667 0.667 0 18.1 9.1 0 0 5.4 25 14.1 91 115 3 -3.1
"52" "" 2018-02-01 21.18 "DEN" "" "OKC" "W" 3 NA NA NA NA NA NA NA NA NA NA NA NA NA NA NA NA
"53" "44" 2018-02-03 21.19 "DEN" "" "GSW" "W" 7 0 0.383333333333333 NA NA 0 0 0 0 0 0 NA 0 0 118 0 -5.4
"54" "45" 2018-02-05 21.19 "DEN" "" "CHO" "W" 17 0 1.8 0.5 0.5 0 0 0 0 0 0 33.3 81.9 56 121 0 -48.6
"55" "46" 2018-02-09 21.21 "DEN" "@" "HOU" "L" -26 0 17.0666666666667 0.543 0.5 0 6.5 3.2 8.4 0 0 0 16.9 113 138 5 -3.7
"56" "47" 2018-02-10 21.21 "DEN" "@" "PHO" "W" 10 0 1.81666666666667 NA NA 0 0 0 0 0 40.6 NA 0 0 85 0.7 21.3
"57" "48" 2018-02-13 21.22 "DEN" "" "SAS" "W" 8 0 13.05 0.5 0.5 0 10.8 4.8 0 0 0 33.3 9.9 62 118 0.3 -10.8
"58" "49" 2018-02-15 21.22 "DEN" "@" "MIL" "W" 11 0 5.25 0 0 0 0 0 0 0 0 0 8.2 0 128 -0.7 -17
"59" "50" 2018-02-23 21.24 "DEN" "" "SAS" "W" 3 0 7.05 1.5 1.5 0 0 0 16.5 7.1 0 0 5.9 273 116 4.4 21.3
"60" "51" 2018-02-25 21.25 "DEN" "" "HOU" "L" -5 0 20.9333333333333 0.414 0.4 0 13.1 5.9 6.2 2.4 5.5 8.4 23.8 83 123 4.4 -6.4
"61" "52" 2018-02-27 21.25 "DEN" "" "LAC" "L" -2 0 1.28333333333333 NA NA 0 0 0 0 0 0 NA 0 0 125 0 -5.8
"62" "" 2018-03-02 21.26 "DEN" "@" "MEM" "W" 6 NA NA NA NA NA NA NA NA NA NA NA NA NA NA NA NA
"63" "53" 2018-03-03 21.27 "DEN" "@" "CLE" "W" 9 0 5.26666666666667 0.75 0.75 0 0 0 0 0 0 0 17.9 130 132 2 0.7
"64" "54" 2018-03-06 21.27 "DEN" "@" "DAL" "L" -11 0 17.2833333333333 0.94 0.875 0 17.7 8.3 9.4 2.7 0 0 12.6 193 111 11 11.1
"65" "55" 2018-03-07 21.28 "DEN" "" "CLE" "L" -5 0 6.66666666666667 0.375 0.375 0 0 0 0 0 0 20 31.3 65 122 -0.8 -18.9
"66" "" 2018-03-09 21.28 "DEN" "" "LAL" "W" 9 NA NA NA NA NA NA NA NA NA NA NA NA NA NA NA NA
"67" "56" 2018-03-11 21.29 "DEN" "" "SAC" "W" 26 0 6.8 0.5 0.5 18.1 14.1 15.9 16.4 0 0 0 20.1 130 111 3 1.7
"68" "" 2018-03-13 21.29 "DEN" "@" "LAL" "L" -9 NA NA NA NA NA NA NA NA NA NA NA NA NA NA NA NA
"69" "57" 2018-03-15 21.3 "DEN" "" "DET" "W" 7 0 0.266666666666667 NA NA 0 0 0 0 0 0 NA 0 0 100 -0.4 -72.7
"70" "" 2018-03-17 21.3 "DEN" "@" "MEM" "L" -7 NA NA NA NA NA NA NA NA NA NA NA NA NA NA NA NA
"71" "58" 2018-03-19 21.31 "DEN" "@" "MIA" "L" -8 0 0.116666666666667 NA NA 0 0 0 0 0 0 NA 0 0 137 0 -7.1
"72" "59" 2018-03-21 21.32 "DEN" "@" "CHI" "W" 33 0 12 0.5 0.5 0 0 0 8.5 0 0 25 14.9 88 114 1 -9.9
"73" "" 2018-03-23 21.32 "DEN" "@" "WAS" "W" 8 NA NA NA NA NA NA NA NA NA NA NA NA NA NA NA NA
"74" "60" 2018-03-26 21.33 "DEN" "@" "PHI" "L" -19 0 4.93333333333333 1.5 1.5 0 0 0 0 0 15.7 0 8.5 300 121 3.4 21.7
"75" "" 2018-03-27 21.33 "DEN" "@" "TOR" "L" -4 NA NA NA NA NA NA NA NA NA NA NA NA NA NA NA NA
"76" "" 2018-03-30 21.34 "DEN" "@" "OKC" "W" 1 NA NA NA NA NA NA NA NA NA NA NA NA NA NA NA NA
"77" "61" 2018-04-01 21.35 "DEN" "" "MIL" "W" 3 0 1.75 0.568 NA 0 0 0 0 0 0 0 41.9 122 124 1.2 -1.3
"78" "" 2018-04-03 21.35 "DEN" "" "IND" "W" 3 NA NA NA NA NA NA NA NA NA NA NA NA NA NA NA NA
"79" "" 2018-04-05 21.36 "DEN" "" "MIN" "W" 4 NA NA NA NA NA NA NA NA NA NA NA NA NA NA NA NA
"80" "62" 2018-04-07 21.36 "DEN" "@" "LAC" "W" 19 0 1.75 1.5 1.5 0 0 0 0 0 0 0 26.9 300 131 2.7 48.4
"81" "" 2018-04-09 21.37 "DEN" "" "POR" "W" 6 NA NA NA NA NA NA NA NA NA NA NA NA NA NA NA NA
"82" "" 2018-04-11 21.37 "DEN" "@" "MIN" "L" -6 NA NA NA NA NA NA NA NA NA NA NA NA NA NA NA NA
"1" "1" 2018-10-17 21.89 "DEN" "@" "LAC" "W" 9 0 11.75 0.417 0.417 0 8 4 16.5 0 0 14.3 24.8 78 107 1.2 -7.5
"2" "2" 2018-10-20 21.9 "DEN" "" "PHO" "W" 28 0 7.56666666666667 0.5 0.5 0 23.1 13.5 0 6.2 0 0 11 101 77 1.4 -3.9
"3" "3" 2018-10-21 21.9 "DEN" "" "GSW" "W" 2 0 11.2333333333333 0.5 0.5 9.1 10.7 9.8 0 4.4 0 33.3 11.4 77 98 1.6 -4.2
"4" "4" 2018-10-23 21.91 "DEN" "" "SAC" "W" 14 0 19.4833333333333 0.55 0.55 0 5.7 2.8 0 0 4.5 0 20.9 117 116 6.6 -3.8
"5" "5" 2018-10-25 21.91 "DEN" "@" "LAL" "L" -7 0 10.5333333333333 1 1 0 21.2 10.6 0 0 0 0 7.6 200 119 4 2.6
"6" "6" 2018-10-29 21.92 "DEN" "" "NOP" "W" 5 0 31.45 0.667 0.667 0 23.5 10.8 8.9 0 0 10 13.1 117 113 9.5 -2.7
"7" "7" 2018-10-31 21.93 "DEN" "@" "CHI" "W" 1 0 30.5166666666667 0.333 0.333 3.5 14.2 8.8 0 1.7 0 18.2 15.5 64 108 1.4 -11.8
"8" "8" 2018-11-01 21.93 "DEN" "@" "CLE" "W" 19 0 23.9666666666667 0.313 0.313 0 0 0 21.7 0 0 11.1 17 91 116 1.2 -10
"9" "9" 2018-11-03 21.94 "DEN" "" "UTA" "W" 15 0 18.5666666666667 0.711 0.688 0 0 0 16.9 0 0 10.6 22.5 122 101 7.2 6.1
"10" "10" 2018-11-05 21.94 "DEN" "" "BOS" "W" 8 0 21.8833333333333 0.278 0.278 0 16.9 7.6 0 0 0 18.2 20.9 50 115 -2.4 -17.9
"11" "11" 2018-11-07 21.95 "DEN" "@" "MEM" "L" -2 0 6.13333333333333 0 0 0 0 0 0 0 0 0 7.4 0 111 -1.1 -16.4
"12" "12" 2018-11-09 21.95 "DEN" "" "BRK" "L" -2 0 22.0833333333333 0.8 0.8 0 12.8 6.8 6.5 0 0 0 9.5 169 118 6.5 2.8
"13" "13" 2018-11-11 21.96 "DEN" "" "MIL" "L" -7 0 21.9 0.625 0.625 0 25.8 11 0 2.3 0 11.1 18.3 102 126 6.4 -3.6
"14" "14" 2018-11-13 21.96 "DEN" "" "HOU" "L" -10 0 6.48333333333333 0 0 0 24.7 11.8 19.5 0 21.8 0 7.5 60 116 1 0.9
"15" "15" 2018-11-15 21.97 "DEN" "" "ATL" "W" 45 0 23.6 0.49 0.464 5.2 6.8 6.2 15 1.9 0 6.1 27.7 109 93 9.8 -4.3
"16" "16" 2018-11-17 21.98 "DEN" "@" "NOP" "L" -10 0 13.8666666666667 0.4 0.4 0 16.1 7.8 0 0 0 16.7 18.3 65 128 0.9 -13.9
"17" "17" 2018-11-19 21.98 "DEN" "@" "MIL" "L" -6 0 22.4333333333333 0.857 0.857 0 19.9 9.1 13.6 2.2 0 0 13 163 104 12.3 15.5
"18" "18" 2018-11-21 21.99 "DEN" "@" "MIN" "W" 2 0 14.25 1.1 1.1 0 17.3 8.4 0 0 0 0 16.1 194 112 8.5 11.4
"19" "19" 2018-11-23 21.99 "DEN" "" "ORL" "W" 25 0 15.3166666666667 0.833 0.833 7 0 3.6 8.3 3.3 0 0 8.4 172 93 5.7 6
"20" "20" 2018-11-24 21.99 "DEN" "@" "OKC" "W" 7 0 12.7166666666667 0.417 0.417 0 19.5 10.5 0 0 0 0 18.9 90 99 1.7 -7.1
"21" "21" 2018-11-27 22 "DEN" "" "LAL" "W" 32 0 35.8666666666667 0.672 0.643 0 10.3 5.4 0 2.8 0 0 17.4 143 88 16.6 6.3
"22" "22" 2018-11-30 22.01 "DEN" "@" "POR" "W" 1 0 13.25 0.75 0.75 0 0 0 0 3.8 0 0 6.6 146 120 2.6 -0.6
"23" "23" 2018-12-03 22.02 "DEN" "@" "TOR" "W" 3 0 26.5833333333333 0.938 0.938 3.7 4.4 4 6.2 0 0 0 12.1 179 109 13.5 9.8
"24" "24" 2018-12-05 22.02 "DEN" "@" "ORL" "W" 6 0 30.9 0.667 0.667 0 15.2 8.3 4.3 0 0 14.3 11.1 103 121 4.7 -6
"25" "25" 2018-12-07 22.03 "DEN" "@" "CHO" "L" -6 0 32.7833333333333 0.576 0.538 5.3 15.3 10 9.2 0 0 6.7 17.9 126 124 11.4 0.2
"26" "26" 2018-12-08 22.03 "DEN" "@" "ATL" "L" -8 0 23.0833333333333 0.563 0.531 0 4.5 2.1 0 3.9 0 0 29 109 100 12.9 8
"27" "27" 2018-12-10 22.04 "DEN" "" "MEM" "W" 6 0 15.4166666666667 0.5 0.5 0 0 0 31.5 0 0 0 21.8 124 123 5 -0.7
"28" "28" 2018-12-14 22.05 "DEN" "" "OKC" "W" 11 0 15.65 0 0 8.5 5.6 6.7 7.3 3.2 0 28.6 19.6 22 105 -3.2 -19.6
"29" "29" 2018-12-16 22.05 "DEN" "" "TOR" "W" 9 0 15.3166666666667 0.51 0.5 13.1 20 16.5 10.5 0 5.9 0 18.4 123 96 6.2 6.2
"30" "30" 2018-12-18 22.06 "DEN" "" "DAL" "W" 8 0 26.5 0.75 0.75 4.6 0 2.3 17.7 1.8 0 11.1 14.4 146 122 9.9 2.5
"31" "31" 2018-12-22 22.07 "DEN" "@" "LAC" "L" -21 0 28.15 0.381 0.357 6.1 9.2 7.3 5.3 8.5 0 0 21 91 119 9.7 -1.9
"32" "32" 2018-12-26 22.08 "DEN" "@" "SAS" "L" -8 0 30.3 0.553 0.526 2.9 22.1 11.4 21.3 1.6 0 0 28.1 115 112 16.7 5.4
"33" "33" 2018-12-28 22.09 "DEN" "" "SAS" "W" 3 0 25.7333333333333 0.795 0.727 0 11.7 6.2 7.2 0 0 0 21.9 171 111 17.7 12.6
"34" "34" 2018-12-29 22.09 "DEN" "@" "PHO" "W" 4 0 28.7 0.625 0.625 4.8 0 2.2 9.9 3.5 0 14.3 21.6 113 123 9.9 -0.7
"35" "35" 2019-01-01 22.1 "DEN" "" "NYK" "W" 7 0 29.9333333333333 0.724 0.7 0 18.5 10 25.7 1.7 0 0 22.5 158 116 22 13.6
"36" "36" 2019-01-03 22.1 "DEN" "@" "SAC" "W" 4 0 25.0333333333333 0.389 0.389 0 12.8 6.6 0 0 3.2 0 14.9 94 117 2.3 -8.7
"37" "37" 2019-01-05 22.11 "DEN" "" "CHO" "W" 13 0 22.4833333333333 0.5 0.5 0 10.4 4.6 0 0 4 0 7.2 107 119 2.1 -10.5
"38" "38" 2019-01-07 22.12 "DEN" "@" "HOU" "L" -12 0 26.2833333333333 0.636 0.636 0 15.2 6.8 5.5 1.8 0 0 17.3 135 126 10.5 2
"39" "39" 2019-01-08 22.12 "DEN" "@" "MIA" "W" 4 1 36.2666666666667 0.5 0.5 0 3 1.5 7.4 0 0 25 14.4 80 114 1.4 -9.7
"40" "40" 2019-01-10 22.12 "DEN" "" "LAC" "W" 21 1 31.0333333333333 0.75 0.75 3.4 0 1.7 19 3.2 2.5 0 13.6 169 102 17.3 12.6
"41" "41" 2019-01-12 22.13 "DEN" "@" "PHO" "L" -9 1 40.0666666666667 0.75 0.75 0 2.3 1.2 4.9 0 0 12.5 17 119 116 12.6 0.9
"42" "42" 2019-01-13 22.13 "DEN" "" "POR" "W" 3 1 37.3166666666667 0.722 0.722 0 3.3 1.7 10 2.7 0 10 12.8 131 118 11.3 4.5
"43" "43" 2019-01-15 22.14 "DEN" "" "GSW" "L" -31 1 32.7333333333333 0.786 0.786 0 3.8 1.7 0 0 0 0 19.2 140 152 15.7 1.8
"44" "44" 2019-01-17 22.14 "DEN" "" "CHI" "W" 30 1 33.9 0.874 0.857 6.7 20.6 14.2 3.3 0 0 11.8 10.7 158 113 12.9 -0.5
"45" "45" 2019-01-19 22.15 "DEN" "" "CLE" "W" 22 1 30.9166666666667 0.813 0.813 8.9 8.6 8.7 3.7 0 0 11.1 13.3 150 120 10.3 -0.8
"46" "46" 2019-01-23 22.16 "DEN" "@" "UTA" "L" -6 0 7.8 NA NA 0 0 0 0 0 0 NA 0 0 128 0 -8.2
"47" "47" 2019-01-25 22.16 "DEN" "" "PHO" "W" 37 0 22.9 0.72 0.636 0 14.6 6.8 0 2.1 0 0 23.3 155 95 14.8 5.8
"48" "48" 2019-01-26 22.17 "DEN" "" "PHI" "W" 16 0 20.3 0.583 0.583 0 4.6 2.6 7 2.3 0 7.7 26.3 110 109 8.2 -0.3
"49" "49" 2019-01-28 22.17 "DEN" "@" "MEM" "W" 3 0 24.3833333333333 0.648 0.654 0 16 7.5 25.4 2.1 0 0 26 137 99 14.9 14.8
"50" "50" 2019-01-30 22.18 "DEN" "@" "NOP" "W" 6 0 29.45 0.762 0.786 0 7.2 3.6 6 1.7 0 0 22.1 134 106 17.3 8
"51" "51" 2019-02-01 22.18 "DEN" "" "HOU" "W" 14 1 41.4333333333333 0.872 0.853 0 6.3 3.5 9.4 1.3 0 9.1 25.5 159 140 28 3.6
"52" "52" 2019-02-02 22.19 "DEN" "@" "MIN" "W" 1 1 28.7 0.786 0.786 0 8.2 3.8 0 3.7 0 6.7 23.9 135 114 17.4 9.8
"53" "53" 2019-02-04 22.19 "DEN" "@" "DET" "L" -26 1 30.5666666666667 0.595 0.577 6.7 4.1 5.5 5 1.6 0 0 18.4 124 133 11.5 -0.8
"54" "54" 2019-02-06 22.2 "DEN" "@" "BRK" "L" -5 1 31.8333333333333 0.567 0.567 0 7.4 3.4 3.8 1.4 0 6.3 19.9 107 127 9.8 -4.9
"55" "55" 2019-02-08 22.2 "DEN" "@" "PHI" "L" -7 1 35.3333333333333 0.545 0.545 0 10.4 5 0 0 0 15.4 15.8 83 120 4.4 -8.8
"56" "56" 2019-02-11 22.21 "DEN" "" "MIA" "W" 16 1 27.5833333333333 0.829 0.808 0 0 0 14.5 0 0 0 22 158 98 16.9 13.2
"57" "57" 2019-02-13 22.22 "DEN" "" "SAC" "W" 2 1 30.7166666666667 0.543 0.5 0 12.8 6.4 0 1.5 0 0 24.5 117 113 13.8 1.2
"58" "58" 2019-02-22 22.24 "DEN" "@" "DAL" "W" 10 1 26.8166666666667 0.597 0.55 3.2 7.3 5.1 20.6 1.7 0 21.6 19.6 108 104 8.9 0.7
"59" "59" 2019-02-24 22.25 "DEN" "" "LAC" "W" 27 1 24.5166666666667 1 1 9.1 0 4.2 5.1 0 0 0 6.4 199 98 7.3 3.5
"60" "60" 2019-02-26 22.25 "DEN" "" "OKC" "W" 9 1 25.3666666666667 0.667 0.667 4.4 11.4 8.1 10.7 1.8 0 14.3 10.9 123 106 6.4 0.7
"61" "61" 2019-02-28 22.26 "DEN" "" "UTA" "L" -7 1 24.4 0.5 0.5 3.9 12 7.9 5.8 0 9.6 0 9.7 118 113 6.7 1.1
"62" "62" 2019-03-02 22.26 "DEN" "" "NOP" "L" -8 0 22.1333333333333 0.444 0.444 4.8 9.4 7.1 6.7 2 0 0 16.2 100 114 5.5 -3.7
"63" "63" 2019-03-04 22.27 "DEN" "@" "SAS" "L" -1 0 22.1 0.656 0.636 0 15.9 7.6 23.3 2.3 0 0 22.8 136 107 12.9 10.3
"64" "64" 2019-03-06 22.27 "DEN" "@" "LAL" "W" 16 0 17.4833333333333 0.4 0.4 5.1 26.1 14.3 7.5 0 0 9.1 26.6 87 105 3.8 -7.1
"65" "65" 2019-03-08 22.28 "DEN" "@" "GSW" "L" -17 0 26.7833333333333 0.571 0.536 0 4.6 2 0 0 0 6.3 23.8 109 126 7.3 -0.7
"66" "66" 2019-03-12 22.29 "DEN" "" "MIN" "W" 26 0 20.1166666666667 0.625 0.625 0 17.5 10.1 20.6 0 0 20 11.3 128 117 5.3 -2.8
"67" "67" 2019-03-14 22.3 "DEN" "" "DAL" "W" 1 0 21.05 0.5 0.5 0 5.1 2.7 0 0 0 7.7 29.8 86 118 4.1 -9.3
"68" "68" 2019-03-16 22.3 "DEN" "" "IND" "W" 2 0 19.2666666666667 0.917 0.917 5.9 0 3.1 8.6 2.8 0 14.3 17.3 142 114 9.8 11.4
"69" "69" 2019-03-18 22.31 "DEN" "@" "BOS" "W" 9 0 18.5666666666667 0.318 0.318 0 5 2.9 6.8 5.2 0 0 24.6 79 102 3.1 -5.9
"70" "70" 2019-03-21 22.32 "DEN" "@" "WAS" "W" 5 0 20.75 0.556 0.556 0 18.8 8.9 6.3 2.5 0 0 20.9 114 118 7.5 -2.1
"71" "71" 2019-03-22 22.32 "DEN" "@" "NYK" "W" 18 0 22.2166666666667 0.368 0.3 4 16.3 10.1 6.1 0 3.7 15.5 24.8 78 99 1.9 -11.8
"72" "72" 2019-03-24 22.32 "DEN" "@" "IND" "L" -36 0 13.6166666666667 0.291 0.167 0 9.8 3.9 0 3.6 0 12.7 23.7 59 124 0.5 -12.2
"73" "" 2019-03-26 22.33 "DEN" "" "DET" "W" 3 NA NA NA NA NA NA NA NA NA NA NA NA NA NA NA NA
"74" "73" 2019-03-28 22.33 "DEN" "@" "HOU" "L" -27 0 23.35 0.202 0.111 0 9.8 4.9 0 2.2 0 23.3 24.8 33 121 -3.7 -19.4
"75" "74" 2019-03-29 22.34 "DEN" "@" "OKC" "W" 10 0 13.05 0.438 0.438 11.9 17.1 14.9 0 0 0 0 29.5 98 115 3.9 -8.3
"76" "75" 2019-03-31 22.34 "DEN" "" "WAS" "L" -5 0 18.6833333333333 0.276 0.25 4.5 19 11.6 8.6 0 0 0 24.8 68 99 1.6 -7.3
"77" "76" 2019-04-02 22.35 "DEN" "@" "GSW" "L" -14 0 13.4833333333333 0.5 0.5 0 8.7 3.7 0 3.3 0 40 14.4 54 112 0.6 -9.3
"78" "77" 2019-04-03 22.35 "DEN" "" "SAS" "W" 28 0 24.65 0.62 0.607 0 3.9 2.3 11.7 2.1 0 11.5 31.7 106 95 12.3 3
"79" "78" 2019-04-05 22.36 "DEN" "" "POR" "W" 9 0 17.2166666666667 0.643 0.643 0 0 0 17.5 6 0 0 18.5 140 116 9.1 9.2
"80" "79" 2019-04-07 22.36 "DEN" "@" "POR" "L" -7 0 24.1833333333333 0.49 0.5 7.5 4.2 6 13.2 2 0 6.1 28.5 102 120 9.1 -1.3
"81" "80" 2019-04-09 22.37 "DEN" "@" "UTA" "L" -10 0 31.3333333333333 0.873 0.885 0 0 0 5.6 3.1 3 6.5 22.4 147 119 21.1 14.6
"82" "81" 2019-04-10 22.37 "DEN" "" "MIN" "W" 4 0 16.5333333333333 0.35 0.35 0 12.1 6.2 0 0 0 0 27.3 76 107 1.8 -11.4
"1" "1" 2019-10-23 22.91 "DEN" "@" "POR" "W" 8 0 13.3833333333333 0.5 0.5 0 7.6 3.9 13.4 3.6 0 25 25.6 76 100 1.8 -5.7
"2" "2" 2019-10-25 22.91 "DEN" "" "PHO" "W" 1 0 28.7166666666667 0.743 0.727 7.1 7.9 7.5 8 1.7 0 8 18.8 133 105 14 7.5
"3" "3" 2019-10-28 22.92 "DEN" "@" "SAC" "W" 7 0 19.6 0.581 0.5 0 4.9 2.4 0 8 4.5 0 14.4 137 92 8.6 13
"4" "4" 2019-10-29 22.92 "DEN" "" "DAL" "L" -3 0 14.35 0.438 0.438 0 7.3 3.6 20.3 0 0 11.1 28.2 93 123 1.3 -12
"5" "5" 2019-10-31 22.93 "DEN" "@" "NOP" "L" -15 0 27.5666666666667 0.423 0.423 0 10.9 4.8 4.8 1.7 0 13.3 23.7 73 119 3 -7.7
"6" "6" 2019-11-02 22.93 "DEN" "@" "ORL" "W" 4 0 13.45 0.188 0.188 0 0 0 0 0 0 20 34.6 31 102 -4.2 -24.3
"7" "7" 2019-11-05 22.94 "DEN" "" "MIA" "W" 20 0 17.4 0.5 0.5 0 5.4 3 6.5 0 0 25 9.8 80 101 0.9 -6.4
"8" "8" 2019-11-08 22.95 "DEN" "" "PHI" "W" 3 0 7.03333333333333 0.5 0.5 0 15.2 7.6 21.2 0 0 33.3 19.6 74 109 1 -9.7
"9" "9" 2019-11-10 22.96 "DEN" "@" "MIN" "W" 2 0 4.53333333333333 NA NA 22.5 20.2 21.3 0 0 0 100 9.1 39 93 0 -9.6
"10" "" 2019-11-12 22.96 "DEN" "" "ATL" "L" -4 NA NA NA NA NA NA NA NA NA NA NA NA NA NA NA NA
"11" "" 2019-11-14 22.97 "DEN" "" "BRK" "W" 8 NA NA NA NA NA NA NA NA NA NA NA NA NA NA NA NA
"12" "10" 2019-11-17 22.98 "DEN" "@" "MEM" "W" 17 0 7.18333333333333 0.25 0.25 0 0 0 15.8 0 13.9 0 24.1 67 115 1 -12.1
"13" "" 2019-11-20 22.98 "DEN" "" "HOU" "W" 10 NA NA NA NA NA NA NA NA NA NA NA NA NA NA NA NA
"14" "" 2019-11-22 22.99 "DEN" "" "BOS" "W" 4 NA NA NA NA NA NA NA NA NA NA NA NA NA NA NA NA
"15" "11" 2019-11-24 22.99 "DEN" "" "PHO" "W" 12 0 10.5166666666667 0.75 0.75 9.5 11.4 10.4 26.9 0 0 33.3 24.6 114 118 3.6 2.3
"16" "12" 2019-11-26 23 "DEN" "" "WAS" "W" 13 0 18.8666666666667 0.765 0.7 0 19.2 10.8 12.9 2.3 0 25.4 16.7 116 95 7.5 2.4
"17" "13" 2019-11-30 23.01 "DEN" "@" "SAC" "L" -3 0 20.3166666666667 0.688 0.688 0 0 0 30.6 2.6 0 0 18.6 142 105 9.7 12.1
"18" "14" 2019-12-03 23.02 "DEN" "" "LAL" "L" -9 0 13.3333333333333 0.273 0.273 0 0 0 0 0 0 0 36.2 54 117 -0.5 -17
"19" "15" 2019-12-05 23.02 "DEN" "@" "NYK" "W" 37 0 23.6333333333333 0.709 0.722 0 9.2 5 5.2 0 0 9.2 20.5 121 100 9.6 -1.3
"20" "16" 2019-12-06 23.03 "DEN" "@" "BOS" "L" -13 0 15.1666666666667 0.143 0.143 0 0 0 0 0 0 0 19.7 35 118 -2.9 -18.5
"21" "17" 2019-12-08 23.03 "DEN" "@" "BRK" "L" -3 0 15.9166666666667 0.333 0.333 6.7 22.6 14.2 18.3 0 0 0 8.4 111 111 2.9 -4.3
"22" "18" 2019-12-10 23.04 "DEN" "@" "PHI" "L" -5 0 11.7 0.5 0.5 0 9.1 4.7 0 0 0 16.7 23.8 72 112 1.6 -9.5
"23" "" 2019-12-12 23.04 "DEN" "" "POR" "W" 15 NA NA NA NA NA NA NA NA NA NA NA NA NA NA NA NA
"24" "" 2019-12-14 23.05 "DEN" "" "OKC" "W" 8 NA NA NA NA NA NA NA NA NA NA NA NA NA NA NA NA
"25" "" 2019-12-15 23.05 "DEN" "" "NYK" "W" 6 NA NA NA NA NA NA NA NA NA NA NA NA NA NA NA NA
"26" "19" 2019-12-18 23.06 "DEN" "" "ORL" "W" 9 0 10.5333333333333 0.75 0.75 11.1 9.9 10.5 0 0 0 0 8.1 165 114 2.6 0.1
"27" "20" 2019-12-20 23.07 "DEN" "" "MIN" "W" 9 0 14.1833333333333 0.6 0.6 0 6.8 3.8 0 0 7.5 0 15.5 120 110 3.9 1.2
"28" "21" 2019-12-22 23.07 "DEN" "@" "LAL" "W" 24 0 21.5833333333333 0.673 0.682 0 9.9 5 14.1 2.4 0 0 23.3 146 115 12.9 7.2
"29" "22" 2019-12-23 23.07 "DEN" "@" "PHO" "W" 2 0 20.45 0.5 0.5 0 5.6 3 6.5 2.4 0 30 22.2 69 113 0.7 -12.9
"30" "23" 2019-12-25 23.08 "DEN" "" "NOP" "L" -12 0 21.8833333333333 0.464 0.464 0 21.4 9.5 16.9 0 4.7 0 27.4 102 119 8.1 0.7
"31" "24" 2019-12-28 23.09 "DEN" "" "MEM" "W" 9 0 2.33333333333333 NA NA 0 0 0 45.7 0 0 100 17.9 44 117 -0.7 -20.5
"32" "25" 2019-12-29 23.09 "DEN" "" "SAC" "W" 5 0 23.7666666666667 0.458 0.458 0 5.6 2.8 6.3 2.2 0 0 22.7 102 125 6.6 -5.1
"33" "26" 2019-12-31 23.1 "DEN" "@" "HOU" "L" -26 0 19.6 0.85 0.8 0 12.9 6 0 2.5 0 14.5 14.4 143 130 7.9 3.2
"34" "" 2020-01-02 23.1 "DEN" "@" "IND" "W" 8 NA NA NA NA NA NA NA NA NA NA NA NA NA NA NA NA
"35" "27" 2020-01-04 23.11 "DEN" "@" "WAS" "L" -14 0 16.4 0.667 0.667 0 0 0 0 2.9 0 0 15.4 132 130 5.6 2.7
"36" "" 2020-01-06 23.11 "DEN" "@" "ATL" "W" 8 NA NA NA NA NA NA NA NA NA NA NA NA NA NA NA NA
"37" "28" 2020-01-08 23.12 "DEN" "@" "DAL" "W" 1 0 26.1166666666667 0.5 0.5 0 26.3 12.1 10.9 0 4.4 16.7 20.8 87 115 5.8 -4.3
"38" "29" 2020-01-11 23.13 "DEN" "" "CLE" "L" -8 0 12.95 0.17 0 0 34.5 15.3 0 0 0 14.5 23.6 33 116 -1.3 -23.8
"39" "" 2020-01-12 23.13 "DEN" "" "LAC" "W" 10 NA NA NA NA NA NA NA NA NA NA NA NA NA NA NA NA
"40" "30" 2020-01-15 23.14 "DEN" "" "CHO" "W" 14 0 6.56666666666667 NA NA 0 0 0 38.5 7.8 0 NA 0 224 86 2.4 12.8
"41" "31" 2020-01-16 23.14 "DEN" "@" "GSW" "W" 3 0 39.2166666666667 0.76 0.719 0 10.6 5.5 3.9 3.6 0 0 18.3 159 114 22.3 6.5
"42" "32" 2020-01-19 23.15 "DEN" "" "IND" "L" -8 0 13.6333333333333 0.143 0.143 9 8.2 8.6 9.4 3.7 0 12.5 25.4 45 120 -1.2 -18
"43" "33" 2020-01-20 23.15 "DEN" "@" "MIN" "W" 7 0 23.9666666666667 0.506 0.45 0 11.8 6.3 0 6.4 0 8.4 22 98 99 8.1 0.1
"44" "34" 2020-01-22 23.16 "DEN" "@" "HOU" "L" -16 0 30.5333333333333 0.53 0.45 0 0 0 4.4 0 0 8.1 17 107 136 4.7 -10.9
"45" "35" 2020-01-24 23.16 "DEN" "@" "NOP" "W" 7 0 17.8833333333333 0.536 0.438 4.7 6.1 5.3 25.2 8.3 4.9 9.7 22 126 99 11 12.6
"46" "36" 2020-01-26 23.17 "DEN" "" "HOU" "W" 7 0 25.6166666666667 0.392 0.273 0 12.2 6.5 4.9 5.7 0 13.6 23.9 79 104 5.7 -7.4
"47" "37" 2020-01-28 23.17 "DEN" "@" "MEM" "L" -8 0 17.2666666666667 0.34 0.2 0 22.5 9.8 9.5 2.9 0 33.8 21.9 54 106 0.1 -13.4
"48" "38" 2020-01-30 23.18 "DEN" "" "UTA" "W" 6 0 23.8833333333333 0.394 0.313 5.3 10 7.7 22.3 0 0 0 17.3 109 113 5.9 -3
"49" "39" 2020-01-31 23.18 "DEN" "@" "MIL" "W" 12 0 26.75 0.643 0.625 0 14.4 7.5 4.6 3.3 0 7.4 20.8 114 105 11.7 2.7
"50" "40" 2020-02-02 23.19 "DEN" "@" "DET" "L" -5 0 24.0166666666667 0.667 0.667 0 5 2.5 23.9 2.2 0 0 17.3 149 130 11.8 4.7
"51" "41" 2020-02-04 23.19 "DEN" "" "POR" "W" 28 0 23.85 0.418 0.433 0 17.1 9.4 11.2 0 0 5.6 31.4 91 106 5.1 -11.4
"52" "" 2020-02-05 23.19 "DEN" "@" "UTA" "W" 3 NA NA NA NA NA NA NA NA NA NA NA NA NA NA NA NA
"53" "42" 2020-02-08 23.2 "MIN" "" "LAC" "W" 27 1 28.85 0.605 0.605 7.6 29.6 18.7 17.2 1.6 0 5 29 124 108 17.9 3.9
"54" "43" 2020-02-10 23.21 "MIN" "@" "TOR" "L" -11 1 31.5333333333333 0.545 0.5 0 16.5 7.7 9.7 1.4 0 22.5 21.7 90 127 6.6 -6.4
"55" "44" 2020-02-12 23.21 "MIN" "" "CHO" "L" -7 1 37.7 0.55 0.54 4.7 11.1 7.6 15.3 0 0 7.3 28.9 109 121 17.2 0.5
"56" "45" 2020-02-21 23.24 "MIN" "" "BOS" "L" -10 1 35.75 0.699 0.667 0 10.5 5.3 5.9 0 2 9.4 25.5 119 129 17.4 0.2
"57" "46" 2020-02-23 23.24 "MIN" "@" "DEN" "L" -12 1 34.1 0.576 0.538 6.7 24.8 14.8 4.5 1.3 2.3 6.3 18.8 116 121 14.1 0.3
"58" "47" 2020-02-24 23.25 "MIN" "@" "DAL" "L" -16 1 35.3666666666667 0.503 0.525 0 11.1 5.7 4.4 0 0 4.6 24.6 97 130 8.7 -5.7
"59" "48" 2020-02-26 23.25 "MIN" "@" "MIA" "W" 3 1 32.8166666666667 0.648 0.607 0 24.4 11.5 19.9 2.7 0 5.8 21.3 130 117 18.7 4.1
"60" "49" 2020-02-28 23.26 "MIN" "@" "ORL" "L" -11 1 34.4333333333333 0.472 0.472 0 15.1 6.4 3.8 1.3 0 0 20.8 93 126 9.7 -6.5
"61" "50" 2020-03-01 23.26 "MIN" "" "DAL" "L" -20 1 29.75 0.467 0.467 0 9.9 4.3 5.8 1.5 0 6.3 21.8 90 107 6.7 -1.4
"62" "51" 2020-03-03 23.27 "MIN" "@" "NOP" "W" 5 1 35.6 1.009 1 0 9 4.7 13.8 0 0 6.7 16.5 185 127 24.8 8.6
"63" "52" 2020-03-04 23.27 "MIN" "" "CHI" "W" 7 1 33.9833333333333 0.761 0.714 3.4 6.7 5.1 9.8 0 0 16 24.3 128 117 16.7 2
"64" "53" 2020-03-06 23.28 "MIN" "" "ORL" "L" -14 1 28.2166666666667 0.69 0.69 0 21.3 8.4 7.7 0 0 4.5 32.6 124 134 20.8 4.7
"65" "54" 2020-03-08 23.28 "MIN" "" "NOP" "L" -13 1 32.2666666666667 0.492 0.5 5.6 24.2 13.9 0 1.3 0 4.5 26.6 95 107 12.9 0.8
"66" "55" 2020-03-10 23.29 "MIN" "@" "HOU" "L" -6 1 32.6166666666667 0.227 0.227 0 11.6 6 4 1.5 0 15.4 17.2 47 118 -1.7 -13.8
"1" "1" 2020-12-23 24.07 "MIN" "" "DET" "W" 10 1 26.6166666666667 0.639 0.639 3.7 12.6 7.8 18.1 1.8 0 5.3 30.8 120 103 16.2 5.8
"2" "2" 2020-12-26 24.08 "MIN" "@" "UTA" "W" 5 1 38.7 0.491 0.441 5 10.6 7.7 0 1.2 0 9.8 21.4 97 112 9.3 -7.3
"3" "3" 2020-12-27 24.08 "MIN" "@" "LAL" "L" -36 1 24.45 0.388 0.333 0 27.3 10.4 12.2 1.8 0 0 16.1 94 120 6.4 -5
"4" "4" 2020-12-29 24.09 "MIN" "@" "LAC" "L" -23 1 28.0833333333333 0.487 0.375 0 19.5 8 0 0 0 4.9 31.7 98 131 9.6 -8
"5" "5" 2021-01-01 24.1 "MIN" "" "WAS" "L" -21 1 26.3 0.756 0.731 0 13.7 6.4 0 0 0 6.7 23.2 141 129 13.4 0.6
"6" "6" 2021-01-03 24.1 "MIN" "" "DEN" "L" -15 1 38.0666666666667 0.741 0.719 3.2 18.9 11.2 20.1 1.3 5.4 5.6 21.3 145 127 25.2 6.9
"7" "7" 2021-01-05 24.11 "MIN" "@" "DEN" "L" -7 1 37.65 0.412 0.313 6.1 12.1 9.1 14.3 0 0 5.2 20.9 100 125 9.8 -8
"8" "8" 2021-01-07 24.12 "MIN" "@" "POR" "L" -18 1 27.75 0.407 0.346 0 17.7 7.5 10.2 1.6 0 16.9 24.9 78 129 3.9 -11.2
"9" "9" 2021-01-09 24.12 "MIN" "" "SAS" "L" -3 1 40 0.725 0.725 0 9.8 5.2 7.9 0 0 9.1 24.4 127 122 19.2 4
"10" "10" 2021-01-10 24.12 "MIN" "" "SAS" "W" 8 1 35.3166666666667 0.621 0.583 0 7.8 4.2 0 0 0 0 25.2 124 98 15.9 3.4
"11" "11" 2021-01-13 24.13 "MIN" "" "MEM" "L" -11 1 33.9333333333333 0.576 0.565 6.6 10.9 8.9 30.2 1.4 1.7 3.9 31.8 120 118 22.7 9.8
"12" "12" 2021-01-18 24.15 "MIN" "@" "ATL" "L" -11 1 33.7166666666667 0.43 0.412 0 19.2 8.2 14.8 1.4 2.8 14.7 25.1 79 107 6.2 -5.1
"13" "13" 2021-01-20 24.15 "MIN" "" "ORL" "L" -1 1 33.55 0.433 0.433 6.7 14.9 11 24.8 1.5 0 6.3 22 100 105 10.5 -0.5
"14" "14" 2021-01-22 24.16 "MIN" "" "ATL" "L" -18 1 25.4166666666667 0.743 0.727 0 4.4 2 28.2 3.8 0 14.9 22.8 121 121 14.4 6.5
"15" "15" 2021-01-23 24.16 "MIN" "" "NOP" "W" 10 1 31.4 0.424 0.389 3.3 16.6 10 15.4 0 0 0 24.4 106 112 9.7 -5.9
"16" "16" 2021-01-25 24.16 "MIN" "@" "GSW" "L" -22 1 30.05 0.727 0.667 0 24.3 12 0 1.6 0 12.7 30.7 127 124 21.1 7.5
"17" "17" 2021-01-27 24.17 "MIN" "@" "GSW" "L" -12 1 30.4666666666667 0.581 0.5 0 20.2 9.3 6.1 1.5 0 4.4 29.9 117 121 16.6 1.8
"18" "18" 2021-01-29 24.18 "MIN" "" "PHI" "L" -24 1 30.05 0.566 0.553 3.7 13.9 9 15.5 0 0 13.4 33.2 95 120 11.4 -0.2
"19" "19" 2021-01-31 24.18 "MIN" "" "CLE" "W" 5 1 28.2166666666667 0.643 0.676 0 13.8 5.7 13.2 1.7 0 5.3 30.4 114 109 15.4 4.9
"20" "20" 2021-02-01 24.18 "MIN" "@" "CLE" "L" -2 1 33.1833333333333 0.357 0.357 11.1 9.6 10.4 13.2 1.5 0 22.2 22.7 75 108 4.2 -8.4
"21" "21" 2021-02-03 24.19 "MIN" "@" "SAS" "L" -3 1 31.7 0.786 0.778 3.2 16.1 9.7 6.1 1.5 0 0 25.7 155 112 24.3 11.7
"22" "22" 2021-02-05 24.19 "MIN" "@" "OKC" "W" 3 1 32.2333333333333 0.632 0.632 3.2 14.5 8.6 16.2 1.5 0 9.5 27.7 115 106 16.1 5
"23" "23" 2021-02-06 24.2 "MIN" "@" "OKC" "L" -2 1 33.8666666666667 0.437 0.447 11.8 8.1 10.2 19.1 1.4 0 9.3 26.3 102 123 12 -4.6
"24" "24" 2021-02-08 24.2 "MIN" "@" "DAL" "L" -5 1 34.3333333333333 0.635 0.619 3.1 25.4 14.1 29.9 1.4 2.6 0 29.4 135 122 27.5 11.8
"25" "25" 2021-02-10 24.21 "MIN" "" "LAC" "L" -7 1 34.3166666666667 0.581 0.467 5.3 11 7.7 8.2 1.4 0 10 23.7 120 125 13.2 -1.8
"26" "26" 2021-02-12 24.21 "MIN" "@" "CHO" "L" -6 1 36.5166666666667 0.738 0.738 2.5 12.2 6.9 4.5 1.3 0 4.5 25.6 131 119 22.5 6.9
"27" "27" 2021-02-14 24.22 "MIN" "@" "TOR" "W" 4 1 37.2333333333333 0.769 0.769 0 8.6 5 22.8 1.3 0 18.8 19 126 115 16.8 6.1
"28" "28" 2021-02-16 24.22 "MIN" "" "LAL" "L" -8 1 36.45 0.367 0.367 0 8 3.5 3.9 1.4 0 21.1 22 61 119 -1.2 -14.9
"29" "29" 2021-02-17 24.23 "MIN" "" "IND" "L" -6 0 41.0333333333333 0.609 0.62 0 6 2.7 13.7 3.5 0 10.5 28.5 102 121 19.8 1.3
"30" "30" 2021-02-19 24.23 "MIN" "" "TOR" "L" -5 1 33.2666666666667 0.406 0.406 3.4 11.1 7.7 5.8 0 3.2 5.9 24.3 77 100 6.1 -2.9
"31" "31" 2021-02-21 24.24 "MIN" "@" "NYK" "L" -4 1 37.9333333333333 0.5 0.5 0 10.8 5.6 8.3 1.3 0 14.3 8.3 91 109 4.8 -4.6
"32" "32" 2021-02-23 24.24 "MIN" "@" "MIL" "L" -27 1 33.6833333333333 0.813 0.813 0 3.2 1.5 20.5 1.3 0 11.1 22.1 128 134 20.9 7
"33" "33" 2021-02-24 24.25 "MIN" "@" "CHI" "L" -7 1 37.0666666666667 0.599 0.575 0 8.2 3.4 4.2 0 0 8.7 25.1 111 124 12.7 -2.5
"34" "" 2021-02-27 24.25 "MIN" "@" "WAS" "L" -16 NA NA NA NA NA NA NA NA NA NA NA NA NA NA NA NA
"35" "" 2021-02-28 24.26 "MIN" "" "PHO" "L" -19 NA NA NA NA NA NA NA NA NA NA NA NA NA NA NA NA
"36" "" 2021-03-03 24.27 "MIN" "" "CHO" "L" -33 NA NA NA NA NA NA NA NA NA NA NA NA NA NA NA NA
"37" "" 2021-03-11 24.29 "MIN" "@" "NOP" "W" 30 NA NA NA NA NA NA NA NA NA NA NA NA NA NA NA NA
"38" "" 2021-03-13 24.29 "MIN" "" "POR" "L" -4 NA NA NA NA NA NA NA NA NA NA NA NA NA NA NA NA
"39" "" 2021-03-14 24.3 "MIN" "" "POR" "W" 2 NA NA NA NA NA NA NA NA NA NA NA NA NA NA NA NA
"40" "" 2021-03-16 24.3 "MIN" "@" "LAL" "L" -16 NA NA NA NA NA NA NA NA NA NA NA NA NA NA NA NA
"41" "" 2021-03-18 24.31 "MIN" "@" "PHO" "W" 4 NA NA NA NA NA NA NA NA NA NA NA NA NA NA NA NA
"42" "" 2021-03-19 24.31 "MIN" "@" "PHO" "L" -12 NA NA NA NA NA NA NA NA NA NA NA NA NA NA NA NA
"43" "" 2021-03-22 24.32 "MIN" "" "OKC" "L" -9 NA NA NA NA NA NA NA NA NA NA NA NA NA NA NA NA
"44" "" 2021-03-24 24.32 "MIN" "" "DAL" "L" -20 NA NA NA NA NA NA NA NA NA NA NA NA NA NA NA NA
"45" "" 2021-03-26 24.33 "MIN" "" "HOU" "W" 6 NA NA NA NA NA NA NA NA NA NA NA NA NA NA NA NA
"46" "34" 2021-03-27 24.33 "MIN" "" "HOU" "L" -22 1 29.7 0.364 0.324 3.9 12.1 8 16.4 3.4 0 5.3 28.2 85 132 7 -9.3
"47" "35" 2021-03-29 24.34 "MIN" "@" "BRK" "L" -5 1 31.1333333333333 0.375 0.375 0 3.8 1.5 17.4 0 0 25 19.7 69 119 -1.1 -12.9
"48" "36" 2021-03-31 24.34 "MIN" "" "NYK" "W" 1 1 32.0166666666667 0.859 0.833 0 3.9 1.9 0 1.6 2.5 7.9 17.7 148 109 15.9 6.9
"49" "37" 2021-04-02 24.35 "MIN" "@" "MEM" "L" -12 1 28.5833333333333 0.208 0.208 0 10.5 5.5 0 0 0 0 19 42 128 -2.1 -18.7
"50" "" 2021-04-03 24.35 "MIN" "@" "PHI" "L" -9 NA NA NA NA NA NA NA NA NA NA NA NA NA NA NA NA
"51" "" 2021-04-05 24.36 "MIN" "" "SAC" "W" 10 NA NA NA NA NA NA NA NA NA NA NA NA NA NA NA NA
"52" "" 2021-04-07 24.36 "MIN" "@" "IND" "L" -4 NA NA NA NA NA NA NA NA NA NA NA NA NA NA NA NA
"53" "" 2021-04-09 24.37 "MIN" "@" "BOS" "L" -9 NA NA NA NA NA NA NA NA NA NA NA NA NA NA NA NA
"54" "" 2021-04-11 24.37 "MIN" "" "CHI" "W" 4 NA NA NA NA NA NA NA NA NA NA NA NA NA NA NA NA
"55" "" 2021-04-13 24.38 "MIN" "" "BRK" "L" -30 NA NA NA NA NA NA NA NA NA NA NA NA NA NA NA NA
"56" "" 2021-04-14 24.38 "MIN" "" "MIL" "L" -25 NA NA NA NA NA NA NA NA NA NA NA NA NA NA NA NA
"57" "" 2021-04-16 24.39 "MIN" "" "MIA" "W" 8 NA NA NA NA NA NA NA NA NA NA NA NA NA NA NA NA
"58" "" 2021-04-18 24.39 "MIN" "@" "LAC" "L" -19 NA NA NA NA NA NA NA NA NA NA NA NA NA NA NA NA
"59" "" 2021-04-20 24.4 "MIN" "@" "SAC" "W" 14 NA NA NA NA NA NA NA NA NA NA NA NA NA NA NA NA
"60" "" 2021-04-21 24.4 "MIN" "@" "SAC" "L" -3 NA NA NA NA NA NA NA NA NA NA NA NA NA NA NA NA
"61" "" 2021-04-24 24.41 "MIN" "@" "UTA" "W" 5 NA NA NA NA NA NA NA NA NA NA NA NA NA NA NA NA
"62" "" 2021-04-26 24.41 "MIN" "" "UTA" "W" 1 NA NA NA NA NA NA NA NA NA NA NA NA NA NA NA NA
"63" "" 2021-04-27 24.42 "MIN" "@" "HOU" "W" 7 NA NA NA NA NA NA NA NA NA NA NA NA NA NA NA NA
"64" "" 2021-04-29 24.42 "MIN" "" "GSW" "W" 12 NA NA NA NA NA NA NA NA NA NA NA NA NA NA NA NA
"65" "" 2021-05-01 24.43 "MIN" "" "NOP" "L" -4 NA NA NA NA NA NA NA NA NA NA NA NA NA NA NA NA
"66" "" 2021-05-05 24.44 "MIN" "" "MEM" "L" -4 NA NA NA NA NA NA NA NA NA NA NA NA NA NA NA NA
"67" "" 2021-05-07 24.44 "MIN" "@" "MIA" "L" -9 NA NA NA NA NA NA NA NA NA NA NA NA NA NA NA NA
"68" "" 2021-05-09 24.45 "MIN" "@" "ORL" "W" 32 NA NA NA NA NA NA NA NA NA NA NA NA NA NA NA NA
"69" "" 2021-05-11 24.45 "MIN" "@" "DET" "W" 19 NA NA NA NA NA NA NA NA NA NA NA NA NA NA NA NA
"70" "" 2021-05-13 24.46 "MIN" "" "DEN" "L" -11 NA NA NA NA NA NA NA NA NA NA NA NA NA NA NA NA
"71" "" 2021-05-15 24.47 "MIN" "" "BOS" "L" -16 NA NA NA NA NA NA NA NA NA NA NA NA NA NA NA NA
"72" "" 2021-05-16 24.47 "MIN" "" "DAL" "W" 15 NA NA NA NA NA NA NA NA NA NA NA NA NA NA NA NA
