"Rk" "G" "Date" "Age" "Tm" "H/A" "Opp" "W/L" "By Amt" "GS" "MP" "TS%" "eFG%" "ORB%" "DRB%" "TRB%" "AST%" "STL%" "BLK%" "TOV%" "USG%" "ORtg" "DRtg" "GmSc" "BPM"
"1" "1" 1983-10-28 23.05 "MIL" "" "IND" "W" 21 0 13 0.125 0.125 22.2 5.9 13.1 9.6 0 3.6 0 23.2 61 90 0.2 NA
"2" "2" 1983-11-01 23.06 "MIL" "@" "DET" "L" -13 0 4 0 0 72.7 0 33.3 0 0 0 66.7 34.6 39 120 -1.3 NA
"3" "3" 1983-11-02 23.06 "MIL" "@" "BOS" "L" -14 0 7 0.333 0.333 0 0 0 0 0 0 0 19 78 132 -1.3 NA
"4" "4" 1983-11-06 23.07 "MIL" "" "ATL" "W" 13 0 5 0.906 1 0 0 0 0 0 0 0 25.4 190 101 4.3 NA
"5" "5" 1983-11-08 23.08 "MIL" "@" "NYK" "W" 7 0 11 0.347 0.5 0 21.3 10.8 0 4.7 5.6 0 12.4 64 86 0.5 NA
"6" "6" 1983-11-09 23.08 "MIL" "" "KCK" "W" 2 0 17 0.82 0.75 0 8.1 4.1 0 2.9 3.8 38.1 20.3 89 94 4.6 NA
"7" "7" 1983-11-11 23.08 "MIL" "@" "NJN" "L" -4 0 8 0.532 0 0 13.3 7.8 15 0 7.1 0 9.9 147 109 1 NA
"8" "8" 1983-11-13 23.09 "MIL" "" "SEA" "W" 1 0 9 0 0 0 36.8 17.2 12.1 0 8.2 50 9.8 28 109 -0.5 NA
"9" "9" 1983-11-15 23.1 "MIL" "@" "LAL" "L" -29 0 15 0.222 0 0 51.6 22.2 17.8 3.1 0 12.9 21.6 55 116 1.6 NA
"10" "10" 1983-11-18 23.1 "MIL" "@" "PHO" "W" 15 0 6 0.667 0.667 0 32.7 19.5 0 0 0 25 30.2 93 99 1.5 NA
"11" "11" 1983-11-19 23.11 "MIL" "@" "DEN" "L" -7 0 6 1 1 0 16 8.4 0 0 0 50 12.1 76 119 0.6 NA
"12" "12" 1983-11-23 23.12 "MIL" "" "GSW" "W" 24 0 3 1 1 0 0 0 51.6 0 16.3 0 13.3 200 100 2.7 NA
"13" "13" 1983-11-26 23.13 "MIL" "" "WSB" "W" 17 0 5 0.25 0.25 58.8 0 28 27.1 0 21.8 0 33.3 101 93 3.8 NA
"14" "14" 1983-11-29 23.13 "MIL" "@" "WSB" "W" 6 0 9 0 0 9.9 23.7 16.2 14 0 7.3 0 13.9 36 92 0.6 NA
"15" "15" 1983-11-30 23.14 "MIL" "" "DEN" "W" 17 0 5 0.667 0.667 0 17.8 9.3 0 0 0 0 21.2 136 113 2.6 NA
"16" "16" 1983-12-02 23.14 "MIL" "" "NJN" "W" 15 0 4 0 0 0 0 0 0 0 13.5 0 8.9 0 105 -0.8 NA
"17" "17" 1983-12-09 23.16 "MIL" "@" "CLE" "W" 13 0 6 1 1 0 0 0 0 0 0 0 7.2 200 102 0.9 NA
"18" "18" 1983-12-13 23.17 "MIL" "@" "CHI" "L" -8 0 8 0.667 0.667 0 13.3 6.9 0 0 0 0 17.5 130 113 2.6 NA
"19" "19" 1983-12-14 23.18 "MIL" "@" "PHI" "L" -22 0 11 0.167 0.167 0 15 5.8 0 4.6 0 0 23.9 40 117 -2.1 NA
"20" "20" 1983-12-16 23.18 "MIL" "" "DAL" "W" 5 0 13 0.333 0.333 19.4 16.1 17.6 10.7 0 0 14.3 23.1 86 113 1.1 NA
"21" "21" 1983-12-22 23.2 "MIL" "" "CHI" "L" -17 1 12 0.667 0.667 10.5 0 5.3 0 0 0 57.1 24.6 54 130 -1.4 NA
"22" "22" 1983-12-23 23.2 "MIL" "@" "CLE" "W" 6 0 12 0.5 0.5 0 7.4 4.1 0 4.2 4.8 0 14.9 102 80 2.8 NA
"23" "23" 1983-12-27 23.21 "MIL" "@" "IND" "L" -11 1 19 0.429 0.429 16.8 13 15 0 0 0 22.2 19.6 81 117 2.2 NA
"24" "24" 1983-12-28 23.21 "MIL" "@" "NJN" "W" 4 1 4 NA NA 0 31.6 14 0 0 0 NA 0 0 94 -0.1 NA
"25" "25" 1983-12-30 23.22 "MIL" "" "POR" "W" 5 1 6 0.644 0.667 0 39 20.5 0 0 0 0 28.4 130 88 3.9 NA
"26" "26" 1984-01-05 23.24 "MIL" "" "PHI" "L" -1 1 5 0 0 70.7 0 39.3 0 0 0 33.3 25.9 46 110 -0.7 NA
"27" "27" 1984-01-06 23.24 "MIL" "@" "ATL" "L" -4 1 12 0.425 0.4 16 8 12 0 0 5.1 0 20.9 102 96 3.5 NA
"28" "28" 1984-01-08 23.24 "MIL" "" "DET" "L" -11 1 5 1 1 17.1 0 9.8 0 0 10.9 50 15.1 86 119 1.7 NA
"29" "29" 1984-01-15 23.26 "MIL" "" "BOS" "W" 19 0 1 0.5 0.5 100 0 51.1 0 0 0 0 86.9 135 105 1.7 NA
"30" "30" 1984-01-17 23.27 "MIL" "@" "IND" "W" 20 1 5 0 0 0 16.8 9.8 0 0 0 66.7 25.9 0 94 -2.4 NA
"31" "31" 1984-01-20 23.28 "MIL" "" "WSB" "W" 30 0 15 0.4 0.4 21.8 28.4 25.2 6.6 0 11.3 28.6 17.9 88 91 4.2 NA
"32" "32" 1984-01-22 23.28 "MIL" "@" "BOS" "L" -11 0 3 0 0 0 31.4 16.5 0 0 0 0 14 0 104 -0.4 NA
"33" "33" 1984-02-03 23.32 "MIL" "@" "POR" "L" -6 0 4 0.5 0.5 0 66.7 33.3 0 0 0 33.3 30.7 66 109 0.6 NA
"34" "34" 1984-02-04 23.32 "MIL" "@" "UTA" "L" -14 0 2 0.333 0.333 NA NA 72.7 0 NA 0 0 60.5 59 107 NA NA
"35" "35" 1984-02-07 23.33 "MIL" "@" "KCK" "W" 2 0 4 1 1 27.6 0 14.6 0 0 0 50 21.6 96 113 0.6 NA
"36" "36" 1984-02-12 23.34 "MIL" "" "SDC" "W" 7 0 5 0 0 22.6 19.6 21 0 0 11.5 0 8.9 62 96 1 NA
"37" "37" 1984-02-15 23.35 "MIL" "@" "IND" "W" 16 0 5 0 0 0 44.7 23.1 22.9 0 0 50 34.5 15 90 -2.9 NA
"38" "38" 1984-02-21 23.36 "MIL" "@" "HOU" "L" -17 0 11 0.167 0.167 7.9 0 4.5 0 4.2 5.6 0 21.3 50 110 -0.6 NA
"39" "39" 1984-02-25 23.38 "MIL" "@" "SAS" "W" 11 0 1 0 0 0 0 0 0 0 0 0 43.3 0 133 -0.7 NA
"40" "40" 1984-02-29 23.39 "MIL" "" "CHI" "W" 29 0 5 1.136 NA 0 0 0 0 0 0 0 7.5 250 96 1.6 NA
"41" "41" 1984-03-06 23.4 "MIL" "@" "ATL" "W" 5 0 17 0.403 0.25 26 6.2 15.9 0 3.1 3.9 7.5 35.5 98 104 6.2 NA
"42" "42" 1984-03-11 23.42 "MIL" "" "ATL" "L" -14 0 11 0.515 0.333 0 12.8 5.1 0 0 0 0 14.5 130 119 1.4 NA
"43" "43" 1984-03-13 23.42 "MIL" "" "DET" "W" 21 0 4 0.5 0.5 0 0 0 0 0 13.6 0 42.8 100 91 2.7 NA
"44" "44" 1984-03-14 23.42 "MIL" "@" "PHI" "L" -1 0 16 0.82 0.75 40.5 0 17.6 9.7 0 10.8 17 16.8 153 103 10.1 NA
"45" "45" 1984-03-16 23.43 "MIL" "@" "BOS" "L" -10 0 15 0.481 0.429 8.4 33.7 21.1 10.9 3.4 4 0 24.3 117 105 7.8 NA
"46" "46" 1984-03-18 23.44 "MIL" "" "WSB" "W" 8 0 1 NA NA 0 0 0 0 0 0 NA 0 0 119 0 NA
"47" "47" 1984-03-21 23.44 "MIL" "@" "NJN" "W" 7 0 5 0 0 0 0 0 0 0 0 50 17.6 0 107 -1.7 NA
"48" "48" 1984-03-24 23.45 "MIL" "" "IND" "W" 14 0 10 0.286 0.286 37.9 38.9 38.4 14 0 12.8 12.5 34.8 85 88 2.8 NA
"49" "49" 1984-03-28 23.46 "MIL" "" "CLE" "W" 32 0 13 0.515 0.5 21.7 25 23.8 0 0 11.3 11.4 27.8 103 83 6.3 NA
"50" "50" 1984-03-30 23.47 "MIL" "" "CHI" "W" 33 0 14 0 0 0 6.6 3.9 0 3.2 7.9 40 13.9 0 76 -2.6 NA
"51" "51" 1984-03-31 23.47 "MIL" "@" "DET" "L" -2 0 2 1 1 54.5 0 25 0 0 0 0 21.1 201 118 2.4 NA
"52" "52" 1984-04-03 23.48 "MIL" "" "NJN" "W" 17 0 6 0.2 0.2 19.5 19.5 19.5 21.6 0 0 0 33.5 74 93 -0.2 NA
"53" "53" 1984-04-07 23.49 "MIL" "" "DET" "W" 18 0 6 0.333 0.333 0 0 0 0 0 9.8 0 21.5 72 95 0.2 NA
"54" "54" 1984-04-10 23.5 "MIL" "" "BOS" "L" -1 0 5 0 0 0 24.6 11.6 0 0 24.9 0 9.1 0 84 0.2 NA
"55" "55" 1984-04-11 23.5 "MIL" "@" "CLE" "W" 13 0 7 0.827 0.8 0 0 0 0 0 8.3 0 35.3 164 107 7.4 NA
"56" "56" 1984-04-13 23.51 "MIL" "@" "CHI" "W" 24 0 18 0.429 0.429 5.9 4.9 5.4 7.2 5.3 3.2 12.5 17.7 89 80 3.3 NA
"57" "57" 1984-04-14 23.51 "MIL" "" "IND" "W" 12 0 21 0.781 0.75 7.4 10.2 9 6.2 0 5.9 14.8 13.6 142 92 8.2 NA
"1" "1" 1984-10-27 24.04 "MIL" "" "CHI" "W" 2 0 25 0.484 0.444 21.3 11.3 16 0 1.9 2.2 8.8 17.8 111 102 8.8 -1.2
"2" "2" 1984-10-29 24.05 "MIL" "@" "CHI" "L" -6 0 19 0.667 0.667 20.5 29.7 24.9 6.7 0 0 25 8.2 122 114 3.7 -1.1
"3" "3" 1984-10-31 24.05 "MIL" "" "WSB" "W" 26 0 6 0.833 0.833 0 17.8 9.3 0 0 19.8 0 43.1 163 71 9.1 39.6
"4" "4" 1984-11-02 24.06 "MIL" "@" "WSB" "W" 6 0 7 0.333 0.333 0 0 0 0 6.8 8.4 0 18.7 69 83 1.6 1.9
"5" "5" 1984-11-03 24.06 "MIL" "" "CLE" "W" 29 0 19 0.582 0.583 15.2 18 16.5 7.8 0 6.7 0 25.2 140 89 13.3 9.6
"6" "6" 1984-11-07 24.07 "MIL" "" "ATL" "W" 4 0 22 0.394 0.375 21.3 29.5 25.2 6.5 0 11.3 36 25.3 66 96 4.6 -5
"7" "7" 1984-11-09 24.08 "MIL" "" "IND" "W" 17 0 23 0.753 0.75 5.6 13.6 10.1 10.8 0 4.9 23.1 15.4 122 101 8.8 4.1
"8" "8" 1984-11-10 24.08 "MIL" "@" "DET" "L" -4 0 20 0.286 0.286 20.6 19.6 20 21.1 2.5 0 12.5 17.6 90 104 4.5 -0.8
"9" "9" 1984-11-13 24.09 "MIL" "@" "ATL" "W" 11 0 16 0.258 0 0 10.2 5.7 0 2.9 9.7 0 9.4 71 91 2 -0.7
"10" "10" 1984-11-15 24.1 "MIL" "@" "LAC" "W" 13 0 12 0.5 0.5 0 0 0 0 0 0 0 7.3 118 101 -0.6 -10.6
"11" "11" 1984-11-16 24.1 "MIL" "@" "PHO" "L" -12 0 22 0.588 0.545 14.5 11.2 13 24.3 0 2.7 7.3 24.3 129 115 12.6 6.3
"12" "12" 1984-11-18 24.1 "MIL" "@" "LAL" "L" -7 0 9 0 0 0 13 6.2 13.7 0 0 0 5.1 48 106 0.3 -3.1
"13" "13" 1984-11-20 24.11 "MIL" "@" "DAL" "L" -1 0 8 0.5 0.5 14.6 13.6 14.1 15.8 0 0 0 10.5 143 117 2.7 5.4
"14" "14" 1984-11-21 24.11 "MIL" "" "CHI" "W" 10 0 7 0 0 0 0 0 0 0 9.7 25 23.4 0 98 -2.8 -23
"15" "15" 1984-11-24 24.12 "MIL" "" "GSW" "W" 6 0 19 0.25 0.25 7.9 21.5 16 12.8 0 3 33.3 13.9 62 102 0.8 -7.5
"16" "16" 1984-11-27 24.13 "MIL" "@" "IND" "L" -21 0 19 0.333 0.333 8.3 11.2 9.5 0 0 0 14.3 14.4 73 122 -0.4 -15.3
"17" "17" 1984-11-28 24.13 "MIL" "@" "ATL" "L" -12 0 15 0.4 0.286 12.1 0 6.9 0 0 4.4 10.2 26.5 91 105 3.2 -4.4
"18" "18" 1984-11-30 24.14 "MIL" "" "NYK" "W" 18 0 8 0.291 0.167 15 15.4 15.2 0 6.5 0 0 37.2 84 99 1.8 -17.8
"19" "19" 1984-12-01 24.14 "MIL" "@" "WSB" "L" -3 0 7 0 0 0 19.6 9.8 16.7 0 0 0 6.3 55 110 -0.5 -6.7
"20" "20" 1984-12-05 24.15 "MIL" "@" "PHI" "L" -1 0 11 0.512 0.5 9.7 9.3 9.5 0 4.2 0 17 21.9 91 107 2.8 -5.9
"21" "21" 1984-12-06 24.15 "MIL" "" "DET" "W" 15 0 4 0 0 0 0 0 26.1 12.5 0 0 20.4 39 85 -0.1 -4.8
"22" "22" 1984-12-08 24.16 "MIL" "" "IND" "W" 3 0 11 0.333 0.333 0 31.9 14.5 0 0 5.8 25 14.6 53 90 0.5 -5.9
"23" "23" 1984-12-11 24.17 "MIL" "@" "CLE" "W" 14 0 9 0.532 0.5 22.7 11.1 16.8 0 0 6.3 0 16.7 133 109 4.2 1.2
"24" "24" 1984-12-12 24.17 "MIL" "@" "NJN" "L" -7 0 15 0.527 0.5 26.7 8.2 17.1 0 0 0 23.1 24.5 98 125 4.2 -4.7
"25" "25" 1984-12-14 24.18 "MIL" "" "PHI" "L" -4 0 10 0.781 0.75 24 15.5 20.3 0 0 13 25.8 30.1 118 120 7.7 9
"26" "26" 1984-12-16 24.18 "MIL" "" "UTA" "W" 13 0 7 0.5 0.5 0 0 0 0 6.9 0 0 12.1 106 96 1.2 -2.8
"27" "27" 1984-12-19 24.19 "MIL" "@" "BOS" "W" 15 0 4 0 0 0 0 0 0 0 0 0 11 0 109 -2.3 -34.3
"28" "28" 1984-12-21 24.19 "MIL" "@" "PHI" "W" 3 0 13 1 1 0 9 4.7 0 0 0 50 6.8 76 120 -1 -11
"29" "29" 1984-12-26 24.21 "MIL" "" "HOU" "W" 10 0 4 0.727 0.667 25 0 13.8 0 0 0 0 35.6 159 98 4.4 21.2
"30" "30" 1984-12-29 24.22 "MIL" "@" "CLE" "W" 13 0 7 0.5 0.5 0 0 0 0 0 8.7 0 12.3 105 107 0.5 -6.1
"31" "31" 1984-12-30 24.22 "MIL" "" "BOS" "W" 16 0 1 NA NA 0 0 0 0 0 0 100 42.7 0 110 -1 -52.5
"32" "32" 1985-01-03 24.23 "MIL" "" "LAC" "W" 24 0 4 0.515 0.333 0 0 0 0 0 13.6 0 39.8 118 90 3 7.1
"33" "33" 1985-01-04 24.23 "MIL" "@" "CHI" "L" -5 0 4 NA NA 0 0 0 33.3 0 0 NA 0 206 124 0.7 6.8
"34" "34" 1985-01-05 24.24 "MIL" "" "PHI" "L" -4 0 25 0.521 0.25 19.2 14.4 16.8 0 0 5.1 14.8 11.4 129 124 6.5 -2.9
"35" "35" 1985-01-08 24.24 "MIL" "" "WSB" "L" -4 0 10 0.333 0.333 10.4 0 5.9 0 0 6.7 0 11.8 101 107 0.5 -7.2
"36" "36" 1985-01-09 24.25 "MIL" "@" "IND" "W" 1 0 23 0.315 0 5 28.5 17 9.9 0 5.2 0 8.7 97 97 3.4 -1.3
"37" "37" 1985-01-11 24.25 "MIL" "" "CLE" "W" 13 0 20 0.42 0.333 0 16 8.8 0 4.6 2.8 17.4 11.8 75 104 2.5 -5
"38" "38" 1985-01-13 24.26 "MIL" "" "DEN" "W" 24 0 11 0.658 0.5 31.2 24.2 27.3 0 0 9.9 0 17.8 160 97 8.2 5.9
"39" "39" 1985-01-15 24.26 "MIL" "" "LAL" "W" 10 0 5 0 0 0 32 11.7 0 0 0 0 7.7 0 112 -0.4 -12.9
"40" "40" 1985-01-18 24.27 "MIL" "" "NJN" "W" 9 0 9 0 0 0 26.7 13.2 0 0 0 0 4.4 0 92 -1.3 -10.9
"41" "41" 1985-01-24 24.29 "MIL" "@" "KCK" "W" 1 0 7 0.5 0.5 42.9 0 23.6 0 0 8.1 0 22.6 132 121 4.8 1.7
"42" "42" 1985-01-26 24.29 "MIL" "@" "HOU" "W" 3 0 17 0.665 0.5 0 22.3 11.3 0 0 0 44.4 17.7 74 113 -0.1 -11.7
"43" "43" 1985-01-27 24.3 "MIL" "@" "SAS" "W" 13 0 17 0.945 1 0 14.1 7 0 0 3.9 12.7 20.5 146 94 9.5 7.6
"44" "44" 1985-01-29 24.3 "MIL" "@" "GSW" "W" 7 0 16 0.51 0.4 14 0 7.1 7.5 0 7.1 0 15.9 134 114 5.6 2.1
"45" "45" 1985-02-01 24.31 "MIL" "@" "SEA" "W" 18 0 22 0.615 0.5 5.3 10.4 7.9 5.6 2.2 2.8 17 10.8 120 90 5.5 -0.1
"46" "46" 1985-02-02 24.31 "MIL" "@" "POR" "W" 10 0 7 0 0 13.7 15.2 14.4 0 0 0 50 11 24 104 -1.1 -18.3
"47" "47" 1985-02-04 24.32 "MIL" "" "DET" "L" -2 0 12 0.5 0.5 7.6 29.9 18.9 0 0 4.1 0 6.6 124 95 2.8 0.5
"48" "48" 1985-02-06 24.32 "MIL" "@" "NJN" "L" -13 0 17 1 1 6.7 16 11.9 0 0 0 66.7 14.6 58 103 0.2 -8.3
"49" "49" 1985-02-07 24.33 "MIL" "" "ATL" "L" -3 0 13 1 1 0 15.7 8.3 0 0 0 0 3.4 200 96 1.9 -2
"50" "50" 1985-02-12 24.34 "MIL" "" "NJN" "W" 8 0 9 0.333 0.333 0 28.1 14.7 0 0 11.7 0 13.4 76 90 2.6 1.8
"51" "51" 1985-02-14 24.35 "MIL" "@" "IND" "W" 4 0 6 0.333 0.333 0 20.5 9.2 0 0 10.2 0 19.4 75 106 0.1 -11
"52" "52" 1985-02-17 24.35 "MIL" "" "CHI" "W" 20 0 15 1 1 0 15.2 8.4 0 3.2 7.9 0 8 200 98 7.3 9.4
"53" "53" 1985-02-23 24.37 "MIL" "@" "CLE" "L" -22 0 21 0.676 0.333 4.1 36.1 17 0 0 13.3 28.8 17.4 107 105 9.3 3.8
"54" "54" 1985-02-26 24.38 "MIL" "" "PHI" "W" 19 0 18 0.2 0.2 0 28.8 12.9 0 0 0 16.7 13 40 96 -2.5 -14.1
"55" "55" 1985-02-27 24.38 "MIL" "@" "UTA" "W" 19 0 23 0.7 0.7 8.2 19 13.2 0 4.4 2.6 0 16.8 156 99 12.7 5.8
"56" "56" 1985-03-02 24.39 "MIL" "@" "DEN" "L" -1 0 6 1 1 0 14.8 7.8 0 7 8.2 0 6 200 94 3.7 15
"57" "57" 1985-03-05 24.4 "MIL" "" "SEA" "W" 15 0 17 0.5 0.5 0 6.9 3.5 0 0 7.4 33.3 7.7 62 90 0.5 -5.3
"58" "58" 1985-03-08 24.41 "MIL" "" "KCK" "W" 13 0 18 0.945 1 8.6 20.5 15.2 7 0 3.6 12.7 17.7 152 113 11.6 7.4
"59" "59" 1985-03-10 24.41 "MIL" "" "POR" "W" 16 0 19 0.761 0.714 22.5 16.1 19.2 7.4 0 6.1 20.2 20.9 131 95 11.7 7.9
"60" "60" 1985-03-11 24.41 "MIL" "@" "ATL" "W" 6 0 12 0.41 0.5 9.3 40 25.8 8.7 0 4.9 29.1 11.3 81 98 1.2 -4.1
"61" "61" 1985-03-13 24.42 "MIL" "" "CLE" "W" 35 0 14 0.791 0.8 0 31.9 17.4 0 0 4.5 0 17.2 162 80 7.6 6.1
"62" "62" 1985-03-16 24.43 "MIL" "" "PHO" "W" 29 0 30 0.705 0.636 18.8 16.3 17.3 8.5 0 10.5 7.3 18.5 147 90 18.9 6.9
"63" "63" 1985-03-17 24.43 "MIL" "@" "CHI" "L" -2 0 8 NA NA 0 14.7 7.2 0 0 0 NA 0 0 116 -0.1 -5.8
"64" "64" 1985-03-19 24.44 "MIL" "" "NJN" "W" 19 0 15 0.785 0.6 0 38.1 20.8 0 0 3.8 11.6 23.3 146 100 9.7 4
"65" "65" 1985-03-20 24.44 "MIL" "@" "BOS" "L" -2 0 11 0.676 0.625 16.5 40.6 27.3 39.3 0 0 10.1 36.6 133 103 10.6 18.1
"66" "66" 1985-03-22 24.44 "MIL" "@" "PHI" "W" 19 0 8 0.75 0.75 16.7 16.2 16.4 0 0 0 0 20.3 161 118 5 5
"67" "67" 1985-03-23 24.45 "MIL" "" "IND" "W" 11 0 19 0.564 0.5 5.9 5.5 5.7 5.4 0 9.1 0 10.6 132 114 5 -2.4
"68" "68" 1985-03-25 24.45 "MIL" "" "NYK" "W" 20 0 18 1.031 1 8.1 22.7 16.7 0 0 3.4 43.6 14.9 102 98 5.1 -1.1
"69" "69" 1985-03-26 24.45 "MIL" "@" "WSB" "W" 11 0 11 0.521 0.5 18.6 35.6 27.3 0 0 5.1 25.8 14.4 97 89 3.5 -1.4
"70" "70" 1985-03-28 24.46 "MIL" "@" "NYK" "W" 5 0 22 0.59 0.5 5.9 12.3 9.7 13.2 0 4.6 12.2 31 115 115 11.6 -1.3
"71" "71" 1985-03-30 24.47 "MIL" "" "ATL" "W" 11 0 21 0.318 0.333 4.2 19.5 11.2 7.1 0 2.8 0 17.9 82 95 3.4 -2.7
"72" "72" 1985-04-02 24.47 "MIL" "" "BOS" "W" 6 0 30 0.406 0.455 17 13.3 15.4 4 4.9 2.5 7.5 17.6 98 97 9.3 0.3
"73" "73" 1985-04-04 24.48 "MIL" "" "DET" "W" 9 0 22 0.315 0.333 5.6 5.1 5.3 8.6 0 2.4 17.4 10.8 80 126 2.2 -6
"74" "74" 1985-04-06 24.48 "MIL" "@" "NJN" "L" -4 0 13 0.2 0.2 16.4 8.8 12.7 10.8 7.7 0 0 15.8 83 104 2.5 -2.6
"75" "75" 1985-04-07 24.49 "MIL" "@" "DET" "L" -22 0 16 0.932 1 5.1 20.9 11.8 0 0 10.8 13.4 17.3 147 104 12.1 17.2
"76" "76" 1985-04-10 24.5 "MIL" "" "WSB" "W" 9 0 16 0.266 0 7.1 11.8 9.7 14.6 0 3.2 34.7 7.4 79 102 2.3 1.7
"77" "77" 1985-04-12 24.5 "MIL" "@" "BOS" "W" 2 0 11 0.8 0.8 11 17.5 14.6 0 4.5 5.4 37.5 32 85 94 5.3 1.3
"78" "78" 1985-04-13 24.5 "MIL" "" "NYK" "W" 4 0 16 0.6 0.6 20.5 23.7 22 11.5 3.4 13 16.7 17.4 114 82 9.1 12.6
"1" "1" 1985-10-25 25.04 "MIL" "@" "DET" "L" -2 0 20 0.579 0.5 4.5 21.3 12.2 13.8 2.1 2.8 0 16.2 131 101 10 7
"2" "2" 1985-10-26 25.04 "MIL" "" "ATL" "W" 26 0 23 0.436 0.333 11.6 24.8 18.7 5.2 0 6.1 22.5 15.4 89 85 3.6 -2.5
"3" "3" 1985-10-29 25.05 "MIL" "" "PHI" "W" 2 0 12 0.515 0.333 0 9.5 5 0 3.9 0 43.6 24.4 58 110 -0.6 -15.5
"4" "4" 1985-10-30 25.05 "MIL" "@" "BOS" "L" -11 0 28 0.381 0.286 7.1 8.8 7.9 18.8 4.8 2.1 20.2 13.4 88 106 7.2 4.2
"5" "5" 1985-11-02 25.06 "MIL" "" "NJN" "W" 23 0 23 0.554 0.5 13 11.2 12 10.3 0 4.1 13.7 22 115 99 11.6 3.7
"6" "6" 1985-11-03 25.06 "MIL" "@" "CLE" "W" 10 0 10 0.174 0 10.9 20.4 15.8 10.4 0 5.4 25.8 15.1 56 100 -1.1 -12.9
"7" "7" 1985-11-05 25.07 "MIL" "" "SAS" "W" 29 0 25 0.582 0.583 13.4 26.4 20.4 10.2 3.2 6.5 7.2 19.8 118 71 16.5 10.5
"8" "8" 1985-11-07 25.07 "MIL" "@" "NYK" "W" 4 1 15 0.444 0.429 7 7 7 0 0 0 27.6 30.4 67 97 0.5 -12.8
"9" "9" 1985-11-09 25.08 "MIL" "@" "NJN" "L" -3 0 13 0.583 0.556 0 31.6 14.2 0 0 0 9.6 30.7 106 112 5.8 -2.6
"10" "10" 1985-11-10 25.08 "MIL" "@" "PHI" "L" -8 0 15 0.451 0.5 12.3 13.1 12.7 0 3 0 20.5 23.8 78 96 3.8 -0.4
"11" "11" 1985-11-12 25.09 "MIL" "@" "CHI" "W" 29 0 29 0.558 0.556 15.8 13.8 14.7 3.8 1.7 4 0 15 138 101 12.8 4.8
"12" "12" 1985-11-13 25.09 "MIL" "" "DET" "W" 19 0 16 0.868 0.75 30.8 18 23.6 12.8 5.3 6.1 25.8 18 145 94 13.7 13.8
"13" "13" 1985-11-15 25.1 "MIL" "" "CHI" "W" 15 0 14 0.145 0 15.2 16.3 15.8 0 3.6 8.9 12.7 22.5 55 100 0.4 -15.3
"14" "14" 1985-11-17 25.1 "MIL" "@" "POR" "W" 13 0 10 0.532 0.5 0 24 11.9 0 0 0 34.7 22.6 70 106 0.8 -9.1
"15" "15" 1985-11-20 25.11 "MIL" "@" "SEA" "W" 10 0 6 0.5 0.5 0 15.1 9 0 0 0 25 52.9 77 106 0.1 -25.1
"16" "16" 1985-11-21 25.11 "MIL" "@" "SAC" "W" 34 0 32 0.615 0.6 3.9 13.6 9.1 0 0 5.7 20.6 24.5 93 92 11.3 -3.6
"17" "17" 1985-11-23 25.12 "MIL" "@" "LAC" "L" -4 0 18 0.6 0.6 5.9 17 11.6 0 0 16.9 37.5 17.4 72 104 4.6 -1.1
"18" "18" 1985-11-24 25.12 "MIL" "@" "PHO" "W" 2 0 28 0.694 0.75 4 10.5 6.8 8.9 1.5 6.8 14.8 9.3 127 108 8.4 2.9
"19" "19" 1985-11-27 25.13 "MIL" "" "ATL" "W" 18 0 26 0.512 0.5 18.5 22 20.5 15.4 1.8 9.6 21.5 30.2 94 89 12.5 1.9
"20" "20" 1985-11-29 25.13 "MIL" "@" "DET" "L" -9 0 23 0.41 0.3 0 13.9 6.5 0 2 4.7 14.1 24.1 77 102 3.9 -5.3
"21" "21" 1985-11-30 25.14 "MIL" "" "IND" "W" 17 1 23 0.712 0.6 10.4 9.9 10.2 11.7 2.2 2.6 24 15.9 122 96 8.6 4.2
"22" "22" 1985-12-03 25.15 "MIL" "" "BOS" "L" -3 1 25 0.429 0.429 5.6 48 27.4 10.3 1.8 0 12.5 13.3 90 107 5.5 -0.6
"23" "23" 1985-12-05 25.15 "MIL" "@" "NYK" "W" 10 1 19 0.519 0.429 6.3 26.3 17.2 8.9 0 9.4 0 21.4 118 87 9.7 7.8
"24" "24" 1985-12-06 25.15 "MIL" "@" "ATL" "L" -1 1 15 0.652 0.625 7.8 8.6 8.2 0 0 4.3 37.2 38.5 77 98 3.3 -6.7
"25" "25" 1985-12-10 25.16 "MIL" "" "SEA" "W" 19 1 26 0.872 0.833 4.2 12.7 9 4.9 1.8 6.2 0 10.6 181 92 14.3 10.1
"26" "26" 1985-12-12 25.17 "MIL" "@" "WSB" "L" -2 1 23 0.125 0.125 10.3 5.4 8.4 16.6 2.2 2.8 20 16.3 51 105 -0.6 -10.7
"27" "27" 1985-12-13 25.17 "MIL" "" "CLE" "L" -4 1 23 0.472 0.417 12.5 9.3 11 6 0 2.5 0 21.4 118 116 8.7 -2.1
"28" "28" 1985-12-15 25.18 "MIL" "" "SAC" "W" 58 1 18 0.85 0.8 11.1 5.9 7.7 6.2 0 0 14.5 15.8 152 89 8.4 5.7
"29" "29" 1985-12-18 25.19 "MIL" "" "LAL" "L" -2 1 20 0.19 0.143 4.5 21.2 11 0 2.4 0 11.3 17.4 47 106 -1.1 -12.5
"30" "30" 1985-12-20 25.19 "MIL" "@" "IND" "L" -12 0 24 0.47 0.429 3.9 21.1 11.2 5.9 1.8 4.8 21.2 15.6 82 102 5.5 -1.8
"31" "31" 1985-12-21 25.19 "MIL" "" "DAL" "W" 25 1 29 0.504 0.538 9.2 15.3 12.3 16.4 4.6 0 6.7 18.6 115 95 14.5 5.9
"32" "32" 1985-12-26 25.21 "MIL" "" "IND" "W" 18 1 22 0.639 0.556 10.1 16.8 13.8 0 4.3 5.3 0 22.7 144 79 16.5 14.2
"33" "33" 1985-12-28 25.21 "MIL" "@" "CLE" "W" 2 1 21 0.515 0.333 11 11.7 11.3 13.3 0 0 20.5 19.4 102 108 4.4 -1.9
"34" "34" 1985-12-30 25.22 "MIL" "" "DET" "W" 11 1 19 0.571 0.571 13 18 15.6 13.7 4.7 0 33.7 23.4 88 98 6.2 -0.2
"35" "35" 1986-01-03 25.23 "MIL" "@" "WSB" "W" 7 1 11 0.5 0.5 8.7 20.3 14.1 13.7 4.5 5.5 0 22.9 118 93 6.3 10
"36" "36" 1986-01-04 25.23 "MIL" "" "NYK" "W" 33 1 25 0.446 0.444 11.6 15.2 13.5 15.9 3.9 2.6 15.2 21.6 97 84 7.6 0.2
"37" "37" 1986-01-07 25.24 "MIL" "" "CLE" "W" 9 1 21 0.74 0.6 12.9 22 17.4 0 0 0 30.7 17.5 113 103 7.5 -1.4
"38" "38" 1986-01-08 25.24 "MIL" "@" "NJN" "L" -7 1 21 0.5 0.5 4.7 18 10.5 13.7 2.1 0 50 14.4 59 98 1.2 -4.8
"39" "39" 1986-01-10 25.25 "MIL" "" "POR" "W" 6 1 15 0.5 0.5 0 26.1 13.8 0 0 0 50 20.9 46 84 -1.2 -9.2
"40" "40" 1986-01-13 25.26 "MIL" "" "DEN" "L" -4 1 20 0.34 0.2 10.2 42 24.8 12.1 0 0 33.8 16.2 67 106 2.4 -5
"41" "41" 1986-01-16 25.27 "MIL" "" "WSB" "W" 16 1 35 0.505 0.5 15.9 14.4 15.2 17.2 2.8 2.1 18.9 18 108 100 13.7 2.7
"42" "42" 1986-01-19 25.27 "MIL" "" "GSW" "W" 13 1 25 0.545 0.545 15.7 12 13.9 5.3 3.7 2 8.3 18.2 118 101 12.4 3.8
"43" "43" 1986-01-20 25.28 "MIL" "@" "ATL" "L" -3 1 33 0.515 0.333 11.9 29.1 20.6 10.2 1.6 3.4 7.9 16.5 123 99 14.7 6.6
"44" "44" 1986-01-24 25.29 "MIL" "@" "IND" "W" 25 1 26 0.387 0.333 4.4 16.1 10.5 12.5 0 2.3 34 9.6 82 99 2.4 -3.3
"45" "45" 1986-01-25 25.29 "MIL" "@" "NYK" "W" 16 1 22 0.338 0.25 5.3 29.5 16.8 0 4.7 0 0 8.9 92 86 3.2 -3.9
"46" "46" 1986-01-27 25.3 "MIL" "@" "UTA" "W" 24 1 29 0.5 0.5 13 11.5 12.3 14.2 0 8.8 14.3 17.9 110 98 11 3.4
"47" "47" 1986-01-28 25.3 "MIL" "@" "LAL" "L" -10 1 22 0.388 0.333 6.4 7 6.7 5.1 2.1 0 23.7 15.1 76 121 1.1 -7.5
"48" "48" 1986-01-30 25.3 "MIL" "@" "GSW" "W" 12 1 23 0.47 0.5 19 13 15.9 4.9 0 4.6 36.1 14.5 85 100 3.8 -3.2
"49" "49" 1986-02-01 25.31 "MIL" "@" "DEN" "L" -3 1 22 0.363 0.333 12.1 47.9 31.2 16.9 0 2.6 0 13 111 109 6.5 2.3
"50" "50" 1986-02-04 25.32 "MIL" "" "BOS" "L" -19 1 19 0.532 0.5 0 52 22.7 7.4 0 0 11.7 18.9 100 110 5 1.9
"51" "51" 1986-02-06 25.32 "MIL" "" "CHI" "W" 20 1 26 0.607 0.556 19.8 24.6 22.8 16.4 0 6.7 9.2 18.4 132 92 13.2 5.9
"52" "52" 1986-02-12 25.34 "MIL" "@" "IND" "W" 6 1 23 0.904 1 5.5 32.5 20.1 0 0 7.9 13.1 14.8 153 93 13.1 8.7
"53" "53" 1986-02-13 25.34 "MIL" "" "UTA" "W" 7 1 24 0.59 0.625 8.7 25.6 16.5 6.7 0 7.7 9.7 17.7 118 108 10.5 5.2
"54" "54" 1986-02-15 25.35 "MIL" "" "NJN" "W" 18 1 28 0.444 0.444 13.2 20 17.3 20.7 0 8.8 10 14.4 108 86 11.6 7.4
"55" "55" 1986-02-17 25.35 "MIL" "@" "PHI" "W" 5 1 25 0.423 0.375 18.8 0 10.5 5.6 0 10 0 15.4 123 108 8 2.6
"56" "56" 1986-02-19 25.36 "MIL" "@" "DAL" "W" 17 1 16 0.333 0.333 0 25.5 13 0 3 0 25 10.1 52 101 0.3 -7.7
"57" "57" 1986-02-20 25.36 "MIL" "@" "HOU" "W" 7 1 29 0.527 0.5 12.7 29.8 22.3 16.3 0 7.6 16.1 16.6 116 101 13.6 7.2
"58" "58" 1986-02-22 25.37 "MIL" "@" "SAS" "W" 5 1 27 0.82 0.75 0 16.9 9.1 4.1 0 6.2 29.1 10.6 113 106 7.6 1
"59" "59" 1986-02-25 25.38 "MIL" "" "LAC" "W" 15 1 32 0.689 0.7 11.5 7.9 9.7 16.4 1.7 1.9 15.5 16.8 129 113 14 4.7
"60" "60" 1986-02-28 25.38 "MIL" "" "WSB" "W" 18 1 21 0.436 0.333 16.7 13.2 14.7 0 0 0 22.5 18.3 90 96 2.8 -7.1
"61" "61" 1986-03-02 25.39 "MIL" "@" "WSB" "L" -21 1 19 0.512 0.375 16.8 15.8 16.3 8 0 2.9 17 25.1 103 121 7.2 -0.8
"62" "62" 1986-03-03 25.39 "MIL" "" "NYK" "W" 7 1 24 0.25 0.25 0 22.2 11.4 10.5 2.1 7.5 11.1 16 66 105 2.7 -4.5
"63" "63" 1986-03-05 25.4 "MIL" "@" "NJN" "W" 13 1 19 0.25 0.25 15.8 7.4 11.5 0 0 7 20 10.7 70 106 0.1 -8.7
"64" "64" 1986-03-07 25.4 "MIL" "" "PHI" "W" 30 1 24 0.68 0.6 8.7 23.3 15.7 21.7 2 7.4 0 9.6 172 89 14.4 15.8
"65" "65" 1986-03-08 25.41 "MIL" "@" "ATL" "L" -2 1 34 0.554 0.5 11.8 6.6 9.3 4.3 0 1.7 19.2 19.3 104 118 8.8 -3.8
"66" "66" 1986-03-12 25.42 "MIL" "" "PHO" "L" -1 1 13 0.4 0.4 0 27.8 13.9 10.2 0 0 0 16.4 100 116 1.7 -6.1
"67" "67" 1986-03-14 25.42 "MIL" "" "IND" "L" -10 1 26 0.82 1 0 10 4.7 5.4 0 2.1 0 4 160 120 4.6 0.2
"68" "68" 1986-03-15 25.42 "MIL" "@" "CHI" "W" 9 1 18 1.025 1 10.9 0 3.5 0 0 9.3 17 15.6 162 120 9.4 5.4
"69" "69" 1986-03-18 25.43 "MIL" "" "WSB" "W" 29 1 27 0.589 0.545 10.5 21.8 17.1 9 0 5.1 0 19.9 131 89 13.9 5.8
"70" "70" 1986-03-20 25.44 "MIL" "" "HOU" "W" 10 1 23 0.285 0.143 4.6 13.9 9.3 5.5 2 0 10.2 17.2 70 103 0.8 -8.4
"71" "71" 1986-03-22 25.44 "MIL" "" "ATL" "W" 15 1 19 0.25 0.25 20.6 14.4 18 13 2.7 7.7 0 18.2 97 100 5.6 -2.6
"72" "72" 1986-03-25 25.45 "MIL" "" "NJN" "W" 13 1 18 0.77 0.75 7.8 12.1 10.3 20.5 0 3.3 10.6 22.5 138 108 11.8 9.3
"73" "73" 1986-03-26 25.45 "MIL" "@" "BOS" "L" -6 1 30 0.545 0.545 12.8 4.1 9 4.8 1.7 0 8.3 15.6 122 131 8.1 -1.2
"74" "74" 1986-03-28 25.46 "MIL" "@" "PHI" "W" 22 1 18 0.333 0.333 0 17.8 9.5 6 2.7 3.4 25 9.2 62 94 2.6 -3.6
"75" "75" 1986-03-29 25.46 "MIL" "" "DET" "W" 9 1 16 0.714 0.714 17.1 48.6 33.3 0 0 0 0 18 156 117 9.9 5.5
"76" "76" 1986-04-01 25.47 "MIL" "" "CHI" "W" 9 1 16 0.455 0.444 34.1 34.9 34.5 22.2 0 11.5 0 26.2 124 99 11.2 8.6
"77" "77" 1986-04-03 25.48 "MIL" "" "CLE" "W" 21 1 28 0.511 0.444 7.8 16.5 12.5 4.7 1.8 4.2 8.5 17.2 117 93 10.1 2.9
"78" "78" 1986-04-04 25.48 "MIL" "@" "DET" "W" 7 1 28 0.618 0.429 4.3 19.5 12.2 4.3 0 2 0 15.3 145 107 10.9 2.3
"79" "79" 1986-04-07 25.49 "MIL" "@" "CHI" "L" -6 1 27 0.506 0.444 13.2 22.8 17.2 5.6 0 4.8 23.3 18.2 94 113 7.1 -5.3
"80" "80" 1986-04-08 25.49 "MIL" "" "BOS" "L" -12 1 23 0.4 0.4 11.8 24.6 16.8 12.3 2.1 2.4 16.7 10.4 102 123 5.9 -0.6
"81" "81" 1986-04-10 25.5 "MIL" "@" "CLE" "W" 1 1 16 0.694 0.5 7.7 6.8 7.2 0 0 0 0 7.9 166 121 2.8 -5.2
"82" "82" 1986-04-12 25.5 "MIL" "" "NYK" "W" 38 1 20 0.425 0.4 27.4 31.3 29.6 6.8 0 3.1 25.4 15.8 95 78 5.5 -0.3
"1" "1" 1986-10-31 26.05 "MIL" "@" "DET" "W" 16 0 16 0.478 0.333 7.7 17 13 0 0 3.5 12 22.5 97 105 4.5 -7.2
"2" "2" 1986-11-01 26.06 "MIL" "" "BOS" "W" 6 0 25 0.631 0.636 4.4 13.7 8.9 0 1.9 2.4 7.8 21.7 116 103 10.8 2.3
"3" "3" 1986-11-04 26.07 "MIL" "@" "ATL" "L" -9 0 18 0.463 0.333 5.6 29.6 17.2 0 0 6.3 10.4 23 96 105 5.2 0.1
"4" "4" 1986-11-05 26.07 "MIL" "@" "PHI" "L" -6 0 14 0.2 0.2 18.7 0 10.6 0 0 4.6 44.4 25.5 39 113 -4.7 -29.4
"5" "5" 1986-11-07 26.07 "MIL" "@" "NJN" "W" 21 0 15 0.602 0.5 16.8 22.9 20 0 6.3 0 31.1 27.5 94 81 4.9 -4.1
"6" "6" 1986-11-08 26.08 "MIL" "" "DET" "W" 14 0 14 0.434 0.25 16.7 0 8.9 0 0 0 14.8 20.5 96 102 2.2 -8.1
"7" "7" 1986-11-11 26.08 "MIL" "" "IND" "W" 8 0 23 0.8 0.8 0 4 2.3 0 0 0 44.4 16.5 67 99 0.8 -5.6
"8" "8" 1986-11-12 26.09 "MIL" "@" "BOS" "L" -8 0 19 0.799 0.714 9 23 14.2 0 2.3 0 25.5 23.1 117 112 9 -1.7
"9" "9" 1986-11-14 26.09 "MIL" "" "NYK" "W" 3 0 20 0.549 0 0 17.6 9.4 0 2.6 0 35.5 12.4 76 109 0 -11.9
"10" "10" 1986-11-15 26.1 "MIL" "@" "IND" "L" -1 0 26 0.6 0.6 23.5 9.5 17.7 5.4 4.1 0 16.7 18.9 120 112 11.6 2
"11" "11" 1986-11-18 26.1 "MIL" "" "GSW" "W" 26 0 16 0.21 0.333 7.7 30 19 0 0 12.9 0 13 57 78 1.9 -3.9
"12" "12" 1986-11-20 26.11 "MIL" "@" "SEA" "W" 11 0 11 0.667 0.667 9.3 27.3 18.4 0 0 11 0 10.2 146 90 3.7 1.6
"13" "13" 1986-11-22 26.12 "MIL" "@" "SAC" "W" 8 0 9 0 NA 11.9 12.1 12 0 5.3 0 53.2 8.4 28 94 -0.2 -9
"14" "14" 1986-11-23 26.12 "MIL" "@" "LAL" "L" -10 0 19 0.506 0.556 5.9 8.4 6.9 0 2.5 6.9 9.2 22.5 99 123 6.9 0
"15" "15" 1986-11-26 26.13 "MIL" "" "WSB" "W" 19 0 12 0.751 0.667 0 60.9 37.8 0 0 5.2 12 29.1 136 89 9.8 9.7
"16" "16" 1986-11-28 26.13 "MIL" "@" "DET" "L" -21 0 11 0.589 0.4 27.7 10.4 20.8 0 0 0 11.6 28.2 125 116 6.4 -0.7
"17" "17" 1986-11-29 26.13 "MIL" "" "DEN" "W" 32 0 25 0.7 0.7 0 13.4 7.1 5.1 1.9 2.3 0 16.3 144 98 11.1 3.7
"18" "18" 1986-12-02 26.14 "MIL" "" "IND" "W" 7 0 17 0.295 0.273 6.4 14.9 10.3 10.3 2.9 3.9 14.4 35.7 59 86 1.4 -9.4
"19" "19" 1986-12-03 26.15 "MIL" "@" "PHI" "L" -5 0 19 0.509 0.5 16.1 19.9 17.8 0 0 0 22.5 19.2 92 112 3.8 -8
"20" "20" 1986-12-05 26.15 "MIL" "@" "WSB" "W" 4 0 24 0.537 0.467 13.6 0 7 0 2.1 2.2 5.6 27.5 123 99 13 6
"21" "21" 1986-12-10 26.16 "MIL" "" "LAL" "W" 23 0 20 0.333 0.333 0 18.5 9 0 2.5 3.3 25 8.2 59 94 -0.5 -8.8
"22" "22" 1986-12-12 26.17 "MIL" "" "CHI" "L" -13 0 17 0.571 0.571 6.6 30.3 15.9 0 3.1 0 0 18.7 118 111 6.1 1.6
"23" "23" 1986-12-13 26.17 "MIL" "@" "CHI" "W" 23 0 18 0.5 0.5 7.2 13.3 11 7.1 0 3 20 12.3 97 96 1.6 -6.4
"24" "24" 1986-12-16 26.18 "MIL" "" "PHI" "W" 12 0 23 0.47 0.455 9.9 18.6 14.4 6.4 2.1 2.9 7.3 25.8 99 90 8.3 0.2
"25" "25" 1986-12-18 26.19 "MIL" "" "ATL" "W" 9 0 17 0.24 0.143 23.5 0 11.4 17.6 0 0 26.5 28.9 66 117 -1.6 -19.1
"26" "26" 1986-12-20 26.19 "MIL" "" "BOS" "W" 20 0 28 0.581 0.5 13.7 12.9 13.3 16 1.7 0 22.5 12.5 121 104 10.1 2
"27" "27" 1986-12-23 26.2 "MIL" "" "SAS" "W" 2 0 18 0.678 0.75 15.7 39 28.4 15.7 5.4 6.5 23.1 21.3 115 92 12.2 10.9
"28" "28" 1986-12-27 26.21 "MIL" "@" "NYK" "L" -14 0 17 0.512 0.5 14.5 7.8 11.3 0 2.8 7.6 38.1 19.9 73 111 1.3 -9.9
"29" "29" 1986-12-29 26.22 "MIL" "@" "NJN" "L" -5 0 16 0.258 0.167 18.4 13.6 16.1 0 2.9 0 11.4 21.7 73 118 1.3 -14.2
"30" "30" 1986-12-30 26.22 "MIL" "" "DET" "L" -4 0 12 0.615 0.5 0 8.9 4.7 0 0 0 17 21.6 101 109 1.3 -10.2
"31" "31" 1987-01-02 26.23 "MIL" "@" "CLE" "W" 7 0 30 0.423 0.375 13.3 32 23.3 0 0 2.2 0 14.7 109 81 9 0.1
"32" "32" 1987-01-03 26.23 "MIL" "" "CLE" "W" 9 0 27 0.498 0.462 11.3 21.3 16.5 0 1.7 0 0 23.6 117 92 11 -0.4
"33" "33" 1987-01-06 26.24 "MIL" "" "NJN" "W" 12 0 21 0.396 0.3 17.6 25.4 21.3 0 0 6.6 7.3 26.8 97 110 4.7 -13.4
"34" "34" 1987-01-07 26.24 "MIL" "@" "BOS" "L" -27 1 33 0.564 0.5 8.2 3.8 6.4 0 6.1 1.9 17 15.6 102 117 10.1 -3.7
"35" "35" 1987-01-09 26.25 "MIL" "" "WSB" "L" -8 0 19 0.583 0.556 5.5 22.2 14.7 0 0 11 9.6 20.6 118 94 9.9 7.3
"36" "36" 1987-01-11 26.25 "MIL" "" "POR" "L" -12 0 22 0.444 0.429 0 32.1 12.7 13.9 2.1 3.2 27.6 18.9 69 94 4.1 -1.7
"37" "37" 1987-01-13 26.26 "MIL" "" "SAC" "W" 24 0 25 0.581 0.556 5.2 4 4.5 0 3.9 9 22.5 22.8 91 90 9.7 -0.3
"38" "38" 1987-01-15 26.26 "MIL" "@" "ATL" "L" -39 0 17 0.727 0.833 10.1 6.9 8.7 42.6 0 3.9 0 16.7 146 132 11.5 13.6
"39" "39" 1987-01-16 26.27 "MIL" "" "DAL" "L" -2 0 34 0.311 0.316 9.7 19.5 13.5 8.1 0 4 4.3 24.5 81 108 4.8 -7.1
"40" "40" 1987-01-18 26.27 "MIL" "" "ATL" "W" 9 0 19 0.333 0.333 12 16.8 14.5 13.1 2.6 6.6 25 8.9 90 88 4.6 4.3
"41" "41" 1987-01-20 26.28 "MIL" "@" "CHI" "L" -13 0 24 0.333 0.333 8.7 5.3 7.1 13.8 2.1 5.1 0 10.9 93 107 5.7 1
"42" "42" 1987-01-21 26.28 "MIL" "@" "CLE" "W" 4 1 24 0.506 0.444 20 19 19.5 6.1 0 2.6 0 17.5 133 114 9.5 -0.7
"43" "43" 1987-02-01 26.31 "MIL" "@" "SAS" "L" -4 0 18 0.347 0.5 6.2 7.6 6.8 0 0 3.3 25.8 17.5 56 125 -0.7 -14.5
"44" "44" 1987-02-03 26.32 "MIL" "" "NYK" "L" -1 1 23 0.468 0.4 12.8 16.5 14.4 0 0 0 7.8 22.9 104 116 6 -5.4
"45" "45" 1987-02-05 26.32 "MIL" "" "CHI" "W" 15 0 19 0.563 0.625 13.7 49.1 31.1 0 2.6 3.8 10.1 22.5 107 101 7.8 -2.2
"46" "46" 1987-02-11 26.34 "MIL" "@" "NYK" "W" 23 1 21 0.444 0.429 6 29.2 18.8 5.8 2.1 0 11.3 16.9 92 95 4.9 -4.2
"47" "47" 1987-02-12 26.34 "MIL" "" "SEA" "W" 2 0 17 0.37 0.2 6.1 12.3 9.2 0 0 3.2 12.9 19.7 79 107 1.3 -8.5
"48" "48" 1987-02-14 26.35 "MIL" "" "HOU" "W" 15 0 31 0.609 0.6 4.4 37.9 24 25.3 2.9 0 12.5 20.5 119 84 17.7 8.7
"49" "49" 1987-02-16 26.35 "MIL" "" "NJN" "W" 4 0 19 0.463 0.333 21.7 0 11.8 0 2.5 0 18.8 22 100 125 3.7 -9.8
"50" "50" 1987-02-18 26.36 "MIL" "@" "UTA" "W" 4 0 15 0.363 0.333 16 37.6 25.9 0 3.1 0 22.5 24 71 100 1.6 -11.9
"51" "51" 1987-02-21 26.36 "MIL" "@" "PHO" "W" 8 0 9 0.5 0.5 0 14 6.9 0 5.1 0 0 8.5 110 98 1.1 -3.6
"52" "52" 1987-02-22 26.37 "MIL" "@" "POR" "L" -4 0 8 0.798 1 0 41.9 22 16.7 0 7.5 21 23.2 123 109 4.7 8.7
"53" "53" 1987-02-24 26.37 "MIL" "" "IND" "W" 6 0 33 0.51 0.4 7.8 19.5 13.7 4.6 1.6 2 0 16.8 120 103 11.1 2.4
"54" "54" 1987-02-28 26.38 "MIL" "@" "CHI" "L" -3 0 21 1.025 1 12.7 20.4 17.4 0 0 4.9 17 12.5 170 107 11.7 10.7
"55" "55" 1987-03-04 26.39 "MIL" "" "LAC" "W" 10 0 23 0.493 0.538 16.1 26.1 19.9 0 8.4 0 24.8 31.6 84 88 8.9 -2.2
"56" "56" 1987-03-06 26.4 "MIL" "" "UTA" "L" -1 0 14 0.6 0.6 20.2 29.2 24.5 10.9 0 3.9 9.1 26.4 133 110 9.5 5.9
"57" "57" 1987-03-07 26.4 "MIL" "@" "IND" "W" 4 0 22 0.333 0.333 7.3 5.2 6.1 5.2 0 0 0 13.1 93 135 1.1 -9.6
"58" "58" 1987-03-09 26.41 "MIL" "" "PHO" "W" 8 0 17 0.5 0.5 0 15.7 7.7 0 2.9 3.8 20 13.1 73 109 1.7 -6.5
"59" "59" 1987-03-11 26.41 "MIL" "@" "WSB" "W" 8 0 7 0.333 0.333 0 13.7 7.1 0 0 0 0 17.4 66 105 0.6 -9.3
"60" "60" 1987-03-12 26.42 "MIL" "@" "NJN" "L" -17 0 28 0.5 0.5 3.6 28.6 14.5 4.9 4.6 4.5 40 13.4 63 102 4.6 -3.8
"61" "61" 1987-03-14 26.42 "MIL" "" "CLE" "W" 7 0 14 0 0 0 19.6 9.1 6.9 3.4 0 0 5.9 31 102 0.1 -7.1
"62" "62" 1987-03-17 26.43 "MIL" "" "BOS" "W" 8 0 20 0.799 0.833 7.1 32.7 21.5 0 0 0 12.7 17.4 132 116 8.3 0.5
"63" "63" 1987-03-18 26.43 "MIL" "@" "BOS" "L" -18 0 26 0.285 0.286 10.1 7.9 9 0 0 0 10.2 15.1 69 124 -0.2 -12.4
"64" "64" 1987-03-20 26.44 "MIL" "@" "ATL" "L" -17 1 17 0.307 0.25 5.8 0 3.1 8.5 0 0 17 14.1 70 125 -1.8 -13.4
"65" "65" 1987-03-21 26.44 "MIL" "" "PHI" "L" -3 1 22 0.505 0.455 9.7 0 4.8 0 2.3 5.8 14.4 27.5 96 113 6.5 -3.8
"66" "66" 1987-03-24 26.45 "MIL" "" "NYK" "W" 39 0 19 0.457 0.429 5.7 8.4 7.3 0 0 5.6 10.2 20.4 93 95 2.8 -11.1
"67" "67" 1987-03-25 26.45 "MIL" "@" "IND" "L" -17 0 15 0.333 0.333 6.3 0 3.5 0 0 0 0 8 88 127 0.6 -9.2
"68" "68" 1987-03-27 26.46 "MIL" "@" "CLE" "L" -3 0 23 0.856 0.857 4.4 4.6 4.5 0 0 0 18.6 18.6 134 119 10.7 3.6
"69" "69" 1987-04-04 26.48 "MIL" "" "NJN" "W" 10 0 6 0.568 NA 0 16 8.7 0 0 0 0 5.7 123 103 0.5 -4.3
"70" "70" 1987-04-05 26.48 "MIL" "@" "DET" "L" -18 0 4 0 0 0 0 0 0 0 0 50 21 0 133 -1.7 -26
"71" "71" 1987-04-07 26.49 "MIL" "@" "WSB" "W" 1 0 2 0 0 0 54.5 27.3 64.9 0 0 0 21.1 46 88 0.3 7
"72" "72" 1987-04-10 26.5 "MIL" "@" "NYK" "W" 39 0 25 0.663 0.692 10.7 12 11.4 0 0 2.8 6.5 24.4 123 89 12.7 -0.7
"73" "73" 1987-04-11 26.5 "MIL" "" "CLE" "W" 28 1 37 0.669 0.667 12.1 24.1 18.1 7.3 1.2 0 6.6 15.5 139 90 18.8 5.6
"74" "74" 1987-04-13 26.5 "MIL" "" "CHI" "L" -7 1 15 0.291 0.333 22.3 7.8 15.2 8.7 6.8 0 12.7 24.2 79 113 3.5 -5.9
"75" "75" 1987-04-15 26.51 "MIL" "" "PHI" "W" 33 1 22 0.4 0.4 0 19 10.5 14.3 10.3 0 0 9 110 75 8.8 9.6
"76" "76" 1987-04-18 26.52 "MIL" "" "DET" "W" 14 1 21 0.902 0.833 5.6 11.1 8.4 7 0 0 20.5 18.8 142 113 9.8 1.4
"1" "1" 1987-11-06 27.07 "MIL" "@" "BOS" "L" -17 1 34 0.557 0.5 10.3 9 9.6 0 1.4 4.5 4.6 27 114 121 17.9 2.8
"2" "2" 1987-11-07 27.07 "MIL" "" "DET" "W" 14 1 32 0.335 0.308 3 36.7 18.9 4.3 1.4 3.8 13 18.4 70 91 5.8 -2.2
"3" "3" 1987-11-10 27.08 "MIL" "" "WSB" "W" 15 1 33 0.457 0.429 24.2 23.3 23.7 13.3 0 3.1 4 28.7 118 97 19 1.6
"4" "4" 1987-11-11 27.08 "MIL" "@" "CLE" "W" 8 1 26 0.381 0.286 13.9 24.4 19.2 4.5 0 2.2 20.2 14.3 86 94 3.8 -8.2
"5" "5" 1987-11-14 27.09 "MIL" "@" "NYK" "L" -4 1 14 0.4 0.4 13.2 33.4 22.1 0 0 0 16.7 18.5 79 94 1.3 -10.2
"6" "6" 1987-11-15 27.1 "MIL" "" "ATL" "W" 9 1 33 0.661 0.714 4.8 14.9 10.5 0 0 0 19.4 14.3 99 111 6 -5.3
"7" "7" 1987-11-17 27.1 "MIL" "" "GSW" "W" 12 1 33 0.313 0.364 14.3 14.5 14.4 10.9 0 2.9 0 14.7 97 108 7.6 -5.3
"8" "8" 1987-11-19 27.11 "MIL" "@" "SAC" "W" 4 1 39 0.582 0.583 9.4 17 13.1 0 1.2 2.7 18.9 15.5 105 100 10.9 -0.6
"9" "9" 1987-11-20 27.11 "MIL" "@" "SEA" "L" -2 1 24 0.4 0.4 4.4 7.7 6.2 0 0 4.8 28.6 13 61 101 0.8 -7.1
"10" "10" 1987-11-22 27.12 "MIL" "@" "LAL" "W" 8 1 38 0.582 0.6 2.6 14.5 8.3 3.6 0 0 0 17.7 130 113 13 -0.8
"11" "11" 1987-11-25 27.12 "MIL" "" "CHI" "L" -2 1 31 0.45 0.417 7.7 13.8 10.9 9.9 0 1.8 7 20.4 100 107 8.5 -0.5
"12" "12" 1987-11-28 27.13 "MIL" "" "BOS" "W" 15 1 31 0.58 0.583 3.6 14.9 9.8 0 1.5 1.8 6.1 22.4 112 97 13.7 1.5
"13" "13" 1987-11-30 27.14 "MIL" "" "IND" "W" 10 1 25 0.72 0.692 13.7 16 14.9 7.2 0 2.2 12.6 27.9 125 98 16 5.7
"14" "14" 1987-12-02 27.14 "MIL" "@" "DET" "L" -10 1 43 0.702 0.7 13 19.7 15.9 8.8 2.5 5.7 0 24.3 150 121 33.7 13.4
"15" "15" 1987-12-04 27.15 "MIL" "" "LAL" "W" 2 1 42 0.558 0.538 3.4 25.4 14.7 0 1.4 3.5 27.1 23.3 76 97 8.8 -4.4
"16" "16" 1987-12-08 27.16 "MIL" "@" "IND" "L" -2 1 40 0.641 0.529 7.7 20 13.5 5.9 0 4.2 4.4 23.7 137 107 24.1 7.5
"17" "17" 1987-12-10 27.16 "MIL" "@" "CHI" "L" -6 1 39 0.564 0.5 8.2 13 10.4 7.2 2.6 1.7 15.8 14 112 115 11.8 0.5
"18" "18" 1987-12-11 27.17 "MIL" "" "POR" "W" 13 1 29 0.47 0.455 15.5 14.1 14.7 15.7 0 1.9 13.6 20.4 102 111 7.2 -4.4
"19" "19" 1987-12-13 27.17 "MIL" "" "DAL" "L" -14 1 36 0.444 0.429 8 17.5 12.1 0 0 7 27.6 12.3 75 118 5.5 -5.9
"20" "20" 1987-12-15 27.18 "MIL" "@" "NYK" "W" 5 1 41 0.495 0.5 17.2 22.4 20.2 9.2 1.2 1.6 4.7 22.5 107 98 17.3 1.2
"21" "21" 1987-12-18 27.19 "MIL" "" "ATL" "L" -7 1 37 0.607 0.615 3.3 25.3 14.6 13.2 1.5 1.7 20.4 25.7 94 101 12.9 1.9
"22" "22" 1987-12-22 27.2 "MIL" "" "NYK" "W" 17 1 31 0.703 0.643 13.7 23.1 19.1 0 1.6 5 19 28.6 117 101 19.1 1.3
"23" "23" 1987-12-26 27.21 "MIL" "" "WSB" "W" 5 1 36 0.698 0.667 3.1 9.5 6.3 9.3 1.4 1.6 5.5 21.3 139 105 20 8.1
"24" "24" 1987-12-29 27.22 "MIL" "@" "NJN" "W" 18 1 32 0.72 0.636 8.1 25 18.1 4.5 1.4 4.1 23.3 22 111 79 15.3 3.2
"25" "25" 1987-12-30 27.22 "MIL" "" "HOU" "L" -9 1 37 0.423 0.333 10 16.6 12.8 7.7 1.4 1.6 6.6 17.5 100 105 10 0.3
"26" "26" 1988-01-02 27.23 "MIL" "" "IND" "L" -2 1 14 0.25 0.25 6.3 0 3.9 10.5 0 5.2 20 14.8 62 111 -0.1 -10.3
"27" "27" 1988-01-05 27.24 "MIL" "" "LAC" "W" 16 1 31 0.286 0.286 9.4 13.2 11.6 8.6 0 1.8 22.2 13 69 89 1.4 -6.8
"28" "28" 1988-01-07 27.24 "MIL" "@" "IND" "L" -6 1 24 0.451 0.5 12.2 12.5 12.4 5.3 2.1 5.1 0 13.8 113 117 7.7 -0.6
"29" "29" 1988-01-08 27.24 "MIL" "" "UTA" "L" -4 1 22 0.51 0.5 16.4 14.5 15.6 8.1 0 3.3 14.5 26.1 98 118 7.5 -3.9
"30" "30" 1988-01-12 27.25 "MIL" "" "PHI" "W" 3 0 18 0.527 0.25 5.9 14.4 9.8 0 0 0 0 16.8 126 112 4.3 -4.7
"31" "31" 1988-01-14 27.26 "MIL" "@" "WSB" "L" -29 0 20 0.325 0.333 4.9 8.6 6.2 0 0 3 8.5 23.7 67 135 -0.2 -17
"32" "32" 1988-01-17 27.27 "MIL" "" "CLE" "W" 18 1 34 0.545 0.5 15.7 39.8 25.8 13.5 1.5 5.4 0 22.5 140 93 25.3 13.4
"33" "33" 1988-01-19 27.27 "MIL" "@" "SAS" "L" -6 1 24 0.594 0.615 9.8 20 14.8 25 2 0 29.5 35.1 82 110 9.2 -3.2
"34" "34" 1988-01-21 27.28 "MIL" "@" "HOU" "L" -13 1 43 0.549 0.524 16.2 13 14.8 0 1.2 2.6 4.2 21.2 129 121 21.6 3.7
"35" "35" 1988-01-23 27.28 "MIL" "@" "DAL" "L" -16 1 30 0.256 0.125 2.7 8.2 4.9 0 3.4 0 0 13.2 74 118 1.5 -8.6
"36" "36" 1988-01-25 27.29 "MIL" "@" "GSW" "W" 3 1 29 0.674 0.714 8.5 11.3 10 11.5 1.6 0 17.2 17.1 117 103 10.8 2.4
"37" "37" 1988-01-26 27.29 "MIL" "@" "POR" "L" -6 1 30 0.474 0.385 0 9.4 5.2 4.7 0 1.6 11.9 23.2 90 110 6 -4.9
"38" "38" 1988-01-28 27.3 "MIL" "@" "DEN" "L" -9 1 21 0.415 0.375 5.7 44.4 24.1 6.5 0 2.9 0 17.1 108 123 6 -5
"39" "39" 1988-01-29 27.3 "MIL" "@" "LAC" "W" 9 1 25 0.595 0.5 7.8 28.1 17.1 6.3 1.9 2.8 25.4 25.4 94 85 9.8 0.4
"40" "40" 1988-02-02 27.31 "MIL" "" "DET" "L" -2 1 30 0.515 0.333 0 24.6 11.9 12.9 1.6 0 27.9 15.3 83 100 5.8 -0.9
"41" "41" 1988-02-04 27.32 "MIL" "" "BOS" "W" 10 1 30 0.311 0.25 3.1 20 10.5 4.2 3.4 4.3 7.2 19.6 77 100 5.7 -4.5
"42" "42" 1988-02-09 27.33 "MIL" "" "CLE" "W" 8 1 25 0.705 0.75 10.1 27.4 19.9 0 0 4.3 8.6 19.5 131 97 12.5 4.2
"43" "43" 1988-02-11 27.34 "MIL" "@" "PHI" "L" -6 1 36 0.377 0.25 3.8 17 11.3 6.5 0 6.8 13.1 9.6 88 110 5.9 -1.4
"44" "44" 1988-02-12 27.34 "MIL" "" "CHI" "L" -2 1 34 0.479 0.444 3.3 25.1 14.4 0 0 0 7.4 18.4 92 103 6.6 -4.5
"45" "45" 1988-02-15 27.35 "MIL" "@" "WSB" "W" 4 1 13 0.643 0.6 0 19.4 13.7 0 0 3.9 15.5 20.5 106 101 4.5 -0.8
"46" "46" 1988-02-17 27.35 "MIL" "" "SEA" "W" 22 1 30 0.528 0.455 3.7 29.4 17.4 9.1 1.6 7.5 0 17.2 127 84 14.7 8.2
"47" "47" 1988-02-19 27.36 "MIL" "" "DET" "W" 11 1 17 0.451 0.333 20.2 5.2 11.8 7.2 0 0 20.5 22.6 97 111 2.7 -9.9
"48" "48" 1988-02-21 27.36 "MIL" "" "PHI" "W" 5 1 21 1 1 0 0 0 10.8 5.1 10.5 0 4.4 201 112 7.7 8.8
"49" "49" 1988-02-23 27.37 "MIL" "@" "NYK" "L" -2 1 20 0.394 0.375 10.4 13.3 11.7 7.8 0 0 10.1 20 90 96 2.7 -4.4
"50" "50" 1988-02-24 27.37 "MIL" "@" "IND" "W" 3 1 23 0.451 0.333 0 0 0 0 2.2 0 11.4 17.8 81 103 3.2 -4.2
"51" "51" 1988-02-26 27.38 "MIL" "@" "BOS" "L" -36 1 33 0.479 0.333 4.9 14.1 8.1 9.8 0 2.1 0 14.9 119 135 10.5 -0.6
"52" "52" 1988-02-27 27.38 "MIL" "@" "CHI" "W" 3 1 25 0.506 0.556 17.5 4.7 10.4 12.6 0 0 0 19.2 115 111 7.9 -0.2
"53" "53" 1988-03-01 27.39 "MIL" "" "BOS" "W" 1 1 27 0.582 0.583 9.4 22.2 15.2 10.9 3.6 2.7 7.2 21.9 121 114 14.3 4.6
"54" "54" 1988-03-05 27.4 "MIL" "@" "ATL" "W" 3 1 27 0.717 0.75 8.9 22.2 17.1 6.1 0 1.9 0 15.2 150 93 13.6 7.9
"55" "55" 1988-03-06 27.4 "MIL" "@" "DET" "L" -10 1 31 0.77 0.75 0 25.2 12.6 15.1 1.6 1.9 19.2 14.4 121 109 12.1 4.8
"56" "56" 1988-03-08 27.41 "MIL" "" "SAS" "W" 18 1 39 0.461 0.381 25.9 13.7 21.2 3.5 0 5.9 3.9 23.5 130 100 22 2.2
"57" "57" 1988-03-09 27.41 "MIL" "@" "CLE" "L" -26 1 29 0.353 0.3 4.1 19.5 11.2 5 0 0 8.1 19.4 78 131 2.2 -9.9
"58" "58" 1988-03-11 27.42 "MIL" "" "DEN" "W" 39 1 20 0.901 0.875 25.9 26.7 26.4 5.7 0 5.3 10.1 19.9 168 88 16.9 12
"59" "59" 1988-03-13 27.42 "MIL" "" "PHO" "W" 10 1 28 0.643 0.6 13.9 23.5 19.5 12.3 3.5 0 8.4 17.4 137 101 15.9 5.9
"60" "60" 1988-03-15 27.43 "MIL" "" "SAC" "W" 11 1 30 0.576 0.538 17.4 16.7 17 14.6 1.6 3.9 6.3 21.2 126 93 18 8.1
"61" "61" 1988-03-16 27.43 "MIL" "@" "NJN" "L" -4 1 33 0.417 0 11.4 34.8 22.5 0 3.2 3.6 0 11.3 113 81 11.3 3.7
"62" "62" 1988-03-19 27.44 "MIL" "" "CLE" "W" 1 1 29 0.689 0.667 4.4 8.3 6.4 11.8 0 6.4 24.1 18.4 105 107 10.1 3
"63" "63" 1988-03-21 27.44 "MIL" "@" "ATL" "L" -10 1 21 0.457 0.429 0 15.2 7.3 21.3 0 0 10.2 19.1 97 119 4.7 -1.7
"64" "64" 1988-03-22 27.45 "MIL" "" "ATL" "W" 13 1 41 0.692 0.625 31 24 27.3 7.5 0 3 4.9 21.6 157 107 29.5 9.3
"65" "65" 1988-03-24 27.45 "MIL" "@" "PHO" "L" -5 1 36 0.709 0.667 13.7 20.2 16.7 0 1.4 1.7 23.3 15.2 118 125 12.7 -1.2
"66" "66" 1988-03-26 27.46 "MIL" "@" "UTA" "W" 2 1 20 0.732 0.75 0 18.8 11 16.2 0 5.2 18.4 23.5 114 100 9.4 5.2
"67" "67" 1988-03-30 27.47 "MIL" "@" "PHI" "L" -25 1 23 0.2 0.2 11.9 14.9 13.3 13.9 2.2 2.7 16.7 12.1 77 140 3.7 -5.9
"68" "68" 1988-03-31 27.47 "MIL" "" "NYK" "L" -10 1 25 0.5 0.5 7.1 16 10.7 23.8 1.8 0 11.1 13.3 107 110 8.7 1.5
"69" "69" 1988-04-02 27.48 "MIL" "" "NJN" "W" 14 1 29 0.644 0.75 9.7 13.4 11.7 3.8 1.7 2.3 0 13.7 132 114 11.9 2
"70" "70" 1988-04-05 27.48 "MIL" "@" "ATL" "L" -11 1 25 0.512 0.5 0 7.7 4.5 11.5 0 2.2 0 17.5 114 124 7.1 -0.4
"71" "71" 1988-04-06 27.49 "MIL" "" "CHI" "L" -9 1 30 0.557 0.556 7.4 14.9 11.2 9.4 1.7 5.5 9.2 15 120 122 11.6 4.2
"72" "72" 1988-04-08 27.49 "MIL" "@" "CLE" "L" -19 1 28 0.143 0.143 8 27.1 16.9 10 0 2 12.5 12.9 51 106 0.6 -7.6
"73" "73" 1988-04-09 27.5 "MIL" "" "IND" "W" 5 1 20 0.478 0.417 17.6 5.7 11.6 17.8 0 5.9 0 31.1 116 106 11.2 3.4
"74" "74" 1988-04-11 27.5 "MIL" "" "PHI" "L" -13 1 28 0.342 0.333 7 5.9 6.6 0 1.8 0 6.4 25 74 125 2.5 -12.9
"75" "75" 1988-04-13 27.51 "MIL" "@" "BOS" "L" -19 1 24 0.421 0.364 12 18.8 14.6 6.5 0 0 7.8 22.6 95 131 5.4 -8.6
"76" "76" 1988-04-15 27.51 "MIL" "@" "DET" "L" -1 0 15 0.333 0.333 13.9 9.1 11.9 10.1 0 0 14.3 21 81 112 2 -5.7
"77" "77" 1988-04-17 27.52 "MIL" "@" "CHI" "L" -8 0 20 0.333 0.333 0 17.6 8.7 0 5.3 5.2 14.3 16.1 61 103 3.1 -3.2
"78" "78" 1988-04-19 27.52 "MIL" "@" "PHI" "L" -13 0 9 0.25 0.25 24.2 0 13.9 0 0 0 20 22.7 64 124 0 -16.4
"79" "79" 1988-04-20 27.53 "MIL" "" "WSB" "W" 38 0 14 0.773 1 32.1 12.2 19.5 7.5 0 0 0 11.4 160 96 6.5 1.4
"80" "80" 1988-04-22 27.53 "MIL" "" "NYK" "W" 9 0 4 0.532 0 0 21.8 12.9 0 0 0 0 19.6 125 102 1.2 -7.3
"81" "81" 1988-04-23 27.53 "MIL" "@" "NJN" "L" -13 0 15 0.5 0.5 0 21.3 10.2 0 0 16 33.3 8.9 63 114 2.3 -3
"1" "1" 1988-11-04 28.07 "MIL" "@" "IND" "W" 14 1 14 0.41 0.5 22.4 40.8 31.2 8.8 0 0 17 16.5 95 101 2.9 -5.3
"2" "2" 1988-11-05 28.07 "MIL" "" "ATL" "L" -13 1 25 0.436 0.5 23.4 10.1 17 6 0 0 12.7 12.5 98 110 4.8 -2.6
"3" "3" 1988-11-09 28.08 "MIL" "" "PHI" "W" 11 0 15 0.387 0.333 14.5 24.6 19.3 7.1 0 4.3 20.5 13 90 98 2.8 -4.1
"4" "4" 1988-11-12 28.09 "MIL" "" "BOS" "W" 8 0 10 0.266 0 0 33.5 16 0 0 5.3 0 7.8 62 92 1.1 -3.4
"5" "5" 1988-11-17 28.1 "MIL" "" "NJN" "L" -9 0 6 0.25 0.25 16.3 20 18 0 0 0 20 35.5 51 109 -0.4 -21.4
"6" "6" 1988-11-19 28.11 "MIL" "@" "CLE" "L" -7 0 26 0.592 0.8 15.7 22 18.7 9.8 2 4.7 30.7 15.5 89 105 8.8 3.4
"7" "7" 1988-11-22 28.12 "MIL" "@" "IND" "L" -14 0 8 0.75 0.75 11.8 18.8 14.5 0 0 0 20 26.3 110 121 4 0.9
"8" "8" 1988-11-23 28.12 "MIL" "" "WSB" "W" 22 1 17 0.51 0.4 6 16.3 11.4 0 0 12.5 0 12.6 129 88 6.5 2.9
"9" "9" 1988-11-25 28.12 "MIL" "@" "BOS" "L" -19 0 30 0.693 0.714 8.2 14.5 11.1 12.8 1.8 4.2 6.5 23.8 131 126 18.5 8.9
"10" "10" 1988-11-26 28.13 "MIL" "" "MIA" "W" 10 0 21 0.673 0.636 10.9 0 5.2 11.4 0 8.4 7.8 23.7 132 97 13.5 8.4
"11" "11" 1988-11-29 28.13 "MIL" "" "POR" "W" 5 0 18 0.667 0.667 6.1 19 12.4 8 0 6.3 0 13.2 143 105 7.9 5.8
"12" "12" 1988-12-01 28.14 "MIL" "" "CLE" "L" -3 0 10 NA NA 0 21.8 11.2 0 0 0 100 4.4 0 103 -0.8 -6.5
"13" "13" 1988-12-02 28.14 "MIL" "@" "NJN" "W" 11 0 19 0.237 0.25 22 5.1 13.2 0 0 3.1 19.2 22.8 64 108 0.2 -13.9
"14" "14" 1988-12-06 28.15 "MIL" "" "DET" "W" 25 0 6 NA NA 0 50 30.8 0 0 10.7 100 7.1 0 71 0.6 2.1
"15" "15" 1988-12-08 28.16 "MIL" "@" "NYK" "L" -4 0 8 0.521 0.5 0 27.3 14.8 0 0 8.7 41 24.6 58 105 0.9 -9.4
"16" "16" 1988-12-09 28.16 "MIL" "@" "CHI" "L" -18 0 12 0.51 0.4 8.2 0 5 0 0 0 0 20.2 126 131 3.6 -2.2
"17" "17" 1988-12-11 28.17 "MIL" "" "LAL" "W" 1 0 5 0.333 0.333 28.2 27.4 27.8 0 0 0 25 37.3 65 109 -0.1 -22.6
"18" "18" 1988-12-13 28.17 "MIL" "@" "PHI" "W" 18 0 8 0.51 0.4 0 22.2 12.8 0 0 7.6 25.4 41.5 79 89 2.2 -10.4
"19" "19" 1988-12-14 28.18 "MIL" "@" "DET" "W" 9 0 9 0.667 0.667 0 27.4 13 17 0 0 0 14.1 141 113 3.2 3.9
"20" "20" 1988-12-16 28.18 "MIL" "@" "ATL" "L" -3 0 6 0 0 18.6 45.7 30.8 0 8.3 0 50 13.7 30 95 -0.2 -11.9
"21" "21" 1988-12-17 28.18 "MIL" "" "CHI" "L" -19 0 5 0.5 0.5 0 50.5 24.6 0 0 13.3 0 17.3 103 99 1.9 6
"22" "22" 1988-12-20 28.19 "MIL" "" "CHH" "W" 10 0 6 0.5 0.5 47.1 22.9 34.8 21.6 0 0 0 26.3 133 114 4.4 3.7
"23" "23" 1988-12-21 28.19 "MIL" "@" "CHH" "W" 12 0 13 0.994 NA 0 29.5 17 0 0 4.3 36.2 17.7 131 93 6.1 3.5
"24" "24" 1988-12-23 28.2 "MIL" "" "DAL" "W" 12 0 17 0.667 0.667 5.6 15.3 9.7 0 0 4.2 0 13.8 145 107 6.6 2.1
"25" "25" 1988-12-27 28.21 "MIL" "" "IND" "W" 13 0 6 0 0 0 0 0 0 0 0 0 6.7 0 111 -0.7 -11.6
"26" "26" 1988-12-30 28.22 "MIL" "" "ATL" "L" -4 0 4 0.5 0.5 0 0 0 0 0 0 0 20 126 133 0.6 -7.6
"27" "27" 1989-01-04 28.23 "MIL" "" "LAC" "W" 8 0 6 0.25 0.25 0 44.4 23.1 0 0 0 0 22.5 66 82 0.5 -7.7
"28" "28" 1989-01-06 28.24 "MIL" "@" "WSB" "W" 7 0 9 0 0 0 21.8 12.3 0 0 0 0 9.1 0 102 -0.8 -9.5
"29" "29" 1989-01-07 28.24 "MIL" "" "UTA" "W" 18 0 1 NA NA 0 0 0 0 0 0 NA 0 0 100 -0.4 -22.2
"30" "30" 1989-01-17 28.27 "MIL" "@" "ATL" "L" -13 0 6 0.532 0 16.3 22.9 19 0 0 0 0 13.3 144 119 1.5 -6.4
"31" "31" 1989-01-20 28.28 "MIL" "@" "UTA" "L" -2 0 3 NA NA 0 0 0 0 0 0 100 14.6 0 110 -2.2 -35.3
"32" "32" 1989-01-28 28.3 "MIL" "@" "LAC" "W" 21 0 4 0.174 0 25 0 12.4 0 11.9 0 0 28.8 62 72 0.9 -6.7
"33" "33" 1989-02-04 28.32 "MIL" "@" "WSB" "W" 11 0 12 0.625 0.625 21.6 17 19 19 0 4.7 0 28.4 134 104 8.2 4.2
"34" "34" 1989-02-14 28.35 "MIL" "" "NJN" "W" 41 0 12 0.773 1 0 13.1 8.5 8.9 0 8.5 20.5 16.7 107 86 6 7.9
"35" "35" 1989-02-21 28.36 "MIL" "" "IND" "W" 26 0 8 0.463 0.333 12.5 0 7.1 15.8 5.9 17.1 0 21.4 126 73 4.5 8.8
"36" "36" 1989-02-24 28.37 "MIL" "@" "BOS" "L" -13 0 4 0 0 0 41.4 16.9 0 12.8 15 0 10.5 0 96 1.3 5.1
"37" "37" 1989-02-25 28.38 "MIL" "" "HOU" "W" 16 0 11 0.25 0.25 9.3 32.7 20.1 0 4.3 12.5 0 14.7 75 89 3.2 -2.5
"38" "38" 1989-02-27 28.38 "MIL" "" "SAS" "W" 9 0 6 0.129 0 0 0 0 0 7.8 0 0 24.8 37 91 -0.9 -17.6
"39" "39" 1989-03-07 28.4 "MIL" "" "WSB" "W" 20 0 4 NA NA 0 26.7 13.2 0 0 0 NA 0 0 101 0.3 -2.5
"40" "40" 1989-03-19 28.44 "MIL" "@" "NYK" "L" -24 0 9 0.6 0.6 28.6 0 18.4 0 0 15.7 16.7 24.4 111 127 6.2 5.7
"41" "41" 1989-03-25 28.45 "MIL" "" "CLE" "W" 8 0 5 0.5 0.5 0 48.2 26.2 0 0 13.9 0 18.6 106 92 2.3 7.8
"42" "42" 1989-04-11 28.5 "MIL" "" "NJN" "W" 32 0 10 0.41 0.25 25.3 28.2 27 11.7 0 5.8 17 25 102 89 4.3 -3.3
"43" "43" 1989-04-15 28.51 "MIL" "@" "ATL" "L" -25 0 14 0.735 0.8 11.2 7.3 9.5 29.4 0 0 15.5 17.4 130 136 7 6.6
"44" "44" 1989-04-16 28.51 "MIL" "@" "NJN" "W" 4 0 12 0.5 0.5 0 24 14.1 11.8 4.1 5.3 33.3 22.7 69 88 2.9 -0.8
"45" "45" 1989-04-18 28.52 "MIL" "@" "PHI" "L" -22 0 22 0.53 0.5 9.3 19.8 13.6 14.5 0 5.5 0 22.8 125 131 10.5 1.4
"46" "46" 1989-04-19 28.52 "MIL" "" "ATL" "L" -8 1 21 0.222 0.222 14.9 24.1 19 15.5 0 0 0 17.8 79 108 2.4 -6
"47" "47" 1989-04-21 28.53 "MIL" "@" "CHH" "W" 7 0 7 0.694 1 27.4 0 10.4 0 0 0 0 20.3 128 132 3.3 -1.9
"48" "48" 1989-04-22 28.53 "MIL" "" "IND" "L" -7 0 3 0 0 0 0 0 0 0 0 0 27.5 0 128 -1.4 -33.6
"1" "1" 1989-11-03 29.06 "MIL" "@" "BOS" "L" -13 0 17 0.635 0.571 0 27.3 11.8 0 0 7.2 0 20.1 127 126 8.2 0.9
"2" "2" 1989-11-04 29.07 "MIL" "@" "PHI" "W" 6 0 31 0.363 0.333 7.7 23.2 15.5 8.9 0 6.7 22.5 12.4 80 100 3.9 -4.3
"3" "3" 1989-11-07 29.07 "MIL" "" "BOS" "W" 6 0 36 0.607 0.556 9.8 24.5 17.8 7.3 0 3.3 9.2 13.2 124 96 12.7 3.6
"4" "4" 1989-11-09 29.08 "MIL" "" "SEA" "W" 1 0 26 0.709 0.667 7 35.7 24.5 0 0 2.6 11.4 15.9 130 104 9.6 1.7
"5" "5" 1989-11-11 29.08 "MIL" "" "PHI" "L" -8 0 16 0.333 0.333 22 9.1 16.2 0 0 0 0 25.3 96 120 2.9 -11.8
"6" "6" 1989-11-14 29.09 "MIL" "" "SAS" "W" 11 0 14 0.635 0.714 16.7 11.1 14.3 0 3.6 0 20.2 29.8 95 99 5.8 -2.2
"7" "7" 1989-11-16 29.1 "MIL" "" "ORL" "W" 19 0 16 0 0 7.7 15 11.4 5.1 0 3.9 25 9.5 36 101 -2 -14.2
"8" "8" 1989-11-17 29.1 "MIL" "@" "DET" "L" -27 0 16 0.25 0.25 0 0 0 22.2 0 0 20 14.1 56 123 -0.8 -8.2
"9" "9" 1989-11-21 29.11 "MIL" "@" "WSB" "L" -6 0 10 0.5 0.5 17.5 13.7 16 0 10 0 50 16.2 62 88 2.3 -4.7
"10" "10" 1989-11-22 29.12 "MIL" "" "ATL" "W" 18 1 34 0.629 0.5 13.7 19.3 16.9 0 0 3.4 6.9 18.6 138 108 14.3 -3.2
"11" "11" 1989-11-25 29.12 "MIL" "@" "NYK" "L" -17 1 25 0.436 0.333 0 19.7 8.9 0 0 0 0 10.5 99 120 2.2 -8.6
"12" "12" 1989-11-27 29.13 "MIL" "" "IND" "L" -4 1 20 0.431 0.4 10.2 46.5 24.6 0 0 0 22.3 28.6 75 102 3.4 -9.9
"13" "13" 1989-11-29 29.13 "MIL" "@" "LAC" "W" 14 1 30 0.628 0.692 8.9 40 22.5 0 1.7 6.8 6.5 22 119 107 16.9 2.4
"14" "14" 1989-11-30 29.14 "MIL" "@" "DEN" "L" -1 1 26 0.424 0.389 9.7 12.6 11.3 0 0 2.2 17.5 37.1 80 113 4 -12.9
"15" "15" 1989-12-02 29.14 "MIL" "@" "GSW" "L" -3 1 21 0.581 0.5 15.2 18.5 16.7 0 0 7.4 30.4 18.4 95 104 5.6 -2.9
"16" "16" 1989-12-05 29.15 "MIL" "@" "SAC" "L" -15 1 13 0.333 0.333 0 11.5 5 0 0 0 0 9.7 76 126 0.2 -11.5
"17" "17" 1989-12-08 29.16 "MIL" "@" "PHO" "L" -25 0 24 0.474 0.5 11.1 8.3 9.8 0 0 4.8 0 13.7 108 117 6.1 -3.3
"18" "18" 1989-12-10 29.16 "MIL" "" "POR" "W" 3 0 16 0.218 0.167 8.1 7.1 7.6 0 0 0 0 18.8 59 115 -0.6 -13.7
"19" "19" 1989-12-12 29.17 "MIL" "" "ORL" "W" 3 0 16 0.645 0.75 7.1 0 4 0 6.5 9 0 16.2 130 101 8.9 8.5
"20" "20" 1989-12-13 29.17 "MIL" "@" "CLE" "L" -6 0 12 0 0 10.5 16.3 13.8 11.1 0 0 75 16.2 28 112 -2.5 -20.5
"21" "21" 1989-12-15 29.18 "MIL" "@" "IND" "W" 5 0 8 0.5 0.5 14.3 0 7.8 0 0 17.4 0 11 125 98 3.1 4.6
"22" "22" 1989-12-16 29.18 "MIL" "" "MIA" "L" -3 0 8 0.798 1 17.6 0 7.5 44.4 0 14.3 0 10.3 174 109 5.4 21.3
"23" "23" 1989-12-19 29.19 "MIL" "" "BOS" "L" -9 0 21 0.167 0.167 4.2 27.9 14.4 0 2.4 0 0 12.4 46 98 0.6 -9.7
"24" "24" 1989-12-22 29.2 "MIL" "" "CLE" "W" 12 0 3 NA NA 0 0 0 0 0 0 NA 0 0 110 -0.4 -9.8
"25" "25" 1989-12-23 29.2 "MIL" "@" "MIN" "W" 4 0 17 0.442 0.4 18.4 37.2 26.9 23.8 2.9 20.8 8.1 28.1 103 70 12.3 15.4
"26" "26" 1989-12-26 29.21 "MIL" "" "HOU" "W" 7 0 5 0 0 0 0 0 0 0 0 0 18.4 0 110 -1.4 -22.4
"27" "27" 1989-12-29 29.22 "MIL" "@" "DET" "W" 14 0 19 0.625 0.625 11.5 12.6 12 0 0 0 0 18.1 129 96 8 2.4
"28" "28" 1989-12-30 29.22 "MIL" "" "MIN" "W" 10 0 14 0.654 0.667 8.4 23.4 16.1 0 0 0 0 20.7 140 107 6.4 -1.1
"29" "29" 1990-01-02 29.23 "MIL" "@" "ATL" "L" -6 1 24 0.581 0.5 5.7 8.7 7.4 0 2.1 2.6 0 12.7 128 119 6.8 -1.2
"30" "30" 1990-01-03 29.23 "MIL" "@" "NJN" "W" 14 0 16 0.4 0.429 7.1 11.5 8.8 8.8 0 8.8 18.6 28.7 73 97 2 -11
"31" "31" 1990-01-06 29.24 "MIN" "@" "SAS" "L" -13 0 5 0.102 0 0 0 0 0 0 0 0 41.5 26 120 -2.6 -36.8
"32" "32" 1990-01-09 29.25 "MIN" "@" "SAC" "L" -14 1 13 0.4 0.4 0 21.7 10.4 16.3 0 0 0 19.5 92 106 2.2 -2
"33" "33" 1990-01-11 29.25 "MIN" "" "POR" "L" -2 1 25 0.2 0.2 9.3 32.7 19.4 0 2.1 4.9 16.7 19.5 50 81 1.5 -8.6
"34" "34" 1990-01-12 29.25 "MIN" "@" "DET" "L" -11 1 29 0.5 0.5 8.1 16.6 11.7 0 0 0 16.7 20.1 88 119 4.5 -8.6
"35" "35" 1990-01-18 29.27 "MIN" "@" "PHO" "L" -17 1 29 0.337 0.364 9.2 33.1 17.7 19.3 0 0 7.8 18.2 92 124 4.8 -6.2
"36" "36" 1990-01-20 29.28 "MIN" "@" "LAC" "L" -2 1 33 0.571 0.5 22.1 29.1 24.9 5 6.1 4.8 10.7 23.9 118 91 21.2 7.2
"37" "37" 1990-01-23 29.28 "MIN" "@" "GSW" "L" -7 1 19 0.273 0.273 26.9 15.8 21.3 25.8 0 0 15.4 28 80 122 3.6 -8.8
"38" "38" 1990-01-26 29.29 "MIN" "" "CLE" "L" -1 1 21 0.333 0.333 11.7 6.9 9.5 0 0 4.1 10 23.3 71 105 1.1 -12.1
"39" "39" 1990-01-27 29.3 "MIN" "" "DET" "L" -2 1 14 0.515 0.5 8 27.8 17.1 0 0 5.2 0 26 111 95 6.5 5.8
"40" "40" 1990-01-29 29.3 "MIN" "" "SAC" "W" 18 1 20 0.638 0.6 6 29.3 17.8 0 0 0 0 25.4 141 96 9.8 0.5
"41" "41" 1990-01-31 29.31 "MIN" "" "SEA" "W" 28 1 32 0.394 0.375 3.7 30.7 17.6 11.1 1.6 3.8 10.1 13.6 93 79 7.5 -0.9
"42" "42" 1990-02-02 29.31 "MIN" "" "BOS" "W" 11 1 43 0.483 0.267 9.7 8.6 9.2 18.3 1.2 6.6 12.6 23.9 115 114 18.2 2.3
"43" "43" 1990-02-04 29.32 "MIN" "" "GSW" "L" -10 1 39 0.564 0.5 11 14.9 12.4 28.3 6.2 1.8 10.1 39.6 117 99 32.3 15.7
"44" "44" 1990-02-06 29.32 "MIN" "@" "HOU" "L" -7 1 25 0.333 0.333 8.3 20.9 14.6 17.3 2 7 25 26.8 67 104 4.9 -3.7
"45" "45" 1990-02-08 29.33 "MIN" "@" "DAL" "L" -13 1 34 0.222 0.222 6.3 25.2 13.5 9.4 1.7 2.1 10 13.8 64 105 2.3 -4.8
"46" "46" 1990-02-13 29.34 "MIN" "@" "UTA" "L" -6 1 37 0.656 0.643 6 10.5 8 20.4 1.5 3.8 14.6 25.4 117 111 18.9 8
"47" "47" 1990-02-14 29.35 "MIN" "" "CHH" "W" 9 1 26 0.378 0.4 4.5 8.6 6.6 0 2.1 0 5.9 29.8 81 100 3.6 -9.3
"48" "48" 1990-02-16 29.35 "MIN" "" "IND" "W" 6 1 38 0.72 0.692 10.5 7.2 8.9 22.5 1.5 1.9 0 17 168 124 21.1 8.5
"49" "49" 1990-02-18 29.36 "MIN" "" "ATL" "W" 10 1 27 0.4 0.286 21.5 16.2 18.5 0 0 2.6 31.3 21.2 76 110 1.6 -16
"50" "50" 1990-02-20 29.36 "MIN" "" "HOU" "W" 5 1 29 0.322 0.313 16.1 19.7 17.9 15.7 0 7.9 9.7 29.4 82 90 7.2 -4.1
"51" "51" 1990-02-21 29.36 "MIN" "@" "NJN" "L" -2 1 19 0.444 0.444 5.9 17.2 11.6 18.1 0 6.4 10 24.2 96 107 6.3 0.6
"52" "52" 1990-02-23 29.37 "MIN" "@" "SAS" "L" -10 1 23 0.392 0.25 11.3 10.4 10.8 0 2.1 5.2 16.4 23.3 79 105 4.4 -6.7
"53" "53" 1990-02-25 29.38 "MIN" "" "DAL" "L" -5 1 42 0.385 0.385 8.2 21.8 15 4.3 0 2.9 7.1 16.2 87 102 7.3 -6.1
"54" "54" 1990-02-27 29.38 "MIN" "" "WSB" "W" 16 1 28 0.4 0.4 9.5 9.2 9.3 4.9 4.1 9 6.3 26.5 95 98 11 0.6
"55" "55" 1990-03-02 29.39 "MIN" "@" "SEA" "L" -16 1 27 0.678 0.667 0 8.5 4.1 35 2 4.4 0 17.7 145 113 14.3 12.5
"56" "56" 1990-03-04 29.39 "MIN" "@" "LAL" "L" -19 1 28 0.654 0.583 9 7.8 8.6 7.5 0 2.4 12.7 27.4 122 135 11.9 -1.3
"57" "57" 1990-03-07 29.4 "MIN" "" "DEN" "L" -13 1 17 0.073 0 14.9 21.7 17.6 0 0 3.6 12.7 19 30 95 -2.1 -16.7
"58" "58" 1990-03-08 29.41 "MIN" "" "LAC" "W" 17 1 27 0.571 0.571 0 15.1 8.7 5 1.9 11.3 25.5 19.6 86 94 7.7 -0.4
"59" "59" 1990-03-10 29.41 "MIN" "" "PHO" "L" -3 1 28 0.333 0.333 8.2 18.5 13.1 5.1 0 5 10 16.1 84 109 3.8 -5.8
"60" "60" 1990-03-12 29.42 "MIN" "" "SAS" "L" -4 1 44 0.483 0.45 16.5 18.2 17 19.4 1.2 1.5 4.4 21.5 121 107 20.4 6
"61" "61" 1990-03-15 29.42 "MIN" "" "NYK" "W" 20 1 31 0.45 0.375 10.8 20.9 15.5 9.8 1.8 2.4 5.3 26 113 92 11.7 0.9
"62" "62" 1990-03-17 29.43 "MIN" "" "LAL" "L" -2 1 36 0.379 0.318 14.2 16.7 15.2 9 1.6 0 7.4 33.4 97 120 9.1 -7.9
"63" "63" 1990-03-18 29.43 "MIN" "@" "DEN" "L" -5 1 30 0.417 0.417 0 20.9 10.7 10.3 0 3.8 20 22.3 73 108 4.8 -3.3
"64" "64" 1990-03-20 29.44 "MIN" "@" "GSW" "L" -4 1 15 0.333 0.333 0 0 0 0 3.4 0 25 11.8 51 114 -0.9 -14.5
"65" "65" 1990-03-21 29.44 "MIN" "@" "SAC" "L" -6 1 21 0.286 0.286 19 0 12.2 7.5 2.9 0 12.5 17.7 84 115 2.6 -9
"66" "66" 1990-03-23 29.45 "MIN" "@" "PHO" "L" -21 1 18 0.25 0.25 0 17.2 7.2 6.8 2.8 0 0 9.9 65 126 1.9 -6.9
"67" "67" 1990-03-25 29.45 "MIN" "@" "POR" "W" 5 1 33 0.595 0.6 8.3 16.2 12.3 4.5 0 2.2 0 16.3 136 119 10.6 0
"68" "68" 1990-03-26 29.45 "MIN" "@" "LAC" "L" -5 1 30 0.721 0.714 4.1 18.6 10.9 6.5 0 7 19.4 16.6 119 106 9 -0.1
"69" "69" 1990-03-28 29.46 "MIN" "" "SAC" "W" 5 1 42 0.56 0.444 8.2 24.1 15.7 14.5 4.1 3.1 13 17.6 118 97 18.4 6.5
"70" "70" 1990-03-30 29.47 "MIN" "@" "DAL" "W" 2 1 30 0.563 0.5 4.1 20 11.3 0 1.9 0 0 14.4 128 99 6.9 -3
"71" "71" 1990-03-31 29.47 "MIN" "@" "HOU" "L" -8 1 14 0.25 0.25 0 9.3 4.5 0 0 0 20 15.8 43 115 -1.9 -16.5
"72" "72" 1990-04-03 29.48 "MIN" "@" "SAS" "W" 2 0 11 1 1 0 0 0 17.5 0 0 25 17 132 108 3.2 0.9
"73" "73" 1990-04-06 29.48 "MIN" "@" "CHH" "L" -15 0 9 0.25 0.25 0 14.8 6.4 0 0 0 20 24.4 46 124 -1.1 -19.6
"74" "74" 1990-04-10 29.5 "MIN" "" "POR" "L" -12 1 27 0.368 0.4 6.8 8.5 7.6 11 1.9 2.3 35.5 13.4 64 115 1.8 -7.7
"75" "75" 1990-04-12 29.5 "MIN" "@" "PHI" "L" -33 1 16 0.6 0.6 15.8 29.3 22.8 30 0 4.2 0 14.3 140 118 7.6 8.7
"76" "76" 1990-04-13 29.5 "MIN" "" "ORL" "W" 15 1 42 0.378 0.333 5.4 21 13.8 10.8 0 11.6 0 17.9 99 93 15.5 1.9
"77" "77" 1990-04-15 29.51 "MIN" "" "UTA" "L" -13 1 18 0.333 0.333 5.3 18.4 10.1 8.7 0 8.9 0 14.4 92 118 4 -2.1
"78" "78" 1990-04-17 29.52 "MIN" "" "DEN" "L" -10 1 16 0.486 0.467 25.5 14.6 20.5 18.8 0 3.8 6.1 41.9 104 104 11.1 9.9
"79" "79" 1990-04-19 29.52 "MIN" "@" "LAL" "L" -24 0 10 0.333 0.333 0 17.8 6.4 0 0 22.2 25 18.6 51 126 0.9 -10.5
"80" "80" 1990-04-20 29.52 "MIN" "@" "UTA" "L" -8 1 30 0.333 0.333 10.4 10 10.3 5.2 0 2.5 14.3 10.6 90 122 3.7 -5.4
"81" "81" 1990-04-22 29.53 "MIN" "@" "DEN" "L" -7 1 25 0.448 0.455 12.3 21.8 16.9 6.3 0 0 6.4 26.2 100 123 7 -7.2
"1" "1" 1990-11-02 30.06 "MIN" "" "DAL" "W" 13 1 25 0.612 0.615 10.1 10.4 10.2 8.1 2.3 0 6.7 28.4 124 103 12.6 4.1
"2" "2" 1990-11-03 30.06 "MIN" "@" "MIL" "L" -18 1 18 0.667 0.667 0 0 0 0 2.8 3.6 14.3 16.4 112 114 4.9 -0.2
"3" "3" 1990-11-06 30.07 "MIN" "@" "IND" "L" -2 1 27 0.523 0.5 13.3 38.1 26 6.3 0 4.7 13.9 23.6 109 102 10.7 3.2
"4" "4" 1990-11-07 30.07 "MIN" "" "CHI" "L" -5 1 22 0.4 0.4 13.2 17.7 15.6 5.8 0 2.8 28.6 16 79 122 2.6 -5.3
"5" "5" 1990-11-09 30.08 "MIN" "" "CHH" "W" 29 1 23 0.5 0.5 5.2 31.8 19.4 6.4 0 5.6 0 15 121 81 8.9 3.6
"6" "6" 1990-11-11 30.08 "MIN" "" "ORL" "W" 27 1 12 0 0 10.8 29.3 20.5 9.1 0 6.2 33.3 32 15 86 -4.6 -30.1
"7" "7" 1990-11-15 30.1 "MIN" "@" "DEN" "L" -13 1 12 0 0 6.9 9.8 8.1 0 0 0 25 12.3 14 123 -2.5 -20.1
"8" "8" 1990-11-18 30.1 "MIN" "" "UTA" "L" -9 1 17 0.19 0.143 0 67.2 22.8 8 3.3 0 11.3 25 47 112 -0.1 -14.9
"9" "9" 1990-11-20 30.11 "MIN" "@" "DAL" "W" 1 1 21 0.333 0.333 5.5 32.6 16.4 7.8 0 4 40 11.5 57 104 1.2 -6.7
"10" "10" 1990-11-21 30.11 "MIN" "@" "SAS" "L" -14 1 5 0.5 0.5 0 24 10.5 0 0 0 33.3 25.2 65 125 0.3 -13.7
"11" "11" 1990-11-25 30.12 "MIN" "" "HOU" "L" -16 0 5 0.25 0.25 0 0 0 0 0 0 0 35.6 54 120 -0.4 -19.4
"12" "12" 1990-11-27 30.13 "MIN" "@" "SAC" "W" 9 1 13 0.5 0.5 9.7 24.1 17.6 13.4 0 10.3 20 17.8 91 85 3.9 1.8
"13" "13" 1990-11-29 30.13 "MIN" "@" "POR" "L" -15 1 29 0.466 0.4 4 5.2 4.5 0 1.8 2.1 0 21.7 102 119 7.1 -2.8
"14" "14" 1990-11-30 30.14 "MIN" "@" "UTA" "L" -17 1 42 0.47 0.429 2.4 15.9 8.9 0 2.6 3 16.8 18.3 87 108 7.9 -4.8
"15" "15" 1990-12-02 30.14 "MIN" "@" "LAC" "L" -25 1 37 0.583 0.583 9.1 18.5 13.3 10.4 0 0 29.4 20.1 86 114 7.2 -5.3
"16" "16" 1990-12-04 30.15 "MIN" "" "IND" "W" 2 1 36 0.639 0.615 11.1 13.3 12.3 0 0 2 0 21.5 139 102 16.5 6.1
"17" "17" 1990-12-06 30.15 "MIN" "" "LAL" "L" -10 1 47 0.152 0.111 4.8 21.5 12.6 15.5 0 4.8 16.8 13.3 52 100 1.7 -6.1
"18" "18" 1990-12-11 30.17 "MIN" "" "LAC" "W" 6 1 27 0.383 0.3 4.7 16.8 11.7 12.4 0 3.9 14.5 20.7 90 98 4.6 -5.4
"19" "19" 1990-12-13 30.17 "MIN" "" "NYK" "L" -11 1 34 0.667 0.667 6.3 9.1 7.4 0 3.1 2 18.2 15.3 106 97 8.8 -0.6
"20" "20" 1990-12-15 30.18 "MIN" "" "SAS" "L" -16 1 19 0.46 0.5 0 5.4 2.4 15.4 2.8 3.2 0 24.6 95 101 6.9 6.9
"21" "21" 1990-12-18 30.19 "MIN" "@" "SAC" "L" -9 1 22 1 1 0 6.8 3.1 22.9 0 6.1 33.3 6.2 135 122 5 4.7
"22" "22" 1990-12-19 30.19 "MIN" "@" "PHO" "L" -16 1 14 0.19 0.143 7.1 28.6 16.3 9.9 0 0 0 24.8 56 117 0 -12.2
"23" "23" 1990-12-22 30.2 "MIN" "@" "GSW" "L" -13 1 44 0.634 0.667 0 20.1 10.9 9.8 0 3 17.4 17.6 111 124 13 0.9
"24" "24" 1990-12-23 30.2 "MIN" "@" "LAL" "L" -24 1 20 0 0 4.4 6.7 5.3 18 2.5 2.9 0 10.1 41 121 0.5 -7.3
"25" "25" 1990-12-28 30.21 "MIN" "" "DET" "L" -12 0 11 0.532 0 11.5 31.2 19.8 11.8 0 11.6 0 7.4 163 98 4.7 10.6
"26" "26" 1990-12-30 30.22 "MIN" "" "SEA" "W" 20 0 8 1 1 0 18.8 8.2 14 0 0 0 4.6 201 111 1.9 1.5
"27" "27" 1991-01-02 30.23 "MIN" "" "DAL" "W" 20 0 15 0.5 0.5 7.4 20.9 14.4 8.5 0 4.1 0 11.2 119 93 4.2 -1
"28" "28" 1991-01-04 30.23 "MIN" "" "WSB" "L" -11 0 8 NA NA 11.5 47.4 26.7 0 0 7 NA 0 209 105 1.5 -3.7
"29" "29" 1991-01-05 30.24 "MIN" "@" "ATL" "L" -5 0 21 0.5 0.5 9.2 5.7 7.6 0 7.5 3.2 0 8.3 122 107 7 2.6
"30" "30" 1991-01-15 30.26 "MIN" "" "POR" "L" -15 0 15 0.41 0.5 13.6 16.4 14.9 0 0 4.2 0 13 101 132 3.1 -7.5
"31" "31" 1991-01-16 30.27 "MIN" "@" "NYK" "W" 4 0 24 0.45 0.5 15.7 22.7 18.9 5.7 0 5.8 0 15.5 111 94 9.2 2.1
"32" "32" 1991-01-19 30.27 "MIN" "" "GSW" "W" 8 0 5 0.532 1 67 0 31.3 0 0 0 0 14.4 130 121 3 1.1
"33" "33" 1991-01-21 30.28 "MIN" "@" "DEN" "L" -5 0 20 0.4 0.4 20 52.8 34.9 7 0 2.6 0 18.2 117 99 9.2 -0.8
"34" "34" 1991-01-24 30.29 "MIN" "@" "HOU" "L" -24 0 21 0.388 0.333 11.1 10.4 10.8 13.3 0 2.7 0 13.8 105 126 4.9 -3.8
"35" "35" 1991-01-26 30.29 "MIN" "@" "SAS" "L" -7 0 19 0.286 0.286 4.7 18.5 10.6 0 2.6 3.1 0 15 76 109 2.4 -6
"36" "36" 1991-01-28 30.3 "MIN" "" "BOS" "L" -21 0 22 0.667 0.667 7.2 16.8 10.9 18 0 0 0 10.8 147 117 8.3 1.2
"37" "37" 1991-01-30 30.3 "MIN" "" "SAC" "W" 9 1 19 0.375 0.375 14.9 20.5 17.8 8.6 0 7.1 20 25.8 75 103 4 -7.9
"38" "38" 1991-02-02 30.31 "MIN" "@" "CLE" "L" -3 1 18 0.5 0.5 0 18.4 8.5 0 0 7.5 16.7 31.6 78 112 3.8 -10.2
"39" "39" 1991-02-03 30.32 "MIN" "" "PHI" "W" 8 1 19 0.5 0.5 16.1 26.8 21.4 9.3 0 7.1 11.1 20.4 108 89 7.9 4.3
"40" "40" 1991-02-05 30.32 "MIN" "" "UTA" "W" 1 1 16 0.25 0.25 14.3 0 7.4 19.4 3.4 3.9 11.1 24.3 72 108 2.3 -6.2
"41" "41" 1991-02-07 30.33 "MIN" "@" "ORL" "L" -5 1 11 0.333 0.333 0 33.6 18.2 26.7 0 11.3 25 16.4 73 108 2.6 2.5
"42" "42" 1991-02-12 30.34 "MIN" "@" "GSW" "L" -21 1 12 1 1 0 10.8 4.6 12.9 0 5.6 50 11.9 87 124 3.1 0.9
"43" "43" 1991-02-13 30.34 "MIN" "@" "LAL" "L" -14 1 6 0.5 0.5 0 0 0 0 0 0 0 13.4 114 135 0.6 -10.4
"44" "44" 1991-02-15 30.35 "MIN" "@" "LAC" "L" -17 1 16 0.551 0.6 14.8 7.7 12 9.4 6.1 0 15.5 14.8 113 119 7 3.4
"45" "45" 1991-02-16 30.35 "MIN" "@" "UTA" "L" -8 0 4 1 1 0 0 0 0 0 18.5 0 12 200 121 2.4 16.9
"46" "46" 1991-02-18 30.36 "MIN" "" "DEN" "W" 14 0 10 0 0 9.8 0 4.8 0 4.8 0 0 10.3 23 114 -1 -16.6
"47" "47" 1991-02-20 30.36 "MIN" "" "GSW" "L" -3 0 4 0.266 0 0 0 0 0 0 0 0 20.1 66 125 -0.1 -14.7
"48" "48" 1991-02-22 30.37 "MIN" "" "ORL" "L" -2 0 4 NA NA 0 0 0 0 0 30.8 NA 0 0 98 1 4.1
"49" "49" 1991-02-24 30.37 "MIN" "" "HOU" "L" -9 0 9 0.5 0.5 0 13.3 5.7 18.6 0 0 33.3 13.7 73 117 1 -6.2
"50" "50" 1991-03-07 30.4 "MIN" "" "SEA" "L" -5 0 9 0.5 0.5 0 0 0 0 0 0 0 10.6 111 124 1 -7.1
"51" "51" 1991-03-10 30.41 "MIN" "" "PHO" "L" -14 0 1 NA NA 0 0 0 0 0 0 NA 0 0 136 -0.4 -27.4
"52" "52" 1991-03-12 30.42 "MIN" "@" "CHI" "L" -32 0 19 0.333 0.333 12.6 26.6 19.4 0 0 6.2 40 11.8 60 140 2.3 -9.5
"53" "53" 1991-03-15 30.42 "MIN" "@" "SEA" "W" 4 0 38 0.5 0.5 4 17.9 11.3 4.3 3 6.8 20 13.8 87 99 8.9 0.7
"54" "54" 1991-03-17 30.43 "MIN" "" "MIA" "W" 3 0 31 0.543 0.538 19.8 30.2 24.6 5.9 1.7 6.3 6 23.6 120 93 18.9 8.5
"55" "55" 1991-03-19 30.44 "MIN" "" "HOU" "L" -13 0 26 0.17 0.2 14.2 24.1 18.8 16.2 0 2.6 40.5 15.2 45 106 1.1 -9.5
"56" "56" 1991-03-20 30.44 "MIN" "@" "NJN" "L" -7 0 17 0.5 0.5 6.9 6.1 6.5 0 9.6 10.8 0 5.4 128 104 5.5 7.3
"57" "57" 1991-03-22 30.44 "MIN" "" "CLE" "W" 5 0 29 0.5 0.5 7.9 13.8 10.6 0 3.6 10.6 20 7.7 100 105 8 2.3
"58" "58" 1991-03-23 30.45 "MIN" "@" "UTA" "L" -6 0 26 0 NA 0 12.3 5.6 0 0 0 53.2 3.7 0 123 -2 -11.6
"59" "59" 1991-03-26 30.45 "MIN" "@" "PHO" "L" -22 0 18 0.333 0.333 24.7 5.9 16.2 0 2.6 0 14.3 15.2 86 117 3.2 -8.5
"60" "60" 1991-03-29 30.46 "MIN" "@" "SEA" "L" -10 0 35 0.436 0.5 3.5 20.3 10.4 7.1 3.1 3.7 22.5 11.9 82 127 6.1 -3.1
"61" "61" 1991-03-30 30.47 "MIN" "@" "POR" "L" -30 1 35 1.017 1 6.9 34.3 19 4.3 0 0 12.7 9.6 174 124 13.7 2.4
"62" "62" 1991-04-02 30.47 "MIN" "" "POR" "L" -11 1 23 0.25 0.25 13 16.5 14.6 7 0 0 20 19.1 62 117 0.5 -11.3
"63" "63" 1991-04-04 30.48 "MIN" "" "DEN" "W" 12 1 25 0.414 0.4 17.9 38.4 27.8 4.1 1.8 0 21.6 20.8 88 109 5.9 -10.4
"64" "64" 1991-04-05 30.48 "MIN" "@" "DET" "L" -19 1 28 0.4 0.4 3.8 10.1 6.5 5.3 0 2.4 0 8.4 96 119 3.6 -3.9
"65" "65" 1991-04-07 30.49 "MIN" "" "SAS" "L" -5 1 24 0.282 0.25 8 5 6.7 6.3 2.1 0 0 16.2 75 104 1.2 -10.8
"66" "66" 1991-04-09 30.49 "MIN" "" "NJN" "W" 20 1 18 0.25 0.25 0 16.3 8.4 12.6 5.5 3 0 8.6 90 85 4.6 2.2
"67" "67" 1991-04-11 30.5 "MIN" "" "ATL" "W" 14 1 26 0.457 0.429 35.9 20 27.8 14 0 2.8 18.6 18.6 113 109 9.6 -1.9
"68" "68" 1991-04-12 30.5 "MIN" "@" "CHH" "L" -1 1 42 0.563 0.583 5.5 27.6 14.6 17.1 0 5.1 7.4 15.3 116 107 13.4 2.3
"69" "69" 1991-04-14 30.51 "MIN" "@" "PHI" "W" 8 1 37 0.4 0.4 11 27.8 18.9 0 1.4 3.7 6.3 18.9 92 92 10.4 -1.6
"70" "70" 1991-04-15 30.51 "MIN" "" "SAC" "W" 18 1 21 0.5 0.5 4.9 32.7 18 7 2.6 0 11.1 17.4 113 100 6 -3.5
"71" "71" 1991-04-17 30.52 "MIN" "@" "DAL" "L" -2 1 23 0.727 0.833 11.6 26.1 17 0 0 3.3 0 12.9 151 122 9.8 3.2
"72" "72" 1991-04-19 30.52 "MIN" "" "MIL" "W" 18 1 24 0.615 0.5 0 25 12.5 9.3 0 0 0 4.2 152 97 3.3 -1.6
"73" "73" 1991-04-21 30.53 "MIN" "@" "WSB" "W" 2 1 22 0.667 0.667 5 20.5 11.5 23.2 0 2.8 0 12.2 147 97 9.8 8.9
"1" "1" 1991-11-01 31.06 "MIN" "" "UTA" "L" -15 0 18 0.375 0.375 5.8 8.6 6.9 25 5.6 3.9 0 18.8 102 109 6.6 5.9
"2" "2" 1991-11-06 31.07 "MIN" "" "DAL" "L" -3 0 14 0.317 0.286 0 36.7 14.9 12.2 0 5.3 0 25.1 81 110 2 -8.2
"3" "3" 1991-11-07 31.07 "MIN" "@" "DEN" "L" -11 0 15 0.45 0.375 0 20.9 10.1 18.4 0 8.8 10.1 28.4 92 92 5.2 5.6
"4" "4" 1991-11-09 31.08 "MIN" "@" "SAC" "W" 4 0 21 0.588 0.625 13.7 16.3 14.9 10.1 5 9.5 0 21.9 127 79 14.2 15.7
"5" "5" 1991-11-10 31.08 "MIN" "@" "LAL" "L" -10 0 17 0.652 0.571 11.3 32.3 19.9 22.9 0 0 9.8 26.5 134 112 10.1 9.5
"6" "6" 1991-11-13 31.09 "MIN" "" "WSB" "L" -5 0 13 0.512 0.5 13.6 20.7 17.1 13.2 3.8 7.5 0 14.5 131 97 7.2 8.5
"7" "7" 1991-11-15 31.1 "MIN" "" "POR" "L" -5 0 13 0.307 0.25 16.1 8.2 12.2 9.9 0 18.9 17 19 80 111 3.2 -3
"8" "8" 1991-11-17 31.1 "MIN" "" "SEA" "L" -10 0 23 0.073 0 4.5 39.1 18.7 5.8 0 3 12.7 15.1 29 105 -1.5 -13.6
"9" "9" 1991-11-20 31.11 "MIN" "@" "SAS" "L" -7 0 10 1 1 10.4 0 5.6 12.9 0 24 50 8.3 109 110 4.5 9.9
"10" "10" 1991-11-21 31.11 "MIN" "@" "HOU" "L" -4 0 10 0.75 0.75 10 12.6 11.2 0 0 6.6 0 16.5 159 114 5.7 6.4
"11" "11" 1991-11-23 31.12 "MIN" "" "HOU" "W" 13 0 28 0.872 0.889 4.5 8 6.3 0 3.8 4.4 0 16.2 177 94 19.2 14.5
"12" "12" 1991-11-27 31.13 "MIN" "" "DEN" "W" 9 0 25 0.26 0.25 5.5 9.8 8.2 0 2 6.2 0 10.5 68 96 2.9 -6
"13" "13" 1991-11-30 31.14 "MIN" "@" "DAL" "L" -1 0 20 0.667 0.667 15.7 13.8 14.7 8.8 0 14.8 40 11.9 94 90 5.9 0.4
"14" "14" 1991-12-03 31.15 "MIN" "" "PHO" "L" -6 0 15 0.621 0.667 20 7.1 13.8 10.6 0 0 0 17.5 138 115 8.1 6.2
"15" "15" 1991-12-06 31.15 "MIN" "@" "SEA" "L" -2 1 20 0.615 0.5 12.3 14.1 13.3 0 2.7 2.9 17 13.4 117 101 6.2 1.3
"16" "16" 1991-12-07 31.16 "MIN" "@" "LAC" "L" -14 1 25 0.333 0.333 0 18.3 9.3 11.6 2.1 2.2 0 10.6 90 110 4.5 -1.7
"17" "17" 1991-12-11 31.17 "MIN" "" "SAS" "L" -13 1 22 0.564 0.5 12.3 11.2 11.9 7.1 0 2.7 0 9.9 137 105 6.5 -1
"18" "18" 1991-12-13 31.17 "MIN" "" "PHI" "L" -9 1 17 0.5 0.5 18.8 12.8 16.3 17.4 0 3.6 0 13 132 109 7.7 2.1
"19" "19" 1991-12-14 31.18 "MIN" "@" "MIL" "L" -11 1 31 0.327 0.4 12.1 11.1 11.7 13.7 0 6.6 11.6 11.8 86 113 6.4 -2.1
"20" "20" 1991-12-16 31.18 "MIN" "@" "POR" "L" -15 1 26 0.436 0.5 15.4 18.9 17.2 5.7 0 7.3 12.7 12.5 95 117 5.7 -3.9
"21" "21" 1991-12-17 31.18 "MIN" "@" "GSW" "L" -14 1 33 0.707 0.7 7.7 19.8 14.2 8.6 4.2 5.1 26.1 19.4 106 106 15.9 4.4
"22" "22" 1991-12-19 31.19 "MIN" "" "LAL" "W" 8 1 25 0.743 0.727 5.8 8.3 7.3 8.1 0 2.5 0 23.7 150 108 14 7.2
"23" "23" 1991-12-21 31.19 "MIN" "" "LAC" "L" -13 1 26 0.347 0.25 7.9 11.8 9.8 10.5 0 7 14.8 11.1 86 106 4.4 -0.5
"24" "24" 1991-12-23 31.2 "MIN" "" "NYK" "L" -6 1 28 0.8 0.8 4.6 34.3 20.9 28.4 1.9 0 28.6 11.1 122 98 11.6 7.8
"25" "25" 1991-12-27 31.21 "MIN" "" "GSW" "L" -4 1 18 0.571 0.571 10.9 10.5 10.7 0 2.7 6.2 12.5 17.5 105 94 8.1 4.4
"26" "26" 1992-01-02 31.23 "MIN" "" "MIL" "L" -1 0 26 0.581 0.667 5.3 11.3 8.8 26.1 0 4.9 0 6.3 145 108 8 5.2
"27" "27" 1992-01-04 31.23 "MIN" "" "BOS" "W" 4 0 16 0.2 0.2 0 27.9 12.6 0 0 6.7 28.6 18.7 31 102 -0.9 -15.4
"28" "28" 1992-01-07 31.24 "MIN" "" "CLE" "L" -15 0 15 0.338 0.25 18.5 42.7 27.3 18 3.5 4.5 10.1 28.2 91 113 5.4 -2.1
"29" "29" 1992-01-08 31.24 "MIN" "@" "NJN" "L" -6 0 6 0 0 0 16.3 9.2 0 8.3 0 0 7.3 0 91 0.6 -2.8
"30" "30" 1992-01-10 31.25 "MIN" "@" "BOS" "W" 10 0 15 0 0 0 21.3 11.7 7.6 0 4.1 20 14.8 13 100 -1.9 -14.9
"31" "31" 1992-01-11 31.25 "MIN" "" "UTA" "W" 5 0 18 0 0 5.7 36.6 21.8 6.5 2.7 3 0 4.8 54 84 3.4 -1.3
"32" "32" 1992-01-13 31.26 "MIN" "@" "PHO" "L" -20 0 12 0.5 0.5 9.3 30 19.3 34.3 3.9 4.3 33.3 10 106 118 5 7
"33" "33" 1992-01-14 31.26 "MIN" "@" "UTA" "L" -6 0 7 0 0 0 19.6 9.4 0 0 0 0 6.1 0 125 -0.8 -13.8
"34" "34" 1992-01-16 31.27 "MIN" "" "SAS" "L" -14 0 16 0.754 0.5 6.5 20.9 13.5 23.1 0 7 0 11.6 175 119 9.9 9.2
"35" "35" 1992-01-18 31.27 "MIN" "" "NJN" "L" -12 0 8 1 1 0 75 37 22.2 0 14.3 0 10.5 200 95 7 25.2
"36" "36" 1992-01-20 31.28 "MIN" "@" "MIA" "L" -15 0 4 0 0 30.8 0 15.4 31.6 0 0 0 11.1 93 131 0.3 -6.5
"37" "37" 1992-01-21 31.28 "MIN" "@" "ORL" "L" -13 0 5 0 0 40 0 22.3 56.5 0 0 0 16.8 81 124 1 -2.2
"38" "38" 1992-01-24 31.29 "MIN" "@" "PHI" "L" -33 0 13 0.635 0.714 6.8 7.9 7.3 0 3.7 0 0 24.3 122 114 7.9 9.7
"39" "39" 1992-01-28 31.3 "MIN" "@" "HOU" "L" -9 0 15 0.5 0.5 7 8.6 7.7 0 0 0 20 14.6 84 118 1.2 -11.2
"40" "40" 1992-02-02 31.31 "MIN" "@" "CLE" "L" -11 0 2 0 0 0 0 0 0 0 0 0 22.3 0 123 -0.7 -26.7
"41" "41" 1992-02-03 31.32 "MIN" "" "DEN" "W" 15 1 29 0.333 0.333 19.5 15.3 16.9 7.9 0 12.5 10 15.5 97 105 8.9 -0.4
"42" "42" 1992-02-05 31.32 "MIN" "" "ORL" "L" -7 1 23 0.6 0.6 13 9.9 11.6 6.2 0 2.5 16.7 11.2 118 122 5.6 -4.2
"43" "43" 1992-02-11 31.34 "MIN" "" "LAL" "L" -8 1 21 0.556 0.556 0 29.3 14.3 21.1 0 2.5 0 18.7 121 118 8.8 3.3
"44" "44" 1992-02-13 31.34 "MIN" "@" "DET" "W" 3 1 31 0.571 0.571 8.6 28.5 18.8 16.8 0 4.3 22.2 14.2 107 102 9.2 4.1
"45" "45" 1992-02-15 31.35 "MIN" "" "IND" "L" -16 1 31 0.385 0.385 6.6 20 11.9 0 0 6.5 7.1 18.8 83 127 5.8 -9.4
"46" "46" 1992-02-17 31.35 "MIN" "@" "HOU" "W" 2 1 36 0.417 0.417 9.6 0 5 6.7 4.2 1.9 0 14.7 103 116 8.8 -5.9
"47" "47" 1992-02-19 31.36 "MIN" "@" "SAS" "L" -10 1 30 0.667 0.667 14.5 6.4 10.2 0 0 0 10 15.3 132 131 9.3 -3.6
"48" "48" 1992-02-21 31.36 "MIN" "@" "DAL" "L" -15 1 25 0.429 0.429 7 24 14.9 11.9 0 4.9 0 11.6 107 108 7.5 -0.6
"49" "49" 1992-02-22 31.37 "MIN" "@" "CHI" "L" -15 1 19 0.2 0.2 5.4 14.9 10.3 13.5 0 0 16.7 14.1 60 116 0.1 -9.4
"50" "50" 1992-02-24 31.37 "MIN" "" "SEA" "L" -15 1 20 0 0 5.3 12 8.5 13 2.6 5.6 50 4.5 61 110 2.2 -1.8
"51" "51" 1992-02-26 31.38 "MIN" "" "DAL" "W" 1 1 32 0.571 0.571 0 18.3 9.4 20.3 0 13 17.2 16.5 110 109 13.2 7.2
"52" "52" 1992-02-29 31.39 "MIN" "@" "NYK" "L" -16 1 29 0.268 0.2 9.9 10.7 10.2 15.5 0 7.5 0 26.4 78 120 5 -7.6
"53" "53" 1992-03-03 31.39 "MIN" "" "SAS" "L" -1 1 24 0.25 0.25 17.4 14 15.7 30.8 0 4.9 0 21.5 98 112 8.1 2.4
"54" "54" 1992-03-05 31.4 "MIN" "" "CHI" "L" -13 1 18 0 0 5.8 21.1 12.7 6.2 2.8 0 0 7.2 41 117 1.2 -6.2
"55" "55" 1992-03-07 31.41 "MIN" "@" "IND" "L" -11 0 8 1 1 11.5 0 6.4 40 0 7.4 0 5.3 202 123 4.1 12.9
"56" "56" 1992-03-15 31.43 "MIN" "" "PHO" "L" -5 0 11 0.81 1 0 11.5 5.5 13.3 0 0 0 16.8 155 125 5.1 3.2
"57" "57" 1992-03-17 31.43 "MIN" "@" "POR" "L" -20 0 4 0.333 0.333 67.9 25.5 48 0 0 0 0 29.6 106 111 2.7 -0.1
"58" "58" 1992-03-20 31.44 "MIN" "@" "LAL" "L" -10 0 8 0.333 0.333 0 21.4 8.5 0 0 0 0 15.2 81 135 0.6 -13.2
"59" "59" 1992-03-21 31.44 "MIN" "@" "PHO" "L" -16 0 11 0.667 0.667 0 0 0 0 0 5.3 40 18.7 73 129 1.4 -5.8
"60" "60" 1992-03-23 31.45 "MIN" "" "DEN" "L" -5 0 26 0.667 0.667 9.7 33.2 20.7 6.2 1.9 0 10 15 126 94 11.6 2.5
"61" "61" 1992-03-25 31.45 "MIN" "" "MIA" "L" -8 0 2 NA NA 0 0 0 0 0 0 NA 0 0 119 0 -9
"62" "62" 1992-03-29 31.47 "MIN" "" "SAC" "L" -26 0 20 0.436 0.333 0 30.6 13.5 0 0 8.4 22.5 8.8 71 103 4.2 -4.1
"63" "63" 1992-04-05 31.48 "MIN" "" "UTA" "W" 2 0 1 NA NA 0 0 0 0 0 0 NA 0 0 112 0 -9
"64" "64" 1992-04-07 31.49 "MIN" "" "LAC" "L" -7 0 3 0.644 0.667 42.1 0 22.5 0 0 0 0 58.6 135 130 3.6 8.5
"65" "65" 1992-04-11 31.5 "MIN" "@" "SAC" "L" -20 0 7 0.82 1 0 47.8 21.9 0 6.8 8.2 45 26.1 63 88 3.6 5.7
"66" "66" 1992-04-16 31.52 "MIN" "@" "LAC" "L" -3 0 18 0.429 0.429 17 14 15.7 0 0 7.5 0 17.4 109 106 5.6 -0.6
"67" "67" 1992-04-19 31.52 "MIN" "" "CHH" "W" 23 0 3 1 1 0 28.1 16.3 0 0 0 50 27.4 63 98 0.6 -13.6
"1" "1" 1993-03-14 32.42 "ATL" "" "LAL" "W" 10 0 1 NA NA 0 0 0 0 0 0 NA 0 0 118 0 -6.9
"2" "2" 1993-03-17 32.43 "ATL" "@" "NJN" "L" -21 0 2 0.5 0.5 0 0 0 0 0 0 0 40 98 117 1 1.4
"3" "3" 1993-03-19 32.44 "ATL" "" "MIN" "W" 18 0 3 NA NA 0 36.4 21.1 0 0 0 NA 0 0 108 0.3 -5
"4" "4" 1993-04-03 32.48 "ATL" "@" "SEA" "L" -24 0 3 0.521 0.5 38.1 0 20.3 0 0 0 25.8 54.6 88 136 1.3 -15
"5" "5" 1993-04-06 32.48 "ATL" "" "NYK" "W" 5 0 10 0 0 0 11 6.1 0 0 0 0 4.8 0 110 -1.2 -13.4
"6" "6" 1993-04-09 32.49 "ATL" "" "CHI" "L" -1 0 13 0.5 0.5 8.4 18.5 13.2 0 0 0 14.3 24.2 88 99 2.9 -4.8
"7" "7" 1993-04-10 32.5 "ATL" "@" "CHH" "W" 13 0 4 0.333 0.333 30.8 25 27.6 0 0 0 0 29.7 94 103 1.3 -10.4
"8" "8" 1993-04-13 32.5 "ATL" "" "CLE" "L" -3 0 9 NA NA 0 0 0 0 0 0 NA 0 0 119 -0.8 -12.2
"9" "9" 1993-04-14 32.51 "ATL" "@" "DET" "L" -3 0 9 1 1 0 37.2 19.8 18 0 0 50 11.8 97 98 2.3 2
"10" "10" 1993-04-17 32.52 "ATL" "" "CHH" "L" -3 0 4 NA NA 0 0 0 0 0 0 NA 0 0 122 0 -7.4
"11" "11" 1993-04-23 32.53 "ATL" "" "MIL" "W" 16 0 26 0.506 0.5 27.1 27.7 27.4 18.1 0 4.9 8.4 20.6 127 108 12.9 1.4
"12" "12" 1993-04-24 32.53 "ATL" "@" "ORL" "L" -19 0 23 0.466 0.5 7.7 20.9 13.3 9.2 4.3 3.5 13.4 13.9 91 98 6 1.3
"1" "1" 1993-11-05 33.07 "SAC" "" "DEN" "W" 9 1 16 0.34 0.4 0 22.6 13 7.9 0 3.3 0 16 76 97 2.3 -4.5
"2" "2" 1993-11-07 33.07 "SAC" "@" "PHO" "L" -22 1 15 0 0 6.5 0 3.4 0 0 0 50 5.2 31 126 -1.8 -13.4
"3" "3" 1993-11-12 33.09 "SAC" "" "SAS" "W" 2 0 1 NA NA 0 0 0 0 0 0 NA 0 0 117 0 -5.4
"4" "4" 1993-11-14 33.09 "SAC" "@" "NJN" "L" -30 0 5 0.568 NA 0 0 0 0 0 0 0 7.5 123 133 -0.6 -17.9
"5" "5" 1993-11-16 33.1 "SAC" "@" "ATL" "L" -23 0 9 0 0 12.1 30.2 22 0 0 6.7 33.3 13.9 21 108 -0.9 -14.8
"6" "6" 1993-11-17 33.1 "SAC" "@" "CHH" "L" -17 0 8 NA NA 11.3 58.1 28.6 13.3 0 8.5 NA 0 213 118 2.6 2.7
"7" "7" 1993-11-19 33.11 "SAC" "@" "MIN" "L" -5 0 15 0.521 0.5 0 29.1 12.5 0 0 9.3 0 7.5 112 106 3.5 -0.9
"8" "8" 1993-11-21 33.11 "SAC" "" "CHI" "W" 2 0 11 0.868 1 12.1 46.4 31.5 0 4.5 5.8 51 24 76 84 4.5 0.4
"9" "9" 1993-11-24 33.12 "SAC" "" "SEA" "L" -27 0 8 0.5 0.5 0 50 20.5 0 5.6 0 33.3 14.2 61 100 1.9 -2.3
"10" "10" 1993-11-26 33.13 "SAC" "" "HOU" "L" -3 0 25 0 0 4.2 14.4 8.9 5.6 0 0 0 1.8 80 104 0.4 -4.5
"11" "11" 1993-12-04 33.15 "SAC" "@" "NYK" "L" -22 0 7 0 NA 30.5 13.4 21.4 17.1 0 7.3 0 5.4 105 120 1.9 3.7
"12" "12" 1993-12-07 33.16 "SAC" "@" "IND" "L" -18 0 6 NA NA 0 0 0 0 8.5 0 NA 0 0 104 1 2.2
"13" "13" 1993-12-08 33.16 "SAC" "@" "BOS" "L" -14 0 8 NA NA 11.1 29.3 18.9 0 0 7.1 NA 0 210 121 2 -1.9
"14" "14" 1993-12-10 33.16 "SAC" "@" "PHI" "W" 6 0 11 NA NA 0 19.8 10.3 0 0 0 100 3.7 0 108 -1.6 -12.9
"15" "15" 1993-12-19 33.19 "SAC" "" "ORL" "L" -6 0 23 0 0 0 16.1 7.6 0 2.1 6.1 0 2 0 92 1.8 -2.7
"16" "16" 1993-12-23 33.2 "SAC" "" "WSB" "W" 26 0 5 0.5 0.5 0 20.9 10.9 25 0 0 33.3 26 75 91 0.6 -8
"17" "17" 1993-12-26 33.21 "SAC" "@" "MIA" "L" -14 0 4 NA NA 0 28.6 14.8 0 0 0 NA 0 0 111 -0.1 -6.5
"18" "18" 1993-12-27 33.21 "SAC" "@" "ORL" "L" -12 1 15 1 1 7.1 0 3.6 24.1 3.3 4.7 0 2.8 204 124 5 8.1
"19" "19" 1994-01-05 33.24 "SAC" "" "LAL" "W" 8 0 8 0 0 27.9 0 12.6 0 0 0 0 27.2 33 115 -2.1 -30.8
"20" "20" 1994-01-19 33.27 "SAC" "" "SEA" "L" -19 0 2 0 NA 0 0 0 0 0 0 0 18.6 0 124 -0.8 -23.1
"21" "21" 1994-01-21 33.28 "SAC" "@" "UTA" "L" -29 0 5 NA NA 0 0 0 0 0 35.6 NA 0 0 110 2.1 16.9
"22" "22" 1994-01-22 33.28 "SAC" "" "CLE" "L" -10 0 10 NA NA 0 0 0 0 5.2 0 NA 0 0 117 0.2 -7.2
"23" "23" 1994-01-25 33.29 "SAC" "@" "SAS" "L" -16 0 7 NA NA 0 43.8 22.6 0 0 25.7 NA 0 0 84 3 13.3
"24" "24" 1994-01-27 33.3 "SAC" "@" "HOU" "L" -16 0 12 0 0 15.1 19 16.8 0 0 0 0 6.6 54 118 0.1 -13.2
"25" "25" 1994-02-04 33.32 "SAC" "" "DEN" "L" -25 0 9 NA NA 20.9 27.4 23.7 0 0 14.4 100 4.4 55 98 2 -1.7
"26" "26" 1994-04-11 33.5 "SAC" "" "LAC" "W" 21 0 2 0 0 0 0 0 0 0 0 0 18.6 0 109 -0.7 -27.2
