"Rk" "G" "Date" "Age" "Tm" "H/A" "Opp" "W/L" "By Amt" "GS" "MP" "TS%" "eFG%" "ORB%" "DRB%" "TRB%" "AST%" "STL%" "BLK%" "TOV%" "USG%" "ORtg" "DRtg" "GmSc" "BPM"
"1" "1" 2011-12-26 22.92 "NJN" "@" "WAS" "W" 6 0 8.13333333333333 0.429 0.429 24.1 0 12.2 0 0 0 0 37.6 105 98 2.5 -4.4
"2" "2" 2011-12-27 22.92 "NJN" "" "ATL" "L" -36 0 27.7333333333333 0.548 0.417 8.1 3.9 6 13 2 2.7 0 26.7 123 124 14.3 11.1
"3" "3" 2011-12-29 22.92 "NJN" "@" "ORL" "L" -16 0 20.6666666666667 0.535 0.533 10.6 0 5.3 54.7 2.6 0 5.9 38.7 107 106 12 14.8
"4" "4" 2011-12-30 22.93 "NJN" "@" "ATL" "L" -7 0 28.55 0.711 0.654 13.3 8.4 10.8 6.8 0 2.7 16.9 29.5 129 126 14.6 3.2
"5" "5" 2012-01-01 22.93 "NJN" "@" "CLE" "L" -16 0 11.7333333333333 0 0 24.1 12 18 0 0 0 0 11.8 38 117 -0.4 -14.7
"6" "6" 2012-01-02 22.93 "NJN" "" "IND" "L" -14 0 31.9333333333333 0.56 0.529 12.5 13.3 12.8 0 3.6 0 5.1 26.9 127 127 15.8 4.2
"7" "7" 2012-01-04 22.94 "NJN" "@" "BOS" "L" -19 1 34.4833333333333 0.479 0.469 3.2 3.9 3.5 0 3.5 0 5.3 28.6 95 112 9 0.7
"8" "" 2012-01-06 22.95 "NJN" "@" "TOR" "W" 12 NA NA NA NA NA NA NA NA NA NA NA NA NA NA NA NA
"9" "8" 2012-01-07 22.95 "NJN" "" "MIA" "L" -11 0 24.0333333333333 0.652 0.571 0 11.4 4.5 0 6.2 0 17.9 18.9 107 99 9.1 4.8
"10" "9" 2012-01-09 22.95 "NJN" "" "ATL" "L" -5 1 40.85 0.638 0.607 10.4 21.1 16.1 8.5 0 0 6.3 18.3 134 123 15 1.3
"11" "10" 2012-01-11 22.96 "NJN" "@" "DEN" "L" -8 1 30.2666666666667 0.421 0.409 4.1 5.9 4.8 13 0 0 25.2 23.9 78 134 1.8 -17.3
"12" "11" 2012-01-13 22.96 "NJN" "@" "PHO" "W" 7 1 35.6833333333333 0.613 0.6 4 14.9 9.6 4.6 4.5 2.4 10.9 24.6 115 110 15.4 2.5
"13" "12" 2012-01-14 22.97 "NJN" "@" "UTA" "L" -13 1 29.15 0.637 0.583 0 13 6.2 18.3 3.6 0 18.8 17.2 111 113 8.6 -1.2
"14" "13" 2012-01-16 22.97 "NJN" "@" "LAC" "L" -10 1 41.8666666666667 0.603 0.571 0 22.4 11.3 13.8 1.3 1.9 6 19.7 119 111 16 2.5
"15" "14" 2012-01-18 22.98 "NJN" "" "GSW" "W" 7 1 40.7833333333333 0.656 0.6 10.1 16.3 13.3 25.6 0 0 5.6 20.3 157 121 20.3 6
"16" "15" 2012-01-21 22.99 "NJN" "" "OKC" "L" -10 1 34.3166666666667 0.382 0.353 7.4 6.4 6.9 7.5 3.1 2.3 9.8 25.5 80 92 6.6 0.5
"17" "16" 2012-01-22 22.99 "NJN" "" "CHA" "W" 10 1 36.4333333333333 0.559 0.529 6.1 13.9 9.8 5 0 2 0 22.5 131 101 14.5 0.4
"18" "" 2012-01-23 22.99 "NJN" "@" "CHI" "L" -15 NA NA NA NA NA NA NA NA NA NA NA NA NA NA NA NA
"19" "" 2012-01-25 23 "NJN" "@" "PHI" "W" 7 NA NA NA NA NA NA NA NA NA NA NA NA NA NA NA NA
"20" "" 2012-01-27 23 "NJN" "@" "CLE" "W" 3 NA NA NA NA NA NA NA NA NA NA NA NA NA NA NA NA
"21" "17" 2012-01-29 23.01 "NJN" "" "TOR" "L" -21 0 21.95 0.3 0.3 5.3 0 2.8 21.4 2.6 0 16.7 27.1 63 112 0.1 -10.7
"22" "" 2012-01-31 23.01 "NJN" "@" "IND" "L" -7 NA NA NA NA NA NA NA NA NA NA NA NA NA NA NA NA
"23" "" 2012-02-01 23.02 "NJN" "" "DET" "W" 3 NA NA NA NA NA NA NA NA NA NA NA NA NA NA NA NA
"24" "" 2012-02-03 23.02 "NJN" "" "MIN" "L" -3 NA NA NA NA NA NA NA NA NA NA NA NA NA NA NA NA
"25" "" 2012-02-04 23.02 "NJN" "@" "NYK" "L" -7 NA NA NA NA NA NA NA NA NA NA NA NA NA NA NA NA
"26" "" 2012-02-06 23.03 "NJN" "" "CHI" "L" -21 NA NA NA NA NA NA NA NA NA NA NA NA NA NA NA NA
"27" "" 2012-02-08 23.04 "NJN" "" "DET" "L" -7 NA NA NA NA NA NA NA NA NA NA NA NA NA NA NA NA
"28" "18" 2012-02-10 23.04 "NJN" "@" "DET" "L" -17 0 17.2833333333333 0.421 0.357 13.2 0 7.1 10.9 6 4 19.4 27.1 83 111 5.3 1.4
"29" "19" 2012-02-11 23.04 "NJN" "" "SAS" "L" -14 1 23.55 0.309 0.25 4.4 22.6 12.4 13.2 0 0 34.6 32.8 51 116 -3.1 -19.6
"30" "20" 2012-02-15 23.05 "NJN" "" "MEM" "L" -5 1 29.8666666666667 0.667 0.667 10 3.7 6.3 16.6 3.8 2.2 40 24.7 85 123 7.4 -3.9
"31" "21" 2012-02-16 23.06 "NJN" "@" "IND" "L" -5 1 36.3833333333333 0.426 0.406 3.9 11.7 8.3 19.5 0 0 19.6 26.7 84 112 4.3 -7.1
"32" "22" 2012-02-18 23.06 "NJN" "@" "CHI" "W" 12 1 41.6333333333333 0.458 0.421 4.8 6.7 5.8 13.3 1.3 1.6 4.6 23.9 107 101 11.6 -1.3
"33" "23" 2012-02-19 23.07 "NJN" "" "MIL" "L" -7 1 35.9666666666667 0.342 0.214 2.8 11.1 7 21.4 1.5 0 5.4 22.6 88 107 5.7 -5.4
"34" "24" 2012-02-20 23.07 "NJN" "@" "NYK" "W" 8 1 37.95 0.567 0.533 0 8.4 4.3 21.9 1.3 0 15.9 21.4 106 99 10.8 0.2
"35" "25" 2012-02-22 23.07 "NJN" "" "ORL" "L" -17 1 39.9166666666667 0.8 0.8 3.1 10.9 7.2 9.3 2.8 0 6.3 19.8 152 124 21 8.7
"36" "26" 2012-02-28 23.09 "NJN" "@" "DAL" "W" 1 1 33.6666666666667 0.615 0.5 3.2 2.5 2.8 12.5 3 2.2 29.1 9 106 100 6.6 0.3
"37" "27" 2012-03-02 23.1 "NJN" "@" "BOS" "L" -13 1 29.5666666666667 0.935 0.9 4.1 8.3 6.2 11.8 1.6 0 46 16.3 97 108 6.6 -2.7
"38" "28" 2012-03-04 23.1 "NJN" "@" "CHA" "W" 3 1 27.7166666666667 0.193 0.167 5.2 0 2.2 16.6 0 2.6 20.5 16.4 55 118 -0.9 -12.3
"39" "29" 2012-03-06 23.11 "NJN" "@" "MIA" "L" -30 1 28.3333333333333 0.545 0.545 3.7 6.5 4.7 15 1.9 0 15.4 21.7 99 127 7.3 -1.8
"40" "30" 2012-03-07 23.11 "NJN" "" "LAC" "W" 1 1 34.35 0.731 0.731 3.7 4.1 3.9 12.8 1.5 0 13.3 20.2 121 115 13.3 3.1
"41" "31" 2012-03-09 23.12 "NJN" "@" "CHA" "W" 9 1 29.8 0.313 0.273 3.4 0 1.6 6.4 0 0 19 23.6 63 97 -1.3 -14.7
"42" "32" 2012-03-10 23.12 "NJN" "" "HOU" "L" -6 1 32.45 0.719 0.719 4.1 17.9 10.7 38.7 0 0 11.1 28 142 135 20.2 7.5
"43" "33" 2012-03-12 23.13 "NJN" "" "MIL" "L" -6 1 34.5666666666667 0.425 0.4 0 6.5 3.6 13.2 2.9 0 29.8 22.4 67 109 3.1 -8.3
"44" "34" 2012-03-14 23.13 "NJN" "" "TOR" "W" 14 1 20.8 0.409 0.409 0 9.6 5.4 40.1 0 3.3 15.4 29.9 93 101 5.7 -1
"45" "35" 2012-03-16 23.14 "NJN" "@" "ORL" "L" -16 1 25.8 0.091 0.091 3.8 12 7 7.1 0 0 15.4 24.1 25 108 -5.7 -22
"46" "36" 2012-03-17 23.14 "NJN" "" "NOH" "L" -8 1 22.5333333333333 0.543 0.5 4.7 5.9 5.3 21.6 2.5 0 0 18.6 132 121 9.2 3.5
"47" "37" 2012-03-19 23.15 "NJN" "" "CLE" "L" -5 1 29.9 0.396 0.3 3.6 10 7 11 1.8 0 0 19 97 116 6.6 -4.9
"48" "38" 2012-03-21 23.15 "NJN" "" "WAS" "L" -19 1 22.9833333333333 0.357 0.222 0 4.9 2.3 7.8 4.6 0 15.2 25.1 74 117 3.1 -7.5
"49" "39" 2012-03-23 23.16 "NJN" "@" "ATL" "L" -9 1 17.9833333333333 0.512 0.5 11.9 14 12.9 0 0 0 29.1 18.3 82 111 2.2 -7.8
"50" "40" 2012-03-24 23.16 "NJN" "" "CHA" "W" 13 1 32.3333333333333 0.473 0.333 6.1 3.9 5.1 0 0 0 25.6 20.8 81 102 2 -12.4
"51" "41" 2012-03-26 23.16 "NJN" "" "UTA" "L" -21 1 26.4666666666667 0.425 0.3 7 4.5 5.9 7.7 1.9 0 14.5 22.2 88 116 5.6 -4.2
"52" "42" 2012-03-28 23.17 "NJN" "" "IND" "W" 16 1 33.6166666666667 0.576 0.538 3.6 10.2 7 14.3 0 0 6.3 22.1 123 105 12.2 -1
"53" "43" 2012-03-30 23.18 "NJN" "@" "GSW" "W" 2 1 14.1166666666667 0.581 0.5 8.5 9.4 8.9 0 0 0 36.8 33.3 74 117 1.6 -18.1
"54" "44" 2012-03-31 23.18 "NJN" "@" "SAC" "W" 12 1 17.1166666666667 0.333 0.333 6.1 6 6 15 0 0 25 18.7 71 108 1 -12
"55" "45" 2012-04-03 23.19 "NJN" "@" "LAL" "L" -4 1 15.6333333333333 0.417 0.417 0 0 0 22 0 0 0 18.9 95 115 2.6 -4.3
"56" "46" 2012-04-04 23.19 "NJN" "@" "POR" "L" -13 1 29.6 0.143 0.143 3.2 4 3.6 32 0 0 36.4 16.2 47 118 -1.7 -12.3
"57" "47" 2012-04-06 23.19 "NJN" "" "WAS" "W" 12 1 35.5333333333333 0.551 0.533 7.9 12.9 10.7 23.7 1.5 1.9 10.9 24.2 119 110 16 0.6
"58" "48" 2012-04-08 23.2 "NJN" "" "CLE" "W" 5 1 29.1833333333333 0.568 0.545 10.7 14.5 12.6 11 1.8 0 24.5 23.7 100 116 8.4 -6.6
"59" "49" 2012-04-10 23.21 "NJN" "" "PHI" "L" -19 1 36.0833333333333 0.421 0.364 2.9 12.4 7.5 13.9 4.2 2 7.8 15.7 91 107 9.8 1.1
"60" "50" 2012-04-13 23.21 "NJN" "@" "PHI" "W" 6 1 36.4333333333333 0.693 0.667 0 17.2 8.9 23.8 1.4 1.9 5.9 21.6 129 93 19.2 9.6
"61" "51" 2012-04-14 23.22 "NJN" "" "BOS" "L" -12 1 36.45 0.382 0.382 2.5 12.8 7.1 16.4 0 0 10.5 23.3 79 108 4.7 -5.1
"62" "52" 2012-04-16 23.22 "NJN" "" "MIA" "L" -3 1 37.35 0.64 0.588 3.7 24.1 13.4 27.4 2.9 0 21 29.9 110 110 18.2 3.7
"63" "53" 2012-04-18 23.23 "NJN" "" "NYK" "L" -9 1 20.95 0.388 0.333 0 0 0 7.5 0 0 13.4 16.6 77 121 0.9 -9.7
"64" "54" 2012-04-21 23.24 "NJN" "@" "MIL" "L" -11 1 31.2 0.44 0.417 0 3.3 1.7 10.5 1.6 0 13.4 31.9 79 112 5.3 -7
"65" "55" 2012-04-23 23.24 "NJN" "" "PHI" "L" -18 1 34.0333333333333 0.556 0.464 0 8.1 4.1 25 3.3 0 5.8 25.8 117 120 13.8 4.9
"66" "56" 2012-04-26 23.25 "NJN" "@" "TOR" "L" -31 1 30.6833333333333 0.258 0.235 5.7 7.4 6.5 8.3 3.5 0 14.7 30.4 52 110 -0.4 -12.3
"1" "1" 2012-11-03 23.77 "BRK" "" "TOR" "W" 7 0 18.4166666666667 0.68 0.6 0 12.4 6.7 8.9 0 4.1 14.5 15.7 122 104 5.1 0.1
"2" "2" 2012-11-05 23.78 "BRK" "" "MIN" "L" -11 0 21.2833333333333 0.698 0.643 12.2 12.2 12.2 8.7 2.7 0 0 18.9 152 125 10.6 5
"3" "3" 2012-11-07 23.78 "BRK" "@" "MIA" "L" -30 0 18.9666666666667 0.685 0.714 0 7.2 3.2 29.2 2.9 0 25.5 28 103 116 7.6 7.2
"4" "" 2012-11-09 23.79 "BRK" "@" "ORL" "W" 39 NA NA NA NA NA NA NA NA NA NA NA NA NA NA NA NA
"5" "" 2012-11-11 23.79 "BRK" "" "ORL" "W" 8 NA NA NA NA NA NA NA NA NA NA NA NA NA NA NA NA
"6" "" 2012-11-13 23.8 "BRK" "" "CLE" "W" 13 NA NA NA NA NA NA NA NA NA NA NA NA NA NA NA NA
"7" "4" 2012-11-15 23.81 "BRK" "" "BOS" "W" 5 0 5.55 0.41 0.5 0 0 0 0 0 0 0 19.5 85 121 0.2 -13.2
"8" "5" 2012-11-18 23.81 "BRK" "@" "SAC" "W" 9 0 12.3666666666667 0.956 0.917 0 9.5 5.2 23.4 0 0 0 29.6 191 110 12.8 25.4
"9" "6" 2012-11-20 23.82 "BRK" "@" "LAL" "L" -5 0 4.1 NA NA 0 29.3 13.2 0 0 0 100 11.2 0 105 -1.1 -24.2
"10" "7" 2012-11-21 23.82 "BRK" "@" "GSW" "L" -9 0 10.4 0.507 0.5 20.5 0 11.8 0 11.1 0 10.1 46.7 99 107 6.2 5.6
"11" "" 2012-11-23 23.83 "BRK" "" "LAC" "W" 10 NA NA NA NA NA NA NA NA NA NA NA NA NA NA NA NA
"12" "8" 2012-11-25 23.83 "BRK" "" "POR" "W" 13 0 12.9833333333333 0.34 0.4 8.8 18.5 13.5 35.1 0 0 25.4 25.7 73 103 1.9 -8.6
"13" "" 2012-11-26 23.84 "BRK" "" "NYK" "W" 7 NA NA NA NA NA NA NA NA NA NA NA NA NA NA NA NA
"14" "" 2012-11-28 23.84 "BRK" "@" "BOS" "W" 12 NA NA NA NA NA NA NA NA NA NA NA NA NA NA NA NA
"15" "9" 2012-11-30 23.85 "BRK" "@" "ORL" "W" 12 0 5.76666666666667 0.41 0.25 0 21.9 10.8 0 10 0 0 42.4 96 86 2.9 1.9
"16" "" 2012-12-01 23.85 "BRK" "@" "MIA" "L" -13 NA NA NA NA NA NA NA NA NA NA NA NA NA NA NA NA
"17" "10" 2012-12-04 23.86 "BRK" "" "OKC" "L" -6 0 3.1 0 0 0 0 0 39.7 0 0 50 27.4 30 133 -1 -24.5
"18" "11" 2012-12-07 23.87 "BRK" "" "GSW" "L" -7 0 3.13333333333333 0 0 0 0 0 0 0 0 0 13.9 0 129 -0.7 -22.2
"19" "12" 2012-12-09 23.87 "BRK" "" "MIL" "L" -9 0 20.7833333333333 0.972 0.9 0 6.1 3 10.1 4.9 0 12.2 17.4 171 100 12.1 11.7
"20" "13" 2012-12-11 23.88 "BRK" "" "NYK" "L" -3 0 12.6666666666667 0.605 0.571 0 0 0 36.4 0 0 0 30.9 131 128 6.7 4.9
"21" "14" 2012-12-12 23.88 "BRK" "@" "TOR" "W" 6 0 5.65 NA NA 0 45.9 24.6 58.6 0 0 100 17.6 47 98 -0.4 -10.5
"22" "15" 2012-12-14 23.88 "BRK" "" "DET" "W" 2 0 17.1666666666667 0.444 0.2 0 13.2 7 8.7 0 4.1 12.9 23.6 91 109 3.1 -6.6
"23" "16" 2012-12-15 23.89 "BRK" "@" "CHI" "L" -1 0 7.73333333333333 0 0 0 18.3 8.4 0 7.3 0 33.3 18.1 0 89 -1.1 -14.1
"24" "17" 2012-12-18 23.9 "BRK" "" "UTA" "L" -2 0 16.3 0.25 0.25 0 6.7 3.4 9.8 0 0 33.3 17.7 43 116 -1.8 -16
"25" "18" 2012-12-19 23.9 "BRK" "@" "NYK" "L" -14 0 2.06666666666667 NA NA 0 0 0 0 0 0 NA 0 0 129 0 -7.8
"26" "" 2012-12-23 23.91 "BRK" "" "PHI" "W" 3 NA NA NA NA NA NA NA NA NA NA NA NA NA NA NA NA
"27" "19" 2012-12-25 23.92 "BRK" "" "BOS" "L" -17 0 6.05 0 0 0 0 0 0 0 0 0 8.2 0 120 -1.1 -16.1
"28" "20" 2012-12-26 23.92 "BRK" "@" "MIL" "L" -15 0 19.7 0.46 0.4 0 17.4 7.9 0 0 0 26.9 16 69 119 0.8 -12.9
"29" "21" 2012-12-28 23.92 "BRK" "" "CHA" "W" 16 0 19.7333333333333 0.423 0.375 6.8 11.3 9.2 18.2 2.9 3.9 15.8 30.9 88 94 5 -3.7
"30" "22" 2012-12-29 23.93 "BRK" "" "CLE" "W" 3 0 6.48333333333333 0.5 0.5 0 0 0 0 8.1 0 20 35.5 79 104 2 -2.9
"31" "23" 2012-12-31 23.93 "BRK" "@" "SAS" "L" -31 0 19.35 0.643 0.625 5.9 8.6 7 0 0 4.2 19.4 39.3 97 121 7.1 0.8
"32" "24" 2013-01-02 23.94 "BRK" "@" "OKC" "W" 17 0 1.6 NA NA 0 0 0 0 0 0 NA 0 0 112 0 -6
"33" "25" 2013-01-04 23.94 "BRK" "@" "WAS" "W" 2 0 7.95 0.615 0.75 0 14.9 7.7 76.3 0 0 17 34.4 108 107 3.9 5.5
"34" "26" 2013-01-05 23.95 "BRK" "" "SAC" "W" 20 0 26.3 0.519 0.5 4.6 3.5 4 17.5 2.2 2.6 6.5 26.5 128 114 11 0
"35" "27" 2013-01-08 23.95 "BRK" "@" "PHI" "W" 20 0 12.3166666666667 0.5 0.5 0 9.3 4.8 32.4 4.4 0 33.3 10.9 105 97 3 2.1
"36" "28" 2013-01-11 23.96 "BRK" "" "PHO" "W" 20 0 22.2833333333333 0.73 0.611 0 9.8 5.2 9.3 2.5 0 7.9 27.2 148 93 12.4 9.7
"37" "29" 2013-01-13 23.97 "BRK" "" "IND" "W" 11 0 13.1666666666667 0.37 0.2 0 9.1 4.2 12.4 0 6.2 0 23.3 97 101 2.8 -0.9
"38" "30" 2013-01-15 23.97 "BRK" "" "TOR" "W" 7 0 11.85 0.554 0.6 0 21.9 10.8 29.1 4.6 0 0 25.8 124 113 6.1 4.2
"39" "31" 2013-01-16 23.98 "BRK" "@" "ATL" "L" -14 0 9.75 0.667 0.667 11.4 0 6.3 0 0 0 25 18.3 105 137 2 -6.1
"40" "32" 2013-01-18 23.98 "BRK" "" "ATL" "W" 5 0 8.8 0.174 0 0 13 6.6 18.2 0 0 0 14.4 60 99 0.2 -7.2
"41" "33" 2013-01-21 23.99 "BRK" "@" "NYK" "W" 3 0 3.03333333333333 0.5 0.5 0 0 0 100 0 0 33.3 46.6 80 104 0.7 -3.4
"42" "34" 2013-01-23 23.99 "BRK" "@" "MIN" "W" 8 0 4.61666666666667 0 0 0 0 0 0 0 0 0 19.8 0 101 -1.4 -22.9
"43" "35" 2013-01-25 24 "BRK" "@" "MEM" "L" -24 0 12 0 0 0 18.6 9.8 0 0 0 33.3 25 0 118 -4.6 -30.9
"44" "36" 2013-01-26 24 "BRK" "@" "HOU" "L" -13 0 1.11666666666667 NA NA 0 0 0 0 0 0 NA 0 0 141 0 -10.6
"45" "37" 2013-01-28 24.01 "BRK" "" "ORL" "W" 20 0 17.85 0.5 0.5 7.3 6.1 6.6 10.2 9.4 0 20 27.1 89 78 6.7 4.2
"46" "38" 2013-01-30 24.01 "BRK" "" "MIA" "L" -20 0 7.9 0.347 0 0 0 0 19.6 0 9.5 25.8 23.9 70 124 0.6 -7.4
"47" "39" 2013-02-01 24.02 "BRK" "" "CHI" "W" 4 0 20.6833333333333 0.597 0.55 8 5.8 6.7 25.4 5.5 0 15.5 30.6 120 101 10.7 10.2
"48" "40" 2013-02-05 24.03 "BRK" "" "LAL" "L" -9 0 3.36666666666667 0 0 0 38.5 15.5 0 0 0 0 25.2 0 101 -1.1 -22.5
"49" "41" 2013-02-06 24.03 "BRK" "@" "DET" "W" 3 0 13.6833333333333 0.571 0.571 8.4 0 4 0 4 0 0 23.2 123 102 5.2 2.7
"50" "42" 2013-02-08 24.04 "BRK" "@" "WAS" "L" -15 0 10.6 0 0 0 10.8 4.9 18.1 0 0 25 17.2 11 104 -2.1 -17.8
"51" "43" 2013-02-10 24.04 "BRK" "" "SAS" "L" -25 0 3.63333333333333 0.5 0.5 0 0 0 0 0 0 0 27.7 112 143 1 -3.7
"52" "44" 2013-02-11 24.04 "BRK" "@" "IND" "W" 5 0 15.2 0.563 0.563 0 6 3.3 0 3.8 0 20 33.2 88 93 4.3 4.1
"53" "45" 2013-02-13 24.05 "BRK" "" "DEN" "W" 11 0 5.7 0 0 0 0 0 61.6 0 0 50 16.6 88 128 0 -8.3
"54" "46" 2013-02-19 24.07 "BRK" "" "MIL" "W" 2 0 4 0.258 0.333 0 0 0 0 0 0 20.5 55.7 41 123 -1.5 -38.7
"55" "47" 2013-02-20 24.07 "BRK" "@" "MIL" "W" 3 0 7.35 0.902 0.833 0 15.9 7.2 0 0 10.7 20.5 29.7 127 89 4.1 8.7
"56" "48" 2013-02-22 24.07 "BRK" "" "HOU" "L" -10 0 10.5166666666667 0.773 0.667 0 0 0 0 0 0 0 16.3 166 126 4.3 1.2
"57" "49" 2013-02-24 24.08 "BRK" "" "MEM" "L" -4 0 31.5166666666667 0.288 0.308 13.5 13.4 13.5 19.9 0 2.4 6.7 23.4 81 101 4.4 -3
"58" "50" 2013-02-26 24.08 "BRK" "@" "NOH" "W" 4 0 22.8666666666667 0.45 0.438 0 15.4 8 20.5 2.5 2.9 10.1 21.4 100 111 6.5 -1.8
"59" "51" 2013-03-01 24.09 "BRK" "" "DAL" "L" -8 0 2.8 0 0 0 0 0 0 0 0 0 16.6 0 113 -1.1 -27.8
"60" "52" 2013-03-02 24.1 "BRK" "@" "CHI" "L" -11 0 8.7 0 NA 0 0 0 17.2 0 0 53.2 10.1 24 115 -1.9 -16.3
"61" "53" 2013-03-06 24.11 "BRK" "@" "CHA" "W" 21 0 8.71666666666667 0.399 0 0 11.2 7.1 0 5.9 8.3 34.7 31.5 56 70 1.2 -7.1
"62" "54" 2013-03-08 24.11 "BRK" "" "WAS" "W" 17 0 13.6 0.478 0.333 7.4 0 3.4 0 3.8 0 21.5 29 89 86 3.3 -0.2
"63" "55" 2013-03-09 24.12 "BRK" "@" "ATL" "W" 13 0 3.61666666666667 NA NA 0 0 0 0 0 0 NA 0 0 102 -0.4 -15.1
"64" "56" 2013-03-11 24.12 "BRK" "@" "PHI" "L" -9 0 2.38333333333333 0 0 0 0 0 0 0 0 0 20.3 0 132 -0.7 -27.5
"65" "57" 2013-03-12 24.12 "BRK" "" "NOH" "W" 10 0 22.3833333333333 0.854 0.833 5.5 12.6 8.8 0 0 0 0 17.1 184 124 11.9 6
"66" "58" 2013-03-17 24.14 "BRK" "" "ATL" "L" -12 0 1.6 1 1 0 0 0 0 0 0 50 55 64 123 0.7 -5.7
"67" "59" 2013-03-18 24.14 "BRK" "@" "DET" "W" 37 0 24.2 0.592 0.563 5.5 0 2.7 10.7 0 6.6 19.2 20.3 113 101 7.1 0.1
"68" "60" 2013-03-20 24.15 "BRK" "@" "DAL" "W" 17 0 3.81666666666667 0 0 0 32.2 15.9 27.9 0 0 0 23.5 35 106 -0.8 -21.6
"69" "61" 2013-03-23 24.15 "BRK" "@" "LAC" "L" -6 0 2.91666666666667 0 0 0 0 0 0 0 0 0 16.5 0 124 -1.1 -29.6
"70" "62" 2013-03-24 24.16 "BRK" "@" "PHO" "W" 2 0 18.6333333333333 0.615 0.5 0 4.8 2.8 25.9 0 3.3 29.1 16.8 105 122 4.3 -2
"71" "63" 2013-03-27 24.16 "BRK" "@" "POR" "W" 18 0 17.4333333333333 0.676 0.625 12 0 5.9 7.9 6 0 0 21.3 161 98 11.7 17.8
"72" "64" 2013-03-29 24.17 "BRK" "@" "DEN" "L" -22 0 28.6166666666667 0.308 0.308 13.7 15.2 14.3 33.2 1.9 0 13.3 22.1 91 123 4.7 -5
"73" "65" 2013-03-30 24.17 "BRK" "@" "UTA" "L" -9 0 29.75 0.46 0.45 8.1 0 4.1 4.5 3.6 2.5 8.4 18 105 126 6.4 -4.8
"74" "66" 2013-04-03 24.18 "BRK" "@" "CLE" "W" 18 1 36.8833333333333 0.8 0.781 0 10.6 6.5 33.3 0 1.7 22.9 27.5 125 105 21.2 5.6
"75" "67" 2013-04-04 24.19 "BRK" "" "CHI" "L" -2 0 10 1.025 1 12 13.3 12.6 22.4 0 0 45 21.5 113 109 3.3 -0.1
"76" "68" 2013-04-06 24.19 "BRK" "" "CHA" "W" 9 0 18 0.4 0.4 0 12.7 6.4 7.9 6 0 16.7 15.8 77 101 3.2 -3.7
"77" "69" 2013-04-09 24.2 "BRK" "" "PHI" "W" 21 0 24.9333333333333 0.619 0.563 3.9 22.6 13.3 5.6 2.2 0 0 15.1 157 95 10 5.1
"78" "70" 2013-04-10 24.2 "BRK" "@" "BOS" "W" 8 0 6.98333333333333 0 0 0 17.2 9 0 7.9 0 50 14 0 94 -0.8 -12.8
"79" "" 2013-04-12 24.21 "BRK" "@" "IND" "W" 8 NA NA NA NA NA NA NA NA NA NA NA NA NA NA NA NA
"80" "71" 2013-04-14 24.21 "BRK" "@" "TOR" "L" -6 0 4.4 NA NA 0 0 0 32.1 0 0 NA 0 224 114 0.3 -6.9
"81" "72" 2013-04-15 24.22 "BRK" "" "WAS" "W" 5 1 28.95 0.462 0.462 9.4 4.6 7.5 5 1.8 0 13.3 21.1 100 112 7 -5.1
"82" "73" 2013-04-17 24.22 "BRK" "" "DET" "W" 4 0 13.05 0.333 0.333 0 29.8 14.3 31.2 0 0 0 9.7 112 100 2.1 -4
"1" "" 2013-10-30 24.76 "BOS" "@" "TOR" "L" -6 NA NA NA NA NA NA NA NA NA NA NA NA NA NA NA NA
"2" "" 2013-11-01 24.76 "BOS" "" "MIL" "L" -7 NA NA NA NA NA NA NA NA NA NA NA NA NA NA NA NA
"3" "1" 2013-11-03 24.77 "BOS" "@" "DET" "L" -10 0 6.88333333333333 0 0 0 0 0 22.5 0 0 0 13.6 26 106 -0.7 -10.9
"4" "" 2013-11-04 24.77 "BOS" "@" "MEM" "L" -7 NA NA NA NA NA NA NA NA NA NA NA NA NA NA NA NA
"5" "" 2013-11-06 24.78 "BOS" "" "UTA" "W" 10 NA NA NA NA NA NA NA NA NA NA NA NA NA NA NA NA
"6" "" 2013-11-08 24.78 "BOS" "@" "ORL" "W" 2 NA NA NA NA NA NA NA NA NA NA NA NA NA NA NA NA
"7" "" 2013-11-09 24.79 "BOS" "@" "MIA" "W" 1 NA NA NA NA NA NA NA NA NA NA NA NA NA NA NA NA
"8" "" 2013-11-11 24.79 "BOS" "" "ORL" "W" 15 NA NA NA NA NA NA NA NA NA NA NA NA NA NA NA NA
"9" "" 2013-11-13 24.8 "BOS" "" "CHA" "L" -6 NA NA NA NA NA NA NA NA NA NA NA NA NA NA NA NA
"10" "2" 2013-11-15 24.8 "BOS" "" "POR" "L" -13 0 3.15 0 0 0 0 0 0 0 0 0 14.6 0 118 -0.7 -18.3
"11" "3" 2013-11-16 24.81 "BOS" "@" "MIN" "L" -18 0 17.6 0.508 0.429 0 16 8.2 10.6 0 0 11.3 21.1 102 112 4.1 -3.1
"12" "4" 2013-11-19 24.81 "BOS" "@" "HOU" "L" -24 0 6.81666666666667 0.129 0 0 45.4 15.5 0 0 0 0 22.8 33 117 -0.9 -16.5
"13" "" 2013-11-20 24.82 "BOS" "@" "SAS" "L" -11 NA NA NA NA NA NA NA NA NA NA NA NA NA NA NA NA
"14" "" 2013-11-22 24.82 "BOS" "" "IND" "L" -15 NA NA NA NA NA NA NA NA NA NA NA NA NA NA NA NA
"15" "" 2013-11-23 24.82 "BOS" "@" "ATL" "W" 7 NA NA NA NA NA NA NA NA NA NA NA NA NA NA NA NA
"16" "" 2013-11-25 24.83 "BOS" "@" "CHA" "W" 10 NA NA NA NA NA NA NA NA NA NA NA NA NA NA NA NA
"17" "" 2013-11-27 24.84 "BOS" "" "MEM" "L" -7 NA NA NA NA NA NA NA NA NA NA NA NA NA NA NA NA
"18" "5" 2013-11-29 24.84 "BOS" "" "CLE" "W" 17 0 1.91666666666667 NA NA 0 0 0 0 0 0 NA 0 0 99 0 -6.8
"19" "6" 2013-11-30 24.84 "BOS" "@" "MIL" "L" -7 0 4.38333333333333 0.694 0.5 22.8 26.1 24.3 0 0 0 0 31.3 155 106 4 16.6
"20" "" 2013-12-03 24.85 "BOS" "" "MIL" "W" 8 NA NA NA NA NA NA NA NA NA NA NA NA NA NA NA NA
"21" "" 2013-12-06 24.86 "BOS" "" "DEN" "W" 8 NA NA NA NA NA NA NA NA NA NA NA NA NA NA NA NA
"22" "7" 2013-12-08 24.87 "BOS" "@" "NYK" "W" 41 0 5.95 1.064 1.25 0 18.8 11.2 0 8.9 0 34.7 46.5 112 67 6.3 22.8
"23" "" 2013-12-10 24.87 "BOS" "@" "BRK" "L" -8 NA NA NA NA NA NA NA NA NA NA NA NA NA NA NA NA
"24" "8" 2013-12-11 24.87 "BOS" "" "LAC" "L" -8 0 4.18333333333333 1 1 0 28.7 14.9 53.3 0 0 75 44 49 103 -0.7 -21
"25" "" 2013-12-13 24.88 "BOS" "" "NYK" "W" 4 NA NA NA NA NA NA NA NA NA NA NA NA NA NA NA NA
"26" "" 2013-12-16 24.89 "BOS" "" "MIN" "W" 4 NA NA NA NA NA NA NA NA NA NA NA NA NA NA NA NA
"27" "" 2013-12-18 24.89 "BOS" "" "DET" "L" -1 NA NA NA NA NA NA NA NA NA NA NA NA NA NA NA NA
"28" "" 2013-12-21 24.9 "BOS" "" "WAS" "L" -7 NA NA NA NA NA NA NA NA NA NA NA NA NA NA NA NA
"29" "9" 2013-12-22 24.9 "BOS" "@" "IND" "L" -27 0 10.3 0.798 0.75 0 53 24.8 0 0 7.3 21 21 123 101 5.8 10.8
"30" "" 2013-12-28 24.92 "BOS" "" "CLE" "W" 3 NA NA NA NA NA NA NA NA NA NA NA NA NA NA NA NA
"31" "" 2013-12-31 24.93 "BOS" "" "ATL" "L" -1 NA NA NA NA NA NA NA NA NA NA NA NA NA NA NA NA
"32" "" 2014-01-02 24.93 "BOS" "@" "CHI" "L" -12 NA NA NA NA NA NA NA NA NA NA NA NA NA NA NA NA
"33" "" 2014-01-03 24.94 "BOS" "" "NOP" "L" -3 NA NA NA NA NA NA NA NA NA NA NA NA NA NA NA NA
"34" "" 2014-01-05 24.94 "BOS" "@" "OKC" "L" -23 NA NA NA NA NA NA NA NA NA NA NA NA NA NA NA NA
"35" "" 2014-01-07 24.95 "BOS" "@" "DEN" "L" -31 NA NA NA NA NA NA NA NA NA NA NA NA NA NA NA NA
"36" "" 2014-01-08 24.95 "BOS" "@" "LAC" "L" -6 NA NA NA NA NA NA NA NA NA NA NA NA NA NA NA NA
"37" "" 2014-01-10 24.96 "BOS" "@" "GSW" "L" -2 NA NA NA NA NA NA NA NA NA NA NA NA NA NA NA NA
"38" "" 2014-01-11 24.96 "BOS" "@" "POR" "L" -8 NA NA NA NA NA NA NA NA NA NA NA NA NA NA NA NA
"39" "10" 2014-01-13 24.96 "BOS" "" "HOU" "L" -12 0 12 0.25 0.25 0 44.4 20.8 11.8 0 0 0 13.3 69 106 1 -6.8
"40" "" 2014-01-15 24.97 "GSW" "" "DEN" "L" -7 NA NA NA NA NA NA NA NA NA NA NA NA NA NA NA NA
"41" "11" 2014-01-17 24.98 "GSW" "@" "OKC" "L" -6 0 1.73333333333333 0.667 0.667 0 0 0 0 0 0 0 72.9 146 136 2.7 12.9
"42" "12" 2014-01-18 24.98 "GSW" "@" "NOP" "W" 10 0 0.266666666666667 NA NA 0 0 0 0 0 0 NA 0 0 110 0 -6.7
"43" "" 2014-01-20 24.98 "GSW" "" "IND" "L" -8 NA NA NA NA NA NA NA NA NA NA NA NA NA NA NA NA
"44" "" 2014-01-24 24.99 "GSW" "" "MIN" "L" -1 NA NA NA NA NA NA NA NA NA NA NA NA NA NA NA NA
"45" "13" 2014-01-26 25 "GSW" "" "POR" "W" 15 0 1.35 0.5 0.5 0 67.1 33.9 0 0 0 0 65.1 94 73 1.3 8.2
"46" "" 2014-01-28 25.01 "GSW" "" "WAS" "L" -3 NA NA NA NA NA NA NA NA NA NA NA NA NA NA NA NA
"47" "14" 2014-01-30 25.01 "GSW" "" "LAC" "W" 19 0 2.51666666666667 0 0 0 42.4 21.9 0 0 0 0 34.4 0 98 -1.1 -35.4
"48" "" 2014-01-31 25.01 "GSW" "@" "UTA" "W" 5 NA NA NA NA NA NA NA NA NA NA NA NA NA NA NA NA
"49" "15" 2014-02-04 25.02 "GSW" "" "CHA" "L" -16 0 1.86666666666667 1 1 0 62.7 26.2 0 27.8 0 0 22.2 200 34 3 65.2
"50" "16" 2014-02-06 25.03 "GSW" "" "CHI" "W" 15 0 0.3 NA NA 0 0 0 0 0 0 NA 0 0 113 0 -5.4
"51" "" 2014-02-08 25.04 "GSW" "@" "PHO" "L" -13 NA NA NA NA NA NA NA NA NA NA NA NA NA NA NA NA
"52" "17" 2014-02-10 25.04 "GSW" "" "PHI" "W" 43 0 7.33333333333333 0.37 0.2 14.9 12.1 13.4 0 0 0 0 37.1 96 84 2.5 -12
"53" "" 2014-02-12 25.05 "GSW" "" "MIA" "L" -1 NA NA NA NA NA NA NA NA NA NA NA NA NA NA NA NA
"54" "" 2014-02-19 25.07 "GSW" "@" "SAC" "W" 9 NA NA NA NA NA NA NA NA NA NA NA NA NA NA NA NA
"55" "18" 2014-02-21 25.07 "LAL" "" "BOS" "W" 9 0 23.2333333333333 0.612 0.636 0 7.8 4.4 0 6.3 0 20.8 27.3 87 88 8.5 1
"56" "19" 2014-02-23 25.08 "LAL" "" "BRK" "L" -6 0 18.7 0.5 0.5 6.6 13.2 9.9 16.4 2.7 0 0 17.2 123 116 5.8 0.6
"57" "20" 2014-02-25 25.08 "LAL" "@" "IND" "L" -20 0 26.5 0.451 0.5 0 6.8 3.5 22.8 0 2.1 14.1 22.4 86 120 5.7 -3.6
"58" "21" 2014-02-26 25.08 "LAL" "@" "MEM" "L" -5 0 20.0666666666667 1.017 1 6.5 5.7 6.1 27.6 2.5 0 0 16.5 207 114 15.1 16.5
"59" "22" 2014-02-28 25.09 "LAL" "" "SAC" "W" 4 0 25.75 0.803 0.808 0 8.5 5 23.9 1.9 0 17.3 31 126 123 17.3 2.1
"60" "23" 2014-03-03 25.1 "LAL" "@" "POR" "W" 1 0 24.6666666666667 0.344 0.111 13 15 14 0 3.8 0 14.7 22.8 79 101 5 -7.9
"61" "24" 2014-03-04 25.1 "LAL" "" "NOP" "L" -7 0 15.5833333333333 0.5 0.5 7.5 0 4.5 7.7 0 0 33.3 16.4 81 141 0.6 -14.8
"62" "25" 2014-03-06 25.11 "LAL" "" "LAC" "L" -48 0 13.25 0.438 0.438 0 16.1 7.5 47 3.2 0 20 30.3 74 122 4.3 -1.1
"63" "26" 2014-03-07 25.11 "LAL" "@" "DEN" "L" -8 0 10.6166666666667 0.347 0 9.4 10.8 10 0 0 12.1 0 10.5 102 115 3 -1.2
"64" "" 2014-03-09 25.12 "LAL" "" "OKC" "W" 4 NA NA NA NA NA NA NA NA NA NA NA NA NA NA NA NA
"65" "27" 2014-03-13 25.13 "LAL" "@" "OKC" "L" -29 0 4.88333333333333 0 0 0 0 0 0 0 0 50 16.5 0 135 -1.7 -26.9
"66" "" 2014-03-14 25.13 "LAL" "@" "SAS" "L" -34 NA NA NA NA NA NA NA NA NA NA NA NA NA NA NA NA
"67" "28" 2014-03-19 25.14 "LAL" "" "SAS" "L" -16 0 6.76666666666667 0 0 12.9 33 21.7 18.2 0 0 0 6.1 91 124 0.9 -7.8
"68" "" 2014-03-21 25.15 "LAL" "" "WAS" "L" -10 NA NA NA NA NA NA NA NA NA NA NA NA NA NA NA NA
"69" "" 2014-03-23 25.15 "LAL" "" "ORL" "W" 9 NA NA NA NA NA NA NA NA NA NA NA NA NA NA NA NA
"70" "29" 2014-03-25 25.16 "LAL" "" "NYK" "W" 31 0 5.58333333333333 0.727 0.667 0 0 0 0 9.2 0 22.5 36.1 103 92 3.7 2.8
"71" "" 2014-03-27 25.16 "LAL" "@" "MIL" "L" -3 NA NA NA NA NA NA NA NA NA NA NA NA NA NA NA NA
"72" "30" 2014-03-28 25.17 "LAL" "@" "MIN" "L" -36 0 6.16666666666667 1 1 0 0 0 27.4 7.7 0 0 13.4 202 134 5.1 17.5
"73" "" 2014-03-30 25.17 "LAL" "" "PHO" "W" 16 NA NA NA NA NA NA NA NA NA NA NA NA NA NA NA NA
"74" "" 2014-04-01 25.18 "LAL" "" "POR" "L" -12 NA NA NA NA NA NA NA NA NA NA NA NA NA NA NA NA
"75" "31" 2014-04-02 25.18 "LAL" "@" "SAC" "L" -5 0 6.56666666666667 0.5 0.5 0 0 0 0 7.5 0 0 19.1 100 103 2.3 5.1
"76" "" 2014-04-04 25.19 "LAL" "" "DAL" "L" -12 NA NA NA NA NA NA NA NA NA NA NA NA NA NA NA NA
"77" "32" 2014-04-06 25.19 "LAL" "@" "LAC" "L" -23 0 2.13333333333333 0.75 0.75 0 59.2 25 0 0 0 0 40.9 124 117 2.3 29.5
"78" "33" 2014-04-08 25.2 "LAL" "" "HOU" "L" -15 0 6.33333333333333 0.399 0 0 37.9 16.7 34.4 0 0 0 23.5 106 131 3.2 -4.2
"79" "" 2014-04-11 25.21 "LAL" "" "GSW" "L" -17 NA NA NA NA NA NA NA NA NA NA NA NA NA NA NA NA
"80" "" 2014-04-13 25.21 "LAL" "" "MEM" "L" -12 NA NA NA NA NA NA NA NA NA NA NA NA NA NA NA NA
"81" "34" 2014-04-14 25.21 "LAL" "@" "UTA" "W" 15 0 2.41666666666667 NA NA 0 0 0 0 0 0 NA 0 0 118 0 -10.2
"82" "35" 2014-04-16 25.22 "LAL" "@" "SAS" "W" 13 0 8.75 0.717 0.75 0 10.2 5.5 0 0 0 17 30 104 104 3.9 -2
"1" "1" 2018-03-28 29.17 "MEM" "" "POR" "W" 5 0 21.3666666666667 0.815 0.792 5.5 0 2.7 17.8 2.4 4.6 7.2 28.6 153 107 17.8 21.5
"2" "2" 2018-03-30 29.17 "MEM" "@" "UTA" "L" -10 0 18.3333333333333 0.746 0.654 6.9 0 3.7 29 5.7 0 5.9 44.5 144 112 21.2 26.4
"3" NA 2018-04-01 29.18 "MEM" "@" "POR" "L" -15 NA NA NA NA NA NA NA NA NA NA NA NA NA NA NA NA
"4" "3" 2018-04-04 29.19 "MEM" "@" "NOP" "L" -28 0 36.0333333333333 0.666 0.676 2.8 10.8 6.3 37.3 2.6 0 9.6 22.9 131 122 22.4 13.3
"5" "4" 2018-04-06 29.19 "MEM" "" "SAC" "L" -1 1 36.7166666666667 0.575 0.575 11.9 14.5 13.1 17.3 1.4 4.3 13 28.1 110 102 18.9 6.8
"6" "5" 2018-04-08 29.2 "MEM" "" "DET" "W" 13 0 25.6166666666667 0.816 0.786 0 11.5 6.9 24.1 1.9 0 6.1 29 154 125 21.7 8.7
"7" "6" 2018-04-09 29.2 "MEM" "@" "MIN" "L" -19 0 31.8166666666667 0.394 0.313 0 3.5 1.7 26 3.1 0 22 30.9 73 120 4 -9.5
"8" "7" 2018-04-11 29.21 "MEM" "@" "OKC" "L" -14 0 22.7 0.398 0.35 4.6 10.6 7.4 11.2 4.1 0 20.9 26.4 76 128 4.5 -10.3
"1" "1" 2018-10-17 29.72 "MEM" "@" "IND" "L" -28 0 22.0666666666667 0.373 0.222 0 12.8 5.1 10.5 0 0 0 25.4 82 125 4 -7.8
"2" "" 2018-10-19 29.73 "MEM" "" "ATL" "W" 14 NA NA NA NA NA NA NA NA NA NA NA NA NA NA NA NA
"3" "2" 2018-10-22 29.74 "MEM" "@" "UTA" "W" 8 0 3.83333333333333 NA NA 0 27.2 13.5 0 0 0 100 11.9 0 90 -1.1 -22.8
"4" "3" 2018-10-24 29.74 "MEM" "@" "SAC" "L" -5 0 13.15 0.429 0.429 6.6 7.2 6.9 14.6 3.8 0 12.5 25.5 86 98 2.8 -3.2
"5" "4" 2018-10-27 29.75 "MEM" "" "PHO" "W" 21 0 19.1333333333333 0.911 0.889 0 18.4 10.2 9.5 0 0 0 24.6 171 104 15.7 10.7
"6" "5" 2018-10-30 29.76 "MEM" "" "WAS" "W" 12 0 5.33333333333333 0 0 0 0 0 0 0 0 50 17.5 0 111 -2.1 -30
"7" "6" 2018-11-02 29.77 "MEM" "@" "UTA" "W" 10 0 10.0666666666667 1.5 1.5 0 11.9 6.1 14.3 0 0 0 4.7 277 118 3.7 8.4
"8" "7" 2018-11-04 29.77 "MEM" "@" "PHO" "L" -2 0 15.5 0.511 0.444 15.1 11.9 13.9 13.1 10.1 0 8.5 35.8 107 96 9.9 6.6
"9" "8" 2018-11-05 29.78 "MEM" "@" "GSW" "L" -16 0 16.0666666666667 0.571 0.571 7.1 0 3.9 20.6 0 0 12.5 23.4 101 133 4.6 -4.4
"10" "9" 2018-11-07 29.78 "MEM" "" "DEN" "W" 2 0 11.6333333333333 0.643 0.643 11.5 0 5.4 0 0 0 12.5 33.7 106 110 5 2.8
"11" "10" 2018-11-10 29.79 "MEM" "" "PHI" "W" 6 0 18.7333333333333 0.533 0.444 10.3 14.9 12.2 8.4 0 0 16.2 28.9 104 106 6.6 -2.8
"12" "11" 2018-11-12 29.79 "MEM" "" "UTA" "L" -8 0 22.5833333333333 0.506 0.5 0 9 4.7 8.7 0 4.3 16.8 24 83 107 4.1 -3.2
"13" "12" 2018-11-14 29.8 "MEM" "@" "MIL" "W" 3 0 16.05 0.583 0.583 0 15.3 7.7 27.2 0 6.5 25 22.7 97 115 5 0.2
"14" "13" 2018-11-16 29.81 "MEM" "" "SAC" "W" 8 0 13.7833333333333 0.355 0.313 0 0 0 19.3 0 7.4 0 27.1 89 110 2.9 -5.3
"15" "14" 2018-11-18 29.81 "MEM" "@" "MIN" "W" 13 0 12.3166666666667 0.357 0.357 0 36.3 16.9 43 4.1 0 12.5 29.7 80 84 4.2 1.8
"16" "15" 2018-11-19 29.81 "MEM" "" "DAL" "W" 10 0 11.15 0.167 0.167 10.5 27.5 19.6 0 0 0 25 34.4 34 98 -2.6 -29.8
"17" "16" 2018-11-21 29.82 "MEM" "@" "SAS" "W" 1 0 12.3333333333333 0.5 0.5 10.5 8.5 9.4 28.5 0 0 0 23.5 117 118 4.6 -0.8
"18" "" 2018-11-23 29.82 "MEM" "@" "LAC" "L" -5 NA NA NA NA NA NA NA NA NA NA NA NA NA NA NA NA
"19" "17" 2018-11-25 29.83 "MEM" "" "NYK" "L" -5 0 10.9333333333333 0.5 0.5 0 0 0 0 0 0 0 26 91 124 2.6 -11.4
"20" "" 2018-11-27 29.84 "MEM" "" "TOR" "L" -8 NA NA NA NA NA NA NA NA NA NA NA NA NA NA NA NA
"21" "18" 2018-11-30 29.84 "MEM" "@" "BRK" "W" 6 0 11.4166666666667 0.417 0.417 0 0 0 0 0 0 0 23.9 86 122 0.4 -13.9
"22" "19" 2018-12-02 29.85 "MEM" "@" "PHI" "L" -8 0 20.7333333333333 0.551 0.5 0 13.2 5.9 0 0 0 15.5 28.9 86 111 5.2 -6.4
"23" "20" 2018-12-05 29.86 "MEM" "" "LAC" "W" 10 0 15.9 0.571 0.571 0 6.2 3.1 10.8 0 5.9 0 21.5 122 96 6.6 10.3
"24" "21" 2018-12-07 29.86 "MEM" "@" "NOP" "W" 4 0 14.5166666666667 0.595 0.6 7.9 0 3.9 0 3.4 0 0 18.3 123 109 6 1.2
"25" "22" 2018-12-08 29.87 "MEM" "" "LAL" "L" -23 0 11.5333333333333 0.25 0.25 0 0 0 0 4.3 0 0 15.6 54 120 -0.2 -12.8
"26" "23" 2018-12-10 29.87 "MEM" "@" "DEN" "L" -6 0 6.55 1 1 0 0 0 0 0 0 0 30.7 200 128 6.8 21
"27" "24" 2018-12-12 29.88 "MEM" "" "POR" "W" 9 0 17.6333333333333 0.558 0.611 0 23.7 11.5 40.1 2.8 0 0 30.3 118 85 11 12.9
"28" "25" 2018-12-14 29.88 "MEM" "" "MIA" "L" -3 0 15.7333333333333 0.333 0.333 6.6 0 3.6 0 0 0 0 18.1 79 126 0.9 -13.5
"29" "26" 2018-12-15 29.88 "MEM" "" "HOU" "L" -8 0 13.1833333333333 0.875 0.875 10.1 20.8 15.4 12.5 4.1 0 0 15.1 176 115 7.2 11.7
"30" "27" 2018-12-17 29.89 "MEM" "@" "GSW" "L" -17 0 19.4 0.51 0.4 0 5.5 3 0 0 0 33.8 21.3 64 117 -0.2 -14.8
"31" "" 2018-12-19 29.9 "MEM" "@" "POR" "L" -7 NA NA NA NA NA NA NA NA NA NA NA NA NA NA NA NA
"32" "28" 2018-12-21 29.9 "MEM" "@" "SAC" "L" -3 0 2.65 0 0 0 0 0 0 0 0 0 17.7 0 121 -1.1 -31.9
"33" "" 2018-12-23 29.91 "MEM" "@" "LAL" "W" 8 NA NA NA NA NA NA NA NA NA NA NA NA NA NA NA NA
"34" "" 2018-12-26 29.92 "MEM" "" "CLE" "W" 8 NA NA NA NA NA NA NA NA NA NA NA NA NA NA NA NA
"35" "" 2018-12-29 29.92 "MEM" "" "BOS" "L" -9 NA NA NA NA NA NA NA NA NA NA NA NA NA NA NA NA
"36" "29" 2018-12-31 29.93 "MEM" "@" "HOU" "L" -12 0 2.81666666666667 0 0 0 0 0 44.8 0 0 50 32.4 25 129 -1 -26.2
"37" "" 2019-01-02 29.93 "MEM" "" "DET" "L" -7 NA NA NA NA NA NA NA NA NA NA NA NA NA NA NA NA
"38" "" 2019-01-04 29.94 "CHI" "" "IND" "L" -3 NA NA NA NA NA NA NA NA NA NA NA NA NA NA NA NA
"39" "" 2019-01-06 29.95 "CHI" "" "BRK" "L" -17 NA NA NA NA NA NA NA NA NA NA NA NA NA NA NA NA
