"Rk" "G" "Date" "Age" "Tm" "H/A" "Opp" "W/L" "By Amt" "GS" "MP" "TS%" "eFG%" "ORB%" "DRB%" "TRB%" "AST%" "STL%" "BLK%" "TOV%" "USG%" "ORtg" "DRtg" "GmSc" "BPM"
"1" "1" 1989-11-03 21.68 "CLE" "@" "CHI" "L" -5 0 16 0.63 0.667 7.7 14.1 11 24 0 0 0 12.4 148 118 6.5 5.2
"2" "2" 1989-11-04 21.68 "CLE" "@" "IND" "L" -8 0 23 0.788 0.75 0 14.9 6.9 0 2.1 2.6 31.1 11.3 99 103 4.8 -1.6
"3" "3" 1989-11-08 21.69 "CLE" "" "ORL" "L" -7 0 17 0.429 0.429 6.6 21.3 13.7 8.7 0 3.5 0 16.7 99 106 4.1 -4.2
"4" "4" 1989-11-10 21.7 "CLE" "@" "WSB" "L" -8 0 23 0.698 0.714 0 24.6 10.6 0 0 0 0 15.1 139 112 8.1 -0.7
"5" "5" 1989-11-11 21.7 "CLE" "" "BOS" "W" 3 0 11 0.41 0.25 0 12.5 5.9 0 0 0 0 20.8 93 118 1.9 -9.3
"6" "6" 1989-11-14 21.71 "CLE" "@" "NJN" "W" 11 0 21 0.322 0.167 25.9 7 15.5 0 2.5 0 27.9 21.9 77 102 2.4 -11.9
"7" "7" 1989-11-15 21.71 "CLE" "" "GSW" "W" 25 0 11 0.82 0.75 0 43.6 23.3 0 0 0 0 19.4 181 110 6.4 -0.7
"8" "8" 1989-11-17 21.72 "CLE" "" "ATL" "W" 6 0 13 0.767 0.333 37.1 16.6 24.9 0 0 4.2 13.3 24.8 162 119 10.3 7.3
"9" "9" 1989-11-22 21.73 "CLE" "" "NYK" "W" 12 0 5 0.25 0.25 0 22.3 10.3 0 0 0 20 42.3 46 96 -1.9 -33.5
"10" "10" 1989-11-24 21.73 "CLE" "@" "DET" "L" -19 0 23 0.381 0.286 11.6 17.9 14.1 8.8 0 0 0 14.4 102 107 4.4 -4.2
"11" "11" 1989-11-25 21.74 "CLE" "" "HOU" "L" -10 0 17 0.563 0.5 0 14.9 7.4 0 0 0 0 12 119 100 3.1 -6.5
"12" "12" 1989-11-28 21.75 "CLE" "" "WSB" "W" 1 0 39 0.469 0.471 8.6 15.4 11.5 4.5 1.3 3.4 5 22.7 102 95 13.1 1.6
"13" "13" 1989-11-29 21.75 "CLE" "@" "PHI" "L" -30 0 24 0.375 0.375 13.6 18.2 15.6 6.9 0 2.5 27.3 19.9 69 123 1.8 -11.5
"14" "14" 1989-12-01 21.75 "CLE" "@" "BOS" "L" -13 0 4 0 0 0 64.9 28.2 0 0 0 0 10.7 0 105 -0.5 -19.5
"15" "15" 1989-12-02 21.76 "CLE" "" "MIN" "L" -27 0 21 0.5 0.5 5.7 6 5.9 8.9 5.1 0 0 4.4 130 111 3.9 -0.5
"16" "16" 1989-12-05 21.76 "CLE" "" "UTA" "L" -14 0 10 NA NA 0 22.3 10.5 15.5 0 0 NA 0 223 110 0.9 -5.6
"17" "17" 1989-12-07 21.77 "CLE" "@" "LAC" "L" -17 0 17 0.581 0.667 0 12.3 5.6 12.4 5.8 0 12.7 18.6 95 101 6.1 3.3
"18" "18" 1989-12-15 21.79 "CLE" "" "SEA" "W" 19 0 3 0.667 0.667 0 32 18.4 0 0 0 0 42.8 126 97 2.6 6
"19" "19" 1989-12-20 21.81 "CLE" "" "DEN" "L" -15 0 14 0.602 0.5 14.3 14.6 14.4 0 0 3.7 23.1 27.6 102 113 5.5 -1.5
"20" "20" 1989-12-22 21.81 "CLE" "@" "MIL" "L" -12 0 5 0.5 0.5 0 0 0 53.9 0 0 0 34.7 114 123 1.9 -6
"21" "21" 1989-12-27 21.82 "CLE" "" "DET" "L" -17 0 4 0.347 0 0 0 0 0 12.9 15.4 0 30.9 90 84 2.3 17.7
"22" "22" 1989-12-30 21.83 "CLE" "" "PHO" "W" 8 1 21 0.372 0.222 17.6 19 18.2 0 0 3.4 8.5 22 98 107 5.5 -4.2
"23" "23" 1990-01-03 21.84 "CLE" "" "CHI" "L" -6 1 40 0.79 0.778 9.5 7.5 8.4 0 0 1.5 21.8 15.1 118 105 13 2.4
"24" "24" 1990-01-05 21.85 "CLE" "" "WSB" "W" 12 1 20 0.85 0.8 5.3 4.8 5.1 7.2 0 0 14.5 14.6 147 116 7.2 -1.4
"25" "25" 1990-01-06 21.85 "CLE" "@" "ORL" "W" 11 1 43 0.747 0.706 10.6 7.4 9 7.1 1.1 0 4.7 20.2 155 117 26 4.4
"26" "26" 1990-01-10 21.86 "CLE" "" "MIL" "L" -16 1 38 0.682 0.727 13.2 12.6 12.9 4.1 0 0 13.2 16.1 123 126 14.5 -1.4
"27" "27" 1990-01-12 21.87 "CLE" "@" "PHI" "W" 11 1 13 0 0 23.1 19.4 21.1 0 4.1 0 28.6 25 25 108 -4.1 -30.9
"28" "28" 1990-01-13 21.87 "CLE" "" "NJN" "W" 2 1 25 0.574 0.6 8.9 13.7 11.3 8.2 0 0 20.9 25.9 90 110 6 -7.1
"29" "29" 1990-01-15 21.88 "CLE" "" "SAS" "W" 3 1 32 0.511 0.444 8.3 6.4 7.4 0 3.3 0 21.8 18 90 98 6.4 -5
"30" "30" 1990-01-17 21.88 "CLE" "@" "HOU" "L" -9 1 25 0.417 0.4 0 19.2 8.3 5.2 2 0 21.7 15.4 72 111 1 -10.7
"31" "31" 1990-01-19 21.89 "CLE" "@" "SAS" "L" -3 1 6 0.532 0 0 0 0 0 8.1 0 34.7 20.1 77 99 0.9 -6.9
"32" "32" 1990-01-20 21.89 "CLE" "@" "DAL" "L" -9 1 6 0.129 0 16.7 43.1 28.2 23.2 0 0 0 29.7 56 105 0.1 -11.6
"33" "33" 1990-01-23 21.9 "CLE" "" "PHI" "L" -15 1 29 0.582 0.583 3.9 15 9.6 7.7 1.9 0 18.9 25.8 98 115 8.4 -2.2
"34" "34" 1990-01-24 21.9 "CLE" "@" "ATL" "L" -17 1 27 0.55 0.455 4 0 2.2 8.4 5.5 0 18 26.4 98 105 9.9 1.5
"35" "35" 1990-01-26 21.91 "CLE" "@" "MIN" "W" 1 1 20 0.381 0.286 0 12.3 6.7 10.3 0 0 11.3 22.6 77 103 1.4 -9.2
"36" "36" 1990-01-27 21.91 "CLE" "@" "IND" "W" 7 1 25 0.595 0.6 0 10.4 5.1 0 2.3 0 14.5 12.5 106 101 4.1 -2.1
"37" "37" 1990-01-30 21.92 "CLE" "@" "MIA" "W" 12 1 32 0.581 0.556 0 14 7.1 0 3.1 1.9 0 13.6 127 96 10.8 1.3
"38" "38" 1990-02-03 21.93 "CLE" "" "DET" "L" -5 1 14 0.25 0.25 0 7.8 4.2 0 0 0 20 16.3 45 123 -1.5 -17
"39" "39" 1990-02-05 21.93 "CLE" "" "LAC" "W" 16 1 24 0.828 1 0 0 0 0 2.1 2.8 13.1 13.2 127 94 7.7 -1.3
"40" "40" 1990-02-06 21.94 "CLE" "@" "DET" "L" -9 1 10 0.258 0 10.4 11.7 11 25.9 0 0 0 17.8 94 120 1.5 -3.9
"41" "41" 1990-02-08 21.94 "CLE" "" "MIA" "W" 24 1 22 0.67 0.556 5.6 20.8 13.5 7.3 4.6 0 8.2 23.2 135 79 12.7 7.8
"42" "42" 1990-02-14 21.96 "CLE" "" "IND" "L" -2 1 16 0.333 0.333 0 8.3 3.9 0 0 0 14.3 18.5 66 132 -0.5 -17.2
"43" "43" 1990-02-16 21.96 "CLE" "" "ATL" "W" 8 1 23 0.111 0.111 6 0 2.6 14.9 0 0 0 18.7 66 129 -1.9 -19
"44" "44" 1990-02-17 21.97 "CLE" "@" "NYK" "L" -11 1 17 0.7 0.7 13.3 29 20.8 42.2 0 3.7 0 27 152 111 13.2 15.8
"45" "45" 1990-02-19 21.97 "CLE" "" "DAL" "L" -9 1 28 0.557 0.556 4.3 0 2.1 6.7 0 2.2 0 16.8 113 110 7.6 -0.3
"46" "46" 1990-02-21 21.98 "CLE" "" "POR" "W" 12 1 32 0.761 0.714 4.3 15.3 10.7 8.6 0 0 6 22.8 146 113 20 3.5
"47" "47" 1990-02-23 21.98 "CLE" "" "ORL" "W" 27 1 32 0.526 0.462 6.5 13.4 10.3 12.2 1.4 1.6 16.5 22.2 101 92 11.4 -4.4
"48" "48" 1990-02-25 21.99 "CLE" "" "CHH" "W" 16 1 29 0.463 0.333 3.6 12.5 8.4 0 0 2 0 12.1 111 93 4.8 -5.4
"49" "49" 1990-02-27 21.99 "CLE" "@" "POR" "L" -13 1 11 0.532 0 19 12.8 16.4 0 0 0 34.7 10.3 100 121 1.6 -6.6
"50" "50" 1990-03-01 22 "CLE" "@" "DEN" "L" -6 1 11 1 1 0 23 11.3 0 0 0 0 3.8 200 128 1.9 -2.9
"51" "51" 1990-03-02 22 "CLE" "@" "LAL" "L" -31 1 21 0.644 0.556 9.7 13.1 11.1 0 2.3 0 0 23.8 140 128 12.9 4.8
"52" "52" 1990-03-04 22.01 "CLE" "@" "PHO" "L" -12 1 30 0.505 0.455 6.8 11.7 9.1 16 0 2 20.2 21.2 93 111 7.2 -2.8
"53" "53" 1990-03-06 22.01 "CLE" "@" "SEA" "L" -5 1 14 0.399 0 0 0 0 11.1 0 3.8 34.7 18.6 63 112 0.2 -7.9
"54" "54" 1990-03-08 22.02 "CLE" "@" "GSW" "L" -40 1 17 0.354 0.333 16.9 21.2 18.8 0 0 0 9.2 23.7 82 132 3.5 -9.4
"55" "55" 1990-03-11 22.03 "CLE" "@" "MIL" "W" 11 0 1 0 0 0 0 0 0 0 0 0 45.1 0 114 -0.7 -48.7
"56" "56" 1990-03-13 22.03 "CLE" "" "PHI" "W" 17 0 2 1 1 0 0 0 0 0 0 0 24.2 200 123 1.7 13
"57" "57" 1990-03-15 22.04 "CLE" "" "LAL" "W" 16 0 4 0.333 0.333 61.5 0 30 42.9 0 0 25 45.1 89 113 1 -13.3
"58" "58" 1990-03-17 22.04 "CLE" "" "IND" "W" 16 0 21 0.505 0.455 16.3 15.2 15.8 8 2.4 2.8 0 24.9 127 103 10.1 2.1
"59" "59" 1990-03-18 22.05 "CLE" "@" "ORL" "W" 17 0 6 0 0 0 0 0 0 0 0 0 7.3 0 117 -1.5 -20
"60" "60" 1990-03-23 22.06 "CLE" "@" "CHI" "L" -7 0 18 0.521 0.25 14.4 19 16.9 0 0 0 0 15.5 133 116 5.5 -2.2
"61" "61" 1990-03-24 22.06 "CLE" "" "NJN" "W" 7 0 22 0.58 0.444 4.8 9.5 7.2 0 2.3 2.5 8.2 22.8 124 111 9.1 -1.1
"62" "62" 1990-03-26 22.07 "CLE" "" "SAC" "W" 21 0 22 0.558 0.538 6.4 23.7 16.4 14.2 5 2.7 0 29.5 122 94 14.6 7.7
"63" "63" 1990-03-28 22.07 "CLE" "" "CHI" "L" -4 0 15 0.5 0.5 0 0 0 11.6 3.3 4.4 0 5.9 119 111 3 4.4
"64" "64" 1990-03-30 22.08 "CLE" "@" "MIA" "W" 1 0 12 0.667 0.667 0 22.2 11.4 12.1 0 0 25 14.5 99 102 2.2 -4.4
"65" "65" 1990-04-01 22.08 "CLE" "" "IND" "W" 30 0 17 0.316 0.2 0 18 9.2 0 0 0 7.3 33 75 100 0.1 -21.7
"66" "66" 1990-04-03 22.09 "CLE" "@" "NYK" "L" -9 0 5 0 0 0 0 0 0 0 0 50 16.9 0 113 -1.7 -22.1
"67" "67" 1990-04-04 22.09 "CLE" "" "ATL" "W" 6 0 5 0 0 25.3 0 11.2 0 0 0 50 19 34 119 -2.2 -35
"68" "68" 1990-04-06 22.1 "CLE" "" "BOS" "L" -5 1 26 0.429 0.429 3.9 8.6 6.2 0 1.9 0 22.2 15.2 68 115 2.2 -9.8
"69" "69" 1990-04-08 22.1 "CLE" "" "DET" "W" 3 1 9 0 0 0 12.1 6.8 14.4 0 0 33.3 16 21 111 -2.2 -19.6
"70" "70" 1990-04-11 22.11 "CLE" "@" "CHI" "L" -21 0 18 0.41 0.25 7 0 3.8 0 2.9 0 29.1 17.9 68 119 1.3 -10.9
"71" "71" 1990-04-12 22.12 "CLE" "@" "WSB" "W" 2 0 6 0.25 0.25 0 19.5 9.1 0 0 17.2 20 36.2 41 86 -0.5 -15.9
"72" "72" 1990-04-14 22.12 "CLE" "" "MIA" "W" 8 0 13 0.34 0.2 9.7 8 8.8 0 0 4.6 0 20.2 87 93 2.6 -4
"73" "73" 1990-04-18 22.13 "CLE" "@" "NJN" "W" 7 0 9 0.5 0.5 0 0 0 0 0 6.6 0 20.5 100 106 2.3 -1.7
"74" "74" 1990-04-20 22.14 "CLE" "@" "ORL" "W" 14 0 14 0.635 0.571 8.8 21.9 15.9 21.9 0 0 11.3 26 125 103 7.1 0
"75" "75" 1990-04-22 22.14 "CLE" "" "NYK" "W" 16 0 20 0.667 0.667 0 13.7 5.9 5.8 0 0 0 12.3 147 110 5.9 -2
"1" "1" 1990-11-02 22.67 "CLE" "@" "BOS" "L" -24 1 24 0.628 0.615 11.1 13.8 12 20 5.8 0 17.3 28.1 106 113 14.6 8.3
"2" "2" 1990-11-03 22.68 "CLE" "@" "DET" "L" -9 1 14 0.595 0.6 0 17.6 8.1 0 0 0 0 18.8 116 112 3.7 -1.9
"3" "3" 1990-11-06 22.68 "CLE" "@" "ORL" "W" 7 1 31 0.637 0.625 9.1 15.7 13.3 0 1.5 3.6 22.7 17.7 97 89 10 -0.3
"4" "4" 1990-11-07 22.69 "CLE" "" "CHH" "W" 11 1 22 0.5 0.5 0 10.9 5.7 0 0 0 0 8 102 101 1.4 -8
"5" "5" 1990-11-09 22.69 "CLE" "@" "IND" "L" -15 1 23 0.739 0.714 0 0 0 5.9 4.3 0 11.8 16.1 130 125 8.6 1.9
"6" "6" 1990-11-10 22.7 "CLE" "" "PHI" "W" 16 1 20 0.856 0.857 11.4 10.4 10.9 9.8 2.7 0 10.2 22.5 152 98 13.6 11.7
"7" "7" 1990-11-13 22.7 "CLE" "@" "ATL" "W" 17 1 14 0.477 0.444 31.2 7.3 18.8 9.4 0 0 9.6 29.2 114 108 5.5 -5.7
"8" "8" 1990-11-14 22.71 "CLE" "" "IND" "W" 18 1 36 0.46 0.4 7.4 2.8 4.8 3.4 0 0 8.4 14.9 104 108 4 -9.1
"9" "9" 1990-11-16 22.71 "CLE" "" "MIL" "W" 5 1 25 0.543 0.5 0 9.8 6.4 0 2 1.9 23.7 15.7 78 99 3.8 -4.4
"10" "10" 1990-11-17 22.72 "CLE" "@" "CHH" "L" -12 1 23 0.625 0.6 0 9.3 5 0 2.1 0 12.2 15.1 108 112 4.9 -4.5
"11" "11" 1990-11-21 22.73 "CLE" "" "MIA" "W" 14 1 30 0.615 0.6 9.1 12 10.7 8.3 1.6 1.8 0 17.8 139 113 13.4 -0.7
"12" "12" 1990-11-23 22.73 "CLE" "@" "PHI" "L" -6 1 25 0.452 0.25 0 9.8 4.6 4.9 2.1 0 23.1 15.5 82 122 2.3 -9.4
"13" "13" 1990-11-24 22.73 "CLE" "" "BOS" "L" -11 1 17 0.4 0.4 6.4 23.5 14.1 7 0 0 16.7 15.6 79 119 2.6 -8.3
"14" "14" 1990-11-27 22.74 "CLE" "@" "NYK" "W" 5 1 20 0.714 0.714 22.5 21.2 21.8 21.8 0 0 12.5 18.8 141 117 10 6.1
"15" "15" 1990-11-28 22.75 "CLE" "" "GSW" "L" -2 0 15 0.75 0.75 8 0 4.2 9.6 0 0 0 11.1 155 120 5.8 2.6
"16" "16" 1990-11-30 22.75 "CLE" "@" "ATL" "W" 8 1 22 0.81 0.667 10.1 0 4.7 0 0 2.8 18.8 10.5 141 101 6 0
"17" "17" 1990-12-01 22.75 "CLE" "" "CHI" "L" -35 0 19 0.34 0.2 4.7 23.7 11.8 16.6 0 0 14.5 14.6 84 131 2.9 -7.3
"18" "18" 1990-12-04 22.76 "CLE" "" "DEN" "W" 4 1 8 0 0 13.3 0 6.4 12.5 0 0 33.3 14.4 39 113 -1 -16.8
"19" "19" 1990-12-05 22.76 "CLE" "@" "MIL" "L" -4 0 18 0.6 0.6 0 13.7 7 16.7 5.7 3.3 16.7 14.6 105 99 6.6 6.2
"20" "20" 1990-12-08 22.77 "CLE" "@" "IND" "L" -15 0 13 0.532 0.333 9.5 0 5.5 0 0 0 34.7 30.3 77 127 1.2 -14.6
"21" "21" 1990-12-12 22.78 "CLE" "" "LAC" "L" -10 1 28 0.515 0.5 3.9 28.6 15 6.2 0 0 20.5 16.1 90 113 4.6 -5.4
"22" "22" 1990-12-14 22.79 "CLE" "" "SAS" "L" -10 0 5 0 0 0 0 0 0 0 0 0 18.3 0 125 -1.8 -29.1
"23" "23" 1990-12-15 22.79 "CLE" "@" "CHI" "L" -18 0 27 0.893 0.875 11.9 14.8 13.2 0 0 0 0 16 186 122 17.2 7.3
"24" "24" 1990-12-17 22.8 "CLE" "" "ATL" "L" -11 1 24 0.588 0.625 4.5 10.5 7.3 6.5 0 0 8.9 21.6 110 125 7.8 -2.9
"25" "25" 1990-12-19 22.8 "CLE" "" "LAL" "W" 10 1 35 0.282 0.25 3 13.4 8 0 0 0 0 12.4 68 96 1.7 -8.5
"26" "26" 1990-12-21 22.81 "CLE" "@" "NJN" "L" -8 1 30 0.568 0.545 7.8 4.3 6.2 0 0 2 25.9 21.4 92 125 4.5 -8.4
"27" "27" 1990-12-22 22.81 "CLE" "" "WSB" "L" -20 1 25 0.364 0.364 24.5 10.7 18.5 6.5 0 0 0 19.2 105 127 6.6 -6.7
"28" "28" 1990-12-26 22.82 "CLE" "" "SEA" "L" -2 1 37 0.372 0.333 0 8.6 3.8 15.7 1.4 6.5 15.7 15.3 80 106 5 -3.7
"29" "29" 1990-12-29 22.83 "CLE" "" "POR" "L" -6 1 29 0.615 0.5 5 18.4 12.7 8.9 0 0 9.3 15.9 122 122 9.8 -2.4
"30" "30" 1991-01-02 22.84 "CLE" "" "PHO" "L" -22 1 24 0.375 0.375 8.2 18.2 12.9 8.3 0 2.2 11.1 16.9 79 112 3.4 -7.3
"31" "31" 1991-01-04 22.85 "CLE" "" "DET" "L" -4 1 16 0.354 0.333 21.4 8.1 15.2 0 0 0 0 29.7 90 119 3.5 -9.6
"32" "32" 1991-01-05 22.85 "CLE" "@" "CHI" "L" -16 1 17 0.381 0.286 17.1 12.8 14.7 8.5 0 3.3 27.6 28.5 71 117 1.9 -10.1
"33" "33" 1991-01-08 22.86 "CLE" "@" "UTA" "L" -22 1 17 0.41 0.25 5.8 7.8 6.6 9.1 0 0 17 14.4 89 120 1.9 -6.1
"34" "34" 1991-01-09 22.86 "CLE" "@" "PHO" "L" -8 1 20 0.337 0.273 14.7 10.9 12.9 0 0 2.8 0 23.9 96 118 4.9 -4.8
"35" "35" 1991-01-11 22.87 "CLE" "@" "LAL" "L" -12 1 14 0.75 0.75 0 0 0 11.9 0 0 20 16.1 114 125 3.7 -0.7
"36" "36" 1991-01-12 22.87 "CLE" "@" "DEN" "L" -8 1 11 0.258 0.333 0 0 0 0 0 0 34 21.8 33 133 -2.9 -24.3
"37" "37" 1991-01-16 22.88 "CLE" "" "MIA" "W" 14 1 18 0.739 0.714 5.8 24.8 15 17.4 5.6 0 11.8 19 134 91 11.2 6.6
"38" "38" 1991-01-18 22.88 "CLE" "" "UTA" "L" -7 1 19 0.333 0.333 0 17.4 8.6 8.3 0 0 0 21 81 109 2.1 -6.7
"39" "39" 1991-01-23 22.9 "CLE" "@" "DAL" "W" 14 1 34 0.509 0.455 10.3 6.4 8.3 0 0 0 0 17.2 120 99 8.8 -3
"40" "40" 1991-01-24 22.9 "CLE" "@" "SAS" "L" -8 1 16 0.868 1 7.1 8.3 7.7 9.7 3.1 0 25.8 10.7 129 113 4.1 1.7
"41" "41" 1991-01-26 22.91 "CLE" "@" "HOU" "L" -6 1 14 0.145 0.167 0 17.1 8.9 0 0 0 12.7 24.3 27 105 -3 -19.6
"42" "42" 1991-01-29 22.92 "CLE" "" "CHH" "W" 19 0 24 0.824 0.778 0 11.1 6.6 11.4 2 0 16.2 22 134 108 14 1.8
"43" "43" 1991-01-30 22.92 "CLE" "@" "DET" "L" -9 0 10 0 0 10.9 13.3 12 0 0 0 50 18.6 14 110 -2.8 -23.3
"44" "44" 1991-02-02 22.93 "CLE" "" "MIN" "W" 3 1 40 0.587 0.571 0 7.2 3.8 19.3 0 3.1 6.1 20.4 114 116 14.7 -0.3
"45" "45" 1991-02-04 22.93 "CLE" "" "MIL" "L" -7 1 28 0.5 0.5 8.6 7 7.7 15.2 1.8 3.9 40 15.8 74 108 4.3 -4
"46" "46" 1991-02-05 22.93 "CLE" "@" "ATL" "L" -4 1 20 1.042 1 0 15 8.5 0 0 0 14.8 14.6 174 121 9.9 3.3
"47" "47" 1991-02-07 22.94 "CLE" "" "HOU" "L" -4 1 24 0.672 0.714 0 15.4 8.1 0 0 0 28.7 20.2 77 111 4.6 -7.1
"48" "48" 1991-02-12 22.95 "CLE" "@" "MIA" "W" 16 1 15 0.63 0.667 0 0 0 9.5 0 7.6 29.6 19.6 90 86 3.6 1.7
"49" "49" 1991-02-13 22.96 "CLE" "" "DAL" "W" 2 1 21 0.714 0.714 0 16.7 7.9 0 0 0 30 21.3 84 107 4.2 -7.3
"50" "50" 1991-02-15 22.96 "CLE" "" "NYK" "W" 5 1 20 0.375 0.375 0 10.9 5.5 8.3 5.3 0 20 21.9 67 90 2.9 -4.2
"51" "51" 1991-02-17 22.97 "CLE" "@" "WSB" "L" -4 1 18 0.714 0.714 0 0 0 9 0 0 30 23.5 93 116 4.4 -4.2
"52" "52" 1991-02-18 22.97 "CLE" "" "CHI" "L" -15 1 20 0.709 0.667 8.3 24.6 17.6 9 0 0 16.8 28.9 113 121 9.9 -0.7
"53" "53" 1991-02-20 22.98 "CLE" "" "SAC" "W" 14 1 26 0.697 0.667 0 19.4 11.5 22.4 2.1 0 0 19.8 145 116 14.9 4.8
"54" "54" 1991-02-22 22.98 "CLE" "" "IND" "L" -8 1 27 0.393 0.364 11.3 5.4 8.9 0 0 2.4 14.9 20.2 79 111 4 -8.5
"55" "55" 1991-02-23 22.98 "CLE" "@" "MIL" "L" -15 1 12 0.6 0.6 0 0 0 26.7 0 0 16.7 21.5 108 122 3.3 -2.9
"56" "56" 1991-02-26 22.99 "CLE" "" "DET" "W" 3 1 18 0.625 0.625 7.2 15.2 11.1 10 0 0 0 21 126 118 7.2 -2.8
"57" "57" 1991-03-01 23 "CLE" "@" "IND" "L" -3 1 4 1 1 0 0 0 0 0 0 50 19.9 72 127 -0.1 -19.2
"58" "58" 1991-03-05 23.01 "CLE" "@" "SEA" "W" 2 1 29 0.636 0.636 4.1 4.9 4.5 17 0 0 8.3 19.3 127 120 10.8 2.3
"59" "59" 1991-03-07 23.02 "CLE" "@" "GSW" "L" -30 1 10 0 0 0 13.3 5.3 45 0 0 38.1 30.2 16 123 -4.6 -26.8
"60" "60" 1991-03-08 23.02 "CLE" "@" "SAC" "L" -8 0 4 0 0 0 0 0 0 0 0 25 45.4 0 106 -3.5 -49.8
"61" "61" 1991-03-14 23.04 "CLE" "" "MIL" "W" 2 0 5 NA NA 0 20.9 11.4 0 0 0 NA 0 0 112 0.3 -7.1
"62" "62" 1991-03-23 23.06 "CLE" "" "NJN" "W" 26 0 5 0.563 0.5 0 0 0 92.3 0 11 0 37.9 138 86 5.1 25.3
"63" "63" 1991-03-28 23.07 "CLE" "" "WSB" "W" 7 0 25 0.648 0.692 4.3 12.8 8.5 26.5 0 2.6 6.7 25.1 123 107 13.9 6.7
"64" "64" 1991-03-29 23.08 "CLE" "@" "BOS" "L" -2 0 26 0.508 0.462 12.9 10 11.5 5.6 0 0 11.9 28 102 118 8.9 -4.9
"65" "65" 1991-03-31 23.08 "CLE" "@" "PHI" "L" -9 0 35 0.874 0.857 8.2 7.4 7.9 21.5 1.5 0 6.3 19.3 165 122 25.3 12.2
"66" "66" 1991-04-02 23.09 "CLE" "@" "WSB" "L" -19 0 23 0.127 0 12.8 5.8 9.8 6.7 0 2.5 11.3 16.8 49 114 -0.1 -11.3
"67" "67" 1991-04-03 23.09 "CLE" "" "NYK" "W" 11 0 11 0.41 0.25 0 32.3 19.2 0 0 0 29.1 29.5 67 92 0.8 -18.5
"68" "68" 1991-04-05 23.1 "CLE" "" "CHH" "W" 3 0 12 0.615 0.5 0 8.9 4.7 29.6 0 0 12 31.9 121 117 4.7 -5.6
"69" "69" 1991-04-07 23.1 "CLE" "@" "CHH" "W" 2 0 4 0.333 0.333 0 30.8 13.8 0 0 0 40 52.5 39 113 -1.4 -39.4
"70" "70" 1991-04-12 23.12 "CLE" "@" "NJN" "L" -1 0 10 0.666 0.6 21.8 0 11.4 0 0 0 0 29 148 117 7.7 9.7
"71" "71" 1991-04-13 23.12 "CLE" "" "NJN" "W" 4 0 21 0.604 0.556 5.7 4.2 4.9 0 2.3 2.6 21.8 28.1 93 103 7.2 -4.9
"72" "72" 1991-04-17 23.13 "CLE" "" "ORL" "W" 10 0 20 0.689 0.667 0 0 0 16.2 0 0 9.6 22 123 115 9.1 0
"73" "73" 1991-04-19 23.13 "CLE" "" "BOS" "W" 7 0 11 0.5 0.5 0 11 5.4 0 4.5 0 0 15.4 103 108 3.3 -2.5
"74" "74" 1991-04-21 23.14 "CLE" "" "PHI" "W" 13 0 28 0.651 0.667 0 6.3 3.6 9.3 1.6 0 8.5 17.2 117 107 10.1 -3.4
"1" "1" 1991-11-01 23.67 "CLE" "@" "POR" "L" -11 0 12 0.798 1 11.1 18.2 15 0 0 0 51.5 13.5 76 123 1.2 -7
"2" "2" 1991-11-02 23.67 "CLE" "@" "LAC" "L" -1 0 10 0.906 1 0 20 10.3 13.3 5 0 0 12 193 100 6.2 14.4
"3" "3" 1991-11-07 23.69 "CLE" "@" "HOU" "L" -19 0 6 0.174 0 0 0 0 0 0 0 0 22.2 42 123 -0.8 -18.3
"4" "4" 1991-11-12 23.7 "CLE" "" "MIL" "W" 6 0 5 1 1 33.1 0 12.3 80.7 0 0 0 16.9 204 122 4.7 19.6
"5" "5" 1991-11-21 23.73 "CLE" "" "NJN" "W" 4 0 10 1 1 0 0 0 0 5 0 0 4.1 200 113 2.7 3.5
"6" "6" 1991-11-23 23.73 "CLE" "" "DET" "W" 7 0 7 0 0 0 0 0 0 7.9 0 0 20.1 0 96 -2.3 -24.7
"7" "7" 1991-12-08 23.77 "LAL" "" "DAL" "W" 15 0 6 0 0 21.1 34 28.2 0 0 0 66.7 21.5 20 94 -1.4 -25.9
"8" "8" 1991-12-15 23.79 "LAL" "" "SAC" "W" 16 0 4 0.75 0.75 0 0 0 0 13.2 0 0 42.6 149 86 5.4 33.4
"9" "9" 1991-12-17 23.8 "LAL" "@" "CHI" "W" 13 0 4 0 0 0 0 0 0 0 0 0 11.2 0 113 -0.7 -15.3
"10" "10" 1991-12-20 23.81 "LAL" "@" "DET" "L" -19 0 8 0.694 0.5 14.3 32.4 22.8 17.1 0 0 0 17 160 121 3.8 2.5
"11" "11" 1991-12-22 23.81 "LAL" "" "PHO" "L" -12 0 2 0 0 0 0 0 0 0 0 0 22.6 0 118 -1.1 -36.1
"12" "12" 1991-12-25 23.82 "LAL" "@" "LAC" "W" 10 0 4 1.136 NA 0 0 0 0 0 0 0 9.9 250 96 2 9.9
"13" "13" 1991-12-30 23.83 "LAL" "" "GSW" "L" -15 0 12 0.457 0.429 17 0 9.3 0 0 0 10.2 34.2 95 129 3.5 -8.9
"14" "14" 1992-01-03 23.84 "LAL" "" "IND" "L" -27 0 10 0.333 0.333 0 0 0 18.3 0 0 25 15.5 60 127 -0.4 -12.2
"15" "15" 1992-01-07 23.85 "LAL" "@" "DAL" "W" 24 0 8 0.5 0.5 0 27.3 16.5 16.7 0 0 0 11.6 115 79 2.2 -0.6
"16" "16" 1992-01-08 23.86 "LAL" "@" "SAS" "L" -16 0 2 NA NA 0 0 0 0 0 0 NA 0 0 117 -0.4 -15.6
"17" "17" 1992-01-10 23.86 "LAL" "" "DEN" "W" 14 0 2 1 1 0 94.1 54.5 0 0 0 50 44.5 64 59 1.3 -1.1
"18" "18" 1992-01-12 23.87 "LAL" "" "ORL" "W" 13 0 1 0 0 0 0 0 0 0 0 0 42.2 0 118 -0.7 -49.6
"19" "19" 1992-01-20 23.89 "LAL" "" "SEA" "W" 6 0 3 0.75 0.75 0 0 0 0 0 0 0 49.6 167 118 4.4 25.9
"20" "20" 1992-01-21 23.89 "LAL" "@" "POR" "L" -39 1 28 0.45 0.5 8.4 14.3 11.1 6.3 0 2.3 10.1 15.3 90 129 4.7 -5.4
"21" "21" 1992-01-23 23.9 "LAL" "@" "SAC" "W" 3 0 8 0.174 0 0 0 0 0 0 0 25.8 20.9 29 121 -2.2 -25.1
"22" "22" 1992-01-29 23.92 "LAL" "" "GSW" "W" 13 0 2 0 0 0 0 0 60 0 0 0 20.3 56 115 0 -3.5
"23" "23" 1992-02-17 23.97 "LAL" "@" "GSW" "L" -16 0 4 0.5 0.5 0 0 0 0 0 11.8 0 21.1 109 125 1.3 1.9
"24" "24" 1992-02-19 23.97 "LAL" "@" "LAC" "L" -31 0 17 0.25 0.25 24 19.3 21.7 26.3 0 6 42.9 17.3 66 125 3.4 -5.7
"25" "25" 1992-03-01 24 "LAL" "" "HOU" "L" -8 0 11 0.595 1 14.1 44.8 31.2 13.5 0 0 0 18.7 122 114 5 3.1
"26" "26" 1992-03-03 24.01 "LAL" "@" "POR" "L" -4 1 16 0.431 0.5 7 23.1 13 9.4 0 0 0 12.8 105 119 2.6 -4
"27" "27" 1992-03-04 24.01 "LAL" "" "NJN" "W" 9 0 7 0.667 0.667 0 0 0 0 7.7 0 0 17.9 142 96 3.3 9.5
"28" "28" 1992-03-08 24.02 "LAL" "" "DET" "L" -5 0 18 0.5 0.5 17.8 7.4 13.2 11 3.1 0 11.1 22.2 108 110 5.5 0.2
"29" "29" 1992-03-10 24.03 "LAL" "@" "NYK" "W" 2 0 19 0.868 0.75 0 14.4 7.8 15.6 3 0 25.8 20.1 136 120 8.6 6.5
"30" "30" 1992-03-11 24.03 "LAL" "@" "ATL" "W" 11 0 33 0.68 0.7 13.5 7.1 10.4 4.6 1.5 1.8 14.5 18.1 123 107 14.4 0.9
"31" "31" 1992-03-13 24.04 "LAL" "@" "CLE" "L" -2 0 27 0.46 0.4 0 17.4 8.1 5.3 0 0 8.4 19.7 94 115 4.7 -7
"32" "32" 1992-03-14 24.04 "LAL" "@" "WSB" "W" 3 0 22 0.381 0.286 16 12.1 13.8 9.6 0 0 20.2 20.9 83 102 2 -8.3
"33" "33" 1992-03-16 24.04 "LAL" "@" "IND" "L" -13 0 10 0 0 0 0 0 0 5.2 0 50 16.9 0 105 -3.2 -22.8
"34" "34" 1992-03-18 24.05 "LAL" "" "POR" "L" -5 0 7 1.064 1 17.1 46.8 32.7 25.3 0 0 51.5 24.6 106 97 4 7.5
"35" "35" 1992-03-26 24.07 "LAL" "" "DAL" "W" 23 0 9 0 0 0 22.2 13.5 23.2 0 0 0 10.3 61 103 0.6 -3.9
"36" "36" 1992-04-01 24.09 "LAL" "@" "SAS" "L" -18 0 7 0 0 29.2 36.1 32.3 17.6 7.8 0 50 13.3 61 98 1.2 -4.5
"37" "37" 1992-04-05 24.1 "LAL" "" "PHO" "W" 5 0 1 NA NA 0 0 0 0 0 0 NA 0 0 117 0 -6.9
"38" "38" 1992-04-07 24.1 "LAL" "@" "SEA" "L" -29 0 3 0 0 35.6 0 18.8 0 0 0 0 29.4 30 143 -0.7 -27.6
"39" "39" 1992-04-13 24.12 "LAL" "" "DEN" "W" 7 0 13 0.6 0.6 0 15.1 9.3 13.7 0 0 0 17.1 124 103 5 1.7
"40" "40" 1992-04-15 24.13 "LAL" "@" "DEN" "L" -3 0 16 0.694 0.5 0 18.2 9.8 7.9 0 3.7 51 16.3 74 115 1.2 -7.2
"41" "41" 1992-04-18 24.13 "LAL" "@" "POR" "W" 8 0 29 0.545 0.545 9.7 13.4 11.7 5.9 3.4 2.7 0 16.3 130 101 11.2 4.5
"42" "42" 1992-04-19 24.14 "LAL" "" "LAC" "W" 1 0 8 0.174 0 15.8 0 8.4 0 0 0 25.8 22.4 46 117 -1.5 -22.7
"1" "1" 1992-11-06 24.69 "NJN" "@" "PHI" "W" 3 0 7 0 0 0 36.1 16.5 0 0 0 50 10.8 0 106 -1.9 -18.6
"2" "2" 1992-11-07 24.69 "NJN" "@" "MIA" "L" -12 0 11 0.798 1 31.2 10.1 20.5 0 4.5 0 0 7.2 173 107 4.9 6.4
"3" "3" 1992-11-10 24.7 "NJN" "@" "NYK" "L" -3 0 7 NA NA 0 30.5 14.9 0 0 0 NA 0 0 97 0.2 -1.1
"4" "4" 1992-11-17 24.72 "NJN" "" "UTA" "L" -11 0 7 0 0 0 0 0 0 0 0 0 5.6 0 111 -0.7 -10
"5" "5" 1992-11-19 24.72 "NJN" "@" "ATL" "W" 7 0 13 0.515 0.333 0 24.6 14.4 0 0 0 34 20.9 72 104 -0.8 -19.2
"6" "6" 1992-11-21 24.73 "NJN" "" "PHI" "L" -9 0 19 0.45 0.375 13.8 18.7 16.2 16.6 2.6 0 10.1 20.8 108 103 7.9 3.5
"7" "7" 1992-11-22 24.73 "NJN" "" "GSW" "L" -13 0 4 1.025 1 0 0 0 0 0 0 45 44.3 85 127 2.4 0.4
"8" "8" 1992-11-24 24.74 "NJN" "@" "SEA" "L" -6 0 12 0.4 0.4 0 9.1 4.7 0 0 5.2 0 17.5 97 112 2.3 -0.3
"9" "9" 1992-11-25 24.74 "NJN" "@" "LAL" "W" 2 0 22 0.643 0.6 11.2 19.8 15.8 7.2 2.1 0 26.9 14.3 106 97 6.2 1.4
"10" "10" 1992-11-27 24.75 "NJN" "@" "UTA" "W" 2 0 17 0.4 0.4 19.5 17.6 18.8 14.7 2.8 0 0 10.8 136 111 6.3 3.2
"11" "11" 1992-11-28 24.75 "NJN" "@" "SAC" "W" 5 0 13 0.5 0.5 8.8 0 4.1 11.4 0 0 33.3 9.6 87 96 0.6 -3.4
"12" "12" 1992-12-02 24.76 "NJN" "" "ATL" "W" 7 0 16 0.5 0.5 11.1 5.5 8.3 7 2.8 0 0 4.6 148 110 2.4 -3.5
"13" "13" 1992-12-04 24.76 "NJN" "" "SAS" "W" 5 0 4 0 0 0 0 0 0 0 0 33.3 29.9 0 105 -2.4 -34
"14" "14" 1992-12-05 24.77 "NJN" "@" "MIA" "W" 7 0 4 0.5 0.5 0 0 0 0 0 0 33.3 33.1 62 118 -0.4 -23.6
"15" "15" 1992-12-08 24.78 "NJN" "" "PHO" "L" -5 0 23 0.667 0.667 14.9 6.1 11 7.3 0 6.7 0 11.4 154 114 8.7 5.6
"16" "16" 1992-12-10 24.78 "NJN" "" "LAC" "W" 6 0 33 0.739 0.714 3.3 18.9 11.9 0 0 1.5 21.2 11.4 117 107 8.4 -1.5
"17" "17" 1992-12-12 24.79 "NJN" "@" "CHI" "L" -6 0 24 0.375 0.375 14 4.9 10.2 20 2.4 0 11.1 15.8 105 114 6.4 2.4
"18" "18" 1992-12-15 24.79 "NJN" "" "NYK" "L" -14 0 14 0.717 0.75 21.4 0 10.4 0 0 4.6 29.1 21.2 101 119 3.9 1.2
"19" "19" 1992-12-17 24.8 "NJN" "@" "MIL" "W" 1 0 11 0.429 0.429 10.6 14.5 12.3 15.6 4.8 0 0 27.1 111 106 4.2 1.6
"20" "20" 1992-12-19 24.81 "NJN" "@" "IND" "L" -14 0 32 0.571 0.571 6.5 12.5 9.6 8.3 0 0 11.3 11.8 116 129 7.9 -3.1
"21" "21" 1992-12-20 24.81 "NJN" "" "SAC" "W" 6 0 28 0.752 0.7 13.5 11.7 12.5 0 0 0 7.3 20.7 152 110 14.8 3.8
"22" "22" 1992-12-22 24.81 "NJN" "" "BOS" "L" -2 0 22 0.333 0.333 0 8.4 4.2 0 0 2.3 0 5.6 81 114 1.2 -6.1
"23" "23" 1992-12-26 24.82 "NJN" "@" "CLE" "W" 5 0 12 0.725 0 13.3 17.4 15.8 0 0 0 26.6 14.2 127 120 3.6 -2.4
"24" "24" 1992-12-28 24.83 "NJN" "" "CHH" "W" 1 0 7 0.644 0.667 0 0 0 0 7.8 0 20.5 28.6 103 109 3.3 5.8
"25" "25" 1992-12-30 24.84 "NJN" "@" "MIN" "W" 26 0 13 0.5 0.5 0 8.4 4.7 0 0 0 0 6.8 112 107 0.5 -10.2
"26" "26" 1993-01-02 24.84 "NJN" "@" "CHH" "L" -1 0 13 0.509 0.5 25.2 11.2 19.2 10.3 0 0 12.7 24.3 109 122 5.3 -2.2
"27" "27" 1993-01-05 24.85 "NJN" "@" "ORL" "W" 3 0 13 0.521 0.5 14.8 18 16.2 0 0 0 0 26.6 121 102 5.6 1.8
"28" "28" 1993-01-06 24.85 "NJN" "@" "PHI" "L" -26 0 15 0.347 0 0 22.9 10.4 22.3 0 3.6 0 7.6 116 130 4.3 0.8
"29" "29" 1993-01-08 24.86 "NJN" "@" "BOS" "L" -14 0 5 0.5 0.5 18.5 0 9.4 47.1 0 0 0 17.6 130 122 2 5.2
"30" "30" 1993-01-09 24.86 "NJN" "" "WSB" "W" 45 0 23 0.5 0.5 0 14.1 8.6 0 0 0 0 11 117 88 3.4 -6.3
"31" "31" 1993-01-13 24.87 "NJN" "" "CLE" "W" 6 0 7 0.5 0.5 14.6 44.7 29.5 0 0 0 0 11.8 127 94 2.2 -0.3
"32" "32" 1993-01-15 24.88 "NJN" "" "PHI" "W" 5 0 15 0.228 0.286 11.4 7.9 9.9 0 0 0 0 22.9 61 102 0 -11.9
"33" "33" 1993-01-16 24.88 "NJN" "@" "WSB" "W" 8 0 7 0.5 0.5 0 54.1 29 19.5 0 0 0 12.9 125 105 1.8 -0.1
"34" "34" 1993-01-18 24.89 "NJN" "" "IND" "W" 3 0 9 0 0 0 0 0 0 0 7.6 0 4.7 0 106 -0.4 -7.7
"35" "35" 1993-01-21 24.9 "NJN" "" "CHI" "L" -13 0 6 0 0 0 20 10.1 0 0 0 0 15 0 119 -1.5 -20.7
"36" "36" 1993-01-22 24.9 "NJN" "@" "ATL" "L" -11 1 35 0.946 0.667 7.4 15.7 11.4 5 0 0 0 9.2 208 114 14.8 7.1
"37" "37" 1993-01-24 24.9 "NJN" "" "HOU" "W" 17 1 21 0.563 0.5 0 14.6 8.4 0 0 0 18.4 12.1 92 92 2.9 -2.8
"38" "38" 1993-01-26 24.91 "NJN" "" "LAL" "W" 15 1 17 0.286 0.286 7.2 5.6 6.3 8 0 0 12.5 20.2 74 104 0.6 -9.8
"39" "39" 1993-01-28 24.92 "NJN" "@" "DEN" "L" -10 1 24 0.394 0.375 8.7 20 14 6.5 0 0 18.4 19.6 78 114 2.7 -9.6
"40" "40" 1993-01-30 24.92 "NJN" "@" "HOU" "L" -3 1 15 0.635 0.571 6.2 8 7 0 0 4.3 0 22 140 116 7.2 3.2
"41" "41" 1993-02-01 24.93 "NJN" "@" "DAL" "W" 19 0 28 0.902 1 0 8.2 4.1 15.7 5.2 0 0 6.1 185 95 10.6 7.2
"42" "42" 1993-02-02 24.93 "NJN" "@" "SAS" "L" -18 0 11 0.868 1 9.7 38.5 22.1 0 0 0 25.8 15.6 124 116 3.8 1.6
"43" "43" 1993-02-07 24.94 "NJN" "@" "MIL" "W" 3 1 24 0.761 0.714 10 9.1 9.5 6.3 0 2.6 20.2 18.2 125 111 9.7 1.7
"44" "44" 1993-02-10 24.95 "NJN" "" "DET" "W" 23 0 9 1 1 0 8.7 5.2 0 5.5 11.1 50 8.9 85 78 3.4 12.9
"45" "45" 1993-02-12 24.96 "NJN" "@" "DET" "L" -9 0 10 0.25 0.25 11.4 31.3 21.8 13.6 0 0 20 22.1 61 111 0.5 -12
"46" "46" 1993-02-14 24.96 "NJN" "" "MIA" "W" 6 0 12 0.667 0.667 0 10 5.3 0 4.1 5.5 25 14.2 91 97 3.7 4.5
"47" "47" 1993-02-16 24.97 "NJN" "" "MIL" "W" 12 0 3 NA NA 60.4 0 32.3 0 0 0 NA 0 208 103 1 -1.7
"48" "48" 1993-02-23 24.99 "NJN" "@" "CHH" "L" -9 0 18 0.46 0.4 0 24.7 12.1 21.9 0 0 21.6 29 82 97 3.7 -3.5
"49" "49" 1993-02-24 24.99 "NJN" "@" "BOS" "L" -15 0 13 0.387 0.167 30.1 18.9 25.2 0 0 4.4 11.4 27.6 100 112 4.9 -0.2
"50" "50" 1993-02-26 24.99 "NJN" "" "POR" "L" -11 0 12 0.45 0.5 0 18.6 8.2 25.8 0 5.5 31.1 20.2 73 103 1.5 -2.7
"51" "51" 1993-02-28 25 "NJN" "" "NYK" "W" 26 0 29 0.687 0.667 7.7 25.2 16.7 6.6 0 0 7.9 19.4 139 89 13.3 5.6
"52" "52" 1993-03-02 25 "NJN" "" "CHI" "L" -7 0 23 0.282 0.25 4.1 14.2 8.8 8.1 0 0 0 16.8 77 103 1.3 -6.7
"53" "53" 1993-03-04 25.01 "NJN" "" "ORL" "W" 19 0 19 0.51 0.4 7 14 10.5 6.5 0 0 0 13.2 143 111 4.5 -3.4
"54" "54" 1993-03-06 25.01 "NJN" "" "DEN" "W" 27 0 25 0.773 0.667 7 9.6 8.3 4.5 2 3.9 27.9 16.9 117 92 11 3.4
"55" "55" 1993-03-10 25.02 "NJN" "@" "LAC" "W" 11 1 26 0.75 0.75 6 17.8 13.3 0 0 2.1 11.1 15.1 130 101 9.9 1.9
"56" "56" 1993-03-11 25.03 "NJN" "@" "GSW" "W" 12 1 17 0.463 0.333 6.4 0 3.2 0 0 0 18.8 13.7 91 110 0 -13.6
"57" "57" 1993-03-13 25.03 "NJN" "@" "PHO" "W" 31 1 34 0.576 0.615 7.2 9.8 8.6 0 1.5 1.8 12.6 19.6 105 99 10.5 -2.7
"58" "58" 1993-03-15 25.04 "NJN" "@" "POR" "L" -16 1 24 0.381 0.286 0 12.8 6.5 0 0 0 0 15.1 87 125 1.6 -11
"59" "59" 1993-03-17 25.04 "NJN" "" "ATL" "W" 21 1 31 0.418 0.333 6.7 16.1 11.5 3.7 1.5 0 0 14.6 103 92 7.7 -3.7
"60" "60" 1993-03-19 25.05 "NJN" "" "MIL" "W" 14 1 14 0.387 0.333 8 19.4 14.3 10.5 0 0 20.5 14.9 82 95 2.2 -5.7
"61" "61" 1993-03-21 25.05 "NJN" "" "DAL" "W" 22 1 24 0.625 0.625 6.5 3.6 4.6 21.4 2 2.5 20 19.3 104 90 8.4 0.6
"62" "62" 1993-03-22 25.06 "NJN" "@" "WSB" "L" -5 1 15 0.333 0.333 15.6 8.2 12 10.1 0 0 14.3 21.6 81 115 2 -8.1
"63" "63" 1993-03-24 25.06 "NJN" "" "CHH" "W" 2 1 17 1 1 20.7 0 11.9 7 0 0 33.3 7.4 142 133 4.8 -0.2
"64" "64" 1993-03-26 25.07 "NJN" "@" "MIA" "L" -10 1 12 0.5 0.5 17.8 0 9.5 0 0 0 20 18 96 126 2.4 -5.1
"65" "65" 1993-03-27 25.07 "NJN" "@" "ORL" "L" -14 1 26 0.167 0.167 0 12.3 6 18.4 2 0 0 10.5 60 107 1.4 -4.7
"66" "66" 1993-03-30 25.08 "NJN" "" "PHI" "W" 14 1 15 0.509 0.5 19.4 7.1 12.3 10.9 0 0 0 21.8 120 96 6 0.2
"67" "67" 1993-04-01 25.08 "NJN" "" "MIA" "W" 13 1 15 0.375 0.375 0 20.4 11.2 9.9 3.5 0 27.3 33.9 58 86 0.4 -15.6
"68" "68" 1993-04-02 25.09 "NJN" "@" "CHI" "L" -13 1 9 0 0 0 0 0 0 0 0 33.3 15 0 135 -2.4 -22.6
"69" "69" 1993-04-04 25.09 "NJN" "@" "CLE" "L" -6 0 2 0 0 0 100 53.9 0 0 0 0 20.7 0 101 -0.1 -15.8
"70" "70" 1993-04-06 25.1 "NJN" "" "IND" "L" -13 0 7 0 0 26.4 0 15.6 0 0 9.4 0 6 77 109 1 -3.1
"71" "71" 1993-04-10 25.11 "NJN" "" "CLE" "L" -1 0 6 0 0 0 19.5 10.3 0 0 12.9 0 7.3 0 101 -0.1 -5.1
"72" "72" 1993-04-14 25.12 "NJN" "@" "IND" "L" -19 0 12 1 1 0 8 3.7 12.9 0 4.9 0 7.2 200 117 4.3 4.2
"73" "73" 1993-04-15 25.12 "NJN" "" "BOS" "L" -1 0 1 NA NA 0 0 0 0 0 0 NA 0 0 115 -0.8 -45.4
"74" "74" 1993-04-17 25.13 "NJN" "@" "WSB" "W" 1 0 10 0.75 0.75 42.7 13.7 30 0 0 0 20 20.2 132 119 6.5 6.7
"75" "75" 1993-04-21 25.14 "NJN" "@" "NYK" "L" -31 0 9 0.174 0 0 0 0 0 0 0 0 13.5 41 115 -1.2 -11
"76" "76" 1993-04-23 25.15 "NJN" "" "ORL" "L" -3 0 2 NA NA 0 0 0 0 0 0 NA 0 0 134 0 -6
"77" "77" 1993-04-25 25.15 "NJN" "@" "DET" "L" -6 0 22 0.8 0.8 9.9 11.8 10.8 12 2.2 0 0 9.4 174 120 10.1 6.7
"1" "1" 1993-11-16 25.71 "DAL" NA "NYK" "L" -13 0 10 1.042 1 0 13.3 6.8 0 0 0 0 7 218 115 2.2 -0.9
"1" "1" 1995-02-02 26.93 "HOU" "" "UTA" "W" 20 0 3 0.41 0.5 0 0 0 0 0 0 0 39.9 74 122 0.2 -27.3
"2" "2" 1995-02-05 26.93 "HOU" "@" "PHO" "W" 24 0 4 0.667 0.667 30 25.5 27.6 0 0 0 0 34 141 104 3.7 5.9
"3" "3" 1995-02-06 26.94 "HOU" "@" "POR" "L" -38 0 16 0 0 0 17.3 9.2 9.4 0 0 0 8.3 17 126 -0.5 -12.4
"4" "4" 1995-02-08 26.94 "HOU" "@" "SAC" "W" 11 0 7 0.174 0 17.6 15.2 16.3 0 0 0 0 19 65 101 -0.2 -17.5
"5" "5" 1995-02-09 26.95 "HOU" "@" "LAC" "L" -15 0 6 NA NA 25.8 25 25.4 0 0 0 NA 0 210 135 1 -3.2
"6" "6" 1995-02-14 26.96 "HOU" "" "LAC" "W" 20 0 16 0.667 0.667 17.6 10.5 13.2 0 3.1 7.3 25 22.2 101 100 7 -1.5
"7" "7" 1995-02-16 26.96 "HOU" "@" "CHH" "W" 16 0 25 0.917 0.917 0 17.5 8.7 0 4.2 0 0 10.3 181 90 11.6 11.2
"8" "8" 1995-02-17 26.97 "HOU" "@" "WSB" "W" 17 0 16 0.581 0.5 15 7.5 11.3 0 0 0 0 20 141 109 5.1 -6.7
"9" "9" 1995-02-19 26.97 "HOU" "@" "NYK" "L" -5 0 19 0.87 0.8 18.9 12.6 15.8 0 0 0 0 14.8 189 132 9.8 2
"10" "10" 1995-02-21 26.98 "HOU" "" "SAS" "L" -1 0 28 0.45 0.5 6.7 7.5 7.1 5.3 0 0 0 7 113 114 3.1 -6.1
"11" "11" 1995-02-23 26.98 "HOU" "" "DET" "W" 11 1 22 0.568 NA 6.4 23 15.2 16 0 0 27.5 7.2 118 109 4 -2.6
"12" "12" 1995-02-25 26.99 "HOU" "" "GSW" "W" 7 1 26 0.394 0.375 4.9 19.2 12.9 0 0 5 18.4 17.8 69 104 2.6 -12.5
"13" "13" 1995-02-27 26.99 "HOU" "" "CLE" "W" 8 1 32 0.888 0.833 4.7 23.7 15 0 0 0 0 11.5 183 97 11.3 5.1
"14" "14" 1995-02-28 27 "HOU" "@" "DAL" "L" -1 1 40 0.75 0.75 8.2 17.1 12.9 4.1 0 1.6 14.3 15.5 127 108 15.6 2
"15" "15" 1995-03-02 27 "HOU" "" "ORL" "L" -11 1 36 0.571 0.571 11.1 23.9 16.9 0 0 2.2 0 8.5 133 117 9.1 -2.5
"16" "16" 1995-03-03 27.01 "HOU" "@" "MIN" "L" -3 1 19 0.431 0.5 7.7 14.9 11.3 0 0 0 39.3 18.4 57 125 -1.1 -17.7
"17" "17" 1995-03-05 27.01 "HOU" "@" "SAS" "L" -21 1 31 0.581 0.667 3.5 7.4 5.4 0 1.7 2.2 0 9.9 119 134 5.6 -3.9
"18" "18" 1995-03-07 27.02 "HOU" "" "PHO" "L" -11 1 13 0.5 0.5 7.9 9.7 8.7 10.2 0 0 0 6.9 135 129 1.1 -7.8
"19" "19" 1995-03-11 27.03 "HOU" "" "DAL" "W" 7 1 25 0.5 0.5 10.4 18.5 15.1 14.4 0 0 33.3 5.4 119 110 3.8 -1.7
"20" "20" 1995-03-13 27.03 "HOU" "@" "ATL" "W" 11 1 14 1.042 1 0 6.5 3.9 0 0 6.5 0 5 220 102 2.5 -0.5
"21" "21" 1995-03-14 27.04 "HOU" "@" "PHI" "W" 29 1 24 0.857 0.857 16.2 38.9 27.4 11.1 1.9 0 0 12 187 107 15.7 7.4
"22" "22" 1995-03-16 27.04 "HOU" "" "MIN" "W" 7 1 14 1 1 9 27.8 18.3 20.7 0 0 0 6.2 206 108 5.6 6.7
"23" "23" 1995-03-19 27.05 "HOU" "" "PHI" "W" 11 0 17 0.595 0.6 7.4 7.1 7.2 7.5 0 7.3 0 16.5 135 118 7 1.5
"24" "24" 1995-03-21 27.05 "HOU" "" "SEA" "L" -2 0 24 0.621 0.667 5 43.8 22.2 12.9 0 0 13.4 14.4 114 116 7 0.6
"25" "25" 1995-03-23 27.06 "HOU" "" "UTA" "L" -8 0 12 0.5 0.5 0 11.4 5.7 0 0 0 0 8.6 94 135 0.5 -10.5
"26" "26" 1995-03-24 27.06 "HOU" "@" "PHO" "W" 2 0 6 NA NA 0 18.2 10 0 0 0 NA 0 0 111 -0.5 -10.9
"27" "27" 1995-03-26 27.07 "HOU" "@" "LAL" "L" -11 0 11 1 1 9.9 31.2 20.3 16.6 0 0 0 7.7 206 112 5.7 10.7
"28" "28" 1995-03-28 27.07 "HOU" "" "LAL" "L" -10 0 11 0.512 0.5 31.2 9.7 20.1 14 4.5 0 0 20.2 127 108 5.9 3
"29" "29" 1995-03-30 27.08 "HOU" "@" "LAC" "W" 12 0 30 0.667 0.667 11.4 15.7 13.8 0 0 0 10 14.5 133 106 9.1 -1.2
"30" "30" 1995-04-01 27.08 "HOU" "" "MIL" "L" -6 0 22 1.02 1 6.2 17.7 12.1 0 5.2 0 33.8 20.9 117 102 9.5 2.3
"31" "31" 1995-04-04 27.09 "HOU" "@" "SAC" "L" -4 0 16 0.338 0.25 26.1 0 15.2 0 0 4.4 0 22.6 109 126 3.5 -10.2
"32" "32" 1995-04-06 27.1 "HOU" "@" "GSW" "W" 8 0 19 0.667 0.667 6.3 30.8 18.7 0 0 8 25 9.6 103 101 4.1 -3.5
"33" "33" 1995-04-07 27.1 "HOU" "@" "POR" "L" -18 0 26 0.41 0.25 7.5 15 10.7 10.2 1.7 2.5 29.1 10.3 86 119 3.4 -6.3
"34" "34" 1995-04-09 27.11 "HOU" "@" "DEN" "W" 3 0 26 0.68 0.6 10.5 14.6 12.6 14.8 0 0 14.5 12.1 148 132 7.5 -1.5
"35" "35" 1995-04-11 27.11 "HOU" "" "DAL" "L" -9 1 44 0.586 0.571 13.2 18 15.9 3.3 0 0 27 20.1 96 122 11.7 -7.4
"36" "36" 1995-04-13 27.12 "HOU" "" "POR" "W" 13 0 12 1 1 14.8 14.5 14.6 21.6 4.2 0 0 3.8 211 98 4.6 11.6
"37" "37" 1995-04-15 27.12 "HOU" "" "SAC" "W" 14 0 21 0.661 0.667 26.4 16.7 22.1 0 0 0 18.1 21.7 120 93 9.7 0.8
"38" "38" 1995-04-17 27.13 "HOU" "" "LAC" "W" 10 0 17 0.347 0 0 8.3 4.2 0 0 0 0 7.7 84 121 -0.7 -14.1
"39" "39" 1995-04-19 27.13 "HOU" "@" "UTA" "L" -19 0 26 0.568 NA 0 18.9 9.5 11.9 0 0 0 3.2 148 124 2.2 -3.2
"40" "40" 1995-04-20 27.14 "HOU" "@" "SEA" "L" -10 0 7 0 0 0 13.7 7.2 0 0 0 0 6.2 0 116 -0.8 -11.2
"41" "41" 1995-04-23 27.15 "HOU" "" "UTA" "L" -6 1 31 0.595 0.6 6.6 19.9 12.6 5.1 1.6 0 14.5 9.9 116 105 6.7 -0.6
"1" "1" 1995-11-03 27.68 "HOU" "" "GSW" "W" 18 1 26 0.709 0.667 4.3 20.5 12.6 0 0 0 27.9 17.4 102 101 6 -5
"2" "2" 1995-11-05 27.68 "HOU" "@" "PHO" "W" 2 1 31 0.621 0.667 0 15.8 8.7 4.2 1.6 0 23.7 12.6 90 109 4.6 -5.2
"3" "3" 1995-11-07 27.69 "HOU" "" "MIL" "W" 17 1 31 0.75 0.75 13.8 15.5 14.7 5.2 1.7 0 20 14.1 129 99 12 1.7
"4" "4" 1995-11-08 27.69 "HOU" "@" "MIA" "L" -7 1 32 0.628 0.571 19.2 14.6 16.9 0 1.8 0 25.5 18.4 105 106 8.4 -4.3
"5" "5" 1995-11-11 27.7 "HOU" "" "MIN" "W" 22 1 33 0.4 0.286 3.6 19.8 12.1 9.1 1.4 2 18.6 14.2 83 97 5.7 -4.9
"6" "6" 1995-11-15 27.71 "HOU" "@" "TOR" "W" 3 1 33 0.9 0.9 3.7 20 12.9 8.1 0 2 23.1 17.7 119 94 15 3.1
"7" "7" 1995-11-16 27.71 "HOU" "@" "MIL" "W" 28 1 28 0.343 0.25 4.4 17.1 12.1 12.7 1.9 0 0 17.2 97 92 6.2 -5.1
"8" "8" 1995-11-18 27.72 "HOU" "" "DEN" "W" 4 1 30 0.563 0.5 8.4 18.6 13.8 8.7 0 0 0 6.5 143 105 6.5 0.5
"9" "9" 1995-11-20 27.72 "HOU" "@" "BOS" "W" 5 1 35 0.506 0.444 9.6 5.8 7.6 0 4.4 0 9.2 14.1 111 100 8.4 -1.6
"10" "10" 1995-11-22 27.73 "HOU" "@" "PHI" "W" 9 1 32 0.805 0.75 4.5 15 10.8 16.7 0 0 9.7 14.9 157 117 14.2 1.2
"11" "11" 1995-11-23 27.73 "HOU" "@" "IND" "W" 7 1 30 0.583 0.583 7.3 13.3 10 5.2 0 0 0 17.6 131 120 10.6 -2.9
"12" "12" 1995-11-25 27.74 "HOU" "@" "NYK" "L" -15 1 27 0.69 0.727 12.7 20.3 16.2 0 2.1 0 14 25.7 118 117 12.4 4.6
"13" "13" 1995-11-26 27.74 "HOU" "@" "DET" "L" -2 1 20 0.524 0.4 0 4.9 2.8 16.4 2.6 0 11.6 20.9 100 111 5 -2.5
"14" "14" 1995-11-28 27.75 "HOU" "" "LAC" "W" 13 1 22 0.661 0.714 4.8 22.3 13.9 0 0 0 19.4 19.9 104 111 6.3 -5
"15" "15" 1995-11-30 27.75 "HOU" "" "UTA" "L" -7 1 19 0.75 0.75 5.9 24.4 13.7 0 0 0 20 11.5 117 122 3.8 -2.5
"16" "16" 1995-12-02 27.76 "HOU" "" "CHH" "W" 15 1 40 1.017 1 0 22 12.7 9.3 3.9 3.8 12.7 9.2 176 97 20 9
"17" "17" 1995-12-05 27.76 "HOU" "@" "UTA" "W" 3 1 9 1 1 0 0 0 0 0 7.5 50 10 75 114 -0.2 -8.1
"18" "18" 1995-12-06 27.77 "HOU" "" "LAL" "W" 13 1 22 0.225 0.25 4.4 15.2 9.4 11.9 0 6.7 18.4 20 56 105 0.4 -10.3
"19" "19" 1995-12-08 27.77 "HOU" "" "WSB" "W" 6 1 21 0.5 0.5 18 28 23.6 22.7 0 0 14.3 14.5 118 111 7.6 2
"20" "20" 1995-12-10 27.78 "HOU" "@" "POR" "L" -2 1 27 0.699 0.667 7.4 14.8 11.1 15.7 0 2.6 23.7 13.8 112 94 8.3 4.4
"21" "21" 1995-12-12 27.78 "HOU" "@" "SAC" "W" 40 1 20 1.078 1 0 4.5 2.4 4.8 0 0 30.1 6.3 153 98 3.1 -2.3
"22" "22" 1995-12-13 27.79 "HOU" "@" "VAN" "W" 11 1 29 0.533 0.5 9.7 15 12.5 6.4 0 0 0 17.2 125 97 10.3 -1.7
"23" "23" 1995-12-15 27.79 "HOU" "" "SAC" "L" -4 1 26 0.868 1 5.3 12.7 8.7 11.1 0 0 0 5 184 122 5.5 1.2
"24" "24" 1995-12-19 27.8 "HOU" "" "PHO" "W" 7 1 22 0.5 0.5 10.1 5.5 7.9 0 0 0 0 8.6 128 118 3.3 -6.8
"25" "25" 1995-12-21 27.81 "HOU" "" "POR" "W" 5 1 35 0.509 0.455 22.3 15.2 18.7 0 0 0 0 17.2 129 103 12.5 1.8
"26" "26" 1995-12-23 27.81 "HOU" "@" "SAS" "L" -15 1 7 1 1 0 22.9 8.5 0 0 0 50 13.1 73 124 1 -7.3
"27" "27" 1995-12-25 27.82 "HOU" "@" "ORL" "L" -2 1 27 0.232 0.111 14.5 19.3 16.8 11 0 0 0 17.9 81 105 3.6 -5.5
"28" "28" 1995-12-26 27.82 "HOU" "" "VAN" "W" 16 1 20 0.827 0.8 0 5.7 3.2 8.5 0 0 15.5 15.7 131 103 6.7 0.6
"29" "29" 1995-12-28 27.83 "HOU" "" "NJN" "W" 15 1 25 0.545 0.545 10.1 20.4 15.8 0 2.3 2.9 8.3 22.7 107 91 10.3 1.5
"30" "30" 1995-12-30 27.83 "HOU" "@" "DAL" "W" 3 1 20 0.571 0.571 0 16 8.9 0 2.5 4.1 20.2 21.7 89 101 5.5 -0.7
"31" "31" 1996-01-02 27.84 "HOU" "@" "MIN" "W" 5 1 33 0.654 0.667 10.6 11.8 11.2 13.2 1.7 0 12.7 10.8 132 114 10.7 1.5
"32" "32" 1996-01-03 27.84 "HOU" "@" "CHI" "L" -14 1 25 0.5 0.5 4.3 19.6 12.3 0 2.1 0 60 9 46 105 0.8 -4.6
"33" "33" 1996-01-06 27.85 "HOU" "" "IND" "W" 12 1 25 0.872 0.833 5.6 17.9 12.5 16.4 0 3.2 12.7 14.5 152 93 12.4 10.4
"34" "34" 1996-01-09 27.86 "HOU" "" "SAS" "L" -6 1 13 0.34 0.2 13.2 16.1 14.5 13.5 0 7.1 14.5 21.4 84 94 2.9 -0.7
"35" "35" 1996-01-12 27.87 "HOU" "@" "LAL" "L" -1 1 21 0.515 0.5 16.7 11.4 14.1 7.6 0 0 11.4 19.8 109 118 5.8 -5.2
"36" "36" 1996-01-13 27.87 "HOU" "@" "LAC" "W" 11 1 23 0.714 0.714 0 17.8 9.6 0 0 0 0 13.3 146 115 7.9 1.6
"37" "37" 1996-01-15 27.88 "HOU" "" "UTA" "W" 8 1 18 0.82 0.75 7.6 11.6 9.9 8.1 0 3.8 0 13.2 172 108 7.9 5.8
"38" "38" 1996-01-17 27.88 "HOU" "@" "DEN" "W" 8 1 27 0.429 0.429 4.6 18.7 11.5 0 1.9 4.6 22.2 15.7 70 116 3.8 -10
"39" "39" 1996-01-18 27.88 "HOU" "" "BOS" "L" -2 1 22 0.333 0.333 9.9 29.8 19.8 0 4.6 8.6 0 6 107 97 6.8 3.7
"40" "40" 1996-01-21 27.89 "HOU" "" "ORL" "L" -1 1 21 0.595 0.6 14.9 23.4 18.8 15.7 0 0 0 12.1 144 111 9 5.3
"41" "41" 1996-01-22 27.9 "HOU" "@" "ATL" "L" -9 1 24 0.581 0.667 6.9 31.8 21.9 0 0 0 30.4 18.4 76 108 2.8 -7.9
"42" "42" 1996-01-24 27.9 "HOU" "@" "NJN" "W" 9 1 18 0.68 0.6 6.1 10.7 8.5 17.2 0 3.7 14.5 17.8 130 100 7.7 7.3
"43" "43" 1996-01-25 27.9 "HOU" "@" "WSB" "L" -35 1 22 0.667 0.667 3.6 12.1 6.8 0 0 0 0 5.7 142 128 4 -4.9
"44" "44" 1996-01-27 27.91 "HOU" "" "DET" "W" 20 1 24 0.296 0.2 0 17.8 9.5 5.6 0 0 12.9 14.9 67 99 0.2 -11.4
"45" "45" 1996-01-30 27.92 "HOU" "" "CHI" "L" -11 1 16 0.8 0.8 16.7 7.1 11.5 0 3.4 0 28.6 21.4 108 111 6 2.4
"46" "46" 1996-02-01 27.92 "HOU" "@" "CHH" "W" 5 1 20 0.902 1 0 25 14.6 12.4 2.5 0 20.5 10.7 138 109 8.6 6.1
"47" "47" 1996-02-03 27.93 "HOU" "" "SEA" "L" -1 1 18 0.652 0.625 14 19.2 16.7 0 0 0 26.2 29.7 95 110 5.1 -7.8
"48" "48" 1996-02-06 27.94 "HOU" "@" "SEA" "L" -5 1 18 0.333 0.333 23.7 16.2 20.5 8.8 2.9 0 50 14.4 65 107 2 -6.4
"49" "49" 1996-02-07 27.94 "HOU" "@" "LAC" "W" 8 1 30 0.545 0.545 8.4 3.2 5.5 5.4 0 2.5 0 15.6 123 107 8.6 -0.3
"50" "50" 1996-02-13 27.96 "HOU" "" "DAL" "W" 15 1 33 0.429 0.375 6.5 11.5 9.4 7.8 1.4 1.9 0 22.1 115 105 11.2 -4.7
"51" "51" 1996-02-15 27.96 "HOU" "" "SAS" "W" 4 1 28 0.718 0.7 12.9 18 15.4 11.8 0 7.7 0 15.7 161 112 16.4 9.2
"52" "52" 1996-02-18 27.97 "HOU" "@" "SAS" "L" -14 1 26 0.444 0.429 12.3 12.3 12.3 7.9 2 0 11.3 16.3 94 104 5.8 -1.4
"53" "53" 1996-02-19 27.97 "HOU" "" "SAC" "W" 7 1 25 0.694 0.667 13.3 12 12.6 11.5 2.3 2.7 18.8 10.2 140 115 7.4 -0.3
"54" "54" 1996-02-21 27.98 "HOU" "@" "MIN" "L" -19 1 27 0.721 0.857 5.1 12.3 8.3 6.3 0 0 0 14.7 137 136 9.9 -2.2
"55" "55" 1996-02-22 27.98 "HOU" "@" "CLE" "W" 6 1 22 0.51 0.4 12.5 16.8 14.7 19.3 2.7 4.4 14.5 16.8 115 98 7.3 3.5
"56" "56" 1996-02-24 27.99 "HOU" "" "LAL" "W" 2 1 25 0.652 0.625 0 16.9 7.5 12.6 2.1 0 10.6 17.6 120 105 8.5 1.9
"57" "57" 1996-02-27 27.99 "HOU" "" "TOR" "W" 5 1 27 0.8 0.8 0 15.8 8.5 5.6 0 7 16.7 9.7 128 105 9.1 4.6
"58" "58" 1996-02-29 28 "HOU" "" "PHI" "W" 14 1 20 0.462 0.462 22.9 5 13.3 0 0 0 7.1 30.2 104 112 6.6 -9.8
"59" "59" 1996-03-03 28.01 "HOU" "@" "LAL" "W" 4 1 22 1.125 1.125 6.1 19.4 13.5 18 2.4 0 20 10.6 172 113 10.6 9.7
"60" "60" 1996-03-05 28.01 "HOU" "@" "POR" "W" 7 1 10 0.5 0.5 24 0 11.4 0 0 0 0 9.8 139 112 1.2 -10
"61" "61" 1996-03-07 28.02 "HOU" "@" "GSW" "L" -9 1 21 0.4 0.4 10.9 0 5.4 0 0 3.2 9.1 24.4 80 113 3.7 -7.2
"62" "62" 1996-03-08 28.02 "HOU" "@" "UTA" "L" -20 1 15 0.333 0.333 7.4 25.3 15.8 0 0 0 25 12.2 61 119 -0.3 -13.7
"63" "63" 1996-03-10 28.03 "HOU" "@" "VAN" "W" 6 1 21 0.788 0.75 0 21.8 11.1 0 5 0 40.3 16.9 81 92 4.8 -4.2
"64" "64" 1996-03-14 28.04 "HOU" "" "ATL" "W" 8 1 27 0.436 0.333 13.7 17.3 15.9 4.2 0 0 12.7 14.6 100 120 4.5 -9.4
"65" "65" 1996-03-16 28.04 "HOU" "" "MIA" "L" -24 1 29 0.545 0.5 4 0 1.9 0 0 2.7 0 23.4 109 140 9.2 -5.8
"66" "66" 1996-03-19 28.05 "HOU" "" "GSW" "L" -3 1 32 0.442 0.4 12.3 16.2 14.2 10.9 0 0 15 18.3 98 108 7.1 -5.3
"67" "67" 1996-03-21 28.06 "HOU" "" "CLE" "L" -13 1 24 0.694 0.5 11.8 38.1 21.8 16 0 0 14.8 14.9 141 128 9 2.8
"68" "68" 1996-03-23 28.06 "HOU" "" "MIN" "L" -5 1 17 0.333 0.333 0 26.3 13.3 0 0 0 40 12.8 39 116 -2.1 -19.1
"69" "69" 1996-03-26 28.07 "HOU" "" "NYK" "L" -9 1 43 0.426 0.412 6.4 33.2 17.6 12.3 4.8 0 9.6 21.7 85 82 13.3 2.6
"70" "70" 1996-03-27 28.07 "HOU" "@" "DAL" "L" -3 1 30 0.936 0.833 8.4 20 15.3 0 1.8 2.1 9.9 15.1 178 122 18.6 6.9
"71" "71" 1996-03-30 28.08 "HOU" "" "POR" "L" -15 1 28 0.429 0.429 0 9.3 4.6 17.3 2 0 0 24.7 93 127 8.3 -4.1
"72" "72" 1996-04-02 28.09 "HOU" "@" "GSW" "W" 6 1 25 0.563 0.5 4.5 24 13.9 14 0 0 0 25.7 124 111 12.8 -0.1
"73" "73" 1996-04-03 28.09 "HOU" "@" "SEA" "L" -15 1 28 0.218 0.167 9.5 29.6 16.5 5.2 7.5 0 22.5 13.6 61 117 4.3 -6.3
"74" "74" 1996-04-05 28.1 "HOU" "@" "SAC" "L" -5 1 34 0.335 0.313 5.9 26.5 16.2 5.2 4.3 2 10.8 22.1 73 88 7.5 -1.1
"75" "75" 1996-04-07 28.1 "HOU" "@" "DEN" "L" -6 1 24 0.51 0.4 0 9.8 4.5 0 0 2.6 14.5 12.7 89 115 2.4 -8.6
"76" "76" 1996-04-09 28.11 "HOU" "" "VAN" "W" 6 1 17 0.694 0.75 0 21.7 11.6 0 3.2 4.5 14.8 20.3 107 91 7.2 3.5
"77" "77" 1996-04-11 28.12 "HOU" "" "DEN" "W" 4 1 27 0.574 0.6 7.9 20.2 14 0 0 2.2 8.1 21 105 116 9.8 -6.1
"78" "78" 1996-04-13 28.12 "HOU" "" "DAL" "W" 1 1 31 0.663 0.6 7 17.2 12.6 4.6 0 0 15 17.1 120 114 12.3 -2.8
"79" "79" 1996-04-15 28.13 "HOU" "" "SEA" "L" -6 1 13 0.4 0.4 0 0 0 0 0 0 0 17.6 81 124 -0.3 -14.2
"80" "80" 1996-04-16 28.13 "HOU" "@" "PHO" "L" -11 1 26 0.333 0.333 3.6 21 11.7 5.4 0 4.6 14.3 11.6 71 113 3.1 -7.2
"81" "81" 1996-04-18 28.13 "HOU" "" "LAC" "W" 8 1 21 0.75 0.75 12 31.9 22.6 12.6 2.4 0 42.9 14.8 96 105 7 -0.4
"82" "82" 1996-04-21 28.14 "HOU" "" "PHO" "W" 8 1 24 0.5 0.5 10.3 20 15.7 21.6 2 0 11.1 17.2 116 110 8.5 -3.3
"1" "" 1996-11-01 28.67 "PHO" "@" "LAL" "L" -14 NA NA NA NA NA NA NA NA NA NA NA NA NA NA NA NA
"2" "1" 1996-11-02 28.68 "PHO" "" "HOU" "L" -15 0 14.1166666666667 0.25 0.25 0 8.4 3.9 0 0 0 0 13.3 52 127 -0.5 -14.4
"3" "2" 1996-11-05 28.68 "PHO" "" "MIN" "L" -3 0 5.28333333333333 1 1 0 32 12.8 0 0 0 0 9 200 113 0.8 -8.5
"4" "3" 1996-11-07 28.69 "PHO" "" "SEA" "L" -5 0 15.9833333333333 0.785 0.6 0 31.9 16.1 11.5 0 0 0 20.1 172 98 10.7 9.9
"5" "4" 1996-11-09 28.7 "PHO" "@" "PHI" "L" -17 0 10.0666666666667 0.25 0.25 0 0 0 16.4 0 9.6 0 16.6 68 116 0.6 -6
"6" "5" 1996-11-11 28.7 "PHO" "@" "CHI" "L" -18 0 7.65 0.315 0.333 13.6 12 12.8 0 0 0 0 27.8 75 110 0.7 -8.2
"7" "" 1996-11-12 28.7 "PHO" "@" "MIL" "L" -10 NA NA NA NA NA NA NA NA NA NA NA NA NA NA NA NA
"8" "6" 1996-11-14 28.71 "PHO" "@" "VAN" "L" -3 0 8.6 0.615 0.5 0 23.2 12.5 0 0 0 0 11.6 142 101 2.6 0
"9" "7" 1996-11-17 28.72 "PHO" "" "LAL" "L" -14 0 2.21666666666667 NA NA 0 72.7 30 0 0 0 NA 0 0 106 0.3 -5.3
"10" "8" 1996-11-20 28.73 "PHO" "" "CHI" "L" -14 0 10.75 1 1 9.1 9.3 9.2 32.4 0 0 50 22.1 97 117 2.5 -3.7
"11" "9" 1996-11-21 28.73 "PHO" "@" "HOU" "L" -10 0 4.95 NA NA 0 27.4 12.5 0 0 18.8 100 8.9 0 114 0 -8.6
"12" "" 1996-11-24 28.74 "PHO" "" "MIA" "L" -3 NA NA NA NA NA NA NA NA NA NA NA NA NA NA NA NA
"13" "" 1996-11-26 28.74 "PHO" "@" "DEN" "L" -9 NA NA NA NA NA NA NA NA NA NA NA NA NA NA NA NA
"14" "10" 1996-11-27 28.75 "PHO" "" "NJN" "W" 22 0 2.51666666666667 0.5 0.5 41 0 17.6 0 0 0 0 59.1 109 94 2.7 8.2
"15" "" 1996-11-29 28.75 "PHO" "@" "SEA" "L" -13 NA NA NA NA NA NA NA NA NA NA NA NA NA NA NA NA
"16" "11" 1996-12-07 28.77 "MIL" "@" "WSB" "W" 8 0 15.55 0.75 0.75 16.7 15 15.8 15.8 0 4 0 10.3 176 122 7.3 7.5
"17" "12" 1996-12-08 28.78 "MIL" "" "BOS" "W" 13 0 9.68333333333333 0 0 25.3 0 12.3 0 0 8.3 0 21.4 30 103 -2.2 -24.1
"18" "" 1996-12-10 28.78 "MIL" "" "DET" "L" -8 NA NA NA NA NA NA NA NA NA NA NA NA NA NA NA NA
"19" "13" 1996-12-12 28.79 "MIL" "" "SEA" "W" 3 0 2.55 0 0 0 0 0 0 0 0 0 15.9 0 118 -0.7 -22
"20" "14" 1996-12-14 28.79 "MIL" "" "NJN" "W" 10 0 13.8333333333333 0.5 0.5 8.6 12.5 10.8 0 0 0 0 12.9 116 102 2.5 -5.2
"21" "15" 1996-12-16 28.8 "MIL" "@" "BOS" "W" 16 0 11.65 0.902 1 0 49 25.5 24.2 0 5.4 0 13.2 183 83 8.4 20.2
"22" "16" 1996-12-18 28.8 "MIL" "" "LAL" "L" -6 0 4.3 0.568 NA 0 37.5 15.2 0 0 0 0 9 122 118 0.9 -1.7
"23" "17" 1996-12-19 28.81 "MIL" "@" "TOR" "L" -3 0 7.28333333333333 0 0 20.8 0 9 0 0 0 0 6.9 63 121 -0.4 -11
"24" "18" 1996-12-21 28.81 "MIL" "" "ORL" "W" 18 0 11.5 0.5 0.5 0 10.4 5.5 0 5 7 0 17.1 115 89 2.8 -0.9
"25" "19" 1996-12-23 28.82 "MIL" "@" "HOU" "W" 5 0 4.1 0 0 28.6 0 12.8 0 0 16.9 0 13.2 62 86 0.3 -5.7
"26" "20" 1996-12-26 28.82 "MIL" "" "HOU" "L" -11 0 3.15 NA NA 0 0 0 0 0 0 NA 0 0 123 -0.4 -13
"27" "21" 1996-12-27 28.83 "MIL" "@" "CLE" "L" -8 0 6.6 1 1 0 19 9.7 0 0 0 0 7.6 200 115 2 4.3
"28" "22" 1996-12-29 28.83 "MIL" "" "MIA" "L" -1 0 6.25 0 0 0 16.7 10.3 0 0 15.1 0 17.2 0 103 -0.8 -16.4
"29" "23" 1997-01-04 28.85 "MIL" "" "MIN" "L" -6 0 16.2666666666667 0.644 0.667 5.8 7.3 6.5 11.1 0 0 0 10.3 144 113 4.6 2.4
"30" "24" 1997-01-05 28.85 "MIL" "@" "NYK" "L" -5 0 4.11666666666667 1 1 0 30.8 16.4 0 0 0 50 24.2 79 106 0.6 -7.3
"31" "25" 1997-01-07 28.86 "MIL" "@" "DET" "W" 10 0 12.1833333333333 0.5 0.5 11.1 17.8 14.8 13.8 0 6.5 0 9.1 135 96 3.3 6
"32" "26" 1997-01-08 28.86 "MIL" "" "UTA" "W" 7 0 19.0666666666667 1 1 17.4 7 11.6 0 0 3.5 0 2.7 205 118 4.1 3.4
"33" "27" 1997-01-10 28.87 "MIL" "" "CHI" "L" -15 0 6.16666666666667 NA NA 0 0 0 0 0 0 NA 0 0 134 -0.8 -8
"34" "28" 1997-01-12 28.87 "MIL" "" "GSW" "W" 18 0 11.6166666666667 0.643 0.6 0 21.1 9.9 0 0 0 0 18.6 148 108 5.3 1
"35" "29" 1997-01-17 28.88 "MIL" "@" "CHI" "L" -27 0 10.4333333333333 0.521 0.5 0 15.5 6.7 0 0 0 0 13.8 113 120 1.5 -1.6
"36" "30" 1997-01-18 28.89 "MIL" "@" "ATL" "L" -23 0 4.95 0.333 0.333 0 62.6 32.7 0 0 0 0 26.7 73 88 1.2 -0.8
"37" "31" 1997-01-20 28.89 "MIL" "@" "PHI" "W" 10 0 11.2666666666667 1 1 10.9 26.2 19.4 0 0 11.8 0 3.9 202 100 3.5 4
"38" "32" 1997-01-21 28.9 "MIL" "" "IND" "L" -3 0 5.93333333333333 NA NA 0 0 0 0 0 0 NA 0 0 118 -0.4 -9
"39" "33" 1997-01-23 28.9 "MIL" "@" "ORL" "L" -4 0 5.51666666666667 0 0 0 50 21.6 0 0 0 0 8 0 115 -0.5 -15.4
"40" "34" 1997-01-25 28.91 "MIL" "@" "IND" "W" 2 0 2.05 NA NA 0 0 0 0 0 0 NA 0 0 108 0 -4.3
"41" "35" 1997-01-26 28.91 "MIL" "" "SAS" "W" 18 1 19.8166666666667 0.333 0.333 0 6.7 3.6 0 2.8 3.8 0 15.7 71 92 1.8 -8.1
"42" "36" 1997-01-28 28.92 "MIL" "" "DET" "L" -9 0 20.4666666666667 0.266 0 11.4 14.3 12.7 0 0 0 0 4.4 103 118 1.9 -4.3
"43" "" 1997-01-31 28.92 "MIL" "@" "CHH" "L" -7 NA NA NA NA NA NA NA NA NA NA NA NA NA NA NA NA
"44" "" 1997-02-01 28.93 "MIL" "" "PHI" "L" -9 NA NA NA NA NA NA NA NA NA NA NA NA NA NA NA NA
"45" "37" 1997-02-04 28.93 "MIL" "" "CLE" "L" -1 0 2.26666666666667 NA NA 0 0 0 0 0 44.4 NA 0 0 78 -0.1 0
"46" "38" 1997-02-06 28.94 "MIL" "@" "MIA" "L" -12 0 19 0.615 0.5 5.6 15.8 9.8 10.1 3 0 0 12 151 118 7 6.9
"47" "39" 1997-02-11 28.95 "MIL" "" "TOR" "W" 5 0 10.1666666666667 0 0 0 10.9 6.1 12 0 7.9 0 4.7 55 104 0.2 -3.5
"48" "40" 1997-02-14 28.96 "MIL" "@" "TOR" "W" 4 0 10.3333333333333 0.872 1 0 0 0 0 0 0 22.5 17.5 105 109 2.9 -0.8
"49" "41" 1997-02-15 28.96 "MIL" "" "DEN" "W" 5 0 3.08333333333333 NA NA 0 37.2 18.8 0 0 0 NA 0 0 91 -0.1 -8.6
"50" "42" 1997-02-17 28.97 "MIL" "@" "WSB" "L" -2 0 2.01666666666667 NA NA 0 0 0 0 0 0 NA 0 0 119 0 -8.1
"51" "43" 1997-02-20 28.98 "MIL" "@" "DAL" "W" 2 0 2.73333333333333 1 1 0 0 0 0 0 0 50 32.8 64 123 0.3 -17.8
"52" "44" 1997-02-21 28.98 "MIL" "@" "SAS" "L" -5 0 4.9 1 1 24.6 0 13.7 0 11.5 0 0 9.8 206 102 3 13.5
"53" "45" 1997-02-23 28.99 "MIL" "" "LAC" "L" -13 0 15.8 0.387 0.333 14.3 47.4 30 0 3.3 0 0 11.3 103 96 4.7 0.6
"54" "46" 1997-02-26 28.99 "MIL" "" "ATL" "L" -7 0 3.75 NA NA 0 0 0 0 14.4 0 NA 0 0 77 1 12
"55" "47" 1997-02-28 29 "MIL" "@" "IND" "L" -19 0 11.35 0.51 0.4 37.4 22.4 29.5 0 0 0 0 26.2 131 120 5.6 0.8
"56" "48" 1997-03-01 29 "MIL" "" "SAC" "L" -11 0 11.6833333333333 1 1 0 11.1 4.8 0 0 0 0 3.8 200 127 1.6 -5.9
"57" "49" 1997-03-03 29.01 "MIL" "@" "CHI" "L" -18 0 12 0.333 0.333 9.5 29.3 19.3 0 4.3 0 0 11.4 87 106 2.1 -2.6
"58" "50" 1997-03-04 29.01 "MIL" "@" "NYK" "L" -7 0 3.4 0.5 0.5 45.7 0 27.6 0 0 0 0 32.4 125 118 1.7 4
"59" "" 1997-03-07 29.02 "MIL" "@" "ATL" "L" -10 NA NA NA NA NA NA NA NA NA NA NA NA NA NA NA NA
"60" "51" 1997-03-08 29.02 "MIL" "@" "CLE" "W" 8 0 28.3166666666667 0.635 0.571 5.5 13.9 10.1 6.6 2.1 0 0 14.5 140 100 8.4 3
"61" "52" 1997-03-11 29.03 "MIL" "" "MIA" "L" -15 0 21.3666666666667 0.615 0.5 17.6 24.7 21.1 0 0 0 17 13 123 126 5.5 -3.1
"62" "53" 1997-03-14 29.04 "MIL" "" "WSB" "L" -9 0 19.8833333333333 0.41 0.25 0 21.8 9.9 6.9 0 4.1 0 11.2 102 115 3.1 -4
"63" "54" 1997-03-16 29.04 "MIL" "" "IND" "W" 4 0 14.1666666666667 1.136 NA 0 0 0 9.5 0 0 53.2 6.4 119 119 0.9 -3.8
"64" "55" 1997-03-17 29.04 "MIL" "@" "BOS" "L" -9 0 21.1333333333333 0.906 1 6.5 31.7 19.3 17.3 0 0 26.6 7.9 152 129 5.6 0.6
"65" "56" 1997-03-20 29.05 "MIL" "" "POR" "L" -19 0 2.85 0 0 0 0 0 0 0 0 0 15.4 0 113 -1.1 -26.2
"66" "57" 1997-03-22 29.06 "MIL" "" "NYK" "W" 1 0 21.2833333333333 0.521 0.5 0 27.7 13.3 0 0 0 0 7 109 97 2.4 -1.8
"67" "58" 1997-03-25 29.07 "MIL" "@" "PHO" "L" -5 0 21.4833333333333 0.781 0.875 15.2 23.6 19.1 5.3 2.3 4 14.8 13.3 139 118 8.9 3.6
"68" "59" 1997-03-26 29.07 "MIL" "@" "LAL" "L" -22 0 27.0666666666667 0.621 0.667 3.6 22.7 12.8 24.2 0 0 15.1 10.4 123 111 7.6 4.1
"69" "60" 1997-03-28 29.07 "MIL" "@" "UTA" "L" -5 0 9.85 NA NA 0 12.6 7 0 0 7.6 NA 0 0 108 0.2 0.8
"70" "61" 1997-03-30 29.08 "MIL" "@" "DEN" "L" -2 0 4.46666666666667 NA NA 0 21.8 10.3 0 0 17.5 NA 0 0 96 1 2
"71" "62" 1997-04-01 29.08 "MIL" "@" "VAN" "W" 11 0 9.78333333333333 NA NA 0 14.5 7.4 13.7 0 0 100 5.3 45 116 -0.8 -8.8
"72" "63" 1997-04-03 29.09 "MIL" "@" "SEA" "L" -23 0 27.8 0.558 0.444 13.7 15.1 14.3 15.5 0 2.6 7.9 19.6 127 116 11.9 4.1
"73" "64" 1997-04-04 29.09 "MIL" "@" "POR" "L" -15 0 14.55 0.347 0 0 24.6 11.7 0 0 0 0 8.8 76 113 0.7 -7.6
"74" "65" 1997-04-08 29.1 "MIL" "" "ORL" "L" -15 0 10.1333333333333 0.658 0.75 0 22.9 11.4 0 0 7.4 15.8 30.6 104 107 4.5 7.9
"75" "66" 1997-04-10 29.11 "MIL" "@" "NJN" "L" -5 0 6.7 NA NA 0 0 0 0 0 0 NA 0 0 114 0 -7.5
"76" "67" 1997-04-11 29.11 "MIL" "" "PHI" "W" 8 0 15.95 0.333 0.333 7.3 14.3 10.8 0 0 0 25 10.2 71 125 -1 -15.4
"77" "68" 1997-04-13 29.12 "MIL" "" "NJN" "W" 9 0 17.4333333333333 0.752 0.833 7.8 17.6 12.5 16.7 0 0 10.4 26.1 140 137 10.9 1.8
"78" "69" 1997-04-15 29.12 "MIL" "" "TOR" "W" 7 0 6.6 0.5 0.5 0 0 0 0 0 0 50 29.1 42 108 -1 -20.4
"79" "70" 1997-04-16 29.13 "MIL" "@" "DET" "L" -7 0 12.7166666666667 NA NA 0 8.8 4.9 0 0 5 NA 0 0 111 0.2 -3.1
"80" "" 1997-04-18 29.13 "MIL" "@" "MIN" "L" -10 NA NA NA NA NA NA NA NA NA NA NA NA NA NA NA NA
"81" "" 1997-04-20 29.14 "MIL" "" "CHH" "W" 20 NA NA NA NA NA NA NA NA NA NA NA NA NA NA NA NA
"1" "1" 1997-10-31 29.67 "ATL" "@" "ORL" "W" 6 0 10.4666666666667 0.5 0.5 30 0 13.3 0 0 0 0 19.2 133 121 3 -2.7
"2" "2" 1997-11-01 29.67 "ATL" "" "TOR" "W" 5 0 14.2333333333333 0.174 0 0 13.7 8.1 19.6 0 0 0 9.4 78 100 0.8 -3.4
"3" "3" 1997-11-04 29.68 "ATL" "" "DET" "W" 11 0 21.8833333333333 0.667 0.667 12.5 9.5 10.8 9.8 2.6 3.2 25 17.9 109 82 7 9.1
"4" "4" 1997-11-05 29.68 "ATL" "@" "PHI" "W" 5 0 17.5166666666667 NA NA 6.8 0 3.3 14.8 0 0 100 5.1 55 111 -0.3 -7.3
"5" "5" 1997-11-07 29.69 "ATL" "" "CHI" "W" 2 0 7.8 0 0 0 30.8 14.5 0 0 0 66.7 17.6 0 93 -2.1 -20.2
"6" "6" 1997-11-08 29.69 "ATL" "@" "CLE" "W" 2 0 8.43333333333333 1.042 1 0 0 0 0 0 0 0 18.8 222 117 5.4 12.2
"7" "7" 1997-11-11 29.7 "ATL" "" "SEA" "W" 2 0 10.4833333333333 0.532 0 0 12.3 6.2 0 0 0 34.7 14.1 78 114 -0.2 -11
"8" "8" 1997-11-12 29.7 "ATL" "@" "IND" "W" 3 0 16.3 0.2 0.2 0 25 13.4 8.6 0 0 16.7 18.8 52 111 -1.3 -14.8
"9" "9" 1997-11-14 29.71 "ATL" "" "SAC" "W" 1 0 13.2 0.4 0.4 8.2 15.4 11.9 0 4 0 0 16.5 102 106 2.8 -3.4
"10" "10" 1997-11-16 29.71 "ATL" "" "LAC" "W" 6 0 7.05 0 0 0 31.9 17.4 0 0 0 66.7 20.6 0 93 -2.5 -25.8
"11" "11" 1997-11-18 29.72 "ATL" "" "WAS" "W" 9 0 18.0833333333333 0.333 0.333 11.3 12 11.7 0 0 0 0 7.4 104 103 1.1 -7.3
"12" "12" 1997-11-20 29.72 "ATL" "" "NYK" "L" -21 0 18.6833333333333 0.102 0 6.2 24.6 15.4 0 0 0 0 12.7 37 118 -0.7 -11.4
"13" "13" 1997-11-22 29.73 "ATL" "@" "DET" "L" -2 0 13.8833333333333 1 1 0 22.1 11.1 13.6 0 0 50 14.3 91 107 1.5 -3.5
"14" "14" 1997-11-26 29.74 "ATL" "@" "TOR" "W" 5 0 28.3166666666667 0.58 0.5 0 11.7 6.3 16.9 0 2.3 11.4 14.2 117 101 7.5 1
"15" "15" 1997-11-29 29.75 "ATL" "" "CHH" "W" 18 0 19.5 0.8 0.8 6.5 11.2 9 9.1 0 0 28.6 17.4 114 98 4.9 1.1
"16" "16" 1997-11-30 29.75 "ATL" "" "SAS" "W" 12 0 25.75 0.709 0.667 17.3 22.4 19.9 0 0 0 0 18.7 158 119 12.2 1.6
"17" "17" 1997-12-02 29.76 "ATL" "@" "DAL" "W" 33 0 24.5666666666667 0.676 0.625 12.3 19.9 16.5 10.8 0 0 0 15.7 158 89 13.3 8.2
"18" "18" 1997-12-04 29.76 "ATL" "@" "HOU" "L" -7 0 7.2 0.266 0 0 17.6 9 0 0 0 0 13.3 61 112 -0.2 -12.6
"19" "19" 1997-12-09 29.78 "ATL" "" "MIA" "L" -16 0 22.9666666666667 0.5 0.5 15.7 19 17.2 0 0 0 0 12.7 122 120 4.8 -1.7
"20" "20" 1997-12-11 29.78 "ATL" "@" "PHO" "L" -16 0 20 0.333 0.333 5 23.4 13.5 0 5.2 0 18.2 24 61 95 1.6 -6.3
"21" "21" 1997-12-12 29.78 "ATL" "@" "LAC" "W" 9 0 14.45 0.17 0 8.8 8.8 8.8 20.8 0 0 14.5 23.1 55 90 -0.9 -12.8
"22" "22" 1997-12-14 29.79 "ATL" "@" "SAC" "W" 4 0 21.05 0.388 0.333 19 10.4 14.3 0 2.7 0 0 14.6 109 105 5.3 -0.4
"23" "23" 1997-12-15 29.79 "ATL" "@" "POR" "W" 9 0 4.06666666666667 0 0 0 0 0 32.4 0 0 0 12 57 121 0 -5.4
"24" "24" 1997-12-17 29.8 "ATL" "" "CLE" "W" 11 0 2.25 0 0 0 0 0 0 0 0 0 25.6 0 109 -0.7 -25.7
"25" "25" 1997-12-19 29.8 "ATL" "" "LAL" "L" -2 0 2.66666666666667 1.064 1 38.1 36.4 37.2 0 0 0 0 27.8 227 106 4.7 44.6
"26" "26" 1997-12-20 29.81 "ATL" "@" "MIA" "L" -7 0 27.05 0.685 0.643 0 0 0 7.8 0 0 0 14.2 160 128 9 5.4
"27" "27" 1997-12-22 29.81 "ATL" "" "UTA" "L" -2 0 8.45 0 0 16.2 12.1 13.9 0 0 7.3 25 22.8 23 120 -1.4 -19
"28" "28" 1997-12-26 29.82 "ATL" "@" "MIL" "L" -5 0 5.98333333333333 0 0 0 43.1 21 23.9 0 11.6 50 16.4 25 95 0.3 -2.2
"29" "29" 1997-12-27 29.82 "ATL" "@" "CHI" "L" -7 0 17.5666666666667 0.444 0.2 12.4 5.6 8.8 0 3.1 0 0 17.8 114 114 4.8 -0.9
"30" "30" 1998-01-02 29.84 "ATL" "@" "LAL" "L" -10 0 11.9333333333333 0.481 0.571 19 0 9.3 16 4.1 0 0 28 110 120 6.2 4.4
"31" "31" 1998-01-03 29.84 "ATL" "@" "UTA" "L" -15 0 8.46666666666667 0 0 0 0 0 0 0 0 0 18.3 0 125 -2.1 -21.3
"32" "32" 1998-01-07 29.85 "ATL" "@" "GSW" "W" 20 0 20 0.827 0.8 0 0 0 0 2.8 0 15.5 15.1 129 105 6.7 0.3
"33" "33" 1998-01-09 29.86 "ATL" "" "WAS" "W" 5 0 19.6166666666667 0.5 0.5 0 5.2 3 0 0 3 14.3 17.7 90 97 3 -0.5
"34" "34" 1998-01-11 29.87 "ATL" "@" "WAS" "W" 5 0 11.95 0.4 0.4 25.2 0 10.5 16.9 0 0 0 20.9 115 123 3 -3.4
"35" "35" 1998-01-13 29.87 "ATL" "@" "NYK" "W" 2 0 6.45 0 0 22.9 17.8 20 0 0 0 33.3 24.2 21 110 -1.4 -22.5
"36" "36" 1998-01-14 29.87 "ATL" "" "DAL" "W" 26 0 19.7333333333333 0.607 0.556 0 23.1 13.2 18.5 2.4 3.4 9.2 23.9 118 78 10.9 6.4
"37" "37" 1998-01-16 29.88 "ATL" "" "GSW" "W" 13 0 19.15 0.581 0.5 0 0 0 17.2 3 0 12.7 17.5 128 108 5.6 2.8
"38" "38" 1998-01-17 29.88 "ATL" "@" "NJN" "L" -16 1 25.6833333333333 0.556 0.556 0 3.7 2.1 0 0 0 10 19.3 103 126 4.2 -3.5
"39" "39" 1998-01-20 29.89 "ATL" "" "MIL" "W" 10 1 30.5333333333333 0.426 0.364 9.7 13.7 11.8 5.6 1.9 0 6.6 22.2 106 111 7.7 -3.4
"40" "40" 1998-01-21 29.89 "ATL" "@" "SAS" "L" -14 1 14 0.5 0.5 0 0 0 17.9 3.8 0 0 13.5 109 100 1.7 -0.7
"41" "41" 1998-01-23 29.9 "ATL" "" "BOS" "L" -4 0 5.63333333333333 NA NA 0 20 10.4 0 0 0 100 14.8 0 103 -1.7 -19.7
"42" "42" 1998-01-24 29.9 "ATL" "" "POR" "L" -15 0 14 0.5 0.5 6.6 18.5 11.6 0 0 0 14.3 22.3 89 112 2.9 -4.6
"43" "43" 1998-01-26 29.91 "ATL" "" "PHO" "L" -5 0 18.1833333333333 0.25 0.25 0 36.4 18.6 0 3 0 0 20.4 59 101 2 -7.1
"44" "44" 1998-01-27 29.91 "ATL" "@" "MIN" "L" -17 0 19.0833333333333 0.429 0.429 11.2 20.5 15.4 8.9 0 3.2 0 16.4 105 121 5.2 -2.5
"45" "45" 1998-01-29 29.92 "ATL" "" "PHI" "W" 10 0 5.28333333333333 0 0 0 0 0 0 22.3 0 0 28.3 0 67 -0.1 -8.3
"46" "46" 1998-01-31 29.92 "ATL" "@" "CHH" "W" 20 0 21.05 0.678 0.667 5.9 0 2.7 8.4 0 0 0 23.8 150 112 10.3 5.9
"47" "47" 1998-02-02 29.93 "ATL" "@" "MIA" "L" -7 0 6.86666666666667 0.225 0.25 0 36.1 16.9 0 0 0 0 30.1 51 106 -0.2 -13.2
"48" "48" 1998-02-03 29.93 "ATL" "@" "ORL" "L" -1 0 14.6666666666667 0.667 0.667 0 14.2 7.4 10.5 0 0 0 9.9 139 113 2.8 -3.6
"49" "49" 1998-02-05 29.93 "ATL" "@" "CLE" "W" 14 0 7.31666666666667 0.568 NA 0 37.1 20.5 47.3 0 0 0 6.2 158 108 2.6 11
"50" "50" 1998-02-10 29.95 "ATL" "@" "MIL" "W" 8 0 22.2833333333333 0.5 0.5 6.1 0 2.9 0 5.1 0 11.1 19.2 99 115 4.5 -4.1
"51" "51" 1998-02-13 29.96 "ATL" "@" "CHI" "L" -2 0 24.75 0.533 0.444 0 11 5.1 0 0 0 0 18.8 121 130 5.3 -6.1
"52" "52" 1998-02-14 29.96 "ATL" "" "IND" "L" -4 0 19.8333333333333 0.532 0 4.4 18.5 10.2 0 2.8 0 21 10.2 109 110 4.2 -1.1
"53" "53" 1998-02-16 29.96 "ATL" "" "ORL" "L" -4 0 15.5166666666667 0.75 0.75 0 7.4 3.6 27.4 0 0 0 12.2 158 104 5.3 7.3
"54" "54" 1998-02-18 29.97 "ATL" "" "NJN" "W" 10 0 14.8666666666667 0.51 0.4 0 10.8 6.5 0 0 0 25.4 22 81 114 1.5 -12.4
"55" "55" 1998-02-20 29.98 "ATL" "" "VAN" "W" 23 0 20.2833333333333 0.417 0.417 6 15.3 11 7.5 2.5 0 7.7 29.2 86 97 4.7 -12.6
"56" "56" 1998-02-25 29.99 "ATL" "@" "DEN" "W" 24 0 8.05 0.333 0.333 0 0 0 0 0 0 25 22.5 54 111 -1.5 -23.8
"57" "57" 1998-02-27 29.99 "ATL" "@" "SEA" "L" -2 0 9.38333333333333 NA NA 0 0 0 0 0 0 100 5.2 0 118 -1.4 -14.3
"58" "58" 1998-03-01 30 "ATL" "@" "VAN" "W" 25 1 32.3833333333333 0.625 0.625 2.9 5.5 4.2 4.9 0 2.1 20 13.1 104 93 7.1 -2.2
"59" "59" 1998-03-06 30.01 "ATL" "" "DEN" "W" 21 1 29.8166666666667 0.547 0.545 9.1 10 9.6 4.7 0 4.4 7.8 18.8 113 101 10.3 -1
"60" "60" 1998-03-08 30.02 "ATL" "" "CLE" "W" 5 0 12.4833333333333 0.5 0.5 9.1 16 12.8 0 0 0 0 7.1 134 108 2.3 0.3
"61" "61" 1998-03-11 30.03 "ATL" "@" "BOS" "W" 5 0 4.45 1 1 0 0 0 0 0 17.9 66.7 32.1 46 110 0.4 -4.9
"62" "62" 1998-03-13 30.03 "ATL" "@" "PHI" "L" -21 0 22.0666666666667 0.317 0.286 4.7 25.4 14.7 9.2 2.4 2.6 11.3 18.1 68 109 4.1 -4.1
"63" "63" 1998-03-15 30.04 "ATL" "" "BOS" "W" 16 0 18.8833333333333 0.654 0.667 0 10.1 6.2 21.1 2.8 3.2 0 17 145 84 8.9 11.3
"64" "" 1998-03-17 30.04 "ATL" "@" "TOR" "W" 12 NA NA NA NA NA NA NA NA NA NA NA NA NA NA NA NA
"65" "" 1998-03-19 30.05 "ATL" "" "MIL" "W" 3 NA NA NA NA NA NA NA NA NA NA NA NA NA NA NA NA
"66" "" 1998-03-20 30.05 "ATL" "@" "NYK" "L" -1 NA NA NA NA NA NA NA NA NA NA NA NA NA NA NA NA
"67" "" 1998-03-22 30.06 "ATL" "@" "DET" "L" -7 NA NA NA NA NA NA NA NA NA NA NA NA NA NA NA NA
"68" "" 1998-03-24 30.06 "ATL" "" "ORL" "W" 12 NA NA NA NA NA NA NA NA NA NA NA NA NA NA NA NA
"69" "64" 1998-03-27 30.07 "ATL" "" "CHI" "L" -15 0 11.1833333333333 0.4 0.4 0 10.1 5.7 0 0 0 28.6 33.5 55 111 -1.6 -20.1
"70" "65" 1998-03-29 30.08 "ATL" "" "DET" "W" 23 0 19.0166666666667 0.765 0.8 0 6 3.3 30.7 0 0 14.5 16.6 145 111 8.8 6.9
"71" "66" 1998-03-31 30.08 "ATL" "@" "NJN" "L" -15 0 26.0166666666667 0.2 0.2 0 11.2 5.2 5.7 0 0 9.1 20.6 44 125 -2.7 -16
"72" "67" 1998-04-01 30.08 "ATL" "" "TOR" "W" 14 1 26.2166666666667 0.717 0.625 5.8 14.8 11.3 6.2 0 0 0 17.3 158 104 13 3.6
"73" "68" 1998-04-03 30.09 "ATL" "" "HOU" "W" 20 1 27 0.333 0.333 12.7 17.3 15 16.3 0 0 10 16.4 102 104 4.1 -3.9
"74" "69" 1998-04-05 30.1 "ATL" "" "MIN" "L" -1 1 15.8666666666667 0.436 0.333 0 7.7 3.8 10.7 0 0 12.7 22.7 87 112 1.8 -8.8
"75" "70" 1998-04-07 30.1 "ATL" "" "NYK" "W" 13 0 4.63333333333333 0.181 0 24.6 21.3 22.9 0 0 0 0 27.8 62 100 -1.5 -31.9
"76" "71" 1998-04-09 30.11 "ATL" "" "IND" "L" -3 0 19.6666666666667 0.611 0.611 5 0 2.8 22.3 2.8 0 0 18.9 150 114 9 10.7
"77" "72" 1998-04-10 30.11 "ATL" "@" "CHH" "W" 12 0 4.51666666666667 NA NA 0 0 0 35.3 0 0 NA 0 229 115 -0.1 -1.6
"78" "73" 1998-04-12 30.12 "ATL" "@" "WAS" "W" 10 0 7.66666666666667 0.174 0 0 0 0 20 6.8 0 0 17.5 59 86 0.5 -0.9
"79" "74" 1998-04-14 30.12 "ATL" "" "PHI" "W" 1 0 7.18333333333333 0.266 0 0 17.6 9 0 0 0 0 13.1 63 114 0.2 -13.5
"80" "75" 1998-04-15 30.12 "ATL" "@" "IND" "L" -12 0 17.85 0.145 0 12.1 12.7 12.4 8.9 0 0 12.7 20.7 51 108 -0.5 -8.7
"81" "76" 1998-04-17 30.13 "ATL" "" "CHH" "W" 17 0 14.1666666666667 0.2 0.2 9.3 9 9.1 0 0 0 0 31.3 81 126 -1.6 -28.9
"82" "77" 1998-04-19 30.13 "ATL" "" "MIA" "W" 12 0 20.3666666666667 0.595 0.6 5.7 8 6.7 9.3 0 0 14.5 17 112 117 4.6 -2.9
"1" "1" 1999-02-05 30.93 "CHH" "" "PHI" "L" -12 0 19.3166666666667 0.25 0.25 0 10.8 5.4 0 2.9 3.5 20 13.1 40 89 0.9 -4.8
"2" "2" 1999-02-06 30.94 "CHH" "" "MIL" "L" -6 0 14.55 0.643 0.6 31.5 7.1 17 14.2 0 0 26.9 25.3 109 117 4.6 -2.9
"3" "3" 1999-02-08 30.94 "CHH" "" "MIA" "W" 3 0 17.75 0.667 0.667 0 13 6.9 0 0 0 0 17.7 124 112 4.8 1.5
"4" "4" 1999-02-10 30.95 "CHH" "" "CLE" "L" -10 0 18.6833333333333 0.571 0.571 0 19.9 11.1 26.7 0 0 12.5 21.7 101 106 5.6 2.7
"5" "5" 1999-02-11 30.95 "CHH" "@" "ATL" "L" -12 0 27.7333333333333 0.3 0.3 0 0 0 5.4 0 0 9.1 18.7 57 117 -1.3 -13.2
"6" "6" 1999-02-16 30.96 "CHH" "@" "LAL" "L" -28 0 14.5666666666667 0 0 6.2 0 3.3 19.4 0 0 16.7 16.9 27 132 -3.2 -19.6
"7" "7" 1999-02-17 30.97 "CHH" "@" "GSW" "L" -9 0 14.45 0 0 0 0 0 0 0 0 0 10 0 115 -2.5 -15.1
"8" "8" 1999-02-19 30.97 "CHH" "@" "SAC" "L" -11 0 13.8166666666667 0 0 0 17.1 7.5 0 0 0 50 5.7 0 110 -1.1 -12.9
"9" "9" 1999-02-24 30.99 "CHH" "" "MIA" "L" -8 0 14.4333333333333 0.5 0.5 0 0 0 0 0 0 0 7.1 100 115 0.2 -6.5
"10" "10" 1999-02-26 30.99 "CHH" "" "POR" "W" 2 0 17.75 0.266 0 0 5.6 3.4 0 0 0 34.7 8.3 36 115 -2.4 -13.7
"11" "11" 1999-02-27 30.99 "CHH" "@" "CHI" "L" -17 0 16.7166666666667 0.333 0.333 0 6.4 3.6 12.2 0 0 0 9.2 80 119 0.9 -7
"12" "12" 1999-03-01 31 "CHH" "" "TOR" "W" 3 0 3.88333333333333 0 0 0 0 0 0 0 0 0 23.9 0 114 -1.8 -35
"13" "13" 1999-03-03 31.01 "CHH" "@" "ORL" "L" -17 0 17.2166666666667 0.615 0.625 0 0 0 33.4 0 0 29.1 20.5 96 117 3.3 2.2
"14" "" 1999-03-04 31.01 "CHH" "@" "NJN" "W" 14 NA NA NA NA NA NA NA NA NA NA NA NA NA NA NA NA
"15" "" 1999-03-05 31.01 "CHH" "@" "WAS" "L" -1 NA NA NA NA NA NA NA NA NA NA NA NA NA NA NA NA
"16" "14" 1999-03-09 31.02 "CHH" "" "BOS" "W" 18 0 17.4 0.425 0.4 0 17.3 10.1 0 0 0 33.8 23.7 54 93 -1.4 -17
"17" "15" 1999-03-10 31.02 "CHH" "@" "PHI" "L" -15 1 33.4333333333333 0.416 0.429 5.4 23.5 13.5 20.6 1.5 0 6.5 19.5 88 90 8.6 0.4
"18" "16" 1999-03-12 31.03 "CHH" "@" "WAS" "W" 9 0 24.5166666666667 0.554 0.5 0 14 7.1 13.3 2.2 0 13.7 14.3 108 93 5.4 1.4
"19" "17" 1999-03-14 31.04 "CHH" "@" "NYK" "L" -8 0 5.06666666666667 0.798 1 0 64 34.3 0 0 0 0 18.6 157 86 2.8 8.8
"20" "18" 1999-03-15 31.04 "CHH" "@" "TOR" "L" -7 0 21.95 0.597 0.6 5.3 9.9 7.7 13.7 0 0 15.5 26.2 98 106 7.6 1.4
"21" "19" 1999-03-17 31.04 "CHH" "" "PHO" "W" 8 0 15.9333333333333 0.5 0.5 0 15 8.2 0 3.2 0 16.7 17.1 82 117 2.5 -6.5
"22" "20" 1999-03-19 31.05 "CHH" "" "UTA" "W" 1 0 23.2333333333333 0.4 0.4 0 23.5 11.5 21.5 0 0 16.7 12.7 79 87 1.6 -1.7
"23" "21" 1999-03-21 31.05 "CHH" "@" "MIL" "W" 7 0 15.65 0.709 0.583 7.9 6.8 7.3 14.3 3.5 4.1 11.4 26 137 99 9.6 14.9
"24" "22" 1999-03-23 31.06 "CHH" "@" "ORL" "L" -8 0 12.4333333333333 0.508 0.571 15.7 35.5 26.1 0 0 10 11.3 29.6 92 81 6.8 11.3
"25" "23" 1999-03-24 31.06 "CHH" "" "CHI" "W" 29 0 19.5 0.368 0.4 0 29.4 16.6 13 0 0 15.5 15.7 81 95 2.8 -8.1
"26" "24" 1999-03-26 31.07 "CHH" "" "ORL" "W" 8 0 13.2833333333333 0.333 0.333 0 16.8 9 0 0 0 25 15.8 48 101 -1.3 -18.2
"27" "25" 1999-03-28 31.07 "CHH" "" "CLE" "W" 21 0 19.9833333333333 0.68 0.6 0 16.4 9.5 8.3 0 0 0 14.6 142 99 6.1 -0.7
"28" "26" 1999-03-30 31.08 "CHH" "" "BOS" "L" -10 0 25.35 0.625 0.625 7.1 7.4 7.2 6.5 0 0 0 25 135 140 9.9 -2.6
"29" "27" 1999-03-31 31.08 "CHH" "" "MIL" "L" -8 0 19.7 0.424 0.444 5.9 18.5 10.7 10.7 0 0 0 22.2 98 122 3.7 -9
"30" "28" 1999-04-02 31.09 "CHH" "" "IND" "L" -6 0 21.0833333333333 0.709 0.722 0 7.1 3.2 0 0 0 9.2 24.8 115 109 8.6 5.3
"31" "29" 1999-04-04 31.09 "CHH" "@" "ATL" "L" -2 1 38.5166666666667 0.875 0.875 0 8.8 4.7 10.9 0 3.9 0 10.1 172 98 13.3 10.7
"32" "30" 1999-04-05 31.1 "CHH" "" "ATL" "L" -6 1 35.3833333333333 0.368 0.3 6.4 8.1 7.1 13.8 0 2.2 8.4 17 81 98 4.9 -3.6
"33" "31" 1999-04-07 31.1 "CHH" "" "NYK" "W" 24 1 31.4833333333333 0.938 0.938 0 13.5 8.6 12.3 0 2.3 20 17.5 131 100 13.5 6
"34" "32" 1999-04-09 31.11 "CHH" "" "WAS" "W" 2 1 33.15 0.182 0.182 3.3 17.7 10.3 20 0 0 15.4 18.6 51 102 -0.7 -12.2
"35" "33" 1999-04-10 31.11 "CHH" "@" "IND" "W" 2 1 35.0333333333333 0.392 0.273 0 15.2 7.5 4.9 0 4.2 0 17.6 86 99 6.3 -3.7
"36" "34" 1999-04-12 31.12 "CHH" "@" "DET" "W" 6 1 31.2666666666667 0.478 0.333 0 13.2 7.5 0 3.4 0 6.4 24.5 99 94 8.2 -2.6
"37" "35" 1999-04-14 31.12 "CHH" "" "DET" "W" 4 1 44.95 0.738 0.75 0 23.4 13.3 6.1 2.7 5 7.2 17.5 119 94 18.7 7.9
"38" "36" 1999-04-16 31.13 "CHH" "@" "MIL" "W" 1 1 38.05 0.545 0.545 11.8 16.6 14 5.9 0 1.9 8.3 14.8 114 108 10.2 -1.5
"39" "37" 1999-04-17 31.13 "CHH" "@" "CLE" "W" 8 1 41.35 0.5 0.5 6.9 6.9 6.9 20.7 1.4 0 5.9 20.7 113 103 11.6 0.2
"40" "38" 1999-04-19 31.13 "CHH" "@" "NJN" "W" 7 1 29.75 0.667 0.667 10 6 7.5 4.4 1.7 0 0 13.6 147 124 11 -0.8
"41" "39" 1999-04-21 31.14 "CHH" "" "DET" "W" 3 1 33.3833333333333 0.369 0.4 3.8 20.8 12.7 6 0 0 7.6 20.5 76 104 2.6 -9.2
"42" "40" 1999-04-23 31.15 "CHH" "@" "NYK" "L" -5 1 32.7333333333333 0.527 0.55 3.8 11.2 7.6 10.5 3.2 0 8.7 15.9 109 122 8 -1.6
"43" "41" 1999-04-24 31.15 "CHH" "" "NJN" "W" 15 1 24.15 0.636 0.636 15 10 12.5 16 0 6 0 21.9 140 94 13.4 8.3
"44" "42" 1999-04-26 31.15 "CHH" "" "NYK" "L" -7 1 23.05 0.436 0.333 4.9 17.9 10.7 0 0 0 12.7 16 87 112 2.4 -8.4
"45" "43" 1999-04-27 31.16 "CHH" "@" "TOR" "W" 10 1 34.3166666666667 0.627 0.545 0 0 0 11.1 1.5 2.2 0 17.8 131 115 12.6 1.4
"46" "44" 1999-04-29 31.16 "CHH" "@" "IND" "L" -5 1 42.7833333333333 0.471 0.471 5.4 13.4 9.8 0 1.2 1.5 5.6 19.3 94 113 9.6 -4
"47" "45" 1999-04-30 31.16 "CHH" "" "CHI" "W" 4 1 31.1666666666667 0.514 0.429 3.9 16.7 10.1 14.8 1.6 0 0 13.7 119 96 9.1 -0.1
"48" "46" 1999-05-02 31.17 "CHH" "@" "MIA" "L" -7 1 40.2166666666667 0.654 0.654 3.2 10.6 6.7 4.7 0 2.1 0 17 129 119 13.3 2.8
"49" "47" 1999-05-04 31.18 "CHH" "" "PHI" "W" 7 1 36.1333333333333 0.504 0.462 6.7 18.4 12.8 14.6 0 0 0 16.6 128 108 11 -3.3
"50" "48" 1999-05-05 31.18 "CHH" "@" "BOS" "W" 4 1 37.5666666666667 0.385 0.385 3.1 18.4 11.4 3.7 0 0 7.1 16.5 82 115 3.8 -9.4
"1" "1" 1999-11-02 31.67 "SAS" "" "PHI" "W" 13 1 19.3666666666667 0.205 0 0 5.3 3 8.1 0 3.2 17 14.2 56 94 -0.5 -7.7
"2" "2" 1999-11-04 31.68 "SAS" "" "GSW" "W" 23 1 22.7833333333333 0.347 0.25 5.4 3.7 4.3 5.5 0 0 14.8 13.1 78 96 0.3 -9.3
"3" "3" 1999-11-05 31.68 "SAS" "@" "HOU" "W" 10 1 13.35 0.436 0.333 0 0 0 26.7 0 0 12.7 27.7 93 101 2.6 -5.1
"4" "4" 1999-11-07 31.69 "SAS" "@" "PHO" "L" -3 1 15.7333333333333 0.571 0.571 0 12.8 6.1 30 0 4.3 0 19.3 126 89 7 13.1
"5" "5" 1999-11-09 31.69 "SAS" "@" "GSW" "W" 29 1 25.4166666666667 0.666 0.6 0 13.5 7.7 9.3 0 0 12.9 12.9 125 93 7.5 -0.6
"6" "6" 1999-11-10 31.7 "SAS" "@" "LAC" "W" 5 1 17.5166666666667 0.6 0.6 0 14.9 6.6 20.5 0 0 0 12.5 135 104 4.9 1.8
"7" "" 1999-11-13 31.7 "SAS" "" "CHH" "W" 16 NA NA NA NA NA NA NA NA NA NA NA NA NA NA NA NA
"8" "7" 1999-11-15 31.71 "SAS" "@" "UTA" "L" -6 1 16.25 0.773 0.667 0 8.1 3.9 0 0 4.7 20.5 15.1 121 109 3.5 1.4
"9" "8" 1999-11-16 31.71 "SAS" "" "IND" "W" 3 1 22.2666666666667 0.25 0.25 0 4.7 2.4 8.1 0 0 20 10.7 49 98 -0.8 -8
"10" "9" 1999-11-18 31.72 "SAS" "@" "MIL" "L" -11 1 16.2833333333333 0.75 0.75 7.5 40.9 25 0 3.3 0 20 14.3 116 97 6.1 5.4
"11" "10" 1999-11-20 31.72 "SAS" "" "DAL" "W" 16 1 22.6666666666667 0.727 0.727 3.9 7.9 5.9 0 2.2 0 0 19.6 148 99 13.4 8.7
"12" "11" 1999-11-22 31.73 "SAS" "@" "PHI" "W" 3 1 19.1 0.17 0 5.2 0 2.5 14.9 0 0 0 13.3 68 108 -0.6 -10.2
"13" "12" 1999-11-24 31.73 "SAS" "@" "BOS" "W" 23 1 29.4333333333333 0.5 0.5 0 10.7 6.1 22.7 0 0 25 12.3 104 112 4.9 -3.2
"14" "13" 1999-11-26 31.74 "SAS" "" "CHI" "W" 23 1 23.1 0.425 0.4 5.5 12.8 9.6 6.2 0 0 25.4 16.8 78 96 0.6 -12.5
"15" "14" 1999-11-27 31.74 "SAS" "" "DEN" "W" 19 1 19.6666666666667 0.333 0.333 18 21.3 19.8 0 0 0 0 20.9 99 104 4.2 -7.3
"16" "15" 1999-11-30 31.75 "SAS" "" "DET" "W" 19 1 26.35 0.556 0.556 0 24.6 14.2 15.5 0 5.4 10 18.1 104 87 8.8 3.5
"17" "16" 1999-12-02 31.76 "SAS" "@" "NJN" "W" 2 1 21.9166666666667 0.429 0.429 6.6 13.6 10.8 23 0 0 12.5 18 100 113 4.2 -2.8
"18" "17" 1999-12-03 31.76 "SAS" "@" "DET" "L" -22 1 24.4833333333333 0.77 0.75 0 13.4 6.9 15.4 2 2.8 19.2 19.6 112 104 9.9 7.3
"19" "18" 1999-12-05 31.76 "SAS" "@" "TOR" "L" -6 1 26.0166666666667 0.714 0.714 0 21.5 10.9 20.7 0 0 30 17.1 96 108 7.3 -0.6
"20" "19" 1999-12-07 31.77 "SAS" "@" "IND" "L" -6 1 28.9 0.375 0.375 0 3.5 1.7 11.8 0 0 11.1 14.5 77 103 1.5 -4.7
"21" "20" 1999-12-09 31.78 "SAS" "" "VAN" "W" 8 1 28.4333333333333 0.317 0.286 0 18.5 10.7 0 2 0 33.7 20.9 45 105 -2.5 -16.1
"22" "21" 1999-12-11 31.78 "SAS" "" "WAS" "L" -10 1 20.35 0.429 0.429 0 5.9 2.9 10.1 0 0 0 16.8 93 120 2.5 -6.3
"23" "22" 1999-12-14 31.79 "SAS" "@" "DAL" "W" 18 1 21.9166666666667 1 1 4.8 0 2.5 6.8 2.2 0 0 11.5 201 98 12.2 11.9
"24" "23" 1999-12-15 31.79 "SAS" "" "HOU" "W" 6 1 16.5 0.381 0.286 0 12.5 6.8 23.2 0 4.3 0 22.2 93 92 4.2 2.1
"25" "24" 1999-12-17 31.8 "SAS" "" "BOS" "W" 9 1 23.4333333333333 0.763 0.6 0 17.4 9.9 26.1 2.1 2.7 26 22 121 96 12.3 9
"26" "25" 1999-12-18 31.8 "SAS" "@" "DEN" "L" -2 1 27.9166666666667 0.429 0.429 0 7 3.8 7.2 1.9 0 0 11.9 89 98 4.6 0.2
"27" "26" 1999-12-21 31.81 "SAS" "" "PHO" "W" 1 1 21.85 0.25 0.25 0 8.9 4.5 0 0 3.4 11.1 17.9 51 97 -1.7 -9.8
"28" "27" 1999-12-23 31.81 "SAS" "" "MIL" "L" -3 1 10.1833333333333 0 0 0 10.7 5.5 14.1 0 0 0 13.6 23 114 -1.9 -16.2
"29" "" 1999-12-25 31.82 "SAS" "@" "LAL" "L" -6 NA NA NA NA NA NA NA NA NA NA NA NA NA NA NA NA
"30" "28" 1999-12-27 31.82 "SAS" "@" "GSW" "W" 22 0 1.71666666666667 NA NA 0 54.5 27.3 0 0 0 NA 0 0 81 0.3 -1.7
"31" "" 1999-12-30 31.83 "SAS" "@" "VAN" "W" 10 NA NA NA NA NA NA NA NA NA NA NA NA NA NA NA NA
"32" "" 2000-01-04 31.85 "SAS" "@" "MIN" "L" -3 NA NA NA NA NA NA NA NA NA NA NA NA NA NA NA NA
"33" "" 2000-01-05 31.85 "SAS" "" "SEA" "L" -3 NA NA NA NA NA NA NA NA NA NA NA NA NA NA NA NA
"34" "29" 2000-01-07 31.85 "SAS" "@" "PHO" "W" 19 0 3.3 NA NA 0 29.6 15.7 0 0 0 NA 0 0 85 -0.1 -8.5
"35" "30" 2000-01-08 31.86 "SAS" "" "ORL" "W" 35 0 16.0833333333333 0.5 0.5 8.1 0 3.8 0 2.9 3.8 10 25.7 102 91 4.5 -5.1
"36" "" 2000-01-10 31.86 "SAS" "" "UTA" "W" 7 NA NA NA NA NA NA NA NA NA NA NA NA NA NA NA NA
"37" "" 2000-01-13 31.87 "SAS" "@" "SAC" "L" -4 NA NA NA NA NA NA NA NA NA NA NA NA NA NA NA NA
"38" "" 2000-01-14 31.87 "SAS" "@" "SEA" "L" -6 NA NA NA NA NA NA NA NA NA NA NA NA NA NA NA NA
"39" "" 2000-01-17 31.88 "SAS" "@" "LAC" "W" 6 NA NA NA NA NA NA NA NA NA NA NA NA NA NA NA NA
"40" "" 2000-01-19 31.89 "SAS" "" "POR" "L" -10 NA NA NA NA NA NA NA NA NA NA NA NA NA NA NA NA
"41" "" 2000-01-22 31.9 "SAS" "" "NYK" "W" 13 NA NA NA NA NA NA NA NA NA NA NA NA NA NA NA NA
"42" "31" 2000-02-09 31.95 "CHH" "" "CLE" "W" 8 0 12.5333333333333 0.2 0.2 18.9 7.4 12.4 45.7 0 0 0 17.3 93 108 3.4 -0.5
"43" "32" 2000-02-15 31.96 "CHH" "@" "PHI" "W" 2 0 15.05 0.5 0.5 13.1 26.1 19.6 11.2 3.5 0 0 11.3 132 96 6.3 6.8
"44" "33" 2000-02-16 31.96 "CHH" "" "LAL" "L" -7 0 18.5166666666667 0.4 0.4 0 16.1 8.6 0 0 6.3 0 12.7 80 99 3.2 0.3
"45" "34" 2000-02-18 31.97 "CHH" "" "LAC" "W" 28 0 15.1833333333333 0.75 0.75 0 32.7 19 25 0 0 33.3 18.1 108 94 4.4 -1.3
"46" "35" 2000-02-20 31.98 "CHH" "" "MIA" "L" -5 0 14.9166666666667 0.2 0.2 8.4 49.8 30.8 0 0 0 0 18.4 54 95 1.7 -7.8
"47" "36" 2000-02-22 31.98 "CHH" "" "HOU" "W" 5 0 22.4166666666667 0.421 0.364 10.9 19.8 15.6 20.3 0 4 0 25.5 116 115 8.9 -1.7
"48" "37" 2000-02-24 31.99 "CHH" "" "SAS" "L" -2 0 22.0166666666667 0.5 0.5 9.7 9.3 9.5 11.3 2.6 0 11.1 20.7 93 86 6.3 3.5
"49" "38" 2000-02-26 31.99 "CHH" "@" "NJN" "L" -11 0 17.1666666666667 0.509 0.5 6.1 19.7 12.7 11.5 3 0 0 17.5 115 107 5.7 1.4
"50" "39" 2000-02-28 32 "CHH" "" "SEA" "L" -3 0 24.6 0.438 0.438 8.2 17.1 12.5 0 0 0 11.1 15.8 89 99 4.2 -2.6
"51" "40" 2000-02-29 32 "CHH" "@" "MIN" "W" 5 0 21.4 1 1 12 11.4 11.7 9.1 2.6 0 40 11.6 110 99 5.6 2.1
"52" "41" 2000-03-02 32.01 "CHH" "@" "ORL" "L" -8 0 19.7166666666667 0.25 0.25 6 17.6 11.9 7 0 0 11.1 20.4 59 116 0.1 -12.6
"53" "42" 2000-03-03 32.01 "CHH" "" "UTA" "L" -2 0 8.78333333333333 0.667 0.667 0 12.4 6.5 0 0 0 0 16.3 126 107 2.2 -2.3
"54" "43" 2000-03-05 32.01 "CHH" "" "CHI" "W" 6 0 10.5833333333333 1 1 0 0 0 0 0 0 50 9.5 73 115 -0.9 -16.5
"55" "44" 2000-03-07 32.02 "CHH" "@" "GSW" "W" 3 0 9.65 0.667 0.667 10.4 0 4.9 0 5.2 0 0 13.5 139 106 4 5
"56" "45" 2000-03-08 32.02 "CHH" "@" "SAC" "L" -13 0 15.8666666666667 0.19 0.143 0 0 0 0 0 0 0 22.5 44 115 -2.7 -18.6
"57" "46" 2000-03-10 32.03 "CHH" "@" "LAC" "W" 17 0 18.55 0.205 0.25 6.2 6.1 6.1 0 0 0 17 14.5 49 114 -1.6 -15.7
"58" "47" 2000-03-15 32.04 "CHH" "" "CHI" "W" 3 0 13.1333333333333 0.515 0.333 0 0 0 15.8 0 0 0 14.8 116 97 1 -7.1
"59" "48" 2000-03-17 32.05 "CHH" "" "NYK" "L" -19 0 15.9666666666667 0.5 0.5 0 18.2 8.3 0 3.2 0 0 5.7 103 125 1.4 -6.7
"60" "49" 2000-03-18 32.05 "CHH" "@" "IND" "L" -14 0 8.58333333333333 NA NA 0 0 0 0 0 0 NA 0 0 125 0 -7
"61" "50" 2000-03-20 32.05 "CHH" "" "PHI" "L" -6 0 2.11666666666667 NA NA 0 0 0 0 0 0 NA 0 0 120 0 -6.2
"62" "51" 2000-03-22 32.06 "CHH" "" "NJN" "W" 16 0 8.18333333333333 0.425 0.4 18.8 13.3 15.6 17.6 0 0 14.5 39.4 90 117 1.8 -18.6
"63" "52" 2000-03-24 32.07 "CHH" "@" "TOR" "W" 18 0 3.43333333333333 0.5 0.5 0 68.1 38.1 0 0 0 0 32.4 101 83 1.6 -3.2
"64" "53" 2000-03-25 32.07 "CHH" "@" "ATL" "W" 16 0 20.5 0.333 0.333 0 8.6 4.7 0 0 2.9 0 19.7 75 84 0.6 -8.8
"65" "54" 2000-03-29 32.08 "CHH" "@" "DET" "W" 7 0 4.61666666666667 0.333 0.333 0 0 0 0 0 0 0 29.1 65 105 -0.1 -16.4
"66" "55" 2000-03-31 32.08 "CHH" "" "TOR" "W" 9 1 35.1833333333333 0.556 0.556 8.2 22.1 16 9.6 0 2 25 17.1 89 104 7.1 -4.1
"67" "56" 2000-04-01 32.09 "CHH" "@" "CHI" "W" 3 1 37.9666666666667 0.506 0.5 5.9 3.8 5 14.8 2.8 1.9 8.4 14.8 106 97 9.5 0.6
"68" "57" 2000-04-04 32.1 "CHH" "" "BOS" "W" 7 0 5.41666666666667 0 0 0 20 11.8 43.2 8 0 0 7.5 88 95 2 14.1
"69" "" 2000-04-06 32.1 "CHH" "@" "MIA" "L" -6 NA NA NA NA NA NA NA NA NA NA NA NA NA NA NA NA
"70" "58" 2000-04-07 32.1 "CHH" "" "DET" "L" -15 0 23.2833333333333 0.635 0.714 8.2 23.2 15.2 10.7 4.5 3.7 27.6 20.6 84 95 8.4 2.5
"71" "59" 2000-04-09 32.11 "CHH" "" "IND" "W" 16 0 9.83333333333333 0.266 0 0 9.2 5.1 0 0 0 0 9.1 61 96 -0.6 -11
"72" "" 2000-04-10 32.11 "CHH" "@" "WAS" "W" 2 NA NA NA NA NA NA NA NA NA NA NA NA NA NA NA NA
"73" "60" 2000-04-12 32.12 "CHH" "" "ATL" "W" 32 0 7.86666666666667 0.667 0.667 0 29.3 16.4 0 0 0 0 16.4 133 94 3.3 -0.1
"74" "61" 2000-04-14 32.12 "CHH" "@" "MIL" "W" 3 0 4.61666666666667 0 0 0 45.1 23.3 0 10.8 0 0 19.5 0 80 -0.6 -18.2
"75" "62" 2000-04-16 32.13 "CHH" "@" "BOS" "W" 3 0 21.5666666666667 0.581 0.556 0 0 0 0 0 0 0 21.2 118 112 4.9 -5.9
"76" "63" 2000-04-18 32.13 "CHH" "@" "CLE" "W" 15 0 3.18333333333333 0 0 0 0 0 0 0 18 0 15.2 0 94 -0.8 -16.9
"77" "" 2000-04-19 32.14 "CHH" "" "MIA" "W" 10 NA NA NA NA NA NA NA NA NA NA NA NA NA NA NA NA
"1" "1" 2001-01-13 32.87 "GSW" "@" "ORL" "L" -17 0 3.88333333333333 1 1 0 0 0 0 0 0 0 11.1 200 120 1.3 0.3
"2" "2" 2001-01-15 32.88 "GSW" "" "CLE" "L" -6 0 8.4 0.521 0.5 0 0 0 0 5.7 0 0 14.4 110 110 2.6 -0.2
"3" "3" 2001-01-18 32.89 "GSW" "" "HOU" "L" -8 0 14.2166666666667 0.541 0.571 7.3 0 4.1 12.6 3.6 0 0 25.4 117 119 6.9 4.2
"4" "" 2001-01-19 32.89 "GSW" "@" "PHO" "W" 8 NA NA NA NA NA NA NA NA NA NA NA NA NA NA NA NA
"5" "4" 2001-01-21 32.9 "GSW" "" "BOS" "W" 3 0 11.7833333333333 1.136 NA 0 54.5 28.6 12.9 0 0 53.2 6.7 122 87 1.9 -4.9
"6" "5" 2001-01-23 32.9 "GSW" "@" "UTA" "L" -22 0 12.8666666666667 0 0 0 35.7 12.3 0 3.8 0 0 19.5 0 99 -2.3 -16.3
"7" "6" 2001-01-24 32.9 "GSW" "" "NJN" "W" 22 0 22.15 0.752 0.75 9.9 28.5 19.4 20.2 0 3.3 15.8 11.7 144 88 9.4 5.3
"8" "7" 2001-01-29 32.92 "CLE" "@" "WAS" "L" -6 0 2.35 0 NA 0 0 0 0 0 0 53.2 39.5 0 112 -1.8 -40.6
"9" "8" 2001-01-30 32.92 "CLE" "" "LAL" "L" -6 0 9.15 0.5 0.5 0 13.3 6.4 0 6.1 16.4 0 9.9 118 105 3.3 10.7
"10" "" 2001-02-01 32.93 "CLE" "" "MIN" "L" -9 NA NA NA NA NA NA NA NA NA NA NA NA NA NA NA NA
"11" "9" 2001-02-03 32.93 "CLE" "" "DET" "L" -7 0 14.4833333333333 0.5 0.5 0 7.4 3.8 16.7 4 4.6 25 26.1 78 90 2.9 2.8
"12" "10" 2001-02-04 32.93 "CLE" "@" "BOS" "L" -21 0 18.65 0.381 0.286 6 11 8.6 0 0 0 20.2 23.7 70 119 1.2 -13.2
"13" "11" 2001-02-07 32.94 "CLE" "" "SAS" "L" -18 0 38.2 0.667 0.667 3.5 18 10.7 4.4 0 2.1 10 12.7 119 123 9.9 -0.1
"14" "12" 2001-02-13 32.96 "CLE" "" "TOR" "L" -15 1 28.2333333333333 0.333 0.333 0 14.9 8.6 14.9 0 0 0 10.1 86 126 2.3 -7.2
"15" "13" 2001-02-15 32.96 "CLE" "@" "DAL" "L" -21 1 23.5166666666667 0.465 0.333 4.7 10.2 7.4 0 0 2.9 0 21.6 107 115 6.5 -1.6
"16" "14" 2001-02-17 32.97 "CLE" "@" "HOU" "L" -12 0 6.31666666666667 NA NA 0 19.5 10 0 0 0 NA 0 0 111 -0.5 -12.9
"17" "" 2001-02-19 32.98 "CLE" "" "CHI" "W" 1 NA NA NA NA NA NA NA NA NA NA NA NA NA NA NA NA
"18" "15" 2001-02-21 32.98 "CLE" "" "LAC" "L" -6 0 15.0666666666667 0.521 0.5 0 14.9 7.4 0 7.1 0 0 8.8 109 99 3.4 1.3
"19" "16" 2001-02-23 32.99 "CLE" "" "IND" "L" -2 0 9.66666666666667 0.266 0 0 22.3 11.9 0 0 0 0 9.3 61 109 0.5 -7.7
"20" "17" 2001-03-20 33.05 "CLE" "" "NYK" "L" -35 0 21.1666666666667 0.361 0.286 0 7.6 3.1 0 0 0 0 18 80 125 0.6 -11
"21" "18" 2001-03-22 33.06 "CLE" "" "VAN" "W" 14 0 10.7 0.5 0.5 0 11.8 5.7 0 0 0 0 16.5 110 114 1.9 -7.5
"22" "" 2001-03-24 33.06 "CLE" "" "DEN" "W" 12 NA NA NA NA NA NA NA NA NA NA NA NA NA NA NA NA
"23" "19" 2001-03-26 33.07 "CLE" "@" "SEA" "L" -18 0 8.9 0.5 0.5 12.7 0 7.5 0 0 0 0 20.3 107 119 2.3 -3
"24" "20" 2001-03-28 33.07 "CLE" "@" "PHO" "L" -9 0 7.71666666666667 1.136 NA 0 13 7 0 0 0 0 4.8 250 116 1.5 -2
"25" "21" 2001-03-30 33.08 "CLE" "@" "UTA" "L" -7 0 9 0.546 0.5 13.3 13.3 13.3 0 5.6 8.3 0 36.1 117 89 6.9 15.6
"26" "22" 2001-03-31 33.08 "CLE" "@" "LAC" "L" -7 0 13.2666666666667 0.595 0.6 0 18.9 9.3 15.4 0 0 0 21.2 129 121 5.2 3.7
"27" "" 2001-04-04 33.09 "CLE" "" "TOR" "L" -3 NA NA NA NA NA NA NA NA NA NA NA NA NA NA NA NA
"28" "23" 2001-04-06 33.1 "CLE" "@" "PHI" "L" -8 0 5.46666666666667 0 0 0 0 0 0 0 0 0 9.5 0 126 -0.7 -16.8
"29" "" 2001-04-07 33.1 "CLE" "" "PHO" "L" -4 NA NA NA NA NA NA NA NA NA NA NA NA NA NA NA NA
"30" "24" 2001-04-10 33.11 "CLE" "" "ORL" "W" 23 0 2.6 0.266 0 0 0 0 0 0 0 0 28 67 104 -0.1 -21.3
"31" "" 2001-04-11 33.11 "CLE" "@" "ATL" "L" -5 NA NA NA NA NA NA NA NA NA NA NA NA NA NA NA NA
"32" "25" 2001-04-13 33.12 "CLE" "@" "NJN" "W" 6 0 17.5166666666667 0.25 0.25 0 22.9 11.8 0 3.1 0 0 10.6 66 97 0.7 -6
"33" "" 2001-04-15 33.12 "CLE" "@" "WAS" "W" 8 NA NA NA NA NA NA NA NA NA NA NA NA NA NA NA NA
"34" "" 2001-04-16 33.13 "CLE" "" "NYK" "W" 2 NA NA NA NA NA NA NA NA NA NA NA NA NA NA NA NA
"35" "26" 2001-04-18 33.13 "CLE" "" "IND" "L" -4 0 4.65 0 0 0 45.1 20.6 0 0 0 0 8.8 0 99 -0.9 -20.8
"1" "1" 2002-02-26 33.99 "SAC" "" "UTA" "W" 26 0 5.08333333333333 0.5 0.5 19.2 25.3 21.8 33.8 9.5 0 0 16.2 134 66 3.3 17.9
"2" "2" 2002-03-01 34 "SAC" "@" "GSW" "W" 8 0 2.16666666666667 NA NA 0 0 0 0 0 0 NA 0 0 119 0 -5.9
"3" "" 2002-03-03 34.01 "SAC" "" "IND" "L" -11 NA NA NA NA NA NA NA NA NA NA NA NA NA NA NA NA
"4" "3" 2002-03-04 34.01 "SAC" "@" "POR" "L" -12 0 1.31666666666667 NA NA 0 0 0 0 0 0 NA 0 0 132 0 -3.3
"5" "" 2002-03-08 34.02 "SAC" "" "CHH" "W" 12 NA NA NA NA NA NA NA NA NA NA NA NA NA NA NA NA
"6" "4" 2002-03-10 34.02 "SAC" "@" "MIL" "W" 25 0 2.55 NA NA 0 0 0 0 0 0 NA 0 0 93 0 -5.5
"7" "" 2002-03-11 34.03 "SAC" "@" "CHI" "W" 4 NA NA NA NA NA NA NA NA NA NA NA NA NA NA NA NA
"8" "" 2002-03-13 34.03 "SAC" "@" "PHI" "W" 4 NA NA NA NA NA NA NA NA NA NA NA NA NA NA NA NA
"9" "5" 2002-03-14 34.04 "SAC" "@" "NYK" "L" -17 0 2.71666666666667 1 1 0 0 0 0 0 0 0 14.2 200 129 1.7 11
"10" "" 2002-03-17 34.04 "SAC" "@" "TOR" "W" 3 NA NA NA NA NA NA NA NA NA NA NA NA NA NA NA NA
"11" "6" 2002-03-19 34.05 "SAC" "" "HOU" "W" 23 0 3.15 0.5 0.5 0 0 0 0 0 0 33.3 44 58 102 -0.4 -26.8
"12" "7" 2002-03-21 34.05 "SAC" "" "DEN" "W" 36 0 9.33333333333333 1 1 0 36.8 23.2 14.2 0 20.3 0 5.1 205 65 5.3 18.9
"13" "" 2002-03-24 34.06 "SAC" "" "LAL" "L" -1 NA NA NA NA NA NA NA NA NA NA NA NA NA NA NA NA
"14" "8" 2002-03-26 34.07 "SAC" "" "LAC" "W" 17 0 6.65 0 0 15.2 0 8.1 15.6 0 0 0 12.3 62 110 -0.4 -11.9
"15" "9" 2002-03-28 34.07 "SAC" "@" "HOU" "W" 27 0 6.16666666666667 0.667 0.667 0 13.8 7.4 0 0 11.3 0 21.3 136 80 3.7 12.1
"16" "10" 2002-03-29 34.08 "SAC" "@" "CHH" "W" 5 0 2.46666666666667 NA NA 47.1 32 38.1 0 0 0 NA 0 211 93 1 7.2
"17" "" 2002-03-31 34.08 "SAC" "@" "ATL" "W" 1 NA NA NA NA NA NA NA NA NA NA NA NA NA NA NA NA
"18" "11" 2002-04-02 34.09 "SAC" "@" "MEM" "W" 24 0 6.98333333333333 0 0 14 37.4 26.4 0 0 0 33.3 18 24 82 -0.8 -17.1
"19" "12" 2002-04-03 34.09 "SAC" "@" "DET" "W" 21 0 2.16666666666667 NA NA 0 53.3 30.8 55.8 0 0 NA 0 202 84 0.6 14.5
"20" "" 2002-04-05 34.1 "SAC" "@" "UTA" "W" 8 NA NA NA NA NA NA NA NA NA NA NA NA NA NA NA NA
"21" "13" 2002-04-07 34.1 "SAC" "" "NYK" "W" 34 0 8.13333333333333 0.387 0.333 0 0 0 0 0 0 0 20.4 87 96 0.5 -11.3
"22" "14" 2002-04-09 34.11 "SAC" "" "MIN" "W" 19 0 2.25 0 0 57.1 55.8 56.5 48 0 0 50 43.6 59 100 -0.4 -24.4
"23" "" 2002-04-10 34.11 "SAC" "@" "GSW" "W" 2 NA NA NA NA NA NA NA NA NA NA NA NA NA NA NA NA
"24" "15" 2002-04-12 34.12 "SAC" "@" "LAC" "W" 19 0 2.05 NA NA 75 77.4 76.2 0 0 0 NA 0 211 110 0.6 -2.4
"25" "16" 2002-04-14 34.12 "SAC" "" "DAL" "L" -13 0 1.86666666666667 0 0 0 53.3 26.4 0 0 0 0 21.9 0 109 -0.4 -23.5
"26" "17" 2002-04-16 34.13 "SAC" "" "GSW" "W" 14 0 5.3 0 0 0 61.3 33.1 19.6 9.5 0 50 32.5 15 79 -1.2 -18.9
"27" "18" 2002-04-17 34.13 "SAC" "@" "LAL" "L" -14 0 21.6333333333333 0.429 0.429 19.4 25.2 22.5 0 0 0 0 14 112 110 5.7 -3.2
