"Rk" "G" "Date" "Age" "Tm" "H/A" "Opp" "W/L" "By Amt" "GS" "MP" "TS%" "eFG%" "ORB%" "DRB%" "TRB%" "AST%" "STL%" "BLK%" "TOV%" "USG%" "ORtg" "DRtg" "GmSc" "BPM"
"1" "1" 2000-01-06 23.31 "DAL" "" "UTA" "L" -13 0 5.85 NA NA 0 0 0 0 0 0 100 7.4 0 116 -2.2 -23.8
"2" "2" 2000-01-08 23.31 "DAL" "" "ATL" "W" 10 0 20.9 0 0 5.1 7.6 6.5 7.1 2.5 8.3 0 4.5 57 88 2.5 1.1
"3" "3" 2000-01-10 23.32 "DAL" "@" "POR" "L" -13 0 16.8166666666667 0.347 0.5 6.6 0 3.5 8.3 6.6 4.7 0 8.3 97 117 2.7 -0.3
"4" "4" 2000-01-11 23.32 "DAL" "@" "GSW" "W" 7 0 17.9666666666667 0.625 0.625 6.5 22.7 15.2 16.3 5.9 3.8 20 12.6 117 98 5.6 2.7
"5" "5" 2000-01-15 23.33 "DAL" "" "POR" "W" 8 0 19.45 0.317 0.286 21.8 11.2 16.6 19.4 5.4 3.9 0 17.4 115 109 6.7 1.9
"6" "6" 2000-01-17 23.34 "DAL" "" "HOU" "L" -10 0 18.3333333333333 0.388 0.333 15.4 12.4 14 7.5 0 4.7 0 14.4 110 116 3.7 -5.2
"7" "7" 2000-01-19 23.34 "DAL" "@" "WAS" "W" 18 0 26.3333333333333 0.667 0.667 7.9 0 4 18.8 4.1 0 0 5.1 169 100 7.3 3.9
"8" "8" 2000-01-22 23.35 "DAL" "@" "NJN" "L" -3 0 23.7833333333333 0.5 0.5 0 8.9 4.7 0 0 0 0 3.8 101 109 -0.4 -8.4
"9" "9" 2000-01-23 23.35 "DAL" "@" "DET" "W" 8 0 19.6666666666667 0.602 0.75 0 30 15.8 7.8 7.4 0 13.1 16.9 100 77 8.1 7
"10" "10" 2000-01-25 23.36 "DAL" "" "GSW" "W" 14 0 23.3666666666667 0.291 0.333 0 16.1 8.6 10.5 4.2 4.9 0 6.2 89 94 3.9 1.5
"11" "11" 2000-01-27 23.36 "DAL" "" "LAC" "W" 9 0 23.55 0.75 0.75 4.9 9.3 7.1 5.7 0 0 20 9.2 121 99 4.2 -2.1
"12" "12" 2000-01-29 23.37 "DAL" "" "DEN" "W" 11 0 16.3 0.6 0.6 0 23.1 12.6 0 3.1 0 16.7 16.5 96 90 3.3 -4.5
"13" "13" 2000-02-01 23.38 "DAL" "" "PHI" "L" -1 0 23.7833333333333 0.45 0.5 10.9 15.8 12.9 29.4 4 0 31.1 11.4 98 100 6.5 0
"14" "14" 2000-02-03 23.38 "DAL" "" "CHH" "W" 10 0 23.2166666666667 0.595 0.6 0 7.9 4.7 6.2 0 0 0 11.8 122 105 4 -1.6
"15" "15" 2000-02-05 23.39 "DAL" "@" "LAC" "W" 13 0 21.4833333333333 0.51 0.4 0 0 0 12.2 2.1 0 0 11.8 116 108 4.9 -2.9
"16" "16" 2000-02-06 23.39 "DAL" "@" "VAN" "W" 4 0 24.0666666666667 0 0 4.9 8.5 6.8 0 2.2 0 0 3.9 35 102 -0.3 -8.9
"17" "17" 2000-02-09 23.4 "DAL" "" "SEA" "L" -11 0 4.73333333333333 NA NA 0 20.4 10.7 21.3 9.5 0 100 8.6 43 95 0.6 2.9
"18" "" 2000-02-15 23.42 "DAL" "" "MIL" "L" -13 NA NA NA NA NA NA NA NA NA NA NA NA NA NA NA NA
"19" "18" 2000-02-17 23.42 "DAL" "" "DET" "W" 9 0 9.63333333333333 0.5 0.5 10.7 0 5.4 0 0 0 0 8.6 124 112 0.5 -9.1
"20" "19" 2000-02-20 23.43 "DAL" "@" "TOR" "W" 4 0 13.9333333333333 1 1 0 8.4 4.3 12.8 0 0 0 10.2 202 113 4.9 3.4
"21" "20" 2000-02-21 23.43 "DAL" "@" "IND" "L" -1 0 17.6666666666667 0.5 0.5 5.9 21.6 13 7.9 0 0 0 9.8 119 104 3.5 -1.8
"22" "" 2000-02-24 23.44 "DAL" "" "UTA" "L" -7 NA NA NA NA NA NA NA NA NA NA NA NA NA NA NA NA
"23" "21" 2000-02-26 23.45 "DAL" "" "DEN" "W" 2 0 0.116666666666667 NA NA 0 0 0 0 0 0 NA 0 0 111 0 -6.2
"24" "22" 2000-02-28 23.45 "DAL" "@" "BOS" "W" 8 0 8.76666666666667 0.532 0 26 0 12.3 0 0 0 34.7 13.5 104 112 1.3 -7.3
"25" "23" 2000-02-29 23.45 "DAL" "@" "PHI" "L" -19 0 19.45 0.739 0.714 0 9 3.3 0 2.6 0 0 17 144 109 8.2 8
"26" "24" 2000-03-02 23.46 "DAL" "" "NJN" "L" -1 0 0.95 NA NA 0 0 0 0 0 0 NA 0 0 120 0 -8.4
"27" "25" 2000-03-04 23.47 "DAL" "@" "PHO" "L" -14 0 13.4833333333333 0.75 0.75 0 16.8 7.9 0 3.9 0 33.3 9.9 89 112 2.2 0.1
"28" "26" 2000-03-06 23.47 "DAL" "@" "SAC" "L" -21 0 22.4333333333333 0.25 0.25 0 24.2 12.1 5.6 6.5 0 33.3 11.5 44 114 2 -5.9
"29" "27" 2000-03-07 23.47 "DAL" "@" "SEA" "L" -15 0 6.36666666666667 0 0 0 18.6 8.7 24.2 0 0 50 14.1 22 103 -1.9 -19.9
"30" "28" 2000-03-09 23.48 "DAL" "" "MIN" "L" -21 0 23.95 0.81 0.833 0 17.6 7.8 0 2.4 0 0 8.9 171 117 6 4.2
"31" "29" 2000-03-11 23.48 "DAL" "" "PHO" "W" 5 0 8.46666666666667 NA NA 0 24.5 12.6 0 0 19 100 5.4 0 86 -0.2 -3.3
"32" "30" 2000-03-14 23.49 "DAL" "" "IND" "W" 21 0 23.5333333333333 0.563 0.5 21.7 21.4 21.6 0 0 0 18.4 19 111 90 8.9 -1.8
"33" "31" 2000-03-16 23.5 "DAL" "@" "SAS" "W" 22 0 20.7166666666667 0.333 0.333 12.7 23.4 18.3 11.8 0 0 25 9.4 101 102 1.3 -6.4
"34" "32" 2000-03-18 23.5 "DAL" "" "BOS" "L" -5 1 32.55 0.97 0.958 3.4 10.5 6.9 12.2 1.6 0 7.2 19.6 173 115 22 17.2
"35" "33" 2000-03-19 23.51 "DAL" "@" "ATL" "W" 4 0 28.05 0.307 0.25 3.4 11.8 7.9 10.6 0 0 17 10.6 75 103 1.3 -9.7
"36" "34" 2000-03-21 23.51 "DAL" "" "SAS" "W" 1 0 20.7833333333333 0.432 0.385 5.3 15.8 9.5 24 0 0 12.6 35.9 91 115 5.1 -3.6
"37" "35" 2000-03-23 23.52 "DAL" "" "CLE" "L" -6 0 26.4 0.291 0.333 6.6 9.2 7.7 28.6 0 0 30.4 15.7 68 112 0.7 -6.2
"38" "36" 2000-03-25 23.52 "DAL" "" "WAS" "L" -7 0 30.2833333333333 0.276 0.2 10.7 3.7 7.3 10.7 0 2.5 8.4 19.6 78 118 1.3 -10.3
"39" "37" 2000-03-27 23.53 "DAL" "@" "UTA" "W" 8 0 14.1666666666667 0.291 0.167 11.8 8 9.5 0 3.9 0 12.7 27.9 67 115 0.4 -17.1
"40" "38" 2000-03-28 23.53 "DAL" "@" "LAC" "W" 10 0 25.7666666666667 0.679 0.556 15 27 21.3 11.6 2.1 0 7.4 24.7 148 113 16 4.3
"41" "39" 2000-03-30 23.54 "DAL" "@" "POR" "L" -11 0 21.0833333333333 0.545 0.545 12 7.4 9.9 0 2.7 3.7 0 25.2 121 114 9.7 7
"42" "40" 2000-04-02 23.55 "DAL" "@" "VAN" "W" 14 0 28.8333333333333 0.556 0.556 0 19.9 11 23 3.5 0 30.8 20.3 83 86 6.3 -1.3
"43" "41" 2000-04-04 23.55 "DAL" "" "SAC" "W" 3 0 15.6333333333333 0.286 0.286 0 27.8 16.2 0 0 3.9 22.2 28.4 43 103 -1.8 -22.7
"44" "42" 2000-04-06 23.56 "DAL" "@" "DEN" "W" 1 0 11.6166666666667 0.129 0 10 11.6 10.8 10 0 0 20.5 19.2 50 126 -1.2 -18.5
"45" "43" 2000-04-08 23.56 "DAL" "" "LAC" "W" 2 0 33.3333333333333 0.54 0.538 8.4 12.9 10.5 6.1 4.9 2.2 6.7 20.1 111 101 13 1.7
"46" "44" 2000-04-11 23.57 "DAL" "" "POR" "W" 11 0 11.6333333333333 0.333 0.333 9.8 0 4.2 0 0 0 0 12.9 89 111 0.2 -11.7
"47" "45" 2000-04-13 23.58 "DAL" "@" "HOU" "L" -9 0 27.6166666666667 0.381 0.286 11.9 29.6 19.8 5.3 0 2.8 11.3 15 95 120 4.6 -7.6
"48" "46" 2000-04-14 23.58 "DAL" "" "SEA" "W" 14 0 27.9833333333333 0.623 0.545 3.9 25.4 15.7 4.4 0 2.3 0 20 151 102 14.2 3.5
"49" "47" 2000-04-16 23.58 "DAL" "" "VAN" "W" 8 0 20.9 0.785 0.8 18.7 4.9 11.9 0 4.9 6.1 0 16.4 172 105 14.6 14
"50" "" 2000-04-18 23.59 "DAL" "" "LAL" "W" 10 NA NA NA NA NA NA NA NA NA NA NA NA NA NA NA NA
"51" "48" 2000-04-19 23.59 "DAL" "@" "MIN" "W" 6 0 26.9 0.875 0.875 5.4 15.5 11.3 0 2 2.2 0 14.2 175 116 14 5.6
"1" "1" 2000-10-31 24.12 "DAL" "" "MIL" "W" 4 0 27.25 0.363 0.286 26.3 10.9 19 0 1.9 0 0 14.7 112 102 7.6 -1.5
"2" "2" 2000-11-02 24.13 "DAL" "" "IND" "W" 6 0 29.65 0.781 0.714 0 26.7 13.3 17.8 1.8 0 0 13.7 167 98 13.4 9.1
"3" "" 2000-11-04 24.13 "DAL" "" "UTA" "L" -6 NA NA NA NA NA NA NA NA NA NA NA NA NA NA NA NA
"4" "" 2000-11-06 24.14 "DAL" "@" "DEN" "W" 12 NA NA NA NA NA NA NA NA NA NA NA NA NA NA NA NA
"5" "" 2000-11-08 24.15 "DAL" "" "VAN" "L" -27 NA NA NA NA NA NA NA NA NA NA NA NA NA NA NA NA
"6" "3" 2000-11-10 24.15 "DAL" "" "SAS" "W" 2 0 15.9333333333333 0.255 0.2 17 36 26.2 0 0 0 0 17.1 79 81 2.2 -5.6
"7" "4" 2000-11-12 24.16 "DAL" "@" "SAC" "L" -25 0 20.0666666666667 0.556 0.556 9.6 7.3 8.7 10 2.6 4.4 10 22.9 106 114 8.4 6.4
"8" "5" 2000-11-13 24.16 "DAL" "@" "LAC" "W" 14 1 32.5333333333333 0.508 0.429 10 6.5 8.2 5.7 0 0 11.3 13.3 111 93 4.3 -3.8
"9" "6" 2000-11-15 24.16 "DAL" "@" "PHO" "L" -21 1 34.2 0.338 0.25 10.3 26.7 18.1 10.8 4.4 0 10.1 13.1 83 94 8 2.6
"10" "7" 2000-11-17 24.17 "DAL" "@" "SEA" "W" 4 1 31.4333333333333 0.457 0.429 7.6 11.7 9.9 8.5 3.3 2.5 25.5 17 84 101 5.2 -3.3
"11" "" 2000-11-18 24.17 "DAL" "@" "VAN" "W" 3 NA NA NA NA NA NA NA NA NA NA NA NA NA NA NA NA
"12" "" 2000-11-20 24.18 "DAL" "@" "UTA" "W" 9 NA NA NA NA NA NA NA NA NA NA NA NA NA NA NA NA
"13" "" 2000-11-21 24.18 "DAL" "" "SEA" "L" -6 NA NA NA NA NA NA NA NA NA NA NA NA NA NA NA NA
"14" "" 2000-11-25 24.19 "DAL" "" "DEN" "W" 24 NA NA NA NA NA NA NA NA NA NA NA NA NA NA NA NA
"15" "" 2000-11-28 24.2 "DAL" "" "TOR" "W" 14 NA NA NA NA NA NA NA NA NA NA NA NA NA NA NA NA
"16" "" 2000-11-30 24.21 "DAL" "@" "POR" "L" -11 NA NA NA NA NA NA NA NA NA NA NA NA NA NA NA NA
"17" "" 2000-12-02 24.21 "DAL" "@" "GSW" "W" 19 NA NA NA NA NA NA NA NA NA NA NA NA NA NA NA NA
"18" "8" 2000-12-03 24.21 "DAL" "@" "LAL" "L" -2 0 24.2166666666667 0.581 0.5 10.3 0 4.8 5.4 0 0 22.5 17.4 103 116 2.7 -6.9
"19" "9" 2000-12-05 24.22 "DAL" "@" "HOU" "L" -7 0 28.9666666666667 0.375 0.375 13.1 4.6 8.9 0 0 0 0 12.8 101 129 2.4 -7.3
"20" "10" 2000-12-06 24.22 "DAL" "" "NYK" "W" 9 0 16.7333333333333 0.543 0 0 5.5 3.5 0 0 0 26.6 11.5 87 106 -0.8 -9.9
"21" "11" 2001-01-25 24.36 "DAL" "" "VAN" "W" 37 0 13.0833333333333 0.26 0 9.2 16.4 13 0 8.5 0 0 20.1 81 81 2.3 -6.5
"22" "12" 2001-01-27 24.36 "DAL" "@" "DEN" "L" -2 0 12.05 0.41 0.25 10.3 19 14.8 0 0 0 17 23 81 116 1.9 -10.7
"23" "13" 2001-02-01 24.38 "DAL" "" "MIA" "W" 4 0 25.3666666666667 0.41 0.25 8.7 17.3 13 16.8 0 3.3 17 11.7 102 100 4 -1.2
"24" "14" 2001-02-03 24.38 "DAL" "" "GSW" "W" 6 0 19.4833333333333 0.475 0.4 11.4 16 13.8 14.5 2.5 0 32.2 20.9 83 98 3 -6.7
"25" "15" 2001-02-05 24.39 "DAL" "@" "ATL" "W" 10 0 16.7666666666667 0.709 0.75 6.7 16.3 12 0 3.1 3.7 11.4 25.4 123 85 9.1 9.4
"26" "16" 2001-02-07 24.39 "DAL" "@" "NYK" "L" -3 1 46.1166666666667 0.475 0.3 5.6 12.6 8.9 11.4 7.6 2 19.2 18.2 92 87 13 4.9
"27" "17" 2001-02-13 24.41 "DAL" "@" "SAS" "L" -12 0 27.1833333333333 0.129 0 15.1 0 8.7 15.2 1.9 0 20.5 8.1 81 117 1.4 -4.6
"28" "18" 2001-02-15 24.42 "DAL" "" "CLE" "W" 21 0 21.5833333333333 0.619 0.625 21.3 19.8 20.5 13.6 0 0 0 17.8 149 93 11.2 8.3
"29" "19" 2001-02-17 24.42 "DAL" "" "WAS" "W" 7 0 27.05 0.777 0.75 9.6 19.8 15.2 10.6 2 0 0 12 173 112 12.7 6.6
"30" "20" 2001-02-20 24.43 "DAL" "" "LAL" "L" -10 0 20.65 0.266 0 0 16.7 7.9 16.7 2.4 3.3 0 4.1 112 121 2.6 0.1
"31" "21" 2001-02-22 24.44 "DAL" "" "BOS" "W" 7 1 31.9166666666667 0.615 0.6 7.5 16.7 12.4 9.7 5 0 7.6 19.2 124 95 14.3 6.1
"32" "22" 2001-02-24 24.44 "DAL" "" "SAS" "L" -3 1 18.6833333333333 0.4 0.4 5.9 19.9 12.5 0 0 4.4 0 12.6 98 122 2.8 -5.4
"33" "23" 2001-02-26 24.45 "DAL" "@" "LAC" "W" 11 1 32.85 0.588 0.5 0 27.5 14.3 4.5 3.4 0 8.9 16.5 115 101 10.6 1.8
"34" "24" 2001-02-27 24.45 "DAL" "@" "VAN" "W" 4 1 26.9 0.625 0.625 0 6.3 3 4.8 1.9 0 0 14.3 124 121 7.2 -3.2
"35" "25" 2001-03-03 24.46 "DAL" "" "HOU" "W" 5 1 17.4333333333333 0 0 13.8 6.1 9.7 14.1 0 0 20 13.6 48 109 -0.7 -10.5
"36" "" 2001-03-05 24.47 "DAL" "@" "ORL" "L" -14 NA NA NA NA NA NA NA NA NA NA NA NA NA NA NA NA
"37" "" 2001-03-07 24.47 "DAL" "@" "MIA" "W" 7 NA NA NA NA NA NA NA NA NA NA NA NA NA NA NA NA
"38" "" 2001-03-09 24.48 "DAL" "" "GSW" "W" 29 NA NA NA NA NA NA NA NA NA NA NA NA NA NA NA NA
"39" "26" 2001-03-11 24.48 "DAL" "" "LAC" "W" 18 0 23.7666666666667 0.556 0.556 5 9.5 7.3 5.7 0 0 0 16.6 118 106 6.9 -3.2
"40" "27" 2001-03-13 24.49 "DAL" "" "NJN" "W" 24 0 20.0833333333333 0.2 0.2 11.4 10.9 11.2 0 2.4 0 16.7 12.8 61 98 0.1 -10.7
"41" "28" 2001-03-15 24.49 "DAL" "" "MIN" "W" 20 0 17.0666666666667 0.515 0.333 7.2 0 2.9 0 0 0 0 10.6 125 100 1.8 -4.2
"42" "29" 2001-03-17 24.5 "DAL" "" "PHO" "W" 10 0 19.2666666666667 0.773 0.833 10.8 11.2 11 14.9 0 3.6 0 9 174 110 6.4 6.8
"43" "30" 2001-03-20 24.51 "DAL" "" "POR" "L" -8 0 22.3 0.709 0.667 4.3 0 2.5 9 0 0 0 16.4 151 116 8.6 4.6
"44" "31" 2001-03-21 24.51 "DAL" "@" "MIN" "L" -12 0 12.9833333333333 0.174 0 0 0 0 0 8 0 41 16.6 22 110 -2 -14.7
"45" "32" 2001-03-24 24.52 "DAL" "" "CHH" "W" 3 0 16.7833333333333 NA NA 0 5.3 2.9 32.3 0 4.3 NA 0 220 108 2.2 5
"46" "33" 2001-03-26 24.52 "DAL" "@" "UTA" "W" 8 0 12.2833333333333 0.436 0.333 0 14.5 7.9 28.6 4.4 0 0 13.1 110 92 2.7 2.9
"47" "34" 2001-03-28 24.53 "DAL" "@" "POR" "W" 10 0 18.3 0.699 0.667 7 20.1 14.7 39 5.7 0 0 16.4 159 78 11.9 20.1
"48" "35" 2001-03-30 24.53 "DAL" "@" "LAL" "L" -9 0 17.9 1 1 0 14.8 7.5 0 0 0 66.7 8.6 49 119 -1.3 -13.5
"49" "36" 2001-04-01 24.54 "DAL" "@" "SAC" "W" 12 0 14.5666666666667 0.5 0.5 14.9 15.6 15.2 7 0 0 0 5.5 149 111 3.3 0
"50" "37" 2001-04-03 24.55 "DAL" "@" "HOU" "W" 12 0 6.98333333333333 0.333 0.333 0 27.4 15.1 0 0 0 0 19.5 71 99 0.5 -9
"51" "" 2001-04-05 24.55 "DAL" "" "ATL" "W" 14 NA NA NA NA NA NA NA NA NA NA NA NA NA NA NA NA
"1" "1" 2001-10-30 25.12 "DAL" "" "DET" "W" 7 1 9.95 0.25 0.25 10.7 10.4 10.5 0 0 0 0 18.5 70 107 0.2 -12.3
"2" "" 2001-11-01 25.13 "DAL" "@" "PHI" "W" 7 NA NA NA NA NA NA NA NA NA NA NA NA NA NA NA NA
"3" "" 2001-11-02 25.13 "DAL" "@" "TOR" "L" -17 NA NA NA NA NA NA NA NA NA NA NA NA NA NA NA NA
"4" "" 2001-11-04 25.13 "DAL" "@" "MEM" "W" 9 NA NA NA NA NA NA NA NA NA NA NA NA NA NA NA NA
"5" "" 2001-11-06 25.14 "DAL" "" "CHH" "W" 18 NA NA NA NA NA NA NA NA NA NA NA NA NA NA NA NA
"6" "" 2001-11-08 25.15 "DAL" "" "DEN" "W" 14 NA NA NA NA NA NA NA NA NA NA NA NA NA NA NA NA
"7" "" 2001-11-10 25.15 "DAL" "" "PHI" "L" -7 NA NA NA NA NA NA NA NA NA NA NA NA NA NA NA NA
"8" "2" 2001-11-14 25.16 "DAL" "@" "CLE" "W" 13 0 23.5833333333333 0.8 0.8 0 10.5 5.7 10.5 0 0 16.7 12.2 135 114 5.5 -1.2
"9" "3" 2001-11-15 25.16 "DAL" "@" "DET" "L" -26 1 20.0333333333333 0.875 0.875 4.7 6.2 5.3 0 0 0 0 9.4 181 130 6 4.3
"10" "4" 2001-11-17 25.17 "DAL" "@" "HOU" "L" -37 1 31 0.556 0.556 17.2 22.8 19.6 10.6 0 0 18.2 16.7 109 137 8.1 -4.5
"11" "5" 2001-11-20 25.18 "DAL" "" "SEA" "L" -8 0 22.7833333333333 0 0 7.9 17.4 11.7 10.4 2.4 0 0 3.8 92 118 1.3 -6.8
"12" "6" 2001-11-21 25.18 "DAL" "@" "CHH" "W" 11 1 17.15 0 0 5.9 14.5 9.7 8.3 3.2 0 33.3 8.3 34 87 -0.2 -7.2
"13" "7" 2001-11-23 25.19 "DAL" "@" "MIA" "W" 10 1 14.5 0 0 0 7.3 4 8.4 3.7 5.1 33.3 9.5 21 101 -0.5 -6
"14" "8" 2001-11-24 25.19 "DAL" "" "PHO" "W" 15 1 18.5333333333333 0.868 1 6 13 9.4 0 0 0 0 6.7 179 119 4.5 0.8
"15" "9" 2001-12-29 25.28 "DAL" "" "ATL" "W" 16 0 26.1166666666667 0.253 0.222 8.4 13.9 11.4 9.6 5.5 0 16.8 19.2 66 90 2.5 -7.3
"16" "10" 2002-01-02 25.3 "DAL" "@" "CHI" "W" 10 1 35.1333333333333 0.723 0.75 7.4 14.1 10.8 0 1.4 2 0 16 142 103 15.5 4.3
"17" "11" 2002-01-03 25.3 "DAL" "@" "NYK" "L" -7 1 36.5333333333333 0.599 0.583 6 6.7 6.3 0 2.9 0 6.6 18 118 105 11.6 2.7
"18" "12" 2002-01-05 25.3 "DAL" "" "SAS" "L" -2 1 14.6666666666667 0.615 0.5 0 8.4 3.9 0 3.9 0 0 15.5 136 113 4.5 2.7
"19" "13" 2002-01-08 25.31 "DAL" "" "DEN" "W" 1 1 27 1 1 8.9 14.5 12 12.7 0 0 42.9 12.2 114 106 7 0.3
"20" "14" 2002-01-10 25.32 "DAL" "" "NYK" "W" 22 0 28.3666666666667 0.41 0.25 14.3 13.7 14 4.2 0 2.4 17 9.6 106 99 5.3 -3
"21" "15" 2002-01-12 25.32 "DAL" "" "IND" "W" 9 0 17.5166666666667 0.322 0.167 16.9 32.1 24 0 5.8 0 0 18.9 96 89 5.6 -0.5
"22" "16" 2002-01-14 25.33 "DAL" "@" "ORL" "L" -26 0 18.9166666666667 0.825 0.786 4.9 14 8.6 12.4 5.6 0 0 19.2 171 119 12.9 16.3
"23" "17" 2002-01-15 25.33 "DAL" "@" "ATL" "W" 9 1 13.6 0.5 0.5 0 0 0 0 0 9.3 33.3 19.3 59 116 -0.2 -14.2
"24" "18" 2002-01-17 25.34 "DAL" "@" "MEM" "W" 11 0 27.3 0.354 0.333 17.8 25.4 21.3 10.6 2 3 0 16.7 111 107 7.7 -1.4
"25" "19" 2002-01-19 25.34 "DAL" "" "UTA" "W" 3 1 34.0333333333333 0.592 0.6 18.6 12 14.9 0 0 0 22.8 11.6 113 119 6 -3.3
"26" "20" 2002-01-21 25.35 "DAL" "" "NJN" "W" 8 1 5.45 1 1 0 15.4 8.3 0 0 0 0 7.3 200 114 2 4.4
"27" "" 2002-01-22 25.35 "DAL" "@" "HOU" "W" 6 NA NA NA NA NA NA NA NA NA NA NA NA NA NA NA NA
"28" "" 2002-02-05 25.39 "DAL" "@" "IND" "W" 1 NA NA NA NA NA NA NA NA NA NA NA NA NA NA NA NA
"29" "" 2002-02-06 25.39 "DAL" "@" "NJN" "W" 12 NA NA NA NA NA NA NA NA NA NA NA NA NA NA NA NA
"30" "21" 2002-02-12 25.41 "DAL" "@" "SEA" "W" 6 0 5.75 NA NA 0 19 9.9 0 0 0 NA 0 0 111 -0.5 -9.5
"31" "22" 2002-02-13 25.41 "DAL" "@" "POR" "L" -11 0 6.76666666666667 1 1 0 0 0 22 0 0 0 6.6 205 125 1.6 0.9
"32" "" 2002-03-05 25.47 "DAL" "" "PHO" "W" 4 NA NA NA NA NA NA NA NA NA NA NA NA NA NA NA NA
"33" "23" 2002-03-07 25.47 "DAL" "" "TOR" "W" 19 0 16.7833333333333 1.136 NA 0 20.5 13.3 12.3 3.2 0 0 2.7 234 105 3.6 2.7
"34" "24" 2002-03-09 25.48 "DAL" "" "GSW" "W" 2 0 13.7833333333333 0.4 0.4 21.4 15.2 18.4 0 0 5 16.7 18.2 93 112 2.9 -7.1
"35" "25" 2002-03-11 25.48 "DAL" "" "SEA" "W" 11 0 10.1333333333333 0.955 1 13.7 11.7 12.6 0 5.2 0 14.8 30.5 156 111 10 17.3
"36" "26" 2002-03-14 25.49 "DAL" "@" "POR" "L" -26 0 24.4333333333333 0.333 0.333 6.7 16.2 11.9 33.3 0 0 14.3 13 100 137 4.2 -3
"37" "27" 2002-03-16 25.5 "DAL" "@" "GSW" "W" 17 0 24.0166666666667 0.608 0.5 19.5 25 22.2 9.8 0 3.1 0 10.4 161 105 9.4 3.4
"38" "28" 2002-03-17 25.5 "DAL" "@" "LAL" "L" -2 0 12.2666666666667 0.773 0.667 9.1 9.3 9.2 0 0 0 0 15.4 166 117 4.5 0.4
"39" "29" 2002-03-19 25.5 "DAL" "" "LAL" "W" 16 0 22.1666666666667 0.34 0.2 8.2 22.7 15.1 6.5 4.7 3.1 0 11.2 109 93 5.2 2.6
"40" "30" 2002-03-21 25.51 "DAL" "" "SAS" "L" -3 0 14.1833333333333 0.906 1 7.3 23.4 15.1 9.6 0 0 0 9.3 198 114 4.2 2
"41" "31" 2002-03-23 25.52 "DAL" "" "MEM" "W" 11 0 25.5333333333333 0.563 0.563 11.9 0 4.7 15.6 2.1 0 11.1 16.8 123 121 7.7 -0.1
"42" "32" 2002-03-26 25.52 "DAL" "@" "MIL" "W" 6 0 13.1 1 1 0 0 0 10.5 4.1 0 0 3.7 206 103 1.8 -1.1
"43" "33" 2002-03-28 25.53 "DAL" "@" "MIN" "L" -2 0 13.85 NA NA 0 39.2 19.6 17.1 0 0 NA 0 228 124 1.4 -1.1
"44" "34" 2002-03-29 25.53 "DAL" "@" "BOS" "W" 26 1 26.7333333333333 0.786 0.786 0 3.6 1.8 11.4 1.7 0 12.5 12 131 86 8.6 5.1
"45" "35" 2002-03-31 25.54 "DAL" "@" "WAS" "W" 7 0 11.0166666666667 0.333 0.333 11.8 10.1 10.9 0 0 0 0 13.2 96 123 0.5 -12.2
"46" "36" 2002-04-04 25.55 "DAL" "" "LAC" "W" 25 0 32.0166666666667 0.825 0.857 3.5 13 8.4 3.7 1.7 7.4 20.2 13.2 130 96 13 8.3
"47" "37" 2002-04-06 25.55 "DAL" "@" "SAS" "L" -2 1 17.6166666666667 0 NA 6.2 12.1 9.2 0 2.9 0 0 2.3 58 96 0.7 -0.4
"48" "38" 2002-04-08 25.56 "DAL" "@" "UTA" "W" 9 0 21.3166666666667 0.429 0.429 15.2 5.6 10.6 6.3 2.4 3.5 0 14.5 119 102 6.3 2.2
"49" "39" 2002-04-09 25.56 "DAL" "" "POR" "W" 12 1 15.9333333333333 0.906 1 7.5 19.6 14 0 3.3 0 26.6 11.1 141 101 5.5 4.8
"50" "40" 2002-04-11 25.57 "DAL" "" "HOU" "L" -3 0 22.2833333333333 0.4 0.4 7.9 16.1 11.4 7 0 3.4 0 10.2 112 106 3 -4.5
"51" "41" 2002-04-13 25.57 "DAL" "@" "SEA" "W" 17 0 31.1166666666667 0.723 0.75 16.3 6.7 11.1 12.8 3.4 2.2 7.8 18.6 148 109 17.2 9.7
"52" "42" 2002-04-14 25.58 "DAL" "@" "SAC" "W" 13 0 18.8666666666667 0.333 0.333 11.2 11 11.1 5.9 2.8 8 25 9.3 90 104 4 3.6
"53" "43" 2002-04-16 25.58 "DAL" "" "UTA" "W" 9 0 15.2 0.25 0.25 7.4 7.6 7.5 22.2 3.4 4.5 0 11.8 87 93 2.9 2.6
"54" "44" 2002-04-17 25.58 "DAL" "@" "PHO" "L" -13 0 27.8 0.436 0.333 3.6 15.9 9.4 12.9 2 2.8 12.7 13.3 94 102 5.8 -2.2
"1" "" 2002-10-29 26.12 "PHI" "@" "ORL" "L" -7 NA NA NA NA NA NA NA NA NA NA NA NA NA NA NA NA
"2" "" 2002-10-30 26.12 "PHI" "" "MIL" "W" 2 NA NA NA NA NA NA NA NA NA NA NA NA NA NA NA NA
"3" "1" 2002-11-01 26.13 "PHI" "" "NYK" "W" 12 0 22.7833333333333 0.291 0.167 4.7 4.4 4.6 13.1 4.1 0 0 12.2 86 85 2.6 -4.3
"4" "2" 2002-11-06 26.14 "PHI" "" "LAC" "W" 2 0 27.4333333333333 0.465 0.389 3.9 12.3 8 20.2 2 0 8.5 19.7 102 102 6.6 -0.2
"5" "3" 2002-11-08 26.15 "PHI" "" "CLE" "W" 24 0 29.2166666666667 0.564 0.438 7.2 26.8 16 17.9 8.2 0 0 14 136 73 16.8 12.5
"6" "4" 2002-11-09 26.15 "PHI" "@" "MIL" "L" -5 0 35.0833333333333 0.506 0.5 6.6 17.8 11.4 7.8 1.5 0 9.2 13.8 111 114 7.3 -1.6
"7" "5" 2002-11-13 26.16 "PHI" "@" "BOS" "L" -10 0 20.1833333333333 0.375 0.375 0 5.6 2.8 18.3 0 0 20 23.8 65 111 -0.3 -8.9
"8" "6" 2002-11-14 26.16 "PHI" "" "SAS" "W" 5 0 22.6666666666667 1 1 0 28.5 13.9 5.8 2.3 7.2 0 2 203 94 5.4 5.2
"9" "7" 2002-11-16 26.17 "PHI" "@" "NYK" "W" 1 0 23.9 0.625 0.625 0 20.5 10.1 0 4.5 3.4 11.1 16.8 110 94 8.1 5.9
"10" "8" 2002-11-17 26.17 "PHI" "" "WAS" "W" 16 0 28.2666666666667 0.82 0.813 18.5 5.5 12.6 0 3.9 0 9.3 17.6 155 95 15.3 10.1
"11" "9" 2002-11-19 26.18 "PHI" "@" "NOH" "L" -1 0 18.0666666666667 0.222 0.222 11.9 0 6.3 7.5 0 0 0 23.3 67 121 -0.6 -16.5
"12" "10" 2002-11-20 26.18 "PHI" "@" "MEM" "W" 7 0 18.15 0.333 0.333 5.7 26.7 16.5 8.2 6 0 40 12.1 59 83 2.4 -1.9
"13" "11" 2002-11-22 26.18 "PHI" "" "TOR" "W" 10 0 28 1 1 4.3 9.9 7.5 30.6 1.9 2.9 60 8.4 103 92 7.1 5.5
"14" "12" 2002-11-24 26.19 "PHI" "@" "TOR" "W" 10 0 21.2333333333333 0.357 0.357 16.3 4.8 9 7.3 0 0 0 17 98 107 2.1 -5.2
"15" "13" 2002-11-25 26.19 "PHI" "" "NOH" "W" 21 0 22.5666666666667 0.085 0 18.4 5.2 11.3 15.3 0 0 14.5 13.4 68 101 -1.4 -12.1
"16" "14" 2002-11-27 26.2 "PHI" "" "MIA" "W" 9 0 23.8 0 0 4.3 9.5 6.7 0 4.4 9.1 0 3.9 31 77 2.8 1.2
"17" "15" 2002-11-29 26.2 "PHI" "@" "CLE" "W" 7 0 20.3 0.25 0.25 0 5.3 2.7 12.8 0 0 0 8.8 75 112 0.5 -10.7
"18" "16" 2002-11-30 26.21 "PHI" "@" "WAS" "W" 1 0 25.2833333333333 0.752 0.75 6.4 5.1 5.6 11.9 9.4 0 0 10.6 167 105 10.8 11.8
"19" "17" 2002-12-04 26.22 "PHI" "" "BOS" "W" 6 0 18.6 0.436 0.333 6.1 13.7 9.6 26.1 2.9 0 0 17 118 100 6.2 3.9
"20" "18" 2002-12-06 26.22 "PHI" "@" "SAS" "L" -5 0 22.5833333333333 0.333 0.333 5 15.6 9.1 6.5 4.5 0 25 7.9 72 97 1.3 -2.2
"21" "19" 2002-12-07 26.22 "PHI" "@" "HOU" "L" -25 0 18.1333333333333 0.333 0.333 19 7.4 13.7 0 5.9 0 40 12.6 58 100 1.1 -5.5
"22" "20" 2002-12-11 26.24 "PHI" "" "SEA" "L" -4 0 28.7166666666667 0.357 0.357 4.1 0 1.8 5.6 1.8 2.3 12.5 13.7 73 105 1 -6.8
"23" "21" 2002-12-13 26.24 "PHI" "" "PHO" "L" -8 0 32.8166666666667 0.7 0.7 3.9 3.7 3.8 10.8 0 2.2 9.1 15.1 128 119 9.9 2.6
"24" "22" 2002-12-15 26.25 "PHI" "@" "IND" "L" -10 0 20.35 1.078 1 5.5 25.3 14.6 0 2.5 0 30.1 7 153 107 5 1.9
"25" "23" 2002-12-16 26.25 "PHI" "" "DEN" "W" 22 0 29.3666666666667 0.714 0.714 0 19.7 10.7 11.5 2 0 22.2 15.4 107 85 7.8 -0.6
"26" "24" 2002-12-18 26.25 "PHI" "" "MIN" "W" 5 0 31.05 0.557 0.556 4 7.4 5.7 15.9 7.8 0 9.2 15.4 111 89 11.7 6.7
"27" "25" 2002-12-20 26.26 "PHI" "" "LAL" "W" 3 0 4.66666666666667 0.333 0.333 0 20.4 10.4 33.8 0 0 0 25.8 90 102 0.9 -4
"28" "26" 2002-12-21 26.26 "PHI" "@" "ATL" "L" -2 0 18.95 0 0 5.2 18.9 11.4 8.4 0 0 66.7 6.7 23 96 -1.2 -10.9
"29" "27" 2002-12-28 26.28 "PHI" "@" "UTA" "L" -29 0 20.9166666666667 0.444 0.357 0 13.1 5.9 23.5 0 0 11.3 19.9 89 115 2.3 -4.4
"30" "28" 2002-12-30 26.29 "PHI" "@" "GSW" "L" -6 0 14.4833333333333 0.4 0.4 7.3 14.6 10.9 0 7.2 0 0 15 98 99 3.4 -1.2
"31" "29" 2002-12-31 26.29 "PHI" "@" "LAC" "W" 8 0 16.15 0.5 0.5 5.9 5.5 5.7 21.4 0 4.2 0 5.5 134 85 2.9 3.3
"32" "30" 2003-01-02 26.3 "PHI" "@" "PHO" "L" -18 0 26.65 0.667 0.667 4.3 4.8 4.6 30.5 2 2.7 18.2 19.8 113 113 10.4 6.7
"33" "31" 2003-01-04 26.3 "PHI" "@" "DAL" "L" -19 0 35.0666666666667 0.636 0.636 0 11.1 5.3 6.1 1.6 0 0 15.1 134 122 10.5 2.7
"34" "32" 2003-01-06 26.31 "PHI" "" "IND" "L" -1 0 29.7333333333333 0.615 0.5 0 5.9 2.1 0 7.1 0 9.3 15.7 122 96 9.7 5.3
"35" "33" 2003-01-08 26.31 "PHI" "" "DET" "L" -9 0 19.4833333333333 0.333 0.333 0 7 3.1 9.9 3 0 25 10.2 61 112 0.5 -5.8
"36" "34" 2003-01-10 26.32 "PHI" "" "NYK" "L" -2 0 18.7833333333333 0.694 0.5 13.3 0 6.3 0 8.2 4.9 25.8 9.3 126 109 6.3 6
"37" "" 2003-01-12 26.32 "PHI" "" "ORL" "L" -2 NA NA NA NA NA NA NA NA NA NA NA NA NA NA NA NA
"38" "35" 2003-01-15 26.33 "PHI" "" "NJN" "W" 1 0 21.7833333333333 0.571 0.571 11.8 4.5 7.7 0 0 0 12.5 16.5 111 130 3.8 -7
"39" "36" 2003-01-17 26.34 "PHI" "" "MIL" "L" -4 0 13.7 0.5 0.5 0 23.4 12 20.4 0 0 50 13.2 64 113 0.1 -9.4
"40" "37" 2003-01-18 26.34 "PHI" "@" "WAS" "W" 8 0 23.1666666666667 0.25 0.25 19.9 11 15.7 20.9 2.4 0 0 8.1 114 95 5.3 2.8
"41" "38" 2003-01-20 26.35 "PHI" "" "BOS" "L" -1 0 23.0166666666667 0.865 0.667 5.4 9.7 7.6 0 2.4 0 16.1 12.7 157 115 7.8 1.3
"42" "39" 2003-01-22 26.35 "PHI" "@" "DET" "W" 9 0 22.15 0.605 0.643 5.6 16.4 11 0 0 0 0 16.1 129 102 6.1 2.3
"43" "40" 2003-01-23 26.35 "PHI" "" "DAL" "L" -13 0 25.5 0.5 0.5 9.8 24 17 7.9 6.5 3 20 19.3 89 106 7.7 2.1
"44" "41" 2003-01-25 26.36 "PHI" "@" "MIA" "W" 6 0 13.8833333333333 0.568 NA 0 39 21.7 10.4 0 0 69.4 10.1 47 105 -0.4 -10.6
"45" "" 2003-01-28 26.37 "PHI" "@" "MIL" "W" 27 NA NA NA NA NA NA NA NA NA NA NA NA NA NA NA NA
"46" "" 2003-01-29 26.37 "PHI" "" "ATL" "L" -14 NA NA NA NA NA NA NA NA NA NA NA NA NA NA NA NA
"47" "" 2003-01-31 26.38 "PHI" "" "MIA" "W" 5 NA NA NA NA NA NA NA NA NA NA NA NA NA NA NA NA
"48" "" 2003-02-02 26.38 "PHI" "@" "MIN" "L" -8 NA NA NA NA NA NA NA NA NA NA NA NA NA NA NA NA
"49" "42" 2003-02-05 26.39 "PHI" "" "NJN" "L" -26 0 14.3 0.333 0.333 0 11.1 4.5 0 0 0 25 13.5 49 132 -1.6 -17.1
"50" "43" 2003-02-12 26.41 "PHI" "" "CHI" "W" 8 0 12.2666666666667 0.509 0.5 7.6 0 4.5 27.8 0 0 0 24 124 119 4.5 -1
"51" "44" 2003-02-14 26.41 "PHI" "" "ORL" "W" 1 0 12.2833333333333 0.42 0.333 0 8.7 5.1 13.8 0 0 17.4 22.3 85 116 0.7 -10.5
"52" "45" 2003-02-16 26.42 "PHI" "@" "NJN" "W" 7 0 20.0333333333333 0.425 0.3 12.3 18.5 15.4 8.1 0 4.4 25.4 18.2 87 99 2.4 -4.6
"53" "46" 2003-02-19 26.43 "PHI" "@" "CHI" "W" 28 0 15.6166666666667 0.429 0.375 6.8 0 3.1 16.7 0 0 9.7 26.6 95 94 3.9 -5.1
"54" "47" 2003-02-21 26.43 "PHI" "@" "CLE" "W" 20 0 12 0.4 0.4 0 19.5 9.6 12.9 0 0 0 17.8 94 104 2.2 -7
"55" "48" 2003-02-23 26.44 "PHI" "" "CLE" "W" 13 0 12.6333333333333 0.571 0.571 8.6 9.7 9.1 0 7.7 0 0 22.7 123 97 7.7 8
"56" "49" 2003-02-26 26.45 "PHI" "" "MEM" "W" 4 0 19.9166666666667 0.581 0.5 7.1 0 2.9 12.7 4.7 0 30.4 21 91 103 4.9 -2.9
"57" "50" 2003-02-28 26.45 "PHI" "" "UTA" "W" 21 0 11.9666666666667 0.75 0.75 0 0 0 13.3 0 0 0 15.7 154 102 3.9 0.8
"58" "51" 2003-03-02 26.46 "PHI" "@" "DEN" "W" 6 0 22.6833333333333 0.574 0.5 10.4 0 5.2 10.1 2.3 0 8.1 24.9 117 108 8.9 0.2
"59" "52" 2003-03-03 26.46 "PHI" "@" "SAC" "L" -8 0 18.4166666666667 0 0 0 7.2 3.3 7 0 0 0 7.5 19 116 -2.3 -13
"60" "53" 2003-03-06 26.47 "PHI" "@" "POR" "W" 28 0 10.3 1 1 0 12 5.9 15.9 5.4 0 0 4.7 200 63 2.9 9.1
"61" "54" 2003-03-07 26.47 "PHI" "@" "SEA" "W" 9 0 17.8666666666667 0.5 0.5 14.8 17.8 16.2 13.9 0 5.4 0 5.3 156 113 4.3 3.8
"62" "55" 2003-03-09 26.48 "PHI" "@" "LAL" "L" -14 0 18.9666666666667 0.694 0.5 6.6 6.3 6.5 8.3 0 0 0 6.9 158 116 3.1 -0.7
"63" "56" 2003-03-12 26.48 "PHI" "" "IND" "W" 3 0 12.6666666666667 0.25 0.25 8.8 0 4.2 26.1 0 0 0 13.7 95 118 1.3 -5.1
"64" "57" 2003-03-14 26.49 "PHI" "" "POR" "W" 11 0 13.3833333333333 1 1 15.2 27.8 20.9 38.5 7.5 0 25 12.5 149 76 10.1 24.1
"65" "58" 2003-03-16 26.5 "PHI" "@" "NJN" "W" 5 0 12.3833333333333 0.615 0.5 0 20 10.4 0 0 0 29.1 13.6 86 102 1.6 -5.5
"66" "59" 2003-03-18 26.5 "PHI" "@" "MIA" "W" 20 0 17.1666666666667 1 1 0 20.2 11 8.2 3.1 0 40 14.3 109 87 4.9 2.2
"67" "60" 2003-03-20 26.51 "PHI" "@" "DET" "L" -28 0 19.35 0.571 0.5 0 21.1 8.8 9.2 0 0 10.2 23.6 110 130 6.1 -0.2
"68" "61" 2003-03-21 26.51 "PHI" "" "ATL" "L" -9 0 11.1333333333333 0.333 0.333 0 0 0 24.5 0 0 0 11.5 98 126 0.9 -6.5
"69" "62" 2003-03-23 26.52 "PHI" "@" "TOR" "W" 17 0 23.15 0.698 0.714 6.3 11.6 9.1 6.2 0 0 11.3 18.4 130 116 7.9 -2.9
"70" "63" 2003-03-26 26.52 "PHI" "@" "IND" "W" 6 0 3.95 0.5 0.5 0 0 0 100 0 0 0 23.3 133 101 2 15.6
"71" "64" 2003-03-28 26.53 "PHI" "" "GSW" "L" -4 0 20.55 0.545 0.545 4.5 5.4 4.9 0 2.4 0 0 21.8 115 109 7.9 0.3
"72" "65" 2003-03-29 26.53 "PHI" "@" "ATL" "W" 21 0 19.85 0.727 0.667 6.3 11.2 8.9 0 0 0 0 14.9 156 100 7.5 0.3
"73" "66" 2003-03-31 26.54 "PHI" "@" "ORL" "W" 5 0 13.4833333333333 0.434 0.25 7.4 7.9 7.6 0 3.7 0 25.8 22.4 83 110 1.8 -6.4
"74" "67" 2003-04-02 26.54 "PHI" "" "CHI" "W" 7 0 13.4833333333333 0.644 0.667 0 21.1 10.5 0 0 5.8 0 13.8 129 111 4.2 0.2
"75" "68" 2003-04-04 26.55 "PHI" "" "HOU" "L" -9 0 20.0666666666667 0.583 0.583 0 9.8 4.9 11 2.8 0 0 13.6 122 103 5.5 2.9
"76" "69" 2003-04-06 26.55 "PHI" "" "SAC" "L" -16 0 16.7166666666667 0.2 0.2 9.7 6.6 8.4 21.6 0 0 0 12.2 74 111 1.2 -5.9
"77" "70" 2003-04-08 26.56 "PHI" "" "DET" "W" 17 1 22.2833333333333 0.5 0.5 14.5 11.2 12.6 7.5 0 0 20 22.6 93 96 3.9 -4.2
"78" "71" 2003-04-10 26.56 "PHI" "@" "BOS" "W" 21 1 29.2333333333333 0.45 0.45 3.8 18.4 11.3 5.3 3.9 0 9.1 17.9 97 88 6.3 -0.4
"79" "72" 2003-04-11 26.57 "PHI" "@" "NYK" "L" -5 1 25.3333333333333 0.506 0.444 5.2 0 3 5.9 2.1 0 23.3 23.2 90 122 3.1 -9.9
"80" "73" 2003-04-13 26.57 "PHI" "" "NOH" "L" -5 1 24.3 0.597 0.55 0 9.8 4.9 0 2.2 0 0 21.2 125 105 8.8 4.7
"81" "74" 2003-04-15 26.58 "PHI" "@" "CHI" "L" -9 1 16.8333333333333 0.4 0.4 0 20.9 8.6 0 3 0 28.6 17.4 57 123 -0.7 -17.4
"82" "75" 2003-04-16 26.58 "PHI" "" "WAS" "W" 20 0 25.1333333333333 0.25 0.25 9.8 22.3 16.4 5.8 4.4 0 0 7.7 96 95 4.4 -4.2
"1" "1" 2003-11-25 27.19 "PHI" "@" "MIL" "L" -4 0 7 0.5 0.5 0 0 0 23.5 0 0 0 12.3 124 113 1.3 -1.2
"2" "2" 2003-11-26 27.19 "PHI" "" "DET" "W" 4 0 0.15 NA NA 0 0 0 0 0 0 NA 0 0 109 0 -5.9
"3" "3" 2003-11-28 27.2 "PHI" "@" "IND" "L" -13 0 16.7666666666667 0.333 0.333 0 7.1 3.6 32.4 3.5 0 0 9 100 110 2.5 -0.6
"4" "4" 2003-11-29 27.2 "PHI" "" "ATL" "W" 12 0 11.6833333333333 0 0 0 11.8 5.7 0 0 0 0 17.9 0 107 -2.9 -24.4
"5" "5" 2003-12-02 27.21 "PHI" "" "TOR" "L" -7 0 5.25 0 0 0 51.9 20.9 0 0 0 33.3 25.1 0 102 -1.8 -25.3
"6" "6" 2003-12-04 27.22 "PHI" "" "CHI" "W" 1 0 2.06666666666667 NA NA 0 0 0 75 0 0 NA 0 209 108 0.3 4.9
"7" "7" 2003-12-05 27.22 "PHI" "@" "MIA" "W" 3 0 11.9666666666667 0.333 0.333 0 8.2 4.7 16.6 4.3 6.2 25 15.2 66 100 1.6 0.3
"8" "8" 2003-12-09 27.23 "PHI" "@" "DET" "W" 2 0 17.2833333333333 0.5 0.5 0 14.1 7 0 0 4.6 0 5.9 105 96 1.9 -2.1
"9" "" 2003-12-12 27.24 "PHI" "" "DEN" "L" -9 NA NA NA NA NA NA NA NA NA NA NA NA NA NA NA NA
"10" "" 2003-12-14 27.24 "PHI" "" "UTA" "L" -8 NA NA NA NA NA NA NA NA NA NA NA NA NA NA NA NA
"11" "" 2003-12-17 27.25 "PHI" "" "MIA" "W" 11 NA NA NA NA NA NA NA NA NA NA NA NA NA NA NA NA
"12" "9" 2003-12-19 27.26 "PHI" "" "CLE" "L" -7 0 5.93333333333333 NA NA 0 0 0 24.2 0 0 NA 0 215 115 0.7 1.6
"13" "10" 2003-12-21 27.26 "PHI" "@" "BOS" "L" -3 0 8.9 0.5 0.5 0 0 0 0 5.6 0 33.3 14.3 58 100 0.6 -6.9
"14" "11" 2003-12-22 27.27 "PHI" "" "ORL" "W" 22 0 6.51666666666667 0.333 0.333 0 0 0 21.3 7.7 0 0 20.2 88 77 1.6 2
"15" "12" 2003-12-26 27.28 "PHI" "@" "LAC" "L" -3 0 3.36666666666667 NA NA 0 0 0 0 0 0 NA 0 0 115 -0.8 -19.5
"16" "13" 2003-12-28 27.28 "PHI" "@" "PHO" "L" -8 0 11.9 0.436 0.333 10.6 31.9 21.3 0 4.9 0 0 28.7 104 98 4.8 0.6
"17" "14" 2003-12-29 27.28 "PHI" "@" "UTA" "L" -9 1 34.6166666666667 0.431 0.4 14.8 0 8.1 10 3.5 0 8.7 15.9 115 135 6.8 -5.4
"18" "15" 2003-12-31 27.29 "PHI" "@" "HOU" "L" -8 1 37.35 0.597 0.6 2.9 27.6 15.7 26.6 1.5 0 21.6 18 99 85 11.7 6.7
"19" "16" 2004-01-03 27.3 "PHI" "@" "SAS" "W" 6 1 35.2333333333333 0.547 0.5 10.3 9.5 9.9 17.9 0 0 7.8 17.2 122 94 9.4 4.2
"20" "17" 2004-01-05 27.3 "PHI" "" "MIL" "L" -12 0 22.5666666666667 0.5 0.5 4.3 4.5 4.4 8.8 0 0 14.3 12.9 97 103 3.3 -0.7
"21" "18" 2004-01-07 27.31 "PHI" "" "LAC" "W" 20 0 18.9833333333333 0.75 0.75 13 24.6 18.9 7.3 0 0 33.3 14.2 105 93 4.9 -1.7
"22" "19" 2004-01-09 27.32 "PHI" "" "NJN" "W" 16 0 12.4166666666667 0.2 0.2 0 16.1 9.5 0 0 0 0 19.7 44 95 -0.5 -15.8
"23" "20" 2004-01-10 27.32 "PHI" "@" "WAS" "L" -7 0 5.11666666666667 0.5 0.5 0 48 23.7 0 0 0 0 37 95 94 1.8 -7.3
"24" "21" 2004-01-12 27.32 "PHI" "@" "ORL" "W" 5 0 1.95 0.568 NA 0 35.6 18 0 0 0 0 13.5 122 87 0.5 -4.1
"25" "22" 2004-01-14 27.33 "PHI" "@" "DAL" "L" -3 0 7.46666666666667 NA NA 0 0 0 18.4 0 0 NA 0 229 123 0.3 -2.2
"26" "" 2004-01-17 27.34 "PHI" "" "MEM" "L" -4 NA NA NA NA NA NA NA NA NA NA NA NA NA NA NA NA
"27" "" 2004-01-19 27.34 "PHI" "" "SEA" "L" -9 NA NA NA NA NA NA NA NA NA NA NA NA NA NA NA NA
"28" "" 2004-01-21 27.35 "PHI" "@" "NOH" "W" 6 NA NA NA NA NA NA NA NA NA NA NA NA NA NA NA NA
"29" "23" 2004-01-23 27.35 "PHI" "" "ORL" "L" -5 0 8.68333333333333 NA NA 26 0 12.3 14.8 5.8 0 NA 0 213 105 3.1 9.8
"30" "24" 2004-01-24 27.36 "PHI" "@" "CLE" "L" -8 0 4.66666666666667 NA NA 0 36.4 20.5 0 0 0 100 8.8 0 108 -0.8 -20.9
"31" "25" 2004-01-27 27.36 "PHI" "" "NJN" "L" -18 0 16.4 0 0 9.1 26.7 19.2 0 0 0 0 3 52 108 0.8 -4.9
"32" "" 2004-01-28 27.37 "PHI" "@" "TOR" "L" -10 NA NA NA NA NA NA NA NA NA NA NA NA NA NA NA NA
"33" "" 2004-01-30 27.37 "PHI" "" "NOH" "W" 3 NA NA NA NA NA NA NA NA NA NA NA NA NA NA NA NA
"34" "26" 2004-02-01 27.38 "PHI" "@" "MIN" "L" -5 0 4.15 NA NA 0 0 0 0 0 0 NA 0 0 120 0 -3.7
"35" "" 2004-02-03 27.38 "PHI" "" "TOR" "L" -13 NA NA NA NA NA NA NA NA NA NA NA NA NA NA NA NA
"36" "27" 2004-02-05 27.39 "PHI" "" "LAL" "W" 23 0 18.65 0.387 0.333 7.2 26.1 18.2 0 0 0 0 10.9 97 83 2.7 -3.5
"37" "28" 2004-02-07 27.39 "PHI" "" "BOS" "L" -30 0 20.85 0.665 0.5 0 26.1 11.3 8.6 4.6 0 21 9.5 114 105 5.7 2.5
"38" "29" 2004-02-08 27.4 "PHI" "@" "NJN" "L" -12 0 22.1333333333333 0.5 0.5 5.5 4.6 5 21.7 5.1 0 9.1 24.1 98 113 7.2 3.1
"39" "30" 2004-02-11 27.41 "PHI" "" "WAS" "W" 25 0 10.2333333333333 0.34 0.2 0 11.7 5.9 0 0 0 14.5 31.4 69 105 -0.2 -22.2
"40" "31" 2004-02-17 27.42 "PHI" "@" "DEN" "L" -21 0 2.55 0 0 0 35.6 18.6 0 0 0 0 15.3 0 111 -0.4 -18.3
"41" "32" 2004-02-19 27.43 "PHI" "@" "SEA" "W" 11 0 15.9 0.4 0.4 0 14.3 7.3 9.1 0 0 0 13.9 94 112 2.2 -6.4
"42" "33" 2004-02-20 27.43 "PHI" "@" "LAL" "L" -28 0 16.7 0 0 7.2 0 3.2 9.1 3 0 0 5.4 51 125 0.2 -8.6
"43" "34" 2004-02-23 27.44 "PHI" "" "DET" "L" -10 0 21.05 0.581 0.583 9 6 7.7 25.2 0 0 12.7 16.7 111 94 5.1 5
"44" "35" 2004-02-24 27.44 "PHI" "@" "ATL" "L" -11 0 23.05 0 0 5 23.7 14.6 0 2.4 0 33.3 13 10 97 -3.2 -16.7
"45" "36" 2004-02-28 27.45 "PHI" "@" "IND" "L" -7 0 6.35 0 0 0 40 20.3 0 0 0 75 33.2 0 93 -3.1 -33.6
"46" "" 2004-02-29 27.45 "PHI" "" "MIN" "W" 7 NA NA NA NA NA NA NA NA NA NA NA NA NA NA NA NA
"47" "" 2004-03-03 27.46 "PHI" "@" "NYK" "L" -11 NA NA NA NA NA NA NA NA NA NA NA NA NA NA NA NA
"48" "" 2004-03-04 27.47 "PHI" "" "SAC" "L" -9 NA NA NA NA NA NA NA NA NA NA NA NA NA NA NA NA
"49" "" 2004-03-06 27.47 "PHI" "" "CHI" "W" 9 NA NA NA NA NA NA NA NA NA NA NA NA NA NA NA NA
"50" "37" 2004-03-08 27.48 "PHI" "" "MIL" "W" 5 0 25.2166666666667 0.833 0.833 4.6 5.6 5.1 16.6 0 0 14.3 24.6 133 109 13.6 11.9
"51" "38" 2004-03-09 27.48 "PHI" "@" "CHI" "W" 8 0 10.5833333333333 0 0 0 18.1 10.5 15 0 7.1 33.3 14.9 18 88 -0.8 -9.7
"52" "39" 2004-03-12 27.49 "PHI" "" "NYK" "W" 5 0 5.33333333333333 NA NA 0 0 0 38.7 0 0 100 10.3 39 103 -0.7 -7.4
"53" "40" 2004-03-14 27.49 "PHI" "@" "DET" "L" -16 0 12.5166666666667 NA NA 0 10.5 5.5 0 4.5 0 100 8.1 0 97 -1.9 -13.4
"54" "" 2004-03-16 27.5 "PHI" "@" "MEM" "L" -3 NA NA NA NA NA NA NA NA NA NA NA NA NA NA NA NA
"55" "" 2004-03-17 27.5 "PHI" "@" "NOH" "L" -24 NA NA NA NA NA NA NA NA NA NA NA NA NA NA NA NA
"56" "41" 2004-03-20 27.51 "PHI" "@" "MIA" "L" -32 0 10.25 0 0 0 12.6 5.5 0 0 7.4 0 24.3 0 115 -2.5 -17.5
"57" "42" 2004-03-22 27.52 "PHI" "" "DAL" "W" 9 0 9.58333333333333 1 1 0 0 0 0 0 0 0 5 200 127 1.7 -1.1
"58" "43" 2004-03-24 27.52 "PHI" "" "PHO" "W" 5 0 14.9833333333333 0 0 0 0 0 0 0 0 0 6.6 0 126 -1.8 -13.6
"59" "44" 2004-03-26 27.53 "PHI" "" "CLE" "W" 15 0 4.28333333333333 NA NA 0 31.6 16.4 0 0 0 100 13.5 0 95 -0.7 -19.3
"60" "45" 2004-03-28 27.53 "PHI" "@" "BOS" "L" -24 0 16.1833333333333 0.148 0 10.9 8.8 10.1 62.5 0 0 12.9 20.2 62 108 1.5 -2
"61" "46" 2004-03-30 27.54 "PHI" "" "GSW" "W" 24 0 24.2 0.709 0.667 8.3 12.2 10.3 20.7 0 0 0 19.3 156 88 13.3 12.8
"62" "47" 2004-04-01 27.54 "PHI" "" "POR" "L" -6 0 8.01666666666667 0 0 0 0 0 0 0 0 50 11.9 0 119 -1.7 -20
"63" "48" 2004-04-03 27.55 "PHI" "" "NYK" "L" -11 0 15.15 0.4 0.4 7 7.9 7.4 28.6 0 0 16.7 18.5 85 113 1.9 -5.7
"64" "49" 2004-04-06 27.56 "PHI" "@" "ATL" "W" 3 0 9.61666666666667 NA NA 0 21.2 11.9 13.6 5.5 0 100 5 45 94 0.9 0
"65" "50" 2004-04-09 27.56 "PHI" "" "WAS" "L" -3 0 17.5 0.333 0.333 6.1 0 3.2 8.5 6.7 0 0 7.9 100 104 3.3 -0.1
"66" "51" 2004-04-11 27.57 "PHI" "@" "NJN" "L" -14 0 17.8833333333333 0.571 0.5 0 6.3 3.5 12.7 0 0 0 22.2 113 108 4.7 -0.6
"67" "52" 2004-04-12 27.57 "PHI" "" "IND" "L" -14 0 12.8166666666667 0.5 0.5 0 0 0 0 4.3 0 16.7 24.1 77 111 1.1 -6.7
"68" "53" 2004-04-14 27.58 "PHI" "@" "ORL" "L" -6 0 7.31666666666667 0 0 0 0 0 0 7.9 0 50 14.1 0 102 -1.5 -18.7
"1" "1" 2004-11-02 28.13 "DEN" "@" "LAL" "L" -11 0 15.2333333333333 0.17 0 17 0 9.5 10 0 0 14.5 18.2 57 107 -1.3 -15
"2" "2" 2004-11-04 28.13 "DEN" "" "MIN" "W" 2 0 11.8833333333333 0 0 0 9.8 4.3 11.9 0 0 0 3.8 46 104 -0.9 -13.8
"3" "3" 2004-11-06 28.14 "DEN" "" "UTA" "L" -24 1 16.25 0.694 0.5 18.8 14.9 17 10 0 0 25.8 10.5 127 126 4.6 -2.2
"4" "4" 2004-11-08 28.15 "DEN" "@" "UTA" "L" -11 1 23.7333333333333 1.034 1 0 5.6 2.5 16.7 0 0 0 10.7 210 124 10.3 8.8
"5" "5" 2004-11-09 28.15 "DEN" "" "SEA" "L" -20 0 11.6833333333333 0.5 0.5 0 12.5 5.9 0 0 0 0 12.7 102 123 0.8 -5.6
"6" "6" 2004-11-11 28.15 "DEN" "" "DET" "W" 8 1 19.2333333333333 0.347 0 0 16 7.4 12 2.5 0 0 6.4 109 113 2.4 -4.9
"7" "7" 2004-11-14 28.16 "DEN" "@" "SAC" "L" -12 1 15.6 0.667 0.667 6.2 8.2 7 36.1 6.7 0 25 11.5 121 99 5.2 5.1
"8" "8" 2004-11-17 28.17 "DEN" "" "TOR" "W" 6 1 29.4666666666667 0.75 0.75 7.5 15 11.3 19.8 1.8 0 0 8.7 171 114 12 6.3
"9" "9" 2004-11-19 28.18 "DEN" "" "CHI" "W" 18 1 22.9166666666667 0.347 0 0 15.7 8.1 0 0 0 25.8 8 55 89 -0.7 -9.1
"10" "10" 2004-11-21 28.18 "DEN" "" "DAL" "W" 28 1 32.3666666666667 0.847 0.846 7.9 21.4 15.5 11.5 5.9 0 5.7 22.8 158 73 28.8 19.9
"11" "11" 2004-11-23 28.19 "DEN" "" "NJN" "W" 2 1 32.95 0.5 0.5 4.3 13.5 9.4 13.6 1.6 2 0 12.2 112 98 8.5 0.3
"12" "12" 2004-11-26 28.19 "DEN" "" "SAS" "L" -14 1 18.3 0.602 0.5 5.2 6.6 5.8 19.8 5.7 0 0 7.9 144 97 5.8 7
"13" "13" 2004-11-27 28.2 "DEN" "@" "HOU" "W" 6 1 38.5833333333333 0.851 0.8 2.8 6.2 4.4 13 1.4 0 20.7 11.8 139 92 11.5 5.2
"14" "14" 2004-11-29 28.2 "DEN" "" "NOH" "W" 9 1 24.1833333333333 0.26 0 0 5.6 2.8 7.1 7.1 0 14.8 14.6 56 76 2.4 -4.5
"15" "15" 2004-12-02 28.21 "DEN" "" "CLE" "L" -19 1 21.95 0.901 0.875 5.6 5 5.3 10.7 2.4 2.8 18.4 11.3 144 100 8 10.5
"16" "16" 2004-12-04 28.22 "DEN" "" "MIA" "W" 9 1 29.4666666666667 0.571 0.643 4 0 2 9.4 1.6 0 0 12.6 120 101 7.4 1.4
"17" "17" 2004-12-06 28.22 "DEN" "" "ORL" "W" 13 1 14.35 0.333 0.333 8.2 31.9 20.2 17.8 0 0 25 11.8 85 103 1.8 -6.2
"18" "18" 2004-12-08 28.23 "DEN" "@" "WAS" "W" 6 1 23.4666666666667 0.75 0.75 5 4.9 4.9 5.4 0 0 20 9.4 124 118 3.5 -5.5
"19" "19" 2004-12-10 28.23 "DEN" "@" "TOR" "W" 14 1 23.5666666666667 0.667 0.667 11.3 4.3 7.4 17.5 0 0 25 7.7 127 97 3.9 -0.9
"20" "20" 2004-12-12 28.24 "DEN" "@" "NYK" "L" -11 1 22.9833333333333 0.667 0.667 0 9.5 5.3 0 2.2 0 25 7.5 95 113 2.5 -2.7
"21" "21" 2004-12-14 28.24 "DEN" "@" "PHI" "L" -8 1 38.55 0.667 0.667 3.1 9.2 6.2 21 2.6 0 25 9.2 113 118 8.1 -0.2
"22" "22" 2004-12-15 28.25 "DEN" "@" "BOS" "W" 1 1 17.0333333333333 1.5 1.5 0 0 0 24.8 2.9 0 50 5.4 143 107 3.2 1.8
"23" "23" 2004-12-17 28.25 "DEN" "@" "MIA" "L" -7 1 32.5333333333333 1.167 1.167 3.5 3.8 3.7 4.2 3.1 2.2 25 5.4 164 114 8.3 3.3
"24" "24" 2004-12-18 28.25 "DEN" "@" "ORL" "L" -22 1 25.4 0.5 0.5 10.1 5.1 8.1 5.8 0 0 0 8 135 127 5 -4.9
"25" "25" 2004-12-20 28.26 "DEN" "" "PHO" "L" -2 1 42.8333333333333 0.545 0.545 6 5.9 6 9.2 0 0 15.4 14.5 104 127 8 -7.7
"26" "26" 2004-12-22 28.27 "DEN" "@" "SEA" "L" -15 1 6.63333333333333 NA NA 0 16.3 8.3 20.8 0 0 100 6.8 38 114 -0.4 -10.5
"27" "27" 2004-12-26 28.28 "DEN" "" "DAL" "L" -14 1 37.4666666666667 0.582 0.542 2.7 3.2 2.9 24.8 1.5 0 7.2 17.5 120 124 11.9 2.4
"28" "28" 2004-12-27 28.28 "DEN" "@" "GSW" "L" -3 1 26.8 0.543 0.5 8.5 19.8 14.3 23 1.8 0 13.4 11.7 120 105 9.6 3.2
"29" "" 2004-12-31 28.29 "DEN" "" "PHI" "W" 5 NA NA NA NA NA NA NA NA NA NA NA NA NA NA NA NA
"30" "" 2005-01-02 28.3 "DEN" "@" "LAL" "L" -8 NA NA NA NA NA NA NA NA NA NA NA NA NA NA NA NA
"31" "" 2005-01-03 28.3 "DEN" "" "LAC" "L" -4 NA NA NA NA NA NA NA NA NA NA NA NA NA NA NA NA
"32" "" 2005-01-08 28.31 "DEN" "@" "SAS" "L" -9 NA NA NA NA NA NA NA NA NA NA NA NA NA NA NA NA
"33" "" 2005-01-09 28.32 "DEN" "" "HOU" "L" -18 NA NA NA NA NA NA NA NA NA NA NA NA NA NA NA NA
"34" "29" 2005-01-11 28.32 "DEN" "@" "SAC" "L" -9 0 19.3166666666667 0.829 0.813 0 11.2 5.7 11.6 0 0 19.2 23.6 122 118 8.5 3.1
"35" "30" 2005-01-12 28.32 "DEN" "" "LAL" "W" 12 1 32.6333333333333 0.25 0.25 7.2 2.9 4.9 12 4.7 0 11.1 12.6 73 91 3.4 -3.3
"36" "31" 2005-01-14 28.33 "DEN" "" "MIN" "L" -10 1 29.1 0.935 1 0 9.7 4.2 6 3.9 0 0 10.2 177 107 11.2 7.9
"37" "32" 2005-01-17 28.34 "DEN" "@" "GSW" "L" -10 1 20.0333333333333 1 1 0 11.2 6 20.8 2.6 0 75 8.9 67 113 1.6 -3.7
"38" "33" 2005-01-18 28.34 "DEN" "@" "SEA" "W" 6 1 25.25 0.8 0.8 0 8.8 4.4 19 2.2 0 16.7 11 136 114 7.6 2.2
"39" "34" 2005-01-21 28.35 "DEN" "" "MEM" "W" 10 1 19.9666666666667 0.515 0.333 0 30.8 16.4 6.7 0 0 20.5 12.2 103 106 3.1 -5.2
"40" "35" 2005-01-23 28.35 "DEN" "@" "DAL" "L" -2 1 17.7833333333333 0.6 0.6 0 11.9 5.8 9.5 0 0 0 12.8 129 112 3.4 -3.5
"41" "36" 2005-01-25 28.36 "DEN" "@" "CHI" "L" -4 1 22.15 0.417 0.417 23 5.9 14.5 13.4 0 0 0 12.2 120 121 5.7 -1.6
"42" "37" 2005-01-26 28.36 "DEN" "@" "DET" "L" -17 1 14.1833333333333 0.41 0.25 13.7 35.2 23.1 15.2 8.1 0 17 19.8 91 85 4.7 5.8
"43" "38" 2005-01-28 28.37 "DEN" "@" "MIL" "W" 6 1 22.1833333333333 0.667 0.667 0 5 2.6 0 0 0 25 8.4 91 120 1.2 -9.8
"44" "39" 2005-01-29 28.37 "DEN" "@" "IND" "W" 7 1 14.0166666666667 1 1 0 0 0 36 0 0 66.7 10.4 84 114 1.8 -0.8
"45" "40" 2005-02-01 28.38 "DEN" "" "NYK" "W" 20 1 21.4 0.333 0.333 5.9 5.2 5.5 23.7 0 0 25 8.4 96 93 2.3 -2.5
"46" "41" 2005-02-02 28.38 "DEN" "@" "POR" "L" -3 1 16.35 0.902 0.833 0 21.7 10.2 0 0 0 0 10.7 197 121 6.6 4.5
"47" "42" 2005-02-05 28.39 "DEN" "" "GSW" "W" 16 1 19 0.833 0.833 0 5.2 2.9 27.2 2.6 0 25 18.7 118 97 8 7.9
"48" "43" 2005-02-08 28.4 "DEN" "" "UTA" "W" 10 1 23.1833333333333 0.546 0.5 4.8 0 2.3 23.8 2.4 3.2 0 14.7 131 103 8.3 4.6
"49" "44" 2005-02-09 28.4 "DEN" "@" "MIN" "L" -6 1 32.1333333333333 0.595 0.5 0 17.1 9.2 17.6 1.7 0 25.4 11.7 103 111 6.9 0.3
"50" "45" 2005-02-11 28.41 "DEN" "@" "CLE" "W" 5 0 21.1833333333333 0.508 0.5 6.5 12.7 9.7 35.6 10 3.4 0 17.1 130 94 12.6 19.2
"51" "46" 2005-02-13 28.41 "DEN" "@" "NJN" "L" -15 0 23.9 0.68 0.7 15.4 6.7 11.6 9.1 2.3 0 14.5 14 126 111 7.6 4.6
"52" "47" 2005-02-15 28.42 "DEN" "@" "ATL" "W" 4 0 9.41666666666667 NA NA 12.1 15.2 13.5 14 0 0 100 4.9 64 118 0.7 -8.1
"53" "" 2005-02-16 28.42 "DEN" "@" "CHA" "L" -6 NA NA NA NA NA NA NA NA NA NA NA NA NA NA NA NA
"54" "" 2005-02-23 28.44 "DEN" "" "BOS" "W" 21 NA NA NA NA NA NA NA NA NA NA NA NA NA NA NA NA
"55" "48" 2005-02-25 28.44 "DEN" "@" "MEM" "W" 3 0 0.383333333333333 NA NA 0 0 0 0 0 0 NA 0 0 110 0 -4.7
"56" "49" 2005-02-27 28.45 "DEN" "@" "NOH" "W" 1 0 4.71666666666667 0 0 0 0 0 0 0 0 0 9.3 0 114 -1.5 -24.6
"57" "50" 2005-03-01 28.45 "DEN" "" "ATL" "W" 23 0 21.3333333333333 0.25 0.25 5.7 21.8 14 35.6 10 0 20 10 102 68 7.5 9.9
"58" "51" 2005-03-03 28.46 "DEN" "" "IND" "W" 9 0 12.1333333333333 0 0 0 8.4 4.2 35.7 3.8 0 0 3.4 98 89 1.1 0.4
"59" "52" 2005-03-05 28.47 "DEN" "@" "LAC" "W" 16 0 18.85 1 1 12.6 0 6 6.7 0 0 0 2.4 212 108 3 -1.6
"60" "53" 2005-03-07 28.47 "DEN" "" "POR" "W" 13 0 21.8333333333333 1.183 1.2 0 19 7.8 7.4 4.5 0 0 12.9 226 94 17.3 18.2
"61" "54" 2005-03-12 28.48 "DEN" "@" "SAS" "W" 3 0 24.3 0.375 0.375 4.2 25.6 13.8 0 2.3 0 20 9.8 71 97 1.6 -5.9
"62" "55" 2005-03-13 28.49 "DEN" "" "PHO" "L" -5 1 19.2666666666667 0.875 0.875 0 10.5 5.1 11.6 2.6 0 0 18.3 161 110 12.7 14.2
"63" "56" 2005-03-16 28.5 "DEN" "" "CHA" "W" 19 0 25.05 0.405 0.25 10.4 0 4.6 8.7 6.1 0 10.4 16.9 105 105 6 -5.5
"64" "57" 2005-03-18 28.5 "DEN" "" "LAC" "W" 19 0 16.5666666666667 0.935 1.1 0 6.1 3.5 0 3.2 0 0 16.8 162 102 8.8 8.3
"65" "58" 2005-03-20 28.51 "DEN" "" "MIL" "W" 11 0 19.5666666666667 0.436 0.417 15.5 11.4 13.2 13.3 5.3 0 0 16.8 119 109 6 0.2
"66" "59" 2005-03-22 28.51 "DEN" "" "WAS" "W" 29 0 26.7166666666667 0.47 0.5 9.1 10.9 10.1 11.9 3.4 0 0 10.9 126 95 7.3 -0.2
"67" "60" 2005-03-24 28.52 "DEN" "" "LAL" "W" 21 0 19.3166666666667 0.654 0.583 5.5 25.5 15.8 20.7 2.4 0 0 14.4 154 92 10.9 9.7
"68" "61" 2005-03-26 28.52 "DEN" "" "SAC" "W" 14 0 28.8166666666667 0.854 0.833 0 11.3 6 4.3 7 0 0 9.6 179 97 13.2 9.9
"69" "62" 2005-03-28 28.53 "DEN" "@" "PHO" "L" -9 0 23.3333333333333 0.833 0.833 9.9 17.4 13.4 11.7 6.5 0 14.3 12.6 153 118 12.3 9.8
"70" "63" 2005-03-30 28.53 "DEN" "@" "UTA" "W" 11 0 17.5 0.902 0.833 8.6 6.7 7.5 8.5 0 0 0 10.4 191 110 6.2 4.5
"71" "64" 2005-04-01 28.54 "DEN" "" "SAS" "W" 18 0 12.95 0 0 0 0 0 10.9 0 0 50 7.1 25 110 -1.4 -12.2
"72" "" 2005-04-02 28.54 "DEN" "@" "POR" "W" 6 NA NA NA NA NA NA NA NA NA NA NA NA NA NA NA NA
"73" "" 2005-04-05 28.55 "DEN" "@" "MEM" "W" 3 NA NA NA NA NA NA NA NA NA NA NA NA NA NA NA NA
"74" "" 2005-04-06 28.55 "DEN" "@" "NOH" "W" 11 NA NA NA NA NA NA NA NA NA NA NA NA NA NA NA NA
"75" "65" 2005-04-08 28.56 "DEN" "@" "MIN" "W" 3 0 25.6333333333333 0 0 8.5 19.6 14.3 4.2 2 0 0 5.3 61 105 1.3 -7.9
"76" "66" 2005-04-09 28.56 "DEN" "" "SEA" "W" 16 0 20.5333333333333 NA NA 0 20.8 12.9 11.4 0 0 NA 0 213 113 1.8 -3.6
"77" "67" 2005-04-11 28.57 "DEN" "" "GSW" "W" 16 0 10.9666666666667 1.064 1 0 0 0 0 0 0 0 7.2 230 110 2.9 -3.9
"78" "" 2005-04-13 28.57 "DEN" "" "NOH" "W" 14 NA NA NA NA NA NA NA NA NA NA NA NA NA NA NA NA
"79" "" 2005-04-15 28.58 "DEN" "" "MEM" "W" 9 NA NA NA NA NA NA NA NA NA NA NA NA NA NA NA NA
"80" "68" 2005-04-16 28.58 "DEN" "@" "HOU" "L" -28 0 19.2666666666667 0.551 0.5 12.6 22.3 17.1 9.7 2.8 0 15.5 15.8 107 123 5.1 0.5
"81" "69" 2005-04-18 28.59 "DEN" "@" "PHO" "L" -14 0 20.5333333333333 0.8 0.8 0 33.3 13.8 13.8 9.2 0 16.7 11.4 138 106 11.2 13.7
"82" "70" 2005-04-19 28.59 "DEN" "" "POR" "W" 4 0 30.9833333333333 0.786 0.786 10.3 13.2 11.8 8.1 3 2.1 12.5 10.2 146 108 12.5 4.4
"1" "1" 2005-11-01 29.13 "DEN" "@" "SAS" "L" -11 0 7.63333333333333 0 0 0 49.6 24.5 0 0 0 0 6.1 0 107 0.2 -8.7
"2" "2" 2005-11-02 29.13 "DEN" "" "LAL" "L" -2 0 29.6333333333333 0.625 0.625 3.7 17.4 9.9 14.7 4.9 0 20 7.1 112 84 7.8 6.3
"3" "3" 2005-11-04 29.13 "DEN" "" "POR" "W" 39 0 20.1666666666667 0.563 0.5 0 19.5 11.4 16.9 4.9 0 0 9.2 142 64 8.2 7.5
"4" "4" 2005-11-06 29.14 "DEN" "@" "LAL" "L" -20 0 18.65 0.25 0.25 6.3 0 3.3 33.8 0 3.7 0 9.2 96 123 3 -1.4
"5" "5" 2005-11-09 29.15 "DEN" "" "SAC" "W" 16 0 12.1833333333333 0.25 0.25 0 33.5 17.1 10.4 0 6.6 0 14.1 83 94 1 -7
"6" "6" 2005-11-11 29.15 "DEN" "@" "SAC" "L" -16 0 7.11666666666667 1 1 0 0 0 0 0 0 0 6 200 114 1.3 -1.8
"7" "7" 2005-11-13 29.16 "DEN" "" "MIN" "W" 11 0 24.6166666666667 0.5 0.5 15 4.3 9.3 0 2.1 0 14.3 12.1 105 103 3.8 -5.3
"8" "8" 2005-11-15 29.16 "DEN" "@" "DAL" "L" -3 0 13.4 0.667 0.667 0 0 0 0 8.1 0 0 10.1 135 89 3.9 6.3
"9" "9" 2005-11-16 29.17 "DEN" "@" "NOK" "W" 10 0 8.73333333333333 0 0 0 10.6 6.1 0 0 0 0 10.9 0 90 -2.3 -19.1
"10" "10" 2005-11-18 29.17 "DEN" "" "NYK" "W" 9 0 19.8166666666667 0.436 0.333 6.4 17.9 13.2 7.4 0 0 0 7.9 113 90 2.3 -5.5
"11" "11" 2005-11-20 29.18 "DEN" "" "MEM" "W" 16 0 15.2333333333333 0.5 0.5 0 13.1 6.4 21.3 0 0 12.5 23 100 100 3.9 -1
"12" "12" 2005-11-22 29.18 "DEN" "@" "WAS" "W" 3 0 29.1 0.833 0.833 0 3.7 2 16.3 1.6 2.3 25 11.5 117 106 9.1 5.6
"13" "13" 2005-11-23 29.19 "DEN" "@" "DET" "L" -25 0 17.15 1.031 1.167 6.1 28 16.3 21.9 3.2 0 0 10 202 118 9.8 14.6
"14" "14" 2005-11-25 29.19 "DEN" "" "LAC" "W" 10 0 29.2833333333333 0.25 0.25 3.8 8.6 6.1 24.6 1.7 0 14.3 10.9 78 100 3.2 -1.2
"15" "15" 2005-11-28 29.2 "DEN" "" "NJN" "L" -9 0 30.35 0.333 0.333 0 24.3 10.7 5.8 0 0 25 5.7 64 114 0.2 -10.9
"16" "" 2005-11-30 29.21 "DEN" "" "NOK" "L" -7 NA NA NA NA NA NA NA NA NA NA NA NA NA NA NA NA
"17" "16" 2005-12-02 29.21 "DEN" "@" "PHO" "L" -5 0 27.45 0.25 0.25 4.1 7.9 6 0 0 0 20 7.4 53 103 -1.3 -6.8
"18" "17" 2005-12-03 29.21 "DEN" "" "MIA" "W" 2 1 29.2166666666667 0.75 0.75 0 29.5 13.7 26.1 3.7 0 0 6.3 164 101 11.1 9.8
"19" "18" 2005-12-06 29.22 "DEN" "" "ATL" "W" 9 1 32.7 0.538 0.5 0 10.5 6.1 3.7 6 0 0 9.7 131 112 8.7 1.4
"20" "19" 2005-12-09 29.23 "DEN" "@" "MIA" "W" 8 1 35.95 0.643 0.6 0 21.2 10.9 10.1 1.4 0 15.5 15.6 114 97 10.7 5.2
"21" "20" 2005-12-10 29.23 "DEN" "@" "ORL" "L" -11 1 19.0333333333333 0 0 0 11.2 6.1 9 8.1 0 25 9.7 12 89 0 -3.6
"22" "21" 2005-12-13 29.24 "DEN" "@" "CHA" "W" 16 1 22.75 0 0 0 4.6 2.6 17.1 2.2 0 0 4 73 92 1.6 -1.5
"23" "22" 2005-12-15 29.25 "DEN" "@" "CLE" "L" -9 1 35.8666666666667 0.759 0.722 0 12.2 5.4 0 4.6 0 0 12.5 159 103 13 8.2
"24" "23" 2005-12-16 29.25 "DEN" "@" "NJN" "L" -9 1 11.3666666666667 1 1 0 11.1 5.4 16.3 13.5 0 33.3 12.4 113 90 6.4 14.5
"25" "" 2005-12-18 29.25 "DEN" "@" "ATL" "L" -3 NA NA NA NA NA NA NA NA NA NA NA NA NA NA NA NA
"26" "" 2005-12-21 29.26 "DEN" "" "WAS" "L" -6 NA NA NA NA NA NA NA NA NA NA NA NA NA NA NA NA
"27" "24" 2005-12-23 29.27 "DEN" "" "HOU" "W" 22 0 19.0833333333333 0.444 0.357 0 4.3 2.4 28 5.1 0 20.2 21.3 93 88 5.2 1
"28" "25" 2005-12-26 29.28 "DEN" "@" "GSW" "W" 6 0 24.7666666666667 1.25 1.25 5.7 4.8 5.2 4.5 2.1 0 33.3 5.6 152 122 4.5 -0.7
"29" "26" 2005-12-27 29.28 "DEN" "" "PHI" "L" -2 0 19.6 0.563 0.5 0 19.3 9.1 13.6 8.1 0 0 10.1 134 104 7.5 5.9
"30" "27" 2005-12-29 29.28 "DEN" "" "SEA" "L" -7 1 33.05 0.354 0.333 3.2 3.8 3.5 3.7 4.5 0 9.2 14.1 77 115 3.6 -5.9
"31" "28" 2005-12-31 29.29 "DEN" "" "SAS" "L" -10 1 19.5333333333333 0.5 0.5 4.9 25.9 14 20.9 0 4.6 25 8.8 98 108 3.9 2.7
"32" "29" 2006-01-02 29.3 "DEN" "" "BOS" "W" 10 1 29.0666666666667 0.805 0.75 4.9 15.5 10 15.1 1.6 0 0 13.9 168 113 14.9 5.8
"33" "30" 2006-01-04 29.3 "DEN" "" "IND" "W" 20 1 32.8666666666667 1.011 1 4.2 9.1 7 9.1 0 0 26.9 10.4 139 102 9.3 2
"34" "31" 2006-01-06 29.31 "DEN" "" "DAL" "L" -2 1 28.4666666666667 0.6 0.6 0 19.1 8.8 11.7 0 0 0 15.9 123 117 8.4 1
"35" "32" 2006-01-08 29.31 "DEN" "@" "HOU" "W" 2 1 30.85 0.484 0.444 0 19.4 10.7 0 1.7 0 8.8 17.8 89 100 4.8 -4.1
"36" "33" 2006-01-10 29.32 "DEN" "" "PHO" "W" 2 1 22.5166666666667 0.667 0.667 0 18.2 9.6 24.6 0 0 0 6.2 163 122 5.6 3.2
"37" "" 2006-01-13 29.33 "DEN" "@" "MIN" "L" -14 NA NA NA NA NA NA NA NA NA NA NA NA NA NA NA NA
"38" "" 2006-01-14 29.33 "DEN" "@" "MIL" "W" 7 NA NA NA NA NA NA NA NA NA NA NA NA NA NA NA NA
"39" "34" 2006-01-16 29.33 "DEN" "@" "CHI" "W" 3 0 13.3833333333333 0 0 0 19.4 8.6 0 3.9 0 0 6.8 0 96 -1 -9.7
"40" "35" 2006-01-18 29.34 "DEN" "" "CLE" "W" 1 0 12.7666666666667 0.5 0.5 0 8.2 4 0 0 0 0 7.3 110 109 1.3 -4.1
"41" "36" 2006-01-20 29.35 "DEN" "" "UTA" "W" 30 0 25.55 0.814 0.7 4.9 18.4 12.7 5.5 0 2.4 12.9 13.9 151 92 10.5 2.8
"42" "37" 2006-01-22 29.35 "DEN" "@" "SAS" "W" 4 0 18.2 0 0 0 12.9 6.4 15.1 2.9 5.4 0 5.4 45 93 1.9 -0.8
"43" "38" 2006-01-23 29.35 "DEN" "" "TOR" "W" 6 0 18.7 0 0 13.9 6.1 9.7 20.8 0 0 0 4.8 103 114 1.2 -4.7
"44" "39" 2006-01-25 29.36 "DEN" "@" "POR" "W" 3 0 24.05 0.75 0.75 4.9 11.4 7.9 0 2.3 2.8 0 11.5 162 109 9 6
"45" "40" 2006-01-27 29.36 "DEN" "" "LAC" "L" -18 0 17.5666666666667 0.85 0.9 5.6 0 3.5 0 0 4.1 0 15.8 151 122 7.9 10.3
"46" "41" 2006-01-28 29.37 "DEN" "@" "LAC" "L" -33 0 19.2666666666667 0.2 0.2 0 7.3 3.3 0 2.6 3.5 16.7 14.3 33 113 -0.5 -9.5
"47" "42" 2006-01-31 29.38 "DEN" "@" "SAC" "L" -7 0 29.2166666666667 0.557 0.5 7.5 7.5 7.5 0 1.7 2.6 0 15.8 124 106 9.2 3.4
"48" "43" 2006-02-01 29.38 "DEN" "@" "UTA" "L" -13 1 27.1833333333333 0.82 0.75 0 0 0 10.9 2.1 0 0 9.8 165 128 7.2 2.2
"49" "44" 2006-02-04 29.39 "DEN" "" "POR" "W" 1 1 19.7833333333333 0.694 0.75 0 6.4 3.1 7.5 7.8 0 0 13.2 141 102 8.8 9.1
"50" "45" 2006-02-06 29.39 "DEN" "@" "GSW" "L" -8 1 25.1833333333333 0.667 0.667 0 13 6.6 28.6 0 0 0 9.8 147 122 7.4 3.2
"51" "46" 2006-02-08 29.4 "DEN" "" "CHI" "L" -3 1 19.2333333333333 0 0 0 5.3 2.9 7.6 4.9 3.6 50 4.5 24 104 1.2 -1.6
"52" "47" 2006-02-10 29.4 "DEN" "" "DAL" "W" 9 1 37.3 0.357 0.333 0 3.9 1.9 6.3 9 2.3 8.2 14.4 76 94 8.9 1.2
"53" "48" 2006-02-12 29.41 "DEN" "@" "SEA" "W" 8 1 36.4 0.368 0.35 3.6 6.2 5 7.9 1.5 2 8.4 14.8 89 117 3.2 -7.5
"54" "49" 2006-02-15 29.42 "DEN" "" "PHO" "L" -15 1 29.8166666666667 0.455 0.444 0 15.3 7.2 4.5 7.9 5 9.2 15.4 83 99 10.8 4.9
"55" "50" 2006-02-21 29.43 "DEN" "" "CHA" "W" 16 1 33.7666666666667 0.792 0.792 0 19.9 11.1 10.7 2.9 0 25 20.2 102 83 14.5 5.9
"56" "" 2006-02-24 29.44 "DEN" "@" "MIN" "W" 1 NA NA NA NA NA NA NA NA NA NA NA NA NA NA NA NA
"57" "" 2006-02-27 29.45 "DEN" "" "MIL" "L" -21 NA NA NA NA NA NA NA NA NA NA NA NA NA NA NA NA
"58" "" 2006-03-01 29.45 "DEN" "" "DET" "W" 11 NA NA NA NA NA NA NA NA NA NA NA NA NA NA NA NA
"59" "51" 2006-03-03 29.46 "DEN" "@" "HOU" "L" -11 0 18.3833333333333 0.167 0.167 0 6.4 2.7 66.7 2.8 4.9 14.3 15.8 70 96 2.9 3.5
"60" "52" 2006-03-04 29.46 "DEN" "" "ORL" "W" 16 0 20.3 0.75 0.75 8.8 11.8 10.6 10.4 2.6 3.5 0 4.4 185 101 5.6 6.7
"61" "53" 2006-03-06 29.47 "DEN" "" "MEM" "W" 14 0 22.4166666666667 0.75 0.75 9.3 11 10.4 0 0 3.1 20 10.6 115 106 4.2 -1.1
"62" "54" 2006-03-09 29.48 "DEN" "@" "PHI" "W" 4 0 23.2166666666667 0.583 0.583 5.2 3.7 4.3 13.9 2.2 0 0 11.6 127 103 7 3.3
"63" "55" 2006-03-10 29.48 "DEN" "@" "TOR" "W" 11 0 29.45 0.773 0.773 0 6.4 3.8 0 0 0 0 18.8 153 117 10.3 3.5
"64" "56" 2006-03-12 29.48 "DEN" "@" "BOS" "L" -5 0 23.1333333333333 0.597 0.6 0 16.4 9 0 0 0 15.5 26 91 115 4.9 -5
"65" "57" 2006-03-13 29.49 "DEN" "@" "NYK" "W" 12 0 28.2 0.563 0.563 0 7.6 4 0 5.7 0 11.1 15.1 102 101 6 1
"66" "58" 2006-03-15 29.49 "DEN" "@" "IND" "W" 2 0 26.9666666666667 0.75 0.75 0 14.8 8.2 4.7 0 0 0 3.4 158 110 2.3 -3
"67" "59" 2006-03-17 29.5 "DEN" "@" "MEM" "L" -14 0 22.6666666666667 0.417 0.417 0 0 0 12.5 0 0 14.3 15.6 86 139 1.2 -9.1
"68" "60" 2006-03-18 29.5 "DEN" "@" "NOK" "W" 15 0 32.2166666666667 0.633 0.633 3.8 13.9 9.1 10.1 4.9 2.4 11.8 24.4 113 97 15.5 8.1
"69" "61" 2006-03-22 29.51 "DEN" "" "SAS" "W" 12 0 29.9 0.542 0.542 0 13.1 7.6 0 1.7 0 7.7 18.5 116 98 6.6 1.1
"70" "62" 2006-03-24 29.52 "DEN" "" "SEA" "W" 13 0 20.8666666666667 0.75 0.75 0 12.1 7 12 0 0 0 7.6 165 104 4.7 -0.4
"71" "63" 2006-03-25 29.52 "DEN" "@" "PHO" "L" -11 0 19.25 1.5 1.5 0 0 0 0 2.4 0 66.7 6.7 74 110 0.9 -2.8
"72" "64" 2006-03-29 29.53 "DEN" "" "UTA" "L" -11 0 26.0666666666667 0.444 0.444 0 7.7 3.2 27.5 2.1 0 0 16.3 118 131 6.1 -0.4
"73" "65" 2006-03-31 29.54 "DEN" "" "MIN" "W" 12 0 30.0166666666667 0.444 0.444 6.4 16.4 10.8 10.2 1.7 0 0 12.4 119 102 6.7 -0.3
"74" "66" 2006-04-02 29.54 "DEN" "@" "DAL" "L" -24 0 31.4166666666667 0.313 0.313 3.7 9.9 6.4 11.8 1.7 0 0 11.7 83 116 2.3 -2.9
"75" "67" 2006-04-04 29.55 "DEN" "@" "LAC" "L" -2 1 20.7166666666667 0.742 0.643 0 0 0 21.9 0 0 18.6 24.4 122 121 9 0
"76" "68" 2006-04-06 29.55 "DEN" "" "LAL" "W" 2 1 41.2166666666667 0.711 0.688 2.6 5.6 4.1 11.7 2.6 0 19.2 11.2 123 112 10.2 2.2
"77" "69" 2006-04-08 29.56 "DEN" "" "GSW" "W" 3 1 34.75 0.5 0.5 0 9.2 4.5 38.8 0 0 15.4 17 102 106 7.8 0
"78" "70" 2006-04-10 29.56 "DEN" "@" "POR" "W" 12 0 28.4666666666667 0.45 0.45 0 19.6 10.9 4.7 9 0 16.7 18.9 83 90 8 -2.1
"79" "71" 2006-04-12 29.57 "DEN" "@" "UTA" "L" -21 1 27.35 0.597 0.55 4.5 17.1 11 7.9 0 0 0 19.8 121 117 10.2 1.6
"80" "72" 2006-04-15 29.58 "DEN" "" "SAC" "L" -18 0 26.25 0.2 0.2 0 4.7 2.2 12.1 0 2.8 28.6 12.6 42 121 -2.7 -14.6
"81" "73" 2006-04-17 29.58 "DEN" "" "HOU" "L" -3 1 10.3666666666667 0.694 0.5 0 21 10.4 0 5.1 0 25.8 17.1 105 88 3.2 1
"82" "" 2006-04-19 29.59 "DEN" "@" "SEA" "L" -11 NA NA NA NA NA NA NA NA NA NA NA NA NA NA NA NA
"1" "1" 2006-11-02 30.13 "DAL" "" "SAS" "L" -6 1 18.0666666666667 0 0 0 16.1 6.8 0 3 0 0 12.5 0 108 -2.3 -10.8
"2" "2" 2006-11-04 30.13 "DAL" "@" "HOU" "L" -31 1 22.2166666666667 0.276 0.2 0 21.6 9.4 16.1 0 0 15.5 13.9 67 124 0.4 -5.1
"3" "3" 2006-11-06 30.14 "DAL" "" "GSW" "L" -3 0 22.7333333333333 0.825 0.857 0 17.1 8.1 7.7 0 4.2 0 15.9 163 118 10.8 8.2
"4" "4" 2006-11-08 30.15 "DAL" "@" "LAC" "L" -18 0 21.7 0.625 0.625 0 10.8 5.1 8 0 0 0 8.4 131 117 2.3 -2.2
"5" "5" 2006-11-09 30.15 "DAL" "@" "PHO" "W" 7 0 15.6166666666667 NA NA 0 0 0 0 3.3 0 100 2.9 0 124 -0.4 -1.8
"6" "6" 2006-11-12 30.16 "DAL" "@" "POR" "W" 7 0 23.8333333333333 0.75 0.75 14.9 5.8 9.7 0 0 0 0 13 164 122 7.3 2.5
"7" "7" 2006-11-14 30.16 "DAL" "" "CHI" "W" 12 0 26.9833333333333 0.508 0.429 5.1 27.9 18.6 5.1 2 2.3 0 14.1 125 101 9.4 4.3
"8" "8" 2006-11-17 30.17 "DAL" "@" "MEM" "W" 12 0 19.1333333333333 0.403 0.25 0 0 0 6.9 0 0 13.9 16.8 84 121 1.1 -10.5
"9" "9" 2006-11-18 30.17 "DAL" "" "MEM" "W" 5 0 19.2 0.5 0.5 0 14.4 9.4 9.6 2.9 0 28.6 18.3 74 93 2.1 -3
"10" "10" 2006-11-20 30.18 "DAL" "@" "CHA" "W" 8 0 25.7166666666667 0.875 0.875 8.1 14.4 11 7.1 4.2 0 20 8.5 142 92 8.2 7.8
"11" "11" 2006-11-21 30.18 "DAL" "" "WAS" "W" 27 0 27.7833333333333 0.688 0.688 0 15 6.9 10.8 0 0 0 12 157 91 8 5.5
"12" "12" 2006-11-24 30.19 "DAL" "@" "SAS" "W" 3 0 9.7 0 0 0 0 0 13 0 0 0 4.9 58 109 0 -2.5
"13" "13" 2006-11-25 30.19 "DAL" "" "NOK" "W" 12 0 15.6 0 0 0 0 0 0 3.3 0 0 9 0 83 -1.9 -7.4
"14" "14" 2006-11-27 30.2 "DAL" "" "MIN" "W" 6 0 8.25 0.5 0.5 0 13.9 8 0 0 0 0 23.7 110 108 2.3 -2.4
"15" "15" 2006-11-29 30.2 "DAL" "" "TOR" "W" 19 0 16.6833333333333 0.5 0.5 0 12.5 6.9 0 0 0 0 14.1 108 111 2.5 -4.4
"16" "16" 2006-12-01 30.21 "DAL" "" "SAC" "W" 19 0 7.5 0.75 0.75 0 27.8 14.7 0 0 0 33.3 18.1 80 95 1.2 -3.2
"17" "17" 2006-12-04 30.22 "DAL" "@" "WAS" "L" -9 0 5.35 0.5 0.5 0 0 0 0 10.1 0 33.3 26.5 58 107 1 -3.4
"18" "18" 2006-12-05 30.22 "DAL" "@" "NJN" "W" 17 0 1.05 NA NA 0 0 0 0 0 0 NA 0 0 101 0 -4.1
"19" "19" 2006-12-07 30.22 "DAL" "" "DET" "L" -10 0 7.65 0 0 0 45.9 23.5 20.2 7.3 0 0 6.4 45 84 1.1 3.1
"20" "20" 2006-12-09 30.23 "DAL" "" "DEN" "W" 15 0 16.7 0.25 0.25 0 11.1 6.2 22.6 0 0 20 12.5 81 101 0.5 -4
"21" "21" 2006-12-11 30.24 "DAL" "@" "UTA" "L" -22 0 21.4166666666667 0.25 0.25 0 16 6.6 9.4 5 0 0 13.9 60 108 1.3 -1.8
"22" "22" 2006-12-13 30.24 "DAL" "" "LAL" "W" 9 0 18.5666666666667 0.532 0 0 5.9 3.7 0 0 0 34.7 7.6 77 119 -1 -9.6
"23" "23" 2006-12-15 30.25 "DAL" "" "PHI" "W" 14 0 30.5833333333333 0.689 0.667 0 0 0 12 0 0 9.6 17.5 127 103 9.1 4.1
"24" "24" 2006-12-16 30.25 "DAL" "@" "NOK" "W" 11 0 8.38333333333333 0.667 0.667 0 0 0 0 0 0 0 17 131 95 2.7 4.2
"25" "25" 2006-12-18 30.25 "DAL" "@" "SAC" "W" 18 0 20.4666666666667 0.651 0.611 0 9.4 5.8 7.7 0 0 15.7 30.4 111 108 7.4 -3
"26" "26" 2006-12-20 30.26 "DAL" "@" "SEA" "W" 8 0 13.5333333333333 0.5 0.5 10.7 0 5.3 11.3 4.1 4.9 0 10.1 146 105 4.4 10.4
"27" "27" 2006-12-22 30.27 "DAL" "" "LAC" "W" 32 0 23.1666666666667 0.25 0.25 0 10.9 5.4 15.6 2.4 0 20 10.2 77 95 1.9 -2.8
"28" "28" 2006-12-26 30.28 "DAL" "" "CHA" "W" 13 0 21.8333333333333 0.51 0.4 6.1 13.2 10.2 6.7 0 0 14.5 15 104 99 3 -4.8
"29" "29" 2006-12-28 30.28 "DAL" "" "PHO" "W" 2 0 13.6833333333333 0.425 0.3 0 11.3 4.5 11.1 3.6 0 14.5 20.8 89 102 2.1 -1.7
"30" "30" 2006-12-30 30.29 "DAL" "" "NOK" "W" 14 0 19.8 0 0 0 12.1 6 13.9 0 0 0 7.4 33 96 -0.5 -7.6
"31" "31" 2006-12-31 30.29 "DAL" "@" "DEN" "W" 4 0 24.0333333333333 0.506 0.45 4.8 4.5 4.6 15.4 6.1 0 8.4 21.3 106 82 9.2 7.9
"32" "32" 2007-01-02 30.3 "DAL" "" "SEA" "W" 24 0 24 0.357 0.357 4.7 8.9 6.8 19.4 2.4 0 0 13.2 125 106 3.3 -2.2
"33" "33" 2007-01-04 30.3 "DAL" "" "IND" "W" 9 0 13.95 0.5 0.5 7.6 0 3.9 11.1 3.8 0 16.7 19.7 99 104 3.7 4.2
"34" "34" 2007-01-05 30.3 "DAL" "@" "SAS" "W" 5 0 14.9166666666667 0.833 0.833 0 0 0 0 0 0 0 10.1 168 111 3.3 5.3
"35" "35" 2007-01-07 30.31 "DAL" "@" "LAL" "L" -3 0 8.61666666666667 0 0 11.9 38.4 22 14.7 0 0 0 10.3 57 117 -0.2 -11.1
"36" "36" 2007-01-09 30.32 "DAL" "@" "UTA" "W" 3 0 11.0333333333333 0 0 15 0 7.1 0 4.5 0 33.3 12.3 27 106 -1.5 -8.1
"37" "37" 2007-01-10 30.32 "DAL" "" "POR" "W" 25 0 16.9666666666667 0.556 0.556 8.6 12.9 11 11.9 0 0 0 28 120 96 6.9 1.8
"38" "38" 2007-01-12 30.32 "DAL" "@" "IND" "W" 2 0 18.3666666666667 0.25 0.25 6.3 17.7 12.2 16.9 3 0 0 9.9 95 112 2.4 -2.4
"39" "39" 2007-01-14 30.33 "DAL" "@" "TOR" "W" 1 0 7.8 0.532 0 14 0 8.2 0 7 0 0 10.9 146 102 2.6 4.5
"40" "40" 2007-01-16 30.33 "DAL" "" "HOU" "W" 13 0 24.5166666666667 0.625 0.625 5 0 2.6 0 0 0 0 7.6 147 121 3.7 -1
"41" "41" 2007-01-18 30.34 "DAL" "" "LAL" "W" 19 0 23.0833333333333 0.5 0.5 5.6 0 2.6 0 2.3 0 0 7.3 134 108 2.1 -4.1
"42" "42" 2007-01-21 30.35 "DAL" "@" "MIA" "W" 6 0 12.6 1 1 0 29.3 13.8 20.5 4.3 0 50 7.2 111 99 3.6 8.8
"43" "43" 2007-01-23 30.35 "DAL" "@" "ORL" "W" 16 0 7.85 1 1 0 0 0 0 0 0 0 6.6 200 117 0.9 -4.3
"44" "44" 2007-01-25 30.36 "DAL" "@" "CHI" "L" -11 0 23.0666666666667 0.75 0.75 7.2 13.6 10 9.1 4.8 2.8 0 7.5 164 102 9.7 10.7
"45" "45" 2007-01-27 30.36 "DAL" "" "SAC" "W" 2 0 3.81666666666667 NA NA 0 34.9 17.2 0 0 0 100 12.4 0 115 -1.5 -25.1
"46" "46" 2007-01-30 30.37 "DAL" "" "SEA" "W" 20 0 33.4 0.773 0.773 0 3.3 1.8 14.1 5 0 15.4 18.8 130 116 14.3 3.8
"47" "47" 2007-01-31 30.38 "DAL" "@" "MEM" "W" 1 0 26.15 0.75 0.75 9.2 10.2 9.7 5.7 2.1 0 0 3.6 178 106 5.3 3.8
"48" "48" 2007-02-03 30.38 "DAL" "" "MIN" "W" 1 0 9.98333333333333 0 0 0 11.7 5.7 15 5.8 0 50 18.9 13 104 -1.4 -13.7
"49" "49" 2007-02-07 30.39 "DAL" "" "MEM" "W" 16 0 19.9333333333333 0.25 0.25 0 12.3 5.7 18.7 0 0 20 11 72 114 0.9 -10
"50" "50" 2007-02-09 30.4 "DAL" "" "HOU" "W" 21 0 19.2166666666667 0.417 0.417 5.8 4.8 5.3 0 0 0 14.3 17.4 82 95 0.4 -8.3
"51" "51" 2007-02-11 30.41 "DAL" "@" "PHI" "W" 17 0 14.3166666666667 0.68 0.7 0 22.4 12.1 11.6 0 0 14.5 24.2 109 101 5.1 -1.2
"52" "52" 2007-02-13 30.41 "DAL" "@" "MIL" "W" 6 0 16.8833333333333 1.25 1.25 0 33.8 17.5 27.2 3.3 0 0 5.8 238 98 8.2 16.4
"53" "53" 2007-02-15 30.42 "DAL" "@" "HOU" "W" 3 1 26.2833333333333 0.25 0.25 4.6 9.1 6.8 6.5 4.3 0 0 7.6 78 88 2.4 1.5
"54" "54" 2007-02-22 30.44 "DAL" "" "MIA" "W" 12 1 23.0166666666667 0.5 0.5 6.3 8.7 7.7 6 0 0 20 10.3 97 113 2.2 -4.6
"55" "55" 2007-02-24 30.44 "DAL" "" "DEN" "W" 20 1 21.9 0.425 0.4 5.1 0 2.6 0 6.3 0 0 11 100 87 4.8 2.7
"56" "" 2007-02-26 30.45 "DAL" "" "ATL" "W" 23 NA NA NA NA NA NA NA NA NA NA NA NA NA NA NA NA
"57" "" 2007-02-27 30.45 "DAL" "@" "MIN" "W" 26 NA NA NA NA NA NA NA NA NA NA NA NA NA NA NA NA
"58" "56" 2007-03-01 30.45 "DAL" "" "CLE" "W" 3 1 13.8833333333333 0 0 0 0 0 0 3.9 5.4 0 6.8 0 96 -0.9 -5.4
"59" "57" 2007-03-03 30.46 "DAL" "" "ORL" "W" 5 1 13.4 0 0 0 40.9 22 9.4 0 0 0 11.9 26 117 -0.6 -15.3
"60" "58" 2007-03-06 30.47 "DAL" "" "NJN" "W" 13 1 27.6833333333333 0.714 0.714 0 8.3 4.3 5.2 2 0 12.5 13.6 127 103 6 2.8
"61" "59" 2007-03-11 30.48 "DAL" "@" "LAL" "W" 36 1 19.1166666666667 0.2 0.2 0 0 0 7.1 0 0 0 12.2 60 89 -2 -12
"62" "60" 2007-03-12 30.48 "DAL" "@" "GSW" "L" -17 1 35.3 0.628 0.571 9.5 0 5.2 9.9 1.4 0 0 10.2 156 125 10.6 2.1
"63" "61" 2007-03-14 30.49 "DAL" "" "PHO" "L" -2 0 26.1666666666667 0.615 0.5 4.1 0 2.4 0 0 0 45 7.3 77 128 -0.9 -8
"64" "" 2007-03-16 30.5 "DAL" "" "BOS" "W" 5 NA NA NA NA NA NA NA NA NA NA NA NA NA NA NA NA
"65" "" 2007-03-18 30.5 "DAL" "@" "DET" "W" 4 NA NA NA NA NA NA NA NA NA NA NA NA NA NA NA NA
"66" "" 2007-03-20 30.51 "DAL" "@" "NYK" "W" 15 NA NA NA NA NA NA NA NA NA NA NA NA NA NA NA NA
"67" "" 2007-03-21 30.51 "DAL" "@" "CLE" "W" 8 NA NA NA NA NA NA NA NA NA NA NA NA NA NA NA NA
"68" "62" 2007-03-23 30.52 "DAL" "@" "BOS" "W" 14 0 13.85 1 1 0 0 0 8.6 4 5.3 0 3.7 205 109 3.3 7.2
"69" "63" 2007-03-25 30.52 "DAL" "@" "ATL" "W" 7 0 10.2 0 0 0 10.9 6.1 0 0 0 0 14.5 0 111 -3 -22.5
"70" "64" 2007-03-27 30.53 "DAL" "@" "NOK" "W" 16 0 9.25 0 0 0 38 21.3 0 0 0 0 5.3 0 98 -0.2 -9.6
"71" "65" 2007-03-28 30.53 "DAL" "" "MIL" "W" 2 0 19.0833333333333 0.4 0.4 0 19.9 8.9 14.8 8 0 0 11.6 102 95 5.8 5.3
"72" "66" 2007-03-30 30.53 "DAL" "" "NYK" "W" 2 0 9.3 0 0 0 0 0 0 0 0 50 9.3 0 117 -2.5 -19.2
"73" "67" 2007-04-01 30.54 "DAL" "@" "PHO" "L" -22 0 19.0333333333333 1 1 0 25.2 8.3 8.1 3 0 0 5.1 204 143 4.9 3.7
"74" "68" 2007-04-03 30.55 "DAL" "@" "SAC" "W" 4 0 21.95 0.5 0.5 5.8 9.9 8 6.9 2.3 0 20 10.4 96 100 2.4 -1.9
"75" "69" 2007-04-06 30.55 "DAL" "@" "DEN" "L" -4 0 19.9 0 0 4.7 5.4 5 0 0 0 50 9.3 11 93 -3.2 -12.9
"76" "70" 2007-04-07 30.56 "DAL" "" "POR" "W" 12 0 25.75 0.4 0.4 5.6 4 4.7 0 0 0 16.7 11.5 77 92 0.5 -8.1
"77" "71" 2007-04-09 30.56 "DAL" "" "LAC" "W" 10 0 13.8666666666667 0 0 0 28.8 15.5 0 0 0 0 3.8 0 108 -0.6 -9.2
"78" "72" 2007-04-11 30.57 "DAL" "@" "MIN" "W" 17 0 27.6 0.4 0.4 0 13.4 6.1 0 0 0 16.7 9.7 70 101 0.4 -10.7
"79" "73" 2007-04-13 30.57 "DAL" "" "UTA" "L" -15 0 20.1666666666667 0 0 11.3 7 9.4 14.4 0 0 0 10.1 57 129 -0.5 -12
"80" "74" 2007-04-15 30.58 "DAL" "" "SAS" "W" 5 0 12.3 0.5 0.5 0 21.1 10.1 0 0 0 0 15.5 100 101 1.4 -4.1
"81" "75" 2007-04-17 30.58 "DAL" "@" "GSW" "L" -29 1 34.0666666666667 0.429 0.429 2.7 16.6 9.6 17.8 0 2.3 22.2 12 83 122 4 -5.1
"82" "76" 2007-04-18 30.59 "DAL" "@" "SEA" "W" 31 0 11.2666666666667 1.5 1.5 0 12.2 6.2 11 5 0 0 4.4 270 83 4.3 14.7
"1" "1" 2007-11-02 31.13 "MIN" "" "DEN" "L" -8 0 25.1666666666667 0.5 0.5 3.9 4.8 4.3 27.9 7.9 0 9.1 19.4 102 94 10.6 9
"2" "2" 2007-11-04 31.13 "MIN" "@" "NYK" "L" -4 0 27.75 0.689 0.667 4.3 24.7 13.8 0 2 0 17.5 19 121 110 8.3 1.6
"3" "3" 2007-11-06 31.14 "MIN" "" "ORL" "L" -8 1 39.2833333333333 0.648 0.615 0 9.2 4.5 11.7 0 0 12.6 18.3 118 126 10.7 -2
"4" "4" 2007-11-09 31.15 "MIN" "@" "LAL" "L" -14 1 36.9166666666667 0.349 0.292 2.5 3.1 2.7 11.8 1.4 0 7.2 15.5 89 119 3.3 -6.7
"5" "5" 2007-11-10 31.15 "MIN" "@" "SAC" "L" -7 1 22.3166666666667 0.571 0.571 0 21.5 10.6 39.3 0 0 0 13.7 147 113 9 7.5
"6" "6" 2007-11-14 31.16 "MIN" "" "SAC" "W" 5 0 14.05 0.75 0.75 0 30.1 15.3 8.9 0 0 50 13.1 79 116 1.6 -5.6
"7" "7" 2007-11-16 31.17 "MIN" "" "WAS" "L" -16 0 14.4 0.664 0 16.7 18.5 17.5 10.8 0 0 18.1 17.4 132 117 5.8 1.7
"8" "8" 2007-11-17 31.17 "MIN" "" "NOH" "L" -18 0 20.9333333333333 0.417 0.417 0 11.8 6 17.4 0 0 14.3 16.2 95 130 1.8 -7.5
"9" "9" 2007-11-21 31.18 "MIN" "" "CLE" "L" -11 0 27.2 0 0 0 9.3 4.5 19.1 0 0 33.3 5.2 58 114 -0.2 -9.1
"10" "10" 2007-11-23 31.19 "MIN" "@" "DEN" "L" -6 0 26.0833333333333 0.42 0 0 26.3 11.6 10.8 1.8 0 29.6 10.5 77 95 2.9 -5.6
"11" "11" 2007-11-24 31.19 "MIN" "" "ATL" "L" -7 0 24.6 0 0 5.9 14.3 10.5 5.7 4.8 0 40 10.1 24 111 -0.6 -10.9
"12" "12" 2007-11-26 31.19 "MIN" "@" "NOH" "W" 9 0 29.4166666666667 0.717 0.625 0 39.7 21.3 27.4 3.4 0 29.1 11.1 123 94 10.7 7
"13" "13" 2007-11-28 31.2 "MIN" "@" "DAL" "L" -6 0 15.3833333333333 0 0 0 16.9 7.4 0 0 4.7 33.3 8.6 0 119 -1.9 -11.8
"14" "14" 2007-11-30 31.21 "MIN" "" "SAS" "L" -15 0 16.7 0.7 0.7 0 0 0 0 6.7 0 28.6 19.8 96 117 2.7 -2.7
"15" "15" 2007-12-01 31.21 "MIN" "@" "MEM" "L" -29 0 17.3833333333333 0 0 0 0 0 0 2.9 0 0 5.1 0 116 -0.8 -11.8
"16" "16" 2007-12-04 31.22 "MIN" "" "LAL" "L" -21 0 18.6333333333333 0.311 0.333 0 0 0 0 5.4 0 23.7 19.6 50 116 -1.4 -13.4
"17" "17" 2007-12-06 31.22 "MIN" "@" "ATL" "L" -1 1 10.4333333333333 0.25 0.25 0 0 0 0 0 0 33.3 23.4 37 107 -3.2 -25.6
"18" "" 2007-12-08 31.23 "MIN" "" "PHO" "W" 7 NA NA NA NA NA NA NA NA NA NA NA NA NA NA NA NA
"19" "" 2007-12-11 31.24 "MIN" "@" "WAS" "L" -14 NA NA NA NA NA NA NA NA NA NA NA NA NA NA NA NA
"20" "" 2007-12-12 31.24 "MIN" "@" "PHI" "L" -4 NA NA NA NA NA NA NA NA NA NA NA NA NA NA NA NA
"21" "" 2007-12-14 31.24 "MIN" "" "SEA" "L" -11 NA NA NA NA NA NA NA NA NA NA NA NA NA NA NA NA
"22" "" 2007-12-15 31.25 "MIN" "@" "MIL" "L" -3 NA NA NA NA NA NA NA NA NA NA NA NA NA NA NA NA
"23" "" 2007-12-17 31.25 "MIN" "@" "MIA" "L" -4 NA NA NA NA NA NA NA NA NA NA NA NA NA NA NA NA
"24" "" 2007-12-19 31.26 "MIN" "" "GSW" "L" -13 NA NA NA NA NA NA NA NA NA NA NA NA NA NA NA NA
"25" "" 2007-12-21 31.26 "MIN" "" "IND" "W" 13 NA NA NA NA NA NA NA NA NA NA NA NA NA NA NA NA
"26" "" 2007-12-22 31.27 "MIN" "@" "NOH" "L" -34 NA NA NA NA NA NA NA NA NA NA NA NA NA NA NA NA
"27" "18" 2007-12-26 31.28 "MIN" "@" "GSW" "L" -4 0 11.7666666666667 0.5 0.5 0 0 0 13.2 4.1 0 0 6.6 130 106 2.3 2
"28" "" 2007-12-28 31.28 "MIN" "@" "POR" "L" -11 NA NA NA NA NA NA NA NA NA NA NA NA NA NA NA NA
"29" "19" 2007-12-29 31.28 "MIN" "@" "SEA" "L" -19 0 10.0666666666667 1 1 8.4 0 5 0 0 0 0 4.3 202 123 1.6 -7.9
"30" "" 2007-12-31 31.29 "MIN" "@" "LAC" "L" -9 NA NA NA NA NA NA NA NA NA NA NA NA NA NA NA NA
"31" "" 2008-01-02 31.3 "MIN" "" "POR" "L" -11 NA NA NA NA NA NA NA NA NA NA NA NA NA NA NA NA
"32" "20" 2008-01-04 31.3 "MIN" "" "DEN" "L" -11 0 3.65 0.5 0.5 0 0 0 0 13.6 0 33.3 34.7 61 100 1 -1.4
"33" "" 2008-01-06 31.31 "MIN" "" "DAL" "L" -23 NA NA NA NA NA NA NA NA NA NA NA NA NA NA NA NA
"34" "21" 2008-01-08 31.31 "MIN" "" "MIA" "W" 10 0 1.75 0.5 0.5 0 0 0 0 0 0 0 52.9 111 113 1 -4.5
"35" "22" 2008-01-11 31.32 "MIN" "@" "HOU" "L" -31 0 9.95 0 0 0 12.1 5.6 0 0 0 0 9.8 0 127 -1.5 -17
"36" "" 2008-01-12 31.32 "MIN" "@" "SAS" "L" -17 NA NA NA NA NA NA NA NA NA NA NA NA NA NA NA NA
"37" "23" 2008-01-15 31.33 "MIN" "" "GSW" "L" -7 0 15.4166666666667 0.515 0.333 7.1 8 7.5 9.2 0 0 0 10.6 138 116 2.8 -3.2
"38" "24" 2008-01-18 31.34 "MIN" "@" "PHO" "L" -20 0 7.85 NA NA 0 32.2 13.6 0 0 0 NA 0 0 125 -0.2 -11.8
"39" "25" 2008-01-19 31.34 "MIN" "@" "DEN" "L" -3 0 10.7166666666667 0 0 12.8 0 5.5 0 0 6.4 0 4.3 70 122 -0.1 -7.2
"40" "" 2008-01-21 31.35 "MIN" "@" "GSW" "W" 1 NA NA NA NA NA NA NA NA NA NA NA NA NA NA NA NA
"41" "" 2008-01-23 31.35 "MIN" "" "PHO" "W" 10 NA NA NA NA NA NA NA NA NA NA NA NA NA NA NA NA
"42" "" 2008-01-25 31.36 "MIN" "@" "BOS" "L" -1 NA NA NA NA NA NA NA NA NA NA NA NA NA NA NA NA
"43" "26" 2008-01-27 31.36 "MIN" "" "NJN" "W" 3 0 5.35 NA NA 0 43.8 20.4 0 0 0 NA 0 0 101 0.2 -7.8
"44" "" 2008-01-29 31.37 "MIN" "@" "CHI" "L" -11 NA NA NA NA NA NA NA NA NA NA NA NA NA NA NA NA
"45" "" 2008-01-30 31.37 "MIN" "" "CHI" "W" 16 NA NA NA NA NA NA NA NA NA NA NA NA NA NA NA NA
"46" "" 2008-02-01 31.38 "MIN" "" "LAC" "W" 21 NA NA NA NA NA NA NA NA NA NA NA NA NA NA NA NA
"47" "" 2008-02-04 31.39 "MIN" "" "HOU" "L" -6 NA NA NA NA NA NA NA NA NA NA NA NA NA NA NA NA
"48" "" 2008-02-08 31.4 "MIN" "" "BOS" "L" -2 NA NA NA NA NA NA NA NA NA NA NA NA NA NA NA NA
"49" "27" 2008-02-10 31.4 "MIN" "" "TOR" "L" -23 0 2.75 NA NA 0 41.6 20.5 54.5 0 0 100 17.3 35 113 0 -9.5
"50" "" 2008-02-12 31.41 "MIN" "@" "NJN" "L" -4 NA NA NA NA NA NA NA NA NA NA NA NA NA NA NA NA
"51" "28" 2008-02-13 31.41 "MIN" "" "LAL" "L" -25 0 2.65 NA NA 0 0 0 0 0 0 NA 0 0 123 -0.8 -21.8
"52" "" 2008-02-19 31.43 "MIN" "" "PHI" "W" 16 NA NA NA NA NA NA NA NA NA NA NA NA NA NA NA NA
"53" "" 2008-02-21 31.43 "MIN" "" "SAS" "L" -1 NA NA NA NA NA NA NA NA NA NA NA NA NA NA NA NA
"54" "" 2008-02-24 31.44 "MIN" "" "DAL" "L" -16 NA NA NA NA NA NA NA NA NA NA NA NA NA NA NA NA
"55" "" 2008-02-26 31.45 "MIN" "" "UTA" "W" 11 NA NA NA NA NA NA NA NA NA NA NA NA NA NA NA NA
"56" "" 2008-02-27 31.45 "MIN" "@" "TOR" "L" -22 NA NA NA NA NA NA NA NA NA NA NA NA NA NA NA NA
"57" "" 2008-02-29 31.45 "MIN" "@" "CLE" "L" -8 NA NA NA NA NA NA NA NA NA NA NA NA NA NA NA NA
"58" "" 2008-03-02 31.46 "MIN" "" "SEA" "L" -3 NA NA NA NA NA NA NA NA NA NA NA NA NA NA NA NA
"59" "29" 2008-03-04 31.47 "MIN" "" "CHA" "L" -20 0 16 0.5 0.5 0 16.2 8.1 8.3 3.4 0 40 15 63 119 1.2 -7.5
"60" "" 2008-03-05 31.47 "MIN" "@" "UTA" "L" -29 NA NA NA NA NA NA NA NA NA NA NA NA NA NA NA NA
"61" "" 2008-03-07 31.47 "MIN" "@" "SAC" "W" 8 NA NA NA NA NA NA NA NA NA NA NA NA NA NA NA NA
"62" "" 2008-03-08 31.48 "MIN" "@" "LAC" "W" 3 NA NA NA NA NA NA NA NA NA NA NA NA NA NA NA NA
"63" "" 2008-03-11 31.48 "MIN" "" "POR" "L" -7 NA NA NA NA NA NA NA NA NA NA NA NA NA NA NA NA
"64" "" 2008-03-14 31.49 "MIN" "@" "SEA" "W" 5 NA NA NA NA NA NA NA NA NA NA NA NA NA NA NA NA
"65" "" 2008-03-15 31.5 "MIN" "@" "POR" "L" -11 NA NA NA NA NA NA NA NA NA NA NA NA NA NA NA NA
"66" "" 2008-03-17 31.5 "MIN" "" "LAC" "W" 9 NA NA NA NA NA NA NA NA NA NA NA NA NA NA NA NA
"67" "" 2008-03-19 31.51 "MIN" "" "MEM" "W" 4 NA NA NA NA NA NA NA NA NA NA NA NA NA NA NA NA
"68" "" 2008-03-21 31.51 "MIN" "@" "IND" "L" -11 NA NA NA NA NA NA NA NA NA NA NA NA NA NA NA NA
"69" "" 2008-03-22 31.52 "MIN" "" "NYK" "W" 21 NA NA NA NA NA NA NA NA NA NA NA NA NA NA NA NA
"70" "" 2008-03-26 31.53 "MIN" "@" "HOU" "L" -11 NA NA NA NA NA NA NA NA NA NA NA NA NA NA NA NA
"71" "" 2008-03-28 31.53 "MIN" "@" "SAS" "L" -15 NA NA NA NA NA NA NA NA NA NA NA NA NA NA NA NA
"72" "" 2008-03-30 31.54 "MIN" "" "UTA" "W" 7 NA NA NA NA NA NA NA NA NA NA NA NA NA NA NA NA
"73" "" 2008-04-01 31.54 "MIN" "" "DET" "L" -4 NA NA NA NA NA NA NA NA NA NA NA NA NA NA NA NA
"74" "" 2008-04-02 31.55 "MIN" "@" "UTA" "L" -17 NA NA NA NA NA NA NA NA NA NA NA NA NA NA NA NA
"75" "" 2008-04-04 31.55 "MIN" "@" "PHO" "L" -29 NA NA NA NA NA NA NA NA NA NA NA NA NA NA NA NA
"76" "" 2008-04-06 31.56 "MIN" "" "MEM" "L" -12 NA NA NA NA NA NA NA NA NA NA NA NA NA NA NA NA
"77" "30" 2008-04-08 31.56 "MIN" "@" "CHA" "L" -2 0 31.0833333333333 0.722 0.722 3.9 16.5 9.1 11 3.3 0 10 13.4 148 125 12.2 5
"78" "" 2008-04-09 31.56 "MIN" "" "NOH" "L" -32 NA NA NA NA NA NA NA NA NA NA NA NA NA NA NA NA
"79" "" 2008-04-11 31.57 "MIN" "@" "ORL" "W" 1 NA NA NA NA NA NA NA NA NA NA NA NA NA NA NA NA
"80" "" 2008-04-12 31.57 "MIN" "@" "MEM" "W" 9 NA NA NA NA NA NA NA NA NA NA NA NA NA NA NA NA
"81" "" 2008-04-15 31.58 "MIN" "@" "DET" "L" -12 NA NA NA NA NA NA NA NA NA NA NA NA NA NA NA NA
"82" "31" 2008-04-16 31.58 "MIN" "" "MIL" "W" 9 0 3.9 0 0 0 0 0 0 0 0 0 11.3 0 106 -1.1 -23.1
"1" "1" 2008-10-29 32.12 "MEM" "@" "HOU" "L" -11 0 7.66666666666667 NA NA 13 13.9 13.5 0 0 0 100 12.2 17 101 -1.8 -20.9
"2" "" 2008-10-31 32.12 "MEM" "" "ORL" "W" 2 NA NA NA NA NA NA NA NA NA NA NA NA NA NA NA NA
"3" "" 2008-11-01 32.13 "MEM" "@" "CHI" "L" -10 NA NA NA NA NA NA NA NA NA NA NA NA NA NA NA NA
"4" "2" 2008-11-03 32.13 "MEM" "" "GSW" "W" 11 0 4.55 NA NA 0 0 0 29.3 11.6 0 NA 0 211 75 1.3 13.2
"5" "3" 2008-11-05 32.14 "MEM" "@" "SAC" "L" -5 0 15.3833333333333 0.375 0.375 0 0 0 22.4 3.6 0 0 12.5 111 117 2.6 -0.9
"6" "4" 2008-11-07 32.14 "MEM" "@" "GSW" "W" 5 0 4.11666666666667 0 0 0 22.9 12.1 0 0 0 0 19 0 104 -2 -29.5
"7" "5" 2008-11-09 32.15 "MEM" "@" "DEN" "L" -10 0 2.05 NA NA 0 50.9 25.7 0 0 0 100 42.7 0 93 -1.7 -45
"8" "" 2008-11-10 32.15 "MEM" "@" "PHO" "L" -5 NA NA NA NA NA NA NA NA NA NA NA NA NA NA NA NA
"9" "" 2008-11-12 32.16 "MEM" "" "NYK" "L" -29 NA NA NA NA NA NA NA NA NA NA NA NA NA NA NA NA
"10" "6" 2008-11-14 32.16 "MEM" "" "MIL" "L" -5 0 4.38333333333333 0 0 0 23.7 12.3 0 0 0 0 22.3 0 102 -1.1 -23
"11" "" 2008-11-18 32.17 "MEM" "" "SAC" "W" 15 NA NA NA NA NA NA NA NA NA NA NA NA NA NA NA NA
"12" "" 2008-11-21 32.18 "MEM" "@" "DAL" "L" -15 NA NA NA NA NA NA NA NA NA NA NA NA NA NA NA NA
"13" "" 2008-11-22 32.18 "MEM" "" "UTA" "L" -9 NA NA NA NA NA NA NA NA NA NA NA NA NA NA NA NA
"14" "7" 2008-11-24 32.19 "MEM" "" "SAS" "L" -13 0 7.6 0.521 0.5 0 18 8 0 0 0 0 18.5 110 113 1.9 -0.7
"15" "" 2008-11-26 32.19 "MEM" "@" "UTA" "L" -17 NA NA NA NA NA NA NA NA NA NA NA NA NA NA NA NA
"16" "" 2008-11-28 32.2 "MEM" "@" "SAS" "L" -11 NA NA NA NA NA NA NA NA NA NA NA NA NA NA NA NA
"17" "8" 2008-11-29 32.2 "MEM" "" "OKC" "L" -8 0 24 0.5 0.5 13.8 16.2 15.2 5.7 2.3 0 0 12.1 129 123 5.4 -2.4
"18" "9" 2008-12-03 32.21 "MEM" "@" "ATL" "L" -10 0 14.9666666666667 1.064 1 0 0 0 0 0 0 0 6.2 226 131 3.3 -0.7
"19" "10" 2008-12-05 32.22 "MEM" "" "LAC" "W" 12 0 4.05 NA NA 0 34.9 18.2 0 0 0 NA 0 0 96 0.3 -2.7
"20" "11" 2008-12-06 32.22 "MEM" "@" "NOH" "L" -19 0 16.6166666666667 0.4 0.4 0 28.9 11.9 10.6 0 0 0 14.9 88 123 1.7 -8
"21" "12" 2008-12-08 32.23 "MEM" "" "HOU" "W" 12 0 15.7333333333333 0.84 0.667 0 0 0 0 3.5 0 0 15.1 182 111 7.7 7.2
"22" "13" 2008-12-10 32.23 "MEM" "@" "OKC" "W" 6 0 18.75 0.6 0.6 0 8.3 3.5 8.4 5.7 0 0 12.6 130 110 5.5 0.2
"23" "14" 2008-12-12 32.24 "MEM" "" "CHI" "W" 7 0 2.86666666666667 0 0 0 0 0 0 0 0 0 31.4 0 113 -1.8 -41.6
"24" "15" 2008-12-14 32.24 "MEM" "" "MIA" "W" 16 0 5.43333333333333 NA NA 0 0 0 0 0 0 NA 0 0 117 0 -6.7
"25" "16" 2008-12-16 32.25 "MEM" "" "NOH" "L" -7 0 4.03333333333333 1 1 0 0 0 0 0 0 0 12.6 200 114 1.7 8.4
"26" "17" 2008-12-19 32.26 "MEM" "" "CHA" "L" -29 0 21.0833333333333 0.5 0.5 6 8.8 7.1 28.3 5.3 0 0 14.5 119 124 7.3 4.1
"27" "18" 2008-12-22 32.27 "MEM" "" "LAL" "L" -9 0 12.05 0 0 0 12.1 5.5 11.4 13.6 0 0 3.9 59 96 2.5 7.3
"28" "19" 2008-12-23 32.27 "MEM" "@" "DAL" "L" -18 0 20.3833333333333 0.621 0.583 9.8 6 8.1 0 0 0 0 15.1 135 119 5.5 -0.8
"29" "20" 2008-12-26 32.28 "MEM" "" "IND" "W" 3 0 13.2666666666667 1 1 18.1 0 9.3 9.7 4 0 0 3.5 200 114 3.6 3
"30" "21" 2008-12-27 32.28 "MEM" "@" "SAS" "L" -3 0 11.9 0 0 0 0 0 0 0 0 0 4.3 0 114 -1.1 -11.7
"31" "22" 2008-12-29 32.28 "MEM" "@" "MIN" "L" -10 0 9.21666666666667 NA NA 0 13.7 6.5 0 0 0 NA 0 0 115 -0.5 -10.9
"32" "23" 2008-12-30 32.29 "MEM" "" "PHO" "L" -12 0 3.85 NA NA 0 0 0 0 0 0 NA 0 0 116 -0.4 -11.6
"33" "24" 2009-01-02 32.3 "MEM" "" "SAS" "L" -11 0 11.9333333333333 0 0 9.1 26.8 16.3 13 0 0 0 7.8 48 109 0.6 -3.6
"34" "25" 2009-01-04 32.3 "MEM" "" "DAL" "W" 20 0 12.4666666666667 0.667 0.667 21.4 18.8 20 0 4.7 6.6 0 11.8 158 88 6 13.3
"35" "26" 2009-01-06 32.31 "MEM" "" "MIN" "L" -7 0 3.66666666666667 NA NA 0 0 0 0 0 0 NA 0 0 118 -0.4 -13.1
"36" "27" 2009-01-07 32.31 "MEM" "@" "NJN" "L" -11 0 21.8 1 1 0 15.7 6.3 20.1 0 0 50 4.4 121 114 2.2 -3
"37" "28" 2009-01-09 32.32 "MEM" "@" "TOR" "L" -21 0 14.0666666666667 0.5 0.5 0 21.3 9.6 0 0 5.5 0 7 101 116 1.9 -3.4
"38" "29" 2009-01-13 32.33 "MEM" "" "CLE" "L" -15 0 17.7166666666667 0.41 0.25 0 15.9 7.1 0 0 5.8 17 16.3 73 117 1.5 -5.8
"39" "30" 2009-01-16 32.33 "MEM" "" "UTA" "L" -10 0 22.7 0 0 0 21.9 9.3 6.6 0 0 42.9 14.3 8 120 -5.8 -21.1
"40" "31" 2009-01-19 32.34 "MEM" "" "DET" "L" -8 0 2.26666666666667 NA NA 0 0 0 0 0 0 NA 0 0 111 0 -5.2
"41" "32" 2009-01-21 32.35 "MEM" "@" "CHA" "L" -15 0 3.2 NA NA 0 0 0 0 0 0 100 15.4 0 123 -1 -22.5
"42" "" 2009-01-23 32.35 "MEM" "@" "NYK" "L" -20 NA NA NA NA NA NA NA NA NA NA NA NA NA NA NA NA
"43" "" 2009-01-24 32.36 "MEM" "" "NJN" "L" -11 NA NA NA NA NA NA NA NA NA NA NA NA NA NA NA NA
"44" "33" 2009-01-27 32.36 "MEM" "" "DEN" "L" -15 0 2.28333333333333 NA NA 0 53.9 25 0 0 0 NA 0 0 92 -0.1 -8.9
"45" "34" 2009-01-28 32.37 "MEM" "@" "OKC" "L" -12 0 1.1 NA NA 0 0 0 0 0 0 NA 0 0 123 0 -7.6
"46" "" 2009-01-31 32.38 "MEM" "" "LAL" "L" -17 NA NA NA NA NA NA NA NA NA NA NA NA NA NA NA NA
"47" "35" 2009-02-02 32.38 "MEM" "@" "WAS" "W" 16 0 26.15 0.765 0.8 9.2 20 14.9 16 4 0 14.5 12.2 144 101 11.1 7
"48" "36" 2009-02-04 32.39 "MEM" "" "HOU" "W" 11 0 16.35 0.532 0 0 23.5 14.1 0 3.4 0 0 5.8 123 99 2.3 -3
"49" "37" 2009-02-06 32.39 "MEM" "" "LAC" "L" -21 0 23.0333333333333 0.732 0.688 0 12.6 6 14.5 0 4.3 10.1 20.6 139 137 10.3 5.3
"50" "38" 2009-02-07 32.39 "MEM" "" "TOR" "W" 8 0 31.1833333333333 0.2 0.2 3.2 21.1 12.4 5.4 0 0 28.6 10.7 42 82 0 -7.9
"51" "39" 2009-02-09 32.4 "MEM" "" "NOH" "W" 5 0 31.3166666666667 0.254 0.143 7 7.9 7.5 5.8 0 0 0 10.9 89 101 0.9 -8.8
"52" "40" 2009-02-11 32.41 "MEM" "@" "PHI" "L" -4 0 31.7333333333333 0.7 0.7 4.3 26.7 15.3 15.4 1.8 0 37.5 11.9 99 104 5.3 0.8
"53" "41" 2009-02-17 32.42 "MEM" "@" "UTA" "L" -18 0 17.75 0.25 0.25 0 7.1 3.5 8.4 0 0 0 10.1 81 137 -0.6 -11.7
"54" "42" 2009-02-18 32.42 "MEM" "@" "POR" "L" -4 0 10.9666666666667 0 0 19.9 11.8 16.2 0 0 0 0 4.1 89 114 0.2 -8.4
"55" "43" 2009-02-20 32.43 "MEM" "" "SAC" "L" -9 0 25.7833333333333 0.6 0.6 3.4 14.7 8 24.5 0 3.9 16.7 8.9 126 121 6.2 -1
"56" "44" 2009-02-24 32.44 "MEM" "@" "CLE" "L" -15 0 18.65 0.25 0.25 13.2 7.1 10.3 8.2 3.1 4.9 0 10.4 85 113 2.1 -5.5
"57" "45" 2009-02-25 32.44 "MEM" "@" "IND" "L" -5 0 12.05 1.5 1.5 0 0 0 0 4.2 0 0 3.8 300 111 3.3 5.9
"58" "46" 2009-02-28 32.45 "MEM" "" "OKC" "L" -7 0 20.7166666666667 0.773 0.667 0 14.2 8.1 22.9 0 0 43.6 15.8 96 110 3.5 -3.7
"59" "47" 2009-03-03 32.46 "MEM" "@" "LAL" "L" -10 0 6.8 0 0 0 0 0 0 8.1 9.5 0 6.7 0 99 0.6 2.3
"60" "48" 2009-03-04 32.46 "MEM" "@" "LAC" "W" 23 0 24.3333333333333 0.625 0.625 5.8 22.5 14.3 5.2 2.1 0 0 15.2 135 102 8.8 -0.2
"61" "49" 2009-03-07 32.47 "MEM" "" "PHI" "L" -5 0 15.5333333333333 NA NA 0 13.4 7.7 7 0 0 100 5.9 25 122 -1.9 -11.8
"62" "50" 2009-03-08 32.47 "MEM" "@" "HOU" "L" -10 0 22.8333333333333 0.333 0.333 0 21 9.8 21.1 2.3 0 25 8.2 72 100 3.2 -0.9
"63" "51" 2009-03-11 32.48 "MEM" "@" "MIN" "L" -25 0 10.8666666666667 0 0 0 0 0 13.8 0 0 50 9.6 22 132 -1.4 -15.8
"64" "" 2009-03-13 32.49 "MEM" "@" "BOS" "L" -10 NA NA NA NA NA NA NA NA NA NA NA NA NA NA NA NA
"65" "" 2009-03-15 32.49 "MEM" "@" "DET" "W" 5 NA NA NA NA NA NA NA NA NA NA NA NA NA NA NA NA
"66" "" 2009-03-16 32.5 "MEM" "" "POR" "L" -11 NA NA NA NA NA NA NA NA NA NA NA NA NA NA NA NA
"67" "" 2009-03-18 32.5 "MEM" "" "DEN" "L" -2 NA NA NA NA NA NA NA NA NA NA NA NA NA NA NA NA
"68" "52" 2009-03-20 32.51 "MEM" "@" "NOH" "L" -12 0 12.55 0 0 0 21.9 10.6 27.3 0 0 33.3 11.6 30 111 -0.8 -8.2
"69" "53" 2009-03-21 32.51 "MEM" "" "BOS" "L" -18 0 21.7666666666667 0.313 0.313 13.8 26.7 19.1 7.7 7.4 0 0 16.3 95 104 5.2 1.2
"70" "54" 2009-03-23 32.52 "MEM" "@" "MIA" "L" -12 0 18.7666666666667 0.667 0.667 0 11.6 6.5 10.3 0 0 25 10.2 104 112 2.2 -3.5
"71" "55" 2009-03-27 32.53 "MEM" "@" "SAC" "W" 18 0 20.05 0 0 8.9 14.1 11.8 6.1 2.7 0 25 9.7 39 106 -0.9 -9
"72" "56" 2009-03-28 32.53 "MEM" "@" "POR" "L" -20 0 9.76666666666667 0.333 0.333 0 12 6.3 0 12.9 0 25 22.4 50 88 1.2 0.4
"73" "57" 2009-03-30 32.53 "MEM" "@" "GSW" "W" 5 0 10.4 0.266 0 0 21 10.9 0 0 0 34.7 11.5 38 113 -0.9 -15.5
"74" "58" 2009-04-01 32.54 "MEM" "" "WAS" "W" 5 0 7.71666666666667 1 1 0 16.4 8 39.1 0 0 50 11.7 116 120 0.8 -6.9
"75" "59" 2009-04-03 32.55 "MEM" "" "DAL" "W" 5 0 14.4166666666667 0.5 0.5 8.5 17.5 13 8.6 0 6.1 33.3 10.3 97 114 1.9 -3.1
"76" "60" 2009-04-04 32.55 "MEM" "@" "MIL" "W" 5 0 23.7 0.7 0.7 6.8 15.6 11.7 21.8 2.2 0 37.5 16 99 110 4.8 -2
"77" "61" 2009-04-07 32.56 "MEM" "" "POR" "L" -3 0 15.5333333333333 0 0 10.7 9.7 10.1 8.6 0 0 25 14 37 122 -1.4 -14.1
"78" "62" 2009-04-08 32.56 "MEM" "@" "ORL" "L" -3 0 7.38333333333333 NA NA 0 0 0 0 0 0 100 7.2 0 107 -1 -11.4
"79" "63" 2009-04-10 32.56 "MEM" "" "PHO" "W" 17 0 12.8166666666667 0 0 18.3 9.1 13.7 35.7 0 0 25 13.2 77 101 1.4 -3.8
"80" "" 2009-04-12 32.57 "MEM" "@" "LAL" "L" -17 NA NA NA NA NA NA NA NA NA NA NA NA NA NA NA NA
"81" "" 2009-04-13 32.57 "MEM" "@" "PHO" "L" -9 NA NA NA NA NA NA NA NA NA NA NA NA NA NA NA NA
"82" "" 2009-04-15 32.58 "MEM" "" "ATL" "W" 8 NA NA NA NA NA NA NA NA NA NA NA NA NA NA NA NA
