"Rk" "G" "Date" "Age" "Tm" "H/A" "Opp" "W/L" "By Amt" "GS" "MP" "TS%" "eFG%" "ORB%" "DRB%" "TRB%" "AST%" "STL%" "BLK%" "TOV%" "USG%" "ORtg" "DRtg" "GmSc" "BPM"
"1" "1" 2013-10-29 22.62 "LAC" "@" "LAL" "L" -13 0 1.06666666666667 1 1 0 0 0 0 0 0 0 41.2 200 127 1.7 32.2
"2" "2" 2013-10-31 22.63 "LAC" "" "GSW" "W" 11 0 0.3 NA NA 0 0 0 0 0 0 NA 0 0 122 0 -2.7
"3" "" 2013-11-01 22.63 "LAC" "@" "SAC" "W" 9 NA NA NA NA NA NA NA NA NA NA NA NA NA NA NA NA
"4" "3" 2013-11-04 22.64 "LAC" "" "HOU" "W" 19 0 4.11666666666667 0 0 0 0 0 23.8 0 0 0 20 36 124 -0.7 -17.8
"5" "" 2013-11-06 22.64 "LAC" "@" "ORL" "L" -8 NA NA NA NA NA NA NA NA NA NA NA NA NA NA NA NA
"6" "4" 2013-11-07 22.65 "LAC" "@" "MIA" "L" -5 0 0.333333333333333 NA NA 0 0 0 0 0 0 NA 0 0 120 0 -1.4
"7" "5" 2013-11-09 22.65 "LAC" "@" "HOU" "W" 13 0 9.05 0 0 11.3 26.5 18.3 0 0 0 0 14.3 27 102 -1.2 -16.1
"8" "" 2013-11-11 22.66 "LAC" "" "MIN" "W" 2 NA NA NA NA NA NA NA NA NA NA NA NA NA NA NA NA
"9" "6" 2013-11-13 22.66 "LAC" "" "OKC" "W" 8 0 5.55 0.532 0 0 64.9 30.5 0 0 0 34.7 20.3 80 100 1.2 -6.7
"10" "7" 2013-11-16 22.67 "LAC" "" "BRK" "W" 7 0 3.23333333333333 0 0 0 27.5 16.5 0 0 23.9 50 27.7 0 94 -0.7 -16.2
"11" "" 2013-11-18 22.68 "LAC" "" "MEM" "L" -4 NA NA NA NA NA NA NA NA NA NA NA NA NA NA NA NA
"12" "8" 2013-11-20 22.68 "LAC" "@" "MIN" "W" 4 0 12.45 0.75 0.75 0 8.2 4.4 0 0 0 20 18 102 104 3.3 4.2
"13" "9" 2013-11-21 22.68 "LAC" "@" "OKC" "L" -14 0 17.2833333333333 0.417 0.417 5.6 6.9 6.2 0 0 0 0 15.3 90 113 1.8 -5.3
"14" "10" 2013-11-23 22.69 "LAC" "" "SAC" "W" 1 0 13.6 0.375 0.375 0 15.7 8.3 0 0 0 20 16.8 56 109 -0.2 -8.1
"15" "11" 2013-11-24 22.69 "LAC" "" "CHI" "W" 39 0 26.0833333333333 0.5 0.5 5.4 11.3 8.9 4.3 0 0 0 11.1 115 95 4.5 -3.5
"16" "12" 2013-11-27 22.7 "LAC" "" "NYK" "W" 13 0 12.8 0.5 0.5 0 8 4.4 0 0 0 0 7.5 100 96 0.9 -2.8
"17" "13" 2013-11-29 22.71 "LAC" "@" "SAC" "W" 6 0 12.05 0.102 0 9.8 0 4.9 0 0 0 0 19.3 41 111 -1.5 -17.8
"18" "14" 2013-12-01 22.71 "LAC" "" "IND" "L" -5 0 19.3166666666667 1.126 1.125 0 5.4 2.7 0 2.6 0 0 10.3 228 113 10.1 14.2
"19" "15" 2013-12-04 22.72 "LAC" "@" "ATL" "L" -10 0 9.93333333333333 NA NA 0 26.1 12.7 12.4 0 0 NA 0 210 118 1.3 1.6
"20" "16" 2013-12-05 22.72 "LAC" "@" "MEM" "W" 20 0 20.6666666666667 0.9 0.9 0 11.3 6 0 0 0 16.7 13.5 133 96 5.9 6.7
"21" "17" 2013-12-07 22.73 "LAC" "@" "CLE" "L" -6 0 7.33333333333333 0 0 0 0 0 23.4 0 0 33.3 17.6 14 104 -2.5 -21.2
"22" "" 2013-12-09 22.73 "LAC" "@" "PHI" "W" 11 NA NA NA NA NA NA NA NA NA NA NA NA NA NA NA NA
"23" "" 2013-12-11 22.74 "LAC" "@" "BOS" "W" 8 NA NA NA NA NA NA NA NA NA NA NA NA NA NA NA NA
"24" "" 2013-12-12 22.74 "LAC" "@" "BRK" "L" -9 NA NA NA NA NA NA NA NA NA NA NA NA NA NA NA NA
"25" "" 2013-12-14 22.75 "LAC" "@" "WAS" "W" 16 NA NA NA NA NA NA NA NA NA NA NA NA NA NA NA NA
"26" "" 2013-12-16 22.75 "LAC" "" "SAS" "W" 23 NA NA NA NA NA NA NA NA NA NA NA NA NA NA NA NA
"27" "" 2013-12-18 22.76 "LAC" "" "NOP" "W" 13 NA NA NA NA NA NA NA NA NA NA NA NA NA NA NA NA
"28" "" 2013-12-21 22.77 "LAC" "" "DEN" "W" 21 NA NA NA NA NA NA NA NA NA NA NA NA NA NA NA NA
"29" "" 2013-12-22 22.77 "LAC" "" "MIN" "W" 4 NA NA NA NA NA NA NA NA NA NA NA NA NA NA NA NA
"30" "" 2013-12-25 22.78 "LAC" "@" "GSW" "L" -2 NA NA NA NA NA NA NA NA NA NA NA NA NA NA NA NA
"31" "" 2013-12-26 22.78 "LAC" "@" "POR" "L" -4 NA NA NA NA NA NA NA NA NA NA NA NA NA NA NA NA
"32" "" 2013-12-28 22.79 "LAC" "" "UTA" "W" 8 NA NA NA NA NA NA NA NA NA NA NA NA NA NA NA NA
"33" "" 2013-12-30 22.79 "LAC" "" "PHO" "L" -19 NA NA NA NA NA NA NA NA NA NA NA NA NA NA NA NA
"34" "" 2014-01-01 22.8 "LAC" "" "CHA" "W" 27 NA NA NA NA NA NA NA NA NA NA NA NA NA NA NA NA
"35" "" 2014-01-03 22.8 "LAC" "@" "DAL" "W" 7 NA NA NA NA NA NA NA NA NA NA NA NA NA NA NA NA
"36" "" 2014-01-04 22.81 "LAC" "@" "SAS" "L" -24 NA NA NA NA NA NA NA NA NA NA NA NA NA NA NA NA
"37" "" 2014-01-06 22.81 "LAC" "" "ORL" "W" 20 NA NA NA NA NA NA NA NA NA NA NA NA NA NA NA NA
"38" "" 2014-01-08 22.82 "LAC" "" "BOS" "W" 6 NA NA NA NA NA NA NA NA NA NA NA NA NA NA NA NA
"39" "" 2014-01-10 22.82 "LAC" "" "LAL" "W" 36 NA NA NA NA NA NA NA NA NA NA NA NA NA NA NA NA
"40" "" 2014-01-15 22.84 "LAC" "" "DAL" "W" 2 NA NA NA NA NA NA NA NA NA NA NA NA NA NA NA NA
"41" "18" 2014-01-17 22.84 "LAC" "@" "NYK" "W" 14 0 2.25 NA NA 0 38.1 21.5 0 0 0 NA 0 0 86 -0.1 -7.4
"42" "" 2014-01-18 22.84 "LAC" "@" "IND" "L" -14 NA NA NA NA NA NA NA NA NA NA NA NA NA NA NA NA
"43" "" 2014-01-20 22.85 "LAC" "@" "DET" "W" 9 NA NA NA NA NA NA NA NA NA NA NA NA NA NA NA NA
"44" "" 2014-01-22 22.85 "LAC" "@" "CHA" "L" -4 NA NA NA NA NA NA NA NA NA NA NA NA NA NA NA NA
"45" "19" 2014-01-24 22.86 "LAC" "@" "CHI" "W" 17 0 0.9 NA NA 0 100 62 0 0 0 NA 0 0 60 0.3 4.7
"46" "" 2014-01-25 22.86 "LAC" "@" "TOR" "W" 8 NA NA NA NA NA NA NA NA NA NA NA NA NA NA NA NA
"47" "20" 2014-01-27 22.87 "LAC" "@" "MIL" "W" 28 0 7.9 0.333 0.333 17.4 0 6.9 0 0 0 25 23.3 68 107 -0.4 -19.5
"48" "" 2014-01-29 22.87 "LAC" "" "WAS" "W" 7 NA NA NA NA NA NA NA NA NA NA NA NA NA NA NA NA
"49" "21" 2014-01-30 22.88 "LAC" "@" "GSW" "L" -19 0 3.66666666666667 0 0 0 0 0 0 0 0 0 12.6 0 128 -0.7 -16.2
"50" "22" 2014-02-01 22.88 "LAC" "" "UTA" "W" 15 0 1.5 1 1 0 0 0 0 0 0 0 31.6 200 115 1.7 25.6
"51" "" 2014-02-03 22.89 "LAC" "@" "DEN" "L" -1 NA NA NA NA NA NA NA NA NA NA NA NA NA NA NA NA
"52" "" 2014-02-05 22.89 "LAC" "" "MIA" "L" -4 NA NA NA NA NA NA NA NA NA NA NA NA NA NA NA NA
"53" "23" 2014-02-07 22.9 "LAC" "" "TOR" "W" 13 0 5.61666666666667 1.5 1.5 0 16.8 9.6 31.1 0 0 50 16 118 114 2.3 11.7
"54" "24" 2014-02-09 22.9 "LAC" "" "PHI" "W" 45 0 7.18333333333333 0.333 0.333 19.1 0 6.5 15.4 0 0 0 16.9 108 92 1.7 -3.7
"55" "25" 2014-02-12 22.91 "LAC" "" "POR" "W" 5 0 10.6166666666667 0.833 0.833 0 12.2 7 0 4.7 0 0 13.5 159 119 5 9.5
"56" "26" 2014-02-18 22.93 "LAC" "" "SAS" "L" -10 0 4.83333333333333 1.5 1.5 0 0 0 0 0 0 0 9.1 300 124 2.7 16.9
"57" "27" 2014-02-21 22.94 "LAC" "@" "MEM" "L" -6 0 3.38333333333333 0 0 0 0 0 0 0 0 0 12.8 0 113 -0.7 -16.1
"58" "28" 2014-02-23 22.94 "LAC" "@" "OKC" "W" 8 0 12.45 0 0 0 0 0 9.2 3.7 0 20 16.7 16 113 -2.9 -15
"59" "29" 2014-02-24 22.95 "LAC" "@" "NOP" "W" 13 0 6.03333333333333 0.5 0.5 0 47.7 26.5 0 0 0 0 23.1 97 104 2.2 -2.1
"60" "30" 2014-02-26 22.95 "LAC" "" "HOU" "W" 8 0 5.1 0 0 0 0 0 0 0 0 0 17.2 0 113 -1.4 -21.5
"61" "31" 2014-03-01 22.96 "LAC" "" "NOP" "W" 32 0 10.2833333333333 0.619 0.625 11.1 19.9 15.7 0 0 0 0 39.1 121 83 7.5 9.2
"62" "32" 2014-03-04 22.97 "LAC" "@" "PHO" "W" 8 0 7.25 0.375 0.375 0 28.2 15.4 0 0 0 0 25.8 78 101 1.2 -6.4
"63" "33" 2014-03-06 22.97 "LAC" "@" "LAL" "W" 48 0 12.85 0.786 0.786 8.3 7.2 7.7 0 6.6 0 0 20.2 163 78 9.9 15.1
"64" "" 2014-03-08 22.98 "LAC" "" "ATL" "W" 1 NA NA NA NA NA NA NA NA NA NA NA NA NA NA NA NA
"65" "" 2014-03-10 22.98 "LAC" "" "PHO" "W" 7 NA NA NA NA NA NA NA NA NA NA NA NA NA NA NA NA
"66" "" 2014-03-12 22.99 "LAC" "" "GSW" "W" 13 NA NA NA NA NA NA NA NA NA NA NA NA NA NA NA NA
"67" "" 2014-03-14 22.99 "LAC" "@" "UTA" "W" 9 NA NA NA NA NA NA NA NA NA NA NA NA NA NA NA NA
"68" "34" 2014-03-16 23 "LAC" "" "CLE" "W" 22 0 26.4166666666667 0.709 0.667 0 11.6 6.1 0 2 0 0 17 138 91 11.6 7
"69" "35" 2014-03-17 23 "LAC" "@" "DEN" "L" -10 0 25.6666666666667 0.2 0.2 7.2 12.2 9.5 5.8 3.8 0 9.1 17.4 56 111 0.6 -10.7
"70" "" 2014-03-22 23.02 "LAC" "" "DET" "W" 9 NA NA NA NA NA NA NA NA NA NA NA NA NA NA NA NA
"71" "" 2014-03-24 23.02 "LAC" "" "MIL" "W" 8 NA NA NA NA NA NA NA NA NA NA NA NA NA NA NA NA
"72" "" 2014-03-26 23.03 "LAC" "@" "NOP" "L" -2 NA NA NA NA NA NA NA NA NA NA NA NA NA NA NA NA
"73" "" 2014-03-27 23.03 "LAC" "@" "DAL" "W" 6 NA NA NA NA NA NA NA NA NA NA NA NA NA NA NA NA
"74" "36" 2014-03-29 23.04 "LAC" "@" "HOU" "W" 11 0 7.33333333333333 0 0 13.9 0 7.1 0 0 0 33.3 17.2 27 118 -2.1 -23.2
"75" "37" 2014-03-31 23.04 "LAC" "@" "MIN" "W" 10 0 13.7333333333333 0.3 0.3 0 14.6 7.7 0 3.5 0 16.7 18.4 55 100 0.1 -8
"76" "38" 2014-04-02 23.05 "LAC" "@" "PHO" "W" 4 0 4.51666666666667 0 0 0 0 0 0 0 0 0 10.1 0 131 -0.7 -14.9
"77" "39" 2014-04-03 23.05 "LAC" "" "DAL" "L" -6 0 2.06666666666667 0 0 0 0 0 0 0 0 0 21.2 0 129 -1.1 -35.6
"78" "40" 2014-04-06 23.06 "LAC" "" "LAL" "W" 23 0 10.2666666666667 0.375 0.375 0 9 5.2 22.1 0 0 0 16.9 103 104 2.3 -0.8
"79" "41" 2014-04-09 23.07 "LAC" "" "OKC" "L" -6 0 11.8 NA NA 0 8.5 4.2 0 0 0 NA 0 0 115 -0.5 -5.9
"80" "42" 2014-04-12 23.07 "LAC" "" "SAC" "W" 16 0 0.516666666666667 NA NA 0 0 0 0 0 0 NA 0 0 119 0 -4.2
"81" "" 2014-04-15 23.08 "LAC" "" "DEN" "W" 12 NA NA NA NA NA NA NA NA NA NA NA NA NA NA NA NA
"82" "43" 2014-04-16 23.08 "LAC" "@" "POR" "L" -6 0 16.1 0 0 0 10.3 5.6 17.5 0 0 33.3 8.4 32 119 -0.4 -9.4
"1" "" 2014-10-30 23.62 "LAC" "" "OKC" "W" 3 NA NA NA NA NA NA NA NA NA NA NA NA NA NA NA NA
"2" "" 2014-10-31 23.63 "LAC" "@" "LAL" "W" 7 NA NA NA NA NA NA NA NA NA NA NA NA NA NA NA NA
"3" "" 2014-11-02 23.63 "LAC" "" "SAC" "L" -6 NA NA NA NA NA NA NA NA NA NA NA NA NA NA NA NA
"4" "1" 2014-11-03 23.64 "LAC" "" "UTA" "W" 6 0 18.0333333333333 0.857 0.857 0 13.6 6.8 8.8 0 0 12.5 21.6 127 113 8.2 8.2
"5" "2" 2014-11-05 23.64 "LAC" "@" "GSW" "L" -17 0 12.1166666666667 1.5 1.5 0 27.3 11.5 11.6 0 0 0 3.7 272 126 3.6 5.1
"6" "" 2014-11-08 23.65 "LAC" "" "POR" "W" 4 NA NA NA NA NA NA NA NA NA NA NA NA NA NA NA NA
"7" "" 2014-11-10 23.65 "LAC" "" "SAS" "L" -4 NA NA NA NA NA NA NA NA NA NA NA NA NA NA NA NA
"8" "3" 2014-11-15 23.67 "LAC" "" "PHO" "W" 13 0 7.03333333333333 1.5 1.5 0 23.1 15.2 0 0 9.9 0 6.4 300 100 4 19.4
"9" "4" 2014-11-17 23.67 "LAC" "" "CHI" "L" -16 0 12.9333333333333 0 0 0 18.6 8.7 0 0 0 0 7.2 0 119 -1.2 -11.6
"10" "5" 2014-11-19 23.68 "LAC" "@" "ORL" "W" 24 0 3.6 1 1 0 0 0 0 0 0 0 13.6 200 107 1.7 4.8
"11" "6" 2014-11-20 23.68 "LAC" "@" "MIA" "W" 17 0 4.23333333333333 0 0 0 0 0 0 0 0 50 23.3 0 112 -1.7 -29.6
"12" "7" 2014-11-23 23.69 "LAC" "@" "MEM" "L" -16 0 2.75 0 0 0 0 0 0 0 0 0 35.1 0 121 -1.4 -33.2
"13" "8" 2014-11-24 23.69 "LAC" "@" "CHO" "W" 21 1 19.3166666666667 0.5 0.5 0 12.4 6.5 0 0 0 0 7.4 101 106 1.5 -3
"14" "9" 2014-11-26 23.7 "LAC" "@" "DET" "W" 6 1 16.6166666666667 0.509 0.417 0 13.8 7.5 0 6.5 0 0 19.6 112 100 5.4 1.4
"15" "10" 2014-11-28 23.7 "LAC" "@" "HOU" "W" 17 0 5.33333333333333 1.042 1 0 20 10.6 0 0 0 0 12.9 220 97 3 10.1
"16" "11" 2014-11-29 23.71 "LAC" "@" "UTA" "W" 16 0 4.66666666666667 0 0 0 25.7 13.9 0 11.7 0 0 10.5 0 84 0.2 -3.6
"17" "12" 2014-12-01 23.71 "LAC" "" "MIN" "W" 26 0 13.8166666666667 0.5 0.5 0 7.4 4.2 0 0 0 16.7 19 78 107 1.2 -10.8
"18" "" 2014-12-03 23.72 "LAC" "" "ORL" "W" 28 NA NA NA NA NA NA NA NA NA NA NA NA NA NA NA NA
"19" "" 2014-12-06 23.73 "LAC" "" "NOP" "W" 20 NA NA NA NA NA NA NA NA NA NA NA NA NA NA NA NA
"20" "" 2014-12-08 23.73 "LAC" "" "PHO" "W" 1 NA NA NA NA NA NA NA NA NA NA NA NA NA NA NA NA
"21" "" 2014-12-10 23.74 "LAC" "@" "IND" "W" 7 NA NA NA NA NA NA NA NA NA NA NA NA NA NA NA NA
"22" "" 2014-12-12 23.74 "LAC" "@" "WAS" "L" -8 NA NA NA NA NA NA NA NA NA NA NA NA NA NA NA NA
"23" "" 2014-12-13 23.75 "LAC" "@" "MIL" "L" -5 NA NA NA NA NA NA NA NA NA NA NA NA NA NA NA NA
"24" "13" 2014-12-15 23.75 "LAC" "" "DET" "W" 22 0 2.36666666666667 NA NA 0 44.1 24.7 0 0 0 NA 0 0 92 0.3 -1.8
"25" "" 2014-12-17 23.76 "LAC" "" "IND" "W" 2 NA NA NA NA NA NA NA NA NA NA NA NA NA NA NA NA
"26" "" 2014-12-19 23.76 "LAC" "@" "DEN" "L" -3 NA NA NA NA NA NA NA NA NA NA NA NA NA NA NA NA
"27" "14" 2014-12-20 23.76 "LAC" "" "MIL" "W" 4 0 14.45 1 1 0 0 0 9.9 0 0 0 3.2 210 117 2.4 -1.5
"28" "15" 2014-12-22 23.77 "LAC" "@" "SAS" "L" -7 0 10.7333333333333 1.5 1.5 0 33.1 13 0 0 8.3 0 4.1 300 129 3.6 6.8
"29" "16" 2014-12-23 23.77 "LAC" "@" "ATL" "L" -3 0 11.3166666666667 0 0 0 9.6 4.5 0 0 0 0 3.7 0 120 -1.2 -13.4
"30" "17" 2014-12-25 23.78 "LAC" "" "GSW" "W" 14 0 11.35 0 0 0 0 0 0 8.7 0 0 3.7 0 79 0.9 2.5
"31" "18" 2014-12-27 23.78 "LAC" "" "TOR" "L" -12 0 10 0.5 0.5 0 31.3 16.7 0 5.3 0 33.3 14.2 60 108 1.9 -3.3
"32" "19" 2014-12-29 23.79 "LAC" "" "UTA" "W" 4 0 11.9 NA NA 0 15.5 8.7 0 0 0 NA 0 0 106 0.2 -6.5
"33" "20" 2014-12-31 23.79 "LAC" "" "NYK" "W" 21 0 11.2666666666667 0 0 0 41 23.7 11.8 0 0 33.3 12.7 21 84 -0.2 -10.7
"34" "21" 2015-01-03 23.8 "LAC" "" "PHI" "W" 36 0 18.95 1.025 1.125 0 20.7 11.5 13.2 5.4 0 0 11.8 192 88 12.2 17.6
"35" "22" 2015-01-05 23.81 "LAC" "" "ATL" "L" -9 0 10.0833333333333 1 1 0 43.3 22.1 0 4.8 0 0 13 167 96 6.5 21.1
"36" "23" 2015-01-07 23.81 "LAC" "" "LAL" "W" 25 0 15.5333333333333 0.25 0.25 0 7.2 3.5 0 0 0 0 11.9 52 103 -0.5 -13.4
"37" "24" 2015-01-10 23.82 "LAC" "" "DAL" "W" 20 0 7.45 0.333 0.333 0 14 7.4 0 0 0 25 24 49 111 -0.4 -18.3
"38" "25" 2015-01-11 23.82 "LAC" "" "MIA" "L" -14 0 6.76666666666667 0 0 0 19.7 9.7 0 0 0 0 7.4 0 121 -0.4 -9.5
"39" "" 2015-01-14 23.83 "LAC" "@" "POR" "W" 6 NA NA NA NA NA NA NA NA NA NA NA NA NA NA NA NA
"40" "" 2015-01-16 23.84 "PHO" "" "MIN" "W" 11 NA NA NA NA NA NA NA NA NA NA NA NA NA NA NA NA
"41" "" 2015-01-19 23.85 "PHO" "" "LAL" "W" 15 NA NA NA NA NA NA NA NA NA NA NA NA NA NA NA NA
"42" "" 2015-01-21 23.85 "PHO" "" "POR" "W" 5 NA NA NA NA NA NA NA NA NA NA NA NA NA NA NA NA
"43" "" 2015-01-23 23.86 "PHO" "" "HOU" "L" -2 NA NA NA NA NA NA NA NA NA NA NA NA NA NA NA NA
"44" "26" 2015-01-25 23.86 "PHO" "" "LAC" "L" -20 0 2.51666666666667 0 0 0 0 0 0 0 29.8 0 18.5 0 117 0 -4.1
"45" "" 2015-01-28 23.87 "PHO" "" "WAS" "W" 8 NA NA NA NA NA NA NA NA NA NA NA NA NA NA NA NA
"46" "" 2015-01-30 23.88 "PHO" "" "CHI" "W" 6 NA NA NA NA NA NA NA NA NA NA NA NA NA NA NA NA
"47" "" 2015-01-31 23.88 "PHO" "@" "GSW" "L" -19 NA NA NA NA NA NA NA NA NA NA NA NA NA NA NA NA
"48" "" 2015-02-02 23.88 "PHO" "" "MEM" "L" -1 NA NA NA NA NA NA NA NA NA NA NA NA NA NA NA NA
"49" "27" 2015-02-05 23.89 "PHO" "@" "POR" "L" -21 0 1.91666666666667 NA NA 0 0 0 0 0 0 NA 0 0 121 0 -5.6
"50" "" 2015-02-06 23.9 "PHO" "" "UTA" "W" 7 NA NA NA NA NA NA NA NA NA NA NA NA NA NA NA NA
"51" "" 2015-02-08 23.9 "PHO" "@" "SAC" "L" -2 NA NA NA NA NA NA NA NA NA NA NA NA NA NA NA NA
"52" "" 2015-02-10 23.91 "PHO" "" "HOU" "L" -9 NA NA NA NA NA NA NA NA NA NA NA NA NA NA NA NA
"53" "28" 2015-02-20 23.93 "PHO" "@" "MIN" "L" -2 0 1.85 NA NA 0 0 0 0 0 0 NA 0 0 124 0 -7.5
"54" "" 2015-02-21 23.94 "PHO" "@" "CHI" "L" -5 NA NA NA NA NA NA NA NA NA NA NA NA NA NA NA NA
"55" "" 2015-02-23 23.94 "PHO" "" "BOS" "L" -5 NA NA NA NA NA NA NA NA NA NA NA NA NA NA NA NA
"56" "29" 2015-02-25 23.95 "PHO" "@" "DEN" "W" 14 0 0.5 1 1 0 0 0 0 0 0 0 77.4 200 109 1.7 83.2
"57" "" 2015-02-26 23.95 "PHO" "" "OKC" "W" 4 NA NA NA NA NA NA NA NA NA NA NA NA NA NA NA NA
"58" "30" 2015-02-28 23.96 "PHO" "" "SAS" "L" -27 0 14.05 0 0 0 0 0 13.7 0 4.7 50 6.1 17 104 -0.7 -5.4
"59" "" 2015-03-02 23.96 "PHO" "@" "MIA" "L" -17 NA NA NA NA NA NA NA NA NA NA NA NA NA NA NA NA
"60" "" 2015-03-04 23.97 "PHO" "@" "ORL" "W" 5 NA NA NA NA NA NA NA NA NA NA NA NA NA NA NA NA
"61" "" 2015-03-06 23.97 "PHO" "@" "BRK" "W" 8 NA NA NA NA NA NA NA NA NA NA NA NA NA NA NA NA
"62" "" 2015-03-07 23.98 "PHO" "@" "CLE" "L" -10 NA NA NA NA NA NA NA NA NA NA NA NA NA NA NA NA
"63" "31" 2015-03-09 23.98 "PHO" "" "GSW" "L" -18 0 2.93333333333333 0 0 0 0 0 0 0 0 0 15.6 0 111 -0.7 -15.6
"64" "" 2015-03-11 23.99 "PHO" "" "MIN" "W" 9 NA NA NA NA NA NA NA NA NA NA NA NA NA NA NA NA
"65" "" 2015-03-13 23.99 "PHO" "" "ATL" "L" -9 NA NA NA NA NA NA NA NA NA NA NA NA NA NA NA NA
"66" "" 2015-03-15 24 "PHO" "" "NYK" "W" 13 NA NA NA NA NA NA NA NA NA NA NA NA NA NA NA NA
"67" "" 2015-03-19 24.01 "PHO" "" "NOP" "W" 2 NA NA NA NA NA NA NA NA NA NA NA NA NA NA NA NA
"68" "32" 2015-03-21 24.01 "PHO" "@" "HOU" "W" 15 0 1.03333333333333 0 0 0 100 54.6 0 0 0 0 39.9 0 96 -0.4 -38
"69" "" 2015-03-22 24.02 "PHO" "" "DAL" "W" 6 NA NA NA NA NA NA NA NA NA NA NA NA NA NA NA NA
"70" "" 2015-03-25 24.02 "PHO" "" "SAC" "L" -9 NA NA NA NA NA NA NA NA NA NA NA NA NA NA NA NA
"71" "" 2015-03-27 24.03 "PHO" "" "POR" "L" -6 NA NA NA NA NA NA NA NA NA NA NA NA NA NA NA NA
"72" "" 2015-03-29 24.04 "PHO" "" "OKC" "L" -12 NA NA NA NA NA NA NA NA NA NA NA NA NA NA NA NA
"73" "33" 2015-03-30 24.04 "PHO" "@" "POR" "L" -23 0 12 0 0 0 30.8 14.1 0 0 0 0 19.3 0 117 -2.6 -21.3
"74" "34" 2015-04-02 24.05 "PHO" "@" "GSW" "L" -1 0 13.0666666666667 0.174 0 0 6.9 3.8 8.7 0 0 0 9.4 56 114 0.2 -7
"75" "" 2015-04-04 24.05 "PHO" "" "UTA" "W" 2 NA NA NA NA NA NA NA NA NA NA NA NA NA NA NA NA
"76" "35" 2015-04-07 24.06 "PHO" "@" "ATL" "L" -27 0 17.85 0 0 4.9 22.4 11.8 0 0 0 25 10.2 12 105 -1.9 -14.1
"77" "" 2015-04-08 24.06 "PHO" "@" "DAL" "L" -3 NA NA NA NA NA NA NA NA NA NA NA NA NA NA NA NA
"78" "36" 2015-04-10 24.07 "PHO" "@" "NOP" "L" -15 0 7.56666666666667 0.266 0 0 13.2 6.4 0 7.3 0 0 12 60 94 1.2 -1.8
"79" "" 2015-04-12 24.07 "PHO" "@" "SAS" "L" -16 NA NA NA NA NA NA NA NA NA NA NA NA NA NA NA NA
"80" "" 2015-04-14 24.08 "PHO" "" "LAC" "L" -11 NA NA NA NA NA NA NA NA NA NA NA NA NA NA NA NA
"1" "" 2015-10-27 24.62 "DET" "@" "ATL" "W" 12 NA NA NA NA NA NA NA NA NA NA NA NA NA NA NA NA
"2" "1" 2015-10-28 24.62 "DET" "" "UTA" "W" 5 0 6.2 0 0 0 0 0 0 0 0 0 7.8 0 101 -0.7 -10.4
"3" "2" 2015-10-30 24.62 "DET" "" "CHI" "W" 4 0 14.6666666666667 0 0 5.8 7.4 6.5 0 0 0 0 2.8 49 95 -0.1 -7.7
"4" "3" 2015-11-03 24.64 "DET" "" "IND" "L" -12 0 3.68333333333333 0 0 0 0 0 0 0 0 0 22.4 0 111 -1.4 -22.2
"5" "" 2015-11-06 24.64 "DET" "@" "PHO" "W" 8 NA NA NA NA NA NA NA NA NA NA NA NA NA NA NA NA
"6" "" 2015-11-08 24.65 "DET" "@" "POR" "W" 17 NA NA NA NA NA NA NA NA NA NA NA NA NA NA NA NA
"7" "4" 2015-11-09 24.65 "DET" "@" "GSW" "L" -14 0 0.666666666666667 NA NA 0 0 0 0 0 0 100 64.5 0 122 -1.4 -105.2
"8" "" 2015-11-11 24.66 "DET" "@" "SAC" "L" -9 NA NA NA NA NA NA NA NA NA NA NA NA NA NA NA NA
"9" "" 2015-11-14 24.67 "DET" "@" "LAC" "L" -5 NA NA NA NA NA NA NA NA NA NA NA NA NA NA NA NA
"10" "5" 2015-11-15 24.67 "DET" "@" "LAL" "L" -12 0 14.9666666666667 0.375 0.375 6.3 7.8 7 0 3.3 0 0 11.4 91 98 2.6 -0.6
"11" "6" 2015-11-17 24.67 "DET" "" "CLE" "W" 5 0 5.48333333333333 0 0 0 0 0 24.3 0 0 0 7.9 50 108 0 -5.8
"12" "7" 2015-11-20 24.68 "DET" "@" "MIN" "W" 10 0 6.28333333333333 0 0 0 0 0 0 0 0 25 28.6 0 97 -3.5 -33.1
"13" "8" 2015-11-21 24.68 "DET" "" "WAS" "L" -2 0 5.75 0.145 0 20.4 0 10.4 0 0 0 0 28.4 54 114 -0.8 -22.2
"14" "9" 2015-11-23 24.69 "DET" "@" "MIL" "L" -21 0 6.06666666666667 0 0 0 20.8 8.5 0 0 0 0 13.3 0 124 -1.1 -18.8
"15" "10" 2015-11-25 24.7 "DET" "" "MIA" "W" 23 0 2.75 NA NA 0 0 0 42.6 0 0 NA 0 239 103 0.7 7.8
"16" "" 2015-11-27 24.7 "DET" "@" "OKC" "L" -16 NA NA NA NA NA NA NA NA NA NA NA NA NA NA NA NA
"17" "" 2015-11-29 24.71 "DET" "@" "BRK" "L" -4 NA NA NA NA NA NA NA NA NA NA NA NA NA NA NA NA
"18" "" 2015-11-30 24.71 "DET" "" "HOU" "W" 11 NA NA NA NA NA NA NA NA NA NA NA NA NA NA NA NA
"19" "" 2015-12-02 24.72 "DET" "" "PHO" "W" 5 NA NA NA NA NA NA NA NA NA NA NA NA NA NA NA NA
"20" "" 2015-12-04 24.72 "DET" "" "MIL" "W" 7 NA NA NA NA NA NA NA NA NA NA NA NA NA NA NA NA
"21" "11" 2015-12-06 24.73 "DET" "" "LAL" "W" 20 0 2.46666666666667 1.136 NA 0 37.4 19.5 0 0 0 0 14.2 250 92 2.3 17.3
"22" "12" 2015-12-07 24.73 "DET" "@" "CHO" "L" -20 0 3.91666666666667 NA NA 0 0 0 0 0 0 NA 0 0 117 0 -9.2
"23" "" 2015-12-09 24.73 "DET" "" "MEM" "L" -1 NA NA NA NA NA NA NA NA NA NA NA NA NA NA NA NA
"24" "13" 2015-12-11 24.74 "DET" "@" "PHI" "W" 12 0 1.85 0 0 0 0 0 0 0 0 0 22.8 0 110 -0.7 -28.3
"25" "14" 2015-12-12 24.74 "DET" "" "IND" "W" 22 0 3.38333333333333 NA NA 0 0 0 0 0 0 NA 0 0 105 0 -6.5
"26" "" 2015-12-14 24.75 "DET" "" "LAC" "L" -2 NA NA NA NA NA NA NA NA NA NA NA NA NA NA NA NA
"27" "" 2015-12-16 24.75 "DET" "" "BOS" "W" 3 NA NA NA NA NA NA NA NA NA NA NA NA NA NA NA NA
"28" "" 2015-12-18 24.76 "DET" "@" "CHI" "W" 3 NA NA NA NA NA NA NA NA NA NA NA NA NA NA NA NA
"29" "" 2015-12-22 24.77 "DET" "@" "MIA" "W" 1 NA NA NA NA NA NA NA NA NA NA NA NA NA NA NA NA
"30" "" 2015-12-23 24.77 "DET" "@" "ATL" "L" -7 NA NA NA NA NA NA NA NA NA NA NA NA NA NA NA NA
"31" "15" 2015-12-26 24.78 "DET" "" "BOS" "L" -6 0 1.31666666666667 NA NA 0 0 0 0 0 0 NA 0 0 111 -0.4 -20.8
"32" "" 2015-12-29 24.79 "DET" "@" "NYK" "L" -12 NA NA NA NA NA NA NA NA NA NA NA NA NA NA NA NA
"33" "16" 2015-12-31 24.79 "DET" "" "MIN" "W" 25 0 3.21666666666667 NA NA 0 0 0 0 0 0 NA 0 0 97 0 -4.6
"34" "" 2016-01-02 24.8 "DET" "@" "IND" "L" -12 NA NA NA NA NA NA NA NA NA NA NA NA NA NA NA NA
"35" "17" 2016-01-04 24.81 "DET" "" "ORL" "W" 26 0 3.73333333333333 0 0 0 31.4 15.3 29.9 0 0 0 12 74 106 0.3 -5.6
"36" "" 2016-01-06 24.81 "DET" "@" "BOS" "W" 5 NA NA NA NA NA NA NA NA NA NA NA NA NA NA NA NA
"37" "" 2016-01-09 24.82 "DET" "" "BRK" "W" 14 NA NA NA NA NA NA NA NA NA NA NA NA NA NA NA NA
"38" "" 2016-01-12 24.83 "DET" "" "SAS" "L" -10 NA NA NA NA NA NA NA NA NA NA NA NA NA NA NA NA
"39" "" 2016-01-14 24.83 "DET" "@" "MEM" "L" -2 NA NA NA NA NA NA NA NA NA NA NA NA NA NA NA NA
"40" "" 2016-01-16 24.84 "DET" "" "GSW" "W" 18 NA NA NA NA NA NA NA NA NA NA NA NA NA NA NA NA
"41" "" 2016-01-18 24.84 "DET" "" "CHI" "L" -10 NA NA NA NA NA NA NA NA NA NA NA NA NA NA NA NA
"42" "" 2016-01-20 24.85 "DET" "@" "HOU" "W" 9 NA NA NA NA NA NA NA NA NA NA NA NA NA NA NA NA
"43" "" 2016-01-21 24.85 "DET" "@" "NOP" "L" -16 NA NA NA NA NA NA NA NA NA NA NA NA NA NA NA NA
"44" "" 2016-01-23 24.86 "DET" "@" "DEN" "L" -3 NA NA NA NA NA NA NA NA NA NA NA NA NA NA NA NA
"45" "" 2016-01-25 24.86 "DET" "@" "UTA" "W" 3 NA NA NA NA NA NA NA NA NA NA NA NA NA NA NA NA
"46" "" 2016-01-27 24.87 "DET" "" "PHI" "W" 13 NA NA NA NA NA NA NA NA NA NA NA NA NA NA NA NA
"47" "" 2016-01-29 24.87 "DET" "" "CLE" "L" -8 NA NA NA NA NA NA NA NA NA NA NA NA NA NA NA NA
"48" "" 2016-01-30 24.88 "DET" "@" "TOR" "L" -4 NA NA NA NA NA NA NA NA NA NA NA NA NA NA NA NA
"49" "" 2016-02-01 24.88 "DET" "@" "BRK" "W" 5 NA NA NA NA NA NA NA NA NA NA NA NA NA NA NA NA
"50" "" 2016-02-03 24.89 "DET" "@" "BOS" "L" -7 NA NA NA NA NA NA NA NA NA NA NA NA NA NA NA NA
"51" "" 2016-02-04 24.89 "DET" "" "NYK" "W" 6 NA NA NA NA NA NA NA NA NA NA NA NA NA NA NA NA
"52" "18" 2016-02-06 24.9 "DET" "@" "IND" "L" -8 0 3.03333333333333 NA NA 0 0 0 0 0 0 NA 0 0 125 0 -6.1
"53" "" 2016-02-08 24.9 "DET" "" "TOR" "L" -14 NA NA NA NA NA NA NA NA NA NA NA NA NA NA NA NA
"54" "" 2016-02-10 24.91 "DET" "" "DEN" "L" -11 NA NA NA NA NA NA NA NA NA NA NA NA NA NA NA NA
"55" "19" 2016-02-19 24.93 "DET" "@" "WAS" "L" -12 0 2.45 NA NA 0 0 0 0 0 0 NA 0 0 112 -0.4 -13.5
"56" "" 2016-02-21 24.94 "DET" "" "NOP" "L" -5 NA NA NA NA NA NA NA NA NA NA NA NA NA NA NA NA
"57" "" 2016-02-22 24.94 "DET" "@" "CLE" "W" 8 NA NA NA NA NA NA NA NA NA NA NA NA NA NA NA NA
"58" "20" 2016-02-24 24.95 "DET" "" "PHI" "W" 20 0 26.3333333333333 0.847 0.833 0 3.6 2 0 1.8 0 17.5 18.3 127 96 9.8 4.3
"59" "21" 2016-02-27 24.95 "DET" "@" "MIL" "W" 11 0 18.3166666666667 0.5 0.5 10.7 12.8 11.6 0 5.8 0 0 19.3 119 95 6.8 4.5
"60" "22" 2016-02-28 24.96 "DET" "" "TOR" "W" 13 0 26.45 0.667 0.667 0 9.3 5.2 10.2 0 0 0 11.7 142 124 6.2 0.7
"61" "23" 2016-03-02 24.96 "DET" "@" "SAS" "L" -16 0 21.0833333333333 1.054 1.25 0 28.5 13.7 0 0 0 0 7.3 206 106 7.1 6.5
"62" "24" 2016-03-05 24.97 "DET" "@" "NYK" "L" -13 0 23.8166666666667 0.667 0.667 0 16.8 6.8 20.2 2.3 0 0 11.2 151 113 8.2 8.7
"63" "25" 2016-03-06 24.98 "DET" "" "POR" "W" 20 0 25.9 1.418 1.5 9.8 24.4 17.1 9.6 0 0 0 6.6 264 110 13.6 14.1
"64" "26" 2016-03-09 24.98 "DET" "@" "DAL" "W" 6 0 25.75 0.417 0.417 7.8 26 16.4 0 0 0 25 13.7 76 108 2.4 -7.4
"65" "27" 2016-03-11 24.99 "DET" "@" "CHO" "L" -15 0 17.95 0 0 0 13.7 7.6 14.9 2.8 0 0 5.4 52 123 1.2 -4.2
"66" "28" 2016-03-12 24.99 "DET" "@" "PHI" "W" 14 0 16.8166666666667 0.571 0.571 6.8 12.4 9.7 7.6 0 0 0 17.6 130 115 6.3 -1.7
"67" "29" 2016-03-14 25 "DET" "@" "WAS" "L" -43 0 11.0666666666667 0.6 0.6 9.4 0 5.5 22.8 4.4 0 0 20 129 121 6.1 10.9
"68" "" 2016-03-16 25 "DET" "" "ATL" "L" -4 NA NA NA NA NA NA NA NA NA NA NA NA NA NA NA NA
"69" "30" 2016-03-18 25.01 "DET" "" "SAC" "W" 7 0 10.55 1.5 1.5 10.3 45.5 27.1 0 0 0 0 4 274 114 4.6 7.8
"70" "31" 2016-03-19 25.01 "DET" "" "BRK" "W" 12 0 8.7 0.725 0 0 30.7 13 12 6 8.4 0 13.9 176 93 6.3 17.5
"71" "" 2016-03-21 25.01 "DET" "" "MIL" "W" 1 NA NA NA NA NA NA NA NA NA NA NA NA NA NA NA NA
"72" "" 2016-03-23 25.02 "DET" "" "ORL" "W" 16 NA NA NA NA NA NA NA NA NA NA NA NA NA NA NA NA
"73" "32" 2016-03-25 25.02 "DET" "" "CHO" "W" 7 0 2.05 NA NA 0 0 0 0 0 0 NA 0 0 111 -0.4 -14.3
"74" "" 2016-03-26 25.03 "DET" "" "ATL" "L" -17 NA NA NA NA NA NA NA NA NA NA NA NA NA NA NA NA
"75" "" 2016-03-29 25.04 "DET" "" "OKC" "W" 6 NA NA NA NA NA NA NA NA NA NA NA NA NA NA NA NA
"76" "" 2016-04-01 25.04 "DET" "" "DAL" "L" -9 NA NA NA NA NA NA NA NA NA NA NA NA NA NA NA NA
"77" "" 2016-04-02 25.05 "DET" "@" "CHI" "W" 4 NA NA NA NA NA NA NA NA NA NA NA NA NA NA NA NA
"78" "33" 2016-04-05 25.05 "DET" "@" "MIA" "L" -18 0 3.91666666666667 1 1 0 0 0 0 0 0 0 11.8 200 125 1.7 6.1
"79" "34" 2016-04-06 25.06 "DET" "@" "ORL" "W" 4 0 27.0833333333333 0.722 0.722 3.7 8.1 5.8 35.3 1.8 2.4 0 14.3 162 108 15.5 14.9
"80" "35" 2016-04-08 25.06 "DET" "" "WAS" "W" 13 0 20.4 0 0 7.4 19.6 14.7 6.5 0 0 33.3 6.9 47 107 -0.6 -8.7
"81" "36" 2016-04-12 25.07 "DET" "" "MIA" "L" -6 0 12.3333333333333 0.333 0.333 0 10.2 4.5 12.9 4.3 0 0 10.4 94 105 1.5 -2.2
"82" "37" 2016-04-13 25.08 "DET" "@" "CLE" "W" 2 0 38.45 0.845 0.813 0 24 12.3 18.3 0 0 10.1 12.5 155 113 15.2 3.2
"1" "" 2016-10-26 25.61 "DET" "@" "TOR" "L" -18 NA NA NA NA NA NA NA NA NA NA NA NA NA NA NA NA
"2" "" 2016-10-28 25.62 "DET" "" "ORL" "W" 26 NA NA NA NA NA NA NA NA NA NA NA NA NA NA NA NA
"3" "" 2016-10-30 25.62 "DET" "" "MIL" "W" 15 NA NA NA NA NA NA NA NA NA NA NA NA NA NA NA NA
"4" "" 2016-11-01 25.63 "DET" "" "NYK" "W" 13 NA NA NA NA NA NA NA NA NA NA NA NA NA NA NA NA
"5" "" 2016-11-02 25.63 "DET" "@" "BRK" "L" -8 NA NA NA NA NA NA NA NA NA NA NA NA NA NA NA NA
"6" "" 2016-11-05 25.64 "DET" "" "DEN" "W" 17 NA NA NA NA NA NA NA NA NA NA NA NA NA NA NA NA
"7" "" 2016-11-07 25.65 "DET" "@" "LAC" "L" -32 NA NA NA NA NA NA NA NA NA NA NA NA NA NA NA NA
"8" "" 2016-11-09 25.65 "DET" "@" "PHO" "L" -7 NA NA NA NA NA NA NA NA NA NA NA NA NA NA NA NA
"9" "" 2016-11-11 25.66 "DET" "@" "SAS" "L" -10 NA NA NA NA NA NA NA NA NA NA NA NA NA NA NA NA
"10" "" 2016-11-12 25.66 "DET" "@" "DEN" "W" 11 NA NA NA NA NA NA NA NA NA NA NA NA NA NA NA NA
"11" "" 2016-11-14 25.67 "DET" "" "OKC" "W" 16 NA NA NA NA NA NA NA NA NA NA NA NA NA NA NA NA
"12" "" 2016-11-16 25.67 "DET" "@" "NYK" "L" -3 NA NA NA NA NA NA NA NA NA NA NA NA NA NA NA NA
"13" "1" 2016-11-18 25.68 "DET" "@" "CLE" "L" -23 0 8.01666666666667 0.625 0.625 0 0 0 0 0 0 20 27.5 83 115 2 -1.7
"14" "2" 2016-11-19 25.68 "DET" "" "BOS" "L" -2 0 20.3666666666667 0.5 0.5 4.9 9.8 7.4 7.3 2.7 9.2 0 12 116 101 6.7 7.1
"15" "3" 2016-11-21 25.68 "DET" "" "HOU" "L" -3 0 10.0166666666667 0.6 0.6 20.8 0 11.3 0 0 0 0 21.5 131 117 5.1 7.9
"16" "4" 2016-11-23 25.69 "DET" "" "MIA" "W" 23 0 3.28333333333333 0 0 0 0 0 0 0 0 0 27.8 0 101 -1.4 -31.9
"17" "" 2016-11-25 25.7 "DET" "" "LAC" "W" 11 NA NA NA NA NA NA NA NA NA NA NA NA NA NA NA NA
"18" "" 2016-11-26 25.7 "DET" "@" "OKC" "L" -18 NA NA NA NA NA NA NA NA NA NA NA NA NA NA NA NA
"19" "" 2016-11-29 25.71 "DET" "@" "CHO" "W" 23 NA NA NA NA NA NA NA NA NA NA NA NA NA NA NA NA
"20" "" 2016-11-30 25.71 "DET" "@" "BOS" "W" 7 NA NA NA NA NA NA NA NA NA NA NA NA NA NA NA NA
"21" "" 2016-12-02 25.72 "DET" "@" "ATL" "W" 36 NA NA NA NA NA NA NA NA NA NA NA NA NA NA NA NA
"22" "" 2016-12-04 25.72 "DET" "" "ORL" "L" -6 NA NA NA NA NA NA NA NA NA NA NA NA NA NA NA NA
"23" "" 2016-12-06 25.73 "DET" "" "CHI" "W" 11 NA NA NA NA NA NA NA NA NA NA NA NA NA NA NA NA
"24" "" 2016-12-07 25.73 "DET" "@" "CHO" "L" -10 NA NA NA NA NA NA NA NA NA NA NA NA NA NA NA NA
"25" "" 2016-12-09 25.73 "DET" "@" "MIN" "W" 27 NA NA NA NA NA NA NA NA NA NA NA NA NA NA NA NA
"26" "" 2016-12-11 25.74 "DET" "" "PHI" "L" -18 NA NA NA NA NA NA NA NA NA NA NA NA NA NA NA NA
"27" "" 2016-12-14 25.75 "DET" "@" "DAL" "W" 10 NA NA NA NA NA NA NA NA NA NA NA NA NA NA NA NA
"28" "" 2016-12-16 25.75 "DET" "@" "WAS" "L" -14 NA NA NA NA NA NA NA NA NA NA NA NA NA NA NA NA
"29" "" 2016-12-17 25.76 "DET" "" "IND" "L" -15 NA NA NA NA NA NA NA NA NA NA NA NA NA NA NA NA
"30" "" 2016-12-19 25.76 "DET" "@" "CHI" "L" -31 NA NA NA NA NA NA NA NA NA NA NA NA NA NA NA NA
"31" "" 2016-12-21 25.77 "DET" "" "MEM" "L" -12 NA NA NA NA NA NA NA NA NA NA NA NA NA NA NA NA
"32" "" 2016-12-23 25.77 "DET" "" "GSW" "L" -6 NA NA NA NA NA NA NA NA NA NA NA NA NA NA NA NA
"33" "" 2016-12-26 25.78 "DET" "" "CLE" "W" 16 NA NA NA NA NA NA NA NA NA NA NA NA NA NA NA NA
"34" "" 2016-12-28 25.79 "DET" "" "MIL" "L" -25 NA NA NA NA NA NA NA NA NA NA NA NA NA NA NA NA
"35" "" 2016-12-30 25.79 "DET" "@" "ATL" "L" -7 NA NA NA NA NA NA NA NA NA NA NA NA NA NA NA NA
"36" "" 2017-01-01 25.8 "DET" "@" "MIA" "W" 9 NA NA NA NA NA NA NA NA NA NA NA NA NA NA NA NA
"37" "" 2017-01-03 25.8 "DET" "" "IND" "L" -5 NA NA NA NA NA NA NA NA NA NA NA NA NA NA NA NA
"38" "" 2017-01-05 25.81 "DET" "" "CHO" "W" 1 NA NA NA NA NA NA NA NA NA NA NA NA NA NA NA NA
"39" "" 2017-01-08 25.82 "DET" "@" "POR" "W" 1 NA NA NA NA NA NA NA NA NA NA NA NA NA NA NA NA
"40" "" 2017-01-10 25.82 "DET" "@" "SAC" "L" -6 NA NA NA NA NA NA NA NA NA NA NA NA NA NA NA NA
"41" "" 2017-01-12 25.83 "DET" "@" "GSW" "L" -20 NA NA NA NA NA NA NA NA NA NA NA NA NA NA NA NA
"42" "5" 2017-01-13 25.83 "DET" "@" "UTA" "L" -33 0 26.25 0.543 0.5 0 9.4 4.5 22.4 4 0 13.4 14.2 102 117 7.7 3.4
"43" "6" 2017-01-15 25.84 "DET" "@" "LAL" "W" 5 1 28.5833333333333 0.311 0.333 0 3.7 1.7 4.5 0 2.9 13.4 11.5 60 105 -1.1 -12.6
"44" "7" 2017-01-18 25.84 "DET" "" "ATL" "W" 23 1 36.1333333333333 0.631 0.636 9.5 8 8.7 14.3 1.4 0 14.4 16 130 102 12.9 3.5
"45" "8" 2017-01-21 25.85 "DET" "" "WAS" "W" 1 1 35.2166666666667 0.563 0.563 0 13.9 7.1 3.5 0 0 11.1 10.5 105 116 4.2 -4.4
"46" "9" 2017-01-23 25.86 "DET" "" "SAC" "L" -5 0 11.35 0.583 0.583 0 40.3 20.9 14.9 0 0 0 24.3 115 111 5.9 4.3
"47" "10" 2017-01-28 25.87 "DET" "@" "MIA" "L" -13 0 6.28333333333333 0.25 0.25 0 20.1 9.5 0 8.4 0 0 28.8 61 111 0.9 -7.4
"48" "11" 2017-01-30 25.88 "DET" "@" "BOS" "L" -4 0 7.33333333333333 0 0 0 0 0 0 0 0 0 5.6 0 122 -0.7 -12.5
"49" "12" 2017-02-01 25.88 "DET" "" "NOP" "W" 20 0 5.25 0.5 0.5 0 22.9 11.9 0 0 0 0 17.3 96 103 0.9 -9.3
"50" "" 2017-02-03 25.89 "DET" "" "MIN" "W" 8 NA NA NA NA NA NA NA NA NA NA NA NA NA NA NA NA
"51" "13" 2017-02-04 25.89 "DET" "@" "IND" "L" -21 0 9.26666666666667 1 1 0 24.7 12.3 0 0 0 0 14.8 174 112 4.9 14
"52" "" 2017-02-06 25.9 "DET" "" "PHI" "W" 17 NA NA NA NA NA NA NA NA NA NA NA NA NA NA NA NA
"53" "14" 2017-02-08 25.9 "DET" "" "LAL" "W" 19 0 9.25 0 0 0 0 0 10.2 4.8 0 0 8.5 33 93 -0.1 -7.4
"54" "" 2017-02-10 25.91 "DET" "" "SAS" "L" -11 NA NA NA NA NA NA NA NA NA NA NA NA NA NA NA NA
"55" "" 2017-02-12 25.91 "DET" "@" "TOR" "W" 1 NA NA NA NA NA NA NA NA NA NA NA NA NA NA NA NA
"56" "" 2017-02-13 25.92 "DET" "@" "MIL" "L" -13 NA NA NA NA NA NA NA NA NA NA NA NA NA NA NA NA
"57" "" 2017-02-15 25.92 "DET" "" "DAL" "W" 7 NA NA NA NA NA NA NA NA NA NA NA NA NA NA NA NA
"58" "15" 2017-02-23 25.94 "DET" "" "CHO" "W" 6 0 7.1 1 1 0 28.7 14 0 0 0 0 6.2 200 104 2.3 1
"59" "" 2017-02-26 25.95 "DET" "" "BOS" "L" -6 NA NA NA NA NA NA NA NA NA NA NA NA NA NA NA NA
"60" "" 2017-02-28 25.96 "DET" "" "POR" "W" 7 NA NA NA NA NA NA NA NA NA NA NA NA NA NA NA NA
"61" "16" 2017-03-01 25.96 "DET" "@" "NOP" "L" -23 0 2.65 NA NA 0 0 0 0 0 0 100 15.4 0 127 -1 -31.1
"62" "17" 2017-03-04 25.97 "DET" "@" "PHI" "W" 30 0 10.6666666666667 1.136 NA 11.3 0 5.6 25 0 0 0 3.6 230 115 4.8 7
"63" "" 2017-03-06 25.97 "DET" "" "CHI" "W" 14 NA NA NA NA NA NA NA NA NA NA NA NA NA NA NA NA
"64" "18" 2017-03-08 25.98 "DET" "@" "IND" "L" -17 0 6.68333333333333 0 0 0 0 0 18.4 0 0 0 6.6 50 131 0 -8.9
"65" "19" 2017-03-09 25.98 "DET" "" "CLE" "W" 5 0 14.45 0.5 0.5 0 31.6 15.3 8.8 3.7 0 0 9.6 116 103 3.8 2.3
"66" "20" 2017-03-11 25.99 "DET" "" "NYK" "W" 20 0 7.03333333333333 0 0 0 0 0 0 14.3 0 0 6.1 0 76 1.3 1.9
"67" "21" 2017-03-14 25.99 "DET" "@" "CLE" "L" -32 0 21.3833333333333 0.466 0.417 0 14 5.2 6.9 2.4 0 13.4 14.5 90 135 3.5 -5.8
"68" "22" 2017-03-15 26 "DET" "" "UTA" "L" -14 0 9.4 0 0 0 41.4 18.7 14.2 0 0 0 10.4 24 108 0.2 -8.1
"69" "" 2017-03-17 26 "DET" "" "TOR" "L" -12 NA NA NA NA NA NA NA NA NA NA NA NA NA NA NA NA
"70" "23" 2017-03-19 26.01 "DET" "" "PHO" "W" 17 0 7.81666666666667 0 0 12.8 29.7 22.3 0 0 0 0 15.7 27 90 -0.5 -14.7
"71" "24" 2017-03-21 26.01 "DET" "@" "BRK" "L" -2 0 12.5166666666667 0.333 0.333 8.5 0 4 0 4.1 0 0 11 88 107 2 -5.1
"72" "25" 2017-03-22 26.02 "DET" "@" "CHI" "L" -22 0 14.6 0.375 0.375 0 18.8 8.2 0 0 0 20 14.9 68 131 0.2 -10.5
"73" "26" 2017-03-24 26.02 "DET" "@" "ORL" "L" -28 0 17.2 0 0 0 19 8.6 0 2.8 0 0 12.4 0 113 -1.6 -14.5
"74" "" 2017-03-27 26.03 "DET" "@" "NYK" "L" -14 NA NA NA NA NA NA NA NA NA NA NA NA NA NA NA NA
"75" "" 2017-03-28 26.03 "DET" "" "MIA" "L" -1 NA NA NA NA NA NA NA NA NA NA NA NA NA NA NA NA
"76" "" 2017-03-30 26.04 "DET" "" "BRK" "W" 1 NA NA NA NA NA NA NA NA NA NA NA NA NA NA NA NA
"77" "" 2017-03-31 26.04 "DET" "@" "MIL" "L" -3 NA NA NA NA NA NA NA NA NA NA NA NA NA NA NA NA
"78" "27" 2017-04-05 26.05 "DET" "" "TOR" "L" -3 1 22.5166666666667 0.7 0.7 5.2 5.3 5.3 6 2.3 0 16.7 12.4 124 114 6 1.9
"79" "28" 2017-04-07 26.06 "DET" "@" "HOU" "W" 5 0 25.0166666666667 0.5 0.5 6.6 4.2 5.5 18.2 1.9 0 0 9.5 137 112 7.7 4.5
"80" "29" 2017-04-09 26.07 "DET" "@" "MEM" "W" 13 1 22.5666666666667 0.875 0.875 5.5 17.2 11.2 0 2.4 0 0 15.9 183 101 12.2 13.7
"81" "30" 2017-04-10 26.07 "DET" "" "WAS" "L" -4 0 19.5833333333333 0.917 0.917 0 25.1 11.7 14.8 2.5 0 0 13.8 177 105 11.6 14
"82" "31" 2017-04-12 26.07 "DET" "@" "ORL" "L" -4 0 29.0166666666667 0.944 0.944 0 7.9 3.2 16 3.2 0 0 11.8 191 109 17.8 15.7
"1" "" 2017-10-18 26.59 "DET" "" "CHO" "W" 12 NA NA NA NA NA NA NA NA NA NA NA NA NA NA NA NA
"2" "" 2017-10-20 26.6 "DET" "@" "WAS" "L" -4 NA NA NA NA NA NA NA NA NA NA NA NA NA NA NA NA
"3" "" 2017-10-21 26.6 "DET" "@" "NYK" "W" 4 NA NA NA NA NA NA NA NA NA NA NA NA NA NA NA NA
"4" "" 2017-10-23 26.61 "DET" "" "PHI" "L" -11 NA NA NA NA NA NA NA NA NA NA NA NA NA NA NA NA
"5" "" 2017-10-25 26.61 "DET" "" "MIN" "W" 21 NA NA NA NA NA NA NA NA NA NA NA NA NA NA NA NA
"6" "1" 2017-10-28 26.62 "DET" "@" "LAC" "W" 8 0 6.6 0.174 0 0 13.7 7.2 0 0 0 0 19.2 42 100 -0.5 -15.1
"7" "2" 2017-10-29 26.62 "DET" "@" "GSW" "W" 8 0 14.4666666666667 0.5 0.5 0 0 0 18.2 10.6 0 20 14.6 100 100 5.4 6.7
"8" "3" 2017-10-31 26.63 "DET" "@" "LAL" "L" -20 0 15.2666666666667 0 0 0 14 6.5 15.3 3.2 4.8 25 11.7 27 109 0.6 -7.8
"9" "4" 2017-11-03 26.64 "DET" "" "MIL" "W" 9 0 4.38333333333333 0 0 0 28.1 14.6 0 0 0 0 10.7 0 109 -0.4 -16.5
"10" "5" 2017-11-04 26.64 "DET" "" "SAC" "W" 9 0 19.5 0.174 0 0 0 0 0 0 0 0 6.9 41 113 -0.8 -13.5
"11" "6" 2017-11-08 26.65 "DET" "" "IND" "W" 17 1 33.05 0.5 0.5 0 3 1.7 11.3 1.4 0 0 9.3 119 98 6.7 1.2
"12" "7" 2017-11-10 26.65 "DET" "" "ATL" "W" 7 1 29.3 0.6 0.6 3 3.9 3.4 4.6 1.7 2.5 0 6.9 146 110 5.1 -1
"13" "8" 2017-11-12 26.66 "DET" "" "MIA" "W" 9 1 20.4666666666667 0 0 5.5 9.4 7.6 11.2 0 0 0 6.5 66 111 0.6 -7.4
"14" "" 2017-11-15 26.67 "DET" "@" "MIL" "L" -4 NA NA NA NA NA NA NA NA NA NA NA NA NA NA NA NA
"15" "" 2017-11-17 26.67 "DET" "@" "IND" "L" -7 NA NA NA NA NA NA NA NA NA NA NA NA NA NA NA NA
"16" "9" 2017-11-19 26.68 "DET" "@" "MIN" "W" 3 0 10.3666666666667 0 0 0 0 0 0 0 0 0 4.2 0 106 -1.1 -11.3
"17" "10" 2017-11-20 26.68 "DET" "" "CLE" "L" -28 0 6.76666666666667 1 1 16.9 0 9.3 100 15.9 0 0 22 211 100 9.2 47.4
"18" "" 2017-11-24 26.69 "DET" "@" "OKC" "W" 1 NA NA NA NA NA NA NA NA NA NA NA NA NA NA NA NA
"19" "" 2017-11-27 26.7 "DET" "@" "BOS" "W" 10 NA NA NA NA NA NA NA NA NA NA NA NA NA NA NA NA
"20" "11" 2017-11-29 26.71 "DET" "" "PHO" "W" 24 0 5.38333333333333 0 0 0 19 11 0 0 0 0 7.6 0 105 -0.4 -14.1
"21" "" 2017-12-01 26.71 "DET" "@" "WAS" "L" -18 NA NA NA NA NA NA NA NA NA NA NA NA NA NA NA NA
"22" "" 2017-12-02 26.72 "DET" "@" "PHI" "L" -5 NA NA NA NA NA NA NA NA NA NA NA NA NA NA NA NA
"23" "" 2017-12-04 26.72 "DET" "@" "SAS" "L" -3 NA NA NA NA NA NA NA NA NA NA NA NA NA NA NA NA
"24" "" 2017-12-06 26.73 "DET" "@" "MIL" "L" -4 NA NA NA NA NA NA NA NA NA NA NA NA NA NA NA NA
"25" "" 2017-12-08 26.73 "DET" "" "GSW" "L" -4 NA NA NA NA NA NA NA NA NA NA NA NA NA NA NA NA
"26" "12" 2017-12-10 26.74 "DET" "" "BOS" "L" -10 0 7.45 0.694 1 24.8 0 13.4 0 0 0 0 9.2 156 112 2.7 3.6
"27" "13" 2017-12-12 26.74 "DET" "" "DEN" "L" -19 1 22.4333333333333 0.6 0.6 0 0 0 0 6.8 0 16.7 11.8 93 100 5.3 1.4
"28" "14" 2017-12-14 26.75 "DET" "@" "ATL" "W" 14 1 23.9166666666667 0.625 0.625 0 5.1 2.5 0 2.2 0 0 14.6 132 104 6.5 -0.1
"29" "15" 2017-12-15 26.75 "DET" "@" "IND" "W" 6 1 33.1666666666667 0.845 0.813 0 3 1.5 0 4.6 2.5 0 11.7 167 103 13.8 8.3
"30" "16" 2017-12-17 26.76 "DET" "" "ORL" "W" 4 1 30.55 1 1 0 19.6 9.9 0 1.6 0 0 14.4 185 113 18.3 9.3
"31" "17" 2017-12-20 26.76 "DET" "@" "DAL" "L" -17 1 24.25 0.333 0.333 0 0 0 6.8 0 0 0 12 74 126 1.3 -9.1
"32" "18" 2017-12-22 26.77 "DET" "" "NYK" "W" 3 1 30.0833333333333 0.875 0.875 3.2 17.7 10.1 0 1.7 2.2 11.1 13.1 150 107 13.3 6.5
"33" "19" 2017-12-26 26.78 "DET" "" "IND" "W" 24 1 29.2666666666667 0.423 0.423 5.3 4 4.6 10 1.9 0 0 21.5 107 97 6.5 -3.8
"34" "20" 2017-12-28 26.79 "DET" "@" "ORL" "L" -13 1 36.6333333333333 0.929 0.929 0 9.6 4.4 13.8 1.4 0 22.2 10.9 135 108 11.3 3.8
"35" "21" 2017-12-30 26.79 "DET" "" "SAS" "W" 14 1 34.1166666666667 0.786 0.786 0 2.9 1.5 0 0 0 6.7 21.3 130 96 13.9 5.7
"36" "22" 2018-01-03 26.8 "DET" "@" "MIA" "L" -7 1 34.6 0.85 0.85 0 0 0 4.2 0 0 0 13.6 160 125 12.7 5.2
"37" "23" 2018-01-05 26.81 "DET" "@" "PHI" "L" -36 1 23.7166666666667 0.5 0.5 4.2 0 2.3 0 2.2 0 28.6 14.4 70 130 1.6 -10.6
"38" "24" 2018-01-06 26.81 "DET" "" "HOU" "W" 7 1 33 1.017 1.083 4.2 3.5 3.8 9.5 0 0 0 10.2 199 121 13 5.8
"39" "25" 2018-01-08 26.82 "DET" "@" "NOP" "L" -3 1 31.8333333333333 0.506 0.444 0 12.6 5.7 12.4 0 0 0 13 122 119 7.5 -0.8
"40" "26" 2018-01-10 26.82 "DET" "@" "BRK" "W" 34 1 27.75 0.583 0.583 3.9 11.5 7.8 0 1.8 0 0 9.3 127 86 6.6 -0.1
"41" "27" 2018-01-13 26.83 "DET" "@" "CHI" "L" -2 1 35.3666666666667 0.389 0.389 2.9 14.3 8 7.4 0 0 18.2 13.6 78 119 3.2 -11.5
"42" "28" 2018-01-15 26.84 "DET" "" "CHO" "L" -11 1 34.8166666666667 0.769 0.769 0 12.5 6.3 4.5 4 0 7.1 18.1 127 111 16.4 4.6
"43" "29" 2018-01-17 26.84 "DET" "@" "TOR" "L" -5 1 24.1 0.25 0.25 4.1 0 2.2 5.7 4.2 4.1 20 9.2 61 102 1.5 -6
"44" "30" 2018-01-19 26.85 "DET" "" "WAS" "L" -10 1 23.6166666666667 0.75 0.75 0 0 0 12 0 4.3 0 11.6 153 133 7.3 3.2
"45" "31" 2018-01-21 26.85 "DET" "" "BRK" "L" -1 1 21.65 0.7 0.7 0 0 0 7.1 0 0 0 10.7 138 112 5.4 -0.5
"46" "" 2018-01-24 26.86 "DET" "" "UTA" "L" -3 NA NA NA NA NA NA NA NA NA NA NA NA NA NA NA NA
"47" "32" 2018-01-27 26.87 "DET" "" "OKC" "L" -13 0 33.9833333333333 0.615 0.615 3.3 16.4 9.9 18.5 1.5 0 13.3 19.2 119 126 12.9 4
"48" "33" 2018-01-28 26.87 "DET" "@" "CLE" "L" -17 1 30.3 0.788 0.75 0 19.8 9 18.8 1.6 0 0 13.2 156 124 14.9 6.4
"49" "34" 2018-01-30 26.88 "DET" "" "CLE" "W" 11 1 29.55 0.712 0.733 0 7.1 3.7 9.4 0 0 6.1 23.2 127 117 13.7 0.6
"50" "35" 2018-02-01 26.88 "DET" "" "MEM" "W" 2 1 35.0833333333333 0.638 0.6 0 5.8 3 0 0 0 0 16.2 123 114 10.2 -2.7
"51" "36" 2018-02-03 26.89 "DET" "" "MIA" "W" 4 1 35.8333333333333 0.571 0.571 0 9.3 4.9 3.4 1.4 0 22.2 11.1 95 116 4.5 -4.5
"52" "37" 2018-02-05 26.89 "DET" "" "POR" "W" 20 1 34.2666666666667 0.697 0.688 0 15.6 8.8 10.9 4.4 0 0 12.2 145 90 15.5 8.3
"53" "38" 2018-02-07 26.9 "DET" "" "BRK" "W" 9 1 34.4 0.643 0.643 0 6.1 2.9 3.6 0 3.6 0 8.9 130 109 7.3 -2.7
"54" "39" 2018-02-09 26.9 "DET" "" "LAC" "L" -13 1 39.5833333333333 0.864 0.864 0 12.9 6.3 8.8 0 0 8.3 13.9 144 121 15.6 5
"55" "40" 2018-02-11 26.91 "DET" "@" "ATL" "L" -3 1 33.6166666666667 0.678 0.654 0 22.3 9.5 10.2 0 0 16.9 22.5 110 123 12.4 -2.1
"56" "41" 2018-02-12 26.91 "DET" "" "NOP" "L" -15 1 30.2666666666667 0.461 0.346 2.8 9.5 5.9 5.5 0 0 6.2 20.9 99 117 7.8 -3
"57" "42" 2018-02-14 26.92 "DET" "" "ATL" "W" 6 1 29.5666666666667 0.577 0.577 3.6 7.2 5.4 6.4 1.7 2.9 18.8 23.6 90 100 8.6 0.1
"58" "43" 2018-02-23 26.94 "DET" "" "BOS" "L" -12 1 31.1166666666667 0.5 0.5 0 3.6 1.8 5.3 0 3.4 7.1 20.1 101 124 6.2 -1.2
"59" "44" 2018-02-25 26.95 "DET" "@" "CHO" "L" -16 1 29.65 0.444 0.393 3.9 7 5.5 23.9 0 0 6 25.1 100 118 8.8 -1.3
"60" "45" 2018-02-26 26.95 "DET" "@" "TOR" "L" -29 1 32.15 0.583 0.583 0 8.5 3.4 5.5 1.5 0 14.3 18.1 98 127 8.3 -1.9
"61" "46" 2018-02-28 26.96 "DET" "" "MIL" "W" 23 1 25.45 0.571 0.571 0 9.2 4.1 19.6 2.1 0 0 23.2 137 99 11.9 7.2
"62" "47" 2018-03-02 26.96 "DET" "@" "ORL" "L" -9 1 40.7166666666667 0.461 0.429 5.1 10.6 7.4 4.2 1.3 0 8.1 27.7 95 117 10.7 -3.2
"63" "48" 2018-03-03 26.96 "DET" "@" "MIA" "L" -9 1 33.3166666666667 0.37 0.321 6.1 19.6 12.7 13.8 3.1 0 11.8 20.9 89 109 7.3 -1.5
"64" "49" 2018-03-05 26.97 "DET" "@" "CLE" "L" -22 1 29 0.55 0.55 0 3.8 1.8 6 0 6 9.1 17.4 99 121 6.2 -1.5
"65" "50" 2018-03-07 26.98 "DET" "" "TOR" "L" -2 1 38.7833333333333 0.711 0.654 0 7.7 4.2 15.9 0 0 6.3 18.5 140 120 16.6 4.8
"66" "51" 2018-03-09 26.98 "DET" "" "CHI" "W" 16 1 32.5666666666667 0.875 0.875 0 9 4.8 6 0 0 7.7 18.3 152 97 16.4 7.6
"67" "" 2018-03-13 26.99 "DET" "@" "UTA" "L" -31 NA NA NA NA NA NA NA NA NA NA NA NA NA NA NA NA
"68" "52" 2018-03-15 27 "DET" "@" "DEN" "L" -7 1 35.2833333333333 0.708 0.708 0 0 0 15.8 0 0 7.7 16 132 128 12.8 0.7
"69" "53" 2018-03-17 27 "DET" "@" "POR" "L" -13 1 30.7 0.65 0.65 6.5 3.6 5.1 13.5 3.4 0 0 15.5 137 107 13.1 10.2
"70" "54" 2018-03-19 27.01 "DET" "@" "SAC" "W" 16 1 31.2666666666667 0.654 0.654 0 0 0 11.7 0 0 0 20.4 134 105 12.1 2.6
"71" "55" 2018-03-20 27.01 "DET" "@" "PHO" "W" 27 1 20.9666666666667 0.607 0.556 0 4.6 2.3 6.8 2.3 0 9.2 22.2 116 95 7.1 -2.8
"72" "56" 2018-03-22 27.02 "DET" "@" "HOU" "L" -4 1 38.95 0.6 0.6 0 17.6 9.2 16.4 2.6 2.8 23.1 14.9 99 92 11.5 3.7
"73" "57" 2018-03-24 27.02 "DET" "" "CHI" "W" 22 1 29.05 0.778 0.778 0 0 0 14.3 0 0 18.2 16.8 123 112 9.8 1.2
"74" "58" 2018-03-26 27.03 "DET" "" "LAL" "W" 6 1 29.5 0.571 0.571 3.2 14.1 8.4 0 1.6 2.6 0 20.1 117 103 12.6 5
"75" "59" 2018-03-29 27.04 "DET" "" "WAS" "W" 11 1 29.3333333333333 0.778 0.778 0 3.6 1.9 15.7 1.7 0 10 15 139 101 12.5 7.1
"76" "60" 2018-03-31 27.04 "DET" "@" "NYK" "W" 6 1 33.3666666666667 0.538 0.5 3.5 10.3 6.9 12.2 3 0 6.3 22 115 114 12.9 -0.3
"77" "61" 2018-04-01 27.04 "DET" "@" "BRK" "W" 12 1 35.4166666666667 0.25 0.25 6.2 8.3 7.3 0 0 0 0 12.7 69 106 0.3 -11.3
"78" "62" 2018-04-04 27.05 "DET" "" "PHI" "L" -7 1 30.6833333333333 0.718 0.7 3.4 7.8 5.5 5 0 0 8.7 15.5 124 117 10.2 1.3
"79" "" 2018-04-06 27.06 "DET" "" "DAL" "W" 7 NA NA NA NA NA NA NA NA NA NA NA NA NA NA NA NA
"80" "" 2018-04-08 27.06 "DET" "@" "MEM" "L" -13 NA NA NA NA NA NA NA NA NA NA NA NA NA NA NA NA
"81" "" 2018-04-09 27.07 "DET" "" "TOR" "L" -10 NA NA NA NA NA NA NA NA NA NA NA NA NA NA NA NA
"82" "" 2018-04-11 27.07 "DET" "@" "CHI" "W" 32 NA NA NA NA NA NA NA NA NA NA NA NA NA NA NA NA
"1" "" 2018-10-17 27.59 "DET" "" "BRK" "W" 3 NA NA NA NA NA NA NA NA NA NA NA NA NA NA NA NA
"2" "1" 2018-10-20 27.6 "DET" "@" "CHI" "W" 2 1 29.9 0.526 0.423 0 4.5 1.8 4.9 1.6 2.4 11.6 23 106 114 8.4 -4.8
"3" "2" 2018-10-23 27.61 "DET" "" "PHI" "W" 1 1 41.4166666666667 0.555 0.5 2.5 3 2.7 8.9 0 0 0 15.3 127 124 12.7 -1.1
"4" "3" 2018-10-25 27.61 "DET" "" "CLE" "W" 7 1 32.1 0.23 0.2 4.2 7.1 5.8 23.6 0 2.3 21.6 18.7 74 111 1.2 -9.7
"5" "4" 2018-10-27 27.62 "DET" "" "BOS" "L" -20 1 26.0333333333333 0.304 0.278 0 18.8 9.1 6.3 0 0 0 16.7 66 110 1.1 -8
"6" "5" 2018-10-30 27.62 "DET" "@" "BOS" "L" -3 1 32.5166666666667 0.649 0.591 0 9.4 4.6 5 0 0 7.5 16.8 125 110 10.5 2.9
"7" "6" 2018-10-31 27.63 "DET" "@" "BRK" "L" -1 1 8.75 0 0 0 0 0 0 0 0 0 19.2 0 119 -3.6 -27.8
"8" "" 2018-11-03 27.64 "DET" "@" "PHI" "L" -10 NA NA NA NA NA NA NA NA NA NA NA NA NA NA NA NA
"9" "" 2018-11-05 27.64 "DET" "" "MIA" "L" -5 NA NA NA NA NA NA NA NA NA NA NA NA NA NA NA NA
"10" "7" 2018-11-07 27.65 "DET" "@" "ORL" "W" 7 1 18.1 0.078 0 0 18.5 8.8 7.2 2.6 0 13.4 16.7 25 94 -1.6 -13.4
"11" "8" 2018-11-09 27.65 "DET" "@" "ATL" "W" 15 1 23.5333333333333 0.722 0.722 0 14.2 6.3 22.8 0 0 10 17.7 134 112 10.6 3.3
"12" "9" 2018-11-11 27.66 "DET" "" "CHO" "L" -10 1 34.35 0.803 0.769 4.5 4 4.3 9.9 1.4 0 0 16.4 176 120 20.4 13.4
"13" "10" 2018-11-14 27.67 "DET" "@" "TOR" "W" 2 1 28.9333333333333 0.278 0.278 0 3.8 1.9 8.2 3.2 0 10 14.6 61 99 1 -6.3
"14" "11" 2018-11-19 27.68 "DET" "" "CLE" "W" 11 1 31.2333333333333 0.902 0.889 4 0 1.8 19.3 0 0 0 16.7 193 121 20.2 13.9
"15" "12" 2018-11-21 27.68 "DET" "@" "HOU" "L" -2 1 35.9833333333333 0.5 0.5 0 0 0 22.2 4.1 0 0 9.1 142 126 9.6 4
"16" "13" 2018-11-23 27.69 "DET" "" "HOU" "W" 5 1 39.3833333333333 0.8 0.8 6.6 7.8 7.2 7.5 2.7 0 16.7 6.8 148 114 9.6 3
"17" "14" 2018-11-25 27.7 "DET" "" "PHO" "W" 11 1 31.4833333333333 0.623 0.6 0 0 0 8.6 0 0 16.1 16.4 108 117 7 -5.1
"18" "15" 2018-11-27 27.7 "DET" "" "NYK" "W" 7 1 29.6833333333333 0.595 0.5 0 15 8.3 0 0 0 25.4 11.3 86 109 3 -7.7
"19" "16" 2018-11-30 27.71 "DET" "" "CHI" "W" 19 1 31.6166666666667 0.591 0.591 0 6.6 3.3 27.3 0 0 21.4 19 108 96 8.7 0.9
"20" "17" 2018-12-01 27.71 "DET" "" "GSW" "W" 9 1 31.8333333333333 0.417 0.417 0 7.4 3.3 12.2 3 0 0 15.4 103 103 6.7 0
"21" "18" 2018-12-03 27.72 "DET" "" "OKC" "L" -27 1 2.95 0 0 0 42.8 17.5 0 0 0 0 13.9 0 108 -0.4 -15.9
"22" "" 2018-12-05 27.72 "DET" "@" "MIL" "L" -23 NA NA NA NA NA NA NA NA NA NA NA NA NA NA NA NA
"23" "" 2018-12-07 27.73 "DET" "" "PHI" "L" -6 NA NA NA NA NA NA NA NA NA NA NA NA NA NA NA NA
"24" "" 2018-12-09 27.73 "DET" "" "NOP" "L" -8 NA NA NA NA NA NA NA NA NA NA NA NA NA NA NA NA
"25" "" 2018-12-10 27.74 "DET" "@" "PHI" "L" -14 NA NA NA NA NA NA NA NA NA NA NA NA NA NA NA NA
"26" "" 2018-12-12 27.74 "DET" "@" "CHO" "L" -1 NA NA NA NA NA NA NA NA NA NA NA NA NA NA NA NA
"27" "19" 2018-12-15 27.75 "DET" "" "BOS" "W" 9 1 30.0333333333333 0.631 0.636 0 9.6 5.2 5.2 0 0 20.2 21 96 110 7.1 -3.2
"28" "20" 2018-12-17 27.76 "DET" "" "MIL" "L" -3 1 34.2166666666667 0.831 0.821 3.3 7 5.1 5.3 0 0 6.5 19.6 148 113 17.2 8.6
"29" "21" 2018-12-19 27.76 "DET" "@" "MIN" "W" 6 1 42.7 0.754 0.738 0 7.9 4 4 1.1 0 0 22.8 146 116 25.3 10.1
"30" "22" 2018-12-21 27.77 "DET" "@" "CHO" "L" -12 1 36.65 0.611 0.611 0 6.5 3.1 14.7 1.5 0 18.2 13.6 104 114 7.2 -0.9
"31" "23" 2018-12-23 27.77 "DET" "" "ATL" "L" -3 1 37.1833333333333 0.581 0.5 0 2.5 1.4 12.3 0 0 22.5 10.3 97 106 4.2 -4.3
"32" "24" 2018-12-26 27.78 "DET" "" "WAS" "W" 11 1 32.3333333333333 0.363 0.25 0 14.5 7.7 12.5 0 0 12.7 10.5 94 104 2.7 -6.5
"33" "25" 2018-12-28 27.79 "DET" "@" "IND" "L" -37 1 26.8333333333333 0.65 0.65 3.4 10.2 6.2 0 1.8 2.6 28.6 21.2 82 124 5.8 -2.8
"34" "26" 2018-12-30 27.79 "DET" "@" "ORL" "L" -2 1 27.6666666666667 0.476 0.393 3.3 8.1 5.4 5.4 0 0 6 25.7 106 118 7 -3.9
"35" "27" 2019-01-01 27.8 "DET" "@" "MIL" "L" -23 1 26.6833333333333 0.355 0.375 3.5 15.9 8.4 17.2 1.8 0 19.2 16.3 75 124 2.7 -6.5
"36" "28" 2019-01-02 27.8 "DET" "@" "MEM" "W" 7 1 27.9 0.732 0.688 4 0 2 17.7 0 0 0 15.3 156 112 11 4.4
"37" "29" 2019-01-05 27.81 "DET" "" "UTA" "L" -5 1 39.0166666666667 0.679 0.679 6.2 2.7 4.3 8.1 0 0 12.5 18.1 121 115 12.3 2.7
"38" "30" 2019-01-07 27.81 "DET" "" "SAS" "L" -12 1 36.0333333333333 0.406 0.406 0 14.4 7.1 7.5 0 0 5.9 22.1 86 134 5.4 -8.9
"39" "31" 2019-01-09 27.82 "DET" "@" "LAL" "L" -13 1 32.5333333333333 0.505 0.5 0 12.6 5.5 4.7 0 0 0 18.8 102 126 7.8 -5.5
"40" "32" 2019-01-10 27.82 "DET" "@" "SAC" "L" -10 1 30.4333333333333 0.697 0.611 3.5 0 1.9 33 1.6 0 0 15.2 158 118 15 7.2
"41" "33" 2019-01-12 27.83 "DET" "@" "LAC" "W" 5 1 34.9333333333333 0.607 0.607 6 17.2 11.2 19.1 1.4 0 6.7 18.6 134 113 14.1 4.9
"42" "34" 2019-01-14 27.83 "DET" "@" "UTA" "L" -6 1 27.4166666666667 0.888 0.833 0 8 3.8 6.3 3.5 0 12 13.7 153 103 11.1 5.8
"43" "35" 2019-01-16 27.84 "DET" "" "ORL" "W" 5 1 38.35 0.542 0.542 0 0 0 22.4 0 0 14.3 17.1 113 123 8.4 -2.2
"44" "36" 2019-01-18 27.84 "DET" "" "MIA" "W" 5 1 33.9166666666667 0.663 0.654 0 6.9 3.3 5.6 0 0 0 20.1 129 104 12.8 2.2
"45" "37" 2019-01-19 27.85 "DET" "" "SAC" "L" -2 1 29.6 0.333 0.333 0 3.7 1.9 10.4 0 0 14.3 21.2 71 119 0.5 -11.4
"46" "38" 2019-01-21 27.85 "DET" "@" "WAS" "L" -14 1 35.65 0.505 0.455 0 21.9 11.1 21 0 2.4 14.4 18.3 91 103 7.9 -2.2
"47" "39" 2019-01-23 27.86 "DET" "@" "NOP" "W" 4 1 26.8 0.208 0.208 3.6 18.7 11 27.6 0 2.6 14.3 23.6 60 97 1 -10.2
"48" "40" 2019-01-25 27.86 "DET" "@" "DAL" "L" -5 1 32.9333333333333 0.643 0.643 0 10.4 4.9 14.3 0 0 22.2 12.1 106 120 5.1 -2.7
"49" "" 2019-01-29 27.87 "DET" "" "MIL" "L" -10 NA NA NA NA NA NA NA NA NA NA NA NA NA NA NA NA
"50" "41" 2019-01-31 27.88 "DET" "" "DAL" "W" 4 1 30.4166666666667 0.225 0.188 3.3 3.3 3.3 10 0 0 10.1 14.6 63 107 -1 -11.7
"51" "42" 2019-02-02 27.88 "DET" "" "LAC" "L" -10 1 32.8666666666667 1.224 1.25 0 13.9 6.9 5.3 0 0 27.9 14.9 151 120 15.3 7.6
"52" "43" 2019-02-04 27.89 "DET" "" "DEN" "W" 26 1 26.1333333333333 0.611 0.611 4.8 11.7 8.6 18.1 3.7 0 10 15.7 141 101 10.9 5
"53" "44" 2019-02-05 27.89 "DET" "@" "NYK" "W" 13 1 35.7333333333333 0.679 0.679 0 19.6 11.1 9.7 3 0 6.7 20.4 122 97 16.1 7
"54" "" 2019-02-07 27.9 "LAL" "@" "BOS" "W" 1 NA NA NA NA NA NA NA NA NA NA NA NA NA NA NA NA
"55" "45" 2019-02-10 27.91 "LAL" "@" "PHI" "L" -23 1 30.6 0.2 0.2 0 3.8 1.8 10.1 1.5 4.3 0 6.7 75 131 3.3 -4
"56" "46" 2019-02-12 27.91 "LAL" "@" "ATL" "L" -4 1 35.4333333333333 0.682 0.682 0 16.9 7.4 4.1 2.4 2.7 8.3 13.4 119 104 12.8 2.6
"57" "47" 2019-02-21 27.94 "LAL" "" "HOU" "W" 5 1 29.9666666666667 0.788 0.75 3.4 15.6 9.1 5.1 1.6 0 0 12.1 164 103 12.4 8.9
"58" "48" 2019-02-23 27.94 "LAL" "@" "NOP" "L" -13 1 29.8166666666667 0.58 0.5 0 7.7 4 7.9 0 2.9 20.5 13.6 98 122 4.7 -6.1
"59" "49" 2019-02-25 27.95 "LAL" "@" "MEM" "L" -5 1 39.45 0.636 0.636 0 2.4 1.2 14.3 1.2 0 8.3 12.7 120 115 11 2.6
"60" "50" 2019-02-27 27.95 "LAL" "" "NOP" "W" 6 1 36.0333333333333 0.678 0.667 0 14.2 7.3 0 2.5 2 0 11.9 126 109 13.1 0.9
"61" "51" 2019-03-01 27.96 "LAL" "" "MIL" "L" -11 1 25.65 0.5 0.5 0 13.1 6.2 0 0 0 0 8.3 97 132 2.8 -7.1
"62" "52" 2019-03-02 27.96 "LAL" "@" "PHO" "L" -9 1 18.9333333333333 0.357 0.357 0 13 6.3 13.4 0 0 12.5 18.4 76 127 1.1 -10.6
"63" "53" 2019-03-04 27.97 "LAL" "" "LAC" "L" -8 1 35.5666666666667 0.335 0.3 0 16.5 7.5 4 0 2.5 8.7 13.6 66 115 2.3 -7
"64" "54" 2019-03-06 27.97 "LAL" "" "DEN" "L" -16 1 20.2333333333333 0.205 0.25 0 8.8 4.9 0 0 0 0 10.9 41 125 -1 -13.1
"65" "55" 2019-03-09 27.98 "LAL" "" "BOS" "L" -13 0 22.35 0.389 0.389 0 5.2 2.5 0 0 0 0 17.4 78 121 1.4 -10.6
"66" "56" 2019-03-12 27.99 "LAL" "@" "CHI" "W" 16 1 22.05 0.455 0.389 0 9.3 5.1 0 4.3 0 0 20 93 105 6.5 -4.4
"67" "57" 2019-03-14 27.99 "LAL" "@" "TOR" "L" -13 1 29.7666666666667 0.47 0.429 0 9.1 4.9 0 3 0 11.8 11.8 80 105 4.4 -2.2
"68" "58" 2019-03-15 28 "LAL" "@" "DET" "L" -14 1 21.3666666666667 0.286 0.286 0 8.6 4.6 14.3 2.3 0 30 20.2 49 117 -0.5 -13.1
"69" "59" 2019-03-17 28 "LAL" "@" "NYK" "L" -1 1 20.65 0.7 0.7 0 0 0 0 0 0 0 19.5 140 133 8.6 -1.8
"70" "60" 2019-03-19 28.01 "LAL" "@" "MIL" "L" -14 1 24.3166666666667 0.962 0.9 3.9 4.3 4.1 7.3 0 0 0 11.6 194 119 11.6 7.1
"71" "61" 2019-03-22 28.02 "LAL" "" "BRK" "L" -5 1 28.1166666666667 0.278 0.278 0 10 4.8 0 3.3 3.4 0 12.2 69 106 2.3 -4.5
"72" "" 2019-03-24 28.02 "LAL" "" "SAC" "W" 5 NA NA NA NA NA NA NA NA NA NA NA NA NA NA NA NA
"73" "" 2019-03-26 28.03 "LAL" "" "WAS" "W" 18 NA NA NA NA NA NA NA NA NA NA NA NA NA NA NA NA
"74" "" 2019-03-27 28.03 "LAL" "@" "UTA" "L" -15 NA NA NA NA NA NA NA NA NA NA NA NA NA NA NA NA
"75" "" 2019-03-29 28.04 "LAL" "" "CHO" "W" 14 NA NA NA NA NA NA NA NA NA NA NA NA NA NA NA NA
"76" "62" 2019-03-31 28.04 "LAL" "@" "NOP" "W" 28 0 23.4833333333333 0.758 0.727 0 15.3 6.7 17.2 1.9 0 0 20.1 155 98 15.9 9.4
"77" "63" 2019-04-02 28.05 "LAL" "@" "OKC" "L" -16 0 30.3333333333333 0.65 0.65 0 9.1 5.3 0 1.5 0 9.1 15.9 104 118 8.5 0.2
"78" "" 2019-04-04 28.05 "LAL" "" "GSW" "L" -18 NA NA NA NA NA NA NA NA NA NA NA NA NA NA NA NA
"79" "" 2019-04-05 28.05 "LAL" "@" "LAC" "W" 5 NA NA NA NA NA NA NA NA NA NA NA NA NA NA NA NA
"80" "" 2019-04-07 28.06 "LAL" "" "UTA" "W" 4 NA NA NA NA NA NA NA NA NA NA NA NA NA NA NA NA
"81" "" 2019-04-09 28.07 "LAL" "" "POR" "L" -3 NA NA NA NA NA NA NA NA NA NA NA NA NA NA NA NA
"1" "" 2019-10-23 28.61 "NYK" "@" "SAS" "L" -9 NA NA NA NA NA NA NA NA NA NA NA NA NA NA NA NA
"2" "" 2019-10-25 28.61 "NYK" "@" "BRK" "L" -4 NA NA NA NA NA NA NA NA NA NA NA NA NA NA NA NA
"3" "" 2019-10-26 28.61 "NYK" "" "BOS" "L" -23 NA NA NA NA NA NA NA NA NA NA NA NA NA NA NA NA
"4" "" 2019-10-28 28.62 "NYK" "" "CHI" "W" 7 NA NA NA NA NA NA NA NA NA NA NA NA NA NA NA NA
"5" "" 2019-10-30 28.62 "NYK" "@" "ORL" "L" -12 NA NA NA NA NA NA NA NA NA NA NA NA NA NA NA NA
"6" "" 2019-11-01 28.63 "NYK" "@" "BOS" "L" -2 NA NA NA NA NA NA NA NA NA NA NA NA NA NA NA NA
"7" "" 2019-11-03 28.64 "NYK" "" "SAC" "L" -21 NA NA NA NA NA NA NA NA NA NA NA NA NA NA NA NA
"8" "" 2019-11-06 28.64 "NYK" "@" "DET" "L" -20 NA NA NA NA NA NA NA NA NA NA NA NA NA NA NA NA
"9" "" 2019-11-08 28.65 "NYK" "@" "DAL" "W" 4 NA NA NA NA NA NA NA NA NA NA NA NA NA NA NA NA
"10" "" 2019-11-10 28.65 "NYK" "" "CLE" "L" -21 NA NA NA NA NA NA NA NA NA NA NA NA NA NA NA NA
"11" "" 2019-11-12 28.66 "NYK" "@" "CHI" "L" -18 NA NA NA NA NA NA NA NA NA NA NA NA NA NA NA NA
"12" "" 2019-11-14 28.67 "NYK" "" "DAL" "W" 3 NA NA NA NA NA NA NA NA NA NA NA NA NA NA NA NA
"13" "" 2019-11-16 28.67 "NYK" "" "CHO" "L" -1 NA NA NA NA NA NA NA NA NA NA NA NA NA NA NA NA
"14" "" 2019-11-18 28.68 "NYK" "" "CLE" "W" 18 NA NA NA NA NA NA NA NA NA NA NA NA NA NA NA NA
"15" "" 2019-11-20 28.68 "NYK" "@" "PHI" "L" -5 NA NA NA NA NA NA NA NA NA NA NA NA NA NA NA NA
"16" "" 2019-11-23 28.69 "NYK" "" "SAS" "L" -7 NA NA NA NA NA NA NA NA NA NA NA NA NA NA NA NA
"17" "" 2019-11-24 28.69 "NYK" "" "BRK" "L" -2 NA NA NA NA NA NA NA NA NA NA NA NA NA NA NA NA
"18" "" 2019-11-27 28.7 "NYK" "@" "TOR" "L" -28 NA NA NA NA NA NA NA NA NA NA NA NA NA NA NA NA
"19" "" 2019-11-29 28.71 "NYK" "" "PHI" "L" -6 NA NA NA NA NA NA NA NA NA NA NA NA NA NA NA NA
"20" "" 2019-12-01 28.71 "NYK" "" "BOS" "L" -9 NA NA NA NA NA NA NA NA NA NA NA NA NA NA NA NA
"21" "" 2019-12-02 28.72 "NYK" "@" "MIL" "L" -44 NA NA NA NA NA NA NA NA NA NA NA NA NA NA NA NA
"22" "" 2019-12-05 28.72 "NYK" "" "DEN" "L" -37 NA NA NA NA NA NA NA NA NA NA NA NA NA NA NA NA
"23" "" 2019-12-07 28.73 "NYK" "" "IND" "L" -1 NA NA NA NA NA NA NA NA NA NA NA NA NA NA NA NA
"24" "" 2019-12-10 28.74 "NYK" "@" "POR" "L" -28 NA NA NA NA NA NA NA NA NA NA NA NA NA NA NA NA
"25" "" 2019-12-11 28.74 "NYK" "@" "GSW" "W" 2 NA NA NA NA NA NA NA NA NA NA NA NA NA NA NA NA
"26" "" 2019-12-13 28.75 "NYK" "@" "SAC" "W" 2 NA NA NA NA NA NA NA NA NA NA NA NA NA NA NA NA
"27" "" 2019-12-15 28.75 "NYK" "@" "DEN" "L" -6 NA NA NA NA NA NA NA NA NA NA NA NA NA NA NA NA
"28" "" 2019-12-17 28.76 "NYK" "" "ATL" "W" 23 NA NA NA NA NA NA NA NA NA NA NA NA NA NA NA NA
"29" "" 2019-12-20 28.76 "NYK" "@" "MIA" "L" -15 NA NA NA NA NA NA NA NA NA NA NA NA NA NA NA NA
"30" "" 2019-12-21 28.77 "NYK" "" "MIL" "L" -21 NA NA NA NA NA NA NA NA NA NA NA NA NA NA NA NA
"31" "" 2019-12-23 28.77 "NYK" "" "WAS" "L" -6 NA NA NA NA NA NA NA NA NA NA NA NA NA NA NA NA
"32" "" 2019-12-26 28.78 "NYK" "@" "BRK" "W" 12 NA NA NA NA NA NA NA NA NA NA NA NA NA NA NA NA
"33" "" 2019-12-28 28.79 "NYK" "@" "WAS" "W" 7 NA NA NA NA NA NA NA NA NA NA NA NA NA NA NA NA
"34" "1" 2020-01-01 28.8 "NYK" "" "POR" "W" 24 0 15.4333333333333 0.611 0.611 0 11.1 6.1 0 0 0 0 25.2 115 99 6.1 0.9
"35" "2" 2020-01-03 28.8 "NYK" "@" "PHO" "L" -8 0 18.55 0.409 0.409 5 5.4 5.2 8.4 5 0 0 23.7 96 111 5.8 -1
"36" "3" 2020-01-05 28.81 "NYK" "@" "LAC" "L" -3 0 24.9 0.9 0.9 4.8 0 2.4 4.8 5.5 0 0 8.3 184 124 10.7 6.4
"37" "4" 2020-01-07 28.81 "NYK" "@" "LAL" "L" -30 1 26.9166666666667 0.389 0.389 0 0 0 11.3 3.5 0 0 13.6 93 116 4.1 -2.3
"38" "5" 2020-01-08 28.82 "NYK" "@" "UTA" "L" -24 1 23.8833333333333 0.5 0.5 7.7 5.2 6.6 5.9 0 0 0 16.3 119 142 6.7 -3.4
"39" "6" 2020-01-10 28.82 "NYK" "" "NOP" "L" -12 1 27.25 0.631 0.636 0 9.3 4 9.9 5 0 0 17.2 133 112 13.5 5.5
"40" "7" 2020-01-12 28.83 "NYK" "" "MIA" "W" 3 1 28.4833333333333 0.5 0.5 0 4.6 2.2 18.8 3.5 0 5.9 26.4 107 127 9.3 -3.4
"41" "8" 2020-01-14 28.83 "NYK" "@" "MIL" "L" -26 1 23.45 0.161 0 3.2 0 1.9 5.7 1.9 0 0 15.3 48 120 -0.2 -12.2
"42" "" 2020-01-16 28.84 "NYK" "" "PHO" "L" -23 NA NA NA NA NA NA NA NA NA NA NA NA NA NA NA NA
"43" "9" 2020-01-18 28.84 "NYK" "" "PHI" "L" -3 1 34.75 0.521 0.5 2.9 6.7 4.7 10.3 4.4 0 18.2 20.7 91 91 8 0.4
"44" "10" 2020-01-20 28.85 "NYK" "@" "CLE" "W" 20 1 29.9833333333333 0.6 0.6 0 5.5 3.1 0 1.7 0 9.1 17.2 105 99 6.4 -3.2
"45" "11" 2020-01-22 28.85 "NYK" "" "LAL" "L" -8 1 21.1333333333333 0.417 0.417 5 10.1 7.6 0 0 0 14.3 14.4 79 113 1.1 -8.1
"46" "12" 2020-01-24 28.86 "NYK" "" "TOR" "L" -6 1 21.95 0.688 0.688 0 17.7 8.5 6.6 0 0 0 16.2 149 133 8.2 2.6
"47" "13" 2020-01-26 28.87 "NYK" "" "BRK" "W" 13 1 31.4166666666667 0.625 0.625 0 18.6 9.3 3.6 1.6 0 0 11 142 104 8.4 1
"48" "14" 2020-01-28 28.87 "NYK" "@" "CHO" "L" -5 1 28.0166666666667 0.403 0.357 4 3.4 3.7 9.9 0 0 11.8 13.9 89 113 2.5 -6.3
"49" "15" 2020-01-29 28.87 "NYK" "" "MEM" "L" -21 1 19.7 0.455 0.444 0 5.8 2.7 8.3 0 0 0 20.1 97 130 3.7 -9.6
"50" "16" 2020-02-01 28.88 "NYK" "@" "IND" "W" 7 1 24.8 0.444 0.357 0 16.5 8.5 12.8 0 0 20.2 18.4 85 97 1.9 -7.7
"51" "17" 2020-02-03 28.89 "NYK" "@" "CLE" "W" 5 1 24.7166666666667 0.583 0.583 5.2 16.5 10.7 4.2 2 0 0 10.4 135 125 6.9 -3.1
"52" "18" 2020-02-06 28.9 "NYK" "" "ORL" "W" 2 1 30.4666666666667 0.432 0.385 7.5 4.4 6.1 13.5 1.6 0 6.7 20.7 99 110 7.9 -4.7
"53" "19" 2020-02-08 28.9 "NYK" "@" "DET" "W" 3 1 27.4166666666667 0.68 0.6 0 20.6 9.3 25.4 2 0 0 9.6 173 106 10.6 7.9
"54" "20" 2020-02-09 28.9 "NYK" "@" "ATL" "L" -5 1 37.25 0.583 0.583 0 12 5.9 3.9 1.3 0 5.3 21.4 114 120 12.3 -1.8
"55" "21" 2020-02-12 28.91 "NYK" "" "WAS" "L" -18 1 24.4666666666667 0.208 0.208 4.1 4.5 4.3 0 1.9 0 14.3 22.7 45 113 -3.8 -16.9
"56" "22" 2020-02-21 28.94 "NYK" "" "IND" "L" -8 1 18.5 0.781 0.75 6 16.6 11.5 8.7 2.6 0 14.8 16.4 135 106 8.1 5.9
"57" "23" 2020-02-24 28.95 "NYK" "@" "HOU" "L" -11 0 21.65 0.3 0.3 0 5.2 2.4 17.6 0 5.8 0 9.1 100 123 2.2 -6.7
"58" "24" 2020-02-26 28.95 "NYK" "@" "CHO" "L" -6 0 10.3 0 0 0 0 0 0 5 0 0 4.3 0 111 0.3 -5.4
"59" "25" 2020-02-27 28.95 "NYK" "@" "PHI" "L" -9 0 17.5166666666667 0.5 0.5 0 6.7 3.3 7 0 0 0 5.4 117 133 2 -7.4
"60" "" 2020-02-29 28.96 "NYK" "" "CHI" "W" 10 NA NA NA NA NA NA NA NA NA NA NA NA NA NA NA NA
"61" "" 2020-03-02 28.96 "NYK" "" "HOU" "W" 2 NA NA NA NA NA NA NA NA NA NA NA NA NA NA NA NA
"62" "26" 2020-03-04 28.97 "NYK" "" "UTA" "L" -8 0 20.3166666666667 0.5 0.5 0 31.9 15 6.5 0 0 20 11.2 87 119 2.8 -6.8
"63" "27" 2020-03-06 28.98 "NYK" "" "OKC" "L" -23 0 10.7 0 0 0 19.9 10.4 0 0 6.9 0 8 0 127 -0.5 -11.5
"64" "28" 2020-03-08 28.98 "NYK" "" "DET" "W" 12 0 12 NA NA 0 9.3 4.7 22.2 0 0 100 3.9 66 102 0.7 -5.8
"65" "29" 2020-03-10 28.99 "NYK" "@" "WAS" "L" -7 0 28.4 0.727 0.75 0 9.1 4.6 14.4 0 4.3 30.4 14.8 100 127 6.6 -3.7
"66" "" 2020-03-11 28.99 "NYK" "@" "ATL" "W" 5 NA NA NA NA NA NA NA NA NA NA NA NA NA NA NA NA
"1" "1" 2020-12-23 29.77 "NYK" "@" "IND" "L" -14 1 25.6333333333333 0.55 0.55 0 4.2 2.1 11.9 1.8 0 0 16.9 109 118 7.1 -0.1
"2" "2" 2020-12-26 29.78 "NYK" "" "PHI" "L" -20 1 27.3833333333333 0.381 0.357 0 12.5 5.8 12.3 0 0 0 12.7 94 120 2.2 -6
"3" "3" 2020-12-27 29.78 "NYK" "" "MIL" "W" 20 1 16.8833333333333 0.595 0.5 0 15.5 9.5 7.1 0 0 14.5 17.5 111 111 4.1 -4.4
"4" "4" 2020-12-29 29.79 "NYK" "@" "CLE" "W" 9 1 40.9833333333333 0.654 0.654 2.7 12.8 8.4 0 1.2 2.1 18.8 16.5 103 93 10.3 2.7
"5" "5" 2020-12-31 29.79 "NYK" "@" "TOR" "L" -17 1 38.0833333333333 0.2 0.2 0 13.1 6.2 13.4 1.3 4.1 6.3 18 46 101 -1 -9.4
"6" "6" 2021-01-02 29.8 "NYK" "@" "IND" "W" 4 1 33.3333333333333 0.466 0.5 0 21.9 12.1 3.7 1.6 0 13.4 10.3 88 109 3.4 -4
"7" "7" 2021-01-04 29.81 "NYK" "@" "ATL" "W" 5 1 25.85 0.509 0.5 0 12.7 6.6 14.9 0 0 22.5 14.9 91 118 4.2 -5.6
"8" "8" 2021-01-06 29.81 "NYK" "" "UTA" "W" 12 1 29.5666666666667 0.75 0.75 11.3 13.8 12.6 0 1.7 0 0 12.1 160 106 11.9 3.3
"9" "9" 2021-01-08 29.82 "NYK" "" "OKC" "L" -12 1 24.4 0.375 0.375 0 28.1 12.4 0 2.1 0 0 14.5 75 103 3.9 -7.7
"10" "10" 2021-01-10 29.82 "NYK" "" "DEN" "L" -25 1 24.85 0.438 0.438 0 16.1 7.3 7.4 0 0 11.1 17.2 80 127 2.4 -8.1
"11" "" 2021-01-11 29.82 "NYK" "@" "CHO" "L" -21 NA NA NA NA NA NA NA NA NA NA NA NA NA NA NA NA
"12" "" 2021-01-13 29.83 "NYK" "" "BRK" "L" -7 NA NA NA NA NA NA NA NA NA NA NA NA NA NA NA NA
"13" "11" 2021-01-15 29.84 "NYK" "@" "CLE" "L" -3 1 30.8666666666667 0.4 0.4 0 3.4 1.8 8.4 3.3 0 16.7 9.2 81 116 3.2 -7
"14" "12" 2021-01-17 29.84 "NYK" "@" "BOS" "W" 30 1 28.1666666666667 0.611 0.611 4.4 17.9 12.4 0 1.8 0 10 16.2 112 80 8 1.4
"15" "13" 2021-01-18 29.84 "NYK" "" "ORL" "W" 7 1 30.3333333333333 0.528 0.455 0 9.5 4.6 12.8 1.7 0 7.5 19.5 107 95 9.2 3.3
"16" "14" 2021-01-21 29.85 "NYK" "@" "GSW" "W" 15 1 17.05 0.75 0.75 0 10.6 5.6 0 2.8 0 0 20.3 137 103 8 7.8
"17" "15" 2021-01-22 29.85 "NYK" "@" "SAC" "L" -9 1 21 0 0 0 12.9 6.1 12.7 0 0 0 5.9 33 112 -1 -11.1
"18" "" 2021-01-24 29.86 "NYK" "@" "POR" "L" -3 NA NA NA NA NA NA NA NA NA NA NA NA NA NA NA NA
"19" "" 2021-01-26 29.87 "NYK" "@" "UTA" "L" -14 NA NA NA NA NA NA NA NA NA NA NA NA NA NA NA NA
"20" "" 2021-01-29 29.87 "NYK" "" "CLE" "W" 21 NA NA NA NA NA NA NA NA NA NA NA NA NA NA NA NA
"21" "16" 2021-01-31 29.88 "NYK" "" "LAC" "L" -14 1 26.0833333333333 0.667 0.667 0 5.6 2.5 5.2 0 4.3 0 10.6 139 145 6.3 -1.6
"22" "17" 2021-02-01 29.88 "NYK" "@" "CHI" "L" -8 1 21.8166666666667 0.254 0.143 0 10.7 5.2 6.3 2.3 0 0 15.8 66 113 1.4 -9.1
"23" "18" 2021-02-03 29.89 "NYK" "@" "CHI" "W" 4 1 27.4166666666667 0.643 0.643 4.1 12.5 8.2 0 0 0 22.2 14 101 110 4.5 -4.2
"24" "19" 2021-02-06 29.9 "NYK" "" "POR" "W" 11 1 26.0666666666667 0.833 0.833 0 3.4 2 5 0 8.8 0 10.3 168 106 9.4 6.9
"25" "20" 2021-02-07 29.9 "NYK" "" "MIA" "L" -6 1 31.0666666666667 0.618 0.618 0 11.6 5.3 11.4 6.6 0 10.5 28.3 108 107 15 9
"26" "21" 2021-02-09 29.9 "NYK" "@" "MIA" "L" -2 1 23.1666666666667 0.922 0.875 0 15.2 7.4 20.2 0 0 0 9.4 195 115 8.8 5.9
"27" "22" 2021-02-12 29.91 "NYK" "@" "WAS" "W" 18 1 18.5 0.429 0.429 0 13.2 7 6.7 2.6 0 0 15.3 101 90 2.5 -4.3
"28" "23" 2021-02-13 29.92 "NYK" "" "HOU" "W" 22 1 25.1833333333333 0.9 0.9 0 11 6.4 4.9 0 0 0 9.2 171 108 7.5 4.3
"29" "24" 2021-02-15 29.92 "NYK" "" "ATL" "W" 11 1 22.1666666666667 0.571 0.571 5.3 5 5.2 12.2 0 0 12.5 16.8 118 127 4.5 -5.3
"30" "25" 2021-02-17 29.93 "NYK" "@" "ORL" "L" -18 1 33.1666666666667 0.694 0.5 0 9.4 4.5 13.8 1.5 2.5 25.8 5 123 111 6.3 -1.2
"31" "26" 2021-02-21 29.94 "NYK" "" "MIN" "W" 4 1 30.9833333333333 0.536 0.438 0 7 3.4 0 0 0 9.7 14.8 102 109 5.2 -3.8
"32" "27" 2021-02-23 29.94 "NYK" "" "GSW" "L" -8 1 18.5 0.509 0.417 5 17.3 10.7 0 0 0 0 14.9 124 119 4.8 -2.8
"33" "28" 2021-02-25 29.95 "NYK" "" "SAC" "W" 19 1 19.7166666666667 0.625 0.625 0 5.8 3.2 5.9 2.4 0 11.1 19.5 117 117 6.6 -1.8
"34" "29" 2021-02-27 29.95 "NYK" "" "IND" "W" 3 1 26.8666666666667 0.409 0.409 5.4 17.9 12.2 10.9 0 0 8.3 19.7 85 110 4 -7.9
"35" "30" 2021-02-28 29.96 "NYK" "@" "DET" "W" 19 1 21.8 0.9 0.9 0 26.2 13.6 17.7 0 0 16.7 13 149 102 8.9 8
"36" "31" 2021-03-02 29.96 "NYK" "@" "SAS" "L" -26 1 21.7166666666667 0.5 0.5 0 5.4 2.6 0 0 4.7 25 8.5 71 129 1.3 -7.1
"37" "32" 2021-03-04 29.97 "NYK" "" "DET" "W" 10 1 32.5166666666667 0.419 0.385 4.2 10.8 7.8 7.6 1.6 0 0 20.3 109 118 7.7 -7
"38" "33" 2021-03-11 29.99 "NYK" "@" "MIL" "L" -33 1 20.5833333333333 0.581 0.5 0 7.1 2.9 0 0 0 0 14.4 122 139 3.7 -5.7
"39" "34" 2021-03-13 29.99 "NYK" "@" "OKC" "W" 22 1 36.9666666666667 0.583 0.583 0 6.8 3.1 3.5 0 0 0 14.2 122 107 7.7 -3.8
"40" "35" 2021-03-15 30 "NYK" "@" "BRK" "L" -5 1 42.35 0.792 0.792 2.2 18.9 8.4 3.9 1.2 0 7.7 13.2 148 124 14.7 3
"41" "36" 2021-03-16 30 "NYK" "@" "PHI" "L" -3 1 29.1 0.806 0.786 0 16.5 8.5 0 3.5 0 21.2 14.7 115 100 8.2 2.4
"42" "37" 2021-03-18 30.01 "NYK" "" "ORL" "W" 1 0 35.65 0.625 0.625 0 8.8 4.4 14.6 4.5 0 5.9 23.4 112 99 16.2 8.2
"43" "38" 2021-03-21 30.01 "NYK" "" "PHI" "L" -1 1 46.6 0.6 0.6 0 11.7 5.2 9.6 2.3 0 28.6 6.9 100 103 5.4 -1.4
"44" "39" 2021-03-23 30.02 "NYK" "" "WAS" "W" 18 1 30.8333333333333 0.672 0.643 0 8.4 3.9 11 1.6 2.8 0 10.3 155 114 10.3 4.1
"45" "" 2021-03-25 30.02 "NYK" "" "WAS" "W" 4 NA NA NA NA NA NA NA NA NA NA NA NA NA NA NA NA
"46" "" 2021-03-27 30.03 "NYK" "@" "MIL" "W" 6 NA NA NA NA NA NA NA NA NA NA NA NA NA NA NA NA
"47" "40" 2021-03-29 30.04 "NYK" "" "MIA" "L" -10 1 22.1333333333333 0.276 0.2 0 13.8 7.4 0 0 0 15.5 13.7 49 110 -1.4 -13.4
"48" "41" 2021-03-31 30.04 "NYK" "@" "MIN" "L" -1 1 38.65 0.833 0.833 0 11.6 6.1 10.9 2.6 0 14.3 8.2 145 108 11.3 3.7
"49" "42" 2021-04-02 30.05 "NYK" "" "DAL" "L" -13 1 22.4166666666667 0.623 0.6 0 11.3 4.8 9.1 0 0 0 21.4 123 109 8.1 5.9
"50" "43" 2021-04-03 30.05 "NYK" "@" "DET" "W" 44 1 27.75 0.917 0.917 0 17.7 9.9 5.9 1.9 0 0 21.2 163 94 20 13
"51" "44" 2021-04-05 30.05 "NYK" "@" "BRK" "L" -2 1 31.3333333333333 0.823 0.773 0 9.8 5.3 9.9 0 0 0 18.2 161 120 16.4 7
"52" "45" 2021-04-07 30.06 "NYK" "@" "BOS" "L" -2 1 25.9 0.375 0.375 0 11.1 6 5.9 1.9 0 11.1 15.9 69 107 2.4 -5.5
"53" "46" 2021-04-09 30.07 "NYK" "" "MEM" "W" 4 1 20.45 0.8 0.8 0 5.5 2.8 7 0 0 0 10.6 163 125 6.3 1.5
"54" "47" 2021-04-11 30.07 "NYK" "" "TOR" "W" 6 1 27.3666666666667 0.455 0.455 0 13.2 6.1 0 7.2 0 8.3 18.6 85 89 7.4 2.8
"55" "48" 2021-04-12 30.07 "NYK" "" "LAL" "W" 15 1 30.9666666666667 0.482 0.458 0 8.6 3.9 13 3 0 0 16.6 122 97 8.7 1
"56" "49" 2021-04-14 30.08 "NYK" "@" "NOP" "W" 10 1 35.1166666666667 0.8 0.8 0 11.9 5.6 7.6 0 0 9.1 13.8 146 115 12.2 2.1
"57" "50" 2021-04-16 30.08 "NYK" "@" "DAL" "W" 8 1 40.7166666666667 0.527 0.5 0 12.8 6.9 3 1.2 0 16.1 14.1 92 117 5.6 -6.2
"58" "51" 2021-04-18 30.09 "NYK" "" "NOP" "W" 10 1 36.6833333333333 0.938 0.938 0 10.3 5.7 4 0 0 0 9.7 185 116 11.3 1.7
"59" "52" 2021-04-20 30.1 "NYK" "" "CHO" "W" 12 1 37.6166666666667 0.643 0.625 3.3 9.8 6.5 15.2 1.5 2.7 7.4 17.6 138 115 14.3 5.2
"60" "53" 2021-04-21 30.1 "NYK" "" "ATL" "W" 10 1 40.2333333333333 0.818 0.818 0 7.5 4.4 12.8 1.2 0 8.3 13.6 152 122 15.6 4.8
"61" "54" 2021-04-24 30.11 "NYK" "" "TOR" "W" 17 1 37.0333333333333 0.766 0.75 0 8.8 5 7.6 0 0 0 13.7 156 117 13.7 4.3
"62" "55" 2021-04-26 30.11 "NYK" "" "PHO" "L" -8 1 29.2666666666667 0.743 0.727 0 14.5 6.8 9.3 1.8 0 8 20.1 134 127 12 4.1
"63" "56" 2021-04-28 30.12 "NYK" "" "CHI" "W" 19 1 36 0.697 0.688 3 10.3 6.3 7.3 0 0 0 12 146 110 11.6 -0.1
"64" "57" 2021-05-02 30.13 "NYK" "@" "HOU" "W" 25 1 26.2833333333333 0.786 0.786 0 11.9 6.4 4.8 1.9 0 0 12.1 154 102 9.1 4.1
"65" "58" 2021-05-03 30.13 "NYK" "@" "MEM" "W" 14 1 33.55 0.63 0.556 3.5 11.4 7.9 3.6 1.5 0 8.8 15.4 125 114 9.7 -1.5
"66" "59" 2021-05-05 30.14 "NYK" "@" "DEN" "L" -16 1 24.0166666666667 0.678 0.611 0 7.5 3.8 16 1.9 0 8.8 20 124 113 10.5 6.4
"67" "60" 2021-05-07 30.14 "NYK" "@" "PHO" "L" -23 1 37.6166666666667 0.47 0.364 2.9 6.1 4.5 11.2 0 0 7.3 16.4 101 134 6.7 -5.5
"68" "61" 2021-05-09 30.15 "NYK" "@" "LAC" "W" 6 1 45.5833333333333 0.655 0.618 0 9.6 4.8 9.4 2.2 2.1 5.2 19.6 127 104 19.9 7.2
"69" "62" 2021-05-11 30.15 "NYK" "@" "LAL" "L" -2 1 45.7166666666667 0.278 0.278 0 11.6 6.2 3.7 0 0 10 10.9 54 108 -0.9 -11.3
"70" "63" 2021-05-13 30.16 "NYK" "" "SAS" "W" 4 1 38.85 0.444 0.444 2.6 7.9 5.2 11.8 3.9 0 10 11.9 97 103 6.6 -2.9
"71" "64" 2021-05-15 30.16 "NYK" "" "CHO" "W" 9 1 40.4333333333333 0.708 0.708 0 13.6 7.8 0 0 0 0 15.2 129 114 12.8 0.6
"72" "65" 2021-05-16 30.17 "NYK" "" "BOS" "W" 4 1 34.3833333333333 0.889 0.889 0 9.1 4.8 10.9 1.5 3.1 0 12.9 171 102 15.7 10.1
