"Rk" "G" "Date" "Age" "Tm" "H/A" "Opp" "W/L" "By Amt" "GS" "MP" "TS%" "eFG%" "ORB%" "DRB%" "TRB%" "AST%" "STL%" "BLK%" "TOV%" "USG%" "ORtg" "DRtg" "GmSc" "BPM"
"1" "1" 2006-11-01 22.55 "PHI" "" "ATL" "W" 13 0 7.5 1 1 0 13.1 7.2 0 0 0 0 6.3 200 95 2 3.7
"2" "2" 2006-11-03 22.55 "PHI" "@" "ORL" "W" 2 0 21.1 0.694 0.75 0 0 0 13.1 2.5 0 0 6.9 150 114 4.2 3.4
"3" "3" 2006-11-05 22.56 "PHI" "" "MIA" "W" 9 0 11.3666666666667 0.333 0.333 0 0 0 0 0 0 0 12.4 72 117 -0.5 -14.9
"4" "4" 2006-11-07 22.56 "PHI" "@" "IND" "L" -11 0 13.6833333333333 0 0 0 8.8 4.2 0 0 0 0 6.7 0 113 -1.9 -14.1
"5" "" 2006-11-08 22.57 "PHI" "@" "TOR" "L" -2 NA NA NA NA NA NA NA NA NA NA NA NA NA NA NA NA
"6" "5" 2006-11-10 22.57 "PHI" "" "DEN" "L" -7 0 1.4 0 0 0 0 0 0 0 0 0 30.1 0 115 -0.7 -30.8
"7" "6" 2006-11-15 22.59 "PHI" "@" "SEA" "W" 6 0 4.48333333333333 1 1 28.2 0 13.2 0 0 0 0 10.5 204 107 2 5.6
"8" "7" 2006-11-17 22.59 "PHI" "@" "PHO" "L" -12 0 12.5333333333333 1.5 1.5 0 18.2 8.8 0 0 11.3 0 3.6 300 103 3.9 7.9
"9" "8" 2006-11-18 22.59 "PHI" "@" "LAC" "L" -6 0 5.51666666666667 0.568 NA 0 0 0 0 0 0 0 7.5 123 112 0.2 -5.8
"10" "9" 2006-11-21 22.6 "PHI" "" "DET" "L" -10 0 13.6666666666667 0.5 0.5 8.2 9.5 8.8 18 0 0 0 20.9 123 122 4.3 1
"11" "10" 2006-11-22 22.61 "PHI" "@" "MIL" "L" -4 0 16.0833333333333 0.643 0.643 0 6.6 3.5 0 0 5.1 0 19.9 124 111 5.5 1.9
"12" "11" 2006-11-24 22.61 "PHI" "" "CHI" "W" 15 0 12.35 0.51 0.4 10.8 11.4 11.1 0 0 0 0 21.6 120 118 4.3 -4.4
"13" "12" 2006-11-25 22.61 "PHI" "@" "CLE" "L" -13 0 6.75 0.644 0.667 0 15.1 8.4 0 0 0 0 25.8 130 114 2.8 0.1
"14" "13" 2006-11-27 22.62 "PHI" "@" "MIA" "L" -12 0 1.73333333333333 0 0 0 0 0 0 0 0 0 23.2 0 118 -1.1 -35.5
"15" "14" 2006-12-02 22.63 "PHI" "@" "NJN" "L" -5 1 40.9166666666667 0.492 0.526 7 5.1 6.1 0 2.4 1.7 0 20 112 116 14.1 0.1
"16" "15" 2006-12-03 22.64 "PHI" "" "MIN" "L" -11 1 27.7 0.46 0.45 3.9 0 2.3 0 0 2.7 0 17.3 107 112 4 -3.1
"17" "16" 2006-12-06 22.64 "PHI" "@" "CHI" "L" -27 1 26.85 0.5 0.5 0 0 0 5.9 0 0 28.6 12.2 70 135 0.2 -9.4
"18" "17" 2006-12-08 22.65 "PHI" "" "WAS" "L" -15 1 30.1333333333333 0.563 0.563 0 8.2 4.4 5 1.8 0 11.1 14.3 97 126 5.1 -5
"19" "18" 2006-12-09 22.65 "PHI" "@" "ORL" "L" -2 1 19.7166666666667 0.2 0.2 16.2 0 6.4 0 0 0 16.7 16.6 58 120 -1.1 -16.8
"20" "19" 2006-12-11 22.66 "PHI" "" "POR" "L" -2 1 15.3 0 0 0 19.6 9 12.1 0 0 0 12.3 14 98 -2.7 -15.6
"21" "" 2006-12-13 22.66 "PHI" "" "BOS" "L" -20 NA NA NA NA NA NA NA NA NA NA NA NA NA NA NA NA
"22" "20" 2006-12-15 22.67 "PHI" "@" "DAL" "L" -14 0 4.46666666666667 NA NA 0 0 0 0 0 0 NA 0 0 118 0 -4.3
"23" "21" 2006-12-16 22.67 "PHI" "@" "SAS" "L" -5 0 8.1 NA NA 0 30.4 14.6 0 0 9.7 100 5.8 0 111 -0.1 -6.8
"24" "22" 2006-12-20 22.68 "PHI" "" "IND" "L" -8 0 2.66666666666667 1 1 0 0 0 0 0 0 0 18.5 200 126 1.7 9.8
"25" "23" 2006-12-22 22.69 "PHI" "@" "BOS" "W" 15 0 11.65 0.581 0.667 12.9 21.7 17.7 0 0 0 0 15.1 121 101 3.2 -2.8
"26" "24" 2006-12-23 22.69 "PHI" "" "NYK" "W" 21 0 10 0.58 0.5 0 10.7 5.6 0 10.5 0 0 36.2 120 71 7.9 13.8
"27" "25" 2006-12-26 22.7 "PHI" "@" "GSW" "L" -19 1 45.55 0.546 0.545 11.2 9 10.3 0 2.2 0 11.6 24.3 107 122 17 -0.9
"28" "26" 2006-12-27 22.7 "PHI" "@" "SAC" "L" -25 1 35.75 0.358 0.333 9.8 4.3 7.5 0 0 0 10.7 26 72 126 3.1 -10
"29" "27" 2006-12-29 22.71 "PHI" "@" "POR" "W" 3 1 20.8166666666667 0 0 0 13.2 6.4 0 0 4.3 0 9.5 0 111 -2.3 -14.6
"30" "28" 2006-12-31 22.71 "PHI" "@" "LAL" "L" -10 1 14.8166666666667 0.5 0.5 0 15.4 7.1 14.5 3.7 0 12.5 25.1 90 114 3 -4.7
"31" "29" 2007-01-02 22.72 "PHI" "@" "DEN" "W" 11 1 16.7833333333333 0.457 0.286 0 6.2 3.1 0 8.7 0 10.2 24.2 94 91 6.2 0.3
"32" "30" 2007-01-03 22.72 "PHI" "@" "UTA" "L" -11 1 19.6166666666667 0.451 0.333 7.4 5.8 6.5 0 0 3.8 20.5 24 80 113 2.5 -5.8
"33" "31" 2007-01-05 22.73 "PHI" "@" "MIN" "L" -2 1 14.8333333333333 0.595 0.5 8.3 8.5 8.4 0 3.6 0 25.4 25.1 94 104 3.9 -1.8
"34" "32" 2007-01-09 22.74 "PHI" "" "DET" "L" -9 1 14.6333333333333 0.425 0.4 0 0 0 0 0 0 0 18.6 99 124 1.9 -8.5
"35" "33" 2007-01-10 22.74 "PHI" "@" "NYK" "L" -7 1 14.0833333333333 0.347 0.333 7.7 0 4.7 9.6 11.3 0 18.8 16.7 76 101 3.5 2.9
"36" "34" 2007-01-12 22.75 "PHI" "" "MIL" "W" 13 0 5.45 0.667 0.667 22.6 21 21.7 0 0 0 25 34.5 99 110 2.7 -4.6
"37" "35" 2007-01-13 22.75 "PHI" "@" "CHA" "L" -6 0 2.5 0 0 0 0 0 0 0 0 0 36.4 0 104 -1.4 -31.7
"38" "36" 2007-01-15 22.75 "PHI" "" "TOR" "L" -18 0 15.4166666666667 0.481 0.5 8.2 9.2 8.6 16 0 0 8 38 88 119 4.8 -4.1
"39" "37" 2007-01-17 22.76 "PHI" "@" "MEM" "L" -16 0 11.95 0.405 0.333 33.5 0 17.5 14.9 8.4 0 16.8 45.6 87 112 4.9 -7.1
"40" "38" 2007-01-19 22.76 "PHI" "" "MIA" "W" 3 0 12.8166666666667 0.75 0.75 0 0 0 0 0 5.5 0 15.7 135 105 3.9 2.8
"41" "39" 2007-01-21 22.77 "PHI" "" "SAS" "L" -14 0 3.46666666666667 0.568 NA 0 0 0 0 0 0 0 11.6 122 129 0.6 -2.6
"42" "40" 2007-01-23 22.78 "PHI" "" "NOK" "W" 6 1 31.9833333333333 0.65 0.65 5 12.5 9.6 0 1.6 2.3 0 14.4 126 101 11.2 4
"43" "41" 2007-01-24 22.78 "PHI" "@" "CLE" "W" 3 1 28.9166666666667 0.862 0.85 0 7.7 4.8 0 2 0 22.3 24.3 122 114 10.4 4.6
"44" "42" 2007-01-26 22.78 "PHI" "" "CLE" "L" -8 1 34.2666666666667 0.7 0.7 0 3.8 2 5.5 0 4.6 9.1 15 122 120 9.6 1.8
"45" "43" 2007-01-27 22.79 "PHI" "@" "ATL" "W" 15 1 13.9666666666667 0.75 0.75 0 7.6 4.6 0 0 5.1 33.3 10.3 88 106 0.8 -3.4
"46" "44" 2007-01-29 22.79 "PHI" "@" "HOU" "L" -21 1 25.8166666666667 0.486 0.5 3.6 10.6 6.4 0 0 4 0 19.1 103 116 6.4 -1
"47" "45" 2007-01-31 22.8 "PHI" "@" "NOK" "W" 11 1 21.5833333333333 0.231 0 0 20.6 11.3 7.2 2.7 0 10.4 21.5 59 89 0.4 -9.4
"48" "46" 2007-02-02 22.8 "PHI" "" "GSW" "L" -1 1 31.1166666666667 0.689 0.65 8.3 3.6 5.8 0 1.6 0 8.4 17.2 131 111 10.1 0
"49" "47" 2007-02-05 22.81 "PHI" "" "NJN" "W" 2 1 23.5666666666667 0.429 0.429 0 14.1 7 6.6 2.2 0 12.5 16.1 76 97 3.5 -4.1
"50" "48" 2007-02-07 22.82 "PHI" "" "CHA" "W" 9 1 26.5666666666667 0.761 0.786 4.4 13.1 9.4 0 0 2.3 20.2 17.1 114 89 8.9 4
"51" "49" 2007-02-09 22.82 "PHI" "" "LAC" "L" -1 1 17.3333333333333 0.601 0.571 6.8 6.4 6.6 0 6.5 4.1 0 22.5 132 94 9.2 13.6
"52" "50" 2007-02-11 22.83 "PHI" "" "DAL" "L" -17 1 22.1333333333333 0 0 0 11.4 5.2 6.4 0 0 0 2.1 44 122 -0.6 -6.1
"53" "51" 2007-02-14 22.84 "PHI" "" "WAS" "L" -7 1 31.2333333333333 0.65 0.65 0 3.4 1.6 0 1.7 2.2 16.7 17.1 99 106 6.4 -0.1
"54" "52" 2007-02-21 22.85 "PHI" "" "NYK" "W" 20 1 13.6166666666667 0.5 0.5 10.7 0 4.8 11.4 4 0 0 14.6 123 96 3.6 -0.2
"55" "53" 2007-02-23 22.86 "PHI" "@" "CHA" "L" -15 1 17.65 0.387 0.333 0 28.6 14.1 18.6 3 4.4 0 10.1 102 104 4.8 4.2
"56" "54" 2007-02-24 22.86 "PHI" "@" "MIL" "L" -19 1 28.8 0.444 0.444 0 0 0 5.5 3.8 0 0 15.1 103 123 4.8 -3.4
"57" "55" 2007-02-26 22.87 "PHI" "" "SAC" "W" 7 1 15.5166666666667 0.227 0.227 6.7 6.3 6.5 0 0 0 0 31.1 60 95 -1.3 -14.9
"58" "" 2007-02-28 22.87 "PHI" "" "PHO" "W" 5 NA NA NA NA NA NA NA NA NA NA NA NA NA NA NA NA
"59" "" 2007-03-02 22.88 "PHI" "" "MEM" "W" 5 NA NA NA NA NA NA NA NA NA NA NA NA NA NA NA NA
"60" "" 2007-03-04 22.88 "PHI" "" "NJN" "W" 13 NA NA NA NA NA NA NA NA NA NA NA NA NA NA NA NA
"61" "" 2007-03-07 22.89 "PHI" "" "SEA" "W" 3 NA NA NA NA NA NA NA NA NA NA NA NA NA NA NA NA
"62" "" 2007-03-09 22.9 "PHI" "" "LAL" "W" 16 NA NA NA NA NA NA NA NA NA NA NA NA NA NA NA NA
"63" "" 2007-03-10 22.9 "PHI" "@" "IND" "W" 4 NA NA NA NA NA NA NA NA NA NA NA NA NA NA NA NA
"64" "56" 2007-03-13 22.91 "PHI" "@" "ATL" "L" -12 0 17.9833333333333 0.663 0.6 6.5 13.7 10 0 5.9 7.5 8.1 31.4 126 104 13.7 15.8
"65" "57" 2007-03-14 22.91 "PHI" "" "CHI" "L" -1 0 0.95 0 0 0 0 0 0 0 0 0 55.2 0 114 -0.7 -54.4
"66" "" 2007-03-16 22.92 "PHI" "" "UTA" "W" 1 NA NA NA NA NA NA NA NA NA NA NA NA NA NA NA NA
"67" "58" 2007-03-18 22.92 "PHI" "" "HOU" "L" -50 0 16.35 0.423 0.313 17.6 14.7 16.3 0 0 0 8.6 34.2 91 139 3.9 -5.9
"68" "59" 2007-03-20 22.93 "PHI" "@" "DET" "L" -21 0 7.4 0.4 0.4 0 19.1 8.4 0 8 9.5 28.6 44.3 63 97 -0.7 -16.3
"69" "60" 2007-03-23 22.94 "PHI" "" "CHA" "W" 9 1 30.45 0.611 0.611 0 3.6 2.2 13.5 3.3 2.6 18.2 16.5 106 101 9 2.8
"70" "61" 2007-03-24 22.94 "PHI" "@" "MIA" "W" 8 0 8.95 0.82 1 0 0 0 0 0 0 0 13.5 146 107 2.6 2.3
"71" "62" 2007-03-28 22.95 "PHI" "@" "WAS" "L" -3 1 32.9 0.506 0.55 0 20.3 9.1 3.7 0 0 0 14 106 115 7 -3.3
"72" "63" 2007-03-30 22.96 "PHI" "" "BOS" "W" 6 1 14.5833333333333 0.595 0.7 8 24.7 16.3 34.4 3.5 0 14.5 21 103 81 5.7 9.1
"73" "64" 2007-03-31 22.96 "PHI" "@" "NJN" "L" -4 1 18.3833333333333 0.619 0.625 0 7.5 3.4 0 0 0 10.1 25.4 109 107 5.9 1
"74" "65" 2007-04-04 22.97 "PHI" "@" "NYK" "W" 2 0 26.45 0.521 0.333 0 14.3 7.1 5.6 2 3.3 10.4 18.2 99 99 5.9 -3.2
"75" "66" 2007-04-06 22.98 "PHI" "" "TOR" "L" -9 0 9.95 0.4 0.4 0 52.2 23.8 20.7 0 0 0 23.8 88 103 2 -5.4
"76" "67" 2007-04-08 22.98 "PHI" "" "ATL" "W" 5 0 26.5666666666667 0.658 0.611 0 15.7 7.3 0 2.1 0 9.2 19.3 119 110 8.8 -0.8
"77" "" 2007-04-10 22.99 "PHI" "" "IND" "W" 4 NA NA NA NA NA NA NA NA NA NA NA NA NA NA NA NA
"78" "" 2007-04-11 22.99 "PHI" "@" "BOS" "W" 8 NA NA NA NA NA NA NA NA NA NA NA NA NA NA NA NA
"79" "" 2007-04-14 23 "PHI" "" "ORL" "L" -17 NA NA NA NA NA NA NA NA NA NA NA NA NA NA NA NA
"80" "" 2007-04-15 23 "PHI" "@" "DET" "W" 11 NA NA NA NA NA NA NA NA NA NA NA NA NA NA NA NA
"81" "" 2007-04-17 23.01 "PHI" "" "CLE" "L" -6 NA NA NA NA NA NA NA NA NA NA NA NA NA NA NA NA
"82" "" 2007-04-18 23.01 "PHI" "@" "TOR" "W" 3 NA NA NA NA NA NA NA NA NA NA NA NA NA NA NA NA
"1" "1" 2007-10-31 23.55 "PHI" "@" "TOR" "L" -9 0 16.4833333333333 0.509 0.5 6.9 21.3 14 10 0 0 22.5 23.7 89 119 3.9 -5.9
"2" "2" 2007-11-02 23.55 "PHI" "@" "CHI" "W" 11 0 7.93333333333333 0.51 0.4 0 24.7 13.3 0 0 0 0 30.2 127 93 3.9 3.8
"3" "3" 2007-11-03 23.55 "PHI" "" "NJN" "L" -5 0 17.1 0.46 0.4 6 0 3.1 13.5 3 0 0 28 106 103 6.2 2.5
"4" "4" 2007-11-07 23.56 "PHI" "" "CHA" "W" 31 0 26.1333333333333 0.517 0.438 8.3 7.8 8.1 0 0 8.9 0 18.4 125 79 8.7 4
"5" "5" 2007-11-09 23.57 "PHI" "" "TOR" "L" -2 0 12.5 0.34 0.2 0 9.6 4.5 0 4.2 0 14.5 24.2 67 111 0.8 -11.7
"6" "6" 2007-11-11 23.58 "PHI" "" "NOH" "L" -21 0 6.46666666666667 0 0 0 0 0 0 0 0 0 15.1 0 115 -1.8 -20.5
"7" "7" 2007-11-13 23.58 "PHI" "@" "DAL" "L" -15 0 10.5166666666667 0.5 0.5 0 9.9 4.9 16.1 4.9 0 0 8.5 117 100 3 6.8
"8" "8" 2007-11-14 23.58 "PHI" "@" "NOH" "L" -19 0 9.61666666666667 0.174 0 0 37.4 19.7 0 0 0 0 14 46 106 -0.7 -12
"9" "9" 2007-11-16 23.59 "PHI" "" "POR" "W" 4 0 12.9333333333333 0.286 0.286 33.7 18.6 25.4 0 0 6.7 0 25.4 88 98 2.9 -5.6
"10" "10" 2007-11-20 23.6 "PHI" "@" "WAS" "L" -15 0 20.6833333333333 0.484 0.5 4.9 0 3 34.4 2.6 3.5 8.8 24.5 113 128 8.6 5.9
"11" "" 2007-11-23 23.61 "PHI" "@" "DET" "L" -5 NA NA NA NA NA NA NA NA NA NA NA NA NA NA NA NA
"12" "11" 2007-11-24 23.61 "PHI" "" "GSW" "L" -2 0 16.2333333333333 0.155 0.167 6.7 18.8 12.9 10.6 6.5 0 23.7 24.2 38 87 -1.9 -15.1
"13" "12" 2007-11-27 23.62 "PHI" "@" "MIL" "W" 15 0 1.61666666666667 NA NA 0 0 0 0 0 0 NA 0 0 126 0 -8.8
"14" "13" 2007-11-28 23.62 "PHI" "" "UTA" "L" -11 0 8.98333333333333 0.717 0.625 24.9 16.7 21.4 0 6.1 0 17 29.1 130 113 5.9 11.8
"15" "" 2007-11-30 23.63 "PHI" "" "WAS" "W" 1 NA NA NA NA NA NA NA NA NA NA NA NA NA NA NA NA
"16" "14" 2007-12-01 23.63 "PHI" "@" "NJN" "L" -2 0 4.08333333333333 NA NA 35.1 0 16.4 0 0 0 NA 0 210 113 0.3 -6
"17" "" 2007-12-03 23.64 "PHI" "" "ATL" "L" -9 NA NA NA NA NA NA NA NA NA NA NA NA NA NA NA NA
"18" "" 2007-12-05 23.64 "PHI" "" "BOS" "L" -10 NA NA NA NA NA NA NA NA NA NA NA NA NA NA NA NA
"19" "" 2007-12-07 23.65 "PHI" "" "NYK" "W" 11 NA NA NA NA NA NA NA NA NA NA NA NA NA NA NA NA
"20" "15" 2007-12-08 23.65 "PHI" "@" "NYK" "W" 28 0 7.98333333333333 0.608 0.625 36.4 0 16.3 0 6.8 0 0 33.1 142 86 6.2 14
"21" "16" 2007-12-10 23.65 "PHI" "" "HOU" "W" 12 0 10.3666666666667 0 0 0 0 0 0 0 17.1 0 13.5 0 106 -1.1 -10.5
"22" "" 2007-12-12 23.66 "PHI" "" "MIN" "W" 4 NA NA NA NA NA NA NA NA NA NA NA NA NA NA NA NA
"23" "" 2007-12-14 23.67 "PHI" "" "SAC" "L" -10 NA NA NA NA NA NA NA NA NA NA NA NA NA NA NA NA
"24" "" 2007-12-15 23.67 "PHI" "@" "CLE" "W" 6 NA NA NA NA NA NA NA NA NA NA NA NA NA NA NA NA
"25" "" 2007-12-19 23.68 "PHI" "@" "IND" "L" -17 NA NA NA NA NA NA NA NA NA NA NA NA NA NA NA NA
"26" "17" 2007-12-21 23.68 "PHI" "" "LAL" "L" -5 0 16.0666666666667 0.571 0.571 0 7.1 3.6 0 3.1 0 12.5 21.9 95 111 4.6 -1.1
"27" "18" 2007-12-22 23.69 "PHI" "@" "MEM" "W" 2 1 18.7333333333333 0.125 0.125 25.6 6.9 16.6 0 8.5 0 11.1 21.2 55 99 1.5 -8.6
"28" "19" 2007-12-26 23.7 "PHI" "" "MIA" "W" 11 1 16.6 0.595 0.6 0 0 0 0 0 4.1 14.5 19.9 95 98 3.6 -3.3
"29" "20" 2007-12-28 23.7 "PHI" "@" "SAC" "W" 12 1 16.5 0.25 0.25 9.4 7.3 8.2 9 0 5.4 0 23.3 82 102 0.8 -11.5
"30" "21" 2007-12-30 23.71 "PHI" "@" "POR" "L" -25 1 30.8 0.5 0.5 7.2 16.8 11.7 7 0 0 0 17.6 114 120 7.8 1.1
"31" "22" 2007-12-31 23.71 "PHI" "@" "SEA" "W" 8 1 19.85 0.698 0.643 6.7 5.4 6 0 8.3 0 0 19.5 142 96 10.9 9.9
"32" "23" 2008-01-02 23.72 "PHI" "@" "UTA" "L" -3 1 15.5 0.4 0.4 0 9.7 4.7 0 0 4.8 16.7 16.4 79 125 0.9 -7.9
"33" "24" 2008-01-04 23.72 "PHI" "@" "LAL" "L" -31 0 12.25 0.5 0.5 0 0 0 0 7.9 0 20 16.6 80 114 2.6 -1.4
"34" "" 2008-01-06 23.73 "PHI" "@" "DEN" "L" -13 NA NA NA NA NA NA NA NA NA NA NA NA NA NA NA NA
"35" "" 2008-01-08 23.73 "PHI" "" "MIL" "L" -4 NA NA NA NA NA NA NA NA NA NA NA NA NA NA NA NA
"36" "" 2008-01-09 23.74 "PHI" "@" "TOR" "L" -13 NA NA NA NA NA NA NA NA NA NA NA NA NA NA NA NA
"37" "25" 2008-01-11 23.74 "PHI" "" "CHI" "L" -3 0 8.66666666666667 0.568 NA 0 0 0 0 6.2 0 0 4.3 122 112 1.6 0.2
"38" "26" 2008-01-14 23.75 "PHI" "@" "SAS" "L" -7 0 12.6 0.375 0.375 0 8.1 4.1 0 0 0 20 19.3 60 111 -0.5 -9.6
"39" "27" 2008-01-15 23.75 "PHI" "@" "HOU" "W" 4 0 4.96666666666667 1.5 1.5 0 0 0 0 0 0 50 17.8 89 128 1.7 5.3
"40" "28" 2008-01-18 23.76 "PHI" "@" "BOS" "L" -27 0 16.2833333333333 0.429 0.429 7.8 19 12.8 0 0 5.8 0 18.3 112 132 3.1 -4.5
"41" "29" 2008-01-19 23.76 "PHI" "" "TOR" "W" 4 0 3.41666666666667 0.532 0 33.4 0 18.2 0 0 0 0 25.5 142 115 1.6 -3.1
"42" "30" 2008-01-21 23.77 "PHI" "" "IND" "L" -7 0 16.2666666666667 0.403 0.429 6.4 0 3.6 9.8 0 0 0 18.8 100 122 2.9 -5.2
"43" "31" 2008-01-23 23.78 "PHI" "" "DET" "L" -8 0 11.2666666666667 0 0 10.7 0 5.3 12.9 0 8 0 12.8 42 113 -0.8 -6.9
"44" "32" 2008-01-25 23.78 "PHI" "@" "NYK" "L" -8 0 4.15 0.75 0.75 0 0 0 0 0 0 0 24 154 118 1.6 10.9
"45" "33" 2008-01-26 23.78 "PHI" "@" "CHA" "W" 7 0 11 0.347 0 41.6 0 19.2 11.5 0 0 0 23.2 126 121 4.3 -3.2
"46" "34" 2008-01-30 23.79 "PHI" "" "MIL" "W" 43 0 17.8666666666667 0.581 0.556 7.1 26.9 17.2 8.8 3 0 0 26.4 129 74 10.5 7.2
"47" "35" 2008-02-01 23.8 "PHI" "" "ORL" "L" -2 0 22.6666666666667 0.34 0.2 0 19.3 8.5 10.6 0 0 0 12 89 123 2.4 -6.4
"48" "36" 2008-02-04 23.81 "PHI" "@" "ATL" "L" -5 0 16.95 0.291 0.167 0 0 0 0 3.3 3.9 0 19.6 71 108 1.1 -7.9
"49" "37" 2008-02-05 23.81 "PHI" "" "WAS" "W" 5 0 22.65 0.673 0.636 0 27.1 17 8.1 6.9 0 0 25.4 132 89 15.8 11.6
"50" "38" 2008-02-07 23.82 "PHI" "" "MIA" "W" 17 0 20.4166666666667 0.355 0.375 6 5 5.5 0 5.1 10.9 10.6 20.5 75 83 3.3 -2.7
"51" "39" 2008-02-09 23.82 "PHI" "" "LAC" "W" 21 0 23.0833333333333 0.5 0.5 0 21.3 11.7 0 0 3.2 30 21.2 69 98 1.8 -9.3
"52" "40" 2008-02-11 23.83 "PHI" "" "DAL" "W" 8 0 8.81666666666667 0.625 0.625 12.1 12.4 12.2 0 0 0 0 21.7 129 92 2.8 4.4
"53" "41" 2008-02-13 23.83 "PHI" "" "MEM" "W" 14 0 8.36666666666667 0.581 0.667 0 0 0 37.6 12.4 0 22.5 23.4 101 81 3.9 11.3
"54" "42" 2008-02-19 23.85 "PHI" "@" "MIN" "L" -16 0 10.2166666666667 0.2 0.2 11.2 22.4 16.8 0 0 0 16.7 27.6 46 117 -0.8 -19.2
"55" "43" 2008-02-20 23.85 "PHI" "" "NYK" "W" 40 0 20.6166666666667 0.506 0.5 0 6.1 3.1 0 5 0 9.2 23.1 102 90 5.8 -3.8
"56" "44" 2008-02-22 23.86 "PHI" "@" "ORL" "L" -16 0 15.3833333333333 0 0 0 9.5 4.3 8.7 0 0 0 9.2 20 135 -1.1 -11.5
"57" "45" 2008-02-23 23.86 "PHI" "@" "MIA" "W" 5 0 6.25 0.5 0.5 0 0 0 0 0 0 33.3 21.6 66 109 -0.8 -18
"58" "46" 2008-02-27 23.87 "PHI" "" "ORL" "W" 12 0 13.15 0 0 0 34.8 17.8 9.9 3.9 0 0 13.6 15 86 -1.1 -12.2
"59" "47" 2008-02-29 23.88 "PHI" "@" "GSW" "L" -22 0 26.2666666666667 0.731 0.727 16.3 14.1 15.4 7.2 1.9 0 7.5 19.4 144 122 18.2 11.4
"60" "48" 2008-03-01 23.88 "PHI" "@" "PHO" "W" 5 0 5.75 0.5 0.5 0 0 0 0 0 0 0 15.2 110 129 0.2 -13.1
"61" "49" 2008-03-03 23.88 "PHI" "@" "LAC" "W" 26 0 23.5333333333333 0.607 0.556 7 26.3 17 11.4 0 0 0 21 139 98 10.6 3.3
"62" "50" 2008-03-07 23.9 "PHI" "" "SEA" "W" 34 0 18.7833333333333 0.5 0.5 0 19.7 9.8 24.1 2.6 0 14.3 16.3 107 86 6.7 4.4
"63" "51" 2008-03-09 23.9 "PHI" "@" "MIL" "W" 22 0 11.3333333333333 0.75 0.75 14.1 21.7 18.4 0 0 0 14.3 29 129 110 6.3 2.5
"64" "52" 2008-03-10 23.9 "PHI" "" "BOS" "L" -14 0 10.45 0.085 0 7.5 0 4.5 0 0 0 14.5 26.9 26 125 -3.2 -25.2
"65" "53" 2008-03-12 23.91 "PHI" "@" "DET" "W" 1 0 22.0166666666667 0.8 0.8 11.8 19.2 15.4 0 2.8 0 0 22.3 170 102 13.1 17.1
"66" "54" 2008-03-14 23.92 "PHI" "@" "CHI" "W" 4 0 24.5166666666667 0.66 0.591 14.7 12.5 13.5 0 0 0 6.8 25.7 139 117 12.7 4.4
"67" "55" 2008-03-15 23.92 "PHI" "" "SAS" "W" 7 0 27.4166666666667 0.405 0.333 0 16.4 7.1 0 2.1 0 0 18 94 114 4 -3.9
"68" "56" 2008-03-19 23.93 "PHI" "" "DEN" "W" 2 0 14.3166666666667 0.598 0.643 0 16 8.6 0 0 4.9 0 27.2 127 114 7.4 3.3
"69" "57" 2008-03-21 23.93 "PHI" "@" "ORL" "L" -18 0 29.45 0.533 0.556 3.4 0 2 10.4 0 0 16.2 18.3 99 133 4.8 -4.2
"70" "58" 2008-03-22 23.94 "PHI" "" "NJN" "W" 4 0 12.2333333333333 0 0 0 0 0 0 0 0 0 7.1 0 111 -2.2 -16.1
"71" "59" 2008-03-24 23.94 "PHI" "@" "BOS" "W" 5 0 9.65 0.625 0.625 0 27.6 13.1 0 5.5 0 0 19.1 130 93 4.6 12.8
"72" "60" 2008-03-26 23.95 "PHI" "" "CHI" "W" 22 0 15.9833333333333 0.75 0.75 0 0 0 0 3.2 0 11.1 25.7 116 114 8 5.5
"73" "61" 2008-03-28 23.95 "PHI" "" "PHO" "L" -14 0 23.6333333333333 0.545 0.545 4.1 5.3 4.6 0 0 6.8 8.3 21 110 120 8.1 3
"74" "62" 2008-03-30 23.96 "PHI" "@" "CLE" "L" -3 0 12.05 0.25 0.25 0 19 9.8 12.4 0 0 14.3 27.1 53 109 -0.5 -12.1
"75" "63" 2008-04-01 23.96 "PHI" "@" "NJN" "W" 9 0 16.9333333333333 0.509 0.5 0 13.5 7.4 0 3.1 4.5 12.7 21.7 89 106 3.7 -2.8
"76" "64" 2008-04-04 23.97 "PHI" "@" "ATL" "W" 5 0 14.7 0.644 0.5 0 18.1 9.6 0 0 0 0 12.6 134 121 2.7 -4.8
"77" "65" 2008-04-05 23.98 "PHI" "" "ATL" "L" -7 0 24.5333333333333 0.65 0.65 0 15.9 7.8 0 2.3 3.4 0 20.5 125 105 10.6 10.5
"78" "66" 2008-04-09 23.99 "PHI" "" "DET" "W" 7 0 8.21666666666667 0.5 0.5 0 0 0 0 0 0 0 30.2 100 120 1.9 -7.3
"79" "67" 2008-04-11 23.99 "PHI" "" "IND" "L" -9 0 22.4833333333333 0.091 0.091 0 20.3 8.5 0 0 0 8.3 22.2 20 93 -5.9 -19.4
"80" "68" 2008-04-12 23.99 "PHI" "@" "WAS" "L" -16 0 13.5 0.333 0.333 8.9 16.2 12.7 0 0 0 0 10.6 88 128 0.8 -11
"81" "69" 2008-04-14 24 "PHI" "" "CLE" "L" -1 0 7.96666666666667 0.798 1 0 0 0 0 6.8 9.7 0 11.1 161 91 3.6 14.7
"82" "70" 2008-04-16 24 "PHI" "@" "CHA" "L" -6 0 12 0.75 0.75 0 11.4 5.1 0 0 0 0 14.8 169 139 4.3 2.4
"1" "1" 2008-10-29 24.54 "MIN" "" "SAC" "W" 2 0 12.9166666666667 0 0 0 19.6 8.7 0 3.9 5.9 50 6.9 0 95 0.6 -6.5
"2" "2" 2008-11-01 24.55 "MIN" "" "DAL" "L" -10 0 0.0666666666666667 NA NA 0 0 0 0 0 0 NA 0 0 110 0 -5.2
"3" "3" 2008-11-02 24.55 "MIN" "@" "OKC" "L" -3 0 9.01666666666667 0.543 0.5 0 0 0 31.3 0 0 0 35 115 109 3.9 1.5
"4" "" 2008-11-05 24.56 "MIN" "" "SAS" "L" -4 NA NA NA NA NA NA NA NA NA NA NA NA NA NA NA NA
"5" "4" 2008-11-07 24.56 "MIN" "@" "SAC" "L" -12 0 6.2 0.583 0.583 17.6 22.8 19.9 0 0 0 0 43.6 124 136 5 7.6
"6" "" 2008-11-08 24.57 "MIN" "@" "POR" "L" -4 NA NA NA NA NA NA NA NA NA NA NA NA NA NA NA NA
"7" "5" 2008-11-11 24.58 "MIN" "@" "GSW" "L" -3 0 4.81666666666667 0 0 0 0 0 0 10.8 0 0 17.3 0 96 -0.8 -14.6
"8" "" 2008-11-15 24.59 "MIN" "" "POR" "L" -5 NA NA NA NA NA NA NA NA NA NA NA NA NA NA NA NA
"9" "" 2008-11-16 24.59 "MIN" "@" "DEN" "L" -6 NA NA NA NA NA NA NA NA NA NA NA NA NA NA NA NA
"10" "" 2008-11-19 24.6 "MIN" "" "PHI" "W" 6 NA NA NA NA NA NA NA NA NA NA NA NA NA NA NA NA
"11" "6" 2008-11-21 24.6 "MIN" "" "BOS" "L" -17 0 12.0166666666667 0.188 0 0 34.2 13.9 0 12.9 6.4 0 19.7 45 73 3.4 8.8
"12" "7" 2008-11-23 24.61 "MIN" "@" "DET" "W" 26 0 2 0.667 0.667 0 0 0 0 0 0 0 70.5 141 96 2.7 15.2
"13" "" 2008-11-26 24.62 "MIN" "" "PHO" "L" -8 NA NA NA NA NA NA NA NA NA NA NA NA NA NA NA NA
"14" "" 2008-11-28 24.62 "MIN" "@" "OKC" "W" 2 NA NA NA NA NA NA NA NA NA NA NA NA NA NA NA NA
"15" "8" 2008-11-29 24.62 "MIN" "" "DEN" "L" -9 0 2.65 NA NA 0 0 0 0 0 0 100 16.3 0 121 -1 -25.2
"16" "9" 2008-12-01 24.63 "MIN" "@" "CHA" "L" -10 0 5.78333333333333 NA NA 21.3 0 10.8 0 0 0 100 8.1 44 123 -0.3 -13.3
"17" "" 2008-12-03 24.64 "MIN" "@" "ORL" "L" -11 NA NA NA NA NA NA NA NA NA NA NA NA NA NA NA NA
"18" "10" 2008-12-05 24.64 "MIN" "@" "NJN" "L" -29 0 13.6333333333333 0 0 0 0 0 12.1 0 0 0 10.9 18 136 -1.4 -14.1
"19" "11" 2008-12-06 24.64 "MIN" "" "LAC" "L" -23 0 23.85 0.558 0.556 4.2 9.1 6.6 0 6.7 0 0 20.6 116 109 10 6.4
"20" "12" 2008-12-09 24.65 "MIN" "" "UTA" "L" -3 0 13.65 0.75 0.75 7 0 4.2 0 7.5 12.3 0 12.1 167 92 7.7 22.7
"21" "13" 2008-12-10 24.65 "MIN" "@" "DEN" "L" -11 0 9.2 0 0 0 12.7 6.5 0 0 9 0 4.6 0 121 -0.5 -8.7
"22" "14" 2008-12-12 24.66 "MIN" "" "SAS" "L" -12 0 9.5 0 0 0 12 5.6 14 0 0 50 9.6 21 117 -0.7 -11.2
"23" "15" 2008-12-14 24.67 "MIN" "@" "LAL" "L" -12 0 3.53333333333333 0 0 0 29.5 13.7 0 0 19.4 0 12.3 0 87 0.3 0.8
"24" "16" 2008-12-15 24.67 "MIN" "@" "SAC" "L" -15 0 6.58333333333333 NA NA 0 0 0 0 7.2 11.8 100 12.6 0 93 -1.1 -10.2
"25" "" 2008-12-17 24.67 "MIN" "" "CLE" "L" -23 NA NA NA NA NA NA NA NA NA NA NA NA NA NA NA NA
"26" "17" 2008-12-20 24.68 "MIN" "" "HOU" "L" -7 0 6.31666666666667 NA NA 0 23 9.4 0 0 0 100 6.9 0 122 -0.7 -14.5
"27" "" 2008-12-23 24.69 "MIN" "@" "SAS" "L" -6 NA NA NA NA NA NA NA NA NA NA NA NA NA NA NA NA
"28" "18" 2008-12-26 24.7 "MIN" "@" "NYK" "W" 13 0 12.8333333333333 0.935 0.9 0 0 0 0 3.8 0 0 21.3 175 113 9.3 16.5
"29" "19" 2008-12-27 24.7 "MIN" "" "ORL" "L" -24 0 21.5833333333333 1.1 1.1 0 20.2 8.1 0 0 0 0 10 216 131 8.8 5.6
"30" "20" 2008-12-29 24.71 "MIN" "" "MEM" "W" 10 0 15.7166666666667 0 0 8 14.7 11.5 0 3.5 0 0 6.1 40 97 0.9 -3.5
"31" "21" 2008-12-30 24.71 "MIN" "@" "DAL" "L" -7 0 15.4 0.333 0.333 0 6.6 3.8 0 0 0 14.3 22.1 62 133 -0.1 -17.7
"32" "22" 2009-01-02 24.72 "MIN" "" "GSW" "W" 7 0 19.2166666666667 0.381 0.429 0 17.4 8.4 7.5 0 0 0 16.2 90 113 1.9 -8.5
"33" "23" 2009-01-03 24.72 "MIN" "@" "CHI" "W" 10 0 14 0.375 0.375 0 15.2 7.5 0 0 0 0 23.5 89 102 2.2 -6.1
"34" "24" 2009-01-06 24.73 "MIN" "@" "MEM" "W" 7 0 17.7666666666667 0.25 0.25 0 6.9 3.6 0 0 0 33.3 15.9 36 110 -2.5 -17.9
"35" "25" 2009-01-07 24.73 "MIN" "" "OKC" "W" 42 0 26.2333333333333 0.489 0.5 7.5 8 7.7 4.9 3.7 2.4 6.5 23.8 109 86 10.1 -1.3
"36" "26" 2009-01-10 24.74 "MIN" "" "MIL" "W" 2 0 30.0333333333333 0.833 0.818 3.9 9.7 6.5 6.7 0 2.6 7 21.4 153 115 18 13.4
"37" "27" 2009-01-13 24.75 "MIN" "" "MIA" "L" -3 0 30.85 0.577 0.577 7.6 0 3.8 5.4 1.8 2.6 13.3 22.5 111 116 8.5 1.5
"38" "28" 2009-01-16 24.76 "MIN" "@" "PHO" "W" 2 0 24.1166666666667 0.781 0.75 3.8 0 2.1 0 2.1 0 0 18.9 171 112 13.7 12.8
"39" "29" 2009-01-19 24.76 "MIN" "@" "LAC" "W" 8 0 12.9833333333333 0.317 0.214 0 0 0 0 0 0 11.3 30.8 74 114 -0.9 -18.1
"40" "30" 2009-01-20 24.77 "MIN" "@" "UTA" "L" -5 0 12.5833333333333 0 0 0 9.1 4.8 8.7 0 5.2 0 3.4 62 120 -0.2 -5
"41" "31" 2009-01-23 24.78 "MIN" "" "NOH" "W" 8 0 19.1833333333333 0.845 0.813 0 14.3 7.4 0 3 0 0 21.6 179 124 12.6 12.9
"42" "32" 2009-01-25 24.78 "MIN" "" "CHI" "W" 1 0 20.8333333333333 1.083 1.083 0 5.8 2.9 0 2.6 0 0 12.8 212 109 11.7 16.5
"43" "33" 2009-01-26 24.78 "MIN" "@" "MIL" "W" 7 0 21.3833333333333 0.188 0.188 0 0 0 0 2.4 0 11.1 19.6 36 94 -2.2 -11.3
"44" "34" 2009-01-28 24.79 "MIN" "" "DET" "L" -9 0 12.4166666666667 0 0 0 0 0 0 0 0 33.3 12.2 0 121 -3.2 -21
"45" "35" 2009-01-30 24.79 "MIN" "" "LAL" "L" -13 0 20.4 0.425 0.3 0 0 0 6.1 7 3.5 14.5 13.3 88 125 4.9 0.3
"46" "36" 2009-02-01 24.8 "MIN" "@" "BOS" "L" -8 0 14.9666666666667 0.307 0.25 9.7 7.1 8.2 0 0 4.7 29.1 21.6 54 122 -1.7 -18.4
"47" "37" 2009-02-03 24.81 "MIN" "@" "IND" "W" 5 0 16 0.5 0.5 7.9 6.8 7.3 9.1 3.1 5 0 18.3 125 110 6.3 4.4
"48" "38" 2009-02-04 24.81 "MIN" "" "ATL" "L" -8 0 5.68333333333333 0.25 0.25 0 0 0 0 0 0 20 36.6 47 111 -1.4 -21.7
"49" "" 2009-02-07 24.82 "MIN" "@" "HOU" "L" -17 NA NA NA NA NA NA NA NA NA NA NA NA NA NA NA NA
"50" "39" 2009-02-08 24.82 "MIN" "@" "NOH" "L" -4 0 20.5166666666667 0.381 0.357 5.4 13 8.9 0 0 0 0 17.5 96 120 1.2 -10.8
"51" "40" 2009-02-10 24.82 "MIN" "" "TOR" "L" -8 0 22.35 0.47 0.409 9.1 13 10.7 7.3 0 0 7.3 27.8 103 120 6.8 -3.4
"52" "41" 2009-02-17 24.84 "MIN" "@" "WAS" "L" -8 0 18.2 0.438 0.438 5.6 14.3 9.4 0 2.7 4.2 11.1 21.3 86 113 3.8 -5.3
"53" "42" 2009-02-18 24.85 "MIN" "@" "MIA" "W" 7 0 29.2833333333333 0.644 0.5 0 8 4.5 0 1.8 0 34 9.4 87 111 2.1 -4.6
"54" "43" 2009-02-20 24.85 "MIN" "" "IND" "L" -7 0 15.15 0.333 0.333 14.4 7.2 10.8 0 0 4.8 14.3 18.6 74 114 0.8 -11.3
"55" "44" 2009-02-22 24.86 "MIN" "" "LAL" "L" -3 0 14.6166666666667 0.7 0.7 8.2 10.6 9.3 0 3.2 9.5 16.7 17.7 112 98 6.3 7.3
"56" "45" 2009-02-24 24.86 "MIN" "@" "TOR" "L" -8 0 18.0666666666667 0.394 0.375 6.6 38 21.3 7.6 2.7 3.7 10.1 24.4 83 114 5.4 -6.2
"57" "46" 2009-02-25 24.87 "MIN" "" "UTA" "L" -17 0 13.6333333333333 0.25 0.25 0 9.8 4.6 0 0 0 33.3 19.5 35 131 -2.1 -18.9
"58" "47" 2009-02-27 24.87 "MIN" "" "POR" "L" -20 0 14.9833333333333 0.425 0.3 0 0 0 12.4 0 0 14.5 23.9 84 130 0.8 -10.1
"59" "48" 2009-03-01 24.88 "MIN" "" "HOU" "L" -11 0 22.55 0.5 0.5 9.9 22 14.8 6.8 5 0 0 21.4 118 114 9.2 6
"60" "49" 2009-03-03 24.88 "MIN" "" "GSW" "L" -24 0 16.6166666666667 0.425 0.3 5.3 29.5 16.8 0 2.8 4.7 0 14 101 104 4.6 1.4
"61" "50" 2009-03-06 24.89 "MIN" "@" "LAL" "L" -20 0 24.6333333333333 0.318 0.318 3.7 4.6 4.1 0 2.1 3 0 19 77 117 2.4 -6.9
"62" "51" 2009-03-07 24.89 "MIN" "@" "POR" "L" -2 0 12.5333333333333 0 0 19.6 18.7 19.1 0 0 12.6 33.3 12.2 45 112 0.6 -4.3
"63" "52" 2009-03-09 24.9 "MIN" "" "WAS" "L" -11 0 6.8 0.307 0.25 14.7 17.6 16 0 0 0 0 32.8 81 122 0 -21.4
"64" "" 2009-03-11 24.9 "MIN" "" "MEM" "W" 25 NA NA NA NA NA NA NA NA NA NA NA NA NA NA NA NA
"65" "" 2009-03-13 24.91 "MIN" "" "NYK" "L" -8 NA NA NA NA NA NA NA NA NA NA NA NA NA NA NA NA
"66" "53" 2009-03-14 24.91 "MIN" "" "CHA" "W" 8 0 27.2166666666667 0.781 0.769 0 9.5 4.9 0 4.1 3.2 0 24.8 147 111 17.6 12.8
"67" "54" 2009-03-17 24.92 "MIN" "@" "SAS" "L" -7 0 14.6666666666667 0.5 0.5 0 7 3.9 10.7 0 0 0 10.4 110 113 2.3 1.2
"68" "55" 2009-03-18 24.92 "MIN" "@" "NOH" "L" -1 0 18.7666666666667 0.75 0.75 6.4 0 3.1 14 3 0 0 20.9 151 111 10.8 16.1
"69" "56" 2009-03-20 24.93 "MIN" "@" "HOU" "L" -19 0 25.7333333333333 0 0 0 9.6 4.5 0 6.5 0 25 7.4 0 114 0.1 -9.2
"70" "57" 2009-03-22 24.93 "MIN" "" "OKC" "L" -7 0 22.0166666666667 0.682 0.682 0 4.8 2.4 0 0 0 0 22.8 135 113 8.8 6.2
"71" "58" 2009-03-23 24.94 "MIN" "@" "ATL" "L" -12 0 30.5166666666667 0.547 0.545 0 4.6 2 6.3 0 2.5 7.8 20.5 108 130 6.8 -2.2
"72" "59" 2009-03-25 24.94 "MIN" "@" "PHI" "L" -8 1 32.4666666666667 1.05 1.05 0 8.7 3.8 0 0 5 0 14.5 187 115 17.2 17.5
"73" "60" 2009-03-27 24.95 "MIN" "@" "CLE" "L" -22 1 18.1666666666667 0.313 0.313 0 9.8 3.6 9.9 3.1 0 11.1 24.7 60 126 0.8 -11.3
"74" "61" 2009-03-29 24.95 "MIN" "" "NJN" "W" 9 0 32.1833333333333 0.684 0.654 0 7.8 4 0 1.6 2.8 12.6 24.1 108 110 12.6 0.9
"75" "62" 2009-03-31 24.96 "MIN" "" "DAL" "L" -20 1 39.8 0.429 0.4 5 23.5 12.9 8.9 1.3 0 10.9 21.3 85 118 9 -3.9
"76" "63" 2009-04-03 24.97 "MIN" "@" "UTA" "W" 1 1 33.8166666666667 0.847 0.808 8.9 11.2 10.1 9.9 0 2.2 11.9 23.2 148 113 21.1 11.8
"77" "64" 2009-04-05 24.97 "MIN" "" "DEN" "L" -23 1 35.9166666666667 0.576 0.538 0 6.9 3.1 4.8 1.4 0 0 18.2 115 120 10.4 -0.4
"78" "" 2009-04-07 24.98 "MIN" "@" "LAC" "W" 10 NA NA NA NA NA NA NA NA NA NA NA NA NA NA NA NA
"79" "" 2009-04-08 24.98 "MIN" "@" "GSW" "W" 8 NA NA NA NA NA NA NA NA NA NA NA NA NA NA NA NA
"80" "65" 2009-04-11 24.99 "MIN" "" "PHO" "L" -13 0 33.7 0.5 0.5 6.1 13.9 9.7 5.6 1.4 0 0 21 114 113 11 -1.6
"81" "66" 2009-04-13 24.99 "MIN" "@" "DAL" "L" -2 1 27.05 0.444 0.444 0 0 0 5.6 2.1 0 10 17.9 84 114 2.8 -5.2
"82" "67" 2009-04-15 25 "MIN" "" "SAC" "L" -7 0 30.8833333333333 0.514 0.4 3.6 0 1.9 5.7 1.8 0 7.3 20.5 111 114 7 -2.1
"1" "1" 2009-10-28 25.54 "PHI" "@" "ORL" "L" -14 0 16.7166666666667 0.714 0.714 0 0 0 10.4 0 5.5 12.5 22 123 132 5.5 0.4
"2" "" 2009-10-30 25.54 "PHI" "" "MIL" "W" 13 NA NA NA NA NA NA NA NA NA NA NA NA NA NA NA NA
"3" "2" 2009-10-31 25.55 "PHI" "@" "NYK" "W" 14 0 5.53333333333333 0 0 0 19.2 12 0 0 0 33.3 24.3 0 120 -2.1 -29.3
"4" "3" 2009-11-03 25.55 "PHI" "" "BOS" "L" -31 0 8.86666666666667 0.174 0 25.2 18 22.2 0 0 0 0 14.8 68 123 0.5 -10.3
"5" "4" 2009-11-06 25.56 "PHI" "" "NJN" "W" 3 0 4.11666666666667 0.75 0.75 0 0 0 0 0 0 0 23.8 135 115 2 7.3
"6" "5" 2009-11-08 25.57 "PHI" "@" "DET" "L" -7 0 13.2333333333333 0 0 0 7.9 4 10.7 4.3 5.6 0 3.6 51 101 1.6 -0.5
"7" "6" 2009-11-09 25.57 "PHI" "" "PHO" "L" -4 0 10.7833333333333 0.463 0.333 12 12.7 12.4 0 4.8 0 0 18.3 116 123 3.9 -2
"8" "7" 2009-11-11 25.58 "PHI" "@" "NJN" "W" 3 0 12.8166666666667 0.333 0.333 7.3 8.9 8.1 0 4.3 6.1 0 11.3 85 83 2.2 -1.8
"9" "8" 2009-11-13 25.58 "PHI" "" "UTA" "L" -22 0 11.2333333333333 0.667 0.667 0 11.5 5.5 16.8 0 0 25 17.4 100 131 2.3 -4.4
"10" "9" 2009-11-14 25.58 "PHI" "@" "CHI" "L" -6 0 9.63333333333333 0.75 0.75 0 12.2 5.9 17.2 5.2 7.1 0 9.4 158 88 3.5 11.7
"11" "10" 2009-11-18 25.59 "PHI" "" "CHA" "W" 2 0 30.5333333333333 0.625 0.625 3.7 29.7 15.9 11.3 0 3.3 0 12.9 137 99 10.1 5.2
"12" "11" 2009-11-20 25.6 "PHI" "" "MEM" "L" -5 0 22.1 0.7 0.7 0 6.4 2.9 0 2.4 0 0 10.2 138 117 5.2 -2.2
"13" "12" 2009-11-21 25.6 "PHI" "@" "CLE" "L" -6 0 26.15 0.6 0.6 7.3 19.8 12.7 6.6 2.1 0 0 17.5 130 111 10.5 5.9
"14" "13" 2009-11-24 25.61 "PHI" "@" "WAS" "L" -1 0 12.1333333333333 0 0 8.4 17.6 12.9 0 4.3 0 33.3 10.3 20 111 -1.3 -18.1
"15" "14" 2009-11-25 25.61 "PHI" "@" "BOS" "L" -3 0 9.85 1.33 1.5 0 0 0 14.3 0 0 0 8.5 263 128 5.4 14.3
"16" "15" 2009-11-27 25.62 "PHI" "" "ATL" "L" -14 0 25.5 0.611 0.438 4.7 16.6 10.2 19.2 4.3 0 0 20.9 138 112 14.3 9.4
"17" "16" 2009-11-29 25.62 "PHI" "@" "SAS" "L" -8 0 19.2333333333333 0.23 0.2 0 6.9 3.3 8.3 0 0 0 25 62 124 -0.6 -16.6
"18" "17" 2009-11-30 25.63 "PHI" "@" "DAL" "L" -2 0 7.58333333333333 0 0 0 13.5 6.5 0 0 0 33.3 15.8 0 119 -2.1 -21.9
"19" "18" 2009-12-02 25.63 "PHI" "@" "OKC" "L" -11 0 4.25 NA NA 0 0 0 0 12.8 0 NA 0 0 116 0.6 1.4
"20" "19" 2009-12-05 25.64 "PHI" "@" "CHA" "L" -1 0 17.0333333333333 0.291 0.167 6 14.8 9.9 0 3 13.9 0 16.8 79 100 2.6 -5.1
"21" "20" 2009-12-07 25.65 "PHI" "" "DEN" "L" -10 0 3 0 0 0 39 18.2 0 0 0 50 30.8 0 105 -1.4 -35.8
"22" "" 2009-12-09 25.65 "PHI" "" "DET" "L" -4 NA NA NA NA NA NA NA NA NA NA NA NA NA NA NA NA
"23" "21" 2009-12-11 25.66 "PHI" "" "HOU" "L" -5 0 0.266666666666667 NA NA 0 0 0 0 0 0 NA 0 0 85 -0.4 -78.6
"24" "22" 2009-12-14 25.67 "PHI" "" "GSW" "W" 16 0 11.3166666666667 0 0 0 21.2 10 17.7 4.4 0 33.3 10.3 44 101 -0.2 -8
"25" "23" 2009-12-16 25.67 "PHI" "" "CLE" "L" -7 0 5.4 0 0 0 0 0 0 0 0 0 8.3 0 134 -0.7 -15.6
"26" "" 2009-12-18 25.68 "PHI" "@" "BOS" "W" 1 NA NA NA NA NA NA NA NA NA NA NA NA NA NA NA NA
"27" "" 2009-12-19 25.68 "PHI" "" "LAC" "L" -5 NA NA NA NA NA NA NA NA NA NA NA NA NA NA NA NA
"28" "24" 2009-12-22 25.69 "PHI" "@" "WAS" "L" -7 0 3.68333333333333 1 1 0 57.9 32.6 52.2 0 0 0 12.9 203 107 3 21.8
"29" "25" 2009-12-26 25.7 "PHI" "@" "UTA" "L" -21 0 3.03333333333333 0 0 0 0 0 0 0 0 0 15.2 0 110 -1.1 -22.9
"30" "26" 2009-12-28 25.7 "PHI" "@" "POR" "W" 11 0 5.1 0 0 0 0 0 0 0 13.8 0 9.8 0 111 -0.4 -9.2
"31" "27" 2009-12-30 25.71 "PHI" "@" "SAC" "W" 10 0 15.6833333333333 1.167 1.167 9 7 7.8 0 3.3 4.3 0 17.5 217 112 14.5 26.6
"32" "28" 2009-12-31 25.71 "PHI" "@" "LAC" "L" -16 0 3.05 NA NA 0 0 0 49.2 0 0 NA 0 213 124 0.7 2.3
"33" "29" 2010-01-03 25.72 "PHI" "@" "DEN" "W" 3 0 14.5333333333333 1.1 1.1 0 8.9 4.2 0 3.4 5.1 16.7 18.9 144 104 9.3 16.8
"34" "30" 2010-01-05 25.73 "PHI" "" "WAS" "L" -7 0 7.8 0.5 0.5 16.2 34.2 24.9 0 0 0 0 28.9 113 112 3.2 -0.5
"35" "31" 2010-01-08 25.73 "PHI" "" "TOR" "L" -2 0 3.18333333333333 0.5 0.5 36.8 0 19.1 0 0 0 0 41.5 115 117 0.8 -11.7
"36" "32" 2010-01-09 25.74 "PHI" "@" "DET" "W" 10 0 12.65 NA NA 0 8.6 5.1 0 0 0 NA 0 0 110 0.3 -4.2
"37" "33" 2010-01-11 25.74 "PHI" "" "NOH" "W" 4 0 4.68333333333333 0 0 0 38.7 21.8 0 0 0 0 19.9 0 94 -0.8 -21.3
"38" "34" 2010-01-13 25.75 "PHI" "" "NYK" "L" -1 0 15.3166666666667 0.591 0.591 0 0 0 0 0 0 0 32.5 128 114 6.1 4.9
"39" "35" 2010-01-15 25.75 "PHI" "" "SAC" "W" 12 0 5.88333333333333 0 0 0 41.8 20.4 0 0 0 0 7.8 0 94 -0.5 -15.5
"40" "36" 2010-01-18 25.76 "PHI" "@" "MIN" "L" -5 0 10.2166666666667 0 0 0 11.3 6.3 0 0 0 0 24.1 0 114 -3.6 -30.2
"41" "" 2010-01-20 25.77 "PHI" "" "POR" "L" -8 NA NA NA NA NA NA NA NA NA NA NA NA NA NA NA NA
"42" "" 2010-01-22 25.77 "PHI" "" "DAL" "W" 11 NA NA NA NA NA NA NA NA NA NA NA NA NA NA NA NA
"43" "37" 2010-01-23 25.78 "PHI" "@" "IND" "W" 10 0 2.63333333333333 NA NA 0 0 0 0 0 0 NA 0 0 107 -0.4 -14.2
"44" "38" 2010-01-25 25.78 "PHI" "" "IND" "L" -11 0 5.23333333333333 NA NA 0 24.8 11.5 25.5 0 0 NA 0 222 117 1 2.8
"45" "39" 2010-01-27 25.79 "PHI" "@" "MIL" "L" -3 0 5.13333333333333 0.694 0.5 0 0 0 0 0 0 0 26.1 164 115 3 8.6
"46" "" 2010-01-29 25.79 "PHI" "" "LAL" "L" -8 NA NA NA NA NA NA NA NA NA NA NA NA NA NA NA NA
"47" "40" 2010-01-31 25.8 "PHI" "@" "NJN" "W" 4 0 10.5166666666667 0.827 0.9 8.6 31.1 18.8 0 0 0 0 22.6 152 90 8.3 19
"48" "41" 2010-02-03 25.81 "PHI" "" "CHI" "W" 3 0 8.6 1.5 1.5 0 14 7.3 0 0 0 0 5.6 300 108 2.6 6
"49" "42" 2010-02-05 25.81 "PHI" "@" "NOH" "W" 7 0 18.9833333333333 0.813 0.813 0 18.1 9.3 19.9 0 0 0 19.5 167 111 11.7 15.3
"50" "43" 2010-02-06 25.81 "PHI" "@" "HOU" "W" 7 0 25.35 0.508 0.5 0 15.5 9.5 6.5 2.1 0 0 15.7 107 105 5.6 -2.5
"51" "" 2010-02-09 25.82 "PHI" "" "MIN" "W" 22 NA NA NA NA NA NA NA NA NA NA NA NA NA NA NA NA
"52" "" 2010-02-10 25.82 "PHI" "@" "TOR" "L" -11 NA NA NA NA NA NA NA NA NA NA NA NA NA NA NA NA
"53" "44" 2010-02-16 25.84 "PHI" "" "MIA" "L" -27 0 19.1166666666667 0.34 0.2 0 13.2 5.6 0 2.9 0 0 14.7 78 120 1.7 -10.5
"54" "45" 2010-02-19 25.85 "PHI" "" "SAS" "W" 12 0 4.81666666666667 0 0 0 0 0 23.7 0 0 0 9.6 51 112 0 -6.4
"55" "46" 2010-02-20 25.85 "PHI" "@" "CHI" "L" -32 0 15.1666666666667 0.25 0.25 6.1 25.3 15.5 10.6 0 0 0 11.3 79 127 1.8 -7.8
"56" "47" 2010-02-23 25.86 "PHI" "@" "GSW" "W" 8 0 20.6 0.601 0.542 0 12.3 7.1 7.9 0 3.8 0 27.7 120 104 10.7 4.9
"57" "48" 2010-02-24 25.86 "PHI" "@" "PHO" "L" -11 0 25.0666666666667 0.317 0.286 4.2 39.4 19.1 11.5 2.1 0 20.2 18.1 69 111 3.7 -5.6
"58" "49" 2010-02-26 25.87 "PHI" "@" "LAL" "L" -9 0 24.5 0.35 0.318 8.3 13.7 10.9 0 0 2.5 8 23 81 118 3.1 -8.7
"59" "50" 2010-03-01 25.88 "PHI" "" "ORL" "L" -21 0 16.3666666666667 0.82 0.75 7.3 20.2 12.8 0 0 0 17 16.6 140 143 6.7 -0.3
"60" "51" 2010-03-03 25.88 "PHI" "@" "ATL" "L" -19 0 15.6166666666667 0.434 0.25 0 23.6 11.7 28.9 3.2 0 0 17 109 111 5.4 3.5
"61" "52" 2010-03-05 25.89 "PHI" "" "BOS" "L" -10 0 6.13333333333333 0.333 0.333 0 48.9 22 0 0 0 0 24.1 69 107 0.9 -7.4
"62" "53" 2010-03-07 25.89 "PHI" "@" "TOR" "W" 13 0 6.36666666666667 1.5 1.5 0 0 0 0 8.2 0 50 14.2 95 102 2.7 11.8
"63" "54" 2010-03-09 25.9 "PHI" "@" "IND" "L" -11 0 10.8 0.676 0.625 10.1 18.1 14.3 0 0 0 18.4 21.7 121 117 3.5 -1.8
"64" "55" 2010-03-10 25.9 "PHI" "" "CHA" "L" -15 0 20.0166666666667 0.415 0.375 14.7 14.5 14.6 0 2.6 9 5.6 38.5 93 105 9.3 2.7
"65" "56" 2010-03-12 25.91 "PHI" "" "CLE" "L" -5 0 5.95 0 0 0 20.7 10.1 19.2 0 0 0 7.8 54 117 -0.5 -11.3
"66" "57" 2010-03-14 25.91 "PHI" "@" "MIA" "L" -13 0 11.8666666666667 0.75 0.75 7.9 10.4 9 16.9 0 7.1 0 14.9 162 115 5.6 13.7
"67" "58" 2010-03-15 25.92 "PHI" "" "NYK" "L" -10 0 4.75 0.333 0.333 0 0 0 0 0 0 25 36.7 56 117 -1.5 -30.5
"68" "59" 2010-03-17 25.92 "PHI" "" "NJN" "W" 11 0 13.9666666666667 0.844 0.667 9.5 33.5 22.3 0 0 5.1 13.3 25.5 156 103 10.5 7.4
"69" "60" 2010-03-19 25.93 "PHI" "@" "NYK" "L" -4 0 11.4666666666667 0.4 0.4 0 9.5 4.8 17 4.9 0 0 21.2 90 105 3.3 2
"70" "61" 2010-03-20 25.93 "PHI" "" "CHI" "L" -14 0 22.5333333333333 0.546 0.417 0 26 12.2 14.8 0 0 12 17.1 106 107 5.3 -0.9
"71" "62" 2010-03-22 25.93 "PHI" "" "ORL" "L" -16 0 20.2666666666667 0.318 0.318 0 30.6 11.8 8.2 2.8 0 8.3 28 68 124 2.4 -9.6
"72" "63" 2010-03-24 25.94 "PHI" "@" "MIL" "W" 15 0 24.3 0.381 0.286 6 12.6 9.9 0 4.4 0 11.3 17.1 84 93 4.5 -4.4
"73" "64" 2010-03-26 25.95 "PHI" "" "ATL" "W" 7 0 16.0833333333333 0.5 0.5 0 7.7 3.8 0 0 0 0 5.5 112 118 0.9 -8.6
"74" "65" 2010-03-30 25.96 "PHI" "" "OKC" "L" -18 0 21.0333333333333 0.571 0.429 0 15.6 8.2 7.8 0 3 0 19.5 122 118 7.8 1.5
"75" "" 2010-03-31 25.96 "PHI" "@" "CHA" "L" -19 NA NA NA NA NA NA NA NA NA NA NA NA NA NA NA NA
"76" "" 2010-04-03 25.97 "PHI" "" "TOR" "L" -5 NA NA NA NA NA NA NA NA NA NA NA NA NA NA NA NA
"77" "" 2010-04-06 25.98 "PHI" "" "DET" "L" -21 NA NA NA NA NA NA NA NA NA NA NA NA NA NA NA NA
"78" "" 2010-04-07 25.98 "PHI" "@" "MIA" "L" -4 NA NA NA NA NA NA NA NA NA NA NA NA NA NA NA NA
"79" "" 2010-04-09 25.98 "PHI" "" "MIL" "L" -5 NA NA NA NA NA NA NA NA NA NA NA NA NA NA NA NA
"80" "66" 2010-04-10 25.99 "PHI" "@" "MEM" "W" 19 0 19.7 0.799 0.833 0 7 3.4 6.2 2.6 0 0 16 162 107 8.4 4.8
"81" "67" 2010-04-12 25.99 "PHI" "" "MIA" "L" -2 0 8.66666666666667 0 0 0 0 0 13.5 0 0 0 17.8 25 131 -1.8 -24.4
"82" "68" 2010-04-14 26 "PHI" "@" "ORL" "L" -14 0 23.35 0.598 0.571 0 13.7 5.9 0 0 7.2 9.8 20.6 108 135 7.1 -4.3
"1" "1" 2010-10-27 26.53 "GSW" "" "HOU" "W" 4 0 16.7833333333333 0.457 0.286 22.6 6.2 13.6 6.3 0 4 0 21.7 132 131 6.9 -4.2
"2" "2" 2010-10-29 26.54 "GSW" "" "LAC" "W" 18 0 19.8333333333333 0.564 0.625 20.7 0 8.4 21.8 0 0 0 24.4 134 106 9.8 4.4
"3" "3" 2010-10-31 26.55 "GSW" "@" "LAL" "L" -24 0 17 0.508 0.429 5.3 43.9 23 20.5 2.9 0 33.7 30 74 95 5.5 -3.7
"4" "4" 2010-11-03 26.55 "GSW" "" "MEM" "W" 6 1 19.5166666666667 0.47 0.429 0 12.9 5.7 0 0 3.8 21.2 18.4 78 112 2.2 -10.3
"5" "5" 2010-11-05 26.56 "GSW" "" "UTA" "W" 7 0 15.9166666666667 0.184 0.2 0 0 0 9.4 0 0 26.9 18.9 36 94 -4 -17.6
"6" "6" 2010-11-07 26.56 "GSW" "@" "DET" "L" -5 0 9.65 0.798 0.75 0 22.6 10.8 0 0 0 0 17.3 171 112 4 3.8
"7" "7" 2010-11-08 26.57 "GSW" "@" "TOR" "W" 7 0 18.75 0.833 0.833 0 6.1 3.5 7.6 0 0 0 7.1 179 116 3.5 -1.7
"8" "8" 2010-11-10 26.57 "GSW" "@" "NYK" "W" 5 0 4.93333333333333 NA NA 0 0 0 20.7 0 0 NA 0 211 122 -0.1 -3.7
"9" "9" 2010-11-11 26.58 "GSW" "@" "CHI" "L" -30 0 17.6333333333333 0.46 0.5 0 8.5 3.2 0 2.9 0 0 12.6 101 129 3.2 -2.1
"10" "10" 2010-11-13 26.58 "GSW" "@" "MIL" "L" -7 0 7.28333333333333 0.375 0.375 13.2 0 6.6 0 0 0 0 26 86 105 0.9 -3.2
"11" "11" 2010-11-15 26.59 "GSW" "" "DET" "W" 4 0 14.9666666666667 0.518 0.4 0 24.7 11.2 0 10.3 0 0 19.9 116 88 7.8 8.1
"12" "12" 2010-11-19 26.6 "GSW" "" "NYK" "L" -6 0 9.03333333333333 0 0 0 0 0 0 0 0 0 4.9 0 136 -1.5 -16.8
"13" "13" 2010-11-21 26.6 "GSW" "@" "LAL" "L" -28 0 9.25 0.5 0.5 0 0 0 0 5.7 0 20 21.7 83 124 2 -3.8
"14" "14" 2010-11-22 26.61 "GSW" "" "DEN" "L" -17 0 19.5333333333333 0.889 0.889 0 0 0 0 2.7 0 18.2 26 126 120 11.1 10.7
"15" "15" 2010-11-24 26.61 "GSW" "@" "HOU" "L" -10 0 13.8 0.5 0.5 7.4 0 4.3 0 3.7 0 20 16.1 89 119 1.9 -5.1
"16" "16" 2010-11-26 26.62 "GSW" "@" "MEM" "L" -5 0 9.31666666666667 0 0 0 13.9 6.7 0 0 0 25 18.5 0 126 -3.2 -28.3
"17" "17" 2010-11-27 26.62 "GSW" "@" "MIN" "W" 10 0 6.81666666666667 0 0 0 0 0 0 0 0 0 14.6 0 120 -1.4 -23.5
"18" "18" 2010-11-30 26.63 "GSW" "" "SAS" "L" -20 0 19.0833333333333 0.438 0.438 5.4 26.8 16.1 0 0 0 0 18.1 96 117 4 -4.9
"19" "19" 2010-12-02 26.63 "GSW" "" "PHO" "L" -6 0 17.2333333333333 0.515 0.5 0 9.9 4.1 0 0 0 20.5 13 79 121 0.4 -11
"20" "" 2010-12-05 26.64 "GSW" "@" "OKC" "L" -5 NA NA NA NA NA NA NA NA NA NA NA NA NA NA NA NA
"21" "" 2010-12-07 26.65 "GSW" "@" "DAL" "L" -5 NA NA NA NA NA NA NA NA NA NA NA NA NA NA NA NA
"22" "" 2010-12-08 26.65 "GSW" "@" "SAS" "L" -17 NA NA NA NA NA NA NA NA NA NA NA NA NA NA NA NA
"23" "" 2010-12-10 26.65 "GSW" "" "MIA" "L" -22 NA NA NA NA NA NA NA NA NA NA NA NA NA NA NA NA
"24" "" 2010-12-13 26.66 "GSW" "@" "UTA" "L" -13 NA NA NA NA NA NA NA NA NA NA NA NA NA NA NA NA
"25" "" 2010-12-14 26.67 "GSW" "" "MIN" "W" 9 NA NA NA NA NA NA NA NA NA NA NA NA NA NA NA NA
"26" "20" 2010-12-18 26.68 "GSW" "@" "POR" "L" -1 0 18.6 0.833 0.833 5.9 13.6 9.4 0 2.9 0 0 14.3 173 109 9.3 11.1
"27" "21" 2010-12-20 26.68 "GSW" "" "HOU" "L" -9 0 9.46666666666667 0.375 0.375 0 0 0 13.4 5.4 0 20 23.1 74 126 1.3 -6.3
"28" "" 2010-12-21 26.68 "GSW" "@" "SAC" "W" 8 NA NA NA NA NA NA NA NA NA NA NA NA NA NA NA NA
"29" "22" 2010-12-25 26.7 "GSW" "" "POR" "W" 7 0 15.0833333333333 1.33 1.5 0 19.5 11.2 0 3.4 4 34.7 8.8 139 100 5.9 6.6
"30" "23" 2010-12-27 26.7 "GSW" "" "PHI" "W" 15 0 7.88333333333333 0.75 0.75 13.2 46.8 31.1 0 0 0 0 23.4 141 90 5.5 11.5
"31" "" 2010-12-29 26.71 "GSW" "@" "ATL" "L" -10 NA NA NA NA NA NA NA NA NA NA NA NA NA NA NA NA
"32" "24" 2010-12-31 26.71 "GSW" "@" "CHA" "W" 1 0 5.38333333333333 0 0 0 0 0 0 0 26.6 0 9.2 0 103 -0.1 -3.4
"33" "25" 2011-01-01 26.72 "GSW" "@" "MIA" "L" -7 0 7.83333333333333 0.375 0.375 0 31.4 15.5 17.6 0 0 0 23.1 90 119 1.5 -2.7
"34" "" 2011-01-03 26.72 "GSW" "@" "ORL" "L" -20 NA NA NA NA NA NA NA NA NA NA NA NA NA NA NA NA
"35" "" 2011-02-22 26.86 "MEM" "@" "DEN" "L" -13 NA NA NA NA NA NA NA NA NA NA NA NA NA NA NA NA
"36" "" 2011-02-23 26.86 "MEM" "@" "MIN" "W" 9 NA NA NA NA NA NA NA NA NA NA NA NA NA NA NA NA
"37" "26" 2011-02-26 26.87 "MEM" "" "SAC" "W" 28 0 2.66666666666667 0.5 0.5 43.9 0 21.2 0 18.4 0 0 32.1 128 66 2.7 23.4
"38" "" 2011-02-27 26.87 "MEM" "@" "SAS" "L" -7 NA NA NA NA NA NA NA NA NA NA NA NA NA NA NA NA
"39" "27" 2011-03-01 26.88 "MEM" "" "SAS" "W" 16 0 2.06666666666667 0 0 0 0 0 0 0 0 0 21.5 0 115 -0.7 -27.4
