"Rk" "G" "Date" "Age" "Tm" "H/A" "Opp" "W/L" "By Amt" "GS" "MP" "TS%" "eFG%" "ORB%" "DRB%" "TRB%" "AST%" "STL%" "BLK%" "TOV%" "USG%" "ORtg" "DRtg" "GmSc" "BPM"
"1" "1" 1986-11-01 21.04 "CLE" "" "WSB" "W" 7 1 37 0.429 0.375 0 35.9 19.4 18.5 0 0 24.4 13.2 85 95 6.3 -5
"2" "2" 1986-11-02 21.04 "CLE" "" "CHI" "L" -5 1 42 0.567 0.533 9.5 24.6 17.3 0 1.2 2.6 27.4 20.7 89 90 11.6 -0.8
"3" "3" 1986-11-05 21.05 "CLE" "@" "UTA" "L" -16 1 26 0.169 0.125 4 9.9 7.2 28.7 0 1.8 18.4 15.7 55 105 0.4 -6.8
"4" "4" 1986-11-07 21.05 "CLE" "@" "GSW" "W" 1 1 25 0.625 0.4 16.3 9.1 12.9 10.1 1.9 2.1 35.7 17.9 101 113 8 -2.8
"5" "5" 1986-11-08 21.05 "CLE" "@" "LAC" "W" 7 1 23 0.429 0.429 17.9 22.8 20.9 21.5 0 2.5 46.2 25.1 68 90 1.7 -9.4
"6" "6" 1986-11-11 21.06 "CLE" "@" "SAC" "L" -5 1 33 0.518 0.4 7.5 18.2 13.8 13.2 2.8 0 0 16.7 125 108 14.2 0.8
"7" "7" 1986-11-13 21.07 "CLE" "@" "SAS" "L" -13 1 24 0.799 0.833 0 11.5 6.5 14.8 0 0 12.7 13.2 138 112 8.5 3.3
"8" "8" 1986-11-15 21.07 "CLE" "@" "DAL" "L" -15 1 34 0.513 0.364 13.8 21.5 18.4 12.3 1.3 1.4 33.9 23.3 82 97 8.2 -5.4
"9" "9" 1986-11-16 21.08 "CLE" "@" "HOU" "L" -28 1 38 0.649 0.538 2.9 23.7 13.7 21.6 0 1.3 19.1 20.2 117 117 18 2
"10" "10" 1986-11-19 21.08 "CLE" "" "GSW" "L" -8 1 38 0.807 0.714 2.3 15.8 8.1 8.6 1.2 5.2 21.8 21.8 132 109 24.8 11
"11" "11" 1986-11-20 21.09 "CLE" "@" "ATL" "L" -19 1 37 0.494 0.5 7.3 10 8.6 4.3 1.3 0 15.6 21 91 108 8.6 -2.2
"12" "12" 1986-11-22 21.09 "CLE" "@" "DET" "L" -9 1 17 0.064 0 4.5 25.1 13.1 7.2 0 0 11.4 21.4 25 97 -4 -20.7
"13" "13" 1986-11-26 21.1 "CLE" "" "POR" "W" 4 1 28 0.666 0.625 4.2 12.9 8.5 12.7 1.6 2.2 17 16.9 120 111 10 -0.9
"14" "14" 1986-11-29 21.11 "CLE" "@" "NYK" "W" 2 1 42 0.599 0.556 6.3 19.5 12.4 11.7 0 2.9 13.8 14.6 117 95 13.5 -0.4
"15" "15" 1986-12-02 21.12 "CLE" "" "SAS" "W" 10 1 23 0.625 0.625 10.4 16.4 13.8 12.1 2 4.6 38.5 21.2 80 96 5.4 -6
"16" "16" 1986-12-04 21.13 "CLE" "" "DET" "W" 8 1 40 0.605 0.6 12.2 12.5 12.4 17.4 0 0 11.1 25.2 121 104 21 5
"17" "17" 1986-12-06 21.13 "CLE" "" "BOS" "W" 2 1 30 0.337 0.364 3.4 24.3 13.8 4.6 3.5 0 14.4 19.8 69 86 2.6 -7.3
"18" "18" 1986-12-09 21.14 "CLE" "" "ATL" "L" -24 1 26 0.82 0.75 0 23.7 10.5 32.4 1.7 0 29.1 10.9 124 115 9.6 2.2
"19" "19" 1986-12-11 21.15 "CLE" "@" "IND" "L" -21 1 32 0.467 0.429 2.9 21.4 12.6 15.8 1.4 0 29.3 16.7 77 105 5.5 -4
"20" "20" 1986-12-13 21.15 "CLE" "" "PHI" "W" 3 1 23 0.672 0.714 0 18.6 9.9 15.8 3.7 0 0 12.4 143 104 11.2 4.1
"21" "21" 1986-12-16 21.16 "CLE" "" "LAL" "L" -5 1 26 0.549 0.455 8.4 36 21.7 19.6 1.8 4.3 7.3 22.2 123 111 15.1 6.5
"22" "22" 1986-12-17 21.16 "CLE" "@" "PHI" "W" 3 1 43 0.608 0.579 5 22.3 13.6 13.6 2.1 4 11.2 24.3 118 96 24.9 7.2
"23" "23" 1986-12-19 21.17 "CLE" "" "UTA" "L" -6 1 51 0.487 0.438 7.6 12.6 10 29.8 0 3.3 13.3 16.8 114 110 18.8 4.1
"24" "24" 1986-12-21 21.17 "CLE" "" "IND" "W" 10 1 32 0.559 0.538 6 25 15.9 15.3 0 0 21.8 21.8 103 94 9.9 -0.2
"25" "25" 1986-12-23 21.18 "CLE" "@" "CHI" "L" -16 1 34 0.605 0.571 7.6 34.4 21.7 23.3 0 0 21.2 12.1 120 115 11.2 1.2
"26" "26" 1986-12-26 21.19 "CLE" "" "NJN" "W" 9 1 33 0.718 0.7 3.2 20.4 12.1 25.1 1.4 3.2 27.7 16.7 115 103 15.8 5.4
"27" "27" 1986-12-29 21.19 "CLE" "" "ATL" "W" 1 1 40 0.504 0.429 5.3 26.1 15.8 11 0 0 5 20.5 120 109 14.7 0.9
"28" "28" 1986-12-30 21.2 "CLE" "@" "IND" "L" -12 1 20 0.699 0.667 0 4.5 2.3 25.4 0 0 48.2 23.3 72 113 1.6 -9.3
"29" "29" 1987-01-02 21.21 "CLE" "" "MIL" "L" -7 1 36 0.543 0.5 2.4 16.7 9.1 16.7 1.4 3.3 18.9 17.9 96 92 10.8 3.3
"30" "30" 1987-01-06 21.22 "CLE" "" "CHI" "L" -4 1 34 0.439 0.429 6.3 22.3 13.6 13.4 0 0 19 26.6 81 105 6.9 -5.1
"31" "31" 1987-01-08 21.22 "CLE" "" "LAC" "W" 10 1 23 0.237 0.25 12.3 17 14.6 16.6 0 0 19.2 18.2 67 96 0.6 -11
"32" "32" 1987-01-10 21.23 "CLE" "@" "ATL" "L" -25 1 15 0.643 0.6 6.3 22.9 15 10.5 0 0 15.5 16.2 121 118 5.1 -1.8
"33" "33" 1987-01-13 21.24 "CLE" "" "DET" "L" -2 1 32 0.435 0.4 3.4 18.4 11.9 13.6 0 3 24 22.5 76 98 4.3 -6
"34" "34" 1987-01-14 21.24 "CLE" "@" "DET" "L" -17 1 39 0.54 0.5 14.2 31.6 21.6 5.3 1.1 5.9 19 25 98 90 17.7 6.7
"35" "35" 1987-01-16 21.24 "CLE" "@" "BOS" "L" -5 1 47 0.509 0.455 12.3 28.2 19.3 11.1 1 0 7.3 22.5 121 124 19.8 0.9
"36" "36" 1987-01-17 21.25 "CLE" "" "NYK" "W" 6 1 37 0.555 0.6 9.5 23.4 17.1 10.5 0 1.6 12.9 16.5 117 105 12.8 1.5
"37" "37" 1987-01-19 21.25 "CLE" "" "HOU" "L" -24 1 21 0.465 0.444 4.1 18.7 10.9 22.2 0 0 15.7 23.2 90 119 5.3 -4.6
"38" "38" 1987-01-21 21.26 "CLE" "" "MIL" "L" -4 1 12 0 0 0 0 0 10.8 0 4.9 25 14.4 14 125 -2.1 -15.6
"39" "39" 1987-01-23 21.26 "CLE" "@" "CHI" "L" -21 1 29 0.721 0.714 3.8 33.1 17.9 10.8 0 0 26.5 16.7 105 122 9.8 -3.8
"40" "40" 1987-01-24 21.27 "CLE" "" "CHI" "W" 30 1 27 0.673 0.636 0 20.2 10.6 10.9 1.9 0 7.8 19.3 137 88 12.4 4.7
"41" "41" 1987-01-28 21.28 "CLE" "@" "PHI" "L" -2 1 35 0.633 0.6 6.1 19.1 12.5 4.1 2.7 0 28.3 19.3 97 105 9.5 -2.5
"42" "42" 1987-01-29 21.28 "CLE" "" "ATL" "W" 11 1 40 0.559 0.444 6 24 15.5 15.9 0 0 24.2 16.7 105 97 10.6 -1
"43" "43" 1987-01-31 21.28 "CLE" "" "IND" "W" 2 1 35 0.477 0.455 2.8 12.8 7.5 8 0 3.1 12.8 18.2 94 101 8 -4.3
"44" "44" 1987-02-04 21.3 "CLE" "@" "BOS" "L" -2 1 32 0.346 0.353 16.3 23.9 20 4.5 7.6 1.9 13.8 28.7 75 90 9.7 -1.7
"45" "45" 1987-02-05 21.3 "CLE" "@" "WSB" "L" -9 1 35 0.638 0.667 10 26.8 17.7 17.9 0 4.8 18.4 17.9 111 94 16.5 6.1
"46" "46" 1987-02-10 21.31 "CLE" "" "NYK" "W" 5 1 38 0.606 0.545 0 18.5 9 8.9 0 0 18.5 17.3 112 100 8.9 -2.6
"47" "47" 1987-02-12 21.32 "CLE" "" "DET" "L" -4 1 34 0.582 0.6 0 18.1 7.8 4.7 1.3 0 10.9 20.3 106 109 11.3 -1.3
"48" "48" 1987-02-15 21.33 "CLE" "@" "NJN" "L" -16 1 16 0.506 0.444 6 22 13.2 23.1 5.5 0 9.2 26.2 108 101 7.7 4.6
"49" "49" 1987-02-16 21.33 "CLE" "" "SEA" "W" 11 1 39 0.603 0.538 3.1 15.7 9.9 19.6 1.3 0 25.6 26.2 98 99 13.3 -3.2
"50" "50" 1987-02-18 21.33 "CLE" "" "SAC" "W" 10 1 39 0.784 0.714 15 22.1 18.5 26.8 0 1.4 12.5 23.5 156 121 34.5 14.9
"51" "51" 1987-02-19 21.34 "CLE" "@" "NYK" "L" -15 1 38 0.563 0.563 2.3 26.8 11.6 0 0 1.7 22.9 21.1 90 119 8.3 -7.6
"52" "52" 1987-02-22 21.35 "CLE" "@" "CHI" "L" -4 1 37 0.444 0.357 10 17.7 14.1 15.5 0 3.2 11.3 20.2 101 105 11.5 -1.5
"53" "53" 1987-02-23 21.35 "CLE" "" "WSB" "W" 4 1 44 0.517 0.455 7.6 15.6 11.6 29.9 3.5 2.7 17.1 16 115 106 18.4 7
"54" "54" 1987-02-25 21.35 "CLE" "@" "DET" "L" -1 1 37 0.615 0.5 4.3 0 2.2 19.1 1.3 0 33.9 16.7 98 111 8.1 -1.2
"55" "55" 1987-02-28 21.36 "CLE" "@" "DEN" "W" 2 1 37 0.723 0.667 0 17.7 9.2 21.5 1.2 0 36.6 22.8 95 108 11.9 -3.3
"56" "56" 1987-03-02 21.37 "CLE" "@" "SEA" "L" -16 1 41 0.787 0.8 0 13.5 7.6 19.5 0 0 23.9 20.8 117 122 18.8 2.1
"57" "57" 1987-03-03 21.37 "CLE" "@" "POR" "L" -5 1 39 0.689 0.65 10.5 30 19.6 16.4 0 0 11.1 25 132 113 27.8 7.1
"58" "58" 1987-03-05 21.38 "CLE" "@" "PHO" "L" -24 1 29 0.54 0.538 11.8 37.4 22.7 16.9 0 0 17.8 22.8 98 122 10.8 -2.7
"59" "59" 1987-03-07 21.38 "CLE" "@" "LAL" "L" -4 1 37 0.549 0.636 0 12.4 5.9 8.9 1.3 0 23.9 17.3 89 123 5.8 -6.7
"60" "60" 1987-03-10 21.39 "CLE" "" "PHI" "L" -9 1 41 0.666 0.647 2.4 11.7 6.7 15.9 0 0 9.6 20.3 123 106 17.9 2.8
"61" "61" 1987-03-12 21.39 "CLE" "" "PHO" "W" 7 1 43 0.751 0.714 5.9 22.8 15 23.2 1.1 0 15.3 18.4 139 110 24.3 6.2
"62" "62" 1987-03-14 21.4 "CLE" "@" "MIL" "L" -7 1 19 0.901 1 7.2 12.6 10.1 23 0 0 31.1 14.7 121 114 7 2.3
"63" "63" 1987-03-15 21.4 "CLE" "@" "WSB" "L" -8 1 43 0.385 0.375 10.6 12.4 11.4 9.5 0 1.4 10.6 18.5 91 110 8.6 -3.8
"64" "64" 1987-03-17 21.41 "CLE" "@" "NJN" "W" 19 1 35 0.493 0.385 9.1 10.3 9.8 13.6 2.7 0 20.8 22.2 97 90 10.3 0.4
"65" "65" 1987-03-18 21.41 "CLE" "" "DEN" "L" -4 1 30 0.675 0.636 4.2 27.8 17.1 11.9 0 3.4 12.4 22 129 105 16.4 7.7
"66" "66" 1987-03-20 21.42 "CLE" "" "NJN" "W" 1 1 34 0.559 0.444 3.4 14.1 8.6 24.7 0 0 13.8 17.4 118 110 10.6 0.2
"67" "67" 1987-03-21 21.42 "CLE" "@" "IND" "L" -1 1 40 0.481 0.455 6 17.9 12.4 36.9 0 2.9 0 13.7 121 87 15 9
"68" "68" 1987-03-24 21.43 "CLE" "@" "BOS" "L" -23 1 28 0.504 0.467 6.7 33.2 16.7 21.4 0 2.2 5.9 26 114 122 13.3 6.7
"69" "69" 1987-03-27 21.44 "CLE" "" "MIL" "W" 3 1 46 0.655 0.5 11.6 15.5 13.6 27.9 1 1.2 16.3 21.7 132 112 27.2 5.7
"70" "70" 1987-03-29 21.44 "CLE" "" "DAL" "L" -3 1 33 0.675 0.636 0 8.6 4.8 27.4 0 0 29.9 26 100 108 10.4 -0.7
"71" "71" 1987-03-31 21.45 "CLE" "" "PHI" "L" -11 1 38 0.513 0.364 10.8 18.6 14.6 24.6 0 0 12.8 18.1 123 129 13.2 0.5
"72" "72" 1987-04-01 21.45 "CLE" "@" "PHI" "L" -9 1 41 0.909 0.909 5.6 21.6 13.2 8.3 1.3 0 18.5 18 146 116 22 5.4
"73" "73" 1987-04-04 21.46 "CLE" "" "WSB" "L" -16 1 38 0.607 0.615 12.6 14.7 13.7 48.4 1.3 0 6 17.8 140 129 24.1 10.5
"74" "74" 1987-04-06 21.46 "CLE" "@" "ATL" "L" -5 1 43 0.712 0.588 14.6 16.7 15.6 14.1 0 2.6 20.6 28.6 125 117 25.9 6.4
"75" "75" 1987-04-07 21.47 "CLE" "" "BOS" "W" 24 1 40 0.733 0.727 0 33 15.7 21.9 2.5 0 6.8 16.2 148 85 22.3 11.7
"76" "76" 1987-04-09 21.47 "CLE" "" "IND" "W" 12 1 38 0.634 0.583 3.3 23.7 14.7 22.9 0 4.2 29.7 21.5 102 99 15.3 2.9
"77" "77" 1987-04-11 21.48 "CLE" "@" "MIL" "L" -28 1 30 0.45 0.5 3.7 14.9 9.3 20.3 0 0 47.4 22.1 54 119 -0.9 -13.8
"78" "78" 1987-04-14 21.48 "CLE" "" "NJN" "W" 18 1 30 0.636 0.636 0 22.3 13.5 20.1 1.6 0 21.4 19.4 106 93 10.1 1.2
"79" "79" 1987-04-15 21.49 "CLE" "@" "WSB" "L" -9 1 42 0.631 0.636 6.2 19.4 14 13.1 0 0 20.2 14.1 120 113 12.4 0.5
"80" "80" 1987-04-18 21.5 "CLE" "" "NYK" "W" 9 1 32 0.653 0.615 0 31.3 16.3 24.3 0 4.9 5.9 21.2 138 105 21.8 9.7
"1" "1" 1987-11-06 22.05 "CLE" "@" "NJN" "W" 6 1 40 0.723 0.7 0 18.6 11.1 15.5 2.2 5.2 37.3 18.3 94 94 14 1.5
"2" "2" 1987-11-07 22.05 "CLE" "@" "ATL" "L" -8 1 41 0.51 0.467 2.3 14.3 8.2 19.6 1.1 2.8 18.5 20.2 96 104 12.7 2.8
"3" "3" 1987-11-11 22.06 "CLE" "" "MIL" "L" -8 1 43 0.483 0.4 6.3 21.1 13.7 22.3 0 1.2 13.9 25.6 99 100 18 3
"4" "4" 1987-11-13 22.07 "CLE" "@" "BOS" "L" -14 1 39 0.533 0.5 3.2 26.9 14.1 14.5 0 4.6 16.2 26.4 99 132 14.3 -5.1
"5" "5" 1987-11-14 22.07 "CLE" "" "DET" "L" -15 1 36 0.528 0.5 0 16 6.5 15.1 0 0 8.8 26.1 101 127 12.9 -2.1
"6" "6" 1987-11-17 22.08 "CLE" "" "BOS" "W" 21 1 27 0.644 0.625 0 27.4 14.8 28.6 1.7 0 34.9 20.9 90 82 7.9 1.1
"7" "7" 1987-11-19 22.08 "CLE" "" "HOU" "L" -8 1 36 0.505 0.455 12.1 26.7 19 23.5 0 0 11.2 30.6 105 107 15.6 -0.9
"8" "8" 1987-11-21 22.09 "CLE" "" "PHI" "W" 13 1 36 0.56 0.556 6.1 24.8 15.3 24 0 0 13 18.7 113 94 13.9 3.5
"9" "9" 1987-11-24 22.1 "CLE" "@" "PHI" "L" -4 1 41 0.555 0.467 8.4 26.3 17.1 16.8 3.3 0 16.2 24.9 107 96 19.8 3.2
"10" "10" 1987-11-25 22.1 "CLE" "" "NYK" "L" -3 1 33 0.439 0.333 11.2 12.5 11.8 21.8 0 0 24.2 21.3 90 114 4.9 -6.7
"11" "11" 1987-11-28 22.11 "CLE" "@" "NYK" "L" -12 1 41 0.475 0.4 8.1 27 20.2 15.4 0 0 13.7 15.8 100 101 9.6 -1.6
"12" "12" 1987-12-02 22.12 "CLE" "" "SEA" "W" 2 1 38 0.658 0.667 10 17.6 14 35.6 2.7 0 15.8 22.7 126 106 22.2 8.8
"13" "13" 1987-12-04 22.13 "CLE" "@" "IND" "W" 18 1 37 0.751 0.75 3.9 25.9 16 26.4 1.4 0 13.9 26.8 134 96 24.5 10.7
"14" "14" 1987-12-05 22.13 "CLE" "" "LAL" "W" 2 1 35 0.513 0.364 4.3 22.4 15.2 15 1.5 7 22.7 23.3 93 95 11.6 0.3
"15" "15" 1987-12-08 22.14 "CLE" "@" "SEA" "L" -11 1 38 0.439 0.429 18.9 25.9 22.4 32 1.3 0 18 31.5 92 106 14 -0.1
"16" "16" 1987-12-09 22.14 "CLE" "@" "GSW" "L" -1 1 33 0.591 0.615 4.2 20.8 13.2 8.7 1.4 0 23.7 26.4 92 106 9.8 -5.2
"17" "17" 1987-12-11 22.15 "CLE" "@" "SAC" "W" 2 1 39 0.594 0.529 9.5 11.4 10.5 3.9 0 1.4 15 29.9 113 120 17.4 -3.7
"18" "18" 1987-12-13 22.15 "CLE" "@" "LAL" "L" -1 1 39 0.535 0.5 0 21.5 11.3 10.6 0 0 25.3 27.4 79 95 7.3 -5.6
"19" "19" 1987-12-15 22.16 "CLE" "" "DAL" "W" 13 1 40 0.492 0.45 8.6 4.6 6.4 20.5 0 2.8 22 29.5 94 108 11.4 -1.9
"20" "20" 1987-12-17 22.16 "CLE" "@" "CHI" "L" -11 1 38 0.586 0.529 0 23 10.7 27.4 0 1.6 13.8 24.8 113 121 15.4 3.6
"21" "21" 1987-12-18 22.16 "CLE" "" "NJN" "W" 9 1 35 0.553 0.5 3.4 25.5 14.9 23.5 1.5 0 14.5 17.7 111 103 12.8 1.1
"22" "22" 1987-12-20 22.17 "CLE" "" "IND" "W" 11 1 38 0.617 0.545 6.6 33.4 19.3 30.4 0 0 16.3 19.1 127 115 19.5 3.8
"23" "23" 1987-12-22 22.18 "CLE" "@" "WSB" "W" 4 1 28 0.508 0.429 7.8 8.4 8.1 14.8 0 4 38.8 18 77 106 3.6 -6.9
"24" "24" 1987-12-23 22.18 "CLE" "" "UTA" "L" -8 1 44 0.379 0.364 4.6 11.2 7.6 36.9 0 1.5 14.4 14.3 92 106 8.5 0.4
"25" "25" 1987-12-26 22.19 "CLE" "" "POR" "W" 3 1 33 0.498 0.5 0 22.6 10.9 28.7 4 1.6 9.5 24.8 100 101 15.4 3.8
"26" "26" 1987-12-27 22.19 "CLE" "@" "NJN" "L" -18 1 33 0.496 0.429 0 14.9 6.8 19 3 0 28.4 17.5 82 105 5.9 -3.5
"27" "27" 1987-12-30 22.2 "CLE" "" "ATL" "L" -7 1 37 0.46 0.364 7.4 25.9 16.7 26.1 2.5 0 14 23 102 112 13.9 3
"28" "28" 1988-01-04 22.21 "CLE" "" "DEN" "W" 21 0 24 0.849 0.778 6.9 23.5 17.5 11.4 0 0 21.4 32.4 135 98 19.8 6.5
"29" "29" 1988-01-06 22.22 "CLE" "" "LAC" "W" 16 1 41 0.77 0.786 5.6 19.1 12.9 0 1.2 1.3 13.7 21.7 134 101 23.7 2.5
"30" "30" 1988-01-08 22.22 "CLE" "@" "ATL" "L" -4 1 30 0.476 0.5 13.1 31.3 21.9 20.8 0 3.9 16 26.5 95 102 11.9 3
"31" "31" 1988-01-09 22.22 "CLE" "@" "PHI" "L" -16 1 39 0.674 0.7 3.2 13.3 8.1 7.4 0 1.5 11.9 19.2 123 133 15 -1.7
"32" "32" 1988-01-12 22.23 "CLE" "" "NYK" "W" 8 1 21 0.557 0.556 11.1 12.7 11.9 8 0 5.9 16.8 20.6 113 110 6 -1.9
"33" "33" 1988-01-14 22.24 "CLE" "" "CHI" "W" 3 1 35 0.526 0.462 3.4 13.2 8.4 26.4 0 0 20.8 25.9 93 95 8 -1.3
"34" "34" 1988-01-15 22.24 "CLE" "@" "DET" "L" -4 1 39 0.515 0.467 5.4 24 14.1 8.4 1.3 1.5 13.4 22.9 101 99 13.8 2.2
"35" "35" 1988-01-17 22.25 "CLE" "@" "MIL" "L" -18 1 37 0.654 0.545 6.7 14.4 11.2 20.8 0 1.3 17.1 22.6 120 119 16.5 3.3
"36" "36" 1988-01-21 22.26 "CLE" "" "ATL" "L" -8 1 45 0.59 0.526 8 19.8 14.1 17.5 1.1 1.3 19.1 26 105 107 18.1 2.9
"37" "37" 1988-01-23 22.26 "CLE" "" "BOS" "W" 19 1 39 0.607 0.615 3.2 19.6 12 9.9 0 1.7 6 19.1 122 105 15.7 1.1
"38" "38" 1988-01-25 22.27 "CLE" "@" "UTA" "L" -23 1 38 0.373 0.353 8.7 15.3 11.1 17.2 1.2 0 9.6 20.5 90 121 8.3 -3.9
"39" "39" 1988-01-27 22.27 "CLE" "@" "SAS" "W" 10 1 38 0.498 0.5 9.7 30.8 20.5 14 0 1.7 19 22.6 95 100 12.2 -1.5
"40" "40" 1988-01-28 22.28 "CLE" "@" "HOU" "W" 24 1 27 0.712 0.7 12.4 13.9 13.2 26.8 3.7 0 13.7 22.2 138 87 17.5 13.4
"41" "41" 1988-01-30 22.28 "CLE" "" "WSB" "W" 2 1 44 0.778 0.75 0 12.4 5.9 6.6 0 1.4 13.9 21 136 122 21.3 3.7
"42" "42" 1988-02-01 22.29 "CLE" "" "DET" "W" 11 1 38 0.384 0.375 8.4 18 13.4 12.5 0 4.7 13.3 26.6 80 90 9.2 -2
"43" "43" 1988-02-03 22.29 "CLE" "@" "WSB" "W" 1 1 40 0.613 0.6 9.7 21.5 15.8 37.5 0 1.5 5.8 18.9 139 116 22.7 8.4
"44" "44" 1988-02-04 22.3 "CLE" "" "GSW" "L" -6 1 47 0.444 0.429 0 28.2 12.5 20.4 2.1 1.3 24.1 19.9 75 90 9.5 -3.5
"45" "45" 1988-02-09 22.31 "CLE" "@" "MIL" "L" -8 1 37 0.513 0.4 5.3 27.3 14.9 31.2 0 0 17.8 24.2 105 114 14.3 1.1
"46" "46" 1988-02-10 22.31 "CLE" "" "WSB" "W" 16 1 37 0.634 0.583 11.8 25.4 18.7 20 0 1.5 22 19.8 117 101 17.2 2.5
"47" "47" 1988-02-12 22.32 "CLE" "" "NJN" "W" 2 1 39 0.508 0.273 0 14.7 8 32.7 1.3 0 23 23.9 98 104 11.7 -0.4
"48" "48" 1988-02-13 22.32 "CLE" "@" "NYK" "L" -17 1 41 0.44 0.273 14.2 30.1 22.4 19.3 1.3 0 6.8 16.5 122 128 13.6 -2.7
"49" "49" 1988-02-15 22.33 "CLE" "" "SAC" "W" 9 1 37 0.593 0.5 5.4 11.8 8.5 15 0 1.5 10.6 32.9 113 97 20 3
"50" "50" 1988-02-17 22.33 "CLE" "@" "PHI" "W" 8 1 42 0.484 0.412 9.3 28.6 18.8 15 0 0 23.4 26.5 95 117 10.6 -8
"51" "51" 1988-02-18 22.33 "CLE" "@" "IND" "L" -5 1 39 0.519 0.471 12 24.6 18.9 20.4 2.6 0 30.4 29.8 81 87 12.1 0.6
"52" "52" 1988-02-21 22.34 "CLE" "" "CHI" "W" 2 1 36 0.647 0.556 3.9 29.2 16.2 5.6 1.4 1.9 11.8 29.4 125 114 20.2 2.6
"53" "53" 1988-02-27 22.36 "CLE" "@" "LAC" "L" -1 1 42 0.366 0.313 15.4 34.3 25.2 14.6 1.2 0 18.4 21.4 84 100 9.1 -5.7
"54" "54" 1988-02-29 22.36 "CLE" "@" "POR" "L" -13 1 41 0.48 0.4 6.5 7.8 7.1 5.4 1.2 1.3 7.7 24.7 111 114 14.4 2.3
"55" "55" 1988-03-02 22.37 "CLE" "@" "DEN" "L" -18 1 36 0.588 0.545 3.5 4.8 4.3 5.3 0 0 19 19.3 98 110 7.5 -2.2
"56" "56" 1988-03-06 22.38 "CLE" "@" "BOS" "L" -29 1 38 0.574 0.5 7.9 17.5 13 13.8 1.3 0 36.5 22 85 133 7.5 -5.5
"57" "57" 1988-03-09 22.39 "CLE" "" "MIL" "W" 26 1 37 0.784 0.727 7.6 16.2 12.3 23.5 0 1.6 13.6 18.3 153 102 20.4 9.9
"58" "58" 1988-03-11 22.39 "CLE" "" "SAS" "W" 10 1 20 0.5 0.5 13.7 19.5 16.7 33.6 0 0 25 34.2 98 119 5.1 -9.1
"59" "59" 1988-03-12 22.4 "CLE" "@" "DET" "L" -4 1 46 0.588 0.5 2.8 22 12.5 33 2.1 1.3 19.7 25.5 107 101 21.8 7.6
"60" "60" 1988-03-14 22.4 "CLE" "@" "NYK" "L" -2 1 27 0.698 0.714 9.9 16.5 13.8 17.1 0 2.1 20.2 16.2 119 109 9.4 1.3
"61" "61" 1988-03-15 22.41 "CLE" "@" "CHI" "L" -19 1 39 0.387 0.333 0 17.6 7.4 24.7 2.6 0 14.2 24.4 77 112 8.2 -2.9
"62" "62" 1988-03-17 22.41 "CLE" "" "DET" "L" -3 1 43 0.733 0.692 12.8 10.9 11.8 18.6 0 1.4 12.3 16.9 142 117 20.9 8.2
"63" "63" 1988-03-19 22.42 "CLE" "@" "MIL" "L" -1 1 42 0.561 0.385 8.6 21.1 14.7 11.3 0 1.4 0 19.4 137 106 19.9 4.8
"64" "64" 1988-03-23 22.43 "CLE" "" "NJN" "W" 9 1 33 0.46 0.4 5 13.5 10.5 7.6 0 1.7 15.5 18.2 91 105 5.7 -6.8
"65" "65" 1988-03-25 22.43 "CLE" "" "CHI" "L" -1 1 45 0.58 0.467 4.9 10.5 7.6 3.7 1.1 1.3 9.5 20.5 114 111 15.7 0.2
"66" "66" 1988-03-26 22.44 "CLE" "@" "ATL" "L" -7 1 36 0.757 0.769 3.5 17.5 10.5 28.2 0 1.7 23.2 27.2 113 114 19.3 6
"67" "67" 1988-03-29 22.44 "CLE" "" "NYK" "W" 5 1 33 0.552 0.467 8.3 17.7 13.4 28.3 0 0 14.9 28.9 109 113 13.8 -1.3
"68" "68" 1988-03-30 22.45 "CLE" "@" "WSB" "W" 11 1 43 0.692 0.692 6.4 31.2 20 16.9 1.2 0 35 20.4 93 98 13.8 -1.3
"69" "69" 1988-04-02 22.45 "CLE" "" "IND" "W" 14 1 37 0.535 0.5 4.2 34.8 21.6 8.2 2.6 1.6 14.5 23.7 101 92 14.1 -0.4
"70" "70" 1988-04-05 22.46 "CLE" "@" "IND" "L" -1 1 39 0.551 0.533 0 23.3 10.9 0 0 0 15.5 21.9 92 111 8.2 -6.5
"71" "71" 1988-04-06 22.47 "CLE" "" "WSB" "W" 11 1 41 0.48 0.385 3.4 10.9 7.6 10.9 0 0 11.3 19.6 103 99 8.7 -3
"72" "72" 1988-04-08 22.47 "CLE" "" "MIL" "W" 19 1 36 0.584 0.5 10.5 15.5 13.2 12.6 0 0 9.6 24.5 121 94 17.5 4.4
"73" "73" 1988-04-10 22.48 "CLE" "@" "NJN" "W" 14 1 36 0.833 0.833 0 23.2 16.2 10.9 0 0 14.3 18.1 140 113 17.7 3.2
"74" "74" 1988-04-12 22.48 "CLE" "" "ATL" "W" 13 1 33 0.547 0.545 0 23.1 13.2 8.5 0 0 7.8 17.2 113 112 9.4 -3.2
"75" "75" 1988-04-13 22.48 "CLE" "@" "DET" "L" -17 1 35 0.535 0.364 3.2 14.4 8.5 4.4 0 1.7 21.1 23.1 96 119 8 -4.7
"76" "76" 1988-04-15 22.49 "CLE" "" "BOS" "W" 11 1 44 0.735 0.682 9.9 18.7 14.4 8.2 2.2 0 14.3 35.5 130 110 34.5 6.4
"77" "77" 1988-04-18 22.5 "CLE" "" "IND" "W" 5 1 45 0.521 0.417 8 17 12.7 9 0 4.1 10.4 19.5 115 119 14.8 -2.6
"78" "78" 1988-04-22 22.51 "CLE" "@" "CHI" "W" 4 1 40 0.539 0.467 8 16.5 12.5 17.9 0 0 14.5 24 106 110 14.4 -1.8
"79" "79" 1988-04-23 22.51 "CLE" "" "PHI" "W" 5 1 42 0.597 0.5 5.3 30.1 16.9 13 1.3 0 11.7 18.4 123 108 17.4 2.4
"1" "1" 1988-11-04 23.04 "CLE" "@" "CHH" "W" 40 1 29 0.605 0.538 0 28.2 15.6 15.6 3 1.9 26.6 29.4 97 81 13.6 0.8
"2" "2" 1988-11-05 23.05 "CLE" "@" "IND" "W" 6 1 40 0.64 0.588 5.5 16.7 11 9.2 0 0 21 25 104 105 13.7 -1.6
"3" "3" 1988-11-09 23.06 "CLE" "" "LAC" "W" 17 1 29 0.404 0.308 6.9 17.2 12.1 14.4 3.3 1.8 15.7 25.6 88 87 8.2 -2.7
"4" "4" 1988-11-12 23.07 "CLE" "" "IND" "W" 25 1 26 0.703 0.615 13.8 11.8 12.7 20.4 1.8 0 6 24.5 152 100 21.5 12.8
"5" "5" 1988-11-15 23.07 "CLE" "" "ATL" "L" -2 1 39 0.586 0.588 0 10.3 4.7 10 1.2 0 21 24.9 88 104 10 -3.2
"6" "6" 1988-11-18 23.08 "CLE" "@" "NJN" "W" 1 1 33 0.635 0.571 0 18.2 10 8.5 0 3.9 27.6 15.2 97 103 7.6 -0.4
"7" "7" 1988-11-19 23.08 "CLE" "" "MIL" "W" 7 1 43 0.859 0.818 15.9 21.4 18.8 8 0 0 21.7 23.1 140 108 28.6 8.6
"8" "8" 1988-11-22 23.09 "CLE" "@" "BOS" "W" 12 1 31 0.81 0.778 0 26.4 15.5 20.5 1.7 0 16.8 18.6 134 107 14 4.8
"9" "9" 1988-11-23 23.1 "CLE" "@" "PHI" "L" -13 1 41 0.267 0.235 0 18.5 8.5 13.6 2.5 0 5.1 21.3 67 108 3.3 -6.5
"10" "10" 1988-11-26 23.1 "CLE" "@" "NYK" "L" -15 1 42 0.804 0.778 3.2 13.6 8.8 12.7 1.1 0 11.8 24.6 142 123 29.3 7.1
"11" "11" 1988-11-27 23.11 "CLE" "" "MIA" "W" 29 1 35 0.609 0.5 7.8 31.6 20.4 20.7 0 1.9 0 18.9 146 88 18.7 7.2
"12" "12" 1988-12-01 23.12 "CLE" "@" "MIL" "W" 3 1 40 0.676 0.545 5.5 28.6 16.7 23.3 1.2 1.6 19.7 20.7 120 97 21.1 9.4
"13" "13" 1988-12-02 23.12 "CLE" "" "BOS" "W" 28 1 30 0.546 0.5 3.4 40 24.5 29.2 0 0 6.4 22.4 119 72 17.8 7.3
"14" "14" 1988-12-04 23.13 "CLE" "" "DEN" "W" 19 1 38 0.495 0.444 6 34.9 21.3 28.5 0 2.7 16.5 26 107 97 17.2 2.1
"15" "15" 1988-12-06 23.13 "CLE" "@" "HOU" "L" -1 1 37 0.393 0.364 5.6 18.5 11.8 3.9 0 0 8 27.6 83 110 7.3 -8.4
"16" "16" 1988-12-08 23.14 "CLE" "@" "SAS" "W" 9 1 42 0.726 0.545 14.7 13.9 14.3 11.8 1.2 1.4 27.5 23 122 101 19 4.7
"17" "17" 1988-12-10 23.14 "CLE" "@" "DAL" "W" 4 1 36 0.504 0.467 5.7 23.3 13.8 29.5 1.5 0 27.4 26 91 107 10.1 -0.2
"18" "18" 1988-12-13 23.15 "CLE" "" "LAL" "L" -9 1 43 0.543 0.5 7 26.3 15 13.4 0 0 23.7 15.8 97 115 10.1 -2
"19" "19" 1988-12-15 23.16 "CLE" "" "DET" "W" 21 1 36 0.586 0.529 9.3 21.7 15.5 13.8 1.4 0 9.6 23.5 123 100 18.6 4
"20" "20" 1988-12-17 23.16 "CLE" "" "ATL" "W" 26 1 34 0.521 0.5 4 19.8 13.8 16.1 0 0 41 18.3 76 92 4.6 -5.9
"21" "21" 1988-12-20 23.17 "CLE" "" "UTA" "W" 16 1 38 0.465 0.25 12.1 21.1 15.8 11.9 0 0 11.7 26.3 112 104 13.8 -1.5
"22" "22" 1988-12-21 23.17 "CLE" "@" "BOS" "W" 1 1 39 0.698 0.714 5.1 16 12.6 11 0 1.3 11.3 21 128 121 17 0.8
"23" "23" 1988-12-23 23.18 "CLE" "" "SEA" "W" 12 1 47 0.765 0.8 5.9 17.5 12.2 24.8 1.1 0 25.4 14.8 126 109 19.8 7
"24" "24" 1988-12-27 23.19 "CLE" "@" "CHI" "W" 11 1 38 0.445 0.25 5.7 18.5 11.9 13.6 2.7 0 15.1 23.3 97 100 11.2 -1.3
"25" "25" 1988-12-28 23.19 "CLE" "" "CHH" "W" 24 1 30 0.451 0.3 4.3 26.7 16.2 10.6 1.6 0 17.2 23 97 97 8.1 -5.6
"26" "26" 1988-12-30 23.2 "CLE" "" "WSB" "W" 17 1 30 0.627 0.667 3.9 18.1 11.9 12.2 0 0 20 26.2 103 106 13 -2.8
"27" "27" 1989-01-03 23.21 "CLE" "" "IND" "W" 21 1 38 0.651 0.588 5.4 15.5 10.5 28.2 0 1.5 11.9 26.6 127 98 24.9 7.7
"28" "28" 1989-01-05 23.21 "CLE" "" "CHI" "W" 5 1 43 0.511 0.429 2.6 19.5 10.8 17.8 0 2.6 5.7 18.4 114 105 15.1 3
"29" "29" 1989-01-07 23.22 "CLE" "" "NYK" "W" 8 1 40 0.401 0.364 8.8 20.8 15.5 17 2.4 2.7 25.1 20.1 80 90 9 -2.2
"30" "30" 1989-01-09 23.22 "CLE" "@" "SEA" "L" -2 1 39 0.664 0.688 3.3 24.1 15.4 13.4 0 0 22.4 25.2 105 109 15.4 0.3
"31" "31" 1989-01-11 23.23 "CLE" "@" "PHO" "W" 3 1 42 0.567 0.533 2.9 20 11.6 22.9 2.2 1.4 18.5 21.6 107 116 19.7 3.9
"32" "32" 1989-01-13 23.24 "CLE" "@" "LAL" "L" -21 1 28 0.45 0.417 5.6 35.3 16.2 12.1 3.3 2.3 13.1 21.3 89 106 10.4 2.8
"33" "33" 1989-01-14 23.24 "CLE" "@" "DEN" "W" 12 1 38 0.581 0.5 7.4 21.7 16.8 6.9 0 1.2 12 18.8 116 99 13.8 0.8
"34" "34" 1989-01-16 23.24 "CLE" "" "PHO" "W" 16 1 41 0.662 0.6 9.2 19.1 14.5 14.8 1.1 2.8 8.6 23.4 136 109 27.6 6.2
"35" "35" 1989-01-19 23.25 "CLE" "@" "IND" "W" 7 1 38 0.648 0.571 3.2 14.7 9.1 14.9 1.3 0 13.5 25.2 123 112 19.4 2.6
"36" "36" 1989-01-21 23.26 "CLE" "" "NJN" "W" 12 1 38 0.61 0.583 10 15.2 12.9 20.4 1.2 2.7 19.6 21.8 113 101 19.3 4.7
"37" "37" 1989-01-23 23.26 "CLE" "" "GSW" "W" 33 1 28 0.555 0.5 7 23.6 16 17.7 1.5 0 18.2 20.5 112 97 13.7 1.6
"38" "38" 1989-01-24 23.27 "CLE" "@" "ATL" "L" -16 1 39 0.711 0.692 6.8 20.5 14.2 4.3 1.3 2.6 35.1 27 91 126 12.1 -4
"39" "39" 1989-01-27 23.27 "CLE" "@" "DET" "W" 1 1 22 0.875 0.875 6.2 24.7 17.4 52.2 2.5 0 11.1 20.8 151 80 15.7 23.2
"40" "40" 1989-01-31 23.28 "CLE" "" "PHI" "W" 15 1 38 0.789 0.765 7 18.6 12.6 11.3 0 0 13.3 25.5 138 109 25.5 5.7
"41" "41" 1989-02-02 23.29 "CLE" "@" "NYK" "L" -16 1 27 0.468 0.5 3.7 35.6 17.1 9.1 0 0 7.8 17.5 95 116 7.2 -3.8
"42" "42" 1989-02-03 23.29 "CLE" "" "SAC" "W" 16 1 42 0.561 0.529 12.4 21.1 16.3 7 1.2 0 4.5 22.5 123 98 19.9 3
"43" "43" 1989-02-05 23.3 "CLE" "@" "CHH" "W" 19 1 33 0.673 0.643 6.5 24.8 15.2 28.2 0 0 14.9 25.6 125 94 20.3 10.1
"44" "44" 1989-02-07 23.3 "CLE" "@" "MIL" "L" -9 1 38 0.67 0.65 5.7 8.2 7 13.7 1.3 0 12.6 26.2 122 123 21.6 6.2
"45" "45" 1989-02-09 23.31 "CLE" "" "IND" "W" 9 1 43 0.445 0.25 8.6 24.5 16.7 19.9 2.3 1.4 5.6 17.9 113 97 16.5 4.3
"46" "46" 1989-02-14 23.32 "CLE" "@" "MIA" "W" 11 1 39 0.454 0.385 9.5 10.9 10.3 3.4 2.5 0 15.4 21.4 90 101 8.9 -6.7
"47" "47" 1989-02-15 23.33 "CLE" "" "NYK" "W" 22 1 34 0.546 0.583 10.6 24.8 18.9 6.7 1.3 1.5 12 19.5 109 98 14.2 -0.7
"48" "48" 1989-02-17 23.33 "CLE" "@" "ATL" "L" -8 1 40 0.515 0.444 6 27.5 17.7 4.1 0 0 14.7 14.9 105 113 8.3 -3.8
"49" "49" 1989-02-18 23.33 "CLE" "" "PHI" "W" 18 1 30 0.685 0.643 8 10 9.1 16.2 0 1.9 14.6 28.9 124 106 18.3 2.9
"50" "50" 1989-02-20 23.34 "CLE" "" "HOU" "W" 20 1 35 0.549 0.417 3.6 19.6 12.6 12.8 0 0 23.4 25.8 93 93 9.5 -5.7
"51" "51" 1989-02-22 23.35 "CLE" "" "NJN" "W" 19 1 31 0.576 0.538 8.6 30.3 20.8 17.5 1.5 0 6.7 20.5 123 106 16.5 0.5
"52" "52" 1989-02-24 23.35 "CLE" "" "POR" "W" 37 1 35 0.79 0.786 8.3 2.6 4.8 6.9 1.3 0 10.5 21.8 147 98 22.1 6.2
"53" "53" 1989-02-28 23.36 "CLE" "" "DET" "W" 16 1 44 0.575 0.423 8.8 21.8 16.3 6.3 0 0 18.7 21.7 108 102 14.6 -1.2
"54" "54" 1989-03-02 23.37 "CLE" "" "SAS" "W" 28 1 29 0.775 0.75 19.2 23.6 21.6 20.6 5.1 2 17.4 24.3 137 77 25.1 17
"55" "55" 1989-03-03 23.37 "CLE" "@" "DET" "L" -6 1 35 0.451 0.4 3.6 28.1 16 18.6 0 0 29.1 21.7 77 104 3.7 -5.2
"56" "56" 1989-03-05 23.38 "CLE" "" "MIL" "L" -5 1 34 0.856 0.786 19.6 8.3 14.1 18 0 0 14.6 26.9 152 120 27.4 14
"57" "57" 1989-03-09 23.39 "CLE" "@" "GSW" "L" -6 1 35 0.579 0.5 21.8 10.5 15.7 0 0 2.8 18.8 22.7 110 116 14.7 -2.2
"58" "58" 1989-03-10 23.39 "CLE" "@" "LAC" "L" -2 1 36 0.474 0.385 7.4 29.6 18.5 21.3 1.3 1.5 16.9 21.1 95 104 12.1 -1.2
"59" "59" 1989-03-12 23.39 "CLE" "@" "POR" "W" 13 1 37 0.686 0.667 3.8 9.6 7.4 14.4 0 0 5.6 20.9 144 117 19 5.1
"60" "60" 1989-03-13 23.4 "CLE" "@" "UTA" "L" -15 1 29 0.414 0.4 3.8 23.2 14.1 21.2 0 0 15.5 20 83 104 5.7 -0.6
"61" "61" 1989-03-15 23.4 "CLE" "" "CHI" "W" 24 1 34 0.604 0.556 9.1 25.4 19.2 14.1 1.5 0 21.8 17.7 110 95 12.8 0.9
"62" "62" 1989-03-19 23.41 "CLE" "@" "NJN" "W" 10 1 36 0.694 0.7 2.8 19 10.4 16.8 0 0 12.2 20.1 127 97 15.5 3.5
"63" "63" 1989-03-20 23.42 "CLE" "" "WSB" "W" 6 1 27 0.558 0.444 9.1 18.7 13.9 5.8 1.8 0 20.5 24.9 97 103 8.4 -4.4
"64" "64" 1989-03-22 23.42 "CLE" "@" "PHI" "L" -3 1 39 0.539 0.5 14.5 23.1 19.5 21.7 1.4 4.2 16 23.9 110 107 18.3 4.4
"65" "65" 1989-03-23 23.42 "CLE" "" "MIL" "W" 14 1 34 0.575 0.462 7.2 13.8 10.6 14.8 3.3 2.3 0 24.7 134 100 19.1 8
"66" "66" 1989-03-25 23.43 "CLE" "@" "MIL" "L" -8 1 48 0.578 0.545 10 20.9 15 12.9 0 0 10.4 28.1 113 118 21.4 2.8
"67" "67" 1989-03-27 23.44 "CLE" "@" "IND" "L" -2 1 35 0.634 0.444 10.5 8.1 9.1 15 2.9 0 27.2 24.1 106 111 12.4 0
"68" "68" 1989-03-28 23.44 "CLE" "" "DAL" "W" 12 1 43 0.439 0.333 6 31.5 20.2 8.4 2.3 0 7.4 13.9 101 88 12.3 0.6
"69" "69" 1989-03-31 23.45 "CLE" "@" "CHI" "W" 9 1 40 0.553 0.467 0 30 16 12.2 2.5 1.5 10 23.2 108 102 17.3 3
"70" "70" 1989-04-02 23.45 "CLE" "" "BOS" "W" 17 1 29 0.922 0.917 0 12.5 8.2 0 1.7 0 12 26.7 151 103 21.6 6.3
"71" "71" 1989-04-04 23.46 "CLE" "" "ATL" "W" 14 1 40 0.559 0.538 13.3 31.3 22.4 14.3 1.3 0 11.6 18.6 115 92 17.6 2.6
"72" "72" 1989-04-07 23.47 "CLE" "@" "WSB" "L" -11 1 41 0.597 0.526 9.6 22.1 15 13.9 0 1.4 14.1 26.1 117 111 22.2 6
"73" "73" 1989-04-09 23.47 "CLE" "" "CHH" "W" 6 1 40 0.564 0.563 12.3 30.7 22 17 2.5 0 4.9 22.3 125 115 21.5 2.5
"74" "74" 1989-04-11 23.48 "CLE" "" "PHI" "W" 2 1 42 0.751 0.833 3.4 28.6 17.6 20 0 1.4 40.6 14.2 92 97 10.7 0.7
"75" "75" 1989-04-12 23.48 "CLE" "@" "DET" "L" -12 1 28 0.388 0.333 4.3 17.1 10.7 5.9 0 0 7.2 23.6 90 126 4 -8.8
"76" "76" 1989-04-14 23.48 "CLE" "@" "BOS" "L" -9 1 39 0.486 0.333 2.9 25.8 14.5 14.5 2.5 0 9.7 23.1 101 110 14.9 1.1
"77" "77" 1989-04-16 23.49 "CLE" "" "CHI" "W" 19 1 31 0.735 0.75 7.6 18.6 13.6 26.8 1.6 1.9 0 14.3 159 92 19.3 12.8
"78" "78" 1989-04-18 23.5 "CLE" "" "DET" "L" -16 1 31 0.468 0.462 7.2 30.2 18.4 12 3.3 2 26.5 27 75 117 8 -5.3
"1" "1" 1990-01-30 24.28 "CLE" "@" "MIA" "W" 12 0 15 0.444 0.429 0 7.4 3.8 0 0 4 20.2 27.7 73 102 0.7 -14.7
"2" "2" 1990-02-03 24.29 "CLE" "" "DET" "L" -5 1 37 0.349 0.313 17.1 11.8 14.2 27.1 1.5 1.5 9.7 25.4 96 118 11.1 -0.5
"3" "3" 1990-02-05 24.3 "CLE" "" "LAC" "W" 16 1 32 0.476 0.333 9.6 18.2 13.1 13.8 3.2 0 12 21.7 105 91 11.9 -1.5
"4" "4" 1990-02-06 24.3 "CLE" "@" "DET" "L" -9 1 26 0.398 0.4 4 18 10.6 18.7 4.1 0 0 20 98 109 8.4 4.3
"5" "5" 1990-02-08 24.31 "CLE" "" "MIA" "W" 24 1 35 0.502 0.375 14.1 19.6 16.9 3.7 0 0 25.1 19.1 92 89 7.3 -6.2
"6" "6" 1990-02-14 24.32 "CLE" "" "IND" "L" -2 1 39 0.481 0.4 9.1 13.6 11.2 10.3 1.3 0 12.9 16.9 111 128 9.2 -6.4
"7" "7" 1990-02-16 24.33 "CLE" "" "ATL" "W" 8 1 43 0.68 0.667 9.6 27.3 19.5 10.2 1.3 0 6.1 18.3 144 116 21.2 3.4
"8" "8" 1990-02-17 24.33 "CLE" "@" "NYK" "L" -11 1 43 0.563 0.5 5.2 14.3 9.6 25.3 0 0 13.9 23.1 115 118 15 0.9
"9" "9" 1990-02-19 24.34 "CLE" "" "DAL" "L" -9 1 37 0.604 0.545 0 39.2 20.3 9.9 2.8 0 22.1 23.3 92 97 13.8 1.4
"10" "10" 1990-02-21 24.34 "CLE" "" "POR" "W" 12 1 25 0.466 0.417 0 15.7 9.1 9.5 0 2.3 13.4 25.9 89 112 6.5 -8.6
"11" "11" 1990-02-23 24.35 "CLE" "" "ORL" "W" 27 1 31 0.615 0.571 6.7 19.4 13.7 23 4.4 4.9 5.5 22.7 131 81 23.9 11.9
"12" "12" 1990-02-25 24.35 "CLE" "" "CHH" "W" 16 1 33 0.498 0.357 3.2 24.7 14.7 9.2 1.5 1.8 14.9 24.6 98 84 11.5 -1.3
"13" "13" 1990-02-27 24.36 "CLE" "@" "POR" "L" -13 1 37 0.512 0.5 11.3 26.7 17.8 14.6 1.3 1.5 13.3 24 104 115 14.9 1.6
"14" "14" 1990-03-01 24.36 "CLE" "@" "DEN" "L" -6 1 35 0.654 0.545 3.5 25.3 14.2 26.1 0 0 21.6 22.4 120 128 16.2 0.9
"15" "15" 1990-03-02 24.37 "CLE" "@" "LAL" "L" -31 1 29 0.432 0.385 7 14.2 10.1 11.5 0 2.2 22.4 26.5 77 130 4.1 -11.5
"16" "16" 1990-03-04 24.37 "CLE" "@" "PHO" "L" -12 1 34 0.538 0.5 9 17.2 12.8 10.6 0 0 17 29.5 96 111 12 -2.7
"17" "17" 1990-03-06 24.38 "CLE" "@" "SEA" "L" -5 1 38 0.405 0.333 6.5 17.4 13 9.7 0 1.4 22.4 26.6 73 101 4.1 -8.7
"18" "18" 1990-03-08 24.38 "CLE" "@" "GSW" "L" -40 1 30 0.448 0.273 3.2 16 8.9 10.3 1.5 0 17.1 21.6 90 130 5.8 -8
"19" "19" 1990-03-11 24.39 "CLE" "@" "MIL" "W" 11 1 36 0.552 0.455 6.3 21.8 14.7 14.1 0 1.6 6.1 20.5 121 101 14.9 3.4
"20" "20" 1990-03-13 24.4 "CLE" "" "PHI" "W" 17 1 41 0.547 0.538 3.4 19.1 12.2 9.5 0 0 14.1 25.1 103 116 12 -7.6
"21" "21" 1990-03-15 24.4 "CLE" "" "LAL" "W" 16 1 37 0.419 0.385 6.7 22.1 14.6 11.6 0 0 0 17.5 107 107 9.7 -2.4
"22" "22" 1990-03-17 24.41 "CLE" "" "IND" "W" 16 1 34 0.674 0.5 6.7 22 14.6 12.9 0 1.7 16.8 23.1 129 106 17.1 3.6
"23" "23" 1990-03-18 24.41 "CLE" "@" "ORL" "W" 17 1 35 0.674 0.667 3.4 20 12.5 26.9 1.4 0 15.7 32.1 122 106 23.6 7.2
"24" "24" 1990-03-21 24.42 "CLE" "@" "BOS" "L" -9 1 32 0.479 0.438 0 14.3 6.8 4.5 0 0 5.3 25.8 96 129 8.7 -7
"25" "25" 1990-03-23 24.42 "CLE" "@" "CHI" "L" -7 1 29 0.676 0.625 0 27.6 14.7 11.1 0 2.1 10.1 16.5 128 112 10.4 2.6
"26" "26" 1990-03-24 24.43 "CLE" "" "NJN" "W" 7 1 30 0.452 0.25 14.2 27.8 21.1 16.1 0 0 34.5 27.8 81 113 5.4 -11.2
"27" "27" 1990-03-26 24.43 "CLE" "" "SAC" "W" 21 1 40 0.655 0.6 0 13 7.5 17 0 1.5 13.1 27.6 120 110 18.6 0.1
"28" "28" 1990-03-28 24.44 "CLE" "" "CHI" "L" -4 1 45 0.399 0.222 5.7 19.2 12.6 7.4 2.2 2.9 19.3 15.2 83 109 8.2 -2.9
"29" "29" 1990-03-30 24.44 "CLE" "@" "MIA" "W" 1 1 34 0.379 0.273 8.3 47.1 28.2 7.7 2.7 0 32.5 27.5 62 96 3.9 -11.3
"30" "30" 1990-04-01 24.45 "CLE" "" "IND" "W" 30 1 30 0.644 0.545 3.6 30.6 17.4 4.3 0 0 13.2 20.8 124 96 12.2 -2.4
"31" "31" 1990-04-03 24.45 "CLE" "@" "NYK" "L" -9 1 33 0.563 0.5 3.5 20.8 12.1 11.7 0 0 25.3 15.3 94 109 6.8 -3.1
"32" "32" 1990-04-04 24.46 "CLE" "" "ATL" "W" 6 1 43 0.688 0.706 14.7 18.6 16.9 12.6 0 2.7 5.4 20.4 137 108 23.7 7.9
"33" "33" 1990-04-06 24.46 "CLE" "" "BOS" "L" -5 1 45 0.596 0.474 4.5 34.7 19 15.6 2.2 0 0 24.6 131 107 27.9 6.9
"34" "34" 1990-04-08 24.47 "CLE" "" "DET" "W" 3 1 35 0.628 0.643 0 34.3 19.1 0 3 0 14.6 28.1 101 98 14.5 -0.4
"35" "35" 1990-04-11 24.48 "CLE" "@" "CHI" "L" -21 1 35 0.485 0.429 7.2 20.8 13.5 12 0 0 5.4 24.8 103 121 10.9 -4.1
"36" "36" 1990-04-12 24.48 "CLE" "@" "WSB" "W" 2 1 39 0.567 0.533 7.9 24 15.4 18.6 2.5 0 9.3 23.8 117 100 19.9 4.1
"37" "37" 1990-04-14 24.48 "CLE" "" "MIA" "W" 8 1 38 0.604 0.455 10 30.2 21.1 25.6 0 1.6 17.6 20.1 116 84 16.7 4.9
"38" "38" 1990-04-17 24.49 "CLE" "@" "MIL" "W" 8 1 39 0.529 0.462 5.4 17.2 11.5 20.8 1.3 0 15.7 21.4 105 95 13.7 2.3
"39" "39" 1990-04-18 24.5 "CLE" "@" "NJN" "W" 7 1 35 0.685 0.571 3.4 36.6 21 11.9 0 3.4 25.5 15.5 112 88 12.3 2
"40" "40" 1990-04-20 24.5 "CLE" "@" "ORL" "W" 14 1 38 0.427 0.333 6.5 32.3 20.6 19 2.5 1.6 19.6 22 91 94 12.3 -1.5
"41" "41" 1990-04-22 24.51 "CLE" "" "NYK" "W" 16 1 36 0.756 0.733 5.7 30.5 16.3 11 0 0 14.9 23 133 107 21.2 4.3
"1" "1" 1990-11-02 25.04 "CLE" "@" "BOS" "L" -24 1 30 0.385 0.313 8.9 33.1 17.3 17.1 0 0 9.9 26.2 87 123 7.2 -5.6
"2" "2" 1990-11-03 25.04 "CLE" "@" "DET" "L" -9 1 41 0.595 0.52 0 15 6.9 4.9 0 0 3.3 33.2 117 113 23.1 6.3
"3" "3" 1990-11-06 25.05 "CLE" "@" "ORL" "W" 7 1 36 0.481 0.429 3.9 24.9 17.2 30.1 1.3 3.1 0 19.2 114 85 17.9 7.6
"4" "4" 1990-11-07 25.05 "CLE" "" "CHH" "W" 11 1 31 0.693 0.667 0 34.8 18.3 10.4 3.2 0 16.5 25.6 118 88 17.4 6.4
"5" "5" 1990-11-09 25.06 "CLE" "@" "IND" "L" -15 1 35 0.363 0.333 3.3 20.8 11.1 3.4 2.8 0 22.5 22.3 65 124 1.7 -13.5
"6" "6" 1990-11-10 25.06 "CLE" "" "PHI" "W" 16 1 36 0.671 0.615 9.5 14.5 12.1 9.4 1.5 0 6 21.3 137 99 18.9 5.7
"7" "7" 1990-11-13 25.07 "CLE" "@" "ATL" "W" 17 1 40 0.595 0.6 5.5 23 14.5 15.3 0 0 5.4 18.3 131 103 17.9 3.2
"8" "8" 1990-11-14 25.07 "CLE" "" "IND" "W" 18 1 29 0.615 0.7 9.2 10.6 10 0 0 2 14.1 22.1 103 104 9 -4.9
"9" "9" 1990-11-16 25.08 "CLE" "" "MIL" "W" 5 1 40 0.56 0.333 11.6 28.5 22.7 14.8 2.5 1.2 13 17.9 119 89 18.1 4.4
"10" "10" 1990-11-17 25.08 "CLE" "@" "CHH" "L" -12 1 40 0.601 0.571 3.2 29.3 17.3 9.1 1.2 1.5 15.3 20.8 103 108 15.1 -0.2
"11" "11" 1990-11-21 25.09 "CLE" "" "MIA" "W" 14 1 24 0.605 0.375 5.7 20 13.3 14.3 4.1 2.3 0 22.6 148 105 15.3 4.5
"12" "12" 1990-11-23 25.1 "CLE" "@" "PHI" "L" -6 1 41 0.481 0.429 10.6 27 18.3 3.4 2.6 1.5 15.3 21.5 98 116 12.9 -4.1
"13" "13" 1990-11-24 25.1 "CLE" "" "BOS" "L" -11 1 45 0.605 0.565 7.3 23.7 14.7 13.3 0 0 0 25.2 129 118 25.8 5
"14" "14" 1990-11-27 25.11 "CLE" "@" "NYK" "W" 5 1 37 0.712 0.667 4.1 19.1 11.8 12.2 1.5 0 20.9 30.5 116 115 17.6 0.7
"15" "15" 1990-11-28 25.11 "CLE" "" "GSW" "L" -2 1 33 0.822 0.813 14.5 24.2 19.1 24.2 0 0 12.4 30.7 145 115 31 15.6
"16" "16" 1990-11-30 25.12 "CLE" "@" "ATL" "W" 8 1 40 0.697 0.667 2.8 28.8 16.8 19.5 1.2 0 15.7 27.7 119 92 24.7 8.9
"17" "17" 1990-12-01 25.12 "CLE" "" "CHI" "L" -35 1 35 0.501 0.333 7.6 30 15.9 10 0 0 11.1 20.8 110 130 11.2 -3.8
"18" "18" 1990-12-04 25.13 "CLE" "" "DEN" "W" 4 1 42 0.662 0.579 5.1 30.3 18.2 19.4 0 0 7.9 23.3 131 106 28.4 4.8
"19" "19" 1990-12-05 25.13 "CLE" "@" "MIL" "L" -4 1 43 0.611 0.611 0 20.1 10.3 8.1 2.4 0 18.2 22.4 96 106 13.3 -2.3
"20" "20" 1990-12-08 25.14 "CLE" "@" "IND" "L" -15 1 39 0.439 0.357 3.2 39.6 18.4 17.7 0 1.8 10.5 22.3 92 121 10.9 -3.2
"21" "21" 1990-12-12 25.15 "CLE" "" "LAC" "L" -10 1 42 0.658 0.5 7.8 31.7 18.6 4.4 0 1.4 23.9 23 109 111 16.1 0.3
"22" "22" 1990-12-14 25.15 "CLE" "" "SAS" "L" -10 1 47 0.612 0.571 0 25.3 12.5 28.2 2.2 0 5.3 18.4 123 105 22.1 5.4
"23" "23" 1990-12-15 25.16 "CLE" "@" "CHI" "L" -18 1 38 0.405 0.333 5.6 14 9.4 3.9 0 0 9.7 22 88 123 6.2 -9.4
"24" "24" 1990-12-17 25.16 "CLE" "" "ATL" "L" -11 1 42 0.622 0.565 18.2 33.1 25.1 0 0 0 0 29.3 139 121 29.5 6.5
"25" "25" 1990-12-19 25.17 "CLE" "" "LAL" "W" 10 1 42 0.589 0.5 7.6 33.4 19.9 27.6 1.4 3.6 9.3 25.1 121 83 24.9 15
"26" "26" 1990-12-21 25.17 "CLE" "@" "NJN" "L" -8 1 40 0.417 0.3 5.9 19.5 12.3 11.7 1.3 3 22.6 32.2 83 116 7.1 -9.2
"27" "27" 1990-12-22 25.18 "CLE" "" "WSB" "L" -20 1 41 0.563 0.563 7.5 32.5 18.3 17.7 1.3 1.3 0 18.9 130 116 20.4 5.3
"28" "28" 1990-12-26 25.19 "CLE" "" "SEA" "L" -2 1 40 0.621 0.6 12.3 28 19.1 13.7 1.3 0 17.8 25.1 109 107 17.3 0.2
"29" "29" 1990-12-29 25.19 "CLE" "" "POR" "L" -6 1 42 0.576 0.5 10.4 20.3 16.1 19.7 2.3 1.3 9.1 22.5 120 115 22.8 4.6
"30" "30" 1991-01-02 25.21 "CLE" "" "PHO" "L" -22 1 40 0.325 0.222 4.9 16.4 10.3 9.5 2.5 1.3 8.5 26.5 72 108 7.1 -6.3
"31" "31" 1991-01-04 25.21 "CLE" "" "DET" "L" -4 1 40 0.574 0.462 2.9 13 7.6 16.1 2.8 0 9.9 24.4 115 112 17 3.8
"32" "32" 1991-01-05 25.21 "CLE" "@" "CHI" "L" -16 1 38 0.507 0.438 3.8 28.7 18 20.9 1.4 1.5 14.5 24.3 102 110 14.7 3
"33" "33" 1991-01-08 25.22 "CLE" "@" "UTA" "L" -22 1 37 0.363 0.231 5.3 21.6 12.2 8.6 2.7 0 10.8 20.8 83 112 7.5 -2.9
"34" "34" 1991-01-09 25.22 "CLE" "@" "PHO" "L" -8 1 38 0.608 0.6 12.9 25.8 19 21.9 0 0 15.3 27.8 116 116 21.5 6.4
"35" "35" 1991-01-11 25.23 "CLE" "@" "LAL" "L" -12 1 43 0.571 0.5 5.7 27.9 17 14.3 3.6 1.5 14.6 21.6 109 105 18.9 5.5
"36" "36" 1991-01-12 25.23 "CLE" "@" "DEN" "L" -8 1 40 0.72 0.636 11.2 15 13.2 14.3 0 1.3 7 29 146 126 32.4 8.2
"37" "37" 1991-01-16 25.24 "CLE" "" "MIA" "W" 14 1 35 0.632 0.538 14.9 28.7 21.6 19.9 5.7 3.7 10.3 22.5 134 87 28 12.8
"38" "38" 1991-01-18 25.25 "CLE" "" "UTA" "L" -7 1 49 0.419 0.368 8.8 20.3 14.5 9.4 0 1.4 11.2 24.3 91 107 11.2 -3.4
"39" "39" 1991-01-23 25.26 "CLE" "@" "DAL" "W" 14 1 41 0.636 0.538 5.7 26.6 16.5 13.6 1.3 1.5 10.8 20.7 126 90 20.1 6.4
"40" "40" 1991-01-24 25.27 "CLE" "@" "SAS" "L" -8 1 31 0.362 0.308 7.4 17.2 11.9 10.1 1.6 0 20.8 27.4 70 114 1.3 -12.3
"41" "41" 1991-01-26 25.27 "CLE" "@" "HOU" "L" -6 1 41 0.399 0.222 6.3 26.3 16.7 3.3 1.1 0 32.4 19.5 65 100 2.7 -10
"42" "42" 1991-01-29 25.28 "CLE" "" "CHH" "W" 19 1 35 0.69 0.643 14.8 12.7 13.6 18.7 5.6 4.2 5 24.3 148 97 31.1 13.8
"43" "43" 1991-01-30 25.28 "CLE" "@" "DET" "L" -9 1 46 0.656 0.643 2.4 29 14.3 11.8 2.4 1.5 10.2 19.7 125 100 20.9 9
"44" "44" 1991-02-02 25.29 "CLE" "" "MIN" "W" 3 1 46 0.801 0.765 7.2 34.3 21.7 15.4 0 0 12.1 27 140 113 30.8 5.9
"45" "45" 1991-02-04 25.3 "CLE" "" "MIL" "L" -7 1 43 0.601 0.524 2.8 31.9 18.8 12.5 0 1.3 10.7 28.7 114 105 23.6 3.6
"46" "46" 1991-02-05 25.3 "CLE" "@" "ATL" "L" -4 1 36 0.633 0.6 10.8 16.7 14.1 12.5 0 3.1 24 20 108 119 13.6 -0.6
"47" "47" 1991-02-07 25.3 "CLE" "" "HOU" "L" -4 1 39 0.815 0.714 7 31.6 20 21.2 1.4 0 39.5 18.1 106 104 15.3 2.9
"48" "48" 1991-02-12 25.32 "CLE" "@" "MIA" "W" 16 1 40 0.671 0.688 3.9 35.7 23.1 13.4 1.2 0 30 29 93 75 16.6 1.8
"49" "49" 1991-02-13 25.32 "CLE" "" "DAL" "W" 2 1 42 0.478 0.429 9.9 25.1 17.1 20.6 1.3 0 7.7 27.8 110 102 18.3 2.6
"50" "50" 1991-02-15 25.33 "CLE" "" "NYK" "W" 5 1 31 0.376 0.333 10.6 28.2 19.4 15.6 1.7 0 17 24.9 81 92 6 -5.4
"51" "51" 1991-02-17 25.33 "CLE" "@" "WSB" "L" -4 1 38 0.536 0.471 5.5 33.4 17.4 19.2 0 0 12.8 26.2 107 110 15.9 1.8
"52" "52" 1991-02-18 25.33 "CLE" "" "CHI" "L" -15 1 38 0.7 0.714 0 22.7 13 11.5 0 4.6 18.9 33.9 100 118 20.7 2.6
"53" "53" 1991-02-20 25.34 "CLE" "" "SAC" "W" 14 1 33 0.741 0.714 22.4 26.8 25 24.7 0 0 5.8 24.9 148 119 24.8 8.2
"54" "54" 1991-02-22 25.35 "CLE" "" "IND" "L" -8 1 38 0.467 0.438 5.4 34.4 17.4 10.5 1.2 0 24.8 25.8 76 105 6.7 -9.2
"55" "55" 1991-02-23 25.35 "CLE" "@" "MIL" "L" -15 1 37 0.681 0.688 3.9 35.7 21.3 4.7 0 2.9 10.6 21.9 120 113 18.7 2.4
"56" "56" 1991-02-26 25.36 "CLE" "" "DET" "W" 3 1 35 0.507 0.429 0 23.5 11.4 21.6 1.5 0 9.2 29.3 102 113 14.1 -1.9
"57" "57" 1991-03-01 25.36 "CLE" "@" "IND" "L" -3 1 40 0.571 0.5 15.7 30 22.7 10.1 2.5 1.5 13.5 22.2 121 116 22.3 2.3
"58" "58" 1991-03-05 25.38 "CLE" "@" "SEA" "W" 2 1 50 0.715 0.722 11.8 17.2 14.2 6.8 2.2 0 5 18.5 145 113 26.1 6.6
"59" "59" 1991-03-07 25.38 "CLE" "@" "GSW" "L" -30 1 37 0.508 0.476 7.2 18 11.5 13.6 1.2 0 4.1 25.6 109 120 16.7 1.7
"60" "60" 1991-03-08 25.38 "CLE" "@" "SAC" "L" -8 1 41 0.509 0.444 11.1 45.9 30.2 10.3 0 0 12.7 26.2 101 86 16.8 2.6
"61" "61" 1991-03-10 25.39 "CLE" "@" "LAC" "W" 5 1 44 0.693 0.647 9.4 24.5 18.2 8.4 1.2 0 21 25.9 111 96 20.1 2.1
"62" "62" 1991-03-11 25.39 "CLE" "@" "POR" "L" -8 1 38 0.552 0.375 10.1 15.4 12.5 23.9 2.6 1.6 15.6 29.6 110 105 20.1 5.9
"63" "63" 1991-03-14 25.4 "CLE" "" "MIL" "W" 2 1 41 0.621 0.533 6.2 28 18.1 26.8 1.3 1.5 17.8 24.1 119 105 21 4
"64" "64" 1991-03-16 25.41 "CLE" "" "CHI" "L" -4 1 43 0.635 0.643 0 33.8 16.9 15.4 1.3 0 20.2 21.3 104 112 14.6 1.1
"65" "65" 1991-03-20 25.42 "CLE" "@" "NYK" "L" -5 1 42 0.666 0.643 3.3 18.2 11.6 12.4 1.3 0 20.2 22.4 109 111 14.3 -0.7
"66" "66" 1991-03-22 25.42 "CLE" "@" "MIN" "L" -5 1 40 0.678 0.615 0 31.4 16.9 22.2 0 0 15 21.8 127 117 19.6 4
"67" "67" 1991-03-23 25.42 "CLE" "" "NJN" "W" 26 1 35 0.592 0.5 7 22.4 16 19.8 1.4 1.6 12 30.4 119 82 21.4 5.8
"68" "68" 1991-03-26 25.43 "CLE" "@" "MIA" "L" -6 1 36 0.56 0.444 4.5 26.7 13.5 8.7 0 1.8 21.9 19.4 101 106 10.8 -2.2
"69" "69" 1991-03-28 25.44 "CLE" "" "WSB" "W" 7 1 33 0.488 0.333 3.2 29.1 16.2 13.2 0 0 19.6 26.1 95 104 8.7 -7
"70" "70" 1991-04-07 25.47 "CLE" "@" "CHH" "W" 2 1 40 0.659 0.647 7.5 27.7 16.6 13.4 0 4.4 0 18.3 146 109 24.5 8.4
"71" "71" 1991-04-09 25.47 "CLE" "" "ATL" "L" -6 1 37 0.512 0.462 5.9 30.2 17.9 23.4 2.7 0 6 19.5 117 102 17.7 6
"72" "72" 1991-04-10 25.47 "CLE" "@" "DET" "W" 4 1 39 0.501 0.474 6 27 16.5 16.1 0 0 4.2 29.5 103 96 15.7 3.5
"73" "73" 1991-04-12 25.48 "CLE" "@" "NJN" "L" -1 1 36 0.534 0.385 15.2 26.7 20.6 4.4 1.4 1.7 27.2 30.6 91 106 11.4 -6.9
"74" "74" 1991-04-13 25.48 "CLE" "" "NJN" "W" 4 1 40 0.752 0.75 6 13.3 10.2 7.9 2.4 0 5.9 18.2 144 99 22.8 5
"75" "75" 1991-04-17 25.49 "CLE" "" "ORL" "W" 10 1 35 0.703 0.643 3.5 35.9 20.3 26 2.8 1.8 5.5 21.8 143 98 26.5 12.9
"76" "76" 1991-04-19 25.5 "CLE" "" "BOS" "W" 7 1 38 0.645 0.5 12.1 38 24.8 3.7 1.3 1.6 16.6 26.9 119 106 22.2 0.2
"1" "1" 1991-11-01 26.04 "CLE" "@" "POR" "L" -11 1 39 0.691 0.643 13.7 28 21.5 7.7 0 1.4 23.1 23.1 116 119 18.5 2.7
"2" "2" 1991-11-02 26.04 "CLE" "@" "LAC" "L" -1 1 36 0.635 0.643 5.9 22.2 14.3 13.8 4.2 3.1 16 22.6 113 99 18.7 8
"3" "3" 1991-11-05 26.05 "CLE" "@" "DAL" "W" 11 1 37 0.644 0.583 9.5 24.3 17.5 26 0 3.4 11.4 21.6 131 108 21.6 9.1
"4" "4" 1991-11-07 26.05 "CLE" "@" "HOU" "L" -19 1 36 0.472 0.417 5.9 26 15.5 29.3 1.5 0 12.7 20.3 100 112 12.8 2.9
"5" "5" 1991-11-08 26.05 "CLE" "@" "SAS" "L" -6 1 41 0.569 0.556 5.2 22 13.3 4.8 3.6 3 14.9 28.6 100 93 18.3 4.5
"6" "6" 1991-11-12 26.07 "CLE" "" "MIL" "W" 6 1 36 0.762 0.75 0 16.3 10.3 8.6 0 1.6 10.9 21.6 136 114 20.1 2.3
"7" "7" 1991-11-14 26.07 "CLE" "" "SEA" "W" 6 1 45 0.661 0.538 8.4 19.6 14 16.9 0 8.9 10.3 20 136 106 25 9.8
"8" "8" 1991-11-16 26.08 "CLE" "" "IND" "W" 10 1 42 0.712 0.733 5.4 13.7 9.9 30 1.2 6.4 9.5 21.5 142 120 30.2 13.1
"9" "9" 1991-11-20 26.09 "CLE" "@" "CHH" "L" -1 1 33 0.567 0.533 11.6 17.1 13.9 8.5 0 0 23.9 25.5 95 113 10.3 -4.6
"10" "10" 1991-11-21 26.09 "CLE" "" "NJN" "W" 4 1 37 0.659 0.571 19 31.6 24.9 13.6 1.3 3.1 13.2 25.4 133 111 25.4 7.3
"11" "11" 1991-11-23 26.1 "CLE" "" "DET" "W" 7 1 36 0.69 0.667 0 36.4 18.8 14.1 1.5 3.5 17.9 21.9 114 94 17.3 6.4
"12" "12" 1991-11-26 26.1 "CLE" "@" "PHI" "W" 4 1 37 0.703 0.533 5.1 15.8 9.9 5.3 1.4 1.8 4.3 27.9 142 98 26.4 9.8
"13" "13" 1991-11-27 26.11 "CLE" "" "PHI" "W" 10 1 36 0.681 0.667 9.1 16 12.8 22.9 0 1.5 8.1 30.4 130 109 26.1 7
"14" "14" 1991-11-29 26.11 "CLE" "" "ORL" "W" 11 1 44 0.616 0.6 17.4 17.8 17.6 18.2 1.1 1.3 14.5 25.5 119 107 24.4 2.2
"15" "15" 1991-12-04 26.13 "CLE" "@" "CHI" "L" -6 1 41 0.592 0.5 4.6 22.1 12 16.5 2.5 0 12 25.3 117 110 19.9 6.8
"16" "16" 1991-12-05 26.13 "CLE" "@" "DET" "W" 9 1 36 0.644 0.533 5.7 21.7 13.3 4.5 3.1 0 4.9 24.8 143 111 21.7 6.5
"17" "17" 1991-12-07 26.13 "CLE" "" "WSB" "W" 2 1 40 0.67 0.636 0 16.8 9.8 26.1 3.8 1.3 14.9 22.7 122 96 21.8 8.3
"18" "18" 1991-12-11 26.15 "CLE" "@" "MIA" "L" -2 1 29 0.387 0.25 3.1 22.4 13.2 22 0 3.3 6.1 22.3 103 105 10.3 2.3
"19" "19" 1991-12-12 26.15 "CLE" "" "ATL" "W" 27 1 32 0.598 0.455 20.3 28.8 25.3 24.7 0 0 5.6 22.8 143 101 22.3 8
"20" "20" 1991-12-14 26.15 "CLE" "" "DAL" "L" -2 1 38 0.619 0.467 15.8 28.4 21.5 21.7 2.8 3.2 0 23.7 148 101 28.5 12.7
"21" "21" 1991-12-17 26.16 "CLE" "" "MIA" "W" 68 1 24 0.604 0.545 0 24.6 14 12.8 0 0 6.6 24.2 132 79 13.7 2.8
"22" "22" 1991-12-18 26.16 "CLE" "@" "NJN" "L" -9 1 34 0.37 0.316 15.7 9.4 12.8 0 1.4 1.6 21.7 30.7 72 107 4.7 -9.9
"23" "23" 1991-12-20 26.17 "CLE" "@" "ATL" "W" 23 1 32 0.666 0.636 4.1 25.5 16.7 26.6 0 0 0 17.2 150 98 18.4 7.4
"24" "24" 1991-12-21 26.17 "CLE" "" "CHH" "W" 9 1 32 0.611 0.588 23.1 12.2 17.8 17.1 1.5 1.7 13.3 29.9 124 114 20.7 2.3
"25" "25" 1991-12-23 26.18 "CLE" "" "UTA" "W" 1 1 37 0.567 0.533 15.1 23.3 19 18.1 0 1.6 10.7 22.4 124 121 17.2 2.3
"26" "26" 1991-12-26 26.19 "CLE" "@" "MIL" "W" 17 1 34 0.743 0.667 3.4 22 13.1 11.9 0 9.2 35.8 20.7 100 93 12.9 3.2
"27" "27" 1991-12-27 26.19 "CLE" "" "SAS" "W" 6 1 38 0.854 0.75 6.8 10.3 8.8 11.2 0 1.5 14.2 24.2 155 112 26.3 11.8
"28" "28" 1991-12-30 26.2 "CLE" "" "HOU" "W" 32 1 27 0.846 0.75 0 23 14.3 4.5 0 0 0 17.2 176 91 17.6 5
"29" "29" 1992-01-02 26.21 "CLE" "@" "NYK" "W" 7 1 37 0.629 0.462 15.3 14.2 14.6 12.9 0 1.4 5.2 23.5 141 112 21.5 5.4
"30" "30" 1992-01-03 26.21 "CLE" "@" "BOS" "W" 11 1 37 0.601 0.571 12.6 31.7 23.9 10.9 0 0 5.7 22.7 122 105 18.3 1.1
"31" "31" 1992-01-07 26.22 "CLE" "@" "MIN" "W" 15 1 33 0.829 0.818 4.8 19.6 14.2 24.3 0 0 5.8 24.9 163 107 26.6 14.6
"32" "32" 1992-01-09 26.22 "CLE" "@" "WSB" "W" 7 1 37 0.803 0.8 16.2 23.6 20.1 12.3 0 1.8 27.7 22.1 122 98 18.5 5.4
"33" "33" 1992-01-11 26.23 "CLE" "" "PHI" "W" 6 1 39 0.629 0.462 13.7 33.8 23.2 27.6 0 0 5.2 22 149 113 25.7 11.6
"34" "34" 1992-01-14 26.24 "CLE" "" "POR" "L" -7 1 36 0.591 0.538 12.1 24.8 18.4 4.5 0 0 27.2 24.8 92 115 11 -6.5
"35" "35" 1992-01-16 26.24 "CLE" "" "CHI" "L" -15 1 40 0.559 0.444 3.2 33.8 18.9 11.5 0 1.5 7.4 16.7 116 111 13.9 2.9
"36" "36" 1992-01-18 26.25 "CLE" "" "NYK" "W" 2 1 40 0.751 0.722 7.3 14.6 11.4 18.2 0 1.4 0 24.6 155 118 28 12
"37" "37" 1992-02-02 26.29 "CLE" "" "MIN" "W" 11 1 33 0.949 0.9 10.9 25.9 18.8 9.1 1.6 3.3 13.7 19.6 164 98 26.5 14
"38" "38" 1992-02-05 26.3 "CLE" "@" "PHI" "W" 2 1 41 0.513 0.467 13.2 18.9 16 24.5 0 0 5.1 21.7 124 114 18.4 1.8
"39" "39" 1992-02-06 26.3 "CLE" "" "DET" "L" -17 1 36 0.508 0.476 9.5 26 17.7 6.5 0 0 11.3 32.7 97 119 13.5 -2.8
"40" "40" 1992-02-11 26.32 "CLE" "@" "UTA" "L" -2 1 35 0.396 0.385 6.7 14 10.7 4.1 0 0 0 17.9 100 122 6.3 -5.8
"41" "41" 1992-02-12 26.32 "CLE" "@" "DEN" "L" -6 1 34 0.598 0.571 14.6 16 15.3 15.9 1.4 1.4 24.6 28 101 107 16.4 1.7
"42" "42" 1992-02-15 26.33 "CLE" "" "NJN" "W" 36 1 39 0.708 0.688 14 31.5 22.6 15.6 0 0 5 20.7 151 95 27.2 9.1
"43" "43" 1992-02-17 26.33 "CLE" "@" "CHI" "W" 1 1 43 0.679 0.643 11.5 30.7 22.6 14 1.2 0 9.8 23.3 136 119 24.4 6.6
"44" "44" 1992-02-18 26.33 "CLE" "@" "MIL" "L" -12 1 36 0.635 0.455 4.2 21.7 14.2 3.9 1.4 2.9 0 19.2 142 131 18 1.5
"45" "45" 1992-02-20 26.34 "CLE" "@" "NYK" "W" 3 1 43 0.591 0.538 5.3 31.2 18.4 8.9 1.3 3.1 11.1 20 114 95 17.9 4.5
"46" "46" 1992-02-21 26.34 "CLE" "" "SAC" "W" 17 1 29 0.901 0.929 4.5 51.5 30.3 28.1 4.8 1.9 10.7 27 156 86 33.9 23.9
"47" "47" 1992-02-23 26.35 "CLE" "" "MIL" "W" 14 1 39 0.713 0.714 13.7 16.6 15.2 18.3 2.8 1.8 18.6 26.1 122 99 23.3 6.1
"48" "48" 1992-02-26 26.36 "CLE" "@" "PHO" "L" -3 1 44 0.591 0.583 3.8 26.7 13.8 14.4 0 1.3 0 24.4 129 105 25.9 11.5
"49" "49" 1992-02-28 26.36 "CLE" "@" "LAL" "W" 11 1 42 0.787 0.8 5.7 24.5 15.3 11.7 2.6 1.5 11.2 20.4 136 100 24.6 8.3
"50" "50" 1992-03-01 26.37 "CLE" "@" "SEA" "L" -6 1 39 0.696 0.667 8.4 19.4 13.5 13.1 2.5 0 34.7 25.1 95 114 13 -2.5
"51" "51" 1992-03-04 26.38 "CLE" "@" "SAC" "W" 1 1 37 0.706 0.714 3.2 31.6 17.4 8.1 1.4 0 11.8 19.7 127 115 18.1 3.1
"52" "52" 1992-03-05 26.38 "CLE" "@" "GSW" "L" -8 1 32 0.495 0.444 9.4 21.4 15.5 9.7 0 0 4.7 26.2 114 116 14.4 0.3
"53" "53" 1992-03-07 26.38 "CLE" "@" "ATL" "W" 16 1 39 0.486 0.467 2.9 26.4 14.5 9.6 1.3 3.3 20.6 21.1 85 93 9.6 -2.9
"54" "54" 1992-03-10 26.39 "CLE" "" "PHO" "W" 2 1 39 0.589 0.5 9.8 25.8 17.2 17.5 3.9 2.9 9.3 23.7 126 96 23.7 9.9
"55" "55" 1992-03-13 26.4 "CLE" "" "LAL" "W" 2 1 44 0.413 0.364 10.7 18.5 14.9 13 1.2 2.5 17.1 18.6 90 106 9.7 -4.3
"56" "56" 1992-03-15 26.41 "CLE" "" "DEN" "W" 9 1 43 0.462 0.286 11.6 25.8 19 19.6 1.1 1.3 14 21.1 103 89 16.1 0.1
"57" "57" 1992-03-16 26.41 "CLE" "@" "WSB" "W" 9 1 17 0.26 0 0 30.5 16.4 23.5 0 0 25.8 21 69 112 1 -9
"58" "58" 1992-03-20 26.42 "CLE" "" "GSW" "W" 15 1 34 0.717 0.625 6.1 24.6 15.3 22.7 2.9 3.6 9.3 25.4 145 104 28.4 15.5
"59" "59" 1992-03-22 26.42 "CLE" "" "ATL" "W" 43 1 30 0.508 0.421 9.8 11.9 10.9 0 1.6 0 12.2 32.6 104 82 12.4 -2.8
"60" "60" 1992-03-24 26.43 "CLE" "" "IND" "W" 15 1 35 0.853 0.824 12.1 28.9 21 49 2.8 2.1 13.8 27.4 156 113 36.4 20.5
"61" "61" 1992-03-25 26.43 "CLE" "@" "ORL" "W" 10 1 40 0.527 0.5 8.6 16.8 13 22.8 1.2 4.3 26 25.2 91 94 13.3 0.2
"62" "62" 1992-03-27 26.44 "CLE" "@" "CHH" "W" 6 1 36 0.601 0.5 0 34.3 17.1 11 4 0 9.1 26.1 121 108 21 4.2
"63" "63" 1992-03-28 26.44 "CLE" "@" "CHI" "L" -24 1 32 0.658 0.615 7.5 17.4 12.7 6 0 1.5 11.6 25 121 135 15.2 1.2
"64" "64" 1992-03-31 26.45 "CLE" "" "MIA" "W" 9 1 39 0.843 0.818 10.9 30.8 22.1 6.9 1.3 1.6 22.7 20 131 115 22.2 3.3
"65" "65" 1992-04-02 26.45 "CLE" "" "LAC" "W" 17 1 32 0.61 0.538 4.4 11 8 31.3 1.7 2 16.9 25.7 123 111 15.3 3.8
"66" "66" 1992-04-03 26.46 "CLE" "@" "MIA" "W" 3 1 37 0.592 0.563 3 37.8 21.4 4.1 0 1.8 19.2 25.5 95 97 13.5 -1.5
"67" "67" 1992-04-05 26.46 "CLE" "" "NYK" "W" 4 1 38 0.637 0.5 0 19.6 11.6 18.4 1.4 0 14.8 27.8 117 107 16.9 2.2
"68" "68" 1992-04-07 26.47 "CLE" "" "BOS" "L" -3 1 43 0.561 0.524 2.5 27.9 14.6 8.4 0 0 0 26.3 119 111 21 4.5
"69" "69" 1992-04-09 26.47 "CLE" "" "CHH" "W" 7 1 25 0.644 0.625 4.9 16 11 12.7 5.5 2.1 9.7 16.8 130 116 12.7 2.3
"70" "70" 1992-04-12 26.48 "CLE" "" "WSB" "W" 23 1 35 0.74 0.6 14.8 28 22.3 18.6 3 3.2 22.8 22 131 90 23.3 9.9
"71" "71" 1992-04-14 26.49 "CLE" "" "CHI" "W" 15 1 31 0.81 0.778 0 27.9 17.2 12.2 1.6 0 13.4 21.9 142 99 19.3 8.6
"72" "72" 1992-04-15 26.49 "CLE" "@" "CHH" "L" -8 1 31 0.439 0.353 11.9 28.2 20.5 22.3 3.1 3.4 28.1 39 78 106 10.7 -5.2
"73" "73" 1992-04-19 26.5 "CLE" "" "ATL" "W" 4 1 33 0.434 0.375 7.1 20.2 13.2 18.8 1.5 1.9 14.8 17.8 98 111 10.1 -1.1
"1" "1" 1992-11-06 27.05 "CLE" "" "CHI" "L" -5 1 37 0.435 0.375 7.9 21.6 15.1 18.4 1.4 2.9 13.3 25.8 92 104 13.2 1.6
"2" "2" 1992-11-08 27.05 "CLE" "" "CHH" "W" 20 1 32 0.888 0.818 7 40.5 22.5 8.2 0 1.8 17.6 20.7 146 99 24 8.6
"3" "3" 1992-11-10 27.06 "CLE" "" "WSB" "W" 39 1 26 0.753 0.667 4.6 15.4 11.1 21.7 0 0 9.1 17.2 151 92 15.1 5.5
"4" "4" 1992-11-12 27.07 "CLE" "@" "GSW" "W" 4 1 25 0.611 0.5 5.3 0 2.6 16.7 0 0 15.8 21.7 123 116 8.6 1.6
"5" "5" 1992-12-01 27.12 "CLE" "" "BOS" "W" 10 1 30 0.615 0.556 8.9 16 12.6 12.8 0 0 15.4 37.9 108 109 16.8 -0.7
"6" "6" 1992-12-03 27.12 "CLE" "" "NYK" "W" 10 1 42 0.553 0.467 7.8 23.4 15.6 20.8 0 1.5 5.2 20.4 122 98 18 5.1
"7" "7" 1992-12-05 27.13 "CLE" "" "POR" "L" -2 1 43 0.591 0.538 5.3 30.7 17.7 29.4 2.4 1.6 23.7 22.6 103 96 19.8 6.7
"8" "8" 1992-12-08 27.14 "CLE" "" "LAC" "L" -9 1 37 0.791 0.733 10.8 10.2 10.5 26.2 1.4 0 24 30.6 125 125 24.5 6.3
"9" "9" 1992-12-09 27.14 "CLE" "@" "CHI" "L" -17 1 31 0.568 0.545 6.2 22.7 13.6 7.5 1.6 3.8 7.5 18.8 112 110 12.4 3.1
"10" "10" 1992-12-11 27.15 "CLE" "@" "DET" "L" -4 1 41 0.741 0.714 0 13.9 8 11.6 3.7 0 23.6 24 111 111 18.2 3.9
"11" "11" 1992-12-12 27.15 "CLE" "" "SEA" "W" 4 1 40 0.468 0.5 8.6 27.7 17.8 41.3 2.6 6.4 14.5 15.7 113 93 19.3 10.8
"12" "12" 1992-12-15 27.16 "CLE" "" "HOU" "W" 27 1 26 0.51 0.4 6.8 21.5 15.8 15.3 0 0 14.5 11.6 123 105 6.5 -2.3
"13" "13" 1992-12-16 27.16 "CLE" "@" "PHI" "W" 18 1 37 0.787 0.692 6.8 22.6 15.4 15.6 1.3 0 5.7 20.5 158 96 26.3 10.5
"14" "14" 1992-12-18 27.16 "CLE" "" "SAC" "W" 11 1 33 0.58 0.556 4 31.4 17.9 24.4 0 0 15.2 16.9 119 112 12 0.5
"15" "15" 1992-12-19 27.17 "CLE" "" "UTA" "W" 17 1 35 0.915 0.923 19.6 16.3 17.8 16.4 1.5 0 11.9 21.3 163 114 28.3 13.7
"16" "16" 1992-12-21 27.17 "CLE" "@" "WSB" "W" 4 1 43 0.491 0.421 11.9 22.7 16.4 19.2 2.4 0 11.4 27 105 104 19.4 2.3
"17" "17" 1992-12-23 27.18 "CLE" "" "IND" "W" 14 1 37 0.783 0.571 4.5 15.9 11.6 26.1 0 1.5 12.5 21.1 156 119 22.8 8.4
"18" "18" 1992-12-26 27.19 "CLE" "" "NJN" "L" -5 1 44 0.579 0.545 11.9 18.2 14.4 9.9 1.1 2.7 4 25 123 124 23.9 -0.1
"19" "19" 1992-12-28 27.19 "CLE" "" "DET" "W" 9 1 43 0.66 0.545 6.2 17.4 12.4 16.8 0 0 12.8 18 134 113 17.3 4.2
"20" "20" 1992-12-29 27.19 "CLE" "@" "ATL" "W" 18 1 36 0.703 0.615 4 24.2 17.5 16 1.3 1.4 11.3 21.9 135 88 22.5 9.2
"21" "21" 1993-01-02 27.21 "CLE" "" "LAL" "W" 15 1 31 0.47 0.375 12.2 39.5 27.3 16.6 0 0 22 19.7 98 97 8.7 -2.9
"22" "22" 1993-01-05 27.21 "CLE" "@" "NYK" "L" -4 1 45 0.636 0.577 3.2 14.9 10.3 20.9 0 0 10.8 20.2 125 109 17 6.4
"23" "23" 1993-01-06 27.22 "CLE" "" "CHI" "W" 22 1 42 0.604 0.579 10.1 23.9 17.8 9.4 0 1.4 4.8 22.2 125 98 21.3 3.6
"24" "24" 1993-01-09 27.22 "CLE" "" "MIN" "W" 23 1 39 0.575 0.462 0 34.3 20.2 16.8 1.4 1.5 6 21.1 122 97 18.3 3.2
"25" "25" 1993-01-12 27.23 "CLE" "" "BOS" "L" -6 1 43 0.795 0.778 10.8 32.4 21.6 30.4 0 1.4 11.4 28.7 148 131 35.7 13
"26" "26" 1993-01-13 27.24 "CLE" "@" "NJN" "L" -6 1 41 0.522 0.5 5.1 14.9 10.1 12.8 1.2 2.8 8.7 23.3 109 107 16.3 3.9
"27" "27" 1993-01-15 27.24 "CLE" "@" "IND" "W" 12 1 42 0.587 0.5 10.9 18.5 14.5 3.2 0 0 12.4 23.8 116 121 17.7 -3.2
"28" "28" 1993-01-16 27.24 "CLE" "" "ATL" "W" 28 1 32 0.913 0.833 4.7 16.3 11.5 12.9 1.5 2.1 8.8 15.3 175 97 21.3 10.3
"29" "29" 1993-01-20 27.25 "CLE" "" "PHO" "W" 4 1 44 0.627 0.636 14.4 27.3 21.6 19.4 1 0 19 14.4 123 111 18.3 1.9
"30" "30" 1993-01-22 27.26 "CLE" "@" "LAC" "W" 8 1 45 0.693 0.667 10 26.1 19.8 22 2.4 2.4 0 21.8 153 92 32 17.5
"31" "31" 1993-01-23 27.26 "CLE" "@" "DEN" "L" -2 1 39 0.53 0.5 3.5 10.9 7.7 8 1.4 0 15 16.3 100 112 6.9 -3
"32" "32" 1993-01-26 27.27 "CLE" "@" "UTA" "L" -17 1 39 0.424 0.385 2.7 3.7 3.1 13.4 1.3 0 15.4 22.4 82 119 6.3 -7.1
"33" "33" 1993-01-28 27.28 "CLE" "" "ORL" "W" 14 1 35 0.543 0.462 17.6 25.7 21.2 16 1.4 0 6 20.5 137 120 16.7 -0.6
"34" "34" 1993-01-30 27.28 "CLE" "@" "MIA" "L" -3 1 37 0.718 0.615 8.6 18.9 13.9 0 0 0 0 21.3 152 105 20.9 7.3
"35" "35" 1993-02-02 27.29 "CLE" "" "GSW" "W" 10 1 38 0.743 0.667 9.7 37.9 24 11 1.4 0 27.1 17.1 116 92 16.1 2.6
"36" "36" 1993-02-03 27.29 "CLE" "@" "MIL" "W" 8 1 39 0.751 0.722 6.5 25.8 16.7 10.3 4 3.2 8.8 25.9 140 99 29.9 12.3
"37" "37" 1993-02-05 27.3 "CLE" "" "DET" "W" 20 1 36 0.648 0.667 0 18.7 10.5 7.9 1.4 1.6 11.5 22.8 106 95 15.5 0.1
"38" "38" 1993-02-06 27.3 "CLE" "@" "ATL" "W" 11 1 39 0.799 0.714 7.2 17.6 13 14.2 1.3 0 0 20.8 175 117 28.4 10.1
"39" "39" 1993-02-09 27.31 "CLE" "@" "CHH" "W" 4 1 40 0.546 0.478 20 21.3 20.6 16.1 0 0 16.3 29.5 111 106 20.8 2.5
"40" "40" 1993-02-10 27.31 "CLE" "@" "ORL" "L" -9 1 44 0.483 0.45 6.1 21.8 12.8 13 2.2 1.4 8.4 23.2 99 94 15.9 4.9
"41" "41" 1993-02-12 27.32 "CLE" "" "MIL" "W" 22 1 37 0.753 0.667 6 30.2 18.1 21.7 1.3 0 16.7 13.5 144 99 19.5 5.2
"42" "42" 1993-02-13 27.32 "CLE" "@" "CHI" "W" 5 1 46 0.671 0.625 0 29.3 15.1 23.5 0 0 13.9 24 129 129 22.3 3.9
"43" "43" 1993-02-15 27.33 "CLE" "" "IND" "W" 5 1 35 0.497 0.333 6.1 18.7 12.3 12.9 0 0 24.9 20 92 115 6.2 -8
"44" "44" 1993-02-17 27.33 "CLE" "" "DAL" "W" 27 1 31 0.637 0.5 6.9 26.8 17.6 20.2 0 1.7 0 11.6 161 98 15.9 4.3
"45" "45" 1993-02-23 27.35 "CLE" "" "MIA" "W" 2 1 39 0.752 0.643 2.9 23.6 13.8 20.6 0 1.5 18.2 25.8 125 104 22.1 4.9
"46" "46" 1993-02-26 27.36 "CLE" "@" "LAL" "W" 12 1 43 0.457 0.286 5.9 19.3 13.6 20 1.2 2.5 18.6 22.3 97 104 13.3 -3.5
"47" "47" 1993-02-28 27.36 "CLE" "@" "PHO" "W" 7 1 36 0.587 0.545 0 24.5 13.6 13.8 1.3 0 18 20 100 94 12.3 3.3
"48" "48" 1993-03-02 27.37 "CLE" "@" "SEA" "L" -3 1 48 0.585 0.455 7.7 26.4 17.4 17 1.2 0 25.6 19.2 106 108 14.2 2.3
"49" "49" 1993-03-04 27.37 "CLE" "@" "MIN" "W" 8 1 43 0.654 0.5 2.9 31.2 17.7 26.6 1.3 0 11.6 20.5 132 105 21.6 7.4
"50" "50" 1993-03-07 27.38 "CLE" "@" "BOS" "L" -8 1 40 0.729 0.667 2.8 25.7 14.1 12.7 0 0 6.2 20.2 145 113 19.7 7.8
"51" "51" 1993-03-08 27.38 "CLE" "" "DEN" "W" 15 1 35 0.781 0.769 7.6 22.9 16.3 27.9 0 0 6.9 19.1 155 114 23.5 7.9
"52" "52" 1993-03-11 27.39 "CLE" "" "CHH" "W" 19 1 38 0.655 0.563 5.7 18 12.2 17.7 0 2.7 0 23.2 146 106 24.6 4.6
"53" "53" 1993-03-15 27.4 "CLE" "@" "WSB" "L" -4 1 37 0.758 0.727 4.2 27.2 17.5 15.4 1.4 1.6 17.1 22.4 129 111 21.2 4.7
"54" "54" 1993-03-16 27.41 "CLE" "" "PHI" "W" 12 1 41 0.591 0.538 6.5 14.3 10.6 28.6 1.3 1.6 0 17.9 143 108 22 6.3
"55" "55" 1993-03-18 27.41 "CLE" "" "NYK" "L" -20 1 35 0.624 0.5 11 31 18.6 12 2.8 4 15.1 24 118 111 19.7 7.1
"56" "56" 1993-03-20 27.42 "CLE" "@" "MIA" "L" -5 1 30 0.522 0.5 7.4 24.3 16.2 24.8 1.8 0 11.5 27.3 104 101 12.3 4.4
"57" "57" 1993-03-23 27.42 "CLE" "" "SAS" "W" 37 1 36 0.699 0.706 3.2 15.4 9.9 17.5 1.3 1.5 21.9 26.2 108 90 19 4.1
"58" "58" 1993-03-26 27.43 "CLE" "@" "PHI" "W" 19 1 37 0.609 0.611 12.2 23.8 18.4 24.5 1.4 1.4 0 21.2 140 85 27.1 14.1
"59" "59" 1993-03-28 27.44 "CLE" "@" "DET" "L" -13 1 40 0.649 0.636 2.4 20.4 11.1 10.2 2.7 1.6 14 16.8 110 97 15.5 5.6
"60" "60" 1993-04-01 27.45 "CLE" "@" "NYK" "L" -8 1 38 0.35 0.222 9.7 25.8 18.7 26.6 0 0 0 17.2 102 101 10.2 2.7
"61" "61" 1993-04-02 27.45 "CLE" "@" "CHH" "L" -1 1 42 0.786 0.813 5.6 26.6 16.3 14.7 1.1 1.3 5 20.3 154 109 29.5 13.3
"62" "62" 1993-04-04 27.46 "CLE" "" "NJN" "W" 6 1 45 0.639 0.615 0 28.3 15.6 18.7 1.1 2.7 6 17.2 123 96 21.7 7
"63" "63" 1993-04-06 27.46 "CLE" "" "MIA" "W" 15 1 32 0.833 0.786 3.7 32.1 18.1 18.5 0 4.1 5.8 22.6 161 102 27.8 15.2
"64" "64" 1993-04-09 27.47 "CLE" "" "WSB" "W" 19 1 34 0.734 0.75 11.5 29.4 20.4 15.1 4.2 1.8 5 24.4 144 86 29.8 16.1
"65" "65" 1993-04-10 27.47 "CLE" "@" "NJN" "W" 1 1 44 0.68 0.556 13.3 20.6 16.8 11.5 0 1.6 22.8 23.3 119 108 19.3 2.8
"66" "66" 1993-04-13 27.48 "CLE" "@" "ATL" "W" 3 1 49 0.459 0.333 11.4 24.9 18.5 26.7 0 0 0 17.2 126 102 18.9 5.5
"67" "67" 1993-04-15 27.49 "CLE" "@" "MIL" "W" 15 1 29 0.476 0 7.4 29 19.5 12.4 0 0 0 11.9 139 92 10.1 1.2
"68" "68" 1993-04-16 27.49 "CLE" "" "ORL" "W" 3 1 43 0.476 0.375 15.5 15.9 15.7 15 1.2 4.7 13.1 24.2 106 114 16.8 -2
"69" "69" 1993-04-18 27.5 "CLE" "" "CHI" "W" 9 1 40 0.634 0.444 3.8 32.4 19.1 3.7 0 3.5 18.3 19.6 117 106 14.7 1.4
"70" "70" 1993-04-20 27.5 "CLE" "" "DET" "W" 24 1 34 0.558 0.444 3.7 18.2 12.7 12.3 0 3.4 14.7 17.9 109 86 11.3 -0.8
"71" "71" 1993-04-25 27.52 "CLE" "" "PHI" "W" 4 1 26 0.703 0.6 8 23.7 15.2 38.3 0 5.9 0 22 163 107 21.3 16.7
"1" "1" 1993-11-05 28.05 "CLE" "" "MIL" "L" -3 1 40 0.625 0.6 9.2 20.8 15.8 9 1.3 1.5 21.7 20.7 106 98 14.5 -1
"2" "2" 1993-11-07 28.05 "CLE" "" "NYK" "L" -8 1 45 0.607 0.529 9.8 20.5 15.8 8.3 2.4 1.4 12.3 25.7 117 112 20.1 2.2
"3" "3" 1993-11-09 28.06 "CLE" "" "CHH" "W" 5 1 36 0.542 0.538 3.3 34.2 18.3 15.8 2.7 3.4 11.9 20.3 105 102 15.2 2
"4" "4" 1993-11-11 28.06 "CLE" "@" "SEA" "L" -13 1 38 0.213 0.1 16.6 19.4 17.8 11.6 0 2 14.5 15.2 78 127 3.1 -7.6
"5" "5" 1993-11-12 28.07 "CLE" "@" "GSW" "W" 9 1 38 0.612 0.615 17.4 26.4 22.8 4 0 0 17.8 21.7 108 104 13.1 -2.4
"6" "6" 1993-11-14 28.07 "CLE" "@" "LAL" "L" -7 1 33 0.896 0.778 14.2 24.9 19.1 6.4 0 2 23 23.6 141 117 20.9 7.3
"7" "7" 1993-11-16 28.08 "CLE" "@" "POR" "W" 5 1 40 0.604 0.563 7.5 31.4 21.1 8.2 0 1.5 9.9 23.2 118 103 17.6 3.2
"8" "8" 1993-11-18 28.08 "CLE" "@" "DEN" "L" -7 1 36 0.696 0.636 11.6 20 15.5 10.8 1.4 0 12.8 19.1 133 104 16.7 5.7
"9" "9" 1993-11-20 28.09 "CLE" "@" "PHO" "L" -16 1 42 0.514 0.4 5.9 16.7 11.4 14.1 1.3 1.5 13.7 16.9 106 123 11.3 -1.1
"10" "10" 1993-11-24 28.1 "CLE" "" "WSB" "W" 6 1 30 0.627 0.625 12.6 34.6 23.5 8.6 0 0 20.1 22 111 110 10.7 -4.5
"11" "11" 1993-11-27 28.11 "CLE" "" "SEA" "W" 11 1 39 0.517 0.5 10.5 7.7 8.9 21.2 0 1.8 22 16 102 108 9.6 0.5
"12" "12" 1993-11-30 28.12 "CLE" "" "DET" "W" 18 1 36 0.489 0.429 7.5 38.8 23.5 9.2 1.5 3.3 0 11.3 121 69 14.8 5.1
"13" "13" 1993-12-01 28.12 "CLE" "@" "NJN" "L" -15 1 40 0.473 0.353 2.5 22.7 11.3 0 1.4 1.7 4.7 25.3 102 112 11 -1.3
"14" "14" 1993-12-04 28.13 "CLE" "" "ORL" "L" -4 1 36 0.326 0.286 22.2 23.2 22.7 27.9 0 3.5 16.4 22.3 86 93 9.7 0.8
"15" "15" 1993-12-05 28.13 "CLE" "" "HOU" "L" -1 1 38 0.459 0.4 5.4 21.1 12.2 14.9 1.4 2.3 13.3 17.3 100 109 9.5 -1.1
"16" "16" 1993-12-07 28.13 "CLE" "" "POR" "W" 9 1 39 0.327 0.333 3.8 27.6 18.2 6.1 2.7 1.6 6.8 17.8 75 99 6.5 -6
"17" "17" 1993-12-09 28.14 "CLE" "@" "CHH" "L" -2 1 35 0.393 0.375 5.8 22.4 14.8 4.9 0 0 9.5 25.8 83 95 6.2 -4.4
"18" "18" 1993-12-11 28.15 "CLE" "@" "CHI" "L" -9 1 43 0.554 0.467 3.2 10.9 7.8 16.6 0 1.3 13.7 26.3 101 114 14.1 1.4
"19" "19" 1993-12-14 28.15 "CLE" "" "ATL" "L" -11 1 41 0.44 0.385 12.3 33.4 22.5 17.9 0 3.9 21.3 21 88 114 9.5 -3.3
"20" "20" 1993-12-16 28.16 "CLE" "@" "MIA" "L" -1 1 39 0.713 0.643 5.5 16.6 10.5 6.5 2.7 1.8 18.6 25.2 122 97 18.7 7.5
"21" "21" 1993-12-18 28.16 "CLE" "@" "DET" "L" -6 1 46 0.349 0.313 4.5 17.9 10.8 8.5 1.2 0 17.7 23.6 68 104 4.1 -6.6
"22" "22" 1993-12-19 28.17 "CLE" "" "LAL" "W" 30 1 24 0.515 0.5 0 37.2 22.2 9.8 0 0 11.4 16.8 101 99 5.4 -6.7
"23" "23" 1993-12-21 28.17 "CLE" "" "UTA" "W" 15 1 39 0.681 0.625 13 22.4 17.3 8 0 0 5 22.5 145 111 23 6.6
"24" "24" 1993-12-23 28.18 "CLE" "" "MIL" "W" 19 1 30 0.753 0.667 12.6 19.2 16.4 21.9 3.4 4.2 9.1 17 155 87 21 14.8
"25" "25" 1993-12-26 28.19 "CLE" "" "IND" "W" 4 1 51 0.747 0.733 5.2 15.8 10.9 4.4 2.1 0 5.2 17.3 141 102 23.7 7.3
"26" "26" 1993-12-28 28.19 "CLE" "" "CHH" "W" 12 1 43 0.668 0.588 12.1 19.6 15.6 24.2 1.1 1.7 16 23 129 106 26.7 7.3
"27" "27" 1993-12-30 28.2 "CLE" "@" "MIL" "L" -2 1 37 0.758 0.545 16.2 17.1 16.7 15.4 1.4 0 22.6 26.4 130 111 22.3 5.4
"28" "28" 1994-01-04 28.21 "CLE" "@" "IND" "L" -5 1 40 0.435 0.3 8.4 30 18.8 3.7 0 0 13.7 16.4 97 116 7 -6.4
"29" "29" 1994-01-05 28.21 "CLE" "" "BOS" "L" -5 1 36 0.533 0.5 12.1 29.6 20 11.9 1.5 0 5.6 23.1 115 111 15.8 1.6
"30" "30" 1994-01-07 28.22 "CLE" "@" "BOS" "W" 14 1 34 0.339 0.308 0 26.6 14.1 15.5 0 0 6.3 20.8 81 94 6.1 -4.1
"31" "31" 1994-01-08 28.22 "CLE" "@" "ATL" "L" -13 1 34 0.571 0.571 9.6 20.2 15.2 21.1 0 1.6 16.8 23.1 109 113 13.5 4.8
"32" "32" 1994-01-12 28.23 "CLE" "@" "ORL" "W" 9 1 40 0.644 0.533 3.5 19.2 12.9 14.4 0 1.9 9.3 23.6 132 114 20.7 3
"33" "33" 1994-01-13 28.24 "CLE" "" "NJN" "W" 11 1 39 0.716 0.583 4.4 25.8 13.7 7.8 3.8 0 5.2 20 148 90 25.9 11.4
"34" "34" 1994-01-15 28.24 "CLE" "" "PHI" "W" 43 1 33 0.727 0.667 7.7 41.6 25.5 12 3.1 2.2 17.9 22.4 127 64 20.8 9.7
"35" "35" 1994-01-17 28.25 "CLE" "" "ORL" "W" 7 1 44 0.441 0.375 17 18.5 17.8 16.3 1.1 2.7 12.8 22.4 107 109 16.5 -1.4
"36" "36" 1994-01-19 28.25 "CLE" "@" "UTA" "L" -12 1 41 0.671 0.5 8 34 18.7 22.5 1.4 0 10.9 21.1 138 119 21.7 10.1
"37" "37" 1994-01-21 28.26 "CLE" "@" "LAC" "W" 16 1 40 0.723 0.636 14.3 34.7 24.8 14.3 1.4 0 6.4 17.1 160 98 25.1 10.4
"38" "38" 1994-01-22 28.26 "CLE" "@" "SAC" "W" 10 1 45 0.606 0.471 7.9 26.7 18 16.6 1.2 0 4.3 22.8 143 106 26.3 7.3
"39" "39" 1994-01-25 28.27 "CLE" "@" "HOU" "L" -3 1 44 0.582 0.556 6.8 37.2 21.3 12.1 0 0 16.8 22.9 105 102 17.5 2
"40" "40" 1994-01-27 28.27 "CLE" "" "CHI" "W" 16 1 43 0.418 0.333 18.2 20 19.1 6.1 0 4.5 5.6 19.4 113 98 14.6 0.4
"41" "41" 1994-01-29 28.28 "CLE" "" "MIA" "L" -15 1 40 0.658 0.5 0 15.8 7.6 28.6 2.5 3.3 19.8 17.4 119 116 16.6 4.3
"42" "42" 1994-01-31 28.28 "CLE" "@" "DET" "W" 4 1 40 0.492 0.455 3.8 25.1 16 15.5 1.3 1.5 7 16.5 111 111 12.2 -1
"43" "43" 1994-02-02 28.29 "CLE" "@" "PHI" "W" 8 1 41 0.605 0.571 3.1 22.9 13.9 20.3 4 0 11.8 19.3 119 101 18.8 5
"44" "44" 1994-02-03 28.29 "CLE" "" "SAS" "L" -1 1 8 0 0 0 0 0 0 0 0 33.3 18.5 0 124 -2.8 -27.9
"45" "45" 1994-02-15 28.33 "CLE" "" "DEN" "W" 12 1 33 0.591 0.462 8.3 31.4 20.2 38.4 1.5 0 5.9 23.2 140 104 20.9 9.8
"46" "46" 1994-02-17 28.33 "CLE" "" "NYK" "L" -7 1 40 0.617 0.462 3.1 15 9.1 0 0 0 25.2 27.3 98 120 9.1 -7.3
"47" "47" 1994-02-18 28.33 "CLE" "@" "MIN" "W" 7 1 34 0.428 0.286 6 14.1 9.7 23.2 0 0 10.2 26.4 95 94 8.6 -0.7
"48" "48" 1994-02-20 28.34 "CLE" "@" "CHH" "W" 4 1 16 0.515 0.333 0 33.1 15.8 0 3.2 0 20.5 13.9 90 94 2.7 -3.3
"49" "49" 1994-02-22 28.35 "CLE" "" "MIN" "W" 33 1 28 0.663 0.615 3.6 11.4 7.5 5 3.6 0 6.5 22.4 135 85 15.6 5.9
"50" "50" 1994-02-23 28.35 "CLE" "@" "WSB" "W" 10 1 11 0.581 0.5 0 9.9 5.4 27.4 0 11.6 0 27.9 146 100 8.1 16.1
