"Rk" "G" "Date" "Age" "Tm" "H/A" "Opp" "W/L" "By Amt" "GS" "MP" "TS%" "eFG%" "ORB%" "DRB%" "TRB%" "AST%" "STL%" "BLK%" "TOV%" "USG%" "ORtg" "DRtg" "GmSc" "BPM"
"1" "" 2013-10-30 23.78 "MIN" "" "ORL" "W" 5 NA NA NA NA NA NA NA NA NA NA NA NA NA NA NA NA
"2" "1" 2013-11-01 23.79 "MIN" "" "OKC" "W" 19 0 14.4166666666667 0 0 0 0 0 10.1 0 0 42 14.9 11 100 -5.2 -20.9
"3" "" 2013-11-03 23.79 "MIN" "@" "NYK" "W" 9 NA NA NA NA NA NA NA NA NA NA NA NA NA NA NA NA
"4" "2" 2013-11-04 23.79 "MIN" "@" "CLE" "L" -1 0 2.63333333333333 NA NA 0 43.4 19.8 53.6 0 26.4 100 15 33 72 -0.5 -10.9
"5" "3" 2013-11-06 23.8 "MIN" "" "GSW" "L" -13 0 6.28333333333333 0.568 NA 0 19.6 8.6 22.5 0 23.9 53.2 11.9 69 84 0.8 1.5
"6" "" 2013-11-08 23.81 "MIN" "" "DAL" "W" 8 NA NA NA NA NA NA NA NA NA NA NA NA NA NA NA NA
"7" "4" 2013-11-10 23.81 "MIN" "@" "LAL" "W" 23 0 2.78333333333333 0 0 41.1 30.3 34.8 0 0 0 50 28.9 32 88 -0.7 -30
"8" "5" 2013-11-11 23.81 "MIN" "@" "LAC" "L" -2 0 5.03333333333333 1 1 18 0 10.8 0 0 14.9 0 16.5 206 102 4.4 18.5
"9" "6" 2013-11-13 23.82 "MIN" "" "CLE" "W" 29 0 9.65 0.5 0.5 0 58.5 34.7 12.4 0 7 50 19.4 57 85 1.8 -5.5
"10" "" 2013-11-15 23.82 "MIN" "@" "DEN" "L" -4 NA NA NA NA NA NA NA NA NA NA NA NA NA NA NA NA
"11" "7" 2013-11-16 23.83 "MIN" "" "BOS" "W" 18 0 2.38333333333333 NA NA 0 0 0 0 20.7 0 NA 0 0 58 1 14.8
"12" "" 2013-11-19 23.84 "MIN" "@" "WAS" "L" -4 NA NA NA NA NA NA NA NA NA NA NA NA NA NA NA NA
"13" "" 2013-11-20 23.84 "MIN" "" "LAC" "L" -4 NA NA NA NA NA NA NA NA NA NA NA NA NA NA NA NA
"14" "8" 2013-11-22 23.84 "MIN" "" "BRK" "W" 30 0 8.1 0.644 0.667 21.9 14.8 18.9 21.1 0 28.7 20.5 25.1 118 72 6 13.4
"15" "9" 2013-11-23 23.85 "MIN" "@" "HOU" "L" -11 0 2.6 NA NA 0 99.8 37.7 0 0 100 NA 0 0 34 2.7 37.4
"16" "" 2013-11-25 23.85 "MIN" "@" "IND" "L" -14 NA NA NA NA NA NA NA NA NA NA NA NA NA NA NA NA
"17" "" 2013-11-27 23.86 "MIN" "" "DEN" "L" -7 NA NA NA NA NA NA NA NA NA NA NA NA NA NA NA NA
"18" "10" 2013-11-30 23.87 "MIN" "@" "DAL" "W" 6 0 4.61666666666667 0 0 27.4 24.2 25.7 0 11.4 0 0 19.6 44 92 0.6 -11.7
"19" "11" 2013-12-01 23.87 "MIN" "@" "OKC" "L" -10 0 5.56666666666667 0.5 0.5 34.5 22.1 29.1 60.8 9 12.7 0 15.3 154 91 5.8 32.8
"20" "12" 2013-12-07 23.88 "MIN" "" "MIA" "L" -21 0 9.35 0.525 0.333 19 58.7 34.6 0 0 0 0 20.9 129 105 4.7 3
"21" "13" 2013-12-10 23.89 "MIN" "@" "DET" "W" 27 0 2.6 0 0 0 42.9 21.7 0 0 0 0 16.6 0 92 -0.8 -27.7
"22" "" 2013-12-11 23.9 "MIN" "" "PHI" "W" 7 NA NA NA NA NA NA NA NA NA NA NA NA NA NA NA NA
"23" "" 2013-12-13 23.9 "MIN" "@" "SAS" "L" -7 NA NA NA NA NA NA NA NA NA NA NA NA NA NA NA NA
"24" "" 2013-12-15 23.91 "MIN" "@" "MEM" "W" 8 NA NA NA NA NA NA NA NA NA NA NA NA NA NA NA NA
"25" "14" 2013-12-16 23.91 "MIN" "@" "BOS" "L" -4 0 13.25 0.45 0.5 6.6 15.8 10.8 0 3.9 0 18.4 16.9 79 103 1.3 -10.3
"26" "" 2013-12-18 23.92 "MIN" "" "POR" "W" 11 NA NA NA NA NA NA NA NA NA NA NA NA NA NA NA NA
"27" "15" 2013-12-20 23.92 "MIN" "@" "LAL" "L" -13 0 0.183333333333333 0 0 0 0 0 0 0 0 0 100 0 117 -0.7 -174.5
"28" "" 2013-12-22 23.93 "MIN" "@" "LAC" "L" -4 NA NA NA NA NA NA NA NA NA NA NA NA NA NA NA NA
"29" "16" 2013-12-27 23.94 "MIN" "" "WAS" "W" 22 0 2.08333333333333 NA NA 0 0 0 0 0 37.2 NA 0 0 88 0.7 11.3
"30" "17" 2013-12-28 23.94 "MIN" "@" "MIL" "W" 22 0 1.61666666666667 1 1 0 100 62.5 0 0 0 0 24.6 200 56 1.9 18.1
"31" "" 2013-12-30 23.95 "MIN" "" "DAL" "L" -2 NA NA NA NA NA NA NA NA NA NA NA NA NA NA NA NA
"32" "18" 2014-01-01 23.95 "MIN" "" "NOP" "W" 12 0 2.3 0 0 0 0 0 0 0 0 0 19.1 0 123 -1.1 -34.8
"33" "" 2014-01-04 23.96 "MIN" "" "OKC" "L" -4 NA NA NA NA NA NA NA NA NA NA NA NA NA NA NA NA
"34" "19" 2014-01-06 23.97 "MIN" "@" "PHI" "W" 31 0 6.4 0.347 0.5 30 17.4 24.2 0 7.1 0 0 17.5 102 82 2.5 -4.3
"35" "" 2014-01-08 23.97 "MIN" "" "PHO" "L" -1 NA NA NA NA NA NA NA NA NA NA NA NA NA NA NA NA
"36" "20" 2014-01-10 23.98 "MIN" "" "CHA" "W" 27 0 5.61666666666667 1 1 0 55.7 29.5 0 0 0 50 15.5 72 95 0.8 -8
"37" "21" 2014-01-12 23.98 "MIN" "@" "SAS" "L" -18 0 3.9 NA NA 0 39.7 14.3 0 26.8 0 NA 0 0 61 2.3 18.9
"38" "" 2014-01-15 23.99 "MIN" "" "SAC" "L" -3 NA NA NA NA NA NA NA NA NA NA NA NA NA NA NA NA
"39" "" 2014-01-17 24 "MIN" "@" "TOR" "L" -5 NA NA NA NA NA NA NA NA NA NA NA NA NA NA NA NA
"40" "22" 2014-01-18 24 "MIN" "" "UTA" "W" 26 0 10.2666666666667 1 1 19.1 17.6 18.3 0 0 9.7 33.3 12.4 123 74 3.5 -0.2
"41" "23" 2014-01-21 24.01 "MIN" "@" "UTA" "W" 15 0 2.35 0.5 0.5 0 0 0 0 0 0 0 37.6 94 107 1 -5.8
"42" "" 2014-01-24 24.02 "MIN" "@" "GSW" "W" 1 NA NA NA NA NA NA NA NA NA NA NA NA NA NA NA NA
"43" "24" 2014-01-25 24.02 "MIN" "@" "POR" "L" -11 0 1.2 1 1 0 0 0 0 0 0 0 36.8 200 122 1.7 31.2
"44" "25" 2014-01-27 24.02 "MIN" "@" "CHI" "W" 9 0 9.61666666666667 0 0 0 21.7 12.2 0 0 0 33.3 15.2 0 98 -2.6 -22
"45" "26" 2014-01-29 24.03 "MIN" "" "NOP" "W" 11 0 6.43333333333333 0 0 0 58.5 30.5 0 0 0 0 14.1 0 67 -1 -16.1
"46" "27" 2014-01-31 24.04 "MIN" "" "MEM" "L" -4 0 12.5833333333333 0 0 20.1 8.3 13.6 0 4.3 11.2 66.7 11.3 37 90 0.6 -6.4
"47" "" 2014-02-01 24.04 "MIN" "@" "ATL" "L" -7 NA NA NA NA NA NA NA NA NA NA NA NA NA NA NA NA
"48" "28" 2014-02-04 24.05 "MIN" "" "LAL" "W" 10 0 8.13333333333333 1.064 1 14.1 24.1 19.5 0 12 10.2 0 9.8 226 67 6.9 19.6
"49" "29" 2014-02-05 24.05 "MIN" "@" "OKC" "L" -9 0 7.93333333333333 0 0 29.5 38.6 34.4 16.4 0 0 20 29.6 39 108 -2 -30.6
"50" "30" 2014-02-07 24.05 "MIN" "@" "NOP" "L" -7 0 6.63333333333333 0.333 0.333 0 33.7 17.6 0 0 0 0 20.4 70 108 0.9 -7.2
"51" "31" 2014-02-08 24.06 "MIN" "" "POR" "L" -7 0 9.15 0 0 29.1 24.4 27 0 0 0 0 4.2 114 117 1.6 -7.6
"52" "32" 2014-02-10 24.06 "MIN" "" "HOU" "L" -18 0 11.1666666666667 0 0 0 0 0 0 0 0 0 3.8 0 123 -1.5 -14
"53" "33" 2014-02-12 24.07 "MIN" "" "DEN" "W" 27 0 7.95 0.568 NA 0 51.4 28.4 13.4 0 0 36.2 15.7 90 85 1.7 -4.2
"54" "34" 2014-02-19 24.09 "MIN" "" "IND" "W" 13 0 4 NA NA 0 25 12.9 0 0 18.5 100 10.7 0 75 -0.4 -9.4
"55" "35" 2014-02-22 24.1 "MIN" "@" "UTA" "W" 17 0 21.6833333333333 0.68 0.8 0 42.2 21.3 6.5 0 11.1 14.5 13.9 107 97 7.9 1.3
"56" "36" 2014-02-23 24.1 "MIN" "@" "POR" "L" -11 0 13.0333333333333 0.543 0 20.1 28.3 23.5 19.9 0 0 26.6 11.9 121 119 4.9 2.7
"57" "37" 2014-02-25 24.1 "MIN" "@" "PHO" "W" 9 0 4.78333333333333 0.5 0.5 23.9 0 11.4 0 0 0 33.3 25.9 78 111 0.3 -16
"58" "" 2014-03-01 24.12 "MIN" "@" "SAC" "W" 11 NA NA NA NA NA NA NA NA NA NA NA NA NA NA NA NA
"59" "38" 2014-03-03 24.12 "MIN" "@" "DEN" "W" 4 0 3.98333333333333 0.6 0.6 26.2 0 13.2 0 10.8 0 0 48.1 127 98 5.4 15
"60" "39" 2014-03-05 24.13 "MIN" "" "NYK" "L" -12 0 1 0.5 0.5 100 100 100 0 0 0 0 83.8 135 101 2 21
"61" "40" 2014-03-07 24.13 "MIN" "" "DET" "W" 13 0 6.78333333333333 0.5 0.5 14.2 25.7 20.2 0 0 17.5 33.3 18.4 79 87 1.5 -5.7
"62" "" 2014-03-09 24.14 "MIN" "" "TOR" "L" -7 NA NA NA NA NA NA NA NA NA NA NA NA NA NA NA NA
"63" "41" 2014-03-11 24.14 "MIN" "" "MIL" "W" 11 0 1.76666666666667 0 0 0 0 0 0 0 0 0 25.8 0 117 -0.7 -32
"64" "42" 2014-03-14 24.15 "MIN" "@" "CHA" "L" -12 0 11.8 0.333 0.333 9 9.2 9.1 0 0 0 0 12.1 83 116 0.9 -10.3
"65" "43" 2014-03-16 24.16 "MIN" "" "SAC" "W" 2 1 37.15 0.622 0.714 8.8 26.5 17.1 0 2.7 9.8 9.4 13.3 117 97 15.7 4
"66" "44" 2014-03-19 24.16 "MIN" "@" "DAL" "W" 1 1 25.1 1 1 12.9 35.2 23.9 6.3 1.9 3.1 0 8.9 206 104 13.8 9.2
"67" "45" 2014-03-20 24.17 "MIN" "@" "HOU" "L" -23 1 38.35 0.528 0.375 20.4 46.5 31.3 16.4 1.3 0 0 23.5 137 129 24.9 2.9
"68" "46" 2014-03-23 24.18 "MIN" "" "PHO" "L" -7 1 24.6166666666667 0.773 0.667 11.9 37.7 21.9 10.8 1.9 0 20.5 8 148 124 8.8 1.7
"69" "47" 2014-03-24 24.18 "MIN" "@" "MEM" "L" -17 1 36.5833333333333 0.506 0.5 17.7 29.8 23.2 4.8 1.4 0 15.5 15.5 106 112 11.6 -3.9
"70" "48" 2014-03-26 24.18 "MIN" "" "ATL" "W" 24 1 41.2166666666667 0.768 0.75 14.2 26.5 20.6 6.5 1.1 2.2 9.3 11.2 152 81 18.8 4.6
"71" "49" 2014-03-28 24.19 "MIN" "" "LAL" "W" 36 0 22.5333333333333 0.866 1 30.4 23.7 25.6 0 0 2.8 19.8 18.7 138 104 11.9 -0.3
"72" "50" 2014-03-30 24.19 "MIN" "@" "BRK" "L" -15 0 19.3833333333333 0.512 0.5 12.1 50.7 32 0 4.9 0 38.1 17 71 97 5.7 -2.2
"73" "51" 2014-03-31 24.2 "MIN" "" "LAC" "L" -10 0 19.3666666666667 1.054 1 15.5 5.8 10.9 23.9 7.3 4.8 13.1 15.9 193 101 18.4 22.4
"74" "52" 2014-04-02 24.2 "MIN" "" "MEM" "W" 14 1 25.5333333333333 0.667 0.667 9.6 29.2 20.1 0 2.1 2.2 45.5 20.3 69 91 4.8 -7.5
"75" "53" 2014-04-04 24.21 "MIN" "@" "MIA" "W" 1 1 24.9166666666667 0.425 0.4 9.9 9.1 9.5 0 2.1 11.1 10.2 36.6 82 106 8 -7.1
"76" "54" 2014-04-05 24.21 "MIN" "@" "ORL" "L" -8 1 35.5166666666667 0.581 0.556 15.4 15.4 15.4 13.9 0 4.4 22.5 17.6 104 113 11 -3.5
"77" "55" 2014-04-08 24.22 "MIN" "" "SAS" "W" 19 1 26.7 0.349 0.267 30 30.6 30.3 0 0 2.8 0 26.3 105 92 9.5 -5.5
"78" "56" 2014-04-09 24.22 "MIN" "" "CHI" "L" -15 1 31.3666666666667 0.483 0.375 15.7 16.1 15.9 0 0 7.5 17.7 17.5 99 114 7.5 -4.7
"79" "57" 2014-04-11 24.23 "MIN" "" "HOU" "W" 2 1 38 0.462 0.462 23 26.9 24.8 11.3 2.4 4.4 18.8 16 105 100 16.6 1.3
"80" "58" 2014-04-13 24.23 "MIN" "@" "SAC" "L" -3 1 34.9666666666667 0.661 0.633 8.4 38.7 21.8 24.2 2.8 4.2 15.9 23.3 115 98 21.1 9.6
"81" "59" 2014-04-14 24.24 "MIN" "@" "GSW" "L" -10 1 35.3333333333333 0.751 0.75 3.2 26.1 15.9 11.7 1.3 4.2 24.4 14.4 113 117 14.4 1.6
"82" "60" 2014-04-16 24.24 "MIN" "" "UTA" "L" -6 1 27.55 0.205 0.125 12.4 15.6 14 5.6 0 5 9.3 16.7 64 119 1.6 -11.8
"1" "1" 2014-10-29 24.78 "MIN" "@" "MEM" "L" -4 0 19.2333333333333 0.75 0.75 23.8 26.3 25 7.9 0 11.2 20 10.5 138 103 9.8 8.5
"2" "2" 2014-10-30 24.78 "MIN" "" "DET" "W" 6 0 17.3333333333333 0.694 0.5 6.6 23.6 15.6 0 0 7.9 0 7.9 158 96 6.3 4.5
"3" "3" 2014-11-01 24.79 "MIN" "" "CHI" "L" -1 0 16.0833333333333 0.806 0.75 26 35.1 29.8 0 0 0 0 17 178 117 10.8 5.4
"4" "4" 2014-11-05 24.8 "MIN" "@" "BRK" "W" 7 0 15.95 0.25 0.25 6.3 26.8 16.2 0 0 9.9 0 10.9 70 88 2.5 -5.4
"5" "5" 2014-11-07 24.8 "MIN" "@" "ORL" "L" -9 0 24.9 0.557 0.556 8.7 41.5 23.7 7.3 4.1 5.3 9.2 20 107 93 12 4.3
"6" "6" 2014-11-08 24.81 "MIN" "@" "MIA" "L" -10 0 18.2666666666667 0.685 0.571 15.5 20.7 17.7 0 0 4 18.6 25 123 110 8.8 0.4
"7" "7" 2014-11-12 24.82 "MIN" "" "HOU" "L" -12 0 13.7833333333333 0.508 0.429 9.7 15.5 12.9 27.3 0 11.4 11.3 28.8 107 115 7 4.2
"8" "8" 2014-11-14 24.82 "MIN" "@" "NOP" "L" -48 1 29.1333333333333 0.634 0.5 19.6 22.7 20.9 12 0 2.6 42 14 96 140 7.2 -5.7
"9" "9" 2014-11-15 24.82 "MIN" "@" "DAL" "L" -14 0 26.2833333333333 0.607 0.556 13.7 22.3 18 5.4 1.8 0 16.8 18.7 116 128 9 -3.4
"10" "10" 2014-11-19 24.84 "MIN" "" "NYK" "W" 16 1 32.4833333333333 0.571 0.571 18.5 10.6 15.2 15.5 8 2.8 22.2 11.8 124 97 14.1 5.7
"11" "11" 2014-11-21 24.84 "MIN" "" "SAS" "L" -29 1 30.4166666666667 0.461 0.375 18.9 17.1 18.1 4.9 1.6 7.5 17 16.8 101 122 10.6 -3.2
"12" "12" 2014-11-22 24.84 "MIN" "" "SAC" "L" -12 1 38.6333333333333 0.551 0.5 9.7 20.7 14.3 4 2.6 4.5 8.4 13.2 119 116 13.1 -2.3
"13" "13" 2014-11-26 24.85 "MIN" "" "MIL" "L" -17 1 35.6 0.515 0.333 18.4 7.3 13.3 4.5 2.8 3.9 0 4.6 149 109 10.4 -0.6
"14" "14" 2014-11-28 24.86 "MIN" "@" "LAL" "W" 1 1 22.6666666666667 0.694 0.5 14.6 28.6 22.5 39.5 0 0 0 5.7 192 121 9.9 9.7
"15" "15" 2014-11-30 24.87 "MIN" "@" "POR" "L" -14 1 37.2 0.468 0.4 5.2 16.5 10.6 15.3 2.6 0 7.8 14.6 104 108 11.8 1.1
"16" "16" 2014-12-01 24.87 "MIN" "@" "LAC" "L" -26 1 20 0.643 0.6 15.3 6.9 11.7 43.2 2.4 0 0 11.9 153 129 10 7.5
"17" "17" 2014-12-03 24.87 "MIN" "" "PHI" "L" -8 1 41.2333333333333 0.528 0.5 5 31.3 18.8 10.1 2.4 0 22 19.4 88 82 12.8 1.3
"18" "18" 2014-12-05 24.88 "MIN" "" "HOU" "L" -2 1 31.2833333333333 0.727 0.667 10.4 14.1 12 9.7 4.8 0 16.2 17 132 105 14.1 3.1
"19" "19" 2014-12-06 24.88 "MIN" "@" "SAS" "L" -22 1 25.5 0.602 0.25 17.5 17.1 17.3 5.7 1.9 2.9 13.1 13.7 133 125 9.1 -3.8
"20" "20" 2014-12-08 24.89 "MIN" "" "GSW" "L" -16 1 27.1333333333333 0.615 0.5 0 42.3 19.5 24.9 0 5.1 17 8.7 121 97 10.1 4.9
"21" "21" 2014-12-10 24.89 "MIN" "" "POR" "W" 8 1 21.9 0.773 0.667 28 14 21 0 0 4.9 20.5 9.4 143 95 7.9 -1.2
"22" "22" 2014-12-12 24.9 "MIN" "" "OKC" "L" -19 1 36.8333333333333 0.646 0.8 13 17.1 15 16.9 2.8 8.1 10.5 11.7 131 113 16.4 5.7
"23" "23" 2014-12-14 24.9 "MIN" "" "LAL" "L" -6 1 35.9 0.436 0.444 16.7 9.3 13.2 8.2 1.4 4.2 16.2 14.6 96 106 9.2 -3.3
"24" "24" 2014-12-16 24.91 "MIN" "@" "WAS" "L" -14 1 37.2166666666667 0.521 0.375 8.2 29 17.8 4 0 5.6 0 14.1 125 115 13.2 -0.5
"25" "25" 2014-12-19 24.92 "MIN" "@" "BOS" "L" -16 1 33.1166666666667 0.431 0.4 12.6 0 7.2 4 1.6 4.7 16.1 16 93 126 6.3 -8.7
"26" "26" 2014-12-21 24.92 "MIN" "" "IND" "L" -4 1 32.9166666666667 0.74 0.6 11.8 13.9 12.9 13.8 0 0 37.2 15.2 108 112 8.7 -2
"27" "27" 2014-12-23 24.93 "MIN" "@" "CLE" "L" -21 1 36.1 0.74 0.6 9.5 29.5 18.8 8.6 4.1 8.9 12.9 17.4 144 116 23.9 7.8
"28" "28" 2014-12-26 24.94 "MIN" "@" "DEN" "L" -4 1 35.5666666666667 0.478 0.417 7.5 23.4 15.3 7.9 2.7 8.9 0 16.4 113 92 17.7 5.6
"29" "29" 2014-12-27 24.94 "MIN" "@" "GSW" "L" -13 1 26.2666666666667 0.463 0.333 11.7 12.7 12.2 12 0 6.1 25.8 18.2 88 109 5.8 -6
"30" "30" 2014-12-30 24.95 "MIN" "@" "UTA" "L" -6 1 34.05 0.444 0.444 10.6 11.4 11 26.1 1.6 4.7 25 17.2 95 112 8.7 -0.8
"31" "31" 2015-01-01 24.95 "MIN" "" "SAC" "L" -3 1 29.9 0.638 0.7 23.9 14.6 20.1 10.4 0 5.2 20.3 20.7 116 118 13.6 -1.1
"32" "32" 2015-01-03 24.96 "MIN" "" "UTA" "L" -12 1 32.6166666666667 0.519 0.286 5.9 17.3 10.5 4.7 1.7 5.4 9.4 15.4 114 117 9 -4.1
"33" "33" 2015-01-05 24.96 "MIN" "" "DEN" "L" -9 1 34.6333333333333 0.751 0.667 17.7 23.1 20 0 3 6.4 12 21.2 144 111 24.1 7.4
"34" "34" 2015-01-07 24.97 "MIN" "" "PHO" "L" -2 1 37.6333333333333 0.34 0.3 17.8 8.7 13.2 12.7 1.3 1.8 7.8 13.6 104 116 9.6 -3.6
"35" "35" 2015-01-09 24.98 "MIN" "@" "MIL" "L" -14 1 28.45 1 1 3.9 18.7 10.7 11.8 1.9 9 60 8 78 103 6.8 -1.4
"36" "36" 2015-01-10 24.98 "MIN" "" "SAS" "L" -15 1 30.9 0.705 0.636 18.1 24.7 21.4 7.4 1.6 10.4 0 18.8 154 104 22.8 13.1
"37" "37" 2015-01-13 24.99 "MIN" "@" "IND" "W" 9 1 37.7 0.571 0.429 13.4 20.6 17 20.5 3.9 4.1 31.3 14.7 109 96 14.3 3.9
"38" "38" 2015-01-16 24.99 "MIN" "@" "PHO" "L" -11 1 33.55 0.551 0.5 9.8 11.3 10.5 16.4 0 4 8.4 16 125 122 12 -0.5
"39" "39" 2015-01-17 25 "MIN" "@" "DEN" "W" 8 1 37.4333333333333 0.615 0.5 3.8 18.7 12.5 16.9 1.4 2.1 29.1 16.9 105 109 10.4 -1.8
"40" "40" 2015-01-19 25 "MIN" "@" "CHO" "L" -25 1 33.2166666666667 0.414 0.35 6.1 27.5 16.2 5.9 0 8.6 31.5 21.9 64 107 4.7 -8.5
"41" "41" 2015-01-21 25.01 "MIN" "" "DAL" "L" -23 1 25.1166666666667 0.5 0.5 18.4 11.6 15.7 7.6 0 0 14.3 12.7 106 120 6.4 -5.5
"42" "42" 2015-01-23 25.01 "MIN" "" "NOP" "L" -8 1 35.0833333333333 0.526 0.5 10.3 46.9 27.4 15.3 0 1.8 18.4 21.4 94 97 13.1 2.8
"43" "43" 2015-01-25 25.02 "MIN" "@" "ATL" "L" -12 1 27.8 0.58 0.5 10.8 25.4 18.3 21.7 0 3.3 11.4 15.9 132 129 9.8 1.1
"44" "44" 2015-01-26 25.02 "MIN" "@" "OKC" "L" -8 1 35.7333333333333 0.375 0.375 15.2 32.9 23.7 10.8 1.4 6.1 20 12 87 88 11.1 0.2
"45" "45" 2015-01-28 25.03 "MIN" "" "BOS" "W" 12 1 34.6833333333333 0.606 0.545 7.7 34.6 23.1 4.7 0 6.1 7 19.3 123 96 16.3 2.2
"46" "46" 2015-01-30 25.03 "MIN" "@" "PHI" "L" -9 1 32.4666666666667 0.574 0.5 11.7 30.4 20.5 11.1 3.2 8.7 19.7 20.8 105 101 14.5 2.4
"47" "47" 2015-01-31 25.04 "MIN" "" "CLE" "L" -16 0 20.4666666666667 0.355 0 15.3 0 8.1 20.7 2.7 4.3 0 12.8 117 122 6.2 2.2
"48" "48" 2015-02-02 25.04 "MIN" "@" "DAL" "L" -6 0 21.1333333333333 0.507 0.5 24.2 21.1 22.7 18.2 2.5 0 10.1 20.7 117 107 9.5 3
"49" "49" 2015-02-04 25.05 "MIN" "" "MIA" "W" 1 0 27.3 0.903 0.8 10 28 20 5.9 0 2.7 12.2 14.7 165 106 14.2 5
"50" "50" 2015-02-06 25.05 "MIN" "" "MEM" "W" 1 0 21.2833333333333 0.5 0.5 11.3 34.2 21.6 0 0 0 20 10.8 96 101 2.7 -5.5
"51" "51" 2015-02-08 25.06 "MIN" "@" "DET" "W" 11 0 15.1333333333333 0.25 0.25 9.9 14.8 12.7 8.9 3.5 0 42.9 21 46 105 -2 -18.5
"52" "52" 2015-02-09 25.06 "MIN" "" "ATL" "L" -12 0 23.8333333333333 0.5 0.5 16.4 43.5 28.1 16.8 2.2 15.5 0 10.2 146 108 14.4 12.4
"53" "53" 2015-02-11 25.07 "MIN" "" "GSW" "L" -3 0 13.55 0.148 0 7.1 7.2 7.2 21.5 0 0 12.9 25 47 103 -0.9 -10.9
"54" "54" 2015-02-20 25.09 "MIN" "" "PHO" "W" 2 0 37.7 0.705 0.75 10.6 20 15.4 3.9 0 3.5 15.8 13.8 126 111 14.7 0.6
"55" "55" 2015-02-23 25.1 "MIN" "@" "HOU" "L" -11 0 27.0333333333333 0.527 0.25 16.4 26.6 21.8 24.3 1.7 3.2 0 9.1 151 99 12.9 7.3
"56" "56" 2015-02-25 25.1 "MIN" "" "WAS" "W" 20 0 25.1833333333333 0.429 0.429 8.9 18 13.9 0 2 0 22.2 15.7 77 79 3.8 -5.1
"57" "57" 2015-02-27 25.11 "MIN" "@" "CHI" "L" -7 0 24.9 0.532 0.5 4.7 13.5 9.8 0 2.2 0 44.4 12.8 64 107 2.1 -8.6
"58" "58" 2015-02-28 25.11 "MIN" "" "MEM" "L" -4 0 38.6 0.752 0.667 9.4 24.9 14.3 0 2.7 0 10.4 10.7 147 108 14.1 0.6
"59" "59" 2015-03-02 25.12 "MIN" "" "LAC" "L" -5 1 38.6166666666667 0.563 0.5 8.9 20.7 15.2 0 1.3 4.2 18.4 12.5 102 107 8.9 -4.7
"60" "60" 2015-03-04 25.12 "MIN" "" "DEN" "L" -15 0 33.3666666666667 0.592 0.4 11.7 19.2 15.3 0 1.6 4 30.7 13.4 97 105 7.7 -5.6
"61" "61" 2015-03-07 25.13 "MIN" "" "POR" "W" 8 0 27.05 0.773 0.667 4.8 16.1 11 16.7 1.9 2.9 34 10 124 118 7.5 0.8
"62" "62" 2015-03-09 25.14 "MIN" "@" "LAC" "L" -13 0 26.9166666666667 0.375 0.375 4 34.1 19.4 7 0 3.7 0 13.3 87 96 5.6 -3.1
"63" "63" 2015-03-11 25.14 "MIN" "@" "PHO" "L" -9 0 30.7 0.868 0.75 7.6 20.6 13.9 20 1.8 0 25.8 11.8 142 115 11.5 4.1
"64" "64" 2015-03-13 25.15 "MIN" "@" "OKC" "L" -14 1 42.4 0.777 0.7 10.8 23.6 17.6 13 2.3 4.4 30.7 19.8 114 108 21.2 4.8
"65" "65" 2015-03-15 25.15 "MIN" "@" "SAS" "L" -26 1 31.5333333333333 0.36 0.385 6.5 17.4 11.1 0 1.6 2.5 12.6 22.2 69 125 3.2 -12.9
"66" "66" 2015-03-16 25.16 "MIN" "" "BRK" "L" -16 1 39.3333333333333 0.628 0.571 5.7 10.2 7.7 13.5 2.5 6.3 10.2 10.7 135 122 15 1.6
"67" "67" 2015-03-18 25.16 "MIN" "@" "TOR" "L" -5 1 38.1 0.279 0.222 2.9 18.4 10.5 9.6 1.3 5 27.1 16.7 58 109 2.3 -7.8
"68" "68" 2015-03-19 25.16 "MIN" "@" "NYK" "W" 3 1 48.2333333333333 0.808 0.9 6.9 20 13.1 4.6 2.2 8.6 14.5 13.5 138 87 22.6 8.2
"69" "69" 2015-03-22 25.17 "MIN" "" "CHO" "L" -11 1 35.7666666666667 0.752 0.625 8.4 19.2 14.5 3.9 0 1.9 15.8 18 133 122 13.4 -1.9
"70" "70" 2015-03-23 25.18 "MIN" "@" "UTA" "W" 2 1 44.6 0.564 0.5 9.9 5.1 7.2 3.7 3.8 6 9.3 11.8 124 109 12.1 -0.2
"71" "71" 2015-03-25 25.18 "MIN" "" "LAL" "L" -2 1 32.8833333333333 0.727 0.667 3.7 7.2 5.5 6.1 1.7 4.9 46.6 19.2 78 105 3.8 -8.5
"72" "72" 2015-03-27 25.19 "MIN" "@" "HOU" "L" -10 1 38.4333333333333 0.705 0.636 11 29.6 20.8 17.7 1.3 3.2 0 15.3 156 122 22 7.1
"73" "73" 2015-03-29 25.19 "MIN" "@" "NOP" "L" -22 1 9.1 0 0 0 46.5 21.4 0 0 25.5 0 5 0 95 1.9 1.2
"74" "" 2015-03-30 25.19 "MIN" "" "UTA" "L" -20 NA NA NA NA NA NA NA NA NA NA NA NA NA NA NA NA
"75" "" 2015-04-01 25.2 "MIN" "" "TOR" "L" -14 NA NA NA NA NA NA NA NA NA NA NA NA NA NA NA NA
"76" "" 2015-04-03 25.21 "MIN" "" "ORL" "L" -13 NA NA NA NA NA NA NA NA NA NA NA NA NA NA NA NA
"77" "" 2015-04-07 25.22 "MIN" "@" "SAC" "L" -5 NA NA NA NA NA NA NA NA NA NA NA NA NA NA NA NA
"78" "" 2015-04-08 25.22 "MIN" "@" "POR" "L" -25 NA NA NA NA NA NA NA NA NA NA NA NA NA NA NA NA
"79" "" 2015-04-10 25.22 "MIN" "@" "LAL" "L" -8 NA NA NA NA NA NA NA NA NA NA NA NA NA NA NA NA
"80" "" 2015-04-11 25.23 "MIN" "@" "GSW" "L" -9 NA NA NA NA NA NA NA NA NA NA NA NA NA NA NA NA
"81" "" 2015-04-13 25.23 "MIN" "" "NOP" "L" -12 NA NA NA NA NA NA NA NA NA NA NA NA NA NA NA NA
"82" "" 2015-04-15 25.24 "MIN" "" "OKC" "L" -25 NA NA NA NA NA NA NA NA NA NA NA NA NA NA NA NA
"1" "1" 2015-10-28 25.78 "MIN" "@" "LAL" "W" 1 0 20.3166666666667 0.41 0.25 5.6 15.8 10.9 6.6 2.4 8.4 17 12.9 87 103 4.1 -3.5
"2" "2" 2015-10-30 25.78 "MIN" "@" "DEN" "W" 17 0 13.2666666666667 0.333 0.333 0 6.1 3.6 0 0 5.2 25 13.6 48 88 -0.1 -7.2
"3" "3" 2015-11-02 25.79 "MIN" "" "POR" "L" -5 0 21.1 0.636 0.667 5.3 20.7 13.1 11.2 0 0 0 19.3 125 110 9.5 3.2
"4" "4" 2015-11-05 25.8 "MIN" "" "MIA" "L" -12 0 25.8333333333333 0.563 0.5 4.1 22.7 13 0 3.9 3 25.3 19.9 85 93 6.7 -0.7
"5" "5" 2015-11-07 25.8 "MIN" "@" "CHI" "W" 9 0 22.75 0.5 0.5 12.9 17.3 15.1 0 4.3 0 25 15.2 85 82 5.9 -1.9
"6" "6" 2015-11-09 25.81 "MIN" "@" "ATL" "W" 10 0 16.1833333333333 0.6 0.6 9.6 16.5 13.3 8 6 0 28.6 19.1 94 100 4.9 -1.8
"7" "7" 2015-11-10 25.81 "MIN" "" "CHO" "L" -9 0 17.9833333333333 0.25 0.25 13.3 25.4 19.5 0 0 0 33.3 14.5 51 108 -0.6 -15.2
"8" "8" 2015-11-12 25.82 "MIN" "" "GSW" "L" -13 0 17.7666666666667 0.751 0.667 6.4 21.3 13.5 0 2.7 5.3 12 19.4 140 121 10.7 7.3
"9" "9" 2015-11-13 25.82 "MIN" "@" "IND" "L" -4 0 11.4 0.5 0.5 23.4 49 37.3 0 4.5 0 33.3 12.2 97 96 3.1 -1.9
"10" "10" 2015-11-15 25.82 "MIN" "" "MEM" "L" -8 0 16.4333333333333 0.84 0.667 7.5 41.7 21.8 0 0 0 29.6 19.1 123 128 6.2 -3.5
"11" "11" 2015-11-17 25.83 "MIN" "@" "MIA" "W" 12 0 21.9666666666667 0.282 0.25 7.8 17.8 12.5 6.9 4.3 0 10.1 17.9 70 84 2.5 -5.9
"12" "12" 2015-11-18 25.83 "MIN" "@" "ORL" "L" -3 0 21 0.509 0.5 5.6 22.9 15.9 8.9 5 14.2 12.7 17.7 98 80 10.1 10
"13" "13" 2015-11-20 25.84 "MIN" "" "DET" "L" -10 0 19.9166666666667 0.508 0.429 11.2 11.5 11.3 0 5 0 20.2 22.7 88 94 5.1 -3.2
"14" "14" 2015-11-23 25.85 "MIN" "" "PHI" "W" 5 0 28.9 0.833 0.8 8.7 11.3 10.1 0 1.7 7.1 12.2 12.7 151 98 12.2 4.6
"15" "15" 2015-11-25 25.85 "MIN" "" "ATL" "W" 4 0 25.5 0.571 0.429 12.5 28.4 21.1 19.9 3.9 11.1 18.6 19.2 114 83 13.8 9
"16" "16" 2015-11-27 25.86 "MIN" "@" "SAC" "W" 10 0 26.6666666666667 0.694 0.5 15 19.6 17.6 10.8 4 0 25.8 13.6 129 93 10.6 4.7
"17" "17" 2015-11-29 25.86 "MIN" "@" "LAC" "L" -8 0 24.5333333333333 0.799 0.714 10 40.1 25.1 14.4 2.1 3.7 10.2 18.3 153 106 15.8 11.3
"18" "18" 2015-12-01 25.87 "MIN" "" "ORL" "L" -3 0 29 0.751 0.667 7.4 18.4 12.9 7.4 1.8 7.2 21.5 14.5 125 98 12.3 5.3
"19" "19" 2015-12-05 25.88 "MIN" "" "POR" "L" -6 0 24.3833333333333 0.805 0.75 8.7 14.8 11.6 7.5 2.1 0 30 24.2 110 113 10.2 0.5
"20" "20" 2015-12-07 25.88 "MIN" "" "LAC" "L" -4 0 30.2333333333333 0.595 0.5 3.9 13.2 8.9 11.3 0 0 14.5 18.9 114 115 8.3 -2.5
"21" "21" 2015-12-09 25.89 "MIN" "" "LAL" "W" 1 0 30.4166666666667 0.443 0 3.9 24.9 14 3.8 1.7 0 15.1 9.6 101 116 4.9 -6.6
"22" "22" 2015-12-11 25.9 "MIN" "@" "DEN" "L" -3 0 22.95 0.694 0.5 0 32.2 14.9 6.9 4.6 11.9 25.8 16.3 107 92 9.4 5.6
"23" "23" 2015-12-13 25.9 "MIN" "@" "PHO" "L" -7 0 28.8166666666667 0.601 0.571 0 20.3 11 6.3 0 5.8 37.5 19.8 73 110 2.9 -8
"24" "24" 2015-12-15 25.91 "MIN" "" "DEN" "L" -12 0 23.05 0.5 0.5 10.7 47 26.8 6.5 4.8 3.8 20 10.4 103 113 6.3 -1.3
"25" "25" 2015-12-16 25.91 "MIN" "@" "NYK" "L" -5 1 36.2333333333333 0.709 0.667 7.6 19.3 13.2 11.7 1.4 2.1 9.2 12.6 143 112 15.5 3
"26" "26" 2015-12-18 25.92 "MIN" "" "SAC" "W" 4 0 28.8666666666667 0.5 0.5 9 34.8 22.9 23.3 0 2.9 20 7.8 125 102 8.9 5.5
"27" "27" 2015-12-20 25.92 "MIN" "@" "BRK" "W" 15 0 36.3 0.776 0.75 0 29.4 15.6 15.2 1.4 2.3 7.2 17.7 140 90 19.4 7
"28" "28" 2015-12-21 25.92 "MIN" "@" "BOS" "L" -14 1 29.6333333333333 0.466 0.5 3.7 15.4 9.4 18.5 1.7 5.1 13.4 22.9 86 113 8.4 -2.2
"29" "29" 2015-12-23 25.93 "MIN" "" "SAS" "L" -25 0 28.75 0.607 0.556 4.1 22.6 12.8 15.4 0 2.9 23.3 22.4 96 122 7.4 -2.3
"30" "30" 2015-12-26 25.94 "MIN" "" "IND" "L" -14 0 34.5166666666667 0.359 0.25 7.3 20.5 13.5 8.6 1.5 0 38.1 21.1 58 112 0.3 -13.2
"31" "31" 2015-12-28 25.94 "MIN" "@" "SAS" "L" -6 0 22.7666666666667 0.372 0.333 17.1 13.6 15.5 12.9 6.6 0 31.7 30.9 65 98 2.2 -9
"32" "32" 2015-12-30 25.95 "MIN" "" "UTA" "W" 14 0 25.6 0.652 0.643 4.5 30.6 18.5 6.6 4.3 0 9.8 19.3 122 80 12.7 7.4
"33" "33" 2015-12-31 25.95 "MIN" "@" "DET" "L" -25 1 21.9833333333333 0.6 0.6 4.7 10.4 7.4 15.3 2.2 8.6 28.6 14 92 111 5.6 -0.4
"34" "34" 2016-01-02 25.96 "MIN" "" "MIL" "L" -10 0 25.0666666666667 0.712 0.6 7.2 18.2 12.1 0 0 0 38.8 17.9 88 111 4.1 -9.8
"35" "35" 2016-01-04 25.96 "MIN" "@" "PHI" "L" -10 0 27.4666666666667 0.709 0.667 16.9 26.5 21.8 6.1 3.8 5.2 9.2 19.1 136 110 16 5.8
"36" "36" 2016-01-06 25.97 "MIN" "" "DEN" "L" -4 0 27.0166666666667 0 0 8.7 23.7 16.5 12.7 2.2 2.9 0 7.8 49 88 2.7 -4.9
"37" "37" 2016-01-08 25.97 "MIN" "" "CLE" "L" -26 0 21.15 0.333 0.333 0 37.8 17.9 13.5 2.4 0 25 8.9 69 128 1.9 -8.2
"38" "38" 2016-01-10 25.98 "MIN" "" "DAL" "L" -6 0 18.8166666666667 0 0 26.2 20.1 23.2 7.7 0 0 66.7 7.3 65 109 0.5 -11.2
"39" "39" 2016-01-12 25.98 "MIN" "" "OKC" "L" -5 0 31.9833333333333 0.333 0.333 3.4 17.9 10.5 8.7 1.5 14.5 40 6.9 65 92 6.3 2.1
"40" "40" 2016-01-13 25.99 "MIN" "@" "HOU" "L" -3 0 24.6 0.383 0.3 4.3 21.1 11.9 6.5 6.1 0 7.8 22.4 87 102 5.8 -5
"41" "41" 2016-01-15 25.99 "MIN" "@" "OKC" "L" -20 0 15.55 0.333 0.333 14 22.6 18.2 20 0 0 25 11.5 90 127 3 -2.2
"42" "42" 2016-01-17 26 "MIN" "" "PHO" "W" 30 0 17.6 0.826 0.667 18.8 26 23 9.7 2.9 4.1 24.8 32.4 134 88 13.6 6.4
"43" "43" 2016-01-19 26 "MIN" "@" "NOP" "L" -15 0 18.25 0.82 0.75 19.7 27 23.3 0 5.7 8.8 29.1 17.1 124 107 11.1 7.9
"44" "44" 2016-01-20 26.01 "MIN" "@" "DAL" "L" -12 0 16.2 0.429 0.429 13.9 57.7 36.7 10.8 6.3 0 12.5 23.2 88 84 6.9 2.5
"45" "45" 2016-01-23 26.01 "MIN" "" "MEM" "W" 5 0 19.3666666666667 0.2 0.2 7.7 31 20.7 15.7 0 8.3 44.4 22.6 42 107 -1.3 -16.3
"46" "46" 2016-01-25 26.02 "MIN" "@" "CLE" "L" -7 0 25.6333333333333 0.817 0.5 9.6 17.8 13.9 10.1 3.9 0 27.4 19.7 132 114 12.8 3.1
"47" "47" 2016-01-27 26.02 "MIN" "" "OKC" "L" -3 1 26.9666666666667 0.733 0.769 24.3 14.1 19.5 5.5 1.9 2.5 6.5 24.7 145 130 20.8 6.8
"48" "48" 2016-01-29 26.03 "MIN" "@" "UTA" "L" -13 1 39.3666666666667 0.627 0.583 19.8 27.9 23.4 9.2 2.9 0 0 19.4 146 116 23.1 8.9
"49" "49" 2016-01-31 26.04 "MIN" "@" "POR" "L" -3 1 38.3333333333333 0.611 0.5 2.8 26.8 14.6 8.4 0 2.6 8.6 13.5 128 107 11.5 0.5
"50" "50" 2016-02-02 26.04 "MIN" "@" "LAL" "L" -4 1 36.8 0.733 0.667 4.1 20.4 12.2 17.1 1.4 0 13.4 18.4 138 127 17.8 2.1
"51" "51" 2016-02-03 26.04 "MIN" "@" "LAC" "W" 6 1 30.8333333333333 0.732 0.667 4.6 32.6 20.2 0 0 0 37.9 19.9 89 111 6.2 -7.3
"52" "52" 2016-02-06 26.05 "MIN" "" "CHI" "W" 7 1 41.4833333333333 0.813 0.769 16.1 23.1 19.8 24.2 0 1.8 6.3 17.3 169 117 27.8 12
"53" "53" 2016-02-08 26.06 "MIN" "" "NOP" "L" -14 1 30.9166666666667 0.53 0.55 18.1 22.6 20.5 22 0 2.1 8.1 17.6 119 118 12.3 1.2
"54" "54" 2016-02-10 26.06 "MIN" "" "TOR" "W" 5 1 41.0166666666667 0.639 0.571 8.6 18.6 13.8 23.2 2.5 2.1 15.4 14.3 131 118 17.8 6.5
"55" "55" 2016-02-19 26.09 "MIN" "@" "MEM" "L" -5 1 44.0166666666667 0.601 0.444 10.4 20.8 15.6 4.1 3.4 1.8 20.5 14.7 112 109 14.7 -0.5
"56" "56" 2016-02-20 26.09 "MIN" "" "NYK" "L" -8 1 24.7166666666667 0.218 0.167 8.3 5.5 7.1 5.7 0 2.9 12.7 15 61 117 0.1 -14.2
"57" "57" 2016-02-22 26.1 "MIN" "" "BOS" "W" 2 1 36.9833333333333 0.781 0.75 15.1 19.8 17.5 7.7 1.2 1.8 0 12 176 116 21.1 7.5
"58" "58" 2016-02-24 26.1 "MIN" "@" "TOR" "L" -9 1 41.35 0.902 0.889 9.4 15.3 12.4 12.6 1.3 3.9 20.5 16.4 146 125 21 6.4
"59" "59" 2016-02-27 26.11 "MIN" "@" "NOP" "W" 2 1 38 0.6 0.6 0 8.6 4.4 7.3 3.8 4.4 0 11.7 121 104 12.9 1.3
"60" "60" 2016-02-28 26.11 "MIN" "@" "DAL" "L" -27 1 25.3333333333333 0.341 0.273 22.9 15 19.7 0 0 7.2 13.2 23.7 86 131 5.7 -10.8
"61" "61" 2016-03-02 26.12 "MIN" "" "WAS" "L" -6 1 30.1333333333333 0.6 0.6 4 27.2 15.7 29.3 1.6 0 16.7 8.8 125 104 9.2 5.4
"62" "62" 2016-03-04 26.13 "MIN" "@" "MIL" "L" -15 1 29.7666666666667 0.888 0.857 3.8 34.9 18.1 10 0 8.2 20.2 13.5 141 112 14.9 5.8
"63" "63" 2016-03-05 26.13 "MIN" "" "BRK" "W" 14 1 24.45 0.41 0.5 0 13.7 8.8 8.2 0 8.9 29.1 13.8 71 123 2.4 -9.9
"64" "64" 2016-03-07 26.13 "MIN" "@" "CHO" "L" -5 1 31.5166666666667 0.607 0.556 3.7 27.7 16.1 4.9 6 5.1 23.3 18.6 95 93 12.3 2.7
"65" "65" 2016-03-08 26.14 "MIN" "" "SAS" "L" -25 1 27.8333333333333 0.254 0.143 0 18.6 8.5 5 3.7 5.2 20.2 16.6 48 115 1.2 -7.6
"66" "66" 2016-03-11 26.15 "MIN" "@" "OKC" "W" 3 1 30.8166666666667 0.742 0.583 3.5 26.5 15.4 6 3.1 8.2 5.6 25.9 146 86 24.3 14.7
"67" "67" 2016-03-14 26.15 "MIN" "@" "PHO" "L" -3 1 33.0833333333333 0.542 0.375 3.3 23.7 14 4.4 4.2 4.8 15.3 16.8 99 92 12.6 1.2
"68" "68" 2016-03-16 26.16 "MIN" "@" "MEM" "W" 6 1 31.7 0.768 0.75 4.9 14.3 10.8 34.3 0 5.7 9.3 16.7 158 120 18.4 10.1
"69" "69" 2016-03-18 26.16 "MIN" "@" "HOU" "L" -5 1 35.7666666666667 0.448 0.273 10.1 21.8 15.7 17.2 2.9 2.4 6.4 19.4 115 121 13.6 -2.4
"70" "70" 2016-03-21 26.17 "MIN" "" "GSW" "L" -5 1 27.7666666666667 0.457 0.286 8.4 21.6 14.9 5.3 3.6 5.5 18.6 16.9 92 103 7.7 -1.8
"71" "71" 2016-03-23 26.18 "MIN" "" "SAC" "W" 9 1 36.8166666666667 0.707 0.7 3.7 29.9 18.8 10.9 2.6 3.7 8.1 14.5 137 95 19.5 7.9
"72" "72" 2016-03-25 26.18 "MIN" "@" "WAS" "W" 3 1 39.9 0.787 0.773 3.6 24.7 15 18.5 0 4.1 0 13.9 165 117 19.5 8.3
"73" "73" 2016-03-26 26.19 "MIN" "" "UTA" "L" -9 1 29.7666666666667 0.333 0.333 3.4 8.3 5.6 11.2 1.8 2.6 14.3 11 74 104 3.2 -5.1
"74" "74" 2016-03-28 26.19 "MIN" "" "PHO" "W" 5 1 30.1666666666667 0.739 0.714 15.9 21.5 18.6 0 3 0 28.7 14.2 114 109 10.2 -2.7
"75" "75" 2016-03-30 26.2 "MIN" "" "LAC" "L" -20 1 21.6166666666667 0.218 0.167 9.3 38.6 23.6 16 0 4.2 0 13.8 75 102 3.9 -2.4
"76" "76" 2016-04-01 26.2 "MIN" "@" "UTA" "L" -13 1 10.5333333333333 0.5 0.5 0 13 5.9 0 10.6 0 0 18.5 98 96 3.1 -0.5
"77" "77" 2016-04-03 26.21 "MIN" "" "DAL" "L" -10 1 23.15 0.508 0.429 5.9 8.3 7.3 9.1 2.4 0 11.3 19.4 98 107 5.9 -1.2
"78" "78" 2016-04-05 26.21 "MIN" "@" "GSW" "W" 7 1 19 0.625 0.625 0 32.4 16.2 0 2.5 8.9 20 23.5 86 96 7.9 0.7
"79" "79" 2016-04-07 26.22 "MIN" "@" "SAC" "W" 8 1 34.15 0.51 0.467 16.3 23.9 20.3 10.7 0 2.1 5.4 24.1 117 103 16.1 -0.8
"80" "80" 2016-04-09 26.22 "MIN" "@" "POR" "W" 1 1 24.3333333333333 0.621 0.333 5.1 11.3 8 5.1 2.2 10.6 26.2 14.2 108 111 7.2 -0.2
"81" "81" 2016-04-11 26.23 "MIN" "" "HOU" "L" -24 1 25.3 0.611 0.5 4.2 15 9.1 6.2 1.9 0 0 18.3 134 128 11.1 -1.8
"82" "82" 2016-04-13 26.24 "MIN" "" "NOP" "W" 35 1 32.6666666666667 1.025 1 21 21.4 21.3 12.9 0 4.7 9.3 14.5 192 108 24.1 9.2
"1" "1" 2016-10-26 26.77 "MIN" "@" "MEM" "L" -4 1 34.0166666666667 0.551 0.5 14.4 31 22 9.8 3.1 2.5 0 14.1 137 103 16.1 6.6
"2" "2" 2016-10-29 26.78 "MIN" "@" "SAC" "L" -3 1 34.6 0.651 0.556 20.6 31.2 26.9 9.2 0 4.7 8.5 17.2 142 114 15.4 2.8
"3" "3" 2016-11-01 26.79 "MIN" "" "MEM" "W" 36 1 33.6333333333333 0.86 0.889 4.2 14.9 10.4 9 4.4 5.6 16.8 15.5 139 75 18.3 9.5
"4" "4" 2016-11-03 26.79 "MIN" "" "DEN" "L" -3 1 27.9 0.167 0.167 6.7 9.6 7.9 10.3 0 2.9 40 15 41 105 -3.3 -14.4
"5" "5" 2016-11-05 26.8 "MIN" "@" "OKC" "L" -20 1 27.1833333333333 0.5 0.5 7.5 30.3 17.2 0 0 10.1 27.3 17.1 81 113 5.4 -4.4
"6" "6" 2016-11-08 26.81 "MIN" "@" "BRK" "L" -9 1 19.3166666666667 0.694 0.75 0 16 5.9 23.6 2.4 5.8 14.8 14 130 114 7.4 3.5
"7" "7" 2016-11-09 26.81 "MIN" "@" "ORL" "W" 16 1 35.4666666666667 0.667 0.667 11 23 17.7 25.7 2.9 2.2 18.2 14.3 138 110 16.2 5.6
"8" "8" 2016-11-12 26.82 "MIN" "" "LAC" "L" -14 1 30.2 0.5 0.5 9.9 9.6 9.8 9 1.7 0 14.3 10 112 130 6.3 -3.4
"9" "9" 2016-11-13 26.82 "MIN" "" "LAL" "W" 26 1 30.7666666666667 0.25 0.25 7.3 27.3 16.9 7.7 0 3.3 20 7.2 88 105 3.4 -5.4
"10" "10" 2016-11-15 26.83 "MIN" "" "CHO" "L" -7 1 32.8666666666667 0.615 0.5 9.3 35.4 20.1 13 0 2.6 40.6 15.5 91 117 7.5 -4
"11" "11" 2016-11-17 26.83 "MIN" "" "PHI" "W" 24 1 29.3833333333333 0.47 0.364 12 24.3 18.6 13.4 1.8 3.2 13.6 22.8 109 91 9.9 -0.9
"12" "12" 2016-11-19 26.84 "MIN" "@" "MEM" "L" -22 1 35.85 0.467 0.429 7 28.7 18.4 6.4 0 2.3 17.2 17.4 87 107 6.4 -3
"13" "13" 2016-11-21 26.84 "MIN" "" "BOS" "L" -6 1 39.5166666666667 0.592 0.625 14.9 11.9 13.5 15.3 1.3 2.6 22.9 23.7 98 106 15 2.4
"14" "14" 2016-11-23 26.85 "MIN" "@" "NOP" "L" -21 1 24.0166666666667 0.742 0.714 4.1 37.8 18.6 43.4 0 0 18.6 18.3 127 115 12.8 6.9
"15" "15" 2016-11-25 26.85 "MIN" "@" "PHO" "W" 13 1 36.9166666666667 0.506 0.45 11.1 9.8 10.5 9 4 9.8 15.5 14.8 105 83 12.5 4.9
"16" "16" 2016-11-26 26.86 "MIN" "@" "GSW" "L" -13 1 38.15 0.625 0.625 3.1 17.5 9.8 7.8 1.3 4.3 0 14.1 132 119 14.2 4.5
"17" "17" 2016-11-28 26.86 "MIN" "" "UTA" "L" -9 1 31.5333333333333 0.539 0.375 15.2 7.4 11.3 19.4 1.6 2.5 8.9 16.1 129 121 13.1 4.3
"18" "18" 2016-11-30 26.87 "MIN" "" "NYK" "L" -2 1 32.6166666666667 0.463 0.333 15.5 14.4 14.9 9.5 1.6 0 18.8 14.3 103 115 6.6 -4.6
"19" "19" 2016-12-02 26.87 "MIN" "@" "NYK" "L" -4 1 17.7833333333333 0.5 0.5 6 26.3 15.7 0 0 0 50 9.6 59 120 -1.1 -14.7
"20" "20" 2016-12-03 26.88 "MIN" "@" "CHO" "W" 5 1 31.0333333333333 0.318 0.318 6.7 20.5 13.5 4 0 5.3 8.3 16.3 76 111 3.2 -10.6
"21" "21" 2016-12-06 26.88 "MIN" "" "SAS" "L" -14 1 33.0833333333333 0.714 0.778 10.1 22 15.3 5.6 1.6 0 15.2 18.3 123 115 13.4 4.6
"22" "22" 2016-12-08 26.89 "MIN" "@" "TOR" "L" -14 1 33.0833333333333 0.506 0.444 3.5 20.2 11.9 11.1 1.6 0 16.8 16 107 132 7.3 -2.6
"23" "23" 2016-12-09 26.89 "MIN" "" "DET" "L" -27 1 27.0833333333333 0.689 0.667 4.7 25.9 15.7 20.2 2 0 0 16.9 147 126 13.9 8.2
"24" "24" 2016-12-11 26.9 "MIN" "" "GSW" "L" -8 1 35.85 0.468 0.4 8.5 9.8 9.1 0 2.8 5.3 20.3 17.8 89 115 7 -3.2
"25" "25" 2016-12-13 26.9 "MIN" "@" "CHI" "W" 5 1 37.0666666666667 0.621 0.625 6 13.8 10.1 9 0 3.6 7.2 16.4 125 105 13.5 4
"26" "26" 2016-12-17 26.92 "MIN" "" "HOU" "L" -2 1 32.7833333333333 0.667 0.667 3.2 15.5 9.5 4.3 0 7.2 0 3.9 148 104 5.8 -0.6
"27" "27" 2016-12-19 26.92 "MIN" "" "PHO" "W" 7 1 40 0.5 0.5 13 15.8 14.4 3.3 1.2 3.9 16.7 12.4 102 106 8.4 -3.4
"28" "28" 2016-12-21 26.93 "MIN" "@" "ATL" "W" 8 1 39.8666666666667 0.551 0.5 5.7 18.7 12.5 4.2 1.4 6.5 15.5 14.6 107 92 11.1 0.8
"29" "29" 2016-12-23 26.93 "MIN" "" "SAC" "L" -4 1 42.95 0.6 0.6 8.4 21.7 14.7 3.4 1.3 4.4 16.7 6.5 125 119 8 -2.5
"30" "30" 2016-12-25 26.94 "MIN" "@" "OKC" "L" -12 1 29.4 0.429 0.429 11.1 14.4 12.6 0 3.5 0 22.2 14 83 118 4.1 -7.5
"31" "31" 2016-12-26 26.94 "MIN" "" "ATL" "W" 14 1 34.55 0.543 0.5 6.9 15.1 11.3 14.5 4.6 0 13.4 19.9 111 95 12.8 1.1
"32" "32" 2016-12-28 26.95 "MIN" "@" "DEN" "L" -2 1 39.45 0.842 0.818 5.3 20.9 12 3.9 1.3 2.3 7.8 14.3 157 115 18.5 3
"33" "33" 2016-12-30 26.95 "MIN" "" "MIL" "W" 17 1 34 0.5 0.5 4.7 12.8 9 10.9 1.6 7.6 0 8.7 133 110 9.4 2.7
"34" "34" 2017-01-01 26.96 "MIN" "" "POR" "L" -6 1 37.6166666666667 0.432 0.385 5.1 23.5 13.1 8.9 2.7 0 6.7 17.1 96 101 8.8 -2.7
"35" "35" 2017-01-03 26.96 "MIN" "@" "PHI" "L" -2 1 27.4666666666667 0.727 0.667 3.9 24.5 14.7 13.4 1.8 6.6 12.7 12.8 134 89 11.4 7.3
"36" "36" 2017-01-06 26.97 "MIN" "@" "WAS" "L" -7 1 39.55 0.582 0.542 9.1 31.3 18.8 7 2.7 0 7.2 16 127 121 15.5 2.8
"37" "37" 2017-01-07 26.97 "MIN" "" "UTA" "L" -2 1 40.0833333333333 0.463 0.409 2.8 19.1 11 15.9 0 2.2 7.8 14.8 109 109 9.4 2
"38" "38" 2017-01-09 26.98 "MIN" "" "DAL" "W" 9 1 25.3333333333333 0.615 0.625 13.1 15 14.1 0 0 0 9.3 20.8 117 112 8.5 -4.7
"39" "39" 2017-01-11 26.98 "MIN" "" "HOU" "W" 14 1 25.5833333333333 1 1 0 8 4.6 10.8 0 4.2 28.6 12 128 110 8.4 1.8
"40" "40" 2017-01-13 26.99 "MIN" "" "OKC" "W" 10 1 33.2333333333333 0.184 0.1 0 8.8 4.9 7.7 0 0 0 14.7 53 100 -2.3 -12.2
"41" "41" 2017-01-15 26.99 "MIN" "@" "DAL" "L" -11 1 31.1666666666667 0.788 0.833 17.1 11.6 14.5 0 1.7 0 0 20.5 159 111 20.8 11.9
"42" "42" 2017-01-17 27 "MIN" "@" "SAS" "L" -8 1 28.5166666666667 0.581 0.5 5 21.6 13.8 13 1.7 10.2 6.4 24.1 117 112 16.2 6.8
"43" "43" 2017-01-19 27 "MIN" "@" "LAC" "W" 3 1 25.9 0.697 0.625 18.5 12.6 15.4 6 0 0 0 16 160 111 11.8 3.3
"44" "44" 2017-01-22 27.01 "MIN" "" "DEN" "W" 3 1 16.5 0.667 0.667 0 7.3 3.8 7.4 6 5 0 8.1 140 104 5.2 3.3
"45" "45" 2017-01-24 27.02 "MIN" "@" "PHO" "W" 1 1 33.9 0.727 0.727 13.8 15.7 14.8 8.7 1.4 6.3 15.4 16.8 132 109 16.7 5.4
"46" "46" 2017-01-26 27.02 "MIN" "" "IND" "L" -6 1 33.55 0.546 0.5 3.3 33.7 16.5 4.5 2.9 4.5 12 11.5 103 106 10 -0.9
"47" "47" 2017-01-28 27.03 "MIN" "" "BRK" "W" 20 1 33.8833333333333 0.558 0.444 3 31.1 15.9 13.7 2.7 0 15.7 15.3 114 104 12.3 -0.1
"48" "48" 2017-01-30 27.03 "MIN" "" "ORL" "W" 6 1 32.8333333333333 0.357 0.357 14 31 23.1 13.2 0 0 12.5 11.4 101 103 6.6 -4.7
"49" "49" 2017-02-01 27.04 "MIN" "@" "CLE" "L" -28 1 20.6166666666667 0.25 0.25 9.7 24.5 16.2 12 0 0 0 8.4 95 132 2 -8.5
"50" "50" 2017-02-03 27.04 "MIN" "@" "DET" "L" -8 1 31.8333333333333 0.333 0.333 3.6 35.3 20.3 7.6 1.6 6.3 10 13.7 78 107 7.2 -2.5
"51" "51" 2017-02-04 27.05 "MIN" "" "MEM" "L" -8 1 34.6 0.167 0.167 12.3 29.7 20.7 4.1 0 0 0 7.8 85 120 4 -6.8
"52" "52" 2017-02-06 27.05 "MIN" "" "MIA" "L" -2 1 24.8166666666667 0.77 0.75 0 34.7 18.8 0 2.1 0 0 16 153 119 12.5 3.5
"53" "53" 2017-02-08 27.06 "MIN" "" "TOR" "W" 3 1 31.95 0.619 0.563 12.2 25.8 18.8 4.6 3.4 0 0 13.2 148 118 12 2.1
"54" "54" 2017-02-10 27.06 "MIN" "" "NOP" "L" -16 1 33.75 0.45 0.438 9.1 23.7 14.8 4.2 4.4 0 10.1 12.9 101 119 7.9 -3.3
"55" "55" 2017-02-12 27.07 "MIN" "" "CHI" "W" 28 1 34.0666666666667 0.556 0.556 11.7 31.3 22.6 0 2.9 2.4 10 13.2 114 87 11.3 -1.2
"56" "56" 2017-02-14 27.07 "MIN" "" "CLE" "L" -8 1 37.8833333333333 0.581 0.5 6 24.1 15.1 3.4 0 0 0 12.7 130 124 10.2 -3.5
"57" "57" 2017-02-15 27.08 "MIN" "@" "DEN" "W" 13 1 28.1166666666667 0.389 0.389 3.9 13.7 9.1 9.5 3.5 0 0 14.6 96 101 6 -2.6
"58" "58" 2017-02-24 27.1 "MIN" "" "DAL" "W" 13 1 32.1333333333333 0.41 0.25 8.3 3.5 5.7 0 3.3 0 0 7.3 112 94 4.1 -3.6
"59" "59" 2017-02-25 27.1 "MIN" "@" "HOU" "L" -12 1 36.0166666666667 0.68 0.7 13.3 24 19.3 6.7 5 3.7 20.3 15.2 122 122 18.4 4.6
"60" "60" 2017-02-27 27.11 "MIN" "@" "SAC" "W" 14 1 20.3 0.113 0 4.6 49.5 25.2 5.9 0 0 18.4 22.6 34 92 -1.9 -19
"61" "61" 2017-03-01 27.12 "MIN" "@" "UTA" "W" 27 1 23 0.451 0.333 0 23.2 13.3 6 2.3 5.9 0 16.3 105 83 8.1 2.3
"62" "62" 2017-03-04 27.12 "MIN" "@" "SAS" "L" -7 1 37.3666666666667 0.509 0.455 14.8 15.2 15 20.3 1.5 2 19 19.8 103 100 12.9 4.8
"63" "63" 2017-03-08 27.13 "MIN" "" "LAC" "W" 16 1 39.1 0.509 0.5 9.2 16 12.8 6.4 5.3 4.2 12.7 9.1 116 89 12.1 5.2
"64" "64" 2017-03-10 27.14 "MIN" "" "GSW" "W" 1 1 24 0.551 0.5 0 18.2 9 0 2.1 3.1 0 19.6 120 105 9.1 3
"65" "65" 2017-03-11 27.14 "MIN" "@" "MIL" "L" -7 1 24 0.658 0.5 10 21.1 15.4 0 0 3.3 0 10.4 153 117 7.9 1.5
"66" "66" 2017-03-13 27.15 "MIN" "" "WAS" "W" 15 1 32.4166666666667 0.727 0.667 7.8 25.8 17.6 0 1.5 7.7 30.4 13.2 105 97 10.1 0.2
"67" "67" 2017-03-15 27.15 "MIN" "@" "BOS" "L" -13 1 31.1166666666667 0.508 0.429 13.1 24.1 17.6 17.4 0 0 20.2 14.1 113 131 7.8 -4
"68" "68" 2017-03-17 27.16 "MIN" "@" "MIA" "L" -18 1 27.55 0 0 4.5 24 12.8 8.5 0 3 0 11.9 30 132 -2.5 -14.3
"69" "69" 2017-03-19 27.16 "MIN" "@" "NOP" "L" -14 1 35.3833333333333 0.846 0.75 6.5 26.4 15.7 3.4 2.7 4.5 36.1 10.4 114 118 11.2 -1.5
"70" "70" 2017-03-21 27.17 "MIN" "" "SAS" "L" -7 1 32.9666666666667 0.75 0.75 8.1 8.1 8.1 11.1 0 0 33.3 12.4 104 118 4.4 -2.6
"71" "71" 2017-03-24 27.18 "MIN" "@" "LAL" "L" -11 1 38.7166666666667 0.589 0.545 12.2 8.1 10.4 10.9 1.3 6.3 20.2 17.3 110 125 12.3 -5
"72" "72" 2017-03-25 27.18 "MIN" "@" "POR" "L" -12 1 34.85 0.618 0.429 3.7 33.1 15.6 8.4 6.2 5.6 0 14.9 139 114 17.8 8.5
"73" "73" 2017-03-28 27.19 "MIN" "@" "IND" "W" 1 1 44.1666666666667 0.638 0.643 11.7 9.3 10.6 3.8 1.2 3.5 6.3 15.9 133 124 15.8 -0.7
"74" "74" 2017-03-30 27.19 "MIN" "" "LAL" "W" 15 1 41.8166666666667 0.533 0.5 10.9 31.6 21 17.9 0 6 8.8 11.6 133 109 15.7 3.1
"75" "75" 2017-04-01 27.2 "MIN" "" "SAC" "L" -6 1 36.9666666666667 0.564 0.438 6 20.5 12.8 7.4 3.9 2.2 0 11.1 135 115 13.7 1.4
"76" "76" 2017-04-03 27.21 "MIN" "" "POR" "W" 1 1 39.2666666666667 0.45 0.375 10.2 14.2 12.4 9.8 0 4.5 0 10.1 127 123 9.1 -1.5
"77" "77" 2017-04-04 27.21 "MIN" "@" "GSW" "L" -14 1 28.15 0.51 0.4 6.7 30.6 17.1 18.1 0 0 0 8.3 143 127 9.6 2.2
"78" "78" 2017-04-06 27.21 "MIN" "@" "POR" "L" -7 1 39.1 0.41 0.25 2.7 29.2 15.3 6.7 1.2 5.1 29.1 7.8 78 103 4.7 -3.8
"79" "79" 2017-04-07 27.22 "MIN" "@" "UTA" "L" -7 1 26.5333333333333 0.615 0.5 10.1 17.5 13.5 5.1 4 3.6 0 8.5 151 125 9.3 2.9
"80" "80" 2017-04-09 27.22 "MIN" "@" "LAL" "L" -1 1 37.45 0.773 0.667 7.1 14.2 11.1 14.7 1.3 6.5 11.4 10.4 152 111 16.4 5.5
"81" "81" 2017-04-11 27.23 "MIN" "" "OKC" "L" -2 1 38.85 0.83 0.818 7.9 14.7 11.1 13.8 2.7 1.9 14.9 15.4 142 107 19.7 6.1
"82" "82" 2017-04-12 27.23 "MIN" "@" "HOU" "L" -5 1 27.35 0.375 0.375 12.8 16 14.6 8.2 0 0 27.3 17.1 78 126 2.8 -13.2
"1" "1" 2017-10-18 27.75 "MIN" "@" "SAS" "L" -8 0 13.5 0.2 0.2 21.8 8.3 15.5 21.3 3.8 0 28.6 23 65 112 1.3 -8.6
"2" "2" 2017-10-20 27.75 "MIN" "" "UTA" "W" 3 0 15.5166666666667 0.452 0.5 15.1 15.1 15.1 9.4 0 0 23.1 12.4 97 108 2.1 -4.2
"3" "3" 2017-10-22 27.76 "MIN" "@" "OKC" "W" 2 0 12.4166666666667 0.509 0.417 20.9 8.8 14.3 11 0 0 12.7 26.9 112 115 4.2 -3
"4" "4" 2017-10-24 27.76 "MIN" "" "IND" "L" -23 0 12.6333333333333 0.75 0.75 8.8 58.5 27.5 12.4 0 0 0 13.9 158 134 6.6 2.9
"5" "5" 2017-10-25 27.77 "MIN" "@" "DET" "L" -21 0 14.9833333333333 0.667 0.667 7.6 30.5 19.1 13.2 0 5.5 14.3 20.7 117 118 6.9 1.8
"6" "6" 2017-10-27 27.77 "MIN" "" "OKC" "W" 3 0 11.95 0.773 0.667 9.8 10.6 10.2 0 0 0 0 13.4 176 125 3.7 -3.6
"7" "7" 2017-10-30 27.78 "MIN" "@" "MIA" "W" 3 0 14.1833333333333 0.694 0.667 16.6 8.3 12.5 0 3.4 0 31.6 19.3 106 111 3.8 -5.8
"8" "8" 2017-11-01 27.79 "MIN" "@" "NOP" "W" 6 0 25.4333333333333 0.615 0.563 14.2 21 17.8 11.3 1.9 0 0 16.1 145 98 12.4 8.2
"9" "9" 2017-11-04 27.79 "MIN" "" "DAL" "W" 13 0 14.3 0.521 0.5 9.9 29.8 21.2 25.4 0 5.6 25.8 12.3 117 101 4.5 3.3
"10" "10" 2017-11-05 27.8 "MIN" "" "CHO" "W" 18 0 18.7666666666667 0.658 0.429 24.4 34.4 29.9 0 0 0 0 26 157 95 15.8 10.6
"11" "11" 2017-11-08 27.81 "MIN" "@" "GSW" "L" -24 0 20.7666666666667 0.5 0.5 13.6 26.4 18.8 0 4.3 0 20 19.8 88 113 7.3 -3
"12" "" 2017-11-11 27.81 "MIN" "@" "PHO" "L" -8 NA NA NA NA NA NA NA NA NA NA NA NA NA NA NA NA
"13" "" 2017-11-13 27.82 "MIN" "@" "UTA" "W" 11 NA NA NA NA NA NA NA NA NA NA NA NA NA NA NA NA
"14" "" 2017-11-15 27.82 "MIN" "" "SAS" "W" 12 NA NA NA NA NA NA NA NA NA NA NA NA NA NA NA NA
"15" "12" 2017-11-17 27.83 "MIN" "@" "DAL" "W" 24 0 10.5333333333333 0.34 0.2 11.1 0 5.1 13.2 0 0 14.5 30.1 82 106 0.1 -17.7
"16" "13" 2017-11-19 27.84 "MIN" "" "DET" "L" -3 0 9.68333333333333 0.174 0 0 46.1 26.4 12.4 5.1 0 41 22.8 33 89 0.1 -8.5
"17" "14" 2017-11-20 27.84 "MIN" "@" "CHO" "L" -16 0 16.85 0.902 0.833 0 14.6 6.3 0 0 0 0 9.9 186 123 5.9 2.2
"18" "15" 2017-11-22 27.84 "MIN" "" "ORL" "W" 6 0 11.8833333333333 0.129 0 17.2 10.4 14.1 0 0 0 0 13.8 69 118 -1.4 -19.9
"19" "16" 2017-11-24 27.85 "MIN" "" "MIA" "L" -12 0 15.8833333333333 0.45 0.5 0 22.7 10.5 0 3.4 0 18.4 15.6 71 117 2.1 -8.2
"20" "17" 2017-11-26 27.85 "MIN" "" "PHO" "W" 11 0 20.25 0.688 0.688 21.1 11.9 16.7 12.8 0 0 11.1 19.3 147 126 10.4 0.8
"21" "18" 2017-11-28 27.86 "MIN" "" "WAS" "L" -3 0 15.1 0.174 0 0 35.3 17.1 18.2 0 0 0 9 74 102 0.9 -5.5
"22" "19" 2017-11-29 27.86 "MIN" "@" "NOP" "W" 18 0 36.5166666666667 0.684 0.654 8.8 12.5 11 18 5.6 0 12.6 19.6 137 101 19.6 7.8
"23" "20" 2017-12-01 27.87 "MIN" "@" "OKC" "L" -4 0 21.5666666666667 0.833 0.833 12.7 6.7 9.8 16 0 0 25 17.6 129 128 8.1 1.8
"24" "21" 2017-12-03 27.87 "MIN" "" "LAC" "W" 6 0 18.85 0.429 0.429 5.9 28.3 16.1 16.8 5.7 0 12.5 18.8 96 107 5.4 -0.6
"25" "22" 2017-12-04 27.88 "MIN" "@" "MEM" "L" -3 0 20.8166666666667 0.85 0.8 11 34.9 21.5 8.9 2.6 4.5 25.4 18.9 131 100 11 8.5
"26" "23" 2017-12-06 27.88 "MIN" "@" "LAC" "W" 6 0 20.5333333333333 0.8 0.8 6.9 12.8 10.5 13.1 0 0 28.6 15.4 117 115 6.3 0.4
"27" "24" 2017-12-10 27.89 "MIN" "" "DAL" "W" 5 0 23.95 0.5 0.5 5.6 28.6 18 12.5 4.5 0 20 10 103 96 6.5 5.6
"28" "25" 2017-12-12 27.9 "MIN" "" "PHI" "L" -6 0 18.2 0.333 0.333 4.7 29.1 14.3 7.6 2.7 5.4 25 17.9 63 103 1.7 -7.4
"29" "26" 2017-12-14 27.9 "MIN" "" "SAC" "W" 23 0 24.2 0.333 0.333 0 34.5 19.6 9.4 8.9 3.7 0 11.9 89 83 7.9 2.3
"30" "27" 2017-12-16 27.91 "MIN" "" "PHO" "L" -2 0 15.5666666666667 0.25 0.25 6.3 9.1 7.4 0 3.2 6.4 20 13.8 54 113 0.9 -12.3
"31" "28" 2017-12-18 27.92 "MIN" "" "POR" "W" 1 0 18.8166666666667 0 0 5.8 9.1 7.1 6.1 0 0 0 6.9 44 119 -0.4 -8.3
"32" "29" 2017-12-20 27.92 "MIN" "@" "DEN" "W" 8 0 20.6833333333333 0.512 0.5 5.5 50.2 26.4 6.1 4.9 0 0 11 120 98 6.4 0.2
"33" "30" 2017-12-23 27.93 "MIN" "@" "PHO" "W" 9 0 22.8666666666667 0.644 0.5 0 34.2 17.7 16.7 2.2 7.8 0 14.7 158 100 12.8 14.4
"34" "31" 2017-12-25 27.93 "MIN" "@" "LAL" "W" 17 0 16.1666666666667 0.644 0.5 9.6 6.2 7.5 0 0 0 20.5 13.8 116 115 2.5 -6.6
"35" "32" 2017-12-27 27.94 "MIN" "" "DEN" "W" 3 0 21.2 0.436 0.417 5.7 21.7 13.9 6 0 4.8 0 15.8 104 124 4.7 -4
"36" "33" 2017-12-28 27.94 "MIN" "@" "MIL" "L" -6 0 15.3 0 0 17.9 55.4 36.4 0 0 0 0 6.4 67 113 1.4 -8.1
"37" "34" 2017-12-31 27.95 "MIN" "@" "IND" "W" 17 0 18.1333333333333 0.581 0.5 12.3 24.1 18.3 0 0 0 12.7 20.1 117 103 5.8 -5.4
"38" "35" 2018-01-01 27.95 "MIN" "" "LAL" "W" 18 0 22.0333333333333 0.871 0.875 12.4 10.1 11.2 0 0 8.7 0 19.1 177 97 16.4 10.3
"39" "36" 2018-01-03 27.96 "MIN" "@" "BRK" "L" -1 0 17.0666666666667 0.68 0.6 6.9 38.8 20.1 0 3.1 6.7 14.5 19.1 123 99 7.1 3.3
"40" "37" 2018-01-05 27.96 "MIN" "@" "BOS" "L" -7 0 17.5 0.266 0 0 21.5 11.1 0 0 0 34.7 7.9 36 102 -0.3 -9.2
"41" "38" 2018-01-06 27.97 "MIN" "" "NOP" "W" 18 0 21.1166666666667 0.778 0.778 5.2 11.1 8 15 2.4 4.6 0 18.9 163 102 12.9 12.3
"42" "39" 2018-01-08 27.97 "MIN" "" "CLE" "W" 28 0 25.9 0.468 0.4 12.6 18.9 15.9 8.3 0 0 0 19.4 125 107 9.4 -3.3
"43" "40" 2018-01-10 27.98 "MIN" "" "OKC" "W" 16 0 16.3 0.436 0.333 14 20.1 17.1 8.9 6.2 5.4 22.5 24.7 87 81 6.3 1.8
"44" "41" 2018-01-12 27.98 "MIN" "" "NYK" "W" 10 0 20.8166666666667 0.625 0.625 16.1 12.8 14.6 12.3 4.9 0 11.1 18.2 131 112 11.5 4.5
"45" "42" 2018-01-14 27.99 "MIN" "" "POR" "W" 17 0 20.2666666666667 0.5 0.5 6.4 24.3 15.6 5.8 0 8.8 33.3 6.7 96 106 3.2 -1.3
"46" "43" 2018-01-16 27.99 "MIN" "@" "ORL" "L" -6 0 17.2166666666667 0.417 0.417 5.9 6.8 6.3 7.4 0 9.5 14.3 17.8 86 119 2.9 -5
"47" "44" 2018-01-18 28 "MIN" "@" "HOU" "L" -18 0 14.7 0.515 0.667 0 22.8 11.5 0 0 6.7 20.5 15.7 70 127 2.1 -8.1
"48" "45" 2018-01-20 28.01 "MIN" "" "TOR" "W" 6 0 20.3333333333333 0.75 0.75 5.6 12.8 9 0 5.1 0 14.3 15 129 109 8.7 7.5
"49" "46" 2018-01-22 28.01 "MIN" "@" "LAC" "W" 8 0 15.3666666666667 0 0 6.2 8.4 7.2 0 0 11 33.3 7.7 26 113 -0.4 -8.5
"50" "47" 2018-01-24 28.02 "MIN" "@" "POR" "L" -9 0 17.15 0.75 0.75 0 41.2 20 15.3 6 5.5 0 11.2 157 114 9.6 12.3
"51" "48" 2018-01-25 28.02 "MIN" "@" "GSW" "L" -13 0 12.3833333333333 0.514 0.429 7.9 28.4 17.2 0 3.9 0 0 28.6 116 118 7.1 0.8
"52" "49" 2018-01-27 28.02 "MIN" "" "BRK" "W" 14 0 14.1333333333333 0.515 0.333 0 30.9 14.8 26.4 3.7 0 0 11.7 139 99 6.2 9.7
"53" "50" 2018-01-29 28.03 "MIN" "@" "ATL" "L" -5 0 15.95 0.739 0.714 0 25.1 11.4 0 0 0 11.8 24.4 118 116 7.6 -0.8
"54" "51" 2018-01-30 28.03 "MIN" "@" "TOR" "L" -5 0 19.35 0.888 0.857 0 6.4 3.1 0 2.8 9.5 0 18.9 180 113 13.8 16.5
"55" "52" 2018-02-01 28.04 "MIN" "" "MIL" "W" 19 0 13.4666666666667 0.444 0.444 0 7.1 4.3 12.8 0 6.4 0 32.1 89 100 4.2 -6.7
"56" "53" 2018-02-03 28.04 "MIN" "" "NOP" "W" 11 0 15.15 0.6 0.6 7 28.3 18.8 0 0 0 0 13.9 132 104 5.5 -0.7
"57" "54" 2018-02-07 28.05 "MIN" "@" "CLE" "L" -2 0 16.0666666666667 0.635 0.571 8.7 26 17.4 8.1 3.1 0 20.2 29.8 108 129 6.8 -7.9
"58" "55" 2018-02-09 28.06 "MIN" "@" "CHI" "L" -1 0 15.3666666666667 0.205 0.25 13.9 31.2 22 0 0 11 0 13.6 71 107 1.6 -9
"59" "56" 2018-02-11 28.07 "MIN" "" "SAC" "W" 5 0 11.3166666666667 0.17 0 23.6 9.6 15.9 0 0 0 25.4 32.1 48 118 -2.6 -33.5
"60" "57" 2018-02-13 28.07 "MIN" "" "HOU" "L" -18 0 11.9833333333333 0 0 21.7 30 26 20 0 0 75 15.7 53 138 -1.6 -16.6
"61" "58" 2018-02-15 28.08 "MIN" "" "LAL" "W" 8 0 15.7833333333333 0.429 0.429 13.2 19.8 16.5 0 3 4.8 0 18.7 104 102 5.5 -2.7
"62" "59" 2018-02-23 28.1 "MIN" "@" "HOU" "L" -18 0 16.3 NA NA 17 7.2 12.7 7.4 0 6.5 NA 0 222 135 3 -2.2
"63" "60" 2018-02-24 28.1 "MIN" "" "CHI" "W" 18 0 20.0166666666667 0.25 0.25 5 42.6 23.2 0 0 3.6 20 10.3 56 96 2.4 -6.8
"64" "61" 2018-02-26 28.11 "MIN" "@" "SAC" "W" 18 0 21.6333333333333 0.571 0.429 7.2 25.8 18 0 0 0 0 18.7 131 111 7.3 -6.5
"65" "62" 2018-03-01 28.12 "MIN" "@" "POR" "L" -9 0 23.5666666666667 0.25 0.25 9.1 11.8 10.5 5.7 0 0 20 9.3 71 114 0 -8.8
"66" "63" 2018-03-02 28.12 "MIN" "@" "UTA" "L" -8 0 18.6666666666667 0.436 0.333 0 28.6 14.3 7.8 0 0 0 17.8 94 120 3.7 -5.3
"67" "64" 2018-03-08 28.13 "MIN" "" "BOS" "L" -8 0 15.7833333333333 0 0 12.2 35.4 22.9 0 0 5.5 33.3 8.2 44 113 0 -11.2
"68" "65" 2018-03-11 28.14 "MIN" "" "GSW" "W" 6 0 8.93333333333333 0.225 0.25 0 11 5.4 13.9 0 0 0 21.1 60 111 -0.2 -11.9
"69" "66" 2018-03-13 28.15 "MIN" "@" "WAS" "W" 5 0 7.58333333333333 0.694 0.5 35.2 0 16.7 16 0 0 0 17.3 175 135 5.1 7.6
"70" "67" 2018-03-17 28.16 "MIN" "@" "SAS" "L" -16 0 11.1166666666667 0.5 0.5 11.7 11.4 11.5 0 0 0 20 20.4 88 133 1.2 -12
"71" "68" 2018-03-18 28.16 "MIN" "" "HOU" "L" -9 0 12.6 0.521 0.5 19.5 21.8 20.6 9.2 0 0 0 10 147 139 3.1 -3.3
"72" "69" 2018-03-20 28.17 "MIN" "" "LAC" "W" 14 0 12.95 0 0 30.9 24.7 27.5 16.5 0 5.4 0 10.3 97 107 1.8 -4.9
"73" "70" 2018-03-23 28.18 "MIN" "@" "NYK" "W" 4 0 12.4166666666667 0.667 0.667 0 23.7 13.3 0 0 12.1 40 18.8 66 99 2.2 -5.3
"74" "71" 2018-03-24 28.18 "MIN" "@" "PHI" "L" -12 0 26.45 0.582 0.542 9.6 30.9 19.2 7 1.6 7.1 0 18.4 129 102 16.2 9.7
"75" "72" 2018-03-26 28.18 "MIN" "" "MEM" "L" -8 0 13.7333333333333 0.5 0.5 0 0 0 0 0 0 12.5 27 82 119 2.3 -7.9
"76" "73" 2018-03-28 28.19 "MIN" "" "ATL" "W" 12 0 17.6666666666667 0.699 0.667 13.6 32 22 0 5.3 0 13.4 18 126 102 9.2 1.2
"77" "74" 2018-03-30 28.19 "MIN" "@" "DAL" "W" 1 0 8.46666666666667 0 0 0 38.7 18.9 0 0 0 0 5.7 0 101 -0.2 -11.4
"78" "75" 2018-04-01 28.2 "MIN" "" "UTA" "L" -24 0 18.8333333333333 0.5 0.5 0 41.1 16.5 14.4 2.6 5.3 50 9.4 65 117 3.2 -2
"79" "76" 2018-04-05 28.21 "MIN" "@" "DEN" "L" -4 0 14.65 0.6 0.6 7.1 13.7 10.5 11.2 3.6 0 0 15.4 133 104 5.9 5.3
"80" "77" 2018-04-06 28.21 "MIN" "@" "LAL" "W" 17 0 13.3 0.583 0.583 24.9 25.2 25 11.2 0 6.6 14.3 21.7 123 100 6.5 0.5
"81" "78" 2018-04-09 28.22 "MIN" "" "MEM" "W" 19 0 17.1166666666667 0.955 1 13 25.5 19.3 0 0 4.2 0 14 198 98 11.1 10.9
"82" "79" 2018-04-11 28.23 "MIN" "" "DEN" "W" 6 0 6.1 0.5 0.5 19.3 41.4 30 0 0 0 0 40.2 104 108 3.6 3.7
"1" "1" 2018-10-17 28.75 "MIN" "@" "SAS" "L" -4 0 24.05 0.564 0.5 12.7 7.8 10.2 12.9 4.2 2.9 0 18.6 136 113 12.4 6.8
"2" "2" 2018-10-19 28.75 "MIN" "" "CLE" "W" 8 0 13.3166666666667 0.917 0.917 0 32.8 17.4 13.9 0 5.1 25 25 116 115 7.4 2.8
"3" "3" 2018-10-20 28.75 "MIN" "@" "DAL" "L" -4 0 14.4 0.868 0.75 10.1 39.7 26.7 9.8 3.1 0 14.8 19 158 118 10.5 7
"4" "4" 2018-10-22 28.76 "MIN" "" "IND" "W" 10 0 15.0333333333333 0.798 0.667 7.8 37.6 24.3 0 0 4.8 15.1 19.2 142 87 8.7 6.2
"5" "5" 2018-10-24 28.76 "MIN" "@" "TOR" "L" -7 0 12.6 0.4 0.4 7.8 19.5 13 0 0 0 28.6 22.6 63 120 0.2 -15.8
"6" "6" 2018-10-26 28.77 "MIN" "" "MIL" "L" -30 0 15.4666666666667 0.338 0.25 12.9 31.8 19.6 10.4 2.9 0 0 21.7 91 115 5.8 -1.6
"7" "7" 2018-10-29 28.78 "MIN" "" "LAL" "W" 4 0 16 0.765 0.7 0 31.3 15.2 0 2.9 0 33.8 21.3 94 108 5.4 -5
"8" "8" 2018-10-31 28.78 "MIN" "" "UTA" "W" 3 0 7.86666666666667 0.5 0.5 17.4 22.6 20.6 32.3 0 0 0 21.9 134 122 4.3 3.1
"9" "9" 2018-11-02 28.79 "MIN" "@" "GSW" "L" -17 0 12.6333333333333 0 0 6.7 53 26.6 10 0 7 0 10.2 39 105 1 -9.3
"10" "10" 2018-11-04 28.79 "MIN" "@" "POR" "L" -30 0 15.6166666666667 0.2 0.2 14.9 29.3 20.7 11.9 0 5.3 0 13.6 74 111 2.8 -7.3
"11" "11" 2018-11-05 28.8 "MIN" "@" "LAC" "L" -11 0 12.3666666666667 1.031 1 10.2 0 4.8 13.7 4 0 0 13.8 213 127 9.5 16.6
"12" "12" 2018-11-07 28.8 "MIN" "@" "LAL" "L" -4 0 9.16666666666667 0.34 0.2 11.4 38.3 24.1 0 0 0 14.5 32.8 73 116 0.7 -21
"13" "13" 2018-11-09 28.81 "MIN" "@" "SAC" "L" -11 0 8.4 0.521 0.5 0 35 17 0 0 0 41 22.4 59 112 0.1 -12.7
"14" "14" 2018-11-12 28.82 "MIN" "" "BRK" "W" 7 0 10.75 0.625 0.625 0 7.2 4.8 0 0 0 0 15.3 127 118 2.9 -2.4
"15" "15" 2018-11-14 28.82 "MIN" "" "NOP" "W" 7 0 13.2333333333333 0.25 0.25 0 31.5 15.6 0 3.5 0 0 12.6 54 91 0.2 -11.8
"16" "16" 2018-11-16 28.83 "MIN" "" "POR" "W" 16 0 14.45 0.676 0.75 7.2 14.8 11 9.2 3.3 0 0 13.6 143 95 6.6 5.5
"17" "17" 2018-11-18 28.83 "MIN" "" "MEM" "L" -13 0 9.66666666666667 0.5 0.5 0 60.8 32.4 0 0 9.2 50 18.6 43 90 0.7 -9.6
"18" "18" 2018-11-21 28.84 "MIN" "" "DEN" "L" -2 0 19.9666666666667 0 0 6.2 35.2 21 27.5 2.5 13.4 33.3 13.4 46 93 2.8 0.4
"19" "19" 2018-11-23 28.85 "MIN" "@" "BRK" "W" 10 0 20.1666666666667 0.379 0.318 5.2 12.5 8.5 12.9 5 14 7.8 28.8 85 99 7.6 0.5
"20" "20" 2018-11-24 28.85 "MIN" "" "CHI" "W" 15 0 10.6666666666667 0.2 0.2 0 10.2 4.5 12 0 9.4 0 17.8 63 96 0.2 -7.6
"21" "21" 2018-11-26 28.85 "MIN" "@" "CLE" "W" 7 0 9.93333333333333 0.5 0.5 12.4 12.1 12.2 0 0 0 0 9.4 123 109 1.6 -7.4
"22" "22" 2018-11-28 28.86 "MIN" "" "SAS" "W" 39 0 14.7833333333333 0.8 0.8 6.9 20.7 13.8 8.8 0 10.8 16.7 17.1 134 90 8.4 7
"23" "23" 2018-12-01 28.87 "MIN" "" "BOS" "L" -9 0 10.4 0.615 0.5 0 12.5 5.8 14.3 0 0 0 10 142 124 2.6 1.1
"24" "24" 2018-12-03 28.87 "MIN" "" "HOU" "W" 12 0 13.1833333333333 0.667 0.667 0 10.1 4.8 0 0 10.4 40 16.8 69 102 0.1 -12.1
"25" "25" 2018-12-05 28.88 "MIN" "" "CHO" "W" 17 0 12.25 0.563 0.5 10.6 29.6 21.8 0 0 0 31.1 22.4 83 105 2.5 -11.8
"26" "26" 2018-12-08 28.89 "MIN" "@" "POR" "L" -8 0 17.5833333333333 0.773 0.667 0 24.8 11.7 15.8 2.7 10.9 0 9.4 168 105 8.9 9.2
"27" "27" 2018-12-10 28.89 "MIN" "@" "GSW" "L" -8 0 13.9333333333333 0.621 0.333 0 22 11.4 0 0 6.9 0 17.2 136 113 6.5 3
"28" "28" 2018-12-12 28.9 "MIN" "@" "SAC" "L" -11 0 13.3666666666667 0.75 0.75 0 20 9.3 0 0 7.5 0 18.6 147 137 6.5 1.3
"29" "29" 2018-12-15 28.91 "MIN" "@" "PHO" "L" -8 0 9.96666666666667 0 0 0 58.7 26.2 24.7 0 0 50 16.7 23 100 -2.1 -19.4
"30" "30" 2018-12-17 28.91 "MIN" "" "SAC" "W" 27 0 20.7166666666667 0.718 0.7 0 35 19.3 0 2.2 4.5 8.7 22.1 122 93 13.1 2.6
"31" "31" 2018-12-19 28.92 "MIN" "" "DET" "L" -6 0 10.7166666666667 0.694 0.5 31.6 32.3 31.9 14.1 0 0 14.8 27.2 142 120 7.9 5.3
"32" "32" 2018-12-21 28.92 "MIN" "@" "SAS" "L" -26 0 19.0833333333333 0.333 0.333 5.2 6.1 5.7 9.9 2.6 0 10 23.2 70 129 1.8 -12.5
"33" "33" 2018-12-23 28.93 "MIN" "@" "OKC" "W" 2 0 20.95 0.917 0.917 5.5 10.7 8.1 7.8 4.5 7 0 12.5 182 101 13 12.4
"34" "34" 2018-12-26 28.94 "MIN" "@" "CHI" "W" 25 0 11 0.8 0.8 19.4 25.2 22.5 0 4.5 0 0 19.4 167 85 8.6 12
"35" "35" 2018-12-28 28.94 "MIN" "" "ATL" "L" -3 0 10.3666666666667 0 0 0 21.3 9.7 11.6 9.2 0 0 7.9 32 93 0.3 -8.5
"36" "36" 2018-12-30 28.95 "MIN" "@" "MIA" "W" 9 0 10.3666666666667 0.694 0.75 8.9 9.4 9.2 0 0 0 41 18.9 81 112 0.4 -13.9
"37" "37" 2018-12-31 28.95 "MIN" "@" "NOP" "L" -9 0 11.4333333333333 0.727 0.667 18.7 44.2 30.3 0 0 6.8 0 26.2 156 122 10.7 9.1
"38" "38" 2019-01-02 28.96 "MIN" "@" "BOS" "L" -13 0 10.9333333333333 1 1 0 0 0 0 0 0 0 4.1 200 126 1.7 -4.9
"39" "39" 2019-01-04 28.96 "MIN" "" "ORL" "W" 17 0 16.2166666666667 1.064 1 14.8 54.4 36.6 6.7 0 0 0 5 223 101 8.1 6.3
"40" "40" 2019-01-06 28.97 "MIN" "" "LAL" "W" 22 0 12.6666666666667 0.625 0.625 0 28.1 15.5 0 3.6 0 0 13.5 119 75 4 1.2
"41" "41" 2019-01-08 28.97 "MIN" "@" "OKC" "W" 2 0 22.1833333333333 0.205 0 4.5 11.7 7.6 22.8 2.2 3.9 0 9 100 117 3.8 -2.1
"42" "42" 2019-01-11 28.98 "MIN" "" "DAL" "L" -4 0 16.9666666666667 0.583 0.583 11.5 30.1 20.6 7.3 0 4.8 14.3 16.4 117 116 6.1 -1.8
"43" "43" 2019-01-12 28.98 "MIN" "" "NOP" "W" 4 0 10.7666666666667 1 1 0 19.8 9.1 0 8.9 0 0 3.8 200 90 3.1 3.3
"44" "44" 2019-01-15 28.99 "MIN" "@" "PHI" "L" -42 0 19.6833333333333 0.595 0.5 8.9 51.7 24.9 8.1 2.3 0 0 12.3 137 136 9.5 2.1
"45" "45" 2019-01-18 29 "MIN" "" "SAS" "L" -3 0 9.6 0.5 0.5 0 23.3 11.8 18.5 0 8.6 0 22.4 110 110 2.3 -2
"46" "46" 2019-01-20 29.01 "MIN" "" "PHO" "W" 2 0 3.5 NA NA 0 0 0 0 0 0 NA 0 0 115 -0.8 -16.9
"47" "47" 2019-01-22 29.01 "MIN" "@" "PHO" "W" 27 0 5.45 0 0 18 35.9 27 0 0 0 33.3 21.1 21 89 -1.9 -31.4
"48" "48" 2019-01-24 29.02 "MIN" "@" "LAL" "W" 15 0 15.4 0.286 0.286 24 14.8 19.9 16.5 3.1 0 0 17.5 110 102 4.9 -3.6
"49" "49" 2019-01-25 29.02 "MIN" "@" "UTA" "L" -4 0 11.5 0.8 0.8 19.4 15.5 17.2 19.6 0 0 0 18.4 170 112 8 11
"50" "50" 2019-01-27 29.02 "MIN" "" "UTA" "L" -14 0 11.8666666666667 1.031 1 23.1 11.2 17.1 14 0 0 20.5 19.1 168 134 7.7 9.7
"51" "51" 2019-01-30 29.03 "MIN" "" "MEM" "W" 2 0 22.2666666666667 0.74 0.6 5 10.8 7.8 31.9 2.4 3.7 0 14 168 100 12.7 14.2
"52" "52" 2019-02-02 29.04 "MIN" "" "DEN" "L" -1 0 15.0333333333333 0.727 0.667 7.8 26.6 17.9 10.9 0 0 0 21.1 154 116 9.6 6.6
"53" "53" 2019-02-05 29.05 "MIN" "@" "MEM" "L" -2 0 12.2666666666667 0.667 0.667 27.3 23 25 16.8 4.3 7.5 14.3 24.7 127 102 9 10
"54" "54" 2019-02-07 29.05 "MIN" "@" "ORL" "L" -10 0 11.85 0.6 0.6 0 32.8 14.5 12 0 0 0 17.4 134 129 4.5 -1.5
"55" "55" 2019-02-08 29.06 "MIN" "@" "NOP" "L" -5 0 11.2 0.58 0.5 27.4 45.6 36.5 12.9 4.1 7 0 28.7 139 101 10.8 12
"56" "56" 2019-02-11 29.07 "MIN" "" "LAC" "W" 10 0 14.4666666666667 0.4 0.4 22.1 18.4 20.5 19.7 9.9 0 9.1 31 103 103 8.7 2.8
"57" "57" 2019-02-13 29.07 "MIN" "" "HOU" "W" 10 0 1.83333333333333 NA NA 0 55.7 31.2 0 0 0 100 24.4 0 105 -0.7 -30.6
"58" "" 2019-02-22 29.1 "MIN" "@" "NYK" "W" 11 NA NA NA NA NA NA NA NA NA NA NA NA NA NA NA NA
"59" "" 2019-02-23 29.1 "MIN" "@" "MIL" "L" -12 NA NA NA NA NA NA NA NA NA NA NA NA NA NA NA NA
"60" "" 2019-02-25 29.1 "MIN" "" "SAC" "W" 7 NA NA NA NA NA NA NA NA NA NA NA NA NA NA NA NA
"61" "" 2019-02-27 29.11 "MIN" "@" "ATL" "L" -8 NA NA NA NA NA NA NA NA NA NA NA NA NA NA NA NA
"62" "" 2019-02-28 29.11 "MIN" "@" "IND" "L" -7 NA NA NA NA NA NA NA NA NA NA NA NA NA NA NA NA
"63" "58" 2019-03-03 29.12 "MIN" "@" "WAS" "L" -14 0 2.06666666666667 0.5 0.5 54 0 25.2 0 0 0 0 38.9 123 137 1.7 -1
"64" "59" 2019-03-05 29.13 "MIN" "" "OKC" "W" 11 0 6.05 0.5 0.5 0 27.8 16.4 0 7.8 0 0 14 102 95 1.8 -2.5
"65" "60" 2019-03-06 29.13 "MIN" "@" "DET" "L" -17 0 6.9 0.46 0.4 37.6 49.7 44 0 7.2 11.6 0 35.6 113 106 6.3 8
"66" "" 2019-03-09 29.14 "MIN" "" "WAS" "W" 5 NA NA NA NA NA NA NA NA NA NA NA NA NA NA NA NA
"67" "61" 2019-03-10 29.14 "MIN" "" "NYK" "W" 11 0 17.9166666666667 0.273 0.167 6.4 26.1 16.1 6.8 2.8 4.4 21.5 22.6 58 92 2.1 -11.4
"68" "62" 2019-03-12 29.15 "MIN" "@" "DEN" "L" -26 0 4.36666666666667 0.725 0 0 73.3 31 0 0 20 0 27.8 171 123 4.2 10.6
"69" "63" 2019-03-14 29.15 "MIN" "@" "UTA" "L" -20 0 9.33333333333333 0.667 0.667 11.7 12 11.8 24 0 10.1 25 37.9 94 121 5 1.3
"70" "64" 2019-03-17 29.16 "MIN" "@" "HOU" "L" -15 0 3.96666666666667 1.23 1.25 0 51.5 25.2 100 12.4 0 0 25.4 246 84 8.4 79.9
"71" "65" 2019-03-19 29.16 "MIN" "" "GSW" "L" -10 0 4.81666666666667 1 1 0 0 0 0 0 0 0 8.6 200 123 1.7 0.8
"72" "66" 2019-03-21 29.17 "MIN" "@" "CHO" "L" -7 0 15.3 0.558 0.4 0 28.5 15.1 0 6.1 8.8 18.2 30.2 94 89 8.6 3.6
"73" "67" 2019-03-23 29.18 "MIN" "@" "MEM" "W" 13 0 14.7333333333333 0.218 0.167 16.3 0 6.8 8.9 0 5.2 0 20.1 80 113 0.4 -15.7
"74" "68" 2019-03-26 29.18 "MIN" "" "LAC" "L" -11 0 12.1666666666667 0.515 0.667 6.8 43.8 21 0 7.4 0 0 12.9 107 102 5.4 1.9
"75" "69" 2019-03-29 29.19 "MIN" "" "GSW" "W" 1 0 22.3 0.636 0.636 13.7 32 22.9 8.4 4.1 4.1 15.4 23.1 115 101 13.9 6.5
"76" "70" 2019-03-30 29.19 "MIN" "" "PHI" "L" -9 0 15.65 0.813 0.813 0 19.6 10.1 0 3.1 0 27.3 31.8 94 115 8.3 0.7
"77" "71" 2019-04-01 29.2 "MIN" "" "POR" "L" -10 0 16.2833333333333 0.922 0.938 13.1 14 13.6 22.4 2.9 4.8 9.3 28 167 127 18.9 22.6
"78" "72" 2019-04-03 29.21 "MIN" "@" "DAL" "W" 2 0 17.8 0.45 0.375 0 24 12.4 31.8 0 0 18.4 28.5 88 111 4.8 -3.8
"79" "73" 2019-04-05 29.21 "MIN" "" "MIA" "W" 2 0 22.1166666666667 0.567 0.533 11.4 10.1 10.7 8.5 2.2 8 0 32.1 123 103 15.2 4.8
"80" "74" 2019-04-07 29.22 "MIN" "" "OKC" "L" -6 0 14.65 0.563 0.5 8.6 24.6 16.8 19.9 0 0 10.1 29.2 113 133 7.2 -4.7
"81" "75" 2019-04-09 29.22 "MIN" "" "TOR" "L" -20 1 28.75 0.687 0.611 6.4 22.6 13.1 28.2 1.6 3.3 14.7 20.9 130 116 16.6 5.2
"82" "76" 2019-04-10 29.22 "MIN" "@" "DEN" "L" -4 1 34.4333333333333 0.45 0.45 11.6 21.2 16.3 10 4.5 0 20 33.6 79 96 9.5 -4.1
"1" "" 2019-10-23 29.76 "MIN" "@" "BRK" "W" 1 NA NA NA NA NA NA NA NA NA NA NA NA NA NA NA NA
"2" "1" 2019-10-25 29.77 "MIN" "@" "CHO" "W" 22 0 6.25 0.333 0.333 0 32 16.3 0 0 0 25 25.7 50 99 -0.1 -19.2
"3" "" 2019-10-27 29.77 "MIN" "" "MIA" "W" 7 NA NA NA NA NA NA NA NA NA NA NA NA NA NA NA NA
"4" "" 2019-10-30 29.78 "MIN" "@" "PHI" "L" -22 NA NA NA NA NA NA NA NA NA NA NA NA NA NA NA NA
"5" "2" 2019-11-02 29.79 "MIN" "@" "WAS" "W" 22 1 23.6333333333333 0.872 0.889 6 27.3 18.9 5.5 3.5 10.2 16.2 20.4 136 83 18.9 11.7
"6" "3" 2019-11-04 29.79 "MIN" "" "MIL" "L" -28 1 17.35 0.465 0.333 18.8 12.3 16 38.6 0 5.1 0 23.3 125 124 11.4 6.8
"7" "4" 2019-11-06 29.8 "MIN" "@" "MEM" "L" -16 0 3.16666666666667 0.5 0.5 0 0 0 0 14.2 0 0 25.6 94 105 2 3.7
"8" "5" 2019-11-08 29.81 "MIN" "" "GSW" "W" 6 0 7.71666666666667 0.436 0.333 0 13.2 6.4 16.7 0 10.1 22.5 21.5 85 102 2 -2.5
"9" "6" 2019-11-10 29.81 "MIN" "" "DEN" "L" -2 0 9.73333333333333 0 0 18.8 31.4 24.8 16 5.1 7.5 20 22 31 77 0.5 -9.7
"10" "7" 2019-11-11 29.81 "MIN" "@" "DET" "W" 6 0 17.1833333333333 0.571 0.571 7.4 36.4 23.3 8.3 5.6 5.1 11.3 21.9 113 96 9.8 3.7
"11" "8" 2019-11-13 29.82 "MIN" "" "SAS" "W" 15 0 7.88333333333333 0 0 13 25.9 19.4 13.5 0 0 0 15.8 51 115 -0.5 -17.8
"12" "9" 2019-11-15 29.82 "MIN" "" "WAS" "L" -21 0 11.1333333333333 1.5 1.5 9.2 27.5 18.3 22.9 0 12 0 3.5 255 116 6.3 12.4
"13" "" 2019-11-16 29.83 "MIN" "" "HOU" "L" -20 NA NA NA NA NA NA NA NA NA NA NA NA NA NA NA NA
"14" "10" 2019-11-18 29.83 "MIN" "@" "UTA" "W" 10 0 14.6166666666667 0.508 0.429 0 28.3 15.8 21.1 3.1 5.1 0 23 112 85 8.5 7.5
"15" "11" 2019-11-20 29.84 "MIN" "" "UTA" "L" -8 0 15.1833333333333 0.129 0 6.3 42.6 24.8 9 3.3 17.9 20.5 13.9 46 82 3.7 0.2
"16" "12" 2019-11-23 29.85 "MIN" "" "PHO" "L" -2 0 11.5833333333333 NA NA 0 34.5 18.3 10.9 0 6.8 NA 0 232 89 2.1 -0.8
"17" "13" 2019-11-25 29.85 "MIN" "@" "ATL" "W" 12 0 16.2166666666667 1.083 1.083 0 14.1 6.7 0 2.8 4.8 0 14.9 201 103 11.9 13.5
"18" "14" 2019-11-27 29.86 "MIN" "@" "SAS" "W" 12 0 15.6 0.635 0.643 13.7 17.1 15.5 49.8 3.1 0 11.3 25.3 133 98 10.2 11.1
"19" "15" 2019-12-01 29.87 "MIN" "" "MEM" "L" -8 0 12.2833333333333 0.375 0.375 16.3 21.3 19 0 3.7 13 20 16.8 80 94 3.5 -2.7
"20" "16" 2019-12-04 29.88 "MIN" "@" "DAL" "L" -7 0 10.7166666666667 0 0 0 21.3 10.1 0 0 0 50 8 0 131 -1.9 -20.2
"21" "17" 2019-12-06 29.88 "MIN" "@" "OKC" "L" -12 0 15.3166666666667 0.25 0.25 8.7 19.8 13.8 7.4 3.3 0 20 14.7 68 130 0.8 -11.3
"22" "18" 2019-12-08 29.89 "MIN" "@" "LAL" "L" -17 0 9.5 0 0 0 43.3 21.1 0 0 16 50 9.2 0 127 0.2 -10.6
"23" "19" 2019-12-09 29.89 "MIN" "@" "PHO" "L" -16 0 12.1333333333333 0.4 0.4 0 17.2 9.1 0 4 7.2 16.7 20.9 70 116 2.2 -6.6
"24" "20" 2019-12-11 29.9 "MIN" "" "UTA" "L" -11 0 11.4166666666667 0 0 8.6 11.1 9.7 10.5 0 0 33.3 11.1 43 138 -1.9 -20
"25" "21" 2019-12-13 29.9 "MIN" "" "LAC" "L" -7 0 11.6666666666667 0.5 0.5 0 51.4 24.5 0 3.8 7.6 0 17.2 99 100 4.7 4.6
"26" "22" 2019-12-18 29.92 "MIN" "" "NOP" "L" -8 1 24.3166666666667 0.742 0.786 10.6 23.5 16.1 7.6 0 0 0 14.8 155 110 11.6 3.8
"27" "23" 2019-12-20 29.92 "MIN" "@" "DEN" "L" -9 1 23.6666666666667 0.705 0.727 12.2 15.2 13.5 0 0 3.3 7.3 24.7 134 117 13.4 6.4
"28" "24" 2019-12-21 29.92 "MIN" "@" "POR" "L" -7 1 36.5 0.512 0.375 6.6 29.9 18.8 7.7 2.6 2.2 12 19.9 106 105 13.5 0.5
"29" "25" 2019-12-23 29.93 "MIN" "@" "GSW" "L" -9 1 29.8333333333333 0.619 0.563 12.6 14.6 13.5 5.6 4.7 2.8 10.1 13.7 128 103 13.6 2.8
"30" "26" 2019-12-26 29.94 "MIN" "@" "SAC" "W" 1 1 40.55 0.711 0.654 11 21.3 16.3 0 2.6 2.1 6.3 17.4 138 87 22.1 9
"31" "27" 2019-12-28 29.94 "MIN" "" "CLE" "L" -6 1 23.15 0.296 0.25 10.4 20.7 14.5 14.4 8 3.6 19.2 18.1 69 79 6.4 -2
"32" "28" 2019-12-30 29.95 "MIN" "" "BRK" "W" 7 1 32.7333333333333 0.463 0.409 15.7 40.5 27.4 9.1 4.1 2.8 7.8 15.9 113 88 15 1.4
"33" "29" 2020-01-01 29.95 "MIN" "@" "MIL" "L" -2 1 23.5333333333333 0.451 0.357 11.3 11.3 11.3 7.9 0 3.5 5.7 31.5 97 102 8.2 -2.9
"34" "30" 2020-01-02 29.96 "MIN" "" "GSW" "W" 15 1 27.5166666666667 0.5 0.5 6.6 12.5 9.2 10.6 0 3.1 14.3 10.7 108 93 5.6 -3.7
"35" "31" 2020-01-05 29.96 "MIN" "@" "CLE" "W" 15 1 29.2833333333333 1.011 1 14.3 36 24.5 29 0 11.1 15.5 18.1 173 100 28.7 22
"36" "32" 2020-01-07 29.97 "MIN" "@" "MEM" "L" -7 1 23.55 0.486 0.45 0 10.5 4.9 25.6 2 0 20.9 24.9 90 117 5.4 -3.8
"37" "33" 2020-01-09 29.98 "MIN" "" "POR" "W" 14 1 16.9833333333333 0.6 0.6 33.6 25.7 29.1 0 5.8 4.8 9.1 27.7 129 89 12.9 7.9
"38" "34" 2020-01-11 29.98 "MIN" "@" "HOU" "L" -30 1 18.6833333333333 1 1 4.4 29.9 15.1 33.3 2.3 0 22.2 17.9 134 121 12.8 11.6
"39" "35" 2020-01-13 29.99 "MIN" "" "OKC" "L" -13 1 16.45 0.357 0.357 5.5 25 13.3 18.1 3 0 0 18.7 92 117 3.3 -5.6
"40" "36" 2020-01-15 29.99 "MIN" "" "IND" "L" -5 1 28.7333333333333 0.472 0.467 10.4 31.8 20.4 19.1 0 2.7 11.2 27.1 96 106 11.4 -1.5
"41" "37" 2020-01-17 30 "MIN" "@" "IND" "L" -2 0 19.9 0.8 0.8 0 29.2 12.5 14.7 0 0 0 10.9 163 118 7.1 5.9
"42" "38" 2020-01-18 30 "MIN" "" "TOR" "L" -10 0 18.35 0.685 0.571 22.3 17.8 20.1 0 2.5 4.7 25.5 25 110 111 9.9 0.6
"43" "39" 2020-01-20 30.01 "MIN" "" "DEN" "L" -7 0 12.8333333333333 0.8 0.8 7.3 25.5 15.7 14 0 6.3 16.7 21.1 126 111 6.9 8.1
"44" "40" 2020-01-22 30.01 "MIN" "@" "CHI" "L" -7 0 16.7333333333333 0.3 0.3 6 38.2 21.6 7.5 5.7 5.3 0 12.5 85 97 4.6 -0.6
"45" "41" 2020-01-24 30.02 "MIN" "" "HOU" "L" -7 0 11.55 0.333 0.333 9.7 29 19.3 19 0 0 25 13.4 88 126 1.5 -8
"46" "42" 2020-01-25 30.02 "MIN" "" "OKC" "L" -9 0 5.81666666666667 0 0 0 44.6 19.6 0 0 0 0 22.3 0 118 -1.5 -26
"47" "43" 2020-01-27 30.02 "MIN" "" "SAC" "L" -4 0 7.48333333333333 0.833 0.833 0 32.2 15.9 24.6 0 29.5 0 17.2 169 105 6 20.4
"48" "44" 2020-02-01 30.04 "MIN" "@" "LAC" "L" -12 0 9.5 0.625 0.625 0 0 0 0 0 7.9 20 21.5 83 115 2.7 0
"49" "45" 2020-02-03 30.04 "MIN" "@" "SAC" "L" -4 0 10.5166666666667 0.717 0.625 22.3 48 34.7 0 4.8 9.5 29.1 27.7 109 103 6.9 4.5
"50" "46" 2020-02-05 30.05 "MIN" "" "ATL" "L" -7 0 9.68333333333333 0.581 0.667 23.1 29.2 25.8 14.1 0 0 36.8 22.6 94 125 3 -6.6
"51" "" 2020-02-07 30.05 "MEM" "@" "PHI" "L" -12 NA NA NA NA NA NA NA NA NA NA NA NA NA NA NA NA
"52" "" 2020-02-09 30.06 "MEM" "@" "WAS" "W" 7 NA NA NA NA NA NA NA NA NA NA NA NA NA NA NA NA
"53" "47" 2020-02-12 30.07 "MEM" "" "POR" "W" 7 0 12.55 0.583 0.583 7.6 13.2 10.6 22.8 7.7 6.4 14.3 22.9 114 89 7.6 13
"54" "48" 2020-02-20 30.09 "MEM" "@" "SAC" "L" -4 0 13.1833333333333 0 0 0 16.9 9.3 8.5 3.5 0 33.3 9.3 24 120 -1.7 -12.2
"55" "49" 2020-02-21 30.09 "MEM" "@" "LAL" "L" -12 0 20.95 1.087 1.083 0 49.8 23.1 0 4.4 0 0 12.1 220 97 15.6 16.8
"56" "50" 2020-02-24 30.1 "MEM" "@" "LAC" "L" -27 0 28.1 0.643 0.6 10.2 26.6 18 0 1.7 12 8.4 18.2 125 113 15.2 6.4
"57" "51" 2020-02-26 30.11 "MEM" "@" "HOU" "L" -28 0 19.1666666666667 0.571 0.571 8.8 0 5.4 7.6 2.4 5.8 0 16.7 133 132 8.9 0.1
"58" "52" 2020-02-28 30.11 "MEM" "" "SAC" "L" -3 0 22.6333333333333 0.317 0.286 0 29.7 15 0 2.1 4 11.3 16.8 58 99 3.3 -7.1
"59" "53" 2020-02-29 30.12 "MEM" "" "LAL" "W" 17 0 21.15 0.167 0.167 14.5 13.9 14.2 5.6 2.5 8.7 0 12.7 79 93 4.3 -4.3
"60" "54" 2020-03-02 30.12 "MEM" "@" "ATL" "W" 39 0 26.0333333333333 0.767 0.75 4.5 26.8 17.9 5.3 1.8 2.9 21.3 21.7 121 80 14.6 2.3
"61" "55" 2020-03-04 30.13 "MEM" "@" "BRK" "W" 39 0 19 0.615 0.5 16.1 51.5 35 0 0 10.5 29.1 14.8 107 67 8.8 2.9
"62" "56" 2020-03-06 30.13 "MEM" "@" "DAL" "L" -25 0 17.7333333333333 0.315 0.333 0 31.8 17.1 14.9 0 0 0 11.9 83 121 2.5 -6.2
"63" "57" 2020-03-07 30.13 "MEM" "" "ATL" "W" 17 0 18.5833333333333 0.41 0.5 5.5 13.6 9.9 13.7 0 0 29.1 15.1 76 105 1 -9.8
"64" "58" 2020-03-10 30.14 "MEM" "" "ORL" "L" -5 0 15.0166666666667 0.833 0.833 0 43.6 24 30.3 3.1 10.8 0 8.5 180 99 9.6 19.4
"65" "" 2020-07-31 30.53 "MEM" "@" "POR" "L" -5 NA NA NA NA NA NA NA NA NA NA NA NA NA NA NA NA
"66" "" 2020-08-02 30.54 "MEM" "" "SAS" "L" -2 NA NA NA NA NA NA NA NA NA NA NA NA NA NA NA NA
"67" "" 2020-08-03 30.54 "MEM" "@" "NOP" "L" -10 NA NA NA NA NA NA NA NA NA NA NA NA NA NA NA NA
"68" "59" 2020-08-05 30.55 "MEM" "@" "UTA" "L" -9 0 10.95 0.25 0.25 0 0 0 0 0 11.2 0 15.1 54 124 -0.5 -12.9
"69" "60" 2020-08-07 30.55 "MEM" "" "OKC" "W" 29 0 22.2 0.968 0.875 12 18.6 16.1 0 0 4 24.4 16 151 94 10.4 4.1
"70" "61" 2020-08-09 30.56 "MEM" "@" "TOR" "L" -9 0 12.9333333333333 0.625 0.625 0 20.1 9.1 12.5 0 11.6 33.3 18.6 81 104 2.6 -0.7
"71" "62" 2020-08-11 30.56 "MEM" "" "BOS" "L" -15 0 22.7 0.718 0.333 4.2 21.1 11.7 0 6.6 0 0 12.9 165 115 11.2 3
"72" "63" 2020-08-13 30.57 "MEM" "" "MIL" "W" 13 0 15.4666666666667 0.451 0.25 6.9 16.9 12.4 7.4 0 0 11.4 23 98 99 4.1 -6.4
"1" "1" 2020-12-23 30.93 "MEM" "" "SAS" "L" -12 0 11.7666666666667 0.833 0.833 0 9.1 4.5 10 3.8 11.7 25 14.3 118 108 5.3 4.4
"2" "2" 2020-12-26 30.94 "MEM" "" "ATL" "L" -10 0 6.96666666666667 0.5 0.5 0 27.6 13.8 0 0 0 16.7 35.7 76 116 1.5 -8.8
"3" "3" 2020-12-28 30.95 "MEM" "@" "BRK" "W" 5 0 13.8833333333333 0.5 0.5 14.4 21.6 18 12.5 3.5 6.6 12.5 23.5 106 93 7 5.8
"4" "4" 2020-12-30 30.95 "MEM" "@" "BOS" "L" -19 0 23.8333333333333 0.751 0.7 8.8 19.2 13.7 14.4 1.9 0 0 18.1 163 120 16.6 9.7
"5" "5" 2021-01-01 30.96 "MEM" "@" "CHO" "W" 15 0 22.2166666666667 0.709 0.667 10.3 27 19.2 6.7 0 7.9 9.2 21.5 131 91 13.6 6.1
"6" "6" 2021-01-03 30.96 "MEM" "" "LAL" "L" -14 0 20.8 0.417 0.417 4.5 28.8 16.3 26.8 0 0 14.3 14.7 100 115 5.1 -1.1
"7" "7" 2021-01-05 30.97 "MEM" "" "LAL" "L" -2 0 21.6333333333333 0.813 0.813 4.6 15.8 9.9 9.8 4.5 0 20 21 116 94 10.9 5.1
"8" "8" 2021-01-07 30.97 "MEM" "" "CLE" "L" -4 0 18.1333333333333 0.595 0.5 12.9 12 12.5 25.9 5.8 0 25.4 20 111 98 7.6 2.9
"9" "9" 2021-01-08 30.98 "MEM" "" "BRK" "W" 5 0 13.85 0 0 6.9 27.4 15.8 7.7 6.7 0 50 6 55 98 2.2 -6.3
"10" "" 2021-01-11 30.98 "MEM" "@" "CLE" "W" 10 NA NA NA NA NA NA NA NA NA NA NA NA NA NA NA NA
"11" "" 2021-01-13 30.99 "MEM" "@" "MIN" "W" 11 NA NA NA NA NA NA NA NA NA NA NA NA NA NA NA NA
"12" "" 2021-01-16 31 "MEM" "" "PHI" "W" 2 NA NA NA NA NA NA NA NA NA NA NA NA NA NA NA NA
"13" "10" 2021-01-18 31 "MEM" "" "PHO" "W" 4 0 14.5333333333333 0.735 0.7 0 23 11.8 21.2 3.4 6.4 0 16.8 154 100 9.7 14.5
"14" "11" 2021-01-30 31.03 "MEM" "@" "SAS" "W" 17 0 26.6833333333333 0.744 0.714 18 12.6 15.2 12.3 1.8 6.7 22.9 21.1 133 110 14.9 5
"15" "12" 2021-02-01 31.04 "MEM" "@" "SAS" "W" 31 0 24.1666666666667 0.95 0.95 18.9 18.7 18.8 5.5 0 3.8 9.1 19.9 168 105 17.9 7.6
"16" "13" 2021-02-02 31.04 "MEM" "@" "IND" "L" -18 0 25.0166666666667 0.434 0.25 0 32.9 14.8 4.8 1.8 3.6 25.8 12.5 74 126 3.2 -9.4
"17" "14" 2021-02-04 31.05 "MEM" "" "HOU" "L" -12 0 23.05 0.68 0.6 4.4 31.2 16.8 6.3 2.1 14.9 25.4 14.8 105 107 9.6 3.4
"18" "15" 2021-02-06 31.05 "MEM" "@" "NOP" "L" -9 1 21.05 1.064 1.25 15.2 10.9 13.1 12.9 2.4 0 21 10.1 175 124 9.5 3.2
"19" "16" 2021-02-08 31.06 "MEM" "" "TOR" "L" -15 0 9.71666666666667 NA NA 0 32.9 12.5 13.4 5.3 0 NA 0 235 128 2.3 0.6
"20" "17" 2021-02-10 31.06 "MEM" "" "CHO" "W" 16 0 19.1333333333333 0.347 0 16.4 35.8 24.8 5.3 2.6 0 25.8 8.3 112 115 4.5 -6.1
"21" "18" 2021-02-12 31.07 "MEM" "@" "LAL" "L" -10 0 14.3333333333333 0.798 1 8.4 16.7 12.6 0 0 0 0 6 170 117 2 -7.2
"22" "" 2021-02-14 31.07 "MEM" "@" "SAC" "W" 14 NA NA NA NA NA NA NA NA NA NA NA NA NA NA NA NA
"23" "19" 2021-02-16 31.08 "MEM" "" "NOP" "L" -31 0 5.5 0.512 0.375 0 0 0 0 0 0 0 37.1 110 144 2.2 -7.7
"24" "" 2021-02-17 31.08 "MEM" "" "OKC" "W" 9 NA NA NA NA NA NA NA NA NA NA NA NA NA NA NA NA
"25" "" 2021-02-19 31.09 "MEM" "" "DET" "W" 14 NA NA NA NA NA NA NA NA NA NA NA NA NA NA NA NA
"26" "20" 2021-02-20 31.09 "MEM" "" "PHO" "L" -31 0 22.9666666666667 0.713 0.5 3.9 16.9 9.3 14.1 2.2 5.2 16 22.7 134 129 13.2 7.3
"27" "" 2021-02-22 31.1 "MEM" "@" "DAL" "L" -10 NA NA NA NA NA NA NA NA NA NA NA NA NA NA NA NA
"28" "21" 2021-02-25 31.1 "MEM" "" "LAC" "W" 28 0 3.43333333333333 NA NA 0 0 0 0 0 0 NA 0 0 106 0 -6.9
"29" "" 2021-02-26 31.11 "MEM" "" "LAC" "L" -20 NA NA NA NA NA NA NA NA NA NA NA NA NA NA NA NA
"30" "22" 2021-02-28 31.11 "MEM" "@" "HOU" "W" 49 0 8.65 0.685 0.571 0 29.2 17.7 16.6 0 0 0 39.1 154 78 9.5 18.3
"31" "" 2021-03-02 31.12 "MEM" "@" "WAS" "W" 14 NA NA NA NA NA NA NA NA NA NA NA NA NA NA NA NA
"32" "" 2021-03-04 31.12 "MEM" "" "MIL" "L" -1 NA NA NA NA NA NA NA NA NA NA NA NA NA NA NA NA
"33" "" 2021-03-10 31.14 "MEM" "" "WAS" "W" 15 NA NA NA NA NA NA NA NA NA NA NA NA NA NA NA NA
"34" "" 2021-03-12 31.15 "MEM" "" "DEN" "L" -1 NA NA NA NA NA NA NA NA NA NA NA NA NA NA NA NA
"35" "" 2021-03-14 31.15 "MEM" "@" "OKC" "L" -6 NA NA NA NA NA NA NA NA NA NA NA NA NA NA NA NA
"36" "" 2021-03-15 31.15 "MEM" "@" "PHO" "L" -23 NA NA NA NA NA NA NA NA NA NA NA NA NA NA NA NA
"37" "" 2021-03-17 31.16 "MEM" "" "MIA" "W" 4 NA NA NA NA NA NA NA NA NA NA NA NA NA NA NA NA
"38" "" 2021-03-19 31.16 "MEM" "" "GSW" "L" -13 NA NA NA NA NA NA NA NA NA NA NA NA NA NA NA NA
"39" "" 2021-03-20 31.17 "MEM" "" "GSW" "W" 8 NA NA NA NA NA NA NA NA NA NA NA NA NA NA NA NA
"40" "" 2021-03-22 31.17 "MEM" "" "BOS" "W" 6 NA NA NA NA NA NA NA NA NA NA NA NA NA NA NA NA
"41" "" 2021-03-24 31.18 "MEM" "@" "OKC" "W" 9 NA NA NA NA NA NA NA NA NA NA NA NA NA NA NA NA
"42" "" 2021-03-29 31.19 "SAS" "" "SAC" "L" -17 NA NA NA NA NA NA NA NA NA NA NA NA NA NA NA NA
"43" "23" 2021-03-31 31.2 "SAS" "" "SAC" "W" 14 0 5.56666666666667 0.568 NA 0 0 0 0 0 0 0 6.5 122 116 0.6 -7
"44" "" 2021-04-01 31.2 "SAS" "" "ATL" "L" -5 NA NA NA NA NA NA NA NA NA NA NA NA NA NA NA NA
"45" "" 2021-04-03 31.21 "SAS" "" "IND" "L" -6 NA NA NA NA NA NA NA NA NA NA NA NA NA NA NA NA
"46" "24" 2021-04-05 31.21 "SAS" "" "CLE" "L" -24 0 8.7 0.644 0.5 0 0 0 0 5.8 0 20.5 25.1 100 123 1.7 -7.4
"47" "25" 2021-04-07 31.22 "SAS" "@" "DEN" "L" -10 0 9.63333333333333 0.307 0.25 0 23.2 10.5 0 4.9 0 17 25.6 53 97 0.4 -11.7
"48" "" 2021-04-09 31.22 "SAS" "@" "DEN" "L" -2 NA NA NA NA NA NA NA NA NA NA NA NA NA NA NA NA
"49" "" 2021-04-11 31.23 "SAS" "@" "DAL" "W" 2 NA NA NA NA NA NA NA NA NA NA NA NA NA NA NA NA
"50" "" 2021-04-12 31.23 "SAS" "@" "ORL" "W" 23 NA NA NA NA NA NA NA NA NA NA NA NA NA NA NA NA
"51" "" 2021-04-14 31.24 "SAS" "@" "TOR" "L" -5 NA NA NA NA NA NA NA NA NA NA NA NA NA NA NA NA
"52" "" 2021-04-16 31.24 "SAS" "" "POR" "L" -1 NA NA NA NA NA NA NA NA NA NA NA NA NA NA NA NA
"53" "26" 2021-04-17 31.24 "SAS" "@" "PHO" "W" 26 0 20.0166666666667 0.727 0.667 12.6 34.3 25.5 17.9 0 3.8 0 7.8 175 83 9.9 9.8
"54" "27" 2021-04-19 31.25 "SAS" "@" "IND" "W" 15 0 3.13333333333333 NA NA 0 0 0 42.6 0 0 NA 0 222 101 0.3 3.5
"55" "28" 2021-04-21 31.25 "SAS" "" "MIA" "L" -20 0 4.1 NA NA 0 0 0 0 0 0 NA 0 0 129 -0.4 -13.8
"56" "" 2021-04-22 31.26 "SAS" "" "DET" "W" 15 NA NA NA NA NA NA NA NA NA NA NA NA NA NA NA NA
"57" "" 2021-04-24 31.26 "SAS" "@" "NOP" "W" 2 NA NA NA NA NA NA NA NA NA NA NA NA NA NA NA NA
"58" "29" 2021-04-26 31.27 "SAS" "@" "WAS" "W" 3 0 8.13333333333333 0.773 0.833 29 26.6 27.7 0 0 0 0 20.3 168 131 6.3 9.6
"59" "30" 2021-04-28 31.27 "SAS" "@" "MIA" "L" -5 0 6.2 1.136 NA 17.2 18 17.6 0 0 0 53.2 13.5 128 122 1.2 -10
"60" "" 2021-04-30 31.28 "SAS" "@" "BOS" "L" -3 NA NA NA NA NA NA NA NA NA NA NA NA NA NA NA NA
"61" "31" 2021-05-02 31.28 "SAS" "" "PHI" "L" -2 0 31.4833333333333 1.095 1.083 0 13.2 6.9 14.6 3.3 0 20.5 14.1 171 109 17.3 13
"62" "32" 2021-05-03 31.29 "SAS" "@" "UTA" "L" -11 0 15.6 0.483 0.375 14 14.3 14.1 28.2 6.4 0 0 26.7 120 106 9.9 9.5
"63" "33" 2021-05-05 31.29 "SAS" "@" "UTA" "L" -32 0 13.1666666666667 0.255 0.2 0 11 4.1 21.9 3.7 0 14.5 23.3 57 125 0.4 -12.5
"64" "" 2021-05-07 31.3 "SAS" "@" "SAC" "W" 9 NA NA NA NA NA NA NA NA NA NA NA NA NA NA NA NA
"65" "34" 2021-05-08 31.3 "SAS" "@" "POR" "L" -22 0 6.88333333333333 0 0 0 0 0 18.8 0 0 0 19 17 135 -1.4 -18.5
"66" "35" 2021-05-10 31.31 "SAS" "" "MIL" "W" 21 0 3.96666666666667 0.5 0.5 0 26.9 15.1 0 11.8 0 33.3 31.5 63 98 1.3 -6.8
"67" "36" 2021-05-12 31.31 "SAS" "@" "BRK" "L" -12 0 10.3166666666667 0.788 0.75 16.6 28.2 20.9 48.1 0 0 18.4 20.9 148 132 8.5 15.7
"68" "" 2021-05-13 31.32 "SAS" "@" "NYK" "L" -4 NA NA NA NA NA NA NA NA NA NA NA NA NA NA NA NA
"69" "37" 2021-05-15 31.32 "SAS" "" "PHO" "L" -37 0 25.0333333333333 0.872 0.833 8.2 23.4 15.3 7.5 1.8 3.1 16.2 20.6 142 128 17.4 8.7
"70" "38" 2021-05-16 31.32 "SAS" "" "PHO" "L" -2 0 9.48333333333333 0.7 0.7 10.3 22.5 16.2 29.1 0 0 0 21.7 152 122 7 11.2
