"Rk" "G" "Date" "Age" "Tm" "H/A" "Opp" "W/L" "By Amt" "GS" "MP" "TS%" "eFG%" "ORB%" "DRB%" "TRB%" "AST%" "STL%" "BLK%" "TOV%" "USG%" "ORtg" "DRtg" "GmSc" "BPM"
"1" "1" 1981-10-30 22.74 "PHI" "" "CLE" "W" 24 0 4 0.5 0.5 NA NA NA NA NA NA NA NA NA NA 1.6 NA
"2" "2" 1981-11-03 22.75 "PHI" "@" "WSB" "W" 13 0 2 NA NA NA NA NA NA NA NA NA NA NA NA NA NA
"3" "3" 1981-11-11 22.77 "PHI" "" "CHI" "W" 27 0 7 0.25 0.25 NA NA NA NA NA NA NA NA NA NA 1 NA
"4" "4" 1981-11-21 22.8 "PHI" "" "HOU" "W" 29 0 4 0.333 0.333 NA NA NA NA NA NA NA NA NA NA 0.6 NA
"5" "5" 1981-12-04 22.84 "PHI" "@" "BOS" "L" -8 0 1 0 0 NA NA NA NA NA NA NA NA NA NA -0.7 NA
"6" "6" 1981-12-09 22.85 "PHI" "" "DEN" "W" 28 0 7 0.418 0.333 NA NA NA NA NA NA NA NA NA NA 4.7 NA
"7" "7" 1981-12-11 22.85 "PHI" "" "CLE" "W" 18 0 5 0.333 0.333 NA NA NA NA NA NA NA NA NA NA -0.1 NA
"8" "8" 1981-12-13 22.86 "PHI" "@" "MIL" "L" -19 0 1 0 0 NA NA NA NA NA NA NA NA NA NA -1.4 NA
"9" "9" 1982-01-01 22.91 "PHI" "@" "POR" "W" 15 1 22 0.543 0.5 NA NA NA NA NA NA NA NA NA NA 10.8 NA
"10" "10" 1982-01-02 22.92 "PHI" "@" "UTA" "W" 2 1 13 0.25 0.25 NA NA NA NA NA NA NA NA NA NA NA NA
"11" "11" 1982-01-05 22.92 "PHI" "@" "DET" "L" -23 0 7 0.25 0.25 NA NA NA NA NA NA NA NA NA NA NA NA
"12" "12" 1982-01-06 22.93 "PHI" "" "WSB" "W" 14 0 16 0.5 0.5 NA NA NA NA NA NA NA NA NA NA NA NA
"13" "13" 1982-01-08 22.93 "PHI" "@" "BOS" "L" -6 0 8 0.2 0.2 NA NA NA NA NA NA NA NA NA NA NA NA
"14" "14" 1982-01-09 22.93 "PHI" "" "NJN" "L" -7 0 13 0.338 0.25 NA NA NA NA NA NA NA NA NA NA NA NA
"15" "15" 1982-01-12 22.94 "PHI" "@" "WSB" "W" 3 0 10 0 0 NA NA NA NA NA NA NA NA NA NA NA NA
"16" "16" 1982-01-13 22.95 "PHI" "" "MIL" "L" -4 0 13 0.717 0.625 NA NA NA NA NA NA NA NA NA NA 9.4 NA
"17" "17" 1982-01-20 22.96 "PHI" "" "POR" "W" 5 0 18 0.743 0.778 NA NA NA NA NA NA NA NA NA NA 14.7 NA
"18" "18" 1982-01-23 22.97 "PHI" "" "SEA" "W" 13 0 3 0 0 NA NA NA NA NA NA NA NA NA NA -0.7 NA
"19" "19" 1982-01-26 22.98 "PHI" "@" "SAS" "L" -8 0 1 NA NA NA NA NA NA NA NA NA NA NA NA 0 NA
"20" "20" 1982-01-27 22.98 "PHI" "@" "DAL" "W" 13 0 1 0 0 NA NA NA NA NA NA NA NA NA NA -0.7 NA
"21" "21" 1982-01-28 22.99 "PHI" "@" "HOU" "L" -8 0 7 0 0 NA NA NA NA NA NA NA NA NA NA -1.1 NA
"22" "22" 1982-02-03 23 "PHI" "" "WSB" "W" 26 0 4 0.333 0.333 NA NA NA NA NA NA NA NA NA NA NA NA
"23" "23" 1982-02-07 23.01 "PHI" "" "CHI" "W" 16 0 1 1 1 NA NA NA NA NA NA NA NA NA NA 3.4 NA
"24" "24" 1982-02-13 23.03 "PHI" "@" "NYK" "W" 7 0 18 0.667 0.667 NA NA NA NA NA NA NA NA NA NA NA NA
"25" "25" 1982-02-14 23.03 "PHI" "" "NYK" "W" 12 0 14 0.291 0.333 NA NA NA NA NA NA NA NA NA NA NA NA
"26" "26" 1982-02-19 23.05 "PHI" "" "UTA" "W" 15 0 1 1 1 NA NA NA NA NA NA NA NA NA NA NA NA
"27" "27" 1982-02-21 23.05 "PHI" "" "PHO" "W" 7 0 1 NA NA NA NA NA NA NA NA NA NA NA NA 0 NA
"28" "28" 1982-02-23 23.06 "PHI" "@" "SDC" "W" 14 0 2 0.5 0.5 NA NA NA NA NA NA NA NA NA NA 0.3 NA
"29" "29" 1982-02-27 23.07 "PHI" "@" "DEN" "L" -9 0 8 0.41 0.5 NA NA NA NA NA NA NA NA NA NA 2.3 NA
"30" "30" 1982-03-03 23.08 "PHI" "" "SDC" "W" 18 0 2 NA NA NA NA NA NA NA NA NA NA NA NA 0.7 NA
"31" "31" 1982-03-10 23.1 "PHI" "" "GSW" "W" 20 0 4 0.5 0.5 NA NA NA NA NA NA NA NA NA NA -1.3 NA
"32" "32" 1982-03-14 23.11 "PHI" "@" "KCK" "W" 14 1 29 0.543 0.462 NA NA NA NA NA NA NA NA NA NA 17.1 NA
"33" "33" 1982-03-16 23.12 "PHI" "@" "MIL" "L" -15 0 6 0 0 NA NA NA NA NA NA NA NA NA NA -1.1 NA
"34" "34" 1982-03-19 23.12 "PHI" "" "IND" "W" 17 0 5 0.667 0.667 NA NA NA NA NA NA NA NA NA NA 2.7 NA
"35" "35" 1982-03-24 23.14 "PHI" "" "NJN" "L" -5 0 9 1 1 NA NA NA NA NA NA NA NA NA NA NA NA
"36" "36" 1982-03-25 23.14 "PHI" "@" "DET" "L" -2 0 12 0.5 0.5 NA NA NA NA NA NA NA NA NA NA NA NA
"37" "37" 1982-03-26 23.14 "PHI" "@" "CLE" "W" 4 0 6 0.5 0.5 NA NA NA NA NA NA NA NA NA NA 3 NA
"38" "38" 1982-03-28 23.15 "PHI" "@" "BOS" "W" 18 0 1 NA NA NA NA NA NA NA NA NA NA NA NA NA NA
"39" "39" 1982-04-02 23.16 "PHI" "" "CLE" "W" 20 0 4 0.25 0.25 NA NA NA NA NA NA NA NA NA NA -0.8 NA
"40" "40" 1982-04-04 23.17 "PHI" "" "NYK" "W" 21 0 1 0 0 NA NA NA NA NA NA NA NA NA NA NA NA
"41" "41" 1982-04-06 23.17 "PHI" "@" "CHI" "W" 13 0 3 0.694 0.5 NA NA NA NA NA NA NA NA NA NA 4.7 NA
"42" "42" 1982-04-18 23.21 "PHI" "" "MIL" "W" 24 0 3 0.5 0.5 NA NA NA NA NA NA NA NA NA NA 2.3 NA
"1" "1" 1982-10-29 23.74 "PHI" "@" "NYK" "W" 15 0 27 0.387 0.167 NA NA 2.1 5.2 NA 0 NA NA NA NA NA NA
"2" "2" 1982-10-30 23.74 "PHI" "" "NJN" "W" 11 0 14 0.515 0.333 NA NA 0 8.9 NA 4.1 NA NA NA NA NA NA
"3" "3" 1982-11-03 23.75 "PHI" "" "SDC" "W" 19 0 25 0.715 0.727 NA NA 0 41.9 NA 0 14.4 22.8 NA NA 16.5 NA
"4" "4" 1982-11-05 23.76 "PHI" "@" "DET" "W" 11 0 23 0.635 0.571 NA NA 2.7 19.1 NA 0 NA NA NA NA NA NA
"5" "5" 1982-11-06 23.76 "PHI" "" "BOS" "W" 4 0 16 0.644 0.667 NA NA 0 9.4 NA 0 NA NA NA NA 5.2 NA
"6" "6" 1982-11-10 23.77 "PHI" "" "CHI" "W" 37 0 25 0.276 0.2 NA NA 5.1 29.7 NA 0 31.5 20.6 NA NA 4.2 NA
"7" "7" 1982-11-12 23.78 "PHI" "" "IND" "L" -9 0 9 0.5 0.5 NA NA 0 41.4 NA 0 NA NA NA NA 0.7 NA
"8" "8" 1982-11-13 23.78 "PHI" "@" "NJN" "W" 10 0 12 0.5 0.5 NA NA 4.5 12.5 NA 0 NA NA NA NA NA NA
"9" "9" 1982-11-14 23.78 "PHI" "" "WSB" "W" 9 0 5 0 0 NA NA 0 0 NA 10.4 NA NA NA NA 0 NA
"10" "10" 1982-11-17 23.79 "PHI" "" "DET" "W" 17 0 12 0.4 0.4 NA NA 4.3 17 NA 0 NA NA NA NA 2.6 NA
"11" "11" 1982-11-19 23.79 "PHI" "" "MIL" "W" 12 0 16 0.667 0.667 NA NA 0 23.1 NA 0 25 18.7 NA NA 5.5 NA
"12" "12" 1982-11-23 23.81 "PHI" "" "POR" "L" -3 0 19 0.444 0.444 NA NA 2.9 30.7 NA 0 18.2 23.1 NA NA 5.8 NA
"13" "13" 1982-11-24 23.81 "PHI" "@" "IND" "W" 15 0 14 0.654 0.667 NA NA 0 44.8 NA 3.2 NA NA NA NA NA NA
"14" "14" 1982-11-26 23.81 "PHI" "@" "CLE" "W" 18 0 18 0.25 0.25 NA NA 5.9 25.4 NA 0 NA NA NA NA 1.8 NA
"15" "15" 1982-11-27 23.82 "PHI" "" "UTA" "W" 13 1 35 0.338 0.25 NA NA 2.6 32.7 NA 0 NA NA NA NA NA NA
"16" "16" 1982-11-30 23.82 "PHI" "@" "ATL" "L" -14 0 6 0.333 0.333 NA NA 0 0 NA 0 NA NA NA NA -1.1 NA
"17" "17" 1982-12-02 23.83 "PHI" "@" "PHO" "W" 8 0 5 0.5 0.5 NA NA 0 61.1 NA 0 NA NA NA NA 2.4 NA
"18" "18" 1982-12-03 23.83 "PHI" "@" "SDC" "W" 17 0 15 0.571 0.571 NA NA 0 25.1 NA 0 NA NA NA NA NA NA
"19" "19" 1982-12-05 23.84 "PHI" "@" "LAL" "W" 10 0 10 0.694 0.667 NA NA 0 34.8 NA 0 18.8 19.3 NA NA 5.2 NA
"20" "20" 1982-12-08 23.85 "PHI" "" "ATL" "W" 47 0 23 0.643 0.6 NA NA 2.2 38 NA 0 NA NA NA NA 16.4 NA
"21" "21" 1982-12-10 23.85 "PHI" "@" "BOS" "L" -26 0 20 0.421 0.286 NA NA 2.5 16.4 NA 0 NA NA NA NA NA NA
"22" "22" 1982-12-11 23.85 "PHI" "" "DET" "W" 17 0 14 0.333 0.333 NA NA 0 20.3 NA 0 NA NA NA NA NA NA
"23" "23" 1982-12-15 23.87 "PHI" "" "CLE" "W" 6 0 17 0.581 0.5 NA NA 0 20.5 NA 3.1 NA NA NA NA 5.7 NA
"24" "24" 1982-12-17 23.87 "PHI" "" "NYK" "W" 14 0 22 0.437 0.455 NA NA 0 26.4 NA 0 NA NA NA NA NA NA
"25" "25" 1982-12-18 23.87 "PHI" "@" "WSB" "L" -3 0 21 0.317 0.286 NA NA 2.3 13.7 NA 0 NA NA NA NA NA NA
"26" "26" 1982-12-21 23.88 "PHI" "" "BOS" "W" 17 0 27 0.732 0.75 NA NA 5.6 20.7 NA 0 NA NA NA NA 11.3 NA
"27" "27" 1982-12-26 23.9 "PHI" "@" "SAS" "W" 2 0 10 0.4 0.4 NA NA 0 12.5 NA 0 NA NA NA NA 0.6 NA
"28" "28" 1982-12-28 23.9 "PHI" "@" "HOU" "W" 11 0 17 0.82 1 NA NA 2.8 21.5 NA 0 NA NA NA NA 2.2 NA
"29" "29" 1982-12-29 23.9 "PHI" "@" "DAL" "W" 10 0 11 0.4 0.4 NA NA 8.4 11.1 NA 0 NA NA NA NA 1.8 NA
"30" "30" 1983-01-05 23.92 "PHI" "" "LAL" "W" 2 0 4 0.647 0 NA NA 0 27 NA 0 0 23.7 NA NA 3 NA
"31" "31" 1983-01-07 23.93 "PHI" "@" "WSB" "W" 17 0 8 0.694 0.5 NA NA 0 56.3 NA 0 NA NA NA NA NA NA
"32" "32" 1983-01-08 23.93 "PHI" "" "KCK" "W" 12 0 20 1.02 1 NA NA 8.3 32.4 NA 2.8 NA NA NA NA NA NA
"33" "33" 1983-01-11 23.94 "PHI" "@" "ATL" "W" 10 0 14 0.833 0.833 NA NA 3.9 15.7 NA 0 NA NA NA NA 6.4 NA
"34" "34" 1983-01-12 23.94 "PHI" "" "MIL" "W" 1 0 10 0 0 NA NA 5.9 0 NA 0 57.1 27.8 NA NA -2.2 NA
"35" "35" 1983-01-14 23.95 "PHI" "@" "DET" "W" 10 0 10 0.5 0.5 NA NA 0 0 NA 0 NA NA NA NA NA NA
"36" "36" 1983-01-15 23.95 "PHI" "" "IND" "W" 9 0 9 0.258 0 NA NA 13.2 24.2 NA 0 NA NA NA NA NA NA
"37" "37" 1983-01-18 23.96 "PHI" "@" "CLE" "W" 8 0 7 0.25 0.25 NA NA 0 0 NA 0 NA NA NA NA -0.4 NA
"38" "38" 1983-01-19 23.96 "PHI" "" "CHI" "W" 20 0 11 0.514 0.429 NA NA 10.1 53 NA 0 NA NA NA NA 6.5 NA
"39" "39" 1983-01-21 23.97 "PHI" "" "SEA" "W" 13 0 16 0.276 0.2 NA NA 9.1 13.3 NA 0 NA NA NA NA 1.5 NA
"40" "40" 1983-01-23 23.97 "PHI" "@" "MIL" "L" -11 0 9 1 1 NA NA 0 64 NA 0 0 18.1 NA NA 7.8 NA
"41" "41" 1983-01-25 23.98 "PHI" "@" "CHI" "W" 17 0 13 0.683 0.667 NA NA 12.4 12.2 NA 0 NA NA NA NA 9.2 NA
"42" "42" 1983-01-26 23.98 "PHI" "" "PHO" "W" 11 0 14 0.5 0.5 NA NA 4.1 8.1 NA 0 NA NA NA NA -1.8 NA
"43" "43" 1983-01-28 23.99 "PHI" "@" "KCK" "W" 15 0 16 0.381 0.429 NA NA 9.1 16.2 NA 0 NA NA NA NA NA NA
"44" "44" 1983-01-29 23.99 "PHI" "@" "UTA" "W" 17 0 12 0.739 0.714 NA NA 18 12.1 NA 0 NA NA NA NA NA NA
"45" "45" 1983-02-01 24 "PHI" "@" "DEN" "W" 9 0 8 0 0 NA NA 0 12.2 NA 0 NA NA NA NA -4 NA
"46" "46" 1983-02-03 24 "PHI" "@" "GSW" "W" 6 0 7 0.5 0.5 NA NA 0 0 NA 0 NA NA NA NA -1 NA
"47" "47" 1983-02-04 24.01 "PHI" "@" "POR" "L" -6 0 7 0 0 NA NA 0 16.7 NA 0 0 5.9 NA NA 0.2 NA
"48" "48" 1983-02-06 24.01 "PHI" "@" "SEA" "W" 1 0 10 NA NA NA NA 0 0 NA 0 NA NA NA NA -3.4 NA
"49" "49" 1983-02-09 24.02 "PHI" "" "ATL" "W" 13 0 16 0.714 0.714 NA NA 9.2 12 NA 0 NA NA NA NA 9.7 NA
"50" "50" 1983-02-10 24.02 "PHI" "@" "CHI" "W" 6 0 17 0.375 0.375 NA NA 7.3 7.5 NA 0 NA NA NA NA 3.5 NA
"51" "51" 1983-02-16 24.04 "PHI" "" "DEN" "W" 21 0 23 0.631 0.636 NA NA 5.1 31.3 NA 0 NA NA NA NA 14.8 NA
"52" "52" 1983-02-18 24.04 "PHI" "" "HOU" "W" 29 0 21 0.643 0.6 NA NA 9.6 52.4 NA 0 NA NA NA NA 17.5 NA
"53" "53" 1983-02-20 24.05 "PHI" "" "NYK" "W" 15 0 21 0.505 0.5 NA NA 0 34.8 NA 0 NA NA NA NA NA NA
"54" "54" 1983-02-23 24.06 "PHI" "" "DAL" "W" 32 0 20 0.651 0.556 NA NA 2.1 25.5 NA 0 NA NA NA NA 11.1 NA
"55" "55" 1983-02-25 24.06 "PHI" "" "CHI" "W" 5 0 15 0.571 0.571 NA NA 0 28.1 NA 0 NA NA NA NA 7.6 NA
"56" "56" 1983-02-27 24.07 "PHI" "" "GSW" "W" 11 0 10 0.333 0.333 NA NA 0 35.8 NA 0 NA NA NA NA 1.4 NA
"57" "57" 1983-03-01 24.07 "PHI" "@" "NYK" "W" 12 0 13 0.5 0.5 NA NA 4.4 18.3 NA 0 NA NA NA NA 1.3 NA
"58" "58" 1983-03-04 24.08 "PHI" "@" "BOS" "L" -5 0 20 0.652 0.625 NA NA 0 22.5 NA 0 NA NA NA NA NA NA
"59" "59" 1983-03-06 24.09 "PHI" "@" "NJN" "L" -6 0 21 0.538 0.538 NA NA 2.6 0 NA 0 NA NA NA NA 5.6 NA
"60" "60" 1983-03-07 24.09 "PHI" "" "DET" "W" 9 0 17 0.37 0.2 NA NA 2.6 13.7 NA 0 NA NA NA NA 1 NA
"61" "61" 1983-03-12 24.1 "PHI" "@" "WSB" "W" 9 0 8 0.5 0.5 NA NA 0 0 NA 0 NA NA NA NA NA NA
"62" "62" 1983-03-13 24.11 "PHI" "" "WSB" "W" 4 0 11 0.333 0.333 NA NA 5.2 0 NA 5.6 NA NA NA NA 0.3 NA
"63" "63" 1983-03-15 24.11 "PHI" "@" "IND" "W" 4 1 33 0.618 0.583 NA NA 3.9 29.2 NA 0 NA NA NA NA 15.8 NA
"64" "64" 1983-03-16 24.12 "PHI" "" "BOS" "W" 5 1 19 0.421 0.364 NA NA 3 28.2 NA 0 NA NA NA NA 2 NA
"65" "65" 1983-03-19 24.12 "PHI" "@" "MIL" "W" 8 0 19 0.955 1 NA NA 3.1 26.2 NA 0 0 12.3 NA NA 11.4 NA
"66" "66" 1983-03-20 24.13 "PHI" "@" "DET" "W" 2 0 22 0.444 0.4 NA NA 6.6 21 NA 0 NA NA NA NA 6.4 NA
"67" "67" 1983-03-22 24.13 "PHI" "@" "NYK" "L" -13 0 27 0.541 0.5 NA NA 1.9 60.8 NA 0 NA NA NA NA 15.5 NA
"68" "68" 1983-03-25 24.14 "PHI" "" "NJN" "L" -9 0 24 0.41 0.3 NA NA 2.2 14.3 NA 0 NA NA NA NA NA NA
"69" "69" 1983-03-27 24.15 "PHI" "" "CLE" "W" 14 0 21 0.444 0.444 NA NA 2.6 34 NA 0 NA NA NA NA 4.6 NA
"70" "70" 1983-03-29 24.15 "PHI" "@" "CHI" "L" -2 0 11 0.291 0.333 NA NA 4.6 37.8 NA 0 NA NA NA NA 0.9 NA
"71" "71" 1983-03-30 24.15 "PHI" "" "ATL" "W" 7 0 19 0.5 0.5 NA NA 5.9 32.9 NA 0 NA NA NA NA 6.7 NA
"72" "72" 1983-04-01 24.16 "PHI" "" "NJN" "L" -7 0 9 0.347 0 NA NA 0 0 NA 0 NA NA NA NA NA NA
"73" "73" 1983-04-03 24.16 "PHI" "@" "CLE" "W" 12 0 17 0.518 0.4 NA NA 0 20.6 NA 0 NA NA NA NA 4.9 NA
"74" "74" 1983-04-05 24.17 "PHI" "@" "MIL" "W" 8 0 13 0.486 0.2 NA NA 4.3 11.8 NA 0 0 22.5 NA NA 5.1 NA
"75" "75" 1983-04-06 24.17 "PHI" "" "SAS" "L" -3 0 9 0.25 0.25 NA NA 5.7 69 NA 0 NA NA NA NA 2.8 NA
"76" "76" 1983-04-08 24.18 "PHI" "" "IND" "W" 8 0 14 0.667 0.667 NA NA 12.8 14.6 NA 0 NA NA NA NA NA NA
"77" "77" 1983-04-10 24.18 "PHI" "" "NYK" "W" 16 0 4 0 0 NA NA 0 90 NA 0 NA NA NA NA 1 NA
"78" "78" 1983-04-12 24.19 "PHI" "@" "ATL" "L" -5 0 12 0.296 0.2 NA NA 4.6 12.5 NA 0 NA NA NA NA -1.7 NA
"79" "79" 1983-04-13 24.19 "PHI" "" "WSB" "L" -19 0 31 0.462 0.462 NA NA 3.7 24.1 NA 0 NA NA NA NA 8.3 NA
"80" "80" 1983-04-15 24.2 "PHI" "@" "NJN" "W" 2 0 22 0.556 0.556 NA NA 7.7 12.8 NA 0 NA NA NA NA NA NA
"81" "81" 1983-04-17 24.2 "PHI" "@" "BOS" "L" -13 0 18 0.5 0.5 NA NA 0 8.3 NA 0 0 13.1 NA NA 2.9 NA
"1" "1" 1983-10-28 24.73 "PHI" "" "WSB" "W" 3 0 11 0.5 0.5 0 12.1 5.7 30.2 4.2 0 14.3 25.4 100 107 2.7 NA
"2" "2" 1983-10-29 24.74 "PHI" "@" "IND" "W" 12 0 16 0.564 0.5 0 0 0 17.7 6 0 15.8 16 113 100 5.2 NA
"3" "3" 1983-11-01 24.75 "PHI" "" "CHI" "W" 8 0 6 0 0 0 0 0 20.5 0 0 50 27.8 13 104 -2.7 NA
"4" "4" 1983-11-04 24.75 "PHI" "" "MIL" "L" -10 0 19 0.563 0.5 0 13.3 6.6 20.3 0 0 18.4 26 107 121 5.6 NA
"5" "5" 1983-11-05 24.76 "PHI" "@" "NJN" "W" 7 0 5 0 0 0 0 0 20.9 0 10.8 0 7.6 62 112 -0.5 NA
"6" "6" 1983-11-09 24.77 "PHI" "@" "DET" "L" -4 0 17 0.457 0.429 0 6.1 3 15.9 2.7 0 10.2 23 90 118 4.8 NA
"7" "7" 1983-11-11 24.77 "PHI" "" "KCK" "W" 8 0 17 0.425 0.4 0 7.4 3.9 34.9 0 0 0 14.2 127 111 4.2 NA
"8" "8" 1983-11-13 24.78 "PHI" "" "SDC" "W" 8 0 12 0.4 0.4 0 8.3 4.5 0 0 0 0 17 87 112 1.2 NA
"9" "9" 1983-11-16 24.79 "PHI" "" "NYK" "W" 5 0 7 0 0 0 0 0 0 0 0 60 32.1 0 114 -4.4 NA
"10" "10" 1983-11-17 24.79 "PHI" "@" "ATL" "L" -5 0 12 0.68 0.6 0 0 0 17.4 0 0 14.5 24 123 110 5 NA
"11" "11" 1983-11-19 24.79 "PHI" "" "BOS" "W" 1 0 4 NA NA 0 0 0 0 0 0 NA 0 0 116 0 NA
"12" "12" 1983-11-22 24.8 "PHI" "" "DET" "W" 4 0 11 0 0 0 30.4 15.2 33.6 0 0 0 21.5 34 108 -1.6 NA
"13" "13" 1983-11-23 24.81 "PHI" "@" "SAS" "W" 8 0 6 0 0 0 0 0 0 0 0 50 14.7 0 122 -1.7 NA
"14" "14" 1983-11-25 24.81 "PHI" "@" "HOU" "W" 14 0 12 0.403 0.429 8.9 9.5 9.2 21.6 11.3 0 0 24 109 80 6.5 NA
"15" "15" 1983-11-29 24.82 "PHI" "@" "IND" "W" 2 0 7 0 0 15.6 14 14.7 0 14 0 0 12.3 35 75 1.2 NA
"16" "16" 1983-11-30 24.82 "PHI" "" "ATL" "W" 12 0 10 0.475 0.4 0 0 0 23.8 0 6.2 13.7 31.9 99 115 3.2 NA
"17" "17" 1983-12-03 24.83 "PHI" "@" "WSB" "L" -5 0 13 0.258 0 0 0 0 9 0 0 20.5 16.3 58 116 -1.2 NA
"18" "18" 1983-12-04 24.84 "PHI" "@" "BOS" "W" 7 0 4 1 1 0 0 0 44.5 0 0 50 21.4 95 119 1 NA
"19" "19" 1983-12-07 24.84 "PHI" "" "DEN" "W" 5 0 8 0 0 0 0 0 11.3 0 0 33.3 13.1 21 125 -1.7 NA
"20" "20" 1983-12-09 24.85 "PHI" "" "NJN" "L" -7 0 18 0.167 0.167 0 5.6 2.9 17.6 2.7 2.9 0 13.7 63 104 1.6 NA
"21" "21" 1983-12-11 24.85 "PHI" "@" "MIL" "W" 10 0 1 NA NA 0 0 0 0 0 0 NA 0 0 104 0 NA
"22" "22" 1983-12-14 24.86 "PHI" "" "MIL" "W" 22 0 7 0 0 0 0 0 16.7 0 0 41 32.3 13 109 -3.5 NA
"23" "23" 1983-12-16 24.87 "PHI" "" "CLE" "W" 10 0 8 1 1 0 24 13.8 48 6.2 0 25 22.1 140 95 7.1 NA
"24" "24" 1983-12-21 24.88 "PHI" "" "SAS" "W" 1 0 22 0.45 0.375 0 14.9 7.6 21.6 2.1 0 0 16.8 125 117 6.7 NA
"25" "25" 1983-12-23 24.89 "PHI" "@" "DET" "W" 2 0 14 0.6 0.6 0 0 0 25.7 0 0 0 15.8 128 115 4.7 NA
"26" "26" 1983-12-27 24.9 "PHI" "@" "KCK" "W" 3 0 6 0.333 0.333 22.9 34.8 29.6 0 0 0 0 19.9 91 103 0.8 NA
"27" "27" 1983-12-29 24.9 "PHI" "@" "DEN" "L" -12 0 9 0 0 0 0 0 17.8 0 0 33.3 13.2 15 112 -2.5 NA
"28" "28" 1983-12-30 24.91 "PHI" "@" "SEA" "L" -4 0 5 0 0 0 22.1 10.4 28.6 0 0 0 8.9 43 100 0.3 NA
"29" "29" 1984-01-01 24.91 "PHI" "@" "POR" "W" 12 0 5 0.667 0.667 0 0 0 0 0 0 25 35 89 117 1.7 NA
"30" "30" 1984-01-03 24.92 "PHI" "@" "GSW" "L" -9 0 13 0.5 0.5 10.5 0 4.9 0 3.7 0 33.3 18.5 73 115 0.9 NA
"31" "31" 1984-01-05 24.92 "PHI" "@" "MIL" "W" 1 0 8 0 0 0 0 0 30.8 0 0 33.3 18 35 110 -1.4 NA
"32" "32" 1984-01-06 24.93 "PHI" "" "NJN" "W" 4 0 9 0.68 0.6 0 11.9 6.3 0 5.4 0 25.4 36.3 98 100 4.6 NA
"33" "33" 1984-01-07 24.93 "PHI" "@" "CLE" "L" -8 0 9 0.102 0 0 0 0 47.1 0 0 17 28.6 43 114 -1.9 NA
"34" "34" 1984-01-09 24.93 "PHI" "@" "NYK" "L" -38 0 14 0.317 0.286 0 8.2 4 64.9 0 0 33.7 35.2 54 113 -2.4 NA
"35" "35" 1984-01-11 24.94 "PHI" "" "WSB" "W" 22 0 6 1 1 0 20.5 11.1 38.1 0 0 0 6.9 200 101 3.4 NA
"36" "36" 1984-01-14 24.95 "PHI" "" "GSW" "W" 26 0 5 0.5 0.5 21.3 0 9.4 0 8.6 0 0 13.9 137 87 2.3 NA
"37" "37" 1984-01-17 24.96 "PHI" "" "DET" "W" 11 0 3 0 0 0 0 0 0 0 0 0 25.5 0 115 -1.8 NA
"38" "38" 1984-01-24 24.98 "PHI" "@" "NYK" "L" -9 0 7 0.725 1 0 16.7 9.5 22 7.4 0 26.6 25.4 110 107 3.5 NA
"39" "39" 1984-01-25 24.98 "PHI" "@" "BOS" "L" -4 0 9 0.26 0 12.7 11.3 12 15.7 0 0 0 26.1 75 105 1.1 NA
"40" "40" 1984-02-01 25 "PHI" "" "IND" "W" 8 0 8 0.5 0.5 16.2 0 7 17.6 0 0 0 10.1 130 105 2 NA
"41" "41" 1984-02-03 25 "PHI" "" "ATL" "L" -11 0 22 0.368 0.3 0 4.4 2.2 30.7 2.2 0 0 20 97 104 5.1 NA
"42" "42" 1984-02-04 25.01 "PHI" "@" "ATL" "L" -5 0 22 0.381 0.286 0 24.9 12.3 13.8 NA 0 NA NA NA 112 NA NA
"43" "43" 1984-02-07 25.01 "PHI" "@" "CHI" "L" -15 0 21 0.25 0.25 5.4 0 3 13.2 7.2 0 20 10.5 66 103 3.3 NA
"44" "44" 1984-02-08 25.02 "PHI" "" "HOU" "W" 11 0 1 NA NA 0 0 0 0 0 0 NA 0 0 113 -0.4 NA
"45" "45" 1984-02-10 25.02 "PHI" "" "CHI" "L" -9 0 13 0.667 0.667 0 0 0 55.5 0 0 25 12.7 114 111 3.3 NA
"46" "46" 1984-02-12 25.03 "PHI" "@" "BOS" "W" 18 0 4 0.5 0.5 0 21.1 12 0 12.2 0 0 20.7 105 66 2.3 NA
"47" "47" 1984-02-15 25.04 "PHI" "@" "DAL" "L" -3 0 9 0 0 0 48.3 23 41.1 5.5 0 0 4.6 108 93 3.3 NA
"48" "48" 1984-02-17 25.04 "PHI" "" "NJN" "W" 5 0 6 NA NA 0 0 0 60 0 9.9 NA 0 200 112 2.8 NA
"49" "49" 1984-02-19 25.05 "PHI" "" "NYK" "W" 4 0 7 0 0 0 0 0 0 0 0 0 5.4 0 108 -0.7 NA
"50" "50" 1984-02-21 25.05 "PHI" "@" "NJN" "L" -3 0 18 0.333 0.333 0 12.3 7 21.5 2.7 0 25 19.6 72 106 1.5 NA
"51" "51" 1984-02-23 25.06 "PHI" "@" "CLE" "L" -7 0 22 0.425 0.4 5.5 5.6 5.5 0 0 0 46 20.4 49 111 -4.5 NA
"52" "52" 1984-02-24 25.06 "PHI" "" "POR" "L" -5 0 6 0.5 0.5 0 0 0 0 0 0 0 14.1 113 131 0.6 NA
"53" "53" 1984-02-26 25.07 "PHI" "" "LAL" "L" -2 0 26 0.339 0.222 0 4.2 1.8 14.5 1.9 0 0 15.1 103 106 4.5 NA
"54" "54" 1984-03-01 25.08 "PHI" "@" "PHO" "L" -12 0 18 0.6 0.6 0 17.8 9.2 29.6 0 0 16.7 13.7 113 118 4.9 NA
"55" "55" 1984-03-04 25.08 "PHI" "@" "SDC" "W" 5 0 2 NA NA 57.1 0 29.3 0 0 0 NA 0 201 119 0.7 NA
"56" "56" 1984-03-09 25.1 "PHI" "" "SEA" "W" 8 0 5 0 0 0 16 8.7 0 0 0 0 7.9 0 86 -1.2 NA
"57" "57" 1984-03-11 25.1 "PHI" "" "UTA" "W" 23 0 15 0.714 0.714 12.8 0 6.5 10 9.3 0 0 17.8 157 87 12.2 NA
"58" "58" 1984-03-13 25.11 "PHI" "@" "IND" "W" 15 0 6 0 0 0 0 0 0 0 0 0 21.3 0 110 -2.5 NA
"59" "59" 1984-03-16 25.12 "PHI" "" "ATL" "L" -3 0 19 0.82 0.75 0 17.6 9.5 32.2 0 3 38.1 18.5 107 109 6.6 NA
"60" "60" 1984-03-17 25.12 "PHI" "" "PHO" "W" 19 0 28 0.667 0.667 0 10.4 4.5 24.3 8.1 0 7.7 17.3 143 100 19.2 NA
"1" "1" 1985-03-11 26.1 "LAC" "@" "DET" "L" -7 0 2 1.042 1 0 0 0 0 0 0 0 29.6 222 132 2.7 26.5
"2" "2" 1985-03-13 26.11 "LAC" "@" "PHI" "L" -18 0 12 0.667 0.667 0 9.5 4.7 12.5 3.8 0 0 10.1 148 115 4.3 2
"3" "3" 1985-03-14 26.11 "LAC" "@" "IND" "W" 1 0 15 0.799 0.833 0 0 0 33.1 9.1 0 0 19.8 164 98 13.1 18.1
"4" "4" 1985-03-16 26.12 "LAC" "" "LAL" "L" -11 0 16 0.595 0.6 0 7.3 3.3 25 8.6 0 14.5 16.8 112 106 8.7 8.7
"5" "5" 1985-03-17 26.12 "LAC" "" "GSW" "L" -9 0 13 0.581 0.5 0 8.6 4.2 37 0 0 0 21.8 144 117 7 3.9
"6" "6" 1985-03-18 26.12 "LAC" "" "DET" "W" 20 0 19 0.41 0.25 0 10.5 6 31.9 0 0 17 11.7 121 110 6.1 -1.6
"7" "7" 1985-03-20 26.13 "LAC" "" "UTA" "W" 11 0 9 0.333 0.333 0 0 0 23.4 0 0 0 12.7 109 118 1.3 -7.8
"8" "8" 1985-03-25 26.14 "LAC" "" "POR" "L" -21 0 22 0.773 0.667 4.1 0 2.5 27 8.5 0 39.2 21.7 103 107 11.1 8.3
"9" "9" 1985-03-28 26.15 "LAC" "" "PHO" "W" 6 0 11 0 0 0 20.8 11 46.4 0 0 50 7 84 106 2 -4.3
"10" "10" 1985-03-30 26.15 "LAC" "@" "PHO" "W" 9 0 14 0.74 0.6 0 0 0 45.5 6.4 0 0 19.6 169 103 13.2 19.2
"11" "11" 1985-03-31 26.16 "LAC" "" "SAS" "L" -11 0 10 0.667 0.667 0 13 6.9 0 4.7 0 25 33.1 86 119 4.7 -1.5
"12" "12" 1985-04-03 26.16 "LAC" "" "KCK" "W" 2 0 7 0.333 0.333 0 0 0 17.5 0 0 0 17.1 100 125 0.2 -15.9
"13" "13" 1985-04-09 26.18 "LAC" "@" "UTA" "L" -19 0 8 0.667 0.667 0 0 0 21.4 0 0 0 15.3 144 123 3.4 2.3
"14" "14" 1985-04-10 26.18 "LAC" "" "DEN" "W" 2 0 5 0.644 0.667 0 0 0 0 0 0 20.5 37 92 116 2.3 -7.7
"15" "15" 1985-04-12 26.19 "LAC" "@" "HOU" "W" 5 0 26 0.491 0.444 8.4 7.9 8.1 14 5.1 0 15.2 19.7 102 97 10.6 1.6
"16" "16" 1985-04-14 26.19 "LAC" "" "DAL" "L" -4 0 9 0 0 0 11.6 6.1 0 0 0 60 22.2 0 102 -4.5 -30.6
"1" "1" 1985-10-25 26.73 "LAC" "@" "SAC" "W" 4 1 35 0.633 0.5 0 5.4 3 34.1 4 0 13.7 17.4 129 100 17.4 7.3
"2" "2" 1985-10-26 26.73 "LAC" "" "HOU" "W" 1 1 40 0.67 0.65 0 4.8 2.7 19.9 4.7 0 8.7 23.4 129 102 23 8.9
"3" "3" 1985-10-29 26.74 "LAC" "" "POR" "W" 6 1 38 0.464 0.412 2.9 2.9 2.9 34 2.4 0 21.4 24.4 94 111 12.1 -4.2
"4" "4" 1985-10-31 26.74 "LAC" "" "CHI" "W" 8 1 43 0.697 0.625 2.8 4.1 3.6 44.7 2.2 0 39.2 13.9 111 111 16.4 2
"5" "5" 1985-11-02 26.75 "LAC" "" "NYK" "W" 8 1 35 0.694 0.5 4.4 11.4 8.7 44.9 2.9 0 25.8 18.6 131 101 17 6
"6" "6" 1985-11-07 26.76 "LAC" "@" "HOU" "L" -22 1 34 0.582 0.533 2.7 3.7 3.1 27.7 2.6 1.4 19.7 22.7 108 124 15.5 0.9
"7" "7" 1985-11-09 26.77 "LAC" "" "ATL" "L" -3 1 40 0.523 0.467 0 13.8 6.8 16.7 4.9 0 18.9 20.8 97 92 11.8 0.9
"8" "8" 1985-11-12 26.78 "LAC" "@" "GSW" "L" -12 1 39 0.508 0.429 5.6 6.2 5.9 27.6 1.2 0 16 19.2 109 125 13 -4.1
"9" "9" 1985-11-13 26.78 "LAC" "" "SEA" "L" -4 1 41 0.542 0.556 0 5.3 2.8 22.3 1.3 0 9.8 22.7 110 106 13.7 0.4
"10" "10" 1985-11-15 26.78 "LAC" "" "LAL" "L" -31 1 35 0.213 0.182 0 7 3 32 2.4 0 12.4 17.2 57 114 3.3 -7.1
"11" "11" 1985-11-16 26.79 "LAC" "@" "DEN" "L" -4 1 37 0.385 0.375 0 11.3 5.7 17 2.4 0 29.3 25.4 68 106 3.1 -11.4
"12" "12" 1985-11-20 26.8 "LAC" "@" "LAL" "L" -15 1 32 0.389 0.4 0 6.3 3.2 37.5 2.8 0 11.5 21 94 116 9.6 -3.7
"13" "13" 1985-11-21 26.8 "LAC" "" "POR" "L" -4 1 36 0.717 0.625 0 0 0 37.7 2.7 0 33.9 18.2 111 117 13.6 -0.4
"14" "14" 1985-11-23 26.81 "LAC" "" "MIL" "W" 4 1 34 0.639 0.538 3 0 1.5 32.4 2.6 0 16.1 20.2 129 108 16.4 4.8
"15" "15" 1985-11-26 26.81 "LAC" "@" "SEA" "L" -32 1 23 0.5 0.5 0 7 2.7 26.2 2 0 42.9 12.4 70 125 3.1 -8
"16" "16" 1985-11-27 26.82 "LAC" "" "HOU" "L" -7 1 36 0.529 0.529 0 3.4 1.4 18.5 2.4 0 19 20.4 93 116 9.5 -5.8
"17" "17" 1985-11-29 26.82 "LAC" "@" "SAS" "L" -28 1 22 0.291 0.167 0 0 0 38.4 0 0 12.7 12.3 87 127 3.7 -8.4
"18" "18" 1985-11-30 26.82 "LAC" "@" "DAL" "L" -9 0 21 0.5 0.5 0 5 2.3 6.8 2.2 0 9.1 19.4 106 123 5.6 -5.3
"19" "19" 1985-12-04 26.84 "LAC" "" "SAC" "W" 25 0 14 0.429 0.429 9.5 0 4.1 37.4 3.1 0 30 27.5 82 96 2.6 -10
"20" "20" 1985-12-05 26.84 "LAC" "@" "GSW" "L" -17 0 14 0.41 0.25 0 0 0 30.6 0 0 17 18 96 138 2.3 -9.2
"21" "21" 1985-12-07 26.84 "LAC" "" "UTA" "L" -40 0 17 0.761 0.714 0 0 0 40.6 2.7 0 33.7 28.4 96 127 8.2 -0.1
"22" "22" 1985-12-10 26.85 "LAC" "" "DAL" "W" 2 0 14 0.5 0.5 0 0 0 20 0 0 27.3 30.7 77 122 2.4 -14
"23" "23" 1985-12-11 26.85 "LAC" "@" "DEN" "L" -39 0 25 0.463 0.357 3.3 0 1.8 29.1 3.4 0 11 26.6 100 117 10.7 2.2
"24" "24" 1985-12-13 26.86 "LAC" "@" "SEA" "L" -19 0 16 0 0 0 0 0 16.7 0 0 40 13.4 20 126 -2.7 -19
"25" "25" 1985-12-14 26.86 "LAC" "" "PHO" "L" -22 0 9 0 0 0 0 0 0 0 0 0 13.5 0 118 -2.1 -19.7
"26" "26" 1985-12-18 26.87 "LAC" "" "GSW" "W" 4 0 11 0.333 0.333 0 0 0 11.9 0 0 0 10.8 91 106 0.6 -7.1
"27" "27" 1985-12-20 26.88 "LAC" "" "SAS" "L" -15 0 27 0.635 0.455 0 0 0 36.6 3.5 0 6.3 23.8 140 117 17.3 7.5
"28" "28" 1985-12-21 26.88 "LAC" "@" "SAC" "W" 1 0 17 0.652 0.625 0 7.6 3.7 47.3 0 0 10.6 22.8 132 122 9.5 5.1
"29" "29" 1985-12-25 26.89 "LAC" "@" "POR" "L" -14 0 12 0.25 0.25 13.8 0 8.6 21.6 3.7 0 33.3 19.6 63 111 0.6 -9.1
"30" "30" 1985-12-26 26.9 "LAC" "" "PHI" "L" -9 0 19 0.667 0.667 0 7 3.2 8.2 0 0 10 22.4 116 127 7.7 -2.3
"31" "31" 1985-12-28 26.9 "LAC" "@" "SEA" "W" 5 0 16 0.694 0.667 0 0 0 33.3 3.2 0 18.8 13.8 132 117 7.1 5.6
"32" "32" 1985-12-30 26.91 "LAC" "" "BOS" "L" -22 0 22 0.476 0.429 8.2 0 4.3 22.6 2.1 0 16 35.5 90 124 7.9 -4.9
"33" "33" 1986-01-03 26.92 "LAC" "@" "CLE" "L" -19 0 15 0.387 0.167 0 0 0 27.6 5.9 0 11.4 23.4 85 115 4.9 -1.6
"34" "34" 1986-01-04 26.92 "LAC" "@" "IND" "L" -29 0 17 0 0 0 0 0 40.3 2.9 0 55.6 22.2 17 111 -4.4 -21.7
"35" "35" 1986-01-07 26.93 "LAC" "@" "ATL" "L" -14 0 9 0.694 0.5 0 14.4 6.3 29.1 0 0 41 22.6 94 122 1.9 -9
"36" "36" 1986-01-08 26.93 "LAC" "@" "PHI" "L" -2 0 15 0.429 0.429 7.8 0 3.6 8.8 3.3 3.7 12.5 22 95 119 3.2 -4.6
"37" "37" 1986-01-10 26.94 "LAC" "@" "NJN" "W" 5 0 14 0.607 0.556 0 7.8 3.7 47.5 3.2 0 9.2 29.1 130 111 9.6 7.9
"38" "38" 1986-01-11 26.94 "LAC" "@" "CHI" "L" -9 0 14 0.532 0 8.2 0 4.3 8.6 3.3 0 51.5 22.8 66 127 1 -13.3
"39" "39" 1986-01-13 26.95 "LAC" "@" "WSB" "L" -13 0 15 0.286 0.286 0 0 0 0 9.6 0 22.2 23.9 50 83 0.5 -2.5
"40" "40" 1986-01-15 26.95 "LAC" "" "SEA" "W" 7 0 25 0.786 0.667 0 4.9 2.6 31.5 8 0 14.2 25.1 145 99 20.5 16.9
"41" "41" 1986-01-16 26.95 "LAC" "@" "LAL" "L" -16 0 14 0.429 0.429 0 0 0 21 0 0 30 30.3 64 122 -0.5 -18.6
"42" "42" 1986-01-18 26.96 "LAC" "" "UTA" "W" 34 0 12 0.761 0.714 0 8.5 4.7 0 10.8 0 0 25.8 155 74 12.4 21
"43" "43" 1986-01-21 26.97 "LAC" "@" "SAS" "W" 1 0 11 0 0 0 0 0 42.6 4.7 0 0 12.2 66 103 1.7 -0.8
"44" "44" 1986-01-22 26.97 "LAC" "@" "DAL" "W" 13 0 2 NA NA 0 0 0 49 0 0 NA 0 200 115 0.7 4.9
"45" "45" 1986-01-25 26.98 "LAC" "@" "UTA" "L" -40 0 16 0.19 0.143 0 0 0 0 5.5 0 20.2 22.6 36 117 -1.9 -13.8
"46" "46" 1986-02-01 27 "LAC" "@" "POR" "L" -35 0 4 0.333 0.333 0 0 0 0 0 0 0 29.4 75 142 -0.1 -21.4
"47" "47" 1986-02-13 27.03 "LAC" "" "POR" "W" 5 0 1 0.532 0 0 0 0 0 0 0 34.7 100 81 114 0.3 -32.7
"48" "48" 1986-02-17 27.04 "LAC" "" "WSB" "L" -2 0 3 0 0 0 0 0 0 0 0 0 13.6 0 110 -0.7 -20
"49" "49" 1986-02-26 27.07 "LAC" "@" "DET" "L" -7 0 15 0.41 0.25 7.6 0 3.6 23.5 0 0 29.1 18.8 89 124 1.6 -9.8
"50" "50" 1986-02-28 27.07 "LAC" "@" "BOS" "L" -16 0 18 0.75 0.75 0 0 0 41 13.2 0 0 18.4 160 104 16.2 25.2
"51" "51" 1986-03-02 27.08 "LAC" "" "IND" "L" -17 0 32 0.507 0.438 2.8 3.7 3.2 17 2.8 0 10.1 23.5 107 124 12.3 -1.6
"52" "52" 1986-03-04 27.08 "LAC" "" "CLE" "W" 5 1 34 0.66 0.545 0 3.4 1.8 42 4.3 0 22.7 22.6 112 102 15.7 4.1
"53" "53" 1986-03-06 27.09 "LAC" "" "DAL" "L" -18 1 19 0.3 0.3 0 8.4 3.4 27.7 0 0 9.1 24.8 76 140 1.1 -15.6
"54" "54" 1986-03-07 27.09 "LAC" "@" "SAS" "L" -16 0 16 0.376 0.25 0 0 0 7 2.6 0 0 11.8 95 126 2.9 -5.3
"55" "55" 1986-03-09 27.1 "LAC" "" "DEN" "L" -2 0 9 0.4 0.4 10.1 0 5.7 27.8 5 0 16.7 24.4 91 113 3 -3
"56" "56" 1986-03-11 27.1 "LAC" "@" "LAL" "L" -21 0 14 0.25 0.25 13.2 0 7.5 56.3 3.1 0 33.3 16 78 118 4.2 -0.5
"57" "57" 1986-03-12 27.1 "LAC" "" "SEA" "W" 4 0 13 0.615 0.5 0 15.7 8.3 0 3.7 0 17 18.9 104 92 4.2 0.8
"58" "58" 1986-03-14 27.11 "LAC" "" "SAC" "W" 1 0 20 0.58 0.5 0 6 3 43.9 0 0 20.5 20.2 115 109 8.1 -0.5
"59" "59" 1986-03-15 27.11 "LAC" "@" "HOU" "L" -32 0 21 0.82 0.75 0 11.7 5.3 13.7 0 0 9.3 19.4 152 138 13.8 3.1
"60" "60" 1986-03-18 27.12 "LAC" "@" "GSW" "L" -4 0 5 0 0 0 0 0 40 0 0 0 7.6 89 126 0.7 -7.5
"61" "61" 1986-03-19 27.12 "LAC" "" "LAL" "W" 1 0 24 0.653 0.643 10.8 15 13 20.7 4 0 24.6 35.8 104 111 14 2.5
"62" "62" 1986-03-21 27.13 "LAC" "@" "DEN" "L" -11 0 30 0.417 0.417 0 0 0 13.3 3.1 0 0 16.1 102 115 7.7 -2.1
"63" "63" 1986-03-22 27.13 "LAC" "" "DET" "L" -20 0 25 0.472 0.417 3.8 0 2.2 27 1.9 2 6.8 23.6 106 118 10.4 1.7
"64" "64" 1986-03-26 27.14 "LAC" "" "SAS" "L" -8 0 23 0.333 0.333 0 5.2 2.6 14 2.2 0 10 18.7 74 113 2.6 -9
"65" "65" 1986-03-28 27.15 "LAC" "@" "PHO" "W" 11 0 19 0.385 0.385 0 15.2 8.4 27.7 2.5 0 13.3 33.8 77 93 4.9 -6.2
"66" "66" 1986-03-29 27.15 "LAC" "@" "SAC" "W" 9 0 23 0.714 0.611 0 0 0 6.4 4.5 0 0 21.4 153 111 14 8.7
"67" "67" 1986-04-01 27.16 "LAC" "@" "UTA" "W" 4 0 16 0.307 0.25 0 16.7 9.9 22 0 6.1 0 13 92 103 4.6 2.3
"68" "68" 1986-04-02 27.16 "LAC" "" "UTA" "W" 3 0 14 0.765 0.8 9.3 6.6 7.7 24.2 0 0 25.4 25.2 112 105 6.3 0.2
"69" "69" 1986-04-05 27.17 "LAC" "" "GSW" "L" -1 0 12 1 1 0 0 0 0 0 0 0 7.1 200 114 3.4 -1.9
"70" "70" 1986-04-09 27.18 "LAC" "" "DEN" "W" 5 0 20 0.354 0.333 0 4.7 2.7 24.1 4.8 0 9.2 20.4 101 126 5.9 -5.7
"71" "71" 1986-04-10 27.18 "LAC" "@" "POR" "L" -15 0 14 0 0 0 22.4 11.2 9.3 3.4 0 25 11.2 15 108 -0.9 -12.7
"72" "72" 1986-04-12 27.19 "LAC" "" "DAL" "W" 7 0 9 0.5 0.5 0 0 0 26.4 0 0 0 18.4 129 117 3.4 0.1
"73" "73" 1986-04-13 27.19 "LAC" "@" "PHO" "L" -19 0 5 0 0 0 0 0 0 0 0 0 16.4 0 124 -1.4 -23.3
"1" "1" 1987-01-15 27.95 "SAC" "" "POR" "W" 2 0 7 0 0 0 15.6 8 17.1 0 0 0 10.5 30 116 -0.8 -14.7
"2" "2" 1987-01-17 27.96 "SAC" "" "SEA" "W" 10 0 20 0.621 0.667 6.2 10.7 8.6 27.8 2.3 0 51.5 22.7 74 111 4.3 -5.8
"3" "3" 1987-01-20 27.96 "SAC" "" "GSW" "W" 9 0 18 0.512 0.375 0 0 0 32.5 0 0 9.3 24.1 121 119 6.9 -5.8
"4" "4" 1987-01-23 27.97 "SAC" "@" "POR" "L" -20 0 18 0.127 0 0 11.9 5.1 15.2 5.2 0 20.2 21.2 36 99 -1.7 -11.2
"5" "5" 1987-03-12 28.1 "SAC" "" "UTA" "L" -4 0 10 1 1 0 0 0 38.7 0 0 50 8 116 125 2.8 -0.8
"6" "6" 1987-03-14 28.11 "SAC" "@" "UTA" "L" -7 0 15 0 0 0 0 0 21.8 3.1 0 60 14.1 32 119 -1.7 -12.6
"7" "7" 1987-03-15 28.11 "SAC" "" "SEA" "W" 1 0 14 0.129 0 6.2 0 3.6 17.6 0 0 34 16.3 43 114 -1.4 -15.6
"8" "8" 1987-03-17 28.12 "SAC" "" "SAS" "L" -2 0 20 0.5 0.5 0 15.3 8.2 53.6 2.5 0 25 16.6 106 108 8.5 4.1
"1" "1" 1987-11-24 28.81 "SAC" "@" "POR" "L" -4 0 32 0.556 0.556 0 7 3.7 34 0 0 30.8 15.9 85 100 5.7 -4.1
"2" "2" 1987-11-26 28.81 "SAC" "" "NJN" "W" 8 1 41 0.645 0.444 0 0 0 28.2 0 1.4 25.4 21.1 119 111 14.3 -1.4
"3" "3" 1987-11-28 28.82 "SAC" "" "PHI" "W" 1 1 47 0.649 0.667 0 6.8 4.3 28.2 3 0 40.6 21.9 82 103 12.3 -4.3
"4" "4" 1987-12-01 28.83 "SAC" "" "LAL" "L" -5 1 47 0.5 0.5 0 5 2.5 41.7 4.2 0 14.3 13.5 116 114 19.8 3.7
"5" "5" 1987-12-02 28.83 "SAC" "@" "DEN" "L" -27 1 13 0.667 0.667 0 0 0 22 0 0 57.1 19.8 59 134 -0.3 -16.8
"6" "6" 1987-12-04 28.84 "SAC" "@" "LAC" "L" -14 1 41 0.527 0.5 0 0 0 45.8 0 0 32.4 15.9 93 105 8.7 -2.6
"7" "7" 1987-12-05 28.84 "SAC" "" "UTA" "L" -9 1 22 0.508 0.429 0 6.8 2.8 22.1 0 0 11.3 15.2 120 129 6.4 -4.6
"8" "8" 1987-12-08 28.85 "SAC" "@" "HOU" "L" -9 1 36 0.472 0.417 0 8.2 4.5 45.4 0 0 6.8 19 113 116 13.4 -0.1
"9" "9" 1987-12-09 28.85 "SAC" "@" "DAL" "L" -27 1 25 0.286 0.286 0 4.8 2.3 15.5 0 0 30 16.5 56 136 -1.1 -18.8
"10" "10" 1987-12-11 28.85 "SAC" "" "CLE" "L" -2 1 45 0.462 0.462 7.4 0 3.9 27.6 1.1 0 35 17.5 88 126 8.4 -6
"11" "11" 1987-12-15 28.87 "SAC" "" "LAC" "W" 20 1 24 0.607 0.556 0 7.7 4.5 23.8 1.9 0 16.8 19.2 118 108 10.8 -1.3
"12" "12" 1987-12-17 28.87 "SAC" "@" "SEA" "L" -5 1 11 0.5 0.5 0 0 0 21.5 0 0 0 7.4 134 121 2.4 -1.7
"13" "13" 1987-12-20 28.88 "SAC" "" "PHO" "L" -11 0 3 0 0 0 0 0 35.6 0 0 0 12.6 46 122 0 -13.2
"14" "14" 1987-12-26 28.9 "SAC" "@" "PHO" "W" 2 0 3 0 0 0 0 0 0 0 0 0 14.3 0 126 -0.7 -22.7
"15" "15" 1987-12-30 28.91 "SAC" "@" "SAS" "L" -32 0 21 0.282 0.25 0 0 0 17.8 2.2 0 25.3 21.1 59 135 -0.1 -15.1
"16" "16" 1988-01-02 28.92 "SAC" "" "UTA" "W" 2 0 3 0.568 NA 35.6 0 18.4 0 0 0 0 11.5 141 110 1.3 5.4
