"Rk" "G" "Date" "Age" "Tm" "H/A" "Opp" "W/L" "By Amt" "GS" "MP" "TS%" "eFG%" "ORB%" "DRB%" "TRB%" "AST%" "STL%" "BLK%" "TOV%" "USG%" "ORtg" "DRtg" "GmSc" "BPM"
"1" "1" 2006-10-31 19.92 "LAL" "" "PHO" "W" 8 0 14.0666666666667 1 1 0 19.5 9.5 9.5 0 0 40 15 102 111 4 -3.2
"2" "2" 2006-11-01 19.92 "LAL" "@" "GSW" "W" 12 0 24.9666666666667 0.615 0.583 0 4 1.9 23.1 0 0 21.5 14.9 109 108 6.3 -1.2
"3" "3" 2006-11-03 19.93 "LAL" "" "SEA" "W" 6 0 14.5333333333333 0.333 0.333 0 13.2 8 10.1 0 4.9 0 9.5 90 118 2.3 -3.3
"4" "4" 2006-11-05 19.93 "LAL" "@" "SEA" "L" -16 0 18.1666666666667 0.956 0.917 7.8 0 3.7 12.1 0 0 0 18.3 198 135 12.4 11
"5" "5" 2006-11-07 19.94 "LAL" "" "MIN" "W" 7 0 15.6166666666667 0 0 8.1 0 4.1 26.3 3.2 0 12.5 22.6 33 93 -2.1 -14.1
"6" "6" 2006-11-08 19.94 "LAL" "@" "POR" "L" -11 0 13.3166666666667 0 0 0 12.4 5.6 0 0 0 20 18.4 0 121 -4.3 -26.3
"7" "7" 2006-11-10 19.95 "LAL" "" "DET" "L" -14 0 21.95 0.563 0.563 5.1 0 2.7 45.1 0 0 0 17.5 131 121 8.8 6
"8" "8" 2006-11-12 19.95 "LAL" "" "MEM" "W" 10 0 14.4166666666667 0 0 0 15.1 8 27.7 3.6 0 50 18.8 25 84 -1.8 -13.1
"9" "9" 2006-11-17 19.96 "LAL" "" "TOR" "W" 7 0 14.2166666666667 1.167 1.167 0 15.3 8.5 45.2 0 0 25 12.7 170 106 8.5 15.3
"10" "10" 2006-11-19 19.97 "LAL" "" "CHI" "W" 10 0 9.5 0.75 0.75 0 18.4 10.9 22 0 8.1 33.3 14.5 106 78 3 13.4
"11" "" 2006-11-21 19.98 "LAL" "" "LAC" "W" 4 NA NA NA NA NA NA NA NA NA NA NA NA NA NA NA NA
"12" "" 2006-11-24 19.98 "LAL" "@" "UTA" "L" -6 NA NA NA NA NA NA NA NA NA NA NA NA NA NA NA NA
"13" "11" 2006-11-26 19.99 "LAL" "" "NJN" "W" 6 0 16.1166666666667 0.688 0.688 0 8 3.7 11.9 3.3 0 0 22.7 130 102 8.6 10.8
"14" "12" 2006-11-28 19.99 "LAL" "" "MIL" "L" -4 0 26.5833333333333 0.417 0.417 8.8 14.6 11.6 41.1 0 0 7.7 20.8 112 116 9.4 -0.5
"15" "13" 2006-11-30 20 "LAL" "" "UTA" "W" 30 0 23.8333333333333 0.571 0.571 0 0 0 5.2 8.4 0 36.4 20.4 74 98 3.4 -3.4
"16" "14" 2006-12-02 20.01 "LAL" "@" "LAC" "W" 9 0 13.0333333333333 1 1 0 9.2 4.5 11.3 0 0 0 7.1 203 101 3.6 1.9
"17" "15" 2006-12-04 20.01 "LAL" "" "IND" "W" 14 0 25.0666666666667 0.605 0.643 0 20.2 11.1 6.1 2 0 11.8 14.8 110 94 6.4 0.4
"18" "16" 2006-12-06 20.02 "LAL" "" "NOK" "L" -16 0 19.5 0.551 0.6 0 16.1 9.2 25.8 5.3 0 15.5 15.8 101 104 5.7 0.1
"19" "17" 2006-12-08 20.02 "LAL" "" "ATL" "W" 11 0 23.3166666666667 1.025 1.083 0 8.8 5.3 28.7 6.8 0 0 15.1 202 96 18.8 23.7
"20" "18" 2006-12-10 20.03 "LAL" "" "SAS" "W" 7 0 18.8333333333333 0.333 0.333 0 7.7 3.4 25.2 0 0 25 9.1 94 112 2.4 -3.8
"21" "19" 2006-12-12 20.03 "LAL" "@" "HOU" "W" 8 0 15.8833333333333 0.25 0.25 0 0 0 16.3 0 0 0 11.2 77 107 0.6 -9.1
"22" "20" 2006-12-13 20.04 "LAL" "@" "DAL" "L" -9 0 23.3333333333333 1 1 0 23.7 8.8 9.5 4.5 0 45.5 21.5 93 115 8 5.1
"23" "21" 2006-12-15 20.04 "LAL" "" "HOU" "W" 11 0 16.55 0 0 0 8.2 3.5 0 0 0 0 5.6 0 102 -1.1 -13.5
"24" "22" 2006-12-17 20.05 "LAL" "" "WAS" "L" -6 0 18.8666666666667 0.722 0.722 5.9 6.9 6.3 32.1 0 0 10 22.1 140 138 10.7 5
"25" "23" 2006-12-19 20.05 "LAL" "@" "CHI" "L" -5 0 15.85 0 0 0 16.8 8.4 8.4 0 0 40 14.5 11 105 -3.2 -18.2
"26" "24" 2006-12-20 20.05 "LAL" "@" "MIN" "W" 17 0 17.7 0.5 0.5 0 0 0 46.8 3.1 0 0 10.7 155 110 7.1 8.1
"27" "25" 2006-12-22 20.06 "LAL" "@" "NJN" "W" 4 0 19.25 0.833 0.833 0 10.4 6.2 51.9 0 0 0 15 176 111 11.5 15.3
"28" "26" 2006-12-25 20.07 "LAL" "@" "MIA" "L" -16 0 20.1 0.436 0.417 0 0 0 36.4 2.6 0 12.7 18 93 112 5 3.6
"29" "27" 2006-12-27 20.07 "LAL" "@" "ORL" "W" 13 0 13.7333333333333 0 0 0 17 10 18.4 0 0 66.7 10.2 34 106 -1.1 -12.5
"30" "28" 2006-12-29 20.08 "LAL" "@" "CHA" "L" -9 0 6.43333333333333 0.5 0.5 0 0 0 0 0 0 0 14.7 104 122 0.2 -12.8
"31" "29" 2006-12-31 20.08 "LAL" "" "PHI" "W" 10 0 13.9666666666667 0.5 0.5 0 7 3.8 32.1 0 0 28.6 23.2 90 114 1.5 -9.1
"32" "30" 2007-01-04 20.1 "LAL" "@" "SAC" "W" 4 0 17.25 0 0 15 13.4 14.1 13.4 2.9 0 33.3 7.3 75 116 1.2 -3.7
"33" "31" 2007-01-05 20.1 "LAL" "" "DEN" "W" 19 0 14.3666666666667 0.765 0.7 0 19.7 10.3 9 3.4 0 0 16.6 161 100 9.3 8.4
"34" "32" 2007-01-07 20.1 "LAL" "" "DAL" "W" 3 0 11.4 0.5 0.5 0 44.8 27.7 24.2 0 0 33.3 13.4 88 99 2.9 -2.1
"35" "33" 2007-01-09 20.11 "LAL" "@" "MEM" "L" -10 0 20.15 0.667 0.667 0 5.7 2.7 36.5 2.2 0 18.2 21.5 116 121 9 2.2
"36" "34" 2007-01-10 20.11 "LAL" "@" "HOU" "L" -25 0 18.55 0.681 0.4 5.5 0 2.6 0 0 0 11 23.7 130 121 7.6 2.1
"37" "35" 2007-01-12 20.12 "LAL" "" "ORL" "W" 3 0 14.4333333333333 0.827 0.8 0 15.8 8.4 23.7 3.6 0 15.5 21.1 137 113 8.3 10.3
"38" "36" 2007-01-15 20.13 "LAL" "" "MIA" "W" 6 0 8.76666666666667 0.46 0.4 0 0 0 16.8 0 0 15.5 32.8 87 124 2 -12.3
"39" "37" 2007-01-17 20.13 "LAL" "@" "SAS" "W" 4 0 14.6833333333333 1.25 1.25 0 8.2 4.1 10.4 0 0 0 6 244 105 5 6.6
"40" "38" 2007-01-18 20.13 "LAL" "@" "DAL" "L" -19 0 26.5 0.723 0.7 0 19.6 8.9 30 9.8 0 0 20.4 154 104 21 23.1
"41" "39" 2007-01-20 20.14 "LAL" "@" "NOK" "L" -10 0 17.1833333333333 0.296 0.2 6.5 0 3.4 8.4 0 0 12.9 21.4 73 141 0.5 -15
"42" "40" 2007-01-22 20.15 "LAL" "" "GSW" "W" 5 0 13.3666666666667 0.41 0.375 17.5 7.8 12.4 23.6 7 0 29.1 20.6 87 93 3.9 2.9
"43" "41" 2007-01-26 20.16 "LAL" "" "CHA" "L" -9 0 9.03333333333333 0 0 0 12.8 6 17.3 0 0 50 10 23 111 -0.7 -12.1
"44" "42" 2007-01-28 20.16 "LAL" "" "SAS" "L" -2 0 11.85 0.333 0.333 0 8.1 4.6 0 9.2 0 0 25.4 66 86 2.5 1.5
"45" "43" 2007-01-30 20.17 "LAL" "@" "NYK" "L" -5 0 18.8166666666667 0.75 0.75 0 0 0 7.4 2.9 0 33.3 7.4 103 115 2.3 -4.2
"46" "44" 2007-01-31 20.17 "LAL" "@" "BOS" "W" 13 0 12.2166666666667 0 0 0 8.5 4.9 10.1 0 0 25 15.6 18 114 -2.5 -21.8
"47" "45" 2007-02-02 20.18 "LAL" "@" "IND" "L" -11 0 12.8833333333333 0 0 8.3 9.1 8.7 0 0 0 60 16.8 11 105 -3.4 -21.9
"48" "46" 2007-02-03 20.18 "LAL" "@" "WAS" "W" 16 0 11.0833333333333 0 0 0 7.9 4.9 20.6 4.6 0 66.7 12.4 37 105 0 -7.2
"49" "47" 2007-02-05 20.18 "LAL" "@" "ATL" "W" 7 0 17.6833333333333 1 1 0 6 3.1 0 0 0 40 13.1 94 103 2.2 -2.8
"50" "48" 2007-02-08 20.19 "LAL" "@" "DET" "L" -15 0 23.3 0.714 0.714 8.6 15.1 11.6 31.3 0 0 12.5 16.2 136 116 9.3 8.8
"51" "49" 2007-02-09 20.19 "LAL" "@" "TOR" "L" -4 0 10.1833333333333 0 0 0 11.8 5.7 13.5 5.2 0 33.3 13.8 19 101 -0.4 -8.3
"52" "50" 2007-02-11 20.2 "LAL" "@" "CLE" "L" -9 0 9.58333333333333 0 0 0 0 0 0 0 7.8 50 9.8 0 115 -1 -10.2
"53" "51" 2007-02-13 20.21 "LAL" "" "NYK" "L" -1 0 15.4166666666667 0.3 0.3 0 8.6 3.8 27.6 0 0 0 14 104 127 2.3 -4.9
"54" "52" 2007-02-15 20.21 "LAL" "" "CLE" "L" -6 0 10.7666666666667 0 0 8.9 0 4.8 12.4 0 0 66.7 11.2 32 124 -2.1 -18.1
"55" "53" 2007-02-21 20.23 "LAL" "" "POR" "L" -4 0 12.2333333333333 0.417 0.417 0 0 0 25.2 0 0 0 22.7 107 131 2.6 -6.8
"56" "54" 2007-02-23 20.23 "LAL" "" "BOS" "W" 26 0 8.11666666666667 0.5 0.5 0 44.4 23.7 15.1 0 0 33.3 16.4 79 98 1.2 -11.2
"57" "55" 2007-02-25 20.24 "LAL" "@" "GSW" "W" 17 0 10.4666666666667 0 0 0 9.6 5.2 24.1 14.4 6.8 40 21.1 23 62 0.9 1.5
"58" "" 2007-02-26 20.24 "LAL" "@" "UTA" "W" 8 NA NA NA NA NA NA NA NA NA NA NA NA NA NA NA NA
"59" "56" 2007-03-02 20.25 "LAL" "" "SAC" "L" -8 0 1.06666666666667 1 1 0 0 0 0 0 0 0 41.6 200 125 1.7 32
"60" "" 2007-03-04 20.26 "LAL" "@" "PHO" "L" -5 NA NA NA NA NA NA NA NA NA NA NA NA NA NA NA NA
"61" "" 2007-03-06 20.26 "LAL" "@" "MIN" "L" -10 NA NA NA NA NA NA NA NA NA NA NA NA NA NA NA NA
"62" "57" 2007-03-07 20.27 "LAL" "@" "MIL" "L" -20 0 12.1 0.25 0.25 0 0 0 13.7 0 0 0 16.7 66 132 0.3 -13.9
"63" "" 2007-03-09 20.27 "LAL" "@" "PHI" "L" -16 NA NA NA NA NA NA NA NA NA NA NA NA NA NA NA NA
"64" "58" 2007-03-11 20.28 "LAL" "" "DAL" "L" -36 0 23.6 0.375 0.375 4.6 23.2 12.9 10.8 2.3 0 33.3 24.5 54 117 0.4 -10.9
"65" "59" 2007-03-15 20.29 "LAL" "@" "DEN" "L" -27 0 17.1666666666667 0.255 0.2 0 33.9 14.5 17.9 3.1 0 0 15.5 74 118 2.3 -6.3
"66" "60" 2007-03-16 20.29 "LAL" "" "POR" "W" 5 0 11.5166666666667 0 0 12.1 17.4 15.2 21.4 0 0 50 16.8 46 116 -1.1 -17.6
"67" "" 2007-03-18 20.3 "LAL" "" "MIN" "W" 7 NA NA NA NA NA NA NA NA NA NA NA NA NA NA NA NA
"68" "" 2007-03-22 20.31 "LAL" "@" "MEM" "W" 2 NA NA NA NA NA NA NA NA NA NA NA NA NA NA NA NA
"69" "61" 2007-03-23 20.31 "LAL" "@" "NOK" "W" 6 0 11.95 0.2 0.2 0 40.2 21.8 10.3 0 5.5 28.6 26.7 36 97 -0.6 -15.8
"70" "" 2007-03-25 20.32 "LAL" "" "GSW" "W" 2 NA NA NA NA NA NA NA NA NA NA NA NA NA NA NA NA
"71" "62" 2007-03-27 20.32 "LAL" "" "MEM" "L" -2 0 5.46666666666667 NA NA 14.9 0 8.8 53.2 0 0 100 7.9 87 105 1.1 -5.1
"72" "" 2007-03-30 20.33 "LAL" "" "HOU" "L" -3 NA NA NA NA NA NA NA NA NA NA NA NA NA NA NA NA
"73" "63" 2007-04-01 20.33 "LAL" "" "SAC" "W" 23 0 7.63333333333333 0.4 0.4 19.7 43.9 33.5 0 0 0 0 30 95 105 2.9 -11.7
"74" "64" 2007-04-03 20.34 "LAL" "" "DEN" "L" -6 0 12.2333333333333 0 0 0 0 0 29.4 3.8 0 0 10.2 46 106 0.6 -4.7
"75" "65" 2007-04-04 20.34 "LAL" "@" "LAC" "L" -8 0 16.5166666666667 0 0 6.9 7.6 7.3 8.5 0 4.3 50 5.7 44 113 -0.1 -8.5
"76" "66" 2007-04-06 20.35 "LAL" "@" "SEA" "W" 3 0 13.75 0.75 0.75 0 9 4.3 19.1 3.7 0 0 6.6 161 117 4.7 5
"77" "67" 2007-04-08 20.35 "LAL" "" "PHO" "L" -8 0 11.95 0.75 0.75 0 0 0 10 0 6.5 33.3 10.4 104 119 0.4 -4.4
"78" "68" 2007-04-09 20.36 "LAL" "@" "DEN" "L" -4 0 3.03333333333333 0 0 0 0 0 0 0 0 0 13.5 0 127 -1.1 -26.4
"79" "69" 2007-04-12 20.36 "LAL" "" "LAC" "L" -8 0 4.81666666666667 NA NA 0 21.7 11.2 49.8 10 0 NA 0 220 97 1.5 7.7
"80" "70" 2007-04-13 20.37 "LAL" "@" "PHO" "L" -8 0 5.8 0 0 0 34.5 17.2 23.6 9.2 0 66.7 24 15 80 -0.8 -14.7
"81" "71" 2007-04-15 20.37 "LAL" "" "SEA" "W" 11 1 28.1333333333333 0.654 0.667 4 5.5 4.6 13.9 0 0 0 12.1 151 123 7.5 -1.9
"82" "72" 2007-04-18 20.38 "LAL" "@" "SAC" "W" 11 1 24 0.5 0.5 0 0 0 15.4 4.2 0 0 11.3 128 110 6.7 2.6
"1" "1" 2007-10-30 20.92 "LAL" "" "HOU" "L" -2 0 20.4833333333333 0.4 0.4 0 6.2 2.7 8.6 0 0 16.7 13 72 113 0.5 -11.6
"2" "2" 2007-11-02 20.92 "LAL" "@" "PHO" "W" 21 0 21.05 0.68 0.6 0 8.8 5.2 16.6 0 0 25.4 15.8 116 104 5.6 -2.1
"3" "3" 2007-11-04 20.93 "LAL" "" "UTA" "W" 10 0 17.4333333333333 0.711 0.688 9.5 6.4 7.6 37.7 0 0 0 20.9 154 113 11.8 10.3
"4" "4" 2007-11-06 20.93 "LAL" "" "NOH" "L" -14 0 21.4666666666667 0.427 0.417 9.9 5.2 7.6 20.4 4.5 0 0 25.7 106 116 9.2 1.4
"5" "5" 2007-11-09 20.94 "LAL" "" "MIN" "W" 14 0 18.15 0.307 0.375 6.3 0 2.8 15.9 2.8 0 29.1 16.2 64 106 0.9 -7.7
"6" "6" 2007-11-13 20.95 "LAL" "@" "SAS" "L" -15 0 21.65 0.707 0.65 0 13.9 7.4 0 0 0 15 26.8 119 115 9.9 2.8
"7" "7" 2007-11-14 20.96 "LAL" "@" "HOU" "W" 3 0 17.8333333333333 0.508 0.571 16.3 32.5 26.6 11.3 3 0 11.3 23.1 106 84 6.9 7.1
"8" "8" 2007-11-16 20.96 "LAL" "" "DET" "W" 12 0 24.4 0.425 0.4 6.9 10.9 8.5 20.3 9 0 0 20.3 118 93 11.5 13.2
"9" "9" 2007-11-18 20.97 "LAL" "" "CHI" "W" 28 0 24.8166666666667 0.888 0.857 0 16.1 8.7 58.8 6 0 27.6 18.7 141 74 17.5 20.9
"10" "10" 2007-11-20 20.97 "LAL" "@" "IND" "W" 20 0 22.2666666666667 0.795 0.85 6.7 0 2.3 32 4.2 0 15 27.3 134 113 16.5 11.5
"11" "11" 2007-11-21 20.98 "LAL" "@" "MIL" "L" -7 0 17.6666666666667 0.338 0.25 7 8 7.4 42.5 5.7 0 25.3 31.5 71 108 2.8 -8.1
"12" "12" 2007-11-23 20.98 "LAL" "@" "BOS" "L" -13 0 24.7 0.813 0.813 4.3 0 2.5 23.1 0 0 20 18.5 128 121 9.4 6.3
"13" "13" 2007-11-25 20.99 "LAL" "" "NJN" "L" -2 0 18.6833333333333 0.2 0.2 0 25.7 13.2 33.8 7.8 0 28.6 16.5 55 92 3.9 1
"14" "14" 2007-11-27 20.99 "LAL" "" "SEA" "W" 7 0 16.9333333333333 0.75 0.75 0 0 0 9.3 3 0 20 13.4 114 106 4.3 3.2
"15" "15" 2007-11-29 21 "LAL" "" "DEN" "W" 28 0 18.7 1.025 1 0 26.7 13.8 25.5 2.5 0 17 12.3 174 92 11.9 13.9
"16" "16" 2007-11-30 21 "LAL" "@" "UTA" "L" -24 0 26.2 0.756 0.731 0 12.5 6.7 28.4 1.9 2.3 22.4 30.5 113 124 15.4 9.1
"17" "17" 2007-12-02 21.01 "LAL" "" "ORL" "L" -7 0 20.0333333333333 0.381 0.357 0 5.2 2.5 6.8 4.6 0 33.7 23.1 55 99 -0.3 -9.5
"18" "18" 2007-12-04 21.01 "LAL" "@" "MIN" "W" 21 0 20.1833333333333 0.722 0.722 7.2 21.6 15.4 29.6 0 0 10 23 139 103 12 7
"19" "19" 2007-12-05 21.01 "LAL" "@" "DEN" "W" 4 0 21.4166666666667 0.5 0.5 0 15.3 7.5 12.6 4.5 0 14.3 13.9 95 104 4.7 -1
"20" "20" 2007-12-09 21.02 "LAL" "" "GSW" "W" 10 0 18.4833333333333 0.667 0.667 0 10.8 6 14.8 2.5 0 25 18.4 99 109 4.4 -2.9
"21" "21" 2007-12-13 21.04 "LAL" "" "SAS" "W" 5 0 17.0333333333333 0.717 0.75 5.8 12 8.8 26.1 0 0 0 12.7 159 109 7.6 8.9
"22" "22" 2007-12-14 21.04 "LAL" "@" "GSW" "L" -2 0 15.35 0.714 0.714 0 6.7 3.3 26.6 0 0 0 18 156 115 8.4 10.8
"23" "23" 2007-12-16 21.04 "LAL" "" "LAC" "W" 21 0 27.15 0.389 0.389 0 3.2 2 14.1 0 0 18.2 18.8 77 107 1.9 -11.1
"24" "24" 2007-12-18 21.05 "LAL" "@" "CHI" "W" 12 0 24.9833333333333 0.313 0.313 11.3 13.7 12.4 34.8 2.1 0 11.1 15.8 100 98 7 0.9
"25" "25" 2007-12-20 21.05 "LAL" "@" "CLE" "L" -4 0 15.3333333333333 0.625 0.625 0 0 0 10.5 0 0 33.3 18.1 83 115 1.3 -5.7
"26" "26" 2007-12-21 21.06 "LAL" "@" "PHI" "W" 5 0 15.5166666666667 0.583 0.583 7.4 22.1 14.7 36.7 0 0 25 21.9 109 108 6 2.7
"27" "27" 2007-12-23 21.06 "LAL" "@" "NYK" "W" 5 0 19.6833333333333 0.333 0.333 0 0 0 16.4 2.7 0 10 24 70 104 1.5 -8.6
"28" "28" 2007-12-25 21.07 "LAL" "" "PHO" "W" 7 0 17.6833333333333 0.6 0.6 0 6 3.2 14.3 0 0 0 11.7 137 123 5 -0.1
"29" "29" 2007-12-28 21.08 "LAL" "" "UTA" "W" 14 0 24.7333333333333 0.841 0.857 0 11.6 6.3 11.7 2 0 32.5 21.3 101 114 9.6 -0.6
"30" "30" 2007-12-30 21.08 "LAL" "" "BOS" "L" -19 0 22.8166666666667 0.477 0.444 0 0 0 9.3 2.1 0 24.1 23.2 73 113 1.4 -5.1
"31" "31" 2008-01-04 21.1 "LAL" "" "PHI" "W" 31 0 23.5333333333333 0.8 0.8 0 11.1 7.6 12.5 4.1 0 16.7 23.3 129 91 13.3 6.9
"32" "32" 2008-01-06 21.1 "LAL" "" "IND" "W" 16 0 19.5 0.215 0.125 0 9.1 5.1 7.3 7 0 9.7 22.3 46 83 0.5 -10.5
"33" "33" 2008-01-08 21.11 "LAL" "@" "MEM" "W" 16 0 19.8 0.813 0.813 0 4.8 2.7 14.5 2.4 3.3 20 21.5 124 103 11.2 8.7
"34" "34" 2008-01-09 21.11 "LAL" "@" "NOH" "W" 29 0 21.9666666666667 0.563 0.563 0 12.4 7.7 22.7 0 0 0 18.2 135 97 8.3 6
"35" "35" 2008-01-11 21.12 "LAL" "" "MIL" "W" 5 0 22.9833333333333 0.611 0.688 0 5.5 2.4 21.1 0 2.8 8.6 21.7 121 115 9.1 3.8
"36" "36" 2008-01-13 21.12 "LAL" "" "MEM" "W" 1 0 18.7166666666667 0.455 0.455 0 10.3 5.5 29.9 8.1 0 0 26.5 105 94 8.8 8.5
"37" "37" 2008-01-14 21.12 "LAL" "@" "SEA" "W" 2 0 19.3833333333333 1 1 0 5.5 2.7 32.8 0 0 0 13.4 199 116 12.9 13.4
"38" "38" 2008-01-17 21.13 "LAL" "" "PHO" "L" -8 0 23.3166666666667 0.621 0.625 3.5 11.1 6.4 34.8 8.2 0 13.4 24.1 124 94 14.5 18.2
"39" "39" 2008-01-21 21.14 "LAL" "" "DEN" "W" 17 0 23.15 0.633 0.633 0 4.5 2.3 17.7 0 0 0 28 126 107 12.6 5.4
"40" "40" 2008-01-23 21.15 "LAL" "@" "SAS" "L" -12 0 20.0333333333333 0.436 0.333 0 0 0 15.9 0 0 12.7 17.8 96 121 1.8 -6.9
"41" "41" 2008-01-25 21.15 "LAL" "@" "DAL" "L" -7 0 32.6333333333333 0.692 0.692 0 13.1 7.5 30.3 0 0 23.5 25.6 107 126 11.6 -0.3
"42" "42" 2008-01-27 21.16 "LAL" "" "CLE" "L" -3 0 22.2666666666667 0.8 0.8 5.1 14.4 9.9 15.7 2.4 0 37.5 17.2 98 106 6.3 2.3
"43" "43" 2008-01-29 21.16 "LAL" "" "NYK" "W" 11 0 25.5166666666667 0.5 0.5 4.1 12 8.1 43.1 3.9 0 0 10 156 111 12.5 10
"44" "44" 2008-01-31 21.17 "LAL" "@" "DET" "L" -1 0 16.85 0.4 0.4 6.9 0 3.5 12.2 3.1 0 16.7 16.2 81 99 2.3 -1.6
"45" "45" 2008-02-01 21.17 "LAL" "@" "TOR" "W" 20 0 24.1833333333333 0.65 0.65 0 8.6 4.9 14.9 0 0 0 19.9 142 122 9.9 2.3
"46" "46" 2008-02-03 21.18 "LAL" "@" "WAS" "W" 12 0 23.0666666666667 0.291 0.167 0 0 0 16 2.5 0 12.7 17.7 79 113 1.9 -9.5
"47" "47" 2008-02-05 21.18 "LAL" "@" "NJN" "W" 15 0 16.0166666666667 0.375 0.375 6.4 6.8 6.6 20.7 0 0 11.1 25.2 84 106 3 -7.4
"48" "48" 2008-02-06 21.19 "LAL" "@" "ATL" "L" -3 0 17.9666666666667 0.2 0.2 0 13.4 6.4 7.8 0 0 0 13 52 111 -0.2 -12.5
"49" "49" 2008-02-08 21.19 "LAL" "@" "ORL" "W" 4 0 15.1666666666667 0.3 0.3 0 31.6 16.9 0 0 0 0 16 66 126 0.7 -12.7
"50" "50" 2008-02-10 21.2 "LAL" "@" "MIA" "W" 10 0 21.0666666666667 0.5 0.5 0 0 0 30.2 0 0 11.1 18.8 107 104 5 0.5
"51" "51" 2008-02-11 21.2 "LAL" "@" "CHA" "W" 9 0 18.8 0.592 0.563 0 0 0 0 5.8 0 0 22 119 110 7.6 0.8
"52" "52" 2008-02-13 21.21 "LAL" "@" "MIN" "W" 25 0 22.6166666666667 0.429 0.429 0 8.3 4.5 16.5 2.1 0 12.5 14.5 92 95 5 -4.3
"53" "53" 2008-02-19 21.22 "LAL" "" "ATL" "W" 29 0 16.8 0.667 0.667 0 13.3 6.8 26.2 5.7 0 10 24.9 132 89 11 12.6
"54" "54" 2008-02-20 21.22 "LAL" "@" "PHO" "W" 6 0 17.8 0.375 0.375 7.3 12.8 10.2 10.9 0 0 33.3 14.4 76 127 1.3 -6.8
"55" "55" 2008-02-23 21.23 "LAL" "@" "LAC" "W" 18 0 28.0833333333333 0.589 0.591 4 8.1 6 11.9 1.7 0 7.8 19.9 111 99 10.6 1.5
"56" "56" 2008-02-24 21.24 "LAL" "@" "SEA" "W" 20 0 24.6666666666667 0.429 0.429 8.6 8.1 8.4 11 0 0 12.5 28.3 88 101 5.6 -7.7
"57" "57" 2008-02-26 21.24 "LAL" "" "POR" "W" 13 0 24.0166666666667 1.006 1 0 0 0 20 0 0 8.7 23.9 172 104 16.8 18.9
"58" "58" 2008-02-28 21.25 "LAL" "" "MIA" "W" 18 0 24.05 0.806 0.786 5 10.9 8.4 27.2 6.2 2.9 6.3 28.9 149 84 24.2 27.9
"59" "59" 2008-02-29 21.25 "LAL" "@" "POR" "L" -8 0 16.75 0.415 0.375 0 0 0 25.7 0 0 10.6 24.5 94 133 2.5 -10.3
"60" "60" 2008-03-02 21.25 "LAL" "" "DAL" "W" 4 0 27.95 0.25 0.25 7.6 12.4 10.3 12.2 1.8 0 14.3 11.1 73 104 2.4 -4.8
"61" "61" 2008-03-04 21.26 "LAL" "@" "SAC" "W" 12 0 17.7 0.41 0.25 0 17.7 8.9 0 2.7 0 17 13.3 77 103 2.5 -6
"62" "62" 2008-03-07 21.27 "LAL" "" "LAC" "W" 37 0 18.35 0.625 0.625 6.9 15.7 11.9 7.4 2.9 0 20 24.6 107 90 6.9 -0.1
"63" "63" 2008-03-09 21.27 "LAL" "" "SAC" "L" -1 0 15.6833333333333 0.357 0.357 0 9.3 4.2 17.5 0 0 36.4 28.8 54 117 -2.2 -19.1
"64" "64" 2008-03-11 21.28 "LAL" "" "TOR" "W" 9 0 17.05 0.556 0.556 0 7.2 3.7 41.7 0 0 0 24.9 135 126 8.3 1.2
"65" "65" 2008-03-14 21.29 "LAL" "@" "NOH" "L" -10 0 26.75 0.466 0.458 0 4 1.8 27.6 5.8 0 0 20.5 108 113 10.5 4.8
"66" "66" 2008-03-16 21.29 "LAL" "@" "HOU" "L" -12 0 22.9666666666667 0.5 0.5 0 4.6 2.4 23.5 0 0 20 20.7 91 128 3.2 -4.9
"67" "67" 2008-03-18 21.3 "LAL" "@" "DAL" "W" 2 0 17.1833333333333 0.333 0.333 0 7 3.2 24.5 0 0 0 7.6 107 116 2.3 -5.3
"68" "68" 2008-03-20 21.3 "LAL" "@" "UTA" "W" 11 0 16.2666666666667 0.611 0.611 0 12.8 7 21.7 3.4 0 10 31.1 112 107 8.3 5.9
"69" "69" 2008-03-21 21.31 "LAL" "" "SEA" "W" 25 0 24.3666666666667 0.778 0.778 0 8 4.9 19.1 2.1 0 10 19.4 145 114 13.1 6.3
"70" "70" 2008-03-23 21.31 "LAL" "" "GSW" "L" -4 0 15.2833333333333 0.41 0.35 6.2 12.1 9.1 21.2 0 0 7.6 33 97 117 4.3 -5.2
"71" "71" 2008-03-24 21.32 "LAL" "@" "GSW" "W" 4 0 16.1333333333333 0.269 0.286 0 0 0 25 3 0 0 19.1 79 111 2.2 -5.6
"72" "72" 2008-03-26 21.32 "LAL" "" "CHA" "L" -13 0 16.0166666666667 0.357 0.357 5.9 14.6 9.8 21.4 3.1 0 12.5 22.4 79 111 2.8 -5.2
"73" "73" 2008-03-28 21.33 "LAL" "" "MEM" "L" -3 0 23.95 0.557 0.5 7 5.4 6.4 18.2 0 0 16.8 19.7 109 121 7.7 -6.1
"74" "74" 2008-03-30 21.33 "LAL" "" "WAS" "W" 6 0 15.2 0 0 0 7.9 4 32.4 3.6 0 33.3 9.6 70 121 0.9 -8.9
"75" "75" 2008-04-02 21.34 "LAL" "" "POR" "W" 13 0 16.85 0.635 0.571 8.4 6.2 7.1 33.4 0 0 20.2 28.1 114 112 7.8 0.7
"76" "76" 2008-04-04 21.35 "LAL" "" "DAL" "W" 4 0 23.15 0.483 0.438 0 5.5 2.8 12.7 4.9 3.2 9.7 21.8 101 120 6.4 -1
"77" "77" 2008-04-06 21.35 "LAL" "@" "SAC" "W" 22 0 20.3166666666667 0.363 0.333 6.4 0 3 19.5 7.5 0 12.7 17.3 97 92 6 1.8
"78" "78" 2008-04-08 21.36 "LAL" "@" "POR" "L" -9 0 24.5333333333333 0.25 0.25 4.9 26.4 15.2 37.8 0 0 20 19.2 77 123 3.6 -7.2
"79" "79" 2008-04-10 21.36 "LAL" "@" "LAC" "W" 28 0 17.3166666666667 0.833 0.833 0 5.5 3.2 38.3 6.2 0 14.3 19.3 147 84 11.1 17.5
"80" "80" 2008-04-11 21.36 "LAL" "" "NOH" "W" 3 0 18.9666666666667 0.444 0.444 6.3 0 3.2 17.8 2.8 0 10 24.2 98 115 3.8 -3.1
"81" "81" 2008-04-13 21.37 "LAL" "" "SAS" "W" 21 0 23.8166666666667 0.935 0.9 5.2 12.6 9.3 12.2 0 0 25.4 15.5 139 102 10.1 5
"82" "82" 2008-04-15 21.38 "LAL" "" "SAC" "W" 23 0 20.6 0.813 0.813 0 11.1 5.4 22.3 2.3 0 20 19.9 122 103 11.1 6.7
"1" "1" 2008-10-28 21.91 "LAL" "" "POR" "W" 20 0 23.2 0.461 0.313 10.3 15.6 13.3 37.8 2.3 0 17 23.9 107 85 8.8 5.3
"2" "2" 2008-10-29 21.92 "LAL" "@" "LAC" "W" 38 0 26.2666666666667 0.845 0.875 0 19.4 11 30.4 0 0 25.3 19.6 128 88 13.4 8
"3" "3" 2008-11-01 21.92 "LAL" "@" "DEN" "W" 7 0 15.3333333333333 0.125 0.125 6.3 7.6 6.9 10.5 0 0 20 25.9 34 101 -4.7 -22.3
"4" "4" 2008-11-05 21.93 "LAL" "" "LAC" "W" 18 0 17.8666666666667 0.589 0.4 5.7 10.5 8.2 9.7 5.5 0 20.7 22.2 108 88 7.5 2.8
"5" "5" 2008-11-09 21.95 "LAL" "" "HOU" "W" 29 0 25.8333333333333 0.81 0.833 5.5 7.1 6.5 36.1 4.1 0 16.8 20.6 149 93 16.8 16.2
"6" "6" 2008-11-11 21.95 "LAL" "@" "DAL" "W" 7 0 20.3833333333333 0.4 0.4 0 9.8 4.6 18.9 4.8 0 16.7 11.6 91 99 5 2.5
"7" "7" 2008-11-12 21.95 "LAL" "@" "NOH" "W" 7 0 18.55 0.291 0.333 5.9 33.2 18.7 9.6 2.9 0 0 17.9 73 93 3.3 -3.7
"8" "8" 2008-11-14 21.96 "LAL" "" "DET" "L" -11 0 14.3333333333333 0.429 0.429 0 9.8 3.9 11.2 0 0 12.5 23.7 82 120 1.1 -11.4
"9" "9" 2008-11-18 21.97 "LAL" "" "CHI" "W" 7 0 19.3666666666667 0.466 0.417 5.2 11.5 8.2 14.7 4.6 3.3 13.4 29.7 93 100 7.4 -2.4
"10" "10" 2008-11-20 21.98 "LAL" "@" "PHO" "W" 13 0 21.9666666666667 0.481 0.5 5.1 0 2.5 14.1 2.4 3.2 8 26.4 97 101 6.9 0.6
"11" "11" 2008-11-21 21.98 "LAL" "" "DEN" "W" 14 0 25.9333333333333 0.389 0.389 4.9 16.8 11.3 20.9 6.1 2.8 10 17.3 100 91 8.9 5.3
"12" "12" 2008-11-23 21.98 "LAL" "" "SAC" "W" 10 0 20.25 0.665 0.5 0 12.2 5.8 17.7 0 0 11.7 17.4 136 113 8.5 -1.5
"13" "13" 2008-11-25 21.99 "LAL" "" "NJN" "W" 27 0 24.4333333333333 0.62 0.636 0 18.5 10.2 18.3 8.1 0 6.4 27.2 124 82 17.3 14.9
"14" "14" 2008-11-28 22 "LAL" "" "DAL" "W" 7 0 16.9333333333333 0.333 0.333 0 7.9 3.5 27.4 3.1 5.2 0 15.1 108 114 5.4 2.5
"15" "15" 2008-11-30 22 "LAL" "" "TOR" "W" 13 0 24.4 0.389 0.389 0 3.9 2.2 14.4 2 0 35.7 23.3 61 106 -0.1 -12.5
"16" "16" 2008-12-02 22.01 "LAL" "@" "IND" "L" -1 0 13.4333333333333 0.333 0.333 0 0 0 22.4 0 0 25 25.6 63 129 -1.2 -18.9
"17" "17" 2008-12-03 22.01 "LAL" "@" "PHI" "W" 12 0 17.55 0.82 0.875 0 6.2 3.5 23.6 3 0 0 13.1 174 110 9 11.4
"18" "18" 2008-12-05 22.01 "LAL" "@" "WAS" "W" 2 0 25.6 0.55 0.55 0 0 0 6.4 2 0 16.7 21.9 91 117 4.5 -5.7
"19" "19" 2008-12-07 22.02 "LAL" "" "MIL" "W" 13 0 20.5833333333333 0.167 0.167 0 4.2 2.6 0 2.4 0 25 16.5 30 101 -2.9 -14.9
"20" "20" 2008-12-09 22.02 "LAL" "@" "SAC" "L" -12 0 16.4166666666667 0.508 0.429 0 0 0 10 0 0 0 20.1 120 125 2.6 -6.6
"21" "21" 2008-12-10 22.03 "LAL" "" "PHO" "W" 5 0 16.95 0.233 0.167 0 6.9 3.4 15.2 0 0 23.7 21.5 53 122 -1.1 -18.8
"22" "22" 2008-12-12 22.03 "LAL" "" "SAC" "W" 9 0 22.75 0.444 0.5 0 9.6 5 5.9 4.3 0 0 15.1 95 100 5 -1.3
"23" "23" 2008-12-14 22.04 "LAL" "" "MIN" "W" 12 0 15.9166666666667 0.5 0.5 0 17.1 9.1 0 0 0 12.5 23.3 81 96 2.8 -7.2
"24" "24" 2008-12-16 22.04 "LAL" "" "NYK" "W" 2 0 9.08333333333333 0.167 0.167 0 0 0 26.6 0 0 0 27.1 61 126 -1.6 -25
"25" "25" 2008-12-19 22.05 "LAL" "@" "MIA" "L" -2 0 17.7666666666667 0.75 0.75 0 13.2 6.9 25.1 6 0 20 26.1 121 89 9.6 16.4
"26" "" 2008-12-20 22.05 "LAL" "@" "ORL" "L" -3 NA NA NA NA NA NA NA NA NA NA NA NA NA NA NA NA
"27" "" 2008-12-22 22.06 "LAL" "@" "MEM" "W" 9 NA NA NA NA NA NA NA NA NA NA NA NA NA NA NA NA
"28" "" 2008-12-23 22.06 "LAL" "@" "NOH" "W" 13 NA NA NA NA NA NA NA NA NA NA NA NA NA NA NA NA
"29" "" 2008-12-25 22.07 "LAL" "" "BOS" "W" 9 NA NA NA NA NA NA NA NA NA NA NA NA NA NA NA NA
"30" "" 2008-12-28 22.08 "LAL" "" "GSW" "W" 17 NA NA NA NA NA NA NA NA NA NA NA NA NA NA NA NA
"31" "" 2009-01-02 22.09 "LAL" "" "UTA" "W" 13 NA NA NA NA NA NA NA NA NA NA NA NA NA NA NA NA
"32" "" 2009-01-04 22.1 "LAL" "" "POR" "W" 14 NA NA NA NA NA NA NA NA NA NA NA NA NA NA NA NA
"33" "" 2009-01-06 22.1 "LAL" "" "NOH" "L" -11 NA NA NA NA NA NA NA NA NA NA NA NA NA NA NA NA
"34" "" 2009-01-07 22.1 "LAL" "@" "GSW" "W" 8 NA NA NA NA NA NA NA NA NA NA NA NA NA NA NA NA
"35" "" 2009-01-09 22.11 "LAL" "" "IND" "W" 2 NA NA NA NA NA NA NA NA NA NA NA NA NA NA NA NA
"36" "" 2009-01-11 22.12 "LAL" "" "MIA" "W" 3 NA NA NA NA NA NA NA NA NA NA NA NA NA NA NA NA
"37" "" 2009-01-13 22.12 "LAL" "@" "HOU" "W" 5 NA NA NA NA NA NA NA NA NA NA NA NA NA NA NA NA
"38" "" 2009-01-14 22.12 "LAL" "@" "SAS" "L" -1 NA NA NA NA NA NA NA NA NA NA NA NA NA NA NA NA
"39" "" 2009-01-16 22.13 "LAL" "" "ORL" "L" -6 NA NA NA NA NA NA NA NA NA NA NA NA NA NA NA NA
"40" "" 2009-01-19 22.14 "LAL" "" "CLE" "W" 17 NA NA NA NA NA NA NA NA NA NA NA NA NA NA NA NA
"41" "" 2009-01-21 22.14 "LAL" "@" "LAC" "W" 11 NA NA NA NA NA NA NA NA NA NA NA NA NA NA NA NA
"42" "" 2009-01-22 22.15 "LAL" "" "WAS" "W" 20 NA NA NA NA NA NA NA NA NA NA NA NA NA NA NA NA
"43" "26" 2009-01-25 22.15 "LAL" "" "SAS" "W" 14 0 17.3 0.799 0.857 0 0 0 30.6 3 0 18.6 29.5 120 95 9.9 11.2
"44" "27" 2009-01-27 22.16 "LAL" "" "CHA" "L" -7 0 21.0833333333333 0.143 0.143 0 6.6 2.9 13.7 0 0 0 15.9 47 117 -2 -14.2
"45" "28" 2009-01-30 22.17 "LAL" "@" "MIN" "W" 13 0 18.7333333333333 0.5 0.5 0 5.1 2.7 6.8 2.6 0 23.1 27.4 86 120 2.4 -9.8
"46" "29" 2009-01-31 22.17 "LAL" "@" "MEM" "W" 17 0 15.5333333333333 0.338 0.25 0 8.4 4.2 0 3.3 0 18.4 15.5 64 103 0.5 -8.8
"47" "30" 2009-02-02 22.18 "LAL" "@" "NYK" "W" 9 0 21.6833333333333 0.5 0.5 5.5 16.7 11.9 22.4 4.3 0 25 15.3 103 108 6.5 1.8
"48" "31" 2009-02-04 22.18 "LAL" "@" "TOR" "W" 8 0 18.25 0.75 0.75 6.3 12.2 9.3 28.3 0 3.5 20 12.8 140 116 7.8 4.7
"49" "32" 2009-02-05 22.18 "LAL" "@" "BOS" "W" 1 0 12.0833333333333 1.017 1.167 0 20.9 9.9 15.2 4.4 0 0 13.5 195 104 6.8 14.3
"50" "33" 2009-02-08 22.19 "LAL" "@" "CLE" "W" 10 0 19.8666666666667 0.143 0.143 0 10.7 5.8 23.8 2.8 3.8 0 16.7 65 105 1.4 -5.8
"51" "34" 2009-02-10 22.2 "LAL" "" "OKC" "W" 7 0 18.5333333333333 0.9 0.9 0 5.2 2.5 37.4 0 3.6 37.5 17.3 118 102 8.2 8.1
"52" "35" 2009-02-11 22.2 "LAL" "@" "UTA" "L" -4 0 16.5166666666667 0.563 0.563 0 0 0 38.3 0 0 0 20.3 136 123 7 5.3
"53" "36" 2009-02-17 22.22 "LAL" "" "ATL" "W" 13 0 19.1666666666667 0.563 0.625 14.4 13.9 14.2 17 0 0 18.4 22.1 104 95 8 3.3
"54" "37" 2009-02-18 22.22 "LAL" "@" "GSW" "W" 8 0 16.5333333333333 0.255 0.2 7.1 0 3.6 20.2 3 0 0 14.2 104 127 3.3 -6.5
"55" "38" 2009-02-20 22.22 "LAL" "" "NOH" "W" 4 0 12.45 0.417 0.417 0 8.7 4.2 14.4 0 0 0 21.5 91 111 2.6 -3.2
"56" "39" 2009-02-22 22.23 "LAL" "@" "MIN" "W" 3 0 20.9166666666667 0.51 0.5 0 5.7 3.2 17.9 13.5 0 40.5 20.8 68 84 6.9 5.4
"57" "40" 2009-02-24 22.24 "LAL" "@" "OKC" "W" 14 0 19.2333333333333 0.635 0.643 0 0 0 16.1 5.4 0 0 19.8 129 99 8.5 7.2
"58" "41" 2009-02-26 22.24 "LAL" "" "PHO" "W" 26 0 23.8 0.6 0.6 5.2 19.4 13.3 23 3.9 0 28.6 23.8 101 99 9.9 -0.8
"59" "42" 2009-02-27 22.24 "LAL" "@" "DEN" "L" -11 0 14.1666666666667 0.25 0.25 0 0 0 13.8 0 0 33.3 17 42 107 -1.7 -12.1
"60" "43" 2009-03-01 22.25 "LAL" "@" "PHO" "L" -7 0 13.3166666666667 0 0 0 9.5 4.6 25.7 0 0 40 15.3 34 127 -2.1 -17.3
"61" "44" 2009-03-03 22.25 "LAL" "" "MEM" "W" 10 0 21.3166666666667 0.508 0.429 0 5.5 2.5 0 0 0 0 16.2 117 115 3.8 -11.1
"62" "45" 2009-03-06 22.26 "LAL" "" "MIN" "W" 20 0 20.0333333333333 0.25 0.25 0 13.6 7.6 18.6 2.6 3.6 0 14.5 74 98 3.1 -4.4
"63" "46" 2009-03-09 22.27 "LAL" "@" "POR" "L" -17 0 24.0666666666667 0.505 0.5 0 4.7 2.4 28.5 0 0 20.2 29.1 91 133 5.2 -4.3
"64" "47" 2009-03-11 22.28 "LAL" "@" "HOU" "W" 6 0 16.2333333333333 0.25 0.25 0 0 0 14.8 3.2 0 20 13.8 64 107 0.2 -8.6
"65" "48" 2009-03-12 22.28 "LAL" "@" "SAS" "W" 7 0 16.1666666666667 0.5 0.5 0 8.7 4 8 3.3 5.3 50 23.6 52 98 -0.1 -10.4
"66" "49" 2009-03-15 22.29 "LAL" "" "DAL" "W" 7 0 17.4 0.564 0.625 0 5.7 3.1 22.7 3 0 27.3 19.1 97 113 4.2 -0.1
"67" "50" 2009-03-17 22.29 "LAL" "" "PHI" "L" -1 0 11.5333333333333 0.5 0.5 0 0 0 12.7 0 0 25 16.9 84 117 -0.2 -11.2
"68" "51" 2009-03-19 22.3 "LAL" "" "GSW" "W" 8 0 24.5833333333333 0.376 0.25 0 7.7 4.2 31.8 0 2.5 36.1 13.4 85 105 4.4 -1.7
"69" "52" 2009-03-21 22.3 "LAL" "@" "CHI" "W" 8 0 24.4333333333333 0.65 0.65 0 11.9 4.7 16.8 5.9 0 9.1 19.1 128 104 11.9 8.3
"70" "53" 2009-03-24 22.31 "LAL" "@" "OKC" "W" 18 0 22.9166666666667 0.6 0.6 0 19.5 9.7 11.4 0 0 0 9.8 130 97 5.9 -1.2
"71" "54" 2009-03-26 22.32 "LAL" "@" "DET" "W" 15 0 15.45 0.333 0.333 8.9 7.2 8 10.8 0 0 0 19 85 95 1.5 -7.8
"72" "55" 2009-03-27 22.32 "LAL" "@" "NJN" "W" 8 0 17.05 0.19 0.143 0 13.4 6.6 22.1 0 0 0 20.9 64 107 0.4 -13.9
"73" "56" 2009-03-29 22.33 "LAL" "@" "ATL" "L" -10 0 11.0833333333333 0.75 0.75 0 9 4.6 18.3 5 0 33.3 12.5 103 95 2.6 4.8
"74" "57" 2009-03-31 22.33 "LAL" "@" "CHA" "L" -10 0 9.88333333333333 0 0 0 16.2 5.9 25.6 0 0 66.7 13.3 27 114 -1 -16.2
"75" "58" 2009-04-01 22.33 "LAL" "@" "MIL" "W" 6 0 26.15 0.417 0.417 5 0 2.3 0 1.9 0 40 17 55 109 -1.5 -10.6
"76" "59" 2009-04-03 22.34 "LAL" "" "HOU" "W" 12 0 19.15 0.25 0.25 0 0 0 15.9 0 0 25 19.1 51 101 -1.8 -12.5
"77" "60" 2009-04-05 22.35 "LAL" "" "LAC" "W" 3 0 19.4333333333333 0.477 0.444 6.3 5.5 5.9 53.4 0 0 9.6 25.6 108 105 6.2 0.2
"78" "61" 2009-04-07 22.35 "LAL" "@" "SAC" "W" 18 0 15.4333333333333 0.225 0.188 14.1 6.1 9.8 21.3 6.3 0 0 24.9 85 101 4.2 -3
"79" "62" 2009-04-09 22.36 "LAL" "" "DEN" "W" 14 0 14 0.399 0 0 0 0 27.8 0 0 0 10.9 120 115 2.1 -3.8
"80" "63" 2009-04-10 22.36 "LAL" "@" "POR" "L" -8 0 5.23333333333333 0 0 0 0 0 0 0 0 33.3 26.3 0 131 -2.8 -34.5
"81" "64" 2009-04-12 22.36 "LAL" "" "MEM" "W" 17 0 13.0833333333333 0.205 0.25 8.7 8 8.3 0 4.1 0 0 17.7 56 86 0.4 -8.2
"82" "65" 2009-04-14 22.37 "LAL" "" "UTA" "W" 13 0 16.9666666666667 0.357 0.357 0 0 0 20 0 0 0 17.6 96 123 1.8 -11.2
"1" "1" 2009-10-27 22.91 "LAL" "" "LAC" "W" 7 0 14.9833333333333 0.5 0.5 0 0 0 0 6.6 0 33.3 16.4 64 92 2 -4
"2" "2" 2009-10-30 22.92 "LAL" "" "DAL" "L" -14 0 18.9333333333333 0.296 0.313 0 19 8.8 9.4 0 0 19.2 24.9 55 105 -1.8 -13.8
"3" "3" 2009-11-01 22.92 "LAL" "" "ATL" "W" 8 0 13.9666666666667 0.512 0.375 0 7.6 4.2 32.3 3.4 0 17 17.9 117 111 5.3 2.4
"4" "4" 2009-11-03 22.93 "LAL" "@" "OKC" "W" 3 0 7.85 0 0 0 16.1 9.2 17.8 0 0 50 12.2 28 105 -1.5 -16.5
"5" "5" 2009-11-04 22.93 "LAL" "@" "HOU" "W" 1 0 15.55 0.833 0.833 12.6 7.1 10 31.8 3.6 0 0 8.9 188 105 6.9 11.1
"6" "6" 2009-11-06 22.93 "LAL" "" "MEM" "W" 16 0 21.2666666666667 0.605 0.571 10.7 10.3 10.5 10.9 0 0 0 15.6 155 117 7.9 0.2
"7" "7" 2009-11-08 22.94 "LAL" "" "NOH" "W" 16 0 20.1166666666667 0.444 0.2 6.6 9.2 8.1 33.5 2.7 0 12.9 18.3 116 99 7.3 1.3
"8" "8" 2009-11-12 22.95 "LAL" "" "PHO" "W" 19 0 21.2666666666667 0.25 0.25 0 13.7 8.6 35.6 0 0 14.3 13.7 96 100 4.6 -2.1
"9" "9" 2009-11-13 22.95 "LAL" "@" "DEN" "L" -26 0 13.2166666666667 0.667 0.667 6.7 25.9 15.1 18.1 0 0 25 25.9 98 113 5.3 6.1
"10" "10" 2009-11-15 22.96 "LAL" "" "HOU" "L" -10 0 18.15 0.375 0.375 0 0 0 27 0 4.5 20 12.1 76 109 2.4 -3.4
"11" "11" 2009-11-17 22.96 "LAL" "" "DET" "W" 13 0 19.75 0.53 0.5 0 13.1 6.4 30.1 2.7 0 9.6 22.9 117 101 8.3 4.5
"12" "12" 2009-11-19 22.97 "LAL" "" "CHI" "W" 15 0 19.85 0.429 0.375 0 5.1 2.5 13.9 7.5 0 17.7 24.1 82 88 5.5 1
"13" "13" 2009-11-22 22.98 "LAL" "" "OKC" "W" 16 0 21.9833333333333 0.364 0.364 4.3 4.5 4.4 7 2.3 0 0 20.5 90 94 4.6 -1.7
"14" "14" 2009-11-24 22.98 "LAL" "" "NYK" "W" 10 0 13.2166666666667 0.143 0.143 0 6.7 3.8 30 0 0 0 21.4 63 97 -0.5 -11.2
"15" "15" 2009-11-28 22.99 "LAL" "@" "GSW" "W" 33 0 20.5 0.714 0.714 0 4.5 2.5 16.9 0 0 0 14.6 148 102 8.7 3.7
"16" "16" 2009-11-29 23 "LAL" "" "NJN" "W" 19 0 17.9833333333333 0.759 0.833 0 6.2 3.3 0 2.8 4 16.8 29.8 103 91 10.3 10.6
"17" "17" 2009-12-01 23 "LAL" "" "NOH" "W" 11 0 23.8666666666667 0.506 0.5 0 10.1 5.6 6.7 4.1 0 23.3 25 73 99 5.2 -6.4
"18" "18" 2009-12-04 23.01 "LAL" "" "MIA" "W" 1 0 13.8666666666667 0.82 0.875 0 17.8 7.7 0 3.8 5.5 0 15 165 109 7.5 13.8
"19" "19" 2009-12-06 23.02 "LAL" "" "PHO" "W" 20 0 19.7833333333333 0.619 0.625 6.2 18.2 12.3 8.6 0 0 10.1 23.2 121 103 7.1 1.7
"20" "20" 2009-12-09 23.02 "LAL" "" "UTA" "W" 24 0 20.55 0.59 0.563 5.6 14 10.2 8.8 5.3 3.4 17.7 26.3 101 79 9.6 9.9
"21" "21" 2009-12-11 23.03 "LAL" "" "MIN" "W" 12 0 17.4333333333333 0.667 0.667 0 5.9 2.8 7.9 0 0 0 14.4 140 103 5.6 1.7
"22" "22" 2009-12-12 23.03 "LAL" "@" "UTA" "L" -8 0 13.5166666666667 0.5 0.5 0 9.6 4.6 11.9 0 0 33.3 19.8 73 118 -0.2 -12.2
"23" "23" 2009-12-15 23.04 "LAL" "@" "CHI" "W" 9 0 15.7166666666667 0.436 0.417 0 11.5 6.9 30.7 6.7 0 0 20.4 104 87 6.5 9.7
"24" "24" 2009-12-16 23.04 "LAL" "@" "MIL" "W" 1 0 17.3 0.205 0 0 12.3 7.2 16.6 0 0 17 16.4 54 106 0.2 -9.2
"25" "25" 2009-12-19 23.05 "LAL" "@" "NJN" "W" 19 0 21.2333333333333 0.778 0.778 0 0 0 25 5 0 10 21.6 139 91 13.2 13.2
"26" "26" 2009-12-20 23.05 "LAL" "@" "DET" "W" 12 0 17.25 0.25 0.25 0 19 9.5 8.9 0 0 14.3 17.9 53 92 -0.6 -13
"27" "27" 2009-12-22 23.06 "LAL" "" "OKC" "W" 3 0 10.5166666666667 0 0 0 9.7 5.2 0 0 0 0 7.9 0 118 -1.1 -13.1
"28" "28" 2009-12-25 23.07 "LAL" "" "CLE" "L" -15 0 12.4833333333333 0 0 0 11.3 4.5 0 4.1 0 25 13.9 0 106 -1.8 -12.6
"29" "29" 2009-12-26 23.07 "LAL" "@" "SAC" "W" 9 0 9.93333333333333 0.25 0.25 0 9.9 5.7 15.7 5.5 0 0 18.4 75 92 0.8 -6.1
"30" "30" 2009-12-28 23.08 "LAL" "@" "PHO" "L" -15 0 19.6666666666667 0.571 0.5 0 0 0 14.9 5 0 11.3 19.2 117 119 6.5 3.5
"31" "31" 2009-12-29 23.08 "LAL" "" "GSW" "W" 6 0 25.2 0.6 0.6 0 0 0 29.3 5.6 0 9.1 18.1 123 110 12.1 7.9
"32" "32" 2010-01-01 23.09 "LAL" "" "SAC" "W" 1 0 19.0166666666667 0.25 0.25 0 0 0 13.8 0 0 20 11.4 65 121 -0.4 -12.2
"33" "33" 2010-01-03 23.09 "LAL" "" "DAL" "W" 35 0 27.35 0.806 0.786 0 3.2 2.1 4.6 3.8 2.5 6.3 27.6 143 103 19.7 12.3
"34" "34" 2010-01-05 23.1 "LAL" "" "HOU" "W" 9 0 20.0333333333333 0.5 0.5 0 5.3 2.8 27.2 0 4.4 20 22.4 92 90 3.5 -1.3
"35" "35" 2010-01-06 23.1 "LAL" "@" "LAC" "L" -11 0 13.9333333333333 0.51 0.4 0 16 7.3 13.2 0 0 0 19.1 116 114 4.2 -3.1
"36" "36" 2010-01-08 23.11 "LAL" "@" "POR" "L" -9 0 13.1 0.25 0.25 0 0 0 0 0 0 0 20.5 64 134 -1.2 -16
"37" "37" 2010-01-10 23.11 "LAL" "" "MIL" "W" 18 0 22.05 0.799 0.688 0 14.5 8.4 30.9 2.3 0 15.8 25.9 138 81 15.3 14.2
"38" "38" 2010-01-12 23.12 "LAL" "@" "SAS" "L" -20 0 23.6833333333333 0.333 0.333 0 5.8 2.6 0 2.3 0 10 20.7 63 120 0.8 -10.4
"39" "39" 2010-01-13 23.12 "LAL" "@" "DAL" "W" 5 0 23.6666666666667 0.51 0.45 0 19.9 10.9 6.6 2.4 0 14.5 28 94 104 6.2 -2.7
"40" "40" 2010-01-15 23.13 "LAL" "" "LAC" "W" 40 0 21.1666666666667 0.625 0.625 0 11.3 5.8 18.7 2.3 0 0 8.5 142 91 6.3 3.2
"41" "41" 2010-01-18 23.13 "LAL" "" "ORL" "W" 6 0 20.1166666666667 0.506 0.45 0 0 0 8.4 2.6 0 0 25 109 106 7.3 4.8
"42" "42" 2010-01-21 23.14 "LAL" "@" "CLE" "L" -6 0 12.25 0.625 0.625 0 11.5 4.3 0 0 7.4 0 15.4 123 106 4 7.4
"43" "43" 2010-01-22 23.15 "LAL" "@" "NYK" "W" 10 0 19.1833333333333 0.9 0.9 0 0 0 0 0 3.6 16.7 14.9 129 122 5.2 2.4
"44" "44" 2010-01-24 23.15 "LAL" "@" "TOR" "L" -1 0 21.2833333333333 0.773 0.773 5 15 10 7.7 2.4 0 8.3 23.7 148 112 12.8 12.7
"45" "45" 2010-01-26 23.16 "LAL" "@" "WAS" "W" 12 0 21.25 0.7 0.7 0 0 0 6.1 0 3.4 16.7 14.5 114 125 3.9 -4.6
"46" "46" 2010-01-27 23.16 "LAL" "@" "IND" "W" 22 0 19.0166666666667 0.333 0.333 0 0 0 6.9 5.2 0 10 21 76 96 1.8 -6.8
"47" "47" 2010-01-29 23.16 "LAL" "@" "PHI" "W" 8 0 14.0166666666667 0.25 0.25 0 17.1 8.6 0 0 0 20 16.6 42 107 -1.2 -18.2
"48" "48" 2010-01-31 23.17 "LAL" "@" "BOS" "W" 1 0 14.2833333333333 1 1 0 0 0 15.6 3.8 0 20 17.2 149 103 7.1 11.8
"49" "49" 2010-02-01 23.17 "LAL" "@" "MEM" "L" -2 0 19.6833333333333 0.357 0.357 0 15.9 8.3 41.9 0 0 12.5 19.5 88 106 3.9 -0.6
"50" "50" 2010-02-03 23.18 "LAL" "" "CHA" "W" 2 0 25.3333333333333 0.455 0.389 0 18.9 9.1 17.1 2.3 0 9.2 20.7 106 115 6 -4.3
"51" "51" 2010-02-05 23.18 "LAL" "" "DEN" "L" -13 0 16.4833333333333 0.429 0.429 0 23 9.8 16.5 3 0 0 17.2 111 127 5.2 -1
"52" "52" 2010-02-06 23.19 "LAL" "@" "POR" "W" 17 0 18.0833333333333 0.607 0.667 6.6 7.2 6.9 19.1 6.2 0 0 26.1 131 88 11.3 17.4
"53" "53" 2010-02-08 23.19 "LAL" "" "SAS" "W" 12 0 21.8 0.742 0.786 0 10.2 5.1 8.2 0 0 10.2 20 131 103 8.8 4
"54" "54" 2010-02-10 23.2 "LAL" "@" "UTA" "W" 15 0 24.7833333333333 0.818 0.818 0 4.5 2.4 8.6 0 0 15.4 24.1 128 96 10.9 9.2
"55" "55" 2010-02-16 23.21 "LAL" "" "GSW" "W" 10 0 19.9833333333333 0.717 0.875 0 0 0 0 0 0 50.6 20.2 55 96 -0.8 -10.6
"56" "56" 2010-02-18 23.22 "LAL" "" "BOS" "L" -1 0 22.6833333333333 0.317 0.357 0 4.6 2.3 0 0 0 11.3 18.2 59 105 -0.6 -9.9
"57" "57" 2010-02-23 23.23 "LAL" "@" "MEM" "W" 1 0 17.35 0.4 0.4 0 7.3 3.5 8.8 0 0 16.7 15.9 73 109 1.3 -8.5
"58" "58" 2010-02-24 23.24 "LAL" "@" "DAL" "L" -5 0 12.7666666666667 0.563 0.5 0 0 0 0 4.1 0 18.4 20 91 111 1.8 -6
"59" "59" 2010-02-26 23.24 "LAL" "" "PHI" "W" 9 0 19.75 0.635 0.571 0 0 0 0 0 3.2 0 17.9 145 111 7 6
"60" "60" 2010-02-28 23.25 "LAL" "" "DEN" "W" 6 0 13.1166666666667 1.025 1.25 0 15.6 8.1 12.8 0 0 0 8.5 188 102 4.9 5.5
"61" "61" 2010-03-02 23.25 "LAL" "" "IND" "W" 23 0 23.6833333333333 0.95 0.95 0 4.5 2.4 21.1 2.1 0 9.1 20.2 160 107 17.6 14
"62" "62" 2010-03-04 23.26 "LAL" "@" "MIA" "L" -3 0 18.4166666666667 0.35 0.35 0 16.9 7.5 23.7 0 0 0 25 96 122 2.3 -7.5
"63" "63" 2010-03-05 23.26 "LAL" "@" "CHA" "L" -15 0 23.1666666666667 0.82 0.833 0 6.1 2.5 10 2.2 0 12 15.2 143 109 10 10.5
"64" "64" 2010-03-07 23.27 "LAL" "@" "ORL" "L" -2 0 16.1 0 0 0 0 0 0 0 0 20 14 0 117 -4.2 -20
"65" "65" 2010-03-09 23.27 "LAL" "" "TOR" "W" 2 0 14.55 0.286 0.286 7.3 8.5 7.9 11.6 0 0 0 21.7 79 122 0.4 -14.1
"66" "66" 2010-03-12 23.28 "LAL" "@" "PHO" "W" 6 0 2.9 0 0 0 0 0 0 0 0 0 31.6 0 121 -1.4 -35.7
"67" "67" 2010-03-15 23.29 "LAL" "@" "GSW" "W" 3 0 8.3 0.347 0 0 0 0 27.5 0 0 0 14.2 130 127 2 -4.3
"68" "68" 2010-03-16 23.29 "LAL" "@" "SAC" "W" 7 0 8.48333333333333 0 0 0 0 0 13.5 0 0 33.3 15.7 19 115 -1.7 -19.1
"69" "69" 2010-03-19 23.3 "LAL" "" "MIN" "W" 8 0 27.1833333333333 0.615 0.563 0 22.1 11.2 13.1 3.6 0 0 15.3 134 94 12.4 5.4
"70" "70" 2010-03-21 23.3 "LAL" "" "WAS" "W" 7 0 18.7 0.417 0.417 0 0 0 8.3 0 0 14.3 19 83 121 1.3 -12.6
"71" "71" 2010-03-24 23.31 "LAL" "@" "SAS" "W" 9 0 26.3833333333333 0.688 0.688 0 3.8 2 0 0 0 11.1 16.5 120 107 5.1 1.3
"72" "72" 2010-03-26 23.32 "LAL" "@" "OKC" "L" -16 0 23.6333333333333 0.296 0.3 0 17.4 7.5 0 0 0 12.9 15.4 57 109 -1.2 -9.3
"73" "73" 2010-03-27 23.32 "LAL" "@" "HOU" "W" 8 0 26.4 0.799 0.857 6.3 11.9 9.7 5.5 0 0 18.6 19.7 130 117 9.4 0.6
"74" "74" 2010-03-29 23.33 "LAL" "@" "NOH" "L" -8 0 20.75 0.474 0.5 0 6.3 2.6 14.9 0 0 10.6 19.9 101 129 2.3 -5.4
"75" "75" 2010-03-31 23.33 "LAL" "@" "ATL" "L" -17 0 26.1833333333333 0.81 0.778 0 9.4 4.9 15.4 0 0 16.8 23.1 133 134 10.5 6.1
"76" "76" 2010-04-02 23.34 "LAL" "" "UTA" "W" 14 0 15.35 0.5 0.5 0 0 0 9.8 0 0 40 14.7 61 102 -1.6 -14.8
"77" "77" 2010-04-04 23.34 "LAL" "" "SAS" "L" -19 0 15.6 0.2 0.2 0 17.6 8.2 10.3 3.5 0 0 15.7 52 110 0.8 -8.3
"78" "78" 2010-04-08 23.35 "LAL" "@" "DEN" "L" -2 0 15.5333333333333 0.438 0.438 0 21.1 10.2 14.9 0 5.8 0 23.2 106 111 4.9 2.7
"79" "79" 2010-04-09 23.36 "LAL" "@" "MIN" "W" 9 0 28.2666666666667 0.658 0.611 3.6 11.6 7.5 27.2 5.8 0 0 15.8 161 95 16 14.4
"80" "80" 2010-04-11 23.36 "LAL" "" "POR" "L" -3 0 14.1666666666667 0 0 0 15.8 7.8 9.2 4 0 0 17.1 12 102 -1.6 -14.1
"81" "81" 2010-04-13 23.37 "LAL" "" "SAC" "W" 6 0 6.16666666666667 0.515 0.5 0 0 0 23.4 0 0 0 27.9 126 119 2.6 4.4
"82" "82" 2010-04-14 23.37 "LAL" "@" "LAC" "L" -16 0 0.0166666666666667 NA NA 0 0 0 0 0 0 NA 0 0 119 0 -10.7
"1" "1" 2010-10-27 23.91 "NJN" "" "DET" "W" 3 0 22 0.644 0.5 0 0 0 25.2 4.9 0 20.5 21 120 107 9.4 7.2
"2" "2" 2010-10-29 23.91 "NJN" "" "SAC" "W" 6 0 25.6166666666667 0.658 0.5 0 15.6 10.1 21.3 1.9 0 22 23.9 113 97 10.1 2
"3" "3" 2010-10-31 23.92 "NJN" "" "MIA" "L" -23 0 16.2333333333333 0.357 0.357 0 0 0 12.3 3.5 0 12.5 21.5 75 116 1.2 -4.3
"4" "4" 2010-11-03 23.93 "NJN" "" "CHA" "L" -2 0 17.8 0.363 0.25 0 13.8 7 18.4 0 0 22.5 24.5 69 103 0.8 -11.9
"5" "5" 2010-11-05 23.93 "NJN" "@" "ORL" "L" -15 0 27.2333333333333 0.35 0.35 0 19.1 8.7 40.2 4 0 23.1 23.4 76 112 5.5 -4.6
"6" "6" 2010-11-06 23.93 "NJN" "@" "MIA" "L" -12 0 17.75 0.361 0.286 5.5 7.5 6.4 18.3 0 0 10.7 23.9 83 115 2.9 -7.1
"7" "7" 2010-11-09 23.94 "NJN" "" "CLE" "L" -2 0 22.8333333333333 0.167 0.167 0 9.6 4.7 34 2.4 0 25 16.4 56 110 0.9 -12.4
"8" "8" 2010-11-10 23.95 "NJN" "@" "CLE" "W" 8 0 28.3333333333333 0.607 0.556 3.5 21.2 11.6 37.3 3.8 0 23.3 20.7 111 93 11.9 5.9
"9" "9" 2010-11-13 23.95 "NJN" "" "ORL" "L" -1 0 18.45 0.4 0.4 8.1 0 3.5 28.7 6.2 0 9.1 31.9 88 104 4.8 1.8
"10" "10" 2010-11-15 23.96 "NJN" "@" "LAC" "W" 14 0 34.5833333333333 0.568 0.5 0 6.5 4 46.2 3.4 0 13.2 22.8 133 116 17.1 2.8
"11" "11" 2010-11-17 23.96 "NJN" "@" "UTA" "L" -10 0 19.0833333333333 0.389 0.389 0 15.1 7.5 20.6 0 0 25 27.4 69 110 0.8 -9.7
"12" "12" 2010-11-19 23.97 "NJN" "@" "SAC" "L" -5 0 20.45 0.45 0.375 0 5.3 2.8 28.2 5.8 0 10.1 24.8 101 101 6.2 1.5
"13" "13" 2010-11-20 23.97 "NJN" "@" "DEN" "L" -4 0 26.6833333333333 0.643 0.65 0 8.8 4.1 33.3 2 0 15.5 21.3 121 119 11.3 6
"14" "14" 2010-11-23 23.98 "NJN" "" "ATL" "W" 6 0 24.0166666666667 0.188 0.188 0 13.8 7.4 30.8 0 0 0 16.9 72 111 1.8 -9.8
"15" "15" 2010-11-24 23.98 "NJN" "@" "BOS" "L" -6 0 31.2333333333333 0.421 0.409 4.5 7.5 6.1 43.3 0 0 14.4 22.8 97 107 7.3 -0.8
"16" "16" 2010-11-27 23.99 "NJN" "@" "PHI" "L" -16 0 22.9666666666667 0.342 0.167 0 5.5 2.5 20.3 2.5 0 0 16 92 122 3.8 -6.9
"17" "17" 2010-11-28 23.99 "NJN" "" "POR" "W" 2 0 20.4833333333333 0.75 0.75 0 5.6 3.4 35.6 2.7 0 0 10.4 159 111 7.3 6.4
"18" "18" 2010-11-30 24 "NJN" "@" "NYK" "L" -11 0 29.45 0.683 0.667 0 13.6 6.2 23.1 0 0 19.4 24.5 115 122 10.1 -0.6
"19" "19" 2010-12-01 24 "NJN" "" "OKC" "L" -3 1 51.75 0.64 0.643 0 2.6 1.3 38.6 2.2 0 12.1 24.8 124 112 21.7 5.3
"20" "20" 2010-12-03 24.01 "NJN" "@" "CHA" "L" -7 1 38.0833333333333 0.414 0.361 0 12.9 6.3 67.4 0 0 9.4 25.6 92 94 10.7 0.4
"21" "21" 2010-12-05 24.01 "NJN" "" "BOS" "L" -25 0 27.2833333333333 0.8 0.8 3.8 13.5 8.3 21.4 5.6 0 28.6 24.5 101 101 12.6 9.8
"22" "22" 2010-12-07 24.02 "NJN" "@" "ATL" "L" -15 0 26.8166666666667 0.68 0.65 0 10.5 4.9 22.3 2 0 14.5 24.8 117 131 12.3 2.6
"23" "23" 2010-12-09 24.02 "NJN" "@" "DAL" "L" -13 0 31.8 0.417 0.417 3.5 4.9 4.1 17.4 1.7 0 25 23.3 71 113 3.3 -7.9
"24" "24" 2010-12-12 24.03 "NJN" "" "LAL" "L" -7 0 22.65 0.424 0.389 0 16.3 7.3 0 0 0 9.6 19.9 85 110 1.6 -9.2
"25" "25" 2010-12-14 24.04 "NJN" "" "PHI" "L" -5 0 20.3166666666667 0.425 0.35 0 19.2 8.1 22.6 0 0 7.8 29.1 99 102 4.3 -2.2
"26" "26" 2010-12-16 24.04 "NJN" "" "WAS" "W" 8 1 29.7166666666667 0.666 0.6 0 7.5 3.6 19.3 0 0 37.2 15.2 90 97 5 -5.6
"27" "27" 2010-12-17 24.05 "NJN" "@" "TOR" "L" -6 1 30.0666666666667 0.321 0.321 0 11.7 5.8 27 3.6 2.3 0 21.9 83 104 7.5 0.3
"28" "28" 2010-12-19 24.05 "NJN" "" "ATL" "W" 7 0 15.3333333333333 0.595 0.5 0 7.3 3.7 32.7 0 0 25.4 22.8 101 94 3.9 -1.4
"29" "29" 2010-12-21 24.06 "NJN" "@" "MEM" "W" 7 0 18.3666666666667 0.583 0.583 0 4.8 3 48.8 0 0 14.3 18.3 126 106 7.1 4.5
"30" "30" 2010-12-22 24.06 "NJN" "@" "NOH" "L" -14 0 20.3333333333333 0.25 0.25 0 6.4 3 21.9 0 3.9 0 20.1 69 129 1.9 -10.2
"31" "31" 2010-12-27 24.07 "NJN" "" "ORL" "L" -16 0 22.8833333333333 0.49 0.438 0 19.5 9.5 17 0 0 16.4 24.2 90 116 4.2 -6.5
"32" "32" 2010-12-29 24.08 "NJN" "@" "OKC" "L" -21 0 16.5833333333333 0.2 0.2 8.8 8 8.4 9.3 0 0 37.5 21.9 39 123 -3.6 -23.7
"33" "" 2010-12-31 24.08 "NJN" "@" "CHI" "L" -9 NA NA NA NA NA NA NA NA NA NA NA NA NA NA NA NA
"34" "" 2011-01-01 24.09 "NJN" "@" "MIN" "L" -15 NA NA NA NA NA NA NA NA NA NA NA NA NA NA NA NA
"35" "33" 2011-01-05 24.1 "NJN" "" "CHI" "W" 2 0 13.5166666666667 0.5 0.5 0 9.6 4.7 20.6 12.1 0 50 13.8 68 88 2.9 2.7
"36" "34" 2011-01-07 24.1 "NJN" "@" "WAS" "L" -20 0 20.7 0.778 0.778 5 17 10.7 28.3 2.6 0 25 26.4 117 107 10.3 12.4
"37" "35" 2011-01-08 24.11 "NJN" "" "MIL" "L" -23 1 31.7333333333333 0.601 0.607 0 10.8 4.2 59.5 0 0 10.7 27.3 122 133 17.4 7.3
"38" "36" 2011-01-12 24.12 "NJN" "@" "PHO" "L" -9 0 25.7166666666667 0.676 0.625 0 9.8 4.9 36.6 2 0 18.4 20.1 120 117 10.2 1.1
"39" "37" 2011-01-14 24.12 "NJN" "@" "LAL" "L" -12 0 24.8166666666667 0.545 0.545 0 10.5 4.7 22 0 0 8.3 22.2 112 119 8 2.3
"40" "38" 2011-01-15 24.13 "NJN" "@" "POR" "L" -7 0 22.3833333333333 0.2 0.2 0 11 6.1 31.8 0 0 16.7 27.9 58 124 -0.9 -18.7
"41" "39" 2011-01-17 24.13 "NJN" "@" "GSW" "L" -9 0 28.6166666666667 0.444 0.444 0 8.8 4.6 34.6 0 0 10 16.2 109 128 6.6 -4.3
"42" "40" 2011-01-19 24.14 "NJN" "" "UTA" "W" 8 0 19.1333333333333 0.799 0.75 7.8 11.7 10 75.8 0 0 30.4 24.3 136 113 11.5 11.6
"43" "41" 2011-01-21 24.14 "NJN" "" "DET" "W" 15 0 21.4333333333333 0.583 0.583 0 9.3 5.7 22.9 0 0 33.3 21.9 85 96 2.9 -8.8
"44" "42" 2011-01-22 24.15 "NJN" "" "DAL" "L" -1 0 22.25 0.375 0.375 0 4.9 2.8 54.5 2.4 0 27.3 24.2 77 101 3.2 -2.9
"45" "43" 2011-01-24 24.15 "NJN" "" "CLE" "W" 2 0 25.75 0.786 0.786 0 0 0 18.9 4 0 22.2 16 120 109 9 2.1
"46" "44" 2011-01-26 24.16 "NJN" "" "MEM" "W" 5 0 19.8833333333333 0.25 0.25 0 6.2 3 50.3 0 0 25 19.5 79 113 2 -9.1
"47" "" 2011-01-28 24.16 "NJN" "@" "IND" "L" -32 NA NA NA NA NA NA NA NA NA NA NA NA NA NA NA NA
"48" "" 2011-01-29 24.16 "NJN" "@" "MIL" "L" -10 NA NA NA NA NA NA NA NA NA NA NA NA NA NA NA NA
"49" "" 2011-01-31 24.17 "NJN" "" "DEN" "W" 16 NA NA NA NA NA NA NA NA NA NA NA NA NA NA NA NA
"50" "" 2011-02-02 24.18 "NJN" "" "PHI" "L" -14 NA NA NA NA NA NA NA NA NA NA NA NA NA NA NA NA
"51" "" 2011-02-04 24.18 "NJN" "@" "DET" "L" -10 NA NA NA NA NA NA NA NA NA NA NA NA NA NA NA NA
"52" "" 2011-02-06 24.19 "NJN" "" "IND" "L" -19 NA NA NA NA NA NA NA NA NA NA NA NA NA NA NA NA
"53" "45" 2011-02-09 24.19 "NJN" "" "NOH" "W" 2 0 26.65 0.444 0.444 0 9.7 4.8 68.3 4.4 0 25 23.1 107 106 9.4 4.3
"54" "46" 2011-02-11 24.2 "NJN" "@" "CHA" "W" 5 0 15.3833333333333 0.481 0.429 0 0 0 24.3 0 0 0 24.5 110 104 4.9 0
"55" "47" 2011-02-12 24.2 "NJN" "" "NYK" "L" -10 0 19.5833333333333 0.575 0.6 0 10.4 5.2 11.8 0 0 16.1 27.6 95 116 4.7 -4.2
"56" "48" 2011-02-14 24.21 "NJN" "" "SAS" "L" -17 0 20.0333333333333 0.455 0.455 4.7 12.6 8.1 78.3 5.4 0 0 25.3 119 109 11.3 16.6
"57" "49" 2011-02-16 24.21 "NJN" "@" "BOS" "L" -14 0 18.6 0.429 0.429 12.6 13.6 13.1 10 0 0 22.2 23.1 81 113 1.4 -7.1
"58" "50" 2011-02-25 24.24 "NJN" "@" "SAS" "L" -10 0 18.3666666666667 0.625 0.625 0 22.4 9.9 41.1 2.7 0 33.3 14.5 100 110 6 0.3
"59" "51" 2011-02-26 24.24 "NJN" "@" "HOU" "L" -15 0 2.01666666666667 1.25 1.25 0 0 0 0 24.3 0 0 40.1 250 82 5.4 105.6
"60" "" 2011-02-28 24.25 "NJN" "" "PHO" "L" -1 NA NA NA NA NA NA NA NA NA NA NA NA NA NA NA NA
"61" "52" 2011-03-04 24.26 "NJN" "" "TOR" "W" 13 0 13.9833333333333 0.75 0.75 0 0 0 9 0 0 0 13.3 151 117 3.9 -0.3
"62" "53" 2011-03-05 24.26 "NJN" "" "TOR" "W" 1 0 23.3333333333333 0.636 0.611 14 9.3 11.6 21.8 0 5.9 17.5 22.4 122 121 10.3 6.1
"63" "54" 2011-03-09 24.27 "NJN" "" "GSW" "W" 4 1 31.6333333333333 0.2 0.2 3.2 10.8 6.8 39.1 1.7 0 9.1 15.7 81 103 5.3 -5.9
"64" "55" 2011-03-11 24.28 "NJN" "" "LAC" "W" 4 1 34.9833333333333 0.671 0.676 3.4 0 1.7 37.4 4.5 0 14.4 28.2 124 95 20.5 14.9
"65" "56" 2011-03-14 24.28 "NJN" "" "BOS" "W" 9 0 21.0166666666667 0 0 0 14.9 7.2 22.1 0 0 0 11.6 37 97 -0.9 -14.1
"66" "57" 2011-03-17 24.29 "NJN" "" "CHI" "L" -11 0 13.05 0 0 0 16 7.7 76.1 0 0 16.7 21.2 43 102 -0.1 -10.4
"67" "58" 2011-03-18 24.3 "NJN" "@" "MIL" "L" -15 0 17.7833333333333 0.563 0.563 0 43.5 19.3 30.1 0 0 0 21.5 121 126 7.8 3
"68" "59" 2011-03-20 24.3 "NJN" "@" "WAS" "L" -6 1 34.9333333333333 0.357 0.357 3.2 11.5 7 75 3.1 0 22.2 21.5 102 112 12.5 2.2
"69" "60" 2011-03-21 24.3 "NJN" "" "IND" "L" -4 1 31.9166666666667 0.543 0.5 5.5 0 3.5 20.1 1.6 0 13.4 19.6 110 113 10 -3.9
"70" "61" 2011-03-23 24.31 "NJN" "@" "CLE" "W" 4 1 40.9166666666667 0.382 0.2 0 4.7 2.3 44 5.1 0 23.4 17.9 84 91 9.8 -1.2
"71" "62" 2011-03-25 24.32 "NJN" "@" "ORL" "L" -10 1 41.25 0.682 0.682 3.1 14.5 8.4 64.2 0 0 31.3 19.7 119 115 16.2 4.7
"72" "63" 2011-03-26 24.32 "NJN" "@" "ATL" "L" -11 1 28.8833333333333 0.357 0.357 4.4 14.7 9.2 38.3 0 0 22.2 15.9 90 117 5.7 -5.5
"73" "64" 2011-03-29 24.33 "NJN" "" "HOU" "L" -25 1 28.0166666666667 0.6 0.6 0 14.6 7 39.8 1.8 0 16.7 19.3 113 120 11.7 4.7
"74" "65" 2011-03-30 24.33 "NJN" "@" "NYK" "L" -4 0 20.4833333333333 0.47 0.429 5.2 10.4 7.8 0 4.8 0 21.2 19 85 117 3.4 -6.3
"75" "66" 2011-04-01 24.33 "NJN" "@" "PHI" "L" -25 0 19.5166666666667 0.583 0.583 0 0 0 24.9 2.8 0 14.3 16.9 110 134 4.9 -4.3
"76" "67" 2011-04-03 24.34 "NJN" "" "MIA" "L" -14 0 20.4833333333333 0.553 0.45 0 0 0 8.7 4.9 0 14.5 30.7 94 109 6.7 3.4
"77" "68" 2011-04-05 24.35 "NJN" "" "MIN" "W" 2 0 17.4166666666667 0.857 0.857 0 15.3 6.6 19.5 5.9 0 12.5 20.6 137 105 11.7 12.2
"78" "69" 2011-04-06 24.35 "NJN" "@" "DET" "L" -7 1 34.35 0.699 0.667 0 8.5 3.9 48.6 0 0 13.4 19.9 137 132 17.9 4.3
"79" "70" 2011-04-08 24.35 "NJN" "" "NYK" "L" -23 1 31.65 0.25 0.25 0 28.2 14.1 39.6 0 0 25 23.2 63 120 2.3 -15.2
"80" "71" 2011-04-10 24.36 "NJN" "@" "TOR" "L" -7 1 24.6333333333333 0.231 0.231 0 0 0 48.4 2.2 0 7.1 24.8 72 120 2.6 -9.4
"81" "72" 2011-04-11 24.36 "NJN" "" "CHA" "L" -2 1 33.7666666666667 0.727 0.667 5.1 9.2 7.2 40.5 1.7 0 6.8 23 154 129 21.6 7.6
"82" "73" 2011-04-13 24.37 "NJN" "@" "CHI" "L" -5 1 38.1666666666667 0.595 0.533 0 12 6.3 55.5 0 4.3 18.5 27.8 115 115 19.5 7.4
"1" "1" 2011-12-26 25.07 "NJN" "@" "WAS" "W" 6 0 5.98333333333333 0 0 0 0 0 0 8.9 0 66.7 21.9 0 83 -2.1 -24.9
"2" "2" 2011-12-27 25.07 "NJN" "" "ATL" "L" -36 0 12.1666666666667 0.375 0.375 0 0 0 21.9 0 6.3 20 19.6 69 128 1 -3
"3" "3" 2011-12-29 25.08 "NJN" "@" "ORL" "L" -16 0 7.06666666666667 1 1 0 0 0 30.6 0 0 50 13.4 97 112 1.4 -5.5
"4" "" 2011-12-30 25.08 "NJN" "@" "ATL" "L" -7 NA NA NA NA NA NA NA NA NA NA NA NA NA NA NA NA
"5" "" 2012-01-01 25.09 "NJN" "@" "CLE" "L" -16 NA NA NA NA NA NA NA NA NA NA NA NA NA NA NA NA
"6" "4" 2012-01-02 25.09 "NJN" "" "IND" "L" -14 0 9.73333333333333 0.4 0.4 0 14.5 6 0 5.9 0 0 22.3 98 121 2.2 -5.8
"7" "5" 2012-01-04 25.1 "NJN" "@" "BOS" "L" -19 0 27.0333333333333 0.533 0.5 0 4.9 2.2 46.5 0 0 22.5 25.9 97 118 5.4 -4.5
"8" "6" 2012-01-06 25.1 "NJN" "@" "TOR" "W" 12 0 16.9333333333333 0.727 0.667 0 14.2 6.8 50.4 0 0 0 19.1 170 104 10.4 14.3
"9" "7" 2012-01-07 25.1 "NJN" "" "MIA" "L" -11 0 16.8333333333333 0.508 0.429 0 16.3 6.5 88 3 0 0 19 137 105 10.1 10.6
"10" "8" 2012-01-09 25.11 "NJN" "" "ATL" "L" -5 0 20.0333333333333 0.608 0.5 0 24.6 13.1 23 5.5 0 34.2 20.5 94 111 6.5 -1
"11" "9" 2012-01-11 25.12 "NJN" "@" "DEN" "L" -8 0 22.7333333333333 0.874 0.857 10.8 0 6.4 26.4 4.4 0 11.8 33.9 147 125 23.3 21.7
"12" "10" 2012-01-13 25.12 "NJN" "@" "PHO" "W" 7 0 19.2666666666667 0.635 0.571 7.3 6.9 7.1 7.7 2.8 0 20.2 24.5 112 117 6.6 -1.4
"13" "11" 2012-01-14 25.12 "NJN" "@" "UTA" "L" -13 0 22.6166666666667 0.591 0.591 0 0 0 39.7 0 0 8.3 25 114 124 8.7 1.1
"14" "12" 2012-01-16 25.13 "NJN" "@" "LAC" "L" -10 0 29.3333333333333 0.253 0.182 12.3 16 14.1 38.5 3.7 0 20.2 25 76 109 5.9 -6.3
"15" "13" 2012-01-18 25.13 "NJN" "" "GSW" "W" 7 0 20.2833333333333 0.833 0.833 0 13.1 6.7 29.3 0 0 25 9.2 150 121 5.7 -0.1
"16" "14" 2012-01-21 25.14 "NJN" "" "OKC" "L" -10 0 19.6333333333333 0.553 0.45 0 0 0 42.6 2.7 0 14.5 30.2 106 97 7.9 8.8
"17" "15" 2012-01-22 25.15 "NJN" "" "CHA" "W" 10 0 22.35 0.742 0.643 0 11.3 5.3 29.2 0 0 10.2 20 153 104 11.7 5.6
"18" "16" 2012-01-23 25.15 "NJN" "@" "CHI" "L" -15 0 32.1166666666667 0.945 0.944 0 8.5 4 22.5 0 0 20.5 22.5 145 133 18.1 8.7
"19" "17" 2012-01-25 25.15 "NJN" "@" "PHI" "W" 7 0 29.2 0.545 0.545 0 4.5 2.2 13 2 0 31.3 27.6 77 100 3.2 -7.8
"20" "18" 2012-01-27 25.16 "NJN" "@" "CLE" "W" 3 0 24.45 0.458 0.458 0 0 0 52.5 2.2 0 20 28.8 94 112 6.3 -6.2
"21" "19" 2012-01-29 25.16 "NJN" "" "TOR" "L" -21 0 20.2 0.405 0.333 0 13.2 6.2 23.9 0 0 9.2 26.7 86 115 3.1 -7.1
"22" "20" 2012-01-31 25.17 "NJN" "@" "IND" "L" -7 0 23.0333333333333 0.625 0.625 0 5.5 2.7 31.3 2.2 3.4 20 20.2 109 112 8.8 4.1
"23" "21" 2012-02-01 25.17 "NJN" "" "DET" "W" 3 1 30.6166666666667 0.689 0.65 0 8.7 4.2 10.4 0 0 8.4 18.4 149 123 9.8 -1.2
"24" "22" 2012-02-03 25.18 "NJN" "" "MIN" "L" -3 0 30.1666666666667 0.589 0.545 0 11.4 5.4 39.1 1.7 0 20.2 20.8 111 118 11.7 -2
"25" "23" 2012-02-04 25.18 "NJN" "@" "NYK" "L" -7 0 24.8666666666667 0.684 0.654 0 4.3 2.2 35.1 2.2 0 12.6 31.8 120 115 14.1 9.5
"26" "24" 2012-02-06 25.19 "NJN" "" "CHI" "L" -21 0 33.2833333333333 0.393 0.393 0 4.5 1.9 29.1 0 0 12.5 22.7 85 133 4.6 -7.8
"27" "25" 2012-02-08 25.19 "NJN" "" "DET" "L" -7 0 37.2333333333333 0.768 0.731 0 0 0 17 3.1 0 12.3 21.3 139 120 17.8 6.7
"28" "26" 2012-02-10 25.2 "NJN" "@" "DET" "L" -17 1 26.2833333333333 0.742 0.722 0 5.1 2.3 25.1 2 0 34.6 25 93 120 7.3 -3
"29" "27" 2012-02-11 25.2 "NJN" "" "SAS" "L" -14 0 30.55 0.6 0.6 3.4 21.8 11.5 40.5 0 0 0 14.6 145 117 13.7 6.8
"30" "" 2012-02-15 25.21 "NJN" "" "MEM" "L" -5 NA NA NA NA NA NA NA NA NA NA NA NA NA NA NA NA
"31" "28" 2012-02-16 25.21 "NJN" "@" "IND" "L" -5 0 2.38333333333333 NA NA 0 0 0 0 0 0 NA 0 0 118 0 -8.9
"32" "29" 2012-02-18 25.22 "NJN" "@" "CHI" "W" 12 0 10.2166666666667 0.581 0.5 0 0 0 0 0 0 22.5 19.9 94 109 0.9 -10.3
"33" "" 2012-02-19 25.22 "NJN" "" "MIL" "L" -7 NA NA NA NA NA NA NA NA NA NA NA NA NA NA NA NA
"34" "" 2012-02-20 25.22 "NJN" "@" "NYK" "W" 8 NA NA NA NA NA NA NA NA NA NA NA NA NA NA NA NA
"35" "" 2012-02-22 25.23 "NJN" "" "ORL" "L" -17 NA NA NA NA NA NA NA NA NA NA NA NA NA NA NA NA
"36" "" 2012-02-28 25.25 "NJN" "@" "DAL" "W" 1 NA NA NA NA NA NA NA NA NA NA NA NA NA NA NA NA
"37" "30" 2012-03-02 25.25 "NJN" "@" "BOS" "L" -13 0 14.2 0.583 0.583 0 8.7 4.3 14.2 3.3 0 0 18.7 117 104 5.2 2.8
"38" "31" 2012-03-04 25.26 "NJN" "@" "CHA" "W" 3 0 11.3833333333333 0.509 0.417 0 9.6 5.5 68.7 0 0 0 28.1 128 116 5.5 2
"39" "32" 2012-03-06 25.27 "NJN" "@" "MIA" "L" -30 0 9.93333333333333 0.375 0.375 0 0 0 18.5 0 0 0 19.1 90 132 1.3 -6.8
"40" "33" 2012-03-07 25.27 "NJN" "" "LAC" "W" 1 0 19.1333333333333 0.673 0.682 0 0 0 41.9 5.5 0 7.8 31.2 123 107 12.6 14.3
"41" "34" 2012-03-09 25.27 "NJN" "@" "CHA" "W" 9 0 25.6833333333333 0.376 0.25 0 14.7 7.6 53.6 2.2 0 6.4 27.2 101 86 9.1 2.7
"42" "35" 2012-03-10 25.28 "NJN" "" "HOU" "L" -6 1 33.6166666666667 0.787 0.773 0 17.3 8.3 17.3 0 0 20.8 21.7 129 135 13.3 -1
"43" "36" 2012-03-12 25.28 "NJN" "" "MIL" "L" -6 1 35.5 0.45 0.444 0 9.4 5.2 34.4 0 0 13.7 28.5 91 115 8 -6.2
"44" "37" 2012-03-14 25.29 "NJN" "" "TOR" "W" 14 1 27.1833333333333 0.465 0.333 0 3.7 2.1 16.2 2 0 31.7 27.7 76 101 2.9 -12.4
"45" "" 2012-03-16 25.29 "NJN" "@" "ORL" "L" -16 NA NA NA NA NA NA NA NA NA NA NA NA NA NA NA NA
"46" "" 2012-03-17 25.3 "NJN" "" "NOH" "L" -8 NA NA NA NA NA NA NA NA NA NA NA NA NA NA NA NA
"47" "" 2012-03-19 25.3 "NJN" "" "CLE" "L" -5 NA NA NA NA NA NA NA NA NA NA NA NA NA NA NA NA
"48" "" 2012-03-21 25.31 "NJN" "" "WAS" "L" -19 NA NA NA NA NA NA NA NA NA NA NA NA NA NA NA NA
"49" "38" 2012-03-23 25.31 "NJN" "@" "ATL" "L" -9 0 12.7 0.868 0.75 0 0 0 13.4 0 0 41 18.4 103 113 2.7 -3.3
"50" "39" 2012-03-24 25.32 "NJN" "" "CHA" "W" 13 0 14.7166666666667 0.875 0.875 0 17.2 7.5 22.3 0 0 20 14.6 136 100 6.4 4.1
"51" "" 2012-03-26 25.32 "NJN" "" "UTA" "L" -21 NA NA NA NA NA NA NA NA NA NA NA NA NA NA NA NA
"52" "" 2012-03-28 25.33 "NJN" "" "IND" "W" 16 NA NA NA NA NA NA NA NA NA NA NA NA NA NA NA NA
"53" "" 2012-03-30 25.33 "NJN" "@" "GSW" "W" 2 NA NA NA NA NA NA NA NA NA NA NA NA NA NA NA NA
"54" "" 2012-03-31 25.33 "NJN" "@" "SAC" "W" 12 NA NA NA NA NA NA NA NA NA NA NA NA NA NA NA NA
"55" "" 2012-04-03 25.34 "NJN" "@" "LAL" "L" -4 NA NA NA NA NA NA NA NA NA NA NA NA NA NA NA NA
"56" "" 2012-04-04 25.35 "NJN" "@" "POR" "L" -13 NA NA NA NA NA NA NA NA NA NA NA NA NA NA NA NA
"57" "" 2012-04-06 25.35 "NJN" "" "WAS" "W" 12 NA NA NA NA NA NA NA NA NA NA NA NA NA NA NA NA
"58" "" 2012-04-08 25.36 "NJN" "" "CLE" "W" 5 NA NA NA NA NA NA NA NA NA NA NA NA NA NA NA NA
"59" "" 2012-04-10 25.36 "NJN" "" "PHI" "L" -19 NA NA NA NA NA NA NA NA NA NA NA NA NA NA NA NA
"60" "" 2012-04-13 25.37 "NJN" "@" "PHI" "W" 6 NA NA NA NA NA NA NA NA NA NA NA NA NA NA NA NA
"61" "" 2012-04-14 25.37 "NJN" "" "BOS" "L" -12 NA NA NA NA NA NA NA NA NA NA NA NA NA NA NA NA
"62" "" 2012-04-16 25.38 "NJN" "" "MIA" "L" -3 NA NA NA NA NA NA NA NA NA NA NA NA NA NA NA NA
"63" "" 2012-04-18 25.38 "NJN" "" "NYK" "L" -9 NA NA NA NA NA NA NA NA NA NA NA NA NA NA NA NA
"64" "" 2012-04-21 25.39 "NJN" "@" "MIL" "L" -11 NA NA NA NA NA NA NA NA NA NA NA NA NA NA NA NA
"65" "" 2012-04-23 25.4 "NJN" "" "PHI" "L" -18 NA NA NA NA NA NA NA NA NA NA NA NA NA NA NA NA
"66" "" 2012-04-26 25.41 "NJN" "@" "TOR" "L" -31 NA NA NA NA NA NA NA NA NA NA NA NA NA NA NA NA
"1" "1" 2013-10-29 26.91 "LAL" "" "LAC" "W" 13 0 27.2666666666667 0.68 0.7 7.3 8 7.7 33.6 1.8 0 20.3 20.9 127 105 12.8 6.4
"2" "2" 2013-10-30 26.92 "LAL" "@" "GSW" "L" -31 0 25.5833333333333 0.446 0.423 0 15.2 6.5 36.6 0 0 18.2 27 84 126 5.9 -6.2
"3" "3" 2013-11-01 26.92 "LAL" "" "SAS" "L" -6 0 16.3666666666667 0.583 0.583 6.4 11.7 9.2 55.3 0 0 25 22.4 100 100 6.1 3.6
"4" "4" 2013-11-03 26.93 "LAL" "" "ATL" "W" 2 0 18.8333333333333 0.313 0.313 0 22.4 12.1 23.2 4.9 0 33.3 27.2 50 92 1.4 -9.7
"5" "5" 2013-11-05 26.93 "LAL" "@" "DAL" "L" -19 0 24.2333333333333 0.59 0.5 0 16.5 7 41.9 0 0 24.4 22 109 129 9 -2.8
"6" "6" 2013-11-07 26.94 "LAL" "@" "HOU" "W" 1 0 20.0166666666667 0.458 0.458 9.8 17.1 13.2 69.9 2.3 0 20 29.3 99 93 8.2 4.4
"7" "7" 2013-11-08 26.94 "LAL" "@" "NOP" "L" -11 0 22.65 0.465 0.333 12.5 4.5 8.6 17.2 0 0 21.8 27.7 89 110 4.9 -5.3
"8" "8" 2013-11-10 26.95 "LAL" "" "MIN" "L" -23 0 14.4 0.254 0.143 5.8 0 3.4 0 3.3 0 27.6 30.8 45 112 -1.8 -18.6
"9" "9" 2013-11-12 26.95 "LAL" "" "NOP" "W" 21 0 20.55 0.5 0.5 15.1 22 19.5 53.9 0 3.2 18.2 24 121 96 11.1 5.7
"10" "10" 2013-11-13 26.95 "LAL" "@" "DEN" "L" -12 0 14.2333333333333 0.113 0 0 6.1 3.1 9.1 0 0 18.4 15.4 34 122 -1.8 -18.3
"11" "11" 2013-11-15 26.96 "LAL" "" "MEM" "L" -3 0 14.85 0 0 0 0 0 55.4 0 0 42.9 23.6 43 109 -2.4 -20.8
"12" "12" 2013-11-17 26.96 "LAL" "" "DET" "W" 15 0 12.8833333333333 0.5 0.5 0 17.7 9.7 52 0 0 14.3 24.3 113 109 5.3 -3.8
"13" "13" 2013-11-22 26.98 "LAL" "" "GSW" "W" 7 0 19.0333333333333 0.778 0.778 0 11.2 5.9 84.5 0 4.2 0 21.9 173 106 16.6 23.4
"14" "14" 2013-11-24 26.98 "LAL" "" "SAC" "W" 14 0 17.0333333333333 0.507 0.438 0 13.4 6.6 26.8 6 0 0 24.2 119 87 8.9 9.5
"15" "15" 2013-11-26 26.99 "LAL" "@" "WAS" "L" -5 0 26.0833333333333 0.926 0.955 0 10.5 4.8 53.7 2 0 7.8 22.6 174 123 22.1 16.9
"16" "16" 2013-11-27 26.99 "LAL" "@" "BRK" "W" 5 0 21.8333333333333 0.833 0.833 0 18.3 9.6 28.7 4.8 8.3 18.2 23.1 131 90 15 23
"17" "17" 2013-11-29 27 "LAL" "@" "DET" "W" 4 0 24.05 0.528 0.545 9.1 10.9 10.1 23 2 0 19.6 27.7 96 106 8.5 -2.9
"18" "18" 2013-12-01 27 "LAL" "" "POR" "L" -6 0 0.933333333333333 NA NA 0 0 0 100 53.8 0 NA 0 225 11 1.7 91.5
"19" "" 2013-12-06 27.02 "LAL" "@" "SAC" "W" 6 NA NA NA NA NA NA NA NA NA NA NA NA NA NA NA NA
"20" "" 2013-12-08 27.02 "LAL" "" "TOR" "L" -12 NA NA NA NA NA NA NA NA NA NA NA NA NA NA NA NA
"21" "" 2013-12-10 27.03 "LAL" "" "PHO" "L" -6 NA NA NA NA NA NA NA NA NA NA NA NA NA NA NA NA
"22" "" 2013-12-13 27.04 "LAL" "@" "OKC" "L" -25 NA NA NA NA NA NA NA NA NA NA NA NA NA NA NA NA
"23" "" 2013-12-14 27.04 "LAL" "@" "CHA" "W" 3 NA NA NA NA NA NA NA NA NA NA NA NA NA NA NA NA
"24" "" 2013-12-16 27.04 "LAL" "@" "ATL" "L" -14 NA NA NA NA NA NA NA NA NA NA NA NA NA NA NA NA
"25" "" 2013-12-17 27.05 "LAL" "@" "MEM" "W" 4 NA NA NA NA NA NA NA NA NA NA NA NA NA NA NA NA
"26" "" 2013-12-20 27.05 "LAL" "" "MIN" "W" 13 NA NA NA NA NA NA NA NA NA NA NA NA NA NA NA NA
"27" "" 2013-12-21 27.06 "LAL" "@" "GSW" "L" -19 NA NA NA NA NA NA NA NA NA NA NA NA NA NA NA NA
"28" "" 2013-12-23 27.06 "LAL" "@" "PHO" "L" -27 NA NA NA NA NA NA NA NA NA NA NA NA NA NA NA NA
"29" "19" 2013-12-25 27.07 "LAL" "" "MIA" "L" -6 1 32.5 0.19 0.143 3.1 14.1 8.2 9.4 0 0 33.7 16.3 42 114 -3 -17
"30" "20" 2013-12-27 27.07 "LAL" "@" "UTA" "L" -2 1 31.7166666666667 0.542 0.5 7.6 18.9 13.2 34.3 4.7 0 16.9 25.8 111 103 16.3 5.7
"31" "21" 2013-12-29 27.08 "LAL" "" "PHI" "L" -7 1 30.3666666666667 0.337 0.318 3.2 5.9 4.6 48.2 1.6 0 20.2 19.8 87 116 4.8 -7.5
"32" "22" 2013-12-31 27.08 "LAL" "" "MIL" "L" -15 1 20.1166666666667 0 0 5.4 15.6 10.6 57.6 0 0 16.7 14 56 111 1.6 -9
"33" "" 2014-01-03 27.09 "LAL" "" "UTA" "W" 11 NA NA NA NA NA NA NA NA NA NA NA NA NA NA NA NA
"34" "" 2014-01-05 27.1 "LAL" "" "DEN" "L" -22 NA NA NA NA NA NA NA NA NA NA NA NA NA NA NA NA
"35" "" 2014-01-07 27.1 "LAL" "@" "DAL" "L" -13 NA NA NA NA NA NA NA NA NA NA NA NA NA NA NA NA
"36" "" 2014-01-08 27.11 "LAL" "@" "HOU" "L" -14 NA NA NA NA NA NA NA NA NA NA NA NA NA NA NA NA
"37" "" 2014-01-10 27.11 "LAL" "@" "LAC" "L" -36 NA NA NA NA NA NA NA NA NA NA NA NA NA NA NA NA
"38" "" 2014-01-14 27.12 "LAL" "" "CLE" "L" -2 NA NA NA NA NA NA NA NA NA NA NA NA NA NA NA NA
"39" "" 2014-01-15 27.13 "LAL" "@" "PHO" "L" -7 NA NA NA NA NA NA NA NA NA NA NA NA NA NA NA NA
"40" "" 2014-01-17 27.13 "LAL" "@" "BOS" "W" 3 NA NA NA NA NA NA NA NA NA NA NA NA NA NA NA NA
"41" "" 2014-01-19 27.14 "LAL" "@" "TOR" "W" 6 NA NA NA NA NA NA NA NA NA NA NA NA NA NA NA NA
"42" "" 2014-01-20 27.14 "LAL" "@" "CHI" "L" -2 NA NA NA NA NA NA NA NA NA NA NA NA NA NA NA NA
"43" "" 2014-01-23 27.15 "LAL" "@" "MIA" "L" -7 NA NA NA NA NA NA NA NA NA NA NA NA NA NA NA NA
"44" "" 2014-01-24 27.15 "LAL" "@" "ORL" "L" -9 NA NA NA NA NA NA NA NA NA NA NA NA NA NA NA NA
"45" "" 2014-01-26 27.16 "LAL" "@" "NYK" "L" -7 NA NA NA NA NA NA NA NA NA NA NA NA NA NA NA NA
"46" "" 2014-01-28 27.16 "LAL" "" "IND" "L" -12 NA NA NA NA NA NA NA NA NA NA NA NA NA NA NA NA
"47" "" 2014-01-31 27.17 "LAL" "" "CHA" "L" -10 NA NA NA NA NA NA NA NA NA NA NA NA NA NA NA NA
"48" "" 2014-02-04 27.18 "LAL" "@" "MIN" "L" -10 NA NA NA NA NA NA NA NA NA NA NA NA NA NA NA NA
"49" "23" 2014-02-05 27.18 "LAL" "@" "CLE" "W" 11 1 33.3333333333333 0.7 0.7 0 2.4 1.5 37.8 3 0 16.7 25.5 122 116 17.4 4.8
"50" "" 2014-02-07 27.19 "LAL" "@" "PHI" "W" 14 NA NA NA NA NA NA NA NA NA NA NA NA NA NA NA NA
"51" "" 2014-02-09 27.19 "LAL" "" "CHI" "L" -6 NA NA NA NA NA NA NA NA NA NA NA NA NA NA NA NA
"52" "" 2014-02-11 27.2 "LAL" "" "UTA" "L" -17 NA NA NA NA NA NA NA NA NA NA NA NA NA NA NA NA
"53" "" 2014-02-13 27.21 "LAL" "" "OKC" "L" -4 NA NA NA NA NA NA NA NA NA NA NA NA NA NA NA NA
"54" "24" 2014-02-19 27.22 "LAL" "" "HOU" "L" -26 0 19.65 0.75 0.75 0 15.3 8.3 29 0 0 50 26.7 76 131 3.3 -10.4
"55" "25" 2014-02-21 27.23 "LAL" "" "BOS" "W" 9 0 25.2166666666667 0.444 0.444 0 10.8 6.1 22.2 0 0 18.2 19.1 88 100 4.2 -5.3
"56" "26" 2014-02-23 27.23 "LAL" "" "BRK" "L" -6 0 24.65 0.25 0.25 0 5 2.5 21 4.2 0 25 14.9 66 115 1.5 -7.7
"57" "27" 2014-02-25 27.24 "LAL" "@" "IND" "L" -20 0 21.2333333333333 0.357 0.357 4.4 4.3 4.3 45.9 2.2 0 12.5 15.8 99 118 6.4 -1
"58" "28" 2014-02-26 27.24 "LAL" "@" "MEM" "L" -5 0 23.8833333333333 0.667 0.667 0 4.8 2.5 23.2 4.2 2.5 20 30.2 103 110 11.7 6.9
"59" "29" 2014-02-28 27.25 "LAL" "" "SAC" "W" 4 0 28.8 0.926 0.929 0 0 0 35.4 1.7 0 5.8 27.6 167 126 27.5 16.3
"60" "30" 2014-03-03 27.25 "LAL" "@" "POR" "W" 1 0 22.1666666666667 0.5 0.5 0 0 0 37.8 4.3 0 25 22.3 92 106 6.3 -1.6
"61" "31" 2014-03-04 27.26 "LAL" "" "NOP" "L" -7 0 26.0833333333333 0.727 0.667 0 6.6 2.7 44.5 1.9 0 6.8 24.1 153 136 18.3 7.1
"62" "32" 2014-03-06 27.26 "LAL" "" "LAC" "L" -48 0 21.1666666666667 0.34 0.3 0 0 0 21.4 0 0 33.8 16.9 56 133 -1.2 -15.8
"63" "33" 2014-03-07 27.27 "LAL" "@" "DEN" "L" -8 0 21.3833333333333 0.761 0.714 0 10.7 5 33.2 4.1 3 20.2 35.7 120 115 18.7 13.5
"64" "34" 2014-03-09 27.27 "LAL" "" "OKC" "W" 4 0 20.9 0.581 0.611 0 0 0 23.9 2.2 0 8.8 23.8 101 111 7.8 1
"65" "35" 2014-03-13 27.28 "LAL" "@" "OKC" "L" -29 0 25.9166666666667 0.604 0.611 0 9.7 3.8 18.8 1.8 0 15.7 19.9 105 128 8.4 -1.3
"66" "36" 2014-03-14 27.28 "LAL" "@" "SAS" "L" -34 0 20.0833333333333 0.389 0.389 4.4 5.1 4.7 10 2.4 0 0 19.4 82 123 3.8 -5.5
"67" "" 2014-03-19 27.3 "LAL" "" "SAS" "L" -16 NA NA NA NA NA NA NA NA NA NA NA NA NA NA NA NA
"68" "" 2014-03-21 27.3 "LAL" "" "WAS" "L" -10 NA NA NA NA NA NA NA NA NA NA NA NA NA NA NA NA
"69" "" 2014-03-23 27.31 "LAL" "" "ORL" "W" 9 NA NA NA NA NA NA NA NA NA NA NA NA NA NA NA NA
"70" "" 2014-03-25 27.32 "LAL" "" "NYK" "W" 31 NA NA NA NA NA NA NA NA NA NA NA NA NA NA NA NA
"71" "" 2014-03-27 27.32 "LAL" "@" "MIL" "L" -3 NA NA NA NA NA NA NA NA NA NA NA NA NA NA NA NA
"72" "" 2014-03-28 27.32 "LAL" "@" "MIN" "L" -36 NA NA NA NA NA NA NA NA NA NA NA NA NA NA NA NA
"73" "" 2014-03-30 27.33 "LAL" "" "PHO" "W" 16 NA NA NA NA NA NA NA NA NA NA NA NA NA NA NA NA
"74" "" 2014-04-01 27.33 "LAL" "" "POR" "L" -12 NA NA NA NA NA NA NA NA NA NA NA NA NA NA NA NA
"75" "" 2014-04-02 27.34 "LAL" "@" "SAC" "L" -5 NA NA NA NA NA NA NA NA NA NA NA NA NA NA NA NA
"76" "" 2014-04-04 27.34 "LAL" "" "DAL" "L" -12 NA NA NA NA NA NA NA NA NA NA NA NA NA NA NA NA
"77" "" 2014-04-06 27.35 "LAL" "@" "LAC" "L" -23 NA NA NA NA NA NA NA NA NA NA NA NA NA NA NA NA
"78" "37" 2014-04-08 27.35 "LAL" "" "HOU" "L" -15 0 26.55 0.663 0.6 0 22.6 9.9 41.4 4.8 5.1 26.1 22.8 108 119 17.5 7.2
"79" "38" 2014-04-11 27.36 "LAL" "" "GSW" "L" -17 0 28.8833333333333 0.379 0.364 0 10.8 5 16.6 4.9 0 25.2 23.4 62 105 4.1 -6.2
"80" "39" 2014-04-13 27.37 "LAL" "" "MEM" "L" -12 0 24.45 0.25 0.25 0 13.7 7 44.2 0 0 28.6 27.5 59 115 0.2 -16.1
"81" "40" 2014-04-14 27.37 "LAL" "@" "UTA" "W" 15 0 21.9833333333333 0.291 0.167 0 6.1 3 30.6 0 0 12.7 16.4 94 117 3.3 -12.1
"82" "41" 2014-04-16 27.38 "LAL" "@" "SAS" "W" 13 0 20.4666666666667 0.455 0.455 0 8.7 4.7 39.5 0 0 15.4 28.4 93 104 6.3 -2.2
"1" "1" 2014-10-30 27.92 "LAC" "" "OKC" "W" 3 0 10.4 0.75 0.75 0 0 0 18.6 5.1 0 0 16.9 156 98 4.9 15.4
"2" "2" 2014-10-31 27.92 "LAC" "@" "LAL" "W" 7 0 10.9833333333333 0 0 0 11.2 5.8 12.9 0 0 50 8.4 30 119 -0.7 -10.3
"3" "3" 2014-11-02 27.92 "LAC" "" "SAC" "L" -6 0 17.9166666666667 0.556 0.556 0 8.1 3.3 36.1 3 0 0 22.9 120 110 7.9 8.3
"4" "4" 2014-11-03 27.93 "LAC" "" "UTA" "W" 6 0 12.0333333333333 0.84 0.667 0 0 0 12.1 4.3 0 17.4 23.3 143 107 7 6.9
"5" "5" 2014-11-05 27.93 "LAC" "@" "GSW" "L" -17 0 19.9 0.25 0.25 0 0 0 33.9 7.2 0 33.3 20.1 57 111 2.3 -2.9
"6" "6" 2014-11-08 27.94 "LAC" "" "POR" "W" 4 0 13.1 0 0 0 9.6 4.6 0 0 0 50 14.5 0 116 -3.1 -19.3
"7" "7" 2014-11-10 27.95 "LAC" "" "SAS" "L" -4 0 9.8 0 0 0 0 0 44.5 0 7.7 0 5.1 101 105 2.1 7.6
"8" "8" 2014-11-15 27.96 "LAC" "" "PHO" "W" 13 0 17.3333333333333 0.3 0.3 0 9.4 6.2 8.3 0 0 16.7 15.5 60 114 -1 -13
"9" "9" 2014-11-17 27.96 "LAC" "" "CHI" "L" -16 0 13.25 0 0 0 9.1 4.3 20.1 0 0 0 10.6 37 121 -1.2 -12.4
"10" "10" 2014-11-19 27.97 "LAC" "@" "ORL" "W" 24 0 17.8 0.929 0.929 0 16.9 9.3 42.8 2.9 0 12.5 22 163 95 13.7 19
"11" "11" 2014-11-20 27.97 "LAC" "@" "MIA" "W" 17 0 15.2 0.75 0.75 11.3 8.5 9.7 7.9 3.6 0 71.4 22.7 52 103 -0.7 -11.6
"12" "12" 2014-11-23 27.98 "LAC" "@" "MEM" "L" -16 0 15.85 0 0 0 7.8 3.6 18.9 0 0 0 9.1 33 118 -2 -13.7
"13" "13" 2014-11-24 27.98 "LAC" "@" "CHO" "W" 21 0 11.5666666666667 0.75 0.75 0 10.4 5.5 0 0 0 33.3 12.4 85 107 0.9 -5.2
"14" "14" 2014-11-26 27.99 "LAC" "@" "DET" "W" 6 0 11.6666666666667 0.75 0.75 11.8 9.8 10.7 0 9.2 0 33.3 12.2 104 95 3.2 5.8
"15" "15" 2014-11-28 27.99 "LAC" "@" "HOU" "W" 17 0 15.3166666666667 0.333 0.333 0 7 3.7 9.9 0 0 14.3 21.8 65 101 0.2 -13
"16" "16" 2014-11-29 28 "LAC" "@" "UTA" "W" 16 0 17.0666666666667 0.833 0.833 16.5 0 7.6 16.7 0 0 25 23.1 135 118 7.8 7.3
"17" "17" 2014-12-01 28 "LAC" "" "MIN" "W" 26 0 23.4166666666667 0.643 0.643 5.9 17.4 12.5 41.2 4.1 0 30 18.7 116 97 10.7 7.8
"18" "18" 2014-12-03 28.01 "LAC" "" "ORL" "W" 28 0 14.4166666666667 0.515 0.5 0 7.6 4.3 17.2 0 0 20.5 15.3 97 96 2.2 -5.4
"19" "" 2014-12-06 28.02 "LAC" "" "NOP" "W" 20 NA NA NA NA NA NA NA NA NA NA NA NA NA NA NA NA
"20" "" 2014-12-08 28.02 "LAC" "" "PHO" "W" 1 NA NA NA NA NA NA NA NA NA NA NA NA NA NA NA NA
"21" "19" 2014-12-10 28.03 "LAC" "@" "IND" "W" 7 0 14.3333333333333 0.5 0.5 0 6.4 3.6 0 3.5 0 0 15.8 102 102 3.2 -0.5
"22" "20" 2014-12-12 28.03 "LAC" "@" "WAS" "L" -8 0 14.1666666666667 0.333 0.333 0 0 0 0 0 0 0 9.5 77 122 -0.1 -8.2
"23" "21" 2014-12-13 28.04 "LAC" "@" "MIL" "L" -5 0 12.4333333333333 0.625 0.625 0 0 0 0 0 0 0 13.9 122 123 2.2 -4
"24" "22" 2014-12-15 28.04 "LAC" "" "DET" "W" 22 0 23.0166666666667 0.625 0.625 0 4.5 2.5 34.2 0 3.7 14.3 28.4 118 109 11.1 5.4
"25" "23" 2014-12-17 28.05 "LAC" "" "IND" "W" 2 0 11.8333333333333 0.5 0.5 0 0 0 0 0 0 16.7 22.2 84 114 0.9 -8.5
"26" "24" 2014-12-19 28.05 "LAC" "@" "DEN" "L" -3 0 9.16666666666667 0 0 0 0 0 0 0 0 0 23.7 0 121 -3.9 -30.4
"27" "25" 2014-12-20 28.05 "LAC" "" "MIL" "W" 4 0 11.5666666666667 0.333 0.333 0 0 0 25.3 0 0 25 15.8 73 115 -0.5 -15.7
"28" "26" 2014-12-22 28.06 "LAC" "@" "SAS" "L" -7 0 14.3833333333333 0.509 0.417 15.9 12.4 14.5 36.7 0 0 0 21.1 142 139 8.1 6.3
"29" "27" 2014-12-23 28.06 "LAC" "@" "ATL" "L" -3 0 11.3666666666667 0.375 0.375 0 0 0 25.8 4.5 0 0 14.8 106 113 2.6 1.8
"30" "28" 2014-12-25 28.07 "LAC" "" "GSW" "W" 14 0 15.0833333333333 0 0 6.8 6.8 6.8 18.7 3.3 0 0 11.2 43 89 0.2 -4.1
"31" "29" 2014-12-27 28.07 "LAC" "" "TOR" "L" -12 0 14 0 0 0 7.5 4 9.3 0 13.2 66.7 10.1 19 119 -1.1 -9.9
"32" "30" 2014-12-29 28.08 "LAC" "" "UTA" "W" 4 0 12.8333333333333 1.5 1.5 0 7.2 4 11.2 0 0 50 7.1 117 111 2.7 -0.2
"33" "31" 2014-12-31 28.08 "LAC" "" "NYK" "W" 21 0 20.4333333333333 0.935 0.9 0 4.5 2.6 8.1 0 3.5 0 13.7 173 89 10 12
"34" "32" 2015-01-03 28.09 "LAC" "" "PHI" "W" 36 0 17.5833333333333 0.77 0.75 0 5.6 3.1 50.6 8.7 0 0 22.1 171 88 16.9 25.9
"35" "33" 2015-01-05 28.1 "LAC" "" "ATL" "L" -9 0 14.9333333333333 0 0 0 21.9 11.2 29.2 3.2 0 16.7 17.6 29 103 -1.3 -10.2
"36" "34" 2015-01-07 28.1 "LAC" "" "LAL" "W" 25 0 16.8 0.625 0.625 0 0 0 8.3 3 0 20 13.7 96 98 2.9 -3.6
"37" "35" 2015-01-10 28.11 "LAC" "" "DAL" "W" 20 0 16.5 0.583 0.583 0 6.3 3.3 7.8 0 0 0 16.3 121 111 2.6 -8.2
"38" "36" 2015-01-11 28.12 "LAC" "" "MIA" "L" -14 0 12.0166666666667 0.5 0.5 0 33.3 16.4 15.4 0 0 0 20.8 107 116 3.1 -0.3
"39" "" 2015-01-14 28.12 "LAC" "@" "POR" "W" 6 NA NA NA NA NA NA NA NA NA NA NA NA NA NA NA NA
"1" "1" 2016-03-21 29.31 "MEM" "@" "PHO" "W" 6 0 22.7166666666667 0.676 0.625 0 14.4 7 6.9 2.2 0 0 16.8 142 101 9.8 4.7
"2" "2" 2016-03-22 29.31 "MEM" "@" "LAL" "L" -7 0 30.5166666666667 0.405 0.333 0 5.1 2.2 21.3 3.3 0 23.3 18.4 84 116 4.5 -6.2
"3" "3" 2016-03-25 29.32 "MEM" "@" "SAS" "L" -6 1 23.35 0.698 0.643 0 13.3 6 28.7 6.9 0 20.2 20.6 125 115 12 6.9
"4" "4" 2016-03-28 29.33 "MEM" "" "SAS" "L" -14 1 25.9 0.45 0.45 0 15.4 6.8 14.5 0 0 0 17.2 104 118 4.7 -5.2
"5" "5" 2016-03-30 29.33 "MEM" "" "DEN" "L" -4 1 25.2 0.7 0.7 0 0 0 32.2 2.1 0 9.1 17.9 146 123 12.1 8.1
"6" "6" 2016-04-01 29.34 "MEM" "" "TOR" "L" -4 1 25.9666666666667 0.551 0.5 0 10.6 4.5 12.5 4.2 4.3 8.4 19.5 121 111 9.5 5.6
"7" "7" 2016-04-03 29.34 "MEM" "@" "ORL" "L" -12 1 14.2333333333333 0.2 0.2 0 0 0 26.9 3.4 0 28.6 20.6 53 121 -0.4 -13.9
"8" "8" 2016-04-05 29.35 "MEM" "" "CHI" "W" 16 1 31.05 0.582 0.542 3.8 3.6 3.7 20.8 1.7 0 13.4 21 117 107 11.8 1.4
"9" "9" 2016-04-08 29.36 "MEM" "@" "DAL" "L" -10 1 25.6 0.611 0.611 0 11.4 4.7 13.6 0 0 30.8 21.8 87 121 3.1 -6
"10" "10" 2016-04-09 29.36 "MEM" "" "GSW" "L" -1 1 18.9333333333333 0.375 0.375 4.4 11.5 7.5 14.7 2.7 5 0 9.2 110 103 4.6 1.5
"11" "11" 2016-04-12 29.37 "MEM" "@" "LAC" "L" -26 1 26.35 0.286 0.286 7.9 16.6 11.5 11.6 2.1 0 22.2 15.2 66 124 2.2 -8.2
"12" "12" 2016-04-13 29.37 "MEM" "@" "GSW" "L" -21 1 21.4833333333333 0.5 0.5 0 11.5 4.9 27 4.5 0 10 18.9 104 122 7.5 -0.2
"1" NA 2016-11-03 29.93 "SAC" "@" "ORL" "L" -8 NA NA NA NA NA NA NA NA NA NA NA NA NA NA NA NA
"2" "1" 2016-11-05 29.93 "SAC" "@" "MIL" "L" -26 0 24.5833333333333 0.45 0.45 4 4.9 4.4 50.4 4.4 0 16.7 22 99 128 9.1 3.2
"3" "2" 2016-11-06 29.94 "SAC" "@" "TOR" "W" 5 0 10.8 0.75 0.75 0 9.5 4.9 30.1 0 0 33.3 13.2 111 112 2.3 -0.4
