"Rk" "G" "Date" "Age" "Tm" "H/A" "Opp" "W/L" "By Amt" "GS" "MP" "TS%" "eFG%" "ORB%" "DRB%" "TRB%" "AST%" "STL%" "BLK%" "TOV%" "USG%" "ORtg" "DRtg" "GmSc" "BPM"
"1" "" 1997-11-01 26.88 "SAC" "@" "VAN" "L" -1 NA NA NA NA NA NA NA NA NA NA NA NA NA NA NA NA
"2" "1" 1997-11-02 26.88 "SAC" "" "HOU" "L" -16 0 21.1833333333333 0.392 0.375 5.1 13.4 8.7 18.2 2.5 0 22.7 28 73 104 2.3 -7.2
"3" "2" 1997-11-04 26.89 "SAC" "" "LAL" "L" -3 0 21.6 0.611 0.5 12.5 23 17.9 7.2 2.3 3.5 0 21.6 143 102 13.2 9.1
"4" "3" 1997-11-07 26.9 "SAC" "" "LAC" "L" -13 0 19.3 0.388 0.333 9.9 7 8.7 21.6 2.6 0 22.5 28.3 75 103 3.2 -4.7
"5" "4" 1997-11-09 26.9 "SAC" "" "NYK" "W" 8 0 19.3666666666667 0.394 0.375 12.6 38.4 26.4 22.5 0 0 10.1 22.3 96 85 6.1 2.2
"6" "5" 1997-11-11 26.91 "SAC" "@" "MIA" "L" -19 0 28.5333333333333 0.537 0.5 8.7 16.1 12.6 14.6 3.8 0 17.7 27.3 99 109 11 1.9
"7" "6" 1997-11-12 26.91 "SAC" "@" "ORL" "W" 26 0 22.5333333333333 0.721 0.714 10.2 28.6 20.4 11.7 0 0 10.7 17.7 139 89 12.6 8
"8" "7" 1997-11-14 26.92 "SAC" "@" "ATL" "L" -1 0 27.8166666666667 0.454 0.333 7.1 11.4 9.2 6 1.9 2.1 0 26.9 114 112 12.2 2.1
"9" "8" 1997-11-15 26.92 "SAC" "@" "NYK" "L" -27 0 30.5666666666667 0.609 0.545 8.1 0 4.7 6.3 1.7 0 19.6 23.6 99 132 9.4 -3.4
"10" "9" 1997-11-18 26.93 "SAC" "" "DAL" "W" 7 0 21.3333333333333 0.846 0.875 5.3 24.1 14.1 0 0 0 0 21.6 176 110 15.9 12.3
"11" "10" 1997-11-20 26.93 "SAC" "" "UTA" "W" 2 0 27.9666666666667 0.47 0.25 9.5 18.5 14.1 4.8 0 0 15.8 21.4 102 109 5.7 -6.2
"12" "11" 1997-11-23 26.94 "SAC" "" "CHI" "L" -15 0 23.1833333333333 0.525 0.5 23.2 9.1 16.1 7.3 0 0 0 17.7 131 121 9.8 3.6
"13" "12" 1997-11-25 26.95 "SAC" "" "DEN" "W" 4 0 23.15 0.25 0.25 4.6 16.5 10.1 24 2.3 0 11.1 18.7 70 102 3.2 -6.9
"14" "13" 1997-11-26 26.95 "SAC" "@" "LAC" "L" -2 0 13.5833333333333 0.571 0.571 0 8.4 3.6 11.7 0 0 12.5 23 114 115 4.7 0.8
"15" "14" 1997-11-28 26.95 "SAC" "@" "SEA" "L" -17 0 25.4 0.568 0.545 19.7 28.1 24 21 0 2.7 12.4 28.6 116 121 14.9 6.4
"16" "15" 1997-11-30 26.96 "SAC" "" "NJN" "L" -14 0 25.15 0.553 0.6 4.1 7.1 5.7 11 0 2.2 14.5 24.2 91 95 6.7 0.3
"17" "16" 1997-12-02 26.96 "SAC" "@" "CHH" "L" -19 0 22.65 0.723 0.7 5.4 19 11.6 15.2 0 0 0 22.5 155 130 15 8.3
"18" "17" 1997-12-04 26.97 "SAC" "@" "WAS" "L" -22 0 30.3 0.669 0.5 3.9 18.2 11.3 0 1.7 0 0 18.3 143 120 13.6 1.4
"19" "18" 1997-12-05 26.97 "SAC" "@" "MIN" "L" -11 0 21.9166666666667 0.625 0.625 4.1 28.5 11.5 8.4 0 7.2 0 16.3 135 117 10.1 7.1
"20" "19" 1997-12-07 26.98 "SAC" "" "GSW" "W" 15 0 26.5 0.554 0.55 10.1 11.3 10.7 7.7 0 0 0 19.5 123 92 10.7 3.5
"21" "20" 1997-12-09 26.98 "SAC" "" "UTA" "W" 12 0 24.75 0.4 0.4 11.3 6.2 9.4 11.2 0 0 0 15.6 118 112 6 -1.6
"22" "21" 1997-12-13 26.99 "SAC" "@" "GSW" "L" -4 0 14.4 0.515 0.333 7 36.4 21.4 0 3.7 4.3 0 12.3 124 79 5.8 5.1
"23" "22" 1997-12-14 27 "SAC" "" "ATL" "L" -4 0 19.4 0.291 0.167 0 0 0 7.8 2.9 0 12.7 19.2 67 111 0.1 -10.9
"24" "23" 1997-12-16 27 "SAC" "" "POR" "W" 7 0 25.0166666666667 0.558 0.556 14.8 9.4 12 7.6 0 2.9 21.8 24.6 98 105 7.2 -1.9
"25" "24" 1997-12-19 27.01 "SAC" "@" "HOU" "L" -18 0 19.0333333333333 0.773 0.667 0 6.8 3.3 7.9 0 0 0 19.2 166 135 9.6 3.3
"26" "" 1997-12-20 27.01 "SAC" "@" "DAL" "W" 1 NA NA NA NA NA NA NA NA NA NA NA NA NA NA NA NA
"27" "25" 1998-02-20 27.18 "SAC" "" "MIA" "L" -14 0 13.1833333333333 0.521 0.25 18.9 0 9.2 15.2 0 0 0 20.4 131 114 5.7 5.5
"28" "26" 1998-02-22 27.19 "SAC" "@" "MIN" "L" -18 0 21.6666666666667 0.601 0.571 9.5 15.2 12.3 0 0 0 0 16.1 129 120 8.2 -0.9
"29" "27" 1998-02-23 27.19 "SAC" "@" "DET" "L" -26 0 22.55 0.441 0.333 8.5 20.4 13.9 9.1 0 0 0 17.1 107 120 6.7 -1
"30" "28" 1998-02-25 27.2 "SAC" "@" "BOS" "L" -17 0 19.6333333333333 0.174 0 0 15 8.2 0 0 0 41 10.9 22 118 -2.3 -16.2
"31" "29" 1998-02-26 27.2 "SAC" "@" "NJN" "L" -3 0 3.35 0.82 1 0 30.8 18.4 0 0 0 29.1 54.2 81 104 2.3 3.8
"32" "30" 1998-02-28 27.21 "SAC" "@" "CHI" "L" -15 0 13.1833333333333 0.174 0 0 9.2 4.5 18.5 0 0 51 20.3 34 122 -2.9 -19.5
"33" "31" 1998-03-02 27.21 "SAC" "" "SAS" "L" -21 0 27.3666666666667 0.597 0.556 6.8 10.8 8.4 15.4 0 7.8 6.9 23.1 121 122 13.4 5.5
"34" "32" 1998-03-04 27.22 "SAC" "" "DET" "W" 20 0 20.3166666666667 0.527 0.5 18.5 41.7 31.1 22.5 0 3.4 22.3 29.9 101 89 10.3 4
"35" "33" 1998-03-06 27.22 "SAC" "@" "VAN" "W" 2 0 16.3333333333333 0.4 0.4 14 0 7.7 0 0 4.5 0 28 99 116 4.7 -5.6
"36" "34" 1998-03-09 27.23 "SAC" "" "GSW" "L" -5 0 10.5833333333333 0.333 0.333 0 25.2 12.6 0 0 0 0 12.5 72 100 1.2 -8.8
"37" "35" 1998-03-11 27.24 "SAC" "@" "UTA" "L" -15 0 23.1666666666667 0.549 0.545 11 8 9.8 8.5 0 0 7.3 29.6 109 132 8.9 -3.3
"38" "36" 1998-03-12 27.24 "SAC" "@" "SAS" "L" -11 0 24.0666666666667 0.571 0.571 17.6 17 17.3 7.7 2.3 0 20.2 20.4 104 110 7.5 -1.3
"39" "37" 1998-03-14 27.24 "SAC" "@" "HOU" "L" -3 0 20.1666666666667 0.581 0.5 0 30.6 15.2 19.4 0 0 12.7 18.6 109 98 6.4 2.1
"40" "38" 1998-03-17 27.25 "SAC" "@" "PHO" "L" -27 0 24.1833333333333 0.667 0.667 0 6.9 3.3 16 4.3 0 53.8 25.4 58 113 1.7 -8.7
"41" "" 1998-03-19 27.26 "SAC" "" "CLE" "L" -5 NA NA NA NA NA NA NA NA NA NA NA NA NA NA NA NA
"42" "39" 1998-03-22 27.27 "SAC" "" "LAL" "L" -3 0 20.8166666666667 0.571 0.571 8 10.6 9.1 0 0 0 11.3 17.6 114 108 6.3 1.2
"43" "40" 1998-03-23 27.27 "SAC" "@" "SEA" "L" -26 0 26.05 0.571 0.429 0 14.6 7.5 25.1 0 2.8 17.2 22.2 107 126 8.9 0.7
"44" "41" 1998-03-25 27.27 "SAC" "@" "LAL" "L" -23 0 17.3 0.571 0.571 6 22.3 13.3 0 3 0 22.2 24.2 86 117 4.9 -4.5
"45" "42" 1998-03-27 27.28 "SAC" "" "POR" "L" -17 0 18.1833333333333 0.581 0.5 5.8 17 11.5 0 0 0 22.5 24.7 91 105 4.2 -5.8
"46" "43" 1998-03-29 27.28 "SAC" "" "MIN" "L" -8 1 25.6 0.417 0.417 13.7 13.5 13.6 12.4 2 0 14.3 24 90 115 7.3 -5.2
"47" "44" 1998-04-03 27.3 "SAC" "" "MIL" "L" -1 0 22.95 0.125 0.125 0 12.8 6.5 7.2 0 2.9 11.1 16.7 37 101 -2.7 -13.7
"48" "45" 1998-04-05 27.3 "SAC" "" "DAL" "W" 6 0 7.15 0.521 0.5 15.2 29.2 22.4 0 0 0 0 17.7 123 105 2.5 -5.7
"49" "46" 1998-04-07 27.31 "SAC" "" "PHO" "L" -6 0 20.2166666666667 0.68 0.6 10.7 24.6 17.1 7.3 0 0 14.5 15.8 129 115 7.6 -0.7
"50" "47" 1998-04-09 27.32 "SAC" "@" "DEN" "L" -25 0 18.5833333333333 0.571 0.571 17.8 36.8 25.2 19.5 2.8 0 0 15.9 145 132 10.4 4.9
"51" "48" 1998-04-10 27.32 "SAC" "" "HOU" "L" -12 0 16.15 0.429 0.429 5.7 8.1 6.7 0 0 0 0 18.7 98 111 2.1 -7.3
"52" "49" 1998-04-14 27.33 "SAC" "@" "POR" "L" -26 0 18.0166666666667 0.515 0.5 0 5.4 2.9 12.7 0 0 0 20.5 108 111 4.8 0
"53" "50" 1998-04-16 27.33 "SAC" "@" "UTA" "L" -13 0 16.3833333333333 0.635 0.571 0 25.5 13.3 30 0 0 0 23.1 134 109 8.9 8
"54" "51" 1998-04-18 27.34 "SAC" "@" "LAC" "L" -6 0 22.3833333333333 0.67 0.7 20.3 18.6 19.4 0 2.4 0 8.7 23.5 125 90 13 10.1
"55" "52" 1998-04-19 27.34 "SAC" "" "VAN" "L" -4 0 31.8 0.51 0.5 3.7 29 15.6 9.3 1.7 0 20.3 21 91 108 8 -5.6
"1" "1" 1999-02-05 28.14 "SAC" "@" "SAS" "L" -18 0 21.7333333333333 0.375 0.375 11.3 19.8 15 0 0 0 11.1 15.9 85 106 2.3 -8.5
"2" "" 1999-02-07 28.15 "SAC" "" "VAN" "W" 22 NA NA NA NA NA NA NA NA NA NA NA NA NA NA NA NA
"3" "" 1999-02-09 28.15 "SAC" "@" "PHO" "W" 17 NA NA NA NA NA NA NA NA NA NA NA NA NA NA NA NA
"4" "" 1999-02-10 28.16 "SAC" "@" "HOU" "L" -10 NA NA NA NA NA NA NA NA NA NA NA NA NA NA NA NA
"5" "2" 1999-02-15 28.17 "SAC" "@" "UTA" "L" -8 0 27.4666666666667 0.685 0.571 12 5 8.9 0 1.9 0 10.2 16.7 135 121 9.1 -3.1
"6" "3" 1999-02-16 28.17 "SAC" "" "BOS" "W" 3 0 22.0833333333333 1.009 1 10.6 25.2 18.8 0 2.2 0 31.8 17.3 118 92 11.6 7.2
"7" "4" 1999-02-17 28.18 "SAC" "@" "SEA" "W" 3 0 19.95 0.662 0.556 6.5 16.1 12.4 20.6 2.6 2.9 14.2 32.8 121 98 14.3 13
"8" "5" 1999-02-19 28.18 "SAC" "" "CHH" "W" 11 0 22.8833333333333 0.694 0.75 5.2 8.2 6.9 14.2 0 2.5 8 22.2 134 99 13.2 7.2
"9" "6" 1999-02-21 28.19 "SAC" "@" "MIN" "L" -12 0 35.5166666666667 0.342 0.25 17.6 11.7 14.5 4.6 1.3 4.3 6.4 16.6 92 103 9.6 -3.5
"10" "7" 1999-02-22 28.19 "SAC" "@" "ORL" "L" -11 0 27.1166666666667 1 1 14.8 21.7 18.5 6 1.9 0 22.2 14.8 148 111 14.4 6.6
"11" "8" 1999-02-24 28.19 "SAC" "@" "PHI" "L" -13 0 25.3833333333333 0.5 0.5 4 15.1 9.7 0 0 2.1 20 8.3 85 97 2.8 -3.9
"12" "9" 1999-02-25 28.2 "SAC" "@" "WAS" "W" 10 0 21.4833333333333 0.337 0.273 9.9 14.5 12.3 0 0 0 0 22.1 97 111 2.6 -14.6
"13" "10" 1999-02-27 28.2 "SAC" "@" "DAL" "L" -7 0 19.95 0.833 0.833 0 11.3 6.4 0 2.6 0 14.3 14.8 136 100 7.5 4.7
"14" "11" 1999-03-01 28.21 "SAC" "" "SEA" "L" -3 0 19.6333333333333 0.457 0.429 0 16.7 8.2 0 4.6 0 0 17.9 95 95 5.6 0.9
"15" "12" 1999-03-02 28.21 "SAC" "@" "VAN" "W" 10 0 16.35 0.512 0.5 35.7 0 18.8 9.1 0 3.9 0 26.1 132 116 9.7 2.2
"16" "13" 1999-03-03 28.21 "SAC" "" "POR" "L" -4 0 16.25 0.644 0.667 6 13.8 9.6 0 0 0 0 10.9 137 103 4.2 -0.4
"17" "14" 1999-03-06 28.22 "SAC" "@" "PHO" "W" 12 0 21.5166666666667 0.387 0.333 6.9 10.9 9.1 11.5 2.3 0 34 12.1 78 102 2.2 -4.9
"18" "15" 1999-03-07 28.22 "SAC" "" "DAL" "W" 5 0 19.2 0.5 0.5 11.8 14.3 13.2 7.7 0 3 0 9.6 129 100 5.7 0.7
"19" "16" 1999-03-09 28.23 "SAC" "@" "POR" "L" -5 0 23.0833333333333 0.846 0.875 8.9 8.5 8.7 0 2.2 0 0 20 172 108 16.6 13
"20" "17" 1999-03-11 28.24 "SAC" "@" "LAC" "L" -14 0 23.5166666666667 0.799 0.75 8.5 14.2 11.2 0 0 2.9 8.6 23.5 149 117 15 8.9
"21" "18" 1999-03-12 28.24 "SAC" "" "MIN" "L" -6 0 28.6166666666667 0.618 0.6 7.7 16.6 12 0 3.6 0 0 17 135 104 13.2 6.6
"22" "19" 1999-03-14 28.24 "SAC" "" "LAL" "W" 4 0 20.9166666666667 0.868 0.75 12 19 15.9 15.7 2.3 0 34.2 18.3 124 99 10 5.7
"23" "20" 1999-03-15 28.25 "SAC" "@" "GSW" "W" 6 0 20.3 0.661 0.714 0 17.1 8.4 16.6 2.4 3.1 19.4 22.6 103 104 9.3 2.6
"24" "21" 1999-03-16 28.25 "SAC" "" "SAS" "L" -12 0 25.3666666666667 0.568 0.545 28.4 12 22.3 23.5 0 5.3 18.5 24.6 114 119 14.8 6.8
"25" "22" 1999-03-18 28.25 "SAC" "" "POR" "L" -10 0 18.3 0.272 0.143 4.5 6.2 5.2 9.4 2.8 3.3 0 20.9 74 93 2.7 -1.3
"26" "23" 1999-03-20 28.26 "SAC" "@" "DAL" "L" -14 0 19.6166666666667 0.507 0.5 10.9 17.6 14.1 0 5.3 0 10.1 24 97 106 7.1 -0.9
"27" "24" 1999-03-22 28.27 "SAC" "@" "HOU" "L" -10 0 22.05 0.167 0.167 0 10.9 5 0 0 10.1 14.3 13.4 31 111 -0.9 -11.5
"28" "25" 1999-03-24 28.27 "SAC" "" "NYK" "W" 1 0 15.45 0.347 0 7.8 23.4 15.6 0 0 4.6 0 8.8 95 94 2.9 -2.2
"29" "26" 1999-03-26 28.28 "SAC" "@" "LAL" "W" 2 0 14.9666666666667 1 1 0 8.9 4.1 8.3 0 0 33.3 8.9 122 119 2.6 -5.3
"30" "27" 1999-03-28 28.28 "SAC" "" "HOU" "L" -14 1 36.2 0.692 0.692 21.8 19 20.6 11.1 0 1.9 18.8 17.7 125 116 18.5 5.1
"31" "28" 1999-03-30 28.29 "SAC" "" "UTA" "W" 3 1 20.7833333333333 0.5 0.5 11 7.2 9.3 0 0 0 0 13.8 118 114 4.3 -6.5
"32" "29" 1999-03-31 28.29 "SAC" "@" "POR" "L" -14 0 27.85 0.466 0.5 25 7.1 16.1 7.2 1.9 0 13.4 22.4 100 111 9.2 0.2
"33" "30" 1999-04-03 28.3 "SAC" "@" "MIN" "L" -9 0 23.0666666666667 0.508 0.429 14.2 8.7 11.3 12.7 0 0 0 15.1 129 116 7.6 -0.6
"34" "31" 1999-04-06 28.31 "SAC" "@" "SEA" "W" 6 0 18.1 0.571 0.571 22.6 11.8 16.5 0 0 3.8 25.5 30.2 91 105 5.5 -8.6
"35" "32" 1999-04-07 28.31 "SAC" "" "LAL" "L" -15 0 9.51666666666667 0.515 0.333 0 0 0 0 0 0 34 27.5 71 115 -0.1 -14.3
"36" "33" 1999-04-10 28.32 "SAC" "" "DEN" "W" 6 0 12.1333333333333 0.727 0.667 0 23.5 12.9 0 0 0 22.5 15.9 109 105 3.6 -2.9
"37" "34" 1999-04-11 28.32 "SAC" "@" "VAN" "W" 3 0 18.2833333333333 0.506 0.444 28.1 21.6 24.9 0 0 0 16.8 31 98 102 5.8 -8.4
"38" "35" 1999-04-13 28.33 "SAC" "" "UTA" "L" -5 0 11.05 0.694 0.5 10.7 21.4 16.1 0 5 0 25.8 15.4 118 99 3.5 1
"39" "36" 1999-04-15 28.33 "SAC" "" "SEA" "L" -1 0 10.9666666666667 0.5 0.5 0 17.8 8.5 13 0 0 33.3 11.6 75 100 0.9 -6.1
"40" "37" 1999-04-17 28.34 "SAC" "" "DEN" "W" 22 0 12.5666666666667 0.952 0.929 9.2 6.7 7.8 0 3.9 0 11.3 28.9 160 100 13.1 19.7
"41" "38" 1999-04-19 28.34 "SAC" "@" "LAC" "W" 4 0 6.2 0.579 0.667 38.1 0 19.3 0 0 0 0 31.2 127 109 3.1 -2.8
"42" "39" 1999-04-21 28.35 "SAC" "" "GSW" "W" 9 0 10.5333333333333 0.521 0.5 15.6 8.6 12.2 14.7 0 0 0 10.7 138 106 4 3.2
"43" "40" 1999-04-23 28.35 "SAC" "" "MIN" "W" 8 0 9.48333333333333 0.444 0.2 43.5 0 23.2 18 0 6.8 22.8 38.8 100 107 5.1 -0.3
"44" "41" 1999-04-24 28.36 "SAC" "" "DAL" "W" 3 0 17.7166666666667 0.4 0.4 0 11.6 5.9 7.5 0 0 16.7 14.8 76 114 0.8 -9.3
"45" "42" 1999-04-26 28.36 "SAC" "@" "GSW" "L" -25 0 24.4833333333333 0.69 0.636 4 18.7 10.8 0 2.1 0 7.5 23.7 131 121 13.2 5.5
"46" "43" 1999-04-27 28.36 "SAC" "" "SAS" "W" 4 0 32.8166666666667 0.886 1 3.1 13 8.5 4.8 0 0 16.4 8 154 94 8.7 2.9
"47" "44" 1999-04-29 28.37 "SAC" "" "LAC" "W" 22 0 19.55 0.61 0.5 8.9 18.5 13.6 0 0 0 0 15.6 142 85 9.2 4.2
"48" "45" 1999-05-02 28.38 "SAC" "" "PHO" "W" 11 0 11.0333333333333 0.5 0.5 16.5 0 8.9 15.1 0 0 0 22.5 125 119 4.7 0.2
"49" "46" 1999-05-03 28.38 "SAC" "@" "DEN" "W" 8 0 14.1166666666667 0.945 1 0 16.3 8.8 0 3.5 0 12.7 25.2 146 105 11 10.4
"50" "47" 1999-05-05 28.39 "SAC" "" "VAN" "W" 4 0 22.15 0.543 0.5 21.4 19 20.2 0 0 8.4 31.8 17 91 93 7 -1.2
"1" "1" 1999-11-05 28.89 "SAC" "" "MIN" "W" 5 0 13.5 0.51 0.4 0 13.2 6.8 0 0 0 0 17.2 113 95 3.5 -0.8
"2" "2" 1999-11-06 28.89 "SAC" "@" "MIN" "L" -13 0 12.7666666666667 0.37 0.4 16.8 17.2 17 0 0 0 0 22.6 89 119 2.7 -8.8
"3" "3" 1999-11-12 28.91 "SAC" "" "UTA" "W" 13 0 19.3666666666667 0.637 0.5 20.6 15.2 17.9 8 0 0 0 19.2 154 101 12 9
"4" "4" 1999-11-14 28.92 "SAC" "" "DEN" "W" 10 0 16.2666666666667 0.791 0.8 0 6.8 3.5 7.5 0 0 0 16.1 163 116 7.9 3.8
"5" "5" 1999-11-16 28.92 "SAC" "" "VAN" "W" 4 0 14.55 0.4 0.4 5.2 27.2 14.7 0 0 4.2 0 13.1 94 79 3.1 -1.9
"6" "6" 1999-11-18 28.93 "SAC" "@" "HOU" "W" 18 0 20.8333333333333 0.588 0.5 13.7 10.4 12.2 0 2.2 2.9 0 19 140 108 11.6 2.7
"7" "7" 1999-11-19 28.93 "SAC" "@" "DAL" "W" 9 0 9.66666666666667 1.042 1 0 8.3 4.1 0 0 0 25.8 15.6 144 101 4.7 5.1
"8" "8" 1999-11-21 28.93 "SAC" "" "HOU" "W" 5 0 8.58333333333333 1 1 11.1 21.8 16.5 0 0 0 0 9 203 107 4.7 6.5
"9" "9" 1999-11-23 28.94 "SAC" "" "NJN" "W" 13 0 25.0333333333333 0.9 0.9 23.4 12.4 16.8 0 0 0 16.7 20.6 144 101 15.7 6.8
"10" "10" 1999-11-26 28.95 "SAC" "" "GSW" "W" 29 0 16.7 0.508 0.429 20.7 24.3 22.8 0 0 0 0 19.8 125 93 7.5 -4.4
"11" "11" 1999-11-29 28.96 "SAC" "@" "MIA" "L" -10 0 17.05 0.6 0.6 0 14.1 6.2 0 0 0 0 12.3 112 99 3.1 -1.3
"12" "12" 1999-11-30 28.96 "SAC" "@" "ORL" "W" 9 0 16.2166666666667 0.387 0.333 19.1 13 16.1 0 0 0 20.5 12.3 92 105 0.6 -11.8
"13" "13" 1999-12-02 28.96 "SAC" "@" "ATL" "L" -10 0 17.7333333333333 0.5 0.5 4.7 17 10.3 0 0 0 0 22.5 107 111 6.6 -0.7
"14" "14" 1999-12-04 28.97 "SAC" "@" "WAS" "W" 10 0 21.65 0.581 0.5 10.1 9.9 10 0 2.2 0 0 13 132 105 6.4 -3.2
"15" "15" 1999-12-06 28.98 "SAC" "@" "NJN" "L" -14 0 9.86666666666667 0.906 1 0 0 0 0 0 0 26.6 15.3 131 115 3.3 1.1
"16" "16" 1999-12-08 28.98 "SAC" "" "LAL" "W" 12 0 10.6166666666667 0.85 0.8 0 0 0 22.3 0 0 14.5 26.5 146 102 7.4 14.6
"17" "17" 1999-12-10 28.99 "SAC" "" "MIA" "L" -10 0 9.48333333333333 0.5 0.5 0 16.7 6 19.5 5.5 0 0 16.9 118 104 3.6 6
"18" "18" 1999-12-11 28.99 "SAC" "" "POR" "L" -5 0 16.1666666666667 0.41 0.3 16.4 12.8 14.7 0 3.1 0 0 32.1 99 103 7.5 2.2
"19" "19" 1999-12-15 29 "SAC" "@" "VAN" "W" 3 0 19.2333333333333 0.684 0.571 0 15.2 7.3 0 0 0 0 22.2 143 104 11.4 5.2
"20" "20" 1999-12-16 29 "SAC" "@" "DEN" "L" -10 0 20.2166666666667 0.68 0.6 20 9.6 14.7 19.5 2.4 0 0 24 155 117 17.2 15
"21" "21" 1999-12-18 29.01 "SAC" "@" "PHO" "L" -16 0 23.0333333333333 0.282 0.125 10.8 16.1 13.3 0 2 3.1 8.6 20.2 72 112 3.2 -8
"22" "22" 1999-12-20 29.01 "SAC" "@" "GSW" "L" -12 0 21.0833333333333 0.563 0.5 7.5 15.9 11 0 4.4 3 31.1 22 83 101 6.2 -3.5
"23" "23" 1999-12-21 29.02 "SAC" "" "MIL" "W" 13 0 24.7166666666667 0.694 0.6 8.2 18.3 12.9 0 4 0 29.4 16.9 105 93 7.3 -1.5
"24" "24" 1999-12-23 29.02 "SAC" "@" "LAC" "L" -6 0 8.13333333333333 0.387 0.333 0 26.7 12.5 0 0 8.2 20.5 24.5 63 88 0.8 -7
"25" "25" 1999-12-26 29.03 "SAC" "" "DAL" "W" 7 0 9.5 1 1 0 0 0 0 0 0 0 8.7 200 120 3.4 0.5
"26" "26" 1999-12-28 29.04 "SAC" "" "BOS" "W" 13 0 14.6 1 1 0 6.5 3.9 0 3.3 12.3 0 9 200 95 7.7 12.4
"27" "27" 1999-12-29 29.04 "SAC" "@" "SEA" "W" 9 0 19.9333333333333 0.667 0.667 0 10.7 5.9 0 2.5 0 25 9.5 90 112 2.1 -6.8
"28" "28" 2000-01-04 29.05 "SAC" "@" "CLE" "W" 4 0 16.2333333333333 0.644 0.667 26.7 15.4 21.4 0 2.9 0 11.4 22.1 124 104 9.2 2.1
"29" "29" 2000-01-06 29.06 "SAC" "@" "TOR" "L" -12 0 10.6666666666667 0.5 0.5 19 23.8 21.6 19 0 0 0 23 120 102 5.6 7.1
"30" "30" 2000-01-07 29.06 "SAC" "@" "BOS" "L" -8 0 7.06666666666667 0.333 0.333 13.7 14.9 14.3 0 0 0 0 17.8 88 109 1.3 -7.3
"31" "31" 2000-01-09 29.07 "SAC" "" "IND" "W" 3 0 5.85 0 0 0 32 18.8 0 0 0 0 7.3 0 110 -0.1 -10.2
"32" "32" 2000-01-11 29.07 "SAC" "" "HOU" "W" 17 0 14.9333333333333 0.788 0.75 7.3 6.4 6.8 0 0 0 0 12.5 164 102 6 0.2
"33" "33" 2000-01-13 29.08 "SAC" "" "SAS" "W" 4 0 5.23333333333333 0.667 0.667 15.5 21.3 17.9 0 0 0 25 30 103 104 2.7 3.7
"34" "34" 2000-01-15 29.08 "SAC" "@" "GSW" "W" 15 0 15.8166666666667 0.709 0.667 7.5 16.4 12.6 0 0 0 26.2 20.9 108 105 5.1 -5.2
"35" "35" 2000-01-16 29.09 "SAC" "" "CLE" "W" 11 0 8.33333333333333 0.694 0.5 0 11.8 6.3 0 5.7 0 14.8 34.7 120 90 5.5 3.7
"36" "36" 2000-01-18 29.09 "SAC" "" "LAC" "W" 6 0 10.3166666666667 0 0 38.4 27.7 32.9 0 0 6.2 0 20.2 50 91 0.5 -14.8
"37" "37" 2000-01-20 29.1 "SAC" "" "ORL" "W" 8 0 21.75 0.615 0.6 9.1 9.9 9.5 7.3 0 0 7.6 22.8 127 107 10.9 3
"38" "38" 2000-01-22 29.1 "SAC" "" "UTA" "L" -3 0 5.36666666666667 0.436 0.333 0 26.7 12 0 10.3 0 0 30.2 99 92 2.6 6.4
"39" "39" 2000-01-25 29.11 "SAC" "@" "CHH" "W" 11 0 7.56666666666667 1 1 16.2 12.8 14.3 15.8 0 0 0 5.4 210 102 3.4 7.8
"40" "40" 2000-01-26 29.12 "SAC" "@" "MIL" "L" -8 0 19.6 0.391 0.25 24.4 14.4 19.8 7.2 0 6.3 0 21.8 113 106 9 1.1
"41" "41" 2000-01-28 29.12 "SAC" "@" "CHI" "W" 12 0 8.38333333333333 0.75 0.75 0 27.3 14 26.1 0 0 0 21.2 154 96 5.7 12.4
"42" "42" 2000-01-30 29.13 "SAC" "@" "NYK" "L" -9 0 13.1166666666667 0.307 0.25 16.4 32.6 23.4 9.4 3.6 0 0 15.4 99 114 4.2 -0.3
"43" "43" 2000-01-31 29.13 "SAC" "@" "MIN" "L" -15 0 17.6666666666667 0.583 0.556 15.1 26.7 19.3 0 2.6 0 0 20.8 125 104 10.7 8.6
"44" "44" 2000-02-02 29.13 "SAC" "@" "DET" "W" 3 0 7.28333333333333 0.5 0.5 0 0 0 0 0 0 33.3 18 61 117 -0.4 -14.8
"45" "45" 2000-02-04 29.14 "SAC" "@" "IND" "L" -10 0 12.5 0.673 0.667 0 36.4 16.3 15.4 0 5.8 16.1 21.6 116 98 5.3 5.6
"46" "46" 2000-02-06 29.15 "SAC" "@" "PHI" "L" -11 0 7.71666666666667 0.515 0.333 0 22.6 11.4 0 5.8 0 0 19.3 118 103 3.9 3.8
"47" "47" 2000-02-08 29.15 "SAC" "" "CHI" "W" 39 0 14.4666666666667 0.563 0.5 0 24.5 12.5 10 7.3 0 0 28 123 75 9.2 6.3
"48" "48" 2000-02-10 29.16 "SAC" "" "DEN" "W" 12 0 14.8333333333333 0.654 0.667 12.5 25.1 18.8 15.8 3.3 0 0 19.8 141 80 9.1 11.4
"49" "49" 2000-02-15 29.17 "SAC" "" "PHO" "L" -9 0 16.9666666666667 0.906 1 6.9 7.4 7.1 0 0 0 26.6 9.2 138 126 4.3 -2.4
"50" "50" 2000-02-17 29.18 "SAC" "@" "UTA" "L" -11 0 5.9 0.5 0.5 0 0 0 0 0 0 0 14.8 100 128 0.6 -7.1
"51" "51" 2000-02-18 29.18 "SAC" "" "SEA" "W" 33 0 9.13333333333333 0.5 0.5 0 11.3 5.9 0 5.2 0 0 18.1 102 80 2.1 -3.1
"52" "" 2000-02-20 29.18 "SAC" "" "POR" "L" -5 NA NA NA NA NA NA NA NA NA NA NA NA NA NA NA NA
"53" "" 2000-02-21 29.19 "SAC" "@" "DEN" "L" -6 NA NA NA NA NA NA NA NA NA NA NA NA NA NA NA NA
"54" "" 2000-02-23 29.19 "SAC" "" "ATL" "L" -6 NA NA NA NA NA NA NA NA NA NA NA NA NA NA NA NA
"55" "52" 2000-02-26 29.2 "SAC" "@" "VAN" "L" -12 0 3.5 0.615 0.5 0 0 0 0 0 0 0 34.5 131 116 1.2 -4.6
"56" "53" 2000-02-29 29.21 "SAC" "" "VAN" "W" 25 0 9.56666666666667 0.515 0.333 0 12 5.9 11.9 0 0 0 17.1 125 99 2.9 -2.5
"57" "" 2000-03-02 29.21 "SAC" "@" "HOU" "L" -3 NA NA NA NA NA NA NA NA NA NA NA NA NA NA NA NA
"58" "54" 2000-03-04 29.22 "SAC" "@" "SAS" "W" 5 0 5.81666666666667 0.333 0.333 17.3 23.2 19.9 0 0 0 0 22.7 88 106 0.9 -9.6
"59" "55" 2000-03-06 29.22 "SAC" "" "DAL" "W" 21 0 1.6 NA NA 0 0 0 96 0 0 NA 0 228 118 1.4 49
"60" "56" 2000-03-08 29.23 "SAC" "" "CHH" "W" 13 0 17.95 0.714 0.714 6.3 12.4 9.4 7.9 2.8 0 0 17 149 95 9.3 9.4
"61" "57" 2000-03-10 29.24 "SAC" "" "TOR" "W" 15 0 13.65 0.945 1 0 7 3.5 11.9 0 0 17.4 17.7 150 99 7.3 9.1
"62" "58" 2000-03-12 29.24 "SAC" "@" "LAL" "L" -3 0 4.98333333333333 0.5 0.5 22.9 0 10.4 0 0 11 33.3 26.8 79 119 1 -6
"63" "59" 2000-03-14 29.25 "SAC" "@" "POR" "L" -5 0 14.2666666666667 0.443 0.333 13.7 14.9 14.3 11.2 0 0 15.1 21 95 106 3 -3.8
"64" "60" 2000-03-15 29.25 "SAC" "" "LAC" "W" 20 0 11.8166666666667 0.633 0.6 0 7.3 4 0 0 0 13.7 26.6 107 88 4.6 1.5
"65" "61" 2000-03-18 29.26 "SAC" "@" "LAC" "W" 21 0 7.15 0.266 0 15.6 36.1 25.1 17.6 7.1 0 0 12.2 102 72 2.9 8.1
"66" "62" 2000-03-21 29.27 "SAC" "" "WAS" "W" 12 0 9.48333333333333 0.25 0.25 0 18.1 11.1 0 0 6.3 0 19 66 87 0.9 -3.7
"67" "63" 2000-03-22 29.27 "SAC" "@" "PHO" "L" -21 0 20.4166666666667 0.508 0.429 13.8 13.3 13.6 9 4.7 0 11.3 17.8 109 107 8.3 2.7
"68" "64" 2000-03-24 29.27 "SAC" "" "DET" "W" 10 0 28.45 0.72 0.8 18 7 11.8 5.9 1.7 2.3 11.6 13.1 141 107 11.5 4.4
"69" "" 2000-03-26 29.28 "SAC" "" "LAL" "L" -1 NA NA NA NA NA NA NA NA NA NA NA NA NA NA NA NA
"70" "65" 2000-03-28 29.28 "SAC" "" "NYK" "W" 8 0 3.8 0.521 0.5 0 0 0 0 0 0 0 34.4 107 115 1.6 -5
"71" "66" 2000-03-31 29.29 "SAC" "@" "SEA" "L" -15 0 16.2166666666667 0.444 0.4 7.1 7.1 7.1 15.8 2.9 3.9 12.9 21.2 94 118 5.6 -0.5
"72" "67" 2000-04-02 29.3 "SAC" "" "PHI" "W" 22 0 7.96666666666667 0.667 0.667 0 14.3 7.7 0 6.5 0 25 22.3 91 94 2.6 -2.3
"73" "68" 2000-04-04 29.3 "SAC" "@" "DAL" "L" -3 1 22 0.732 0.75 9.5 19.8 13.8 0 0 0 10.1 18.7 135 118 10.3 1.3
"74" "69" 2000-04-05 29.31 "SAC" "@" "SAS" "W" 10 0 22.5 0.333 0.333 0 19.9 11.3 12.7 2.3 2.9 18.2 22.2 68 106 2.8 -8
"75" "70" 2000-04-07 29.31 "SAC" "" "MIN" "L" -3 0 16.1 0.342 0.286 17.6 6.8 12.6 0 3.1 0 10.2 25 79 98 2.3 -7.7
"76" "71" 2000-04-09 29.32 "SAC" "" "PHO" "L" -5 0 14.0833333333333 0.41 0.25 30.6 7.8 20.6 30.6 0 5 0 13.9 139 109 7.4 9.5
"77" "72" 2000-04-11 29.32 "SAC" "" "SAS" "L" -6 0 10.4333333333333 0.333 0.333 0 9.5 5.4 0 0 0 25 18.9 49 101 -0.8 -11.7
"78" "73" 2000-04-13 29.33 "SAC" "" "GSW" "W" 23 0 15.9 0.865 1 0 11.5 6.8 8.1 0 0 0 13.2 176 106 7.8 3.8
"79" "74" 2000-04-14 29.33 "SAC" "@" "LAL" "L" -7 0 4.9 0 0 0 0 0 22.9 0 0 0 7.8 54 125 0 -4.9
"80" "" 2000-04-16 29.34 "SAC" "@" "POR" "L" -7 NA NA NA NA NA NA NA NA NA NA NA NA NA NA NA NA
"81" "" 2000-04-18 29.34 "SAC" "" "SEA" "L" -7 NA NA NA NA NA NA NA NA NA NA NA NA NA NA NA NA
"82" "75" 2000-04-19 29.35 "SAC" "@" "UTA" "L" -9 0 30.35 0.549 0.545 14.2 0 7.3 0 1.7 4.3 13.6 21.3 103 104 10.7 2.8
"1" "1" 2000-10-31 29.88 "SAC" "@" "CHI" "W" 19 0 9.16666666666667 0.788 0.75 0 13.7 8.1 0 0 0 18.4 29.5 115 98 3.9 -3.1
"2" "2" 2000-11-01 29.88 "SAC" "@" "CLE" "L" -2 0 7.83333333333333 0.541 0.429 15.1 17.7 16.3 0 0 0 0 49.6 122 104 6.3 11.1
"3" "3" 2000-11-03 29.89 "SAC" "@" "DET" "W" 7 0 11.8166666666667 0.347 0 0 0 0 0 0 0 41 8 48 111 -1.1 -14
"4" "4" 2000-11-04 29.89 "SAC" "@" "MIN" "L" -8 0 12.5166666666667 0.739 0.714 8 17.6 12.6 0 0 0 0 24.8 152 109 9.4 15.9
"5" "5" 2000-11-06 29.9 "SAC" "" "POR" "W" 4 0 7.55 0 0 25 26.1 25.5 0 0 0 20.5 29.5 23 87 -2.3 -27.5
"6" "6" 2000-11-08 29.9 "SAC" "" "GSW" "W" 31 0 17.0666666666667 0.545 0.545 25.1 6.3 15.7 9.1 0 0 0 26.1 121 85 10.1 1.7
"7" "7" 2000-11-10 29.91 "SAC" "@" "GSW" "W" 7 0 5.58333333333333 0.5 0.5 0 23 11.4 0 0 13.4 33.3 26.6 57 95 1 -5.6
"8" "8" 2000-11-12 29.91 "SAC" "" "DAL" "W" 25 0 16.2666666666667 0.81 0.667 0 12 7.2 0 0 0 0 26 168 95 12 10
"9" "9" 2000-11-14 29.92 "SAC" "" "ORL" "W" 14 0 14.25 0.102 0 0 22.9 13.5 0 3.7 0 17 19.4 20 83 -2.1 -16.5
"10" "10" 2000-11-16 29.92 "SAC" "" "LAL" "L" -2 0 8.36666666666667 1.042 1 0 15.4 7.4 0 0 0 0 17.2 220 118 5.7 12.6
"11" "11" 2000-11-22 29.94 "SAC" "" "CHI" "W" 29 0 21.4166666666667 0.385 0.333 5.2 35.2 21.4 6.6 0 3.1 18.1 22.7 75 69 4.1 -5.2
"12" "12" 2000-11-25 29.95 "SAC" "" "SEA" "W" 24 0 5.15 0.5 0.5 45.7 40.9 43.1 0 0 0 20 39.3 97 98 3 -8.7
"13" "13" 2000-11-28 29.96 "SAC" "@" "HOU" "W" 7 0 16.8 0.8 0.8 18.8 27.5 23 0 0 0 28.6 19.4 117 92 6.2 0.3
"14" "14" 2000-11-29 29.96 "SAC" "@" "SAS" "L" -3 0 5.6 NA NA 0 16.3 8.2 23.5 0 11.9 NA 0 200 85 1.3 10.5
"15" "15" 2000-12-01 29.96 "SAC" "" "PHO" "W" 7 0 8.15 0 0 15.4 22.2 19.4 13.6 0 0 0 5.4 93 101 1.3 -0.5
"16" "16" 2000-12-05 29.98 "SAC" "" "SAS" "W" 6 0 4.38333333333333 0 0 22.6 25.5 24 0 0 0 0 21.5 27 81 -0.4 -14
"17" "17" 2000-12-08 29.98 "SAC" "" "HOU" "W" 13 0 5.36666666666667 NA NA 0 0 0 24 0 0 NA 0 220 113 0.7 5.2
"18" "18" 2000-12-10 29.99 "SAC" "" "MIA" "W" 4 0 8.13333333333333 0.5 0.5 0 0 0 22.2 0 9.1 0 10.8 125 110 2 3.4
"19" "19" 2000-12-12 29.99 "SAC" "@" "ATL" "L" -8 0 4.53333333333333 0.5 0.5 0 20.9 9.9 0 0 0 0 34.8 95 112 2.3 0
"20" "20" 2000-12-13 30 "SAC" "@" "CHH" "L" -11 0 8.01666666666667 0.644 0.667 0 30.8 14.1 0 0 0 0 22.4 123 111 3.9 4.6
"21" "21" 2000-12-15 30 "SAC" "@" "BOS" "W" 23 0 10 0.25 0.25 0 30 15 0 5.3 0 0 18.2 59 77 1.5 -5
"22" "" 2000-12-17 30.01 "SAC" "@" "NJN" "W" 16 NA NA NA NA NA NA NA NA NA NA NA NA NA NA NA NA
"23" "22" 2000-12-19 30.01 "SAC" "" "WAS" "W" 34 0 15.5333333333333 1.015 1 5.5 15.5 10.6 0 3 0 0 20.4 208 73 16.1 22.7
"24" "23" 2000-12-20 30.01 "SAC" "@" "SEA" "L" -4 0 13.8333333333333 0.619 0.625 29.8 6.2 17 0 0 0 18.4 35.1 104 107 7.3 0.8
"25" "24" 2000-12-22 30.02 "SAC" "@" "VAN" "W" 2 0 19.45 0.667 0.667 11.5 10.5 11 0 0 0 10 25 117 109 7.9 -2
"26" "25" 2000-12-23 30.02 "SAC" "" "SEA" "W" 5 0 22.5166666666667 0.514 0.571 23.2 4.6 13.9 8.5 0 0 10.2 17.3 111 101 6.8 -0.3
"27" "26" 2000-12-28 30.04 "SAC" "" "CHH" "W" 4 0 21.0333333333333 0.322 0.167 4.9 14.9 9.8 0 2.5 3.4 20.5 21.1 61 94 1.7 -8.8
"28" "27" 2000-12-30 30.04 "SAC" "" "PHI" "L" -3 0 4.13333333333333 0.5 0.5 0 0 0 0 0 0 0 24.2 95 123 1 -5.9
"29" "28" 2001-01-02 30.05 "SAC" "" "PHO" "W" 4 0 29.7333333333333 0.363 0.333 4.5 10.2 7.8 4.5 1.7 0 30.4 14.8 63 111 1.5 -7.6
"30" "29" 2001-01-05 30.06 "SAC" "" "IND" "L" -2 0 5.5 0.316 0.2 53.9 0 30.6 0 0 0 0 53 93 102 1.8 -5.8
"31" "30" 2001-01-08 30.07 "SAC" "" "MIN" "W" 3 0 4.36666666666667 1 1 30.8 0 14 0 0 0 0 22.4 203 113 3.3 9.3
"32" "" 2001-01-10 30.07 "SAC" "" "CLE" "W" 5 NA NA NA NA NA NA NA NA NA NA NA NA NA NA NA NA
"33" "" 2001-01-20 30.1 "SAC" "@" "POR" "W" 10 NA NA NA NA NA NA NA NA NA NA NA NA NA NA NA NA
"34" "" 2001-01-21 30.1 "SAC" "@" "SEA" "L" -2 NA NA NA NA NA NA NA NA NA NA NA NA NA NA NA NA
"35" "31" 2001-01-23 30.11 "SAC" "" "NJN" "W" 26 0 13.55 0.565 0.75 25.7 7 15.4 18.2 0 4 12.4 24.6 120 114 7.9 2.7
"36" "32" 2001-01-25 30.11 "SAC" "" "SAS" "L" -6 0 6.03333333333333 1 1 0 19 8.2 0 0 10.7 0 14.9 200 102 4.4 19.4
"37" "" 2001-01-27 30.12 "SAC" "@" "LAC" "W" 12 NA NA NA NA NA NA NA NA NA NA NA NA NA NA NA NA
"38" "33" 2001-01-30 30.13 "SAC" "" "GSW" "W" 26 0 15.05 0.296 0.2 13.9 28.2 22.5 0 0 0 0 18.9 85 74 2.5 -9.9
"39" "34" 2001-02-02 30.13 "SAC" "" "VAN" "W" 10 0 9.3 0.338 0.25 28.1 0 12.1 0 0 0 18.4 26.2 81 111 0.6 -15.8
"40" "" 2001-02-04 30.14 "SAC" "@" "LAL" "L" -6 NA NA NA NA NA NA NA NA NA NA NA NA NA NA NA NA
"41" "35" 2001-02-06 30.15 "SAC" "@" "MIL" "L" -3 0 5.78333333333333 0 0 0 0 0 0 0 0 0 20.8 0 119 -2.1 -25.4
"42" "36" 2001-02-07 30.15 "SAC" "@" "MIN" "L" -29 0 20.1666666666667 0.595 0.6 4.6 20.6 11 9 0 0 14.5 15 106 127 5.6 -3.9
"43" "37" 2001-02-13 30.16 "SAC" "@" "UTA" "W" 3 0 5.51666666666667 1 1 16.7 0 8.5 76.3 0 11.6 0 8.1 207 109 4.1 32
"44" "38" 2001-02-15 30.17 "SAC" "@" "POR" "L" -24 1 23.1333333333333 0.25 0.25 9.7 11.3 10.4 0 2.3 2.9 0 15.6 67 112 2.5 -7.6
"45" "39" 2001-02-16 30.17 "SAC" "" "DEN" "W" 33 0 18.65 0.68 0.6 7.7 16.5 12.8 0 2.7 0 25.4 19.7 103 90 5.9 -4.2
"46" "40" 2001-02-18 30.18 "SAC" "" "UTA" "L" -4 0 13.1166666666667 0.931 1 18.5 32.8 26.1 0 0 5.1 21 17.5 148 103 8.3 11.4
"47" "41" 2001-02-20 30.18 "SAC" "" "ATL" "W" 14 0 20.95 0.556 0.556 19.7 15.6 17.9 0 0 0 0 17.9 134 95 10.1 2.8
"48" "42" 2001-02-22 30.19 "SAC" "@" "WAS" "W" 5 0 21.2 0.429 0.429 7.4 17.6 13.8 13.8 0 3 0 15.3 115 120 5.5 -3.5
"49" "43" 2001-02-23 30.19 "SAC" "@" "TOR" "W" 1 0 16.5 0.595 0.6 29.6 14 21.6 0 0 0 0 16.5 141 109 7.3 3
"50" "44" 2001-02-25 30.2 "SAC" "@" "NYK" "L" -2 0 14.7166666666667 0.333 0.333 8.6 18.3 13.3 0 0 0 0 10.4 85 107 1.2 -7.6
"51" "45" 2001-02-27 30.2 "SAC" "" "LAC" "W" 13 0 16.7166666666667 0.134 0.143 14.2 29 21.5 8.5 0 0 0 21.6 56 101 0 -13.9
"52" "46" 2001-02-28 30.21 "SAC" "@" "GSW" "W" 21 0 25.2333333333333 0.758 0.727 17.1 30.7 24.3 6.1 0 2.3 7.8 21.2 148 99 19.1 7.5
"53" "47" 2001-03-02 30.21 "SAC" "@" "LAC" "L" -7 0 15.5166666666667 0.773 0.667 15.6 26.1 21.3 0 0 0 43.6 23 92 98 4.3 -1.4
"54" "" 2001-03-06 30.22 "SAC" "" "TOR" "W" 7 NA NA NA NA NA NA NA NA NA NA NA NA NA NA NA NA
"55" "48" 2001-03-07 30.22 "SAC" "@" "PHO" "W" 11 0 9.88333333333333 0.5 0.5 0 10.7 5.3 0 5.2 0 0 8.5 117 91 2.3 3
"56" "49" 2001-03-09 30.23 "SAC" "" "DEN" "W" 6 0 6.21666666666667 0.521 0.5 0 53.3 27.6 0 0 0 0 20.4 111 103 2.5 -1.2
"57" "50" 2001-03-11 30.24 "SAC" "" "UTA" "W" 15 0 7.78333333333333 NA NA 15.8 17.6 16.7 0 6.5 0 100 5.7 54 92 0.2 -6.4
"58" "51" 2001-03-13 30.24 "SAC" "@" "ORL" "W" 6 0 5.38333333333333 0 0 0 61.2 32.4 0 0 0 0 17.7 0 86 -0.5 -15.4
"59" "52" 2001-03-14 30.24 "SAC" "@" "MIA" "L" -10 1 28.8166666666667 0.512 0.5 10.3 29.8 20.3 0 0 0 17 9.5 109 118 5.6 -4.8
"60" "53" 2001-03-16 30.25 "SAC" "@" "PHI" "W" 21 0 1.9 1 1 0 0 0 0 0 0 0 25 200 104 1.7 18.7
"61" "" 2001-03-18 30.25 "SAC" "@" "IND" "L" -6 NA NA NA NA NA NA NA NA NA NA NA NA NA NA NA NA
"62" "54" 2001-03-20 30.26 "SAC" "" "HOU" "W" 16 0 5.56666666666667 0.333 0.333 32 0 13.8 0 0 0 0 22.6 97 119 0.6 -18.5
"63" "" 2001-03-22 30.27 "SAC" "" "DET" "W" 5 NA NA NA NA NA NA NA NA NA NA NA NA NA NA NA NA
"64" "" 2001-03-25 30.27 "SAC" "" "LAL" "L" -12 NA NA NA NA NA NA NA NA NA NA NA NA NA NA NA NA
"65" "" 2001-03-27 30.28 "SAC" "" "NYK" "W" 7 NA NA NA NA NA NA NA NA NA NA NA NA NA NA NA NA
"66" "55" 2001-03-28 30.28 "SAC" "@" "LAL" "W" 24 0 3.65 1 1 0 43.6 26.7 0 0 0 0 23.6 200 79 4 23.6
"67" "" 2001-03-30 30.29 "SAC" "" "MIN" "W" 12 NA NA NA NA NA NA NA NA NA NA NA NA NA NA NA NA
"68" "" 2001-04-01 30.29 "SAC" "" "DAL" "L" -12 NA NA NA NA NA NA NA NA NA NA NA NA NA NA NA NA
"69" "" 2001-04-03 30.3 "SAC" "" "MIL" "L" -6 NA NA NA NA NA NA NA NA NA NA NA NA NA NA NA NA
"70" "56" 2001-04-05 30.3 "SAC" "@" "UTA" "W" 6 0 6.33333333333333 0.667 0.667 0 19.5 9.5 0 0 0 0 23 129 101 3 5.8
"71" "57" 2001-04-06 30.31 "SAC" "@" "VAN" "W" 28 0 9.65 0.307 0.25 12 36.9 26.1 0 0 5.9 0 21.8 85 88 2.4 -9.5
"72" "" 2001-04-08 30.31 "SAC" "" "POR" "W" 9 NA NA NA NA NA NA NA NA NA NA NA NA NA NA NA NA
"73" "58" 2001-04-10 30.32 "SAC" "" "LAC" "W" 7 0 5.2 0.5 0.5 25.2 0 11 0 0 0 33.3 27.9 80 116 0.7 -13.1
"74" "" 2001-04-12 30.32 "SAC" "@" "SAS" "W" 2 NA NA NA NA NA NA NA NA NA NA NA NA NA NA NA NA
"75" "" 2001-04-13 30.33 "SAC" "@" "DAL" "L" -4 NA NA NA NA NA NA NA NA NA NA NA NA NA NA NA NA
"76" "" 2001-04-15 30.33 "SAC" "@" "PHO" "L" -2 NA NA NA NA NA NA NA NA NA NA NA NA NA NA NA NA
"77" "59" 2001-04-16 30.33 "SAC" "" "VAN" "W" 10 0 2.1 0 0 0 0 0 0 0 0 0 61.8 0 110 -2.1 -61
"1" "" 2001-10-30 30.87 "SAC" "" "SEA" "W" 6 NA NA NA NA NA NA NA NA NA NA NA NA NA NA NA NA
"2" "1" 2001-11-03 30.88 "SAC" "@" "DEN" "W" 12 0 19.5833333333333 0.605 0.571 11.4 25.5 18.9 8.8 0 3.3 0 16.8 138 99 9.2 4.7
"3" "2" 2001-11-04 30.89 "SAC" "" "SAS" "W" 20 0 26.6166666666667 0.421 0.364 11.9 9.5 10.6 15.3 0 2.3 14.4 21.3 96 92 6.1 -3.1
"4" "3" 2001-11-06 30.89 "SAC" "@" "CLE" "W" 16 0 10.5333333333333 0.8 0.8 10.7 49.2 28.6 18.6 0 6.8 0 22.2 167 100 9.4 17.2
"5" "4" 2001-11-07 30.9 "SAC" "@" "IND" "L" -12 0 26.0333333333333 0.375 0.375 12 18 14.9 17.1 0 2.4 20 15.9 89 118 4.5 -3.9
"6" "5" 2001-11-09 30.9 "SAC" "@" "ORL" "L" -10 0 6.9 0 0 14 0 6.7 0 0 0 0 5.7 59 118 0 -7
"7" "6" 2001-11-10 30.9 "SAC" "@" "MIA" "W" 15 0 16.7 0.643 0.6 7.1 6.9 7 12.5 3.2 0 0 14.8 144 86 7 9.8
"8" "7" 2001-11-13 30.91 "SAC" "" "TOR" "W" 9 0 28.0333333333333 0.506 0.444 12.9 4.2 8.5 0 1.9 4.9 0 15.5 127 98 10.1 3.8
"9" "8" 2001-11-16 30.92 "SAC" "" "CHI" "W" 34 0 27.15 0.326 0.357 20.7 13.3 17.1 11.1 0 2.6 6.1 27.4 85 79 5.3 -9.2
"10" "9" 2001-11-18 30.93 "SAC" "@" "LAL" "L" -8 0 20.15 0.539 0.5 10.4 17.8 14.4 0 0 0 30.1 14.5 85 102 2.6 -6.7
"11" "10" 2001-11-19 30.93 "SAC" "" "HOU" "W" 36 0 26.2 0.333 0.333 0 24.1 12.7 4.2 0 6.6 0 10.3 83 82 4.1 -2.2
"12" "11" 2001-11-21 30.93 "SAC" "" "POR" "W" 12 0 22.0333333333333 0.333 0.333 9.1 36.4 21.8 12.6 0 0 25 15.9 74 91 3.5 -2.8
"13" "12" 2001-11-24 30.94 "SAC" "" "NJN" "W" 1 0 5.23333333333333 NA NA 0 20.9 10.1 0 0 0 NA 0 0 99 0.3 -3.8
"14" "13" 2001-11-26 30.95 "SAC" "@" "MEM" "L" -4 0 9.45 0.5 0.5 0 20.9 10.4 0 0 0 0 17.7 97 107 2.6 -2.2
"15" "14" 2001-11-27 30.95 "SAC" "@" "HOU" "W" 5 0 23.4166666666667 0.571 0.571 18.6 8.5 13.3 7.5 2.3 0 20.2 20.1 103 94 7.2 -1.8
"16" "" 2001-11-29 30.96 "SAC" "@" "DAL" "W" 12 NA NA NA NA NA NA NA NA NA NA NA NA NA NA NA NA
"17" "15" 2001-11-30 30.96 "SAC" "@" "SAS" "W" 3 0 28.0166666666667 0.766 0.8 8.4 16.8 12.6 15.9 0 0 0 17.8 157 109 15 11.5
"18" "16" 2001-12-02 30.96 "SAC" "" "DAL" "L" -6 0 25.3666666666667 0.4 0.4 11.8 38.1 22.8 6.3 2.1 0 0 16.9 107 116 7.7 -0.2
"19" "17" 2001-12-04 30.97 "SAC" "" "PHI" "W" 10 0 20 0.347 0.5 0 14.7 7.2 0 0 0 25.8 8.4 48 100 -0.7 -10.7
"20" "18" 2001-12-07 30.98 "SAC" "" "LAL" "W" 6 0 6.88333333333333 0 0 0 41.1 22.9 0 0 0 0 13.6 0 91 -0.5 -11.3
"21" "" 2001-12-18 31.01 "SAC" "" "DET" "W" 4 NA NA NA NA NA NA NA NA NA NA NA NA NA NA NA NA
"22" "19" 2001-12-19 31.01 "SAC" "@" "SEA" "L" -12 0 8.91666666666667 0 0 0 32.3 13.3 0 0 8.2 33.3 15.4 0 107 -1.9 -18.8
"23" "20" 2001-12-22 31.02 "SAC" "@" "LAC" "L" -16 0 18.6833333333333 0.556 0.556 20.6 0 10.5 10.8 2.7 7.1 25 29.1 89 106 7.8 1
"24" "21" 2001-12-23 31.02 "SAC" "" "PHO" "W" 32 0 16.9333333333333 0.868 1 16.1 5.5 9.8 27.7 0 0 0 14 187 109 11.3 13.8
"25" "" 2001-12-26 31.03 "SAC" "" "POR" "W" 15 NA NA NA NA NA NA NA NA NA NA NA NA NA NA NA NA
"26" "" 2001-12-28 31.04 "SAC" "" "MIN" "W" 14 NA NA NA NA NA NA NA NA NA NA NA NA NA NA NA NA
"27" "22" 2001-12-30 31.04 "SAC" "" "BOS" "W" 15 0 3.3 0 0 0 29.6 16.3 0 0 0 0 30.2 0 99 -1.1 -29.6
"28" "23" 2002-01-02 31.05 "SAC" "" "LAC" "W" 14 0 5.76666666666667 0 0 0 17.8 8.2 0 0 0 0 7.2 0 103 -0.8 -18.3
"29" "24" 2002-01-05 31.06 "SAC" "@" "PHO" "W" 6 0 3.48333333333333 NA NA 0 0 0 0 0 0 NA 0 0 118 -0.4 -9.6
"30" "25" 2002-01-06 31.06 "SAC" "" "MIL" "W" 14 0 3.85 0 0 30 0 15.4 0 0 0 0 11 72 121 0 -16.1
"31" "26" 2002-01-13 31.08 "SAC" "" "PHO" "W" 3 0 5.41666666666667 0 0 54.5 50 52.2 0 0 0 33.3 21.4 55 97 0.6 -17.7
"32" "" 2002-01-15 31.08 "SAC" "" "CLE" "W" 7 NA NA NA NA NA NA NA NA NA NA NA NA NA NA NA NA
"33" "" 2002-01-16 31.09 "SAC" "@" "DEN" "W" 5 NA NA NA NA NA NA NA NA NA NA NA NA NA NA NA NA
"34" "27" 2002-01-18 31.09 "SAC" "" "GSW" "W" 24 0 9.1 0.512 0.5 39 11.6 24.5 30.2 0 0 0 22.6 142 103 6.4 9.2
"35" "28" 2002-01-21 31.1 "SAC" "" "MEM" "W" 14 0 8.51666666666667 0 0 23.5 17.1 20.9 0 6 0 0 15.2 48 92 0.2 -12.6
"36" "" 2002-01-22 31.1 "SAC" "@" "POR" "L" -6 NA NA NA NA NA NA NA NA NA NA NA NA NA NA NA NA
"37" "29" 2002-01-24 31.11 "SAC" "" "UTA" "W" 33 0 12 0.592 0.6 17 16 16.5 0 0 0 0 23.9 132 87 6.1 2.7
"38" "" 2002-01-26 31.12 "SAC" "@" "UTA" "W" 24 NA NA NA NA NA NA NA NA NA NA NA NA NA NA NA NA
"39" "" 2002-01-31 31.13 "SAC" "@" "SEA" "W" 4 NA NA NA NA NA NA NA NA NA NA NA NA NA NA NA NA
"40" "30" 2002-02-01 31.13 "SAC" "" "DEN" "W" 36 0 10.1166666666667 0.4 0.4 10.9 33.1 23.5 0 0 0 16.7 24.4 88 93 1.8 -13.5
"41" "" 2002-02-03 31.14 "SAC" "@" "MIN" "W" 5 NA NA NA NA NA NA NA NA NA NA NA NA NA NA NA NA
"42" "31" 2002-02-04 31.14 "SAC" "@" "NJN" "L" -34 0 5.83333333333333 0.174 0 16.3 0 8.9 0 7.9 0 25.8 26 40 109 -0.1 -11.5
"43" "32" 2002-02-06 31.15 "SAC" "@" "BOS" "W" 17 0 14.8333333333333 0.436 0.333 24.6 17.5 20.4 0 0 0 0 21 111 92 5.2 -4.9
"44" "33" 2002-02-07 31.15 "SAC" "@" "WAS" "L" -7 0 2.46666666666667 1 1 0 34 17 0 0 0 0 15.5 200 113 2 17.2
"45" "34" 2002-02-12 31.16 "SAC" "" "SAS" "W" 13 0 2.8 1 1 0 0 0 0 0 0 0 13.8 200 103 1.7 13.5
"46" "35" 2002-02-14 31.17 "SAC" "" "WAS" "W" 16 0 7.43333333333333 0.5 0.5 0 14.6 7.2 0 0 0 20 30.2 73 98 0.5 -13.7
"47" "" 2002-02-17 31.18 "SAC" "" "SEA" "L" -10 NA NA NA NA NA NA NA NA NA NA NA NA NA NA NA NA
"48" "36" 2002-02-19 31.18 "SAC" "" "ATL" "W" 20 0 6.7 0.333 0.333 37.1 29.2 32.7 0 0 0 0 20.9 107 89 1.1 -15.9
"49" "37" 2002-02-21 31.19 "SAC" "@" "SAS" "L" -23 0 9.95 0.5 0.5 21.3 23.4 22.3 0 0 0 20 21.9 91 124 3 -6
"50" "38" 2002-02-23 31.19 "SAC" "@" "DAL" "L" -14 0 3.31666666666667 1 1 0 0 0 0 0 0 0 14.1 200 123 1.7 7
"51" "39" 2002-02-26 31.2 "SAC" "" "UTA" "W" 26 0 8.71666666666667 0.333 0.333 0 42.1 18.2 0 0 0 0 13.5 75 82 0 -9.8
"52" "40" 2002-03-01 31.21 "SAC" "@" "GSW" "W" 8 0 7.81666666666667 0.5 0.5 15.4 23.1 19.8 29.3 0 0 0 10.6 146 108 3.3 5.8
"53" "" 2002-03-03 31.21 "SAC" "" "IND" "L" -11 NA NA NA NA NA NA NA NA NA NA NA NA NA NA NA NA
"54" "" 2002-03-04 31.22 "SAC" "@" "POR" "L" -12 NA NA NA NA NA NA NA NA NA NA NA NA NA NA NA NA
"55" "41" 2002-03-08 31.23 "SAC" "" "CHH" "W" 12 0 5.96666666666667 0.2 0.2 40 17.4 27.9 0 8.4 0 0 37 69 78 1.2 -11.1
"56" "42" 2002-03-10 31.23 "SAC" "@" "MIL" "W" 25 0 7.93333333333333 0.25 0.25 14 14.3 14.1 0 0 0 0 23.6 69 90 0.6 -13.2
"57" "" 2002-03-11 31.24 "SAC" "@" "CHI" "W" 4 NA NA NA NA NA NA NA NA NA NA NA NA NA NA NA NA
"58" "43" 2002-03-13 31.24 "SAC" "@" "PHI" "W" 4 0 4.9 0.532 0 19.6 0 10.2 0 10.6 0 0 17 141 87 3 10.1
"59" "44" 2002-03-14 31.24 "SAC" "@" "NYK" "L" -17 0 23.2833333333333 0.42 0.333 11.8 19.9 15.4 0 0 5.5 17.4 10.6 93 119 4.4 -5.2
"60" "" 2002-03-17 31.25 "SAC" "@" "TOR" "W" 3 NA NA NA NA NA NA NA NA NA NA NA NA NA NA NA NA
"61" "45" 2002-03-19 31.26 "SAC" "" "HOU" "W" 23 0 17.1833333333333 0.571 0.571 12.3 19.8 16.4 8.9 0 0 0 18.1 131 93 7.6 2.5
"62" "46" 2002-03-21 31.26 "SAC" "" "DEN" "W" 36 0 18.2166666666667 0.222 0 7.8 18.4 14.5 6.2 0 6.8 22.8 22.3 54 84 0.3 -14.5
"63" "" 2002-03-24 31.27 "SAC" "" "LAL" "L" -1 NA NA NA NA NA NA NA NA NA NA NA NA NA NA NA NA
"64" "" 2002-03-26 31.28 "SAC" "" "LAC" "W" 17 NA NA NA NA NA NA NA NA NA NA NA NA NA NA NA NA
"65" "" 2002-03-28 31.28 "SAC" "@" "HOU" "W" 27 NA NA NA NA NA NA NA NA NA NA NA NA NA NA NA NA
"66" "" 2002-03-29 31.28 "SAC" "@" "CHH" "W" 5 NA NA NA NA NA NA NA NA NA NA NA NA NA NA NA NA
"67" "47" 2002-03-31 31.29 "SAC" "@" "ATL" "W" 1 0 4.6 1 1 0 0 0 0 0 0 0 10.6 200 105 1.7 4.2
"68" "48" 2002-04-02 31.3 "SAC" "@" "MEM" "W" 24 0 16.6166666666667 0.45 0.375 11.5 25.7 19 7.3 2.9 0 18.4 26.9 89 80 5.8 -2.4
"69" "49" 2002-04-03 31.3 "SAC" "@" "DET" "W" 21 0 4.56666666666667 0.5 0.5 0 0 0 0 0 0 0 18.3 96 101 0.6 -9.1
"70" "" 2002-04-05 31.3 "SAC" "@" "UTA" "W" 8 NA NA NA NA NA NA NA NA NA NA NA NA NA NA NA NA
"71" "50" 2002-04-07 31.31 "SAC" "" "NYK" "W" 34 0 12.9833333333333 0.282 0.25 7.1 16.4 11.4 0 3.8 0 0 17.2 76 82 0.9 -10.3
"72" "51" 2002-04-09 31.32 "SAC" "" "MIN" "W" 19 0 4.88333333333333 0.5 0.5 0 0 0 0 0 0 33.3 26.2 62 117 -0.8 -23.7
"73" "52" 2002-04-10 31.32 "SAC" "@" "GSW" "W" 2 0 3.76666666666667 0.5 0.5 32.4 0 12.8 0 0 0 0 21.5 123 121 1.3 -9.1
"74" "53" 2002-04-12 31.32 "SAC" "@" "LAC" "W" 19 0 2.08333333333333 1 1 0 0 0 0 0 0 0 23.1 200 125 1.7 13.2
"75" "54" 2002-04-14 31.33 "SAC" "" "DAL" "L" -13 0 8.88333333333333 1 1 0 0 0 0 0 0 66.7 14.6 43 134 -0.7 -14.6
"76" "55" 2002-04-16 31.33 "SAC" "" "GSW" "W" 14 0 28.5166666666667 0.816 0.813 8.3 31.7 20.9 6 0 0 10.1 27.7 144 105 25 10.9
"77" "56" 2002-04-17 31.34 "SAC" "@" "LAL" "L" -14 1 31.95 0.727 0.667 3.3 5.8 4.6 5.2 0 3.9 16.2 16.9 127 115 12.1 3.8
"1" "" 2002-10-29 31.87 "SAC" "" "CLE" "W" 27 NA NA NA NA NA NA NA NA NA NA NA NA NA NA NA NA
"2" "1" 2002-10-31 31.88 "SAC" "" "POR" "W" 28 0 22.4166666666667 0.237 0.2 0 4.3 2.4 0 0 0 0 12.8 53 87 -1 -9.2
"3" "2" 2002-11-02 31.88 "SAC" "@" "MEM" "W" 17 0 10.4833333333333 0.5 0.5 11.4 0 5.8 12.2 0 6.6 0 8.5 136 100 2.7 0.8
"4" "3" 2002-11-03 31.88 "SAC" "@" "MIA" "L" -10 0 13.2333333333333 0.129 0 7.7 7.5 7.6 0 0 5.1 20.5 17.4 34 103 -0.8 -11.9
"5" "4" 2002-11-05 31.89 "SAC" "@" "ORL" "L" -4 0 20.5 0.484 0.444 22.9 45.7 32.3 0 0 0 0 18.6 124 118 8.9 -4.1
"6" "5" 2002-11-06 31.89 "SAC" "@" "NYK" "L" -7 0 5.18333333333333 0 0 0 45.7 23.7 31 0 13.3 0 9.2 44 81 0.1 -2.3
"7" "" 2002-11-08 31.9 "SAC" "" "MEM" "W" 8 NA NA NA NA NA NA NA NA NA NA NA NA NA NA NA NA
"8" "6" 2002-11-10 31.9 "SAC" "" "ATL" "W" 8 0 5.23333333333333 0 0 19.6 21.8 20.6 0 0 0 0 8.4 62 101 -0.1 -12.9
"9" "" 2002-11-13 31.91 "SAC" "@" "GSW" "W" 11 NA NA NA NA NA NA NA NA NA NA NA NA NA NA NA NA
"10" "7" 2002-11-15 31.92 "SAC" "@" "SEA" "L" -14 0 9.43333333333333 1 1 0 0 0 0 0 0 0 18.8 200 118 6.8 12.9
"11" "" 2002-11-17 31.92 "SAC" "" "ORL" "W" 2 NA NA NA NA NA NA NA NA NA NA NA NA NA NA NA NA
"12" "8" 2002-11-19 31.93 "SAC" "" "CHI" "W" 13 0 21.45 0.571 0.571 5.9 12.8 9.9 0 0 8.1 0 15 135 104 8.6 2
"13" "" 2002-11-20 31.93 "SAC" "@" "LAC" "W" 4 NA NA NA NA NA NA NA NA NA NA NA NA NA NA NA NA
"14" "9" 2002-11-22 31.94 "SAC" "" "PHO" "W" 17 0 1.75 1 1 0 0 0 0 0 0 0 20.8 200 114 1.7 17.3
"15" "" 2002-11-23 31.94 "SAC" "@" "POR" "W" 1 NA NA NA NA NA NA NA NA NA NA NA NA NA NA NA NA
"16" "" 2002-11-26 31.95 "SAC" "@" "CLE" "W" 6 NA NA NA NA NA NA NA NA NA NA NA NA NA NA NA NA
"17" "10" 2002-11-27 31.95 "SAC" "@" "MIN" "L" -16 0 21.7333333333333 0.333 0.333 4.5 18.2 11.2 15.1 0 2.5 0 5.9 102 95 3.9 3.2
"18" "11" 2002-11-29 31.96 "SAC" "" "LAC" "W" 13 0 12 0.773 0.667 9.8 16.7 13.5 0 0 5.7 20.5 17.8 127 99 4.1 -2.4
"19" "12" 2002-12-01 31.96 "SAC" "" "HOU" "W" 19 0 7.91666666666667 0.694 1 0 17.1 7.8 0 0 0 41 13.8 63 100 -0.2 -13.8
"20" "" 2002-12-03 31.97 "SAC" "" "MIN" "W" 12 NA NA NA NA NA NA NA NA NA NA NA NA NA NA NA NA
"21" "" 2002-12-04 31.97 "SAC" "@" "DEN" "W" 2 NA NA NA NA NA NA NA NA NA NA NA NA NA NA NA NA
"22" "" 2002-12-06 31.98 "SAC" "" "DEN" "W" 21 NA NA NA NA NA NA NA NA NA NA NA NA NA NA NA NA
"23" "" 2002-12-08 31.98 "SAC" "@" "SAS" "W" 24 NA NA NA NA NA NA NA NA NA NA NA NA NA NA NA NA
"24" "" 2002-12-10 31.99 "SAC" "@" "HOU" "L" -7 NA NA NA NA NA NA NA NA NA NA NA NA NA NA NA NA
"25" "" 2002-12-14 32 "SAC" "@" "UTA" "W" 2 NA NA NA NA NA NA NA NA NA NA NA NA NA NA NA NA
"26" "13" 2002-12-15 32 "SAC" "" "NOH" "W" 15 0 2.05 0 0 0 100 90 0 0 0 50 47.6 0 52 -0.8 -39.7
"27" "14" 2002-12-17 32.01 "SAC" "" "PHO" "W" 9 0 2.45 0 0 0 0 0 58.5 0 0 0 21.4 48 94 -0.4 -7.5
"28" "" 2002-12-19 32.01 "SAC" "" "SAS" "L" -2 NA NA NA NA NA NA NA NA NA NA NA NA NA NA NA NA
"29" "" 2002-12-21 32.02 "SAC" "@" "PHO" "L" -9 NA NA NA NA NA NA NA NA NA NA NA NA NA NA NA NA
"30" "15" 2002-12-22 32.02 "SAC" "" "GSW" "W" 15 0 5.86666666666667 0.5 0.5 17.4 14.8 16 0 0 0 0 14.4 123 98 2 -1.7
"31" "" 2002-12-25 32.03 "SAC" "@" "LAL" "W" 6 NA NA NA NA NA NA NA NA NA NA NA NA NA NA NA NA
"32" "" 2002-12-28 32.04 "SAC" "" "POR" "L" -6 NA NA NA NA NA NA NA NA NA NA NA NA NA NA NA NA
"33" "16" 2003-01-04 32.05 "SAC" "@" "DEN" "W" 11 0 5.58333333333333 NA NA 0 17.4 8.6 0 0 0 NA 0 0 88 0.3 -5.6
"34" "17" 2003-01-05 32.06 "SAC" "" "MIA" "W" 26 0 14.65 0.5 0.5 14.5 14.1 14.3 0 3.4 7.5 0 18.4 114 68 6.9 5.4
"35" "18" 2003-01-07 32.06 "SAC" "@" "MIL" "W" 25 0 6.8 0.5 0.5 0 14 7.8 50.3 0 0 0 27.6 119 92 2.9 6.4
"36" "19" 2003-01-09 32.07 "SAC" "@" "NJN" "W" 36 0 10.5833333333333 0.543 0 10.9 8.7 9.7 0 0 0 0 10.9 139 92 2.9 -1.4
"37" "" 2003-01-10 32.07 "SAC" "@" "MIN" "L" -6 NA NA NA NA NA NA NA NA NA NA NA NA NA NA NA NA
"38" "" 2003-01-12 32.08 "SAC" "" "MEM" "W" 8 NA NA NA NA NA NA NA NA NA NA NA NA NA NA NA NA
"39" "20" 2003-01-15 32.08 "SAC" "" "DAL" "W" 29 0 3.66666666666667 1 1 0 25 14 0 0 0 0 10.8 200 98 2 8.4
"40" "" 2003-01-18 32.09 "SAC" "@" "LAC" "L" -5 NA NA NA NA NA NA NA NA NA NA NA NA NA NA NA NA
"41" "21" 2003-01-20 32.1 "SAC" "@" "GSW" "W" 22 0 2.98333333333333 0.5 0.5 0 0 0 0 0 0 33.3 46.3 58 104 0 -22.8
"42" "" 2003-01-21 32.1 "SAC" "" "NJN" "W" 7 NA NA NA NA NA NA NA NA NA NA NA NA NA NA NA NA
"43" "" 2003-01-23 32.11 "SAC" "@" "MEM" "W" 6 NA NA NA NA NA NA NA NA NA NA NA NA NA NA NA NA
"44" "" 2003-01-24 32.11 "SAC" "@" "ATL" "L" -11 NA NA NA NA NA NA NA NA NA NA NA NA NA NA NA NA
"45" "" 2003-02-16 32.17 "SAC" "" "SAS" "L" -3 NA NA NA NA NA NA NA NA NA NA NA NA NA NA NA NA
"46" "" 2003-02-18 32.18 "SAC" "" "MIL" "W" 9 NA NA NA NA NA NA NA NA NA NA NA NA NA NA NA NA
"47" "22" 2003-02-20 32.18 "SAC" "" "BOS" "W" 22 0 3.08333333333333 0.667 0.667 0 0 0 100 0 0 0 47.3 135 102 3.4 23.3
"48" "" 2003-02-23 32.19 "SAC" "" "NYK" "W" 7 NA NA NA NA NA NA NA NA NA NA NA NA NA NA NA NA
"49" "" 2003-02-25 32.2 "SAC" "" "DET" "W" 6 NA NA NA NA NA NA NA NA NA NA NA NA NA NA NA NA
"50" "" 2003-02-27 32.2 "SAC" "@" "DAL" "W" 2 NA NA NA NA NA NA NA NA NA NA NA NA NA NA NA NA
"51" "" 2003-03-01 32.21 "SAC" "@" "SAS" "L" -8 NA NA NA NA NA NA NA NA NA NA NA NA NA NA NA NA
"52" "" 2003-03-03 32.21 "SAC" "" "PHI" "W" 8 NA NA NA NA NA NA NA NA NA NA NA NA NA NA NA NA
"53" "" 2003-03-05 32.22 "SAC" "" "MIN" "W" 1 NA NA NA NA NA NA NA NA NA NA NA NA NA NA NA NA
"54" "" 2003-03-07 32.22 "SAC" "@" "UTA" "W" 3 NA NA NA NA NA NA NA NA NA NA NA NA NA NA NA NA
"55" "23" 2003-03-09 32.23 "SAC" "" "IND" "W" 19 0 3.9 0.667 0.667 0 0 0 0 0 0 25 46.4 84 106 0.9 -17.5
"56" "" 2003-03-13 32.24 "SAC" "@" "PHO" "L" -25 NA NA NA NA NA NA NA NA NA NA NA NA NA NA NA NA
"57" "" 2003-03-14 32.24 "SAC" "" "TOR" "W" 35 NA NA NA NA NA NA NA NA NA NA NA NA NA NA NA NA
"58" "" 2003-03-16 32.25 "SAC" "" "DAL" "L" -6 NA NA NA NA NA NA NA NA NA NA NA NA NA NA NA NA
"59" "24" 2003-03-18 32.25 "SAC" "" "GSW" "W" 26 0 3.28333333333333 0 0 0 25.4 14 0 0 0 0 38.3 0 89 -1.8 -37.1
"60" "" 2003-03-20 32.26 "SAC" "" "LAL" "W" 8 NA NA NA NA NA NA NA NA NA NA NA NA NA NA NA NA
"61" "" 2003-03-22 32.27 "SAC" "@" "POR" "W" 9 NA NA NA NA NA NA NA NA NA NA NA NA NA NA NA NA
"62" "" 2003-03-23 32.27 "SAC" "" "HOU" "W" 1 NA NA NA NA NA NA NA NA NA NA NA NA NA NA NA NA
"63" "" 2003-03-27 32.28 "SAC" "" "LAC" "W" 10 NA NA NA NA NA NA NA NA NA NA NA NA NA NA NA NA
"64" "25" 2003-03-29 32.28 "SAC" "@" "CHI" "W" 15 0 3.23333333333333 0 0 60.4 61.5 61 0 0 0 0 25.7 57 80 0.6 -17.9
"65" "" 2003-03-30 32.29 "SAC" "@" "DET" "L" -11 NA NA NA NA NA NA NA NA NA NA NA NA NA NA NA NA
"66" "" 2003-04-01 32.29 "SAC" "@" "IND" "W" 5 NA NA NA NA NA NA NA NA NA NA NA NA NA NA NA NA
"67" "" 2003-04-02 32.3 "SAC" "@" "WAS" "W" 6 NA NA NA NA NA NA NA NA NA NA NA NA NA NA NA NA
"68" "" 2003-04-04 32.3 "SAC" "@" "BOS" "W" 1 NA NA NA NA NA NA NA NA NA NA NA NA NA NA NA NA
"69" "26" 2003-04-06 32.31 "SAC" "@" "PHI" "W" 16 0 3.18333333333333 0 0 0 55.2 31.7 0 0 18.6 0 14.5 0 55 0.6 0.8
"70" "27" 2003-04-08 32.31 "SAC" "" "SEA" "W" 22 0 4.93333333333333 0.5 0.5 0 0 0 0 0 0 0 18.3 107 104 1 -3.7
"71" "" 2003-04-10 32.32 "SAC" "@" "LAL" "L" -13 NA NA NA NA NA NA NA NA NA NA NA NA NA NA NA NA
"72" "" 2003-04-11 32.32 "SAC" "" "DEN" "W" 2 NA NA NA NA NA NA NA NA NA NA NA NA NA NA NA NA
"73" "" 2003-04-16 32.33 "SAC" "" "UTA" "W" 11 NA NA NA NA NA NA NA NA NA NA NA NA NA NA NA NA
"1" "1" 2005-04-19 34.34 "CHI" "" "NYK" "W" 1 0 1.08333333333333 NA NA 0 0 0 0 0 0 NA 0 0 110 0 -6.8
"2" "2" 2005-04-20 34.35 "CHI" "@" "IND" "L" -2 0 20.5 0.549 0.5 5.7 10.7 8.3 0 0 0 0 20.6 120 110 5.7 -3.1
