"Rk" "G" "Date" "Age" "Tm" "H/A" "Opp" "W/L" "By Amt" "GS" "MP" "TS%" "eFG%" "ORB%" "DRB%" "TRB%" "AST%" "STL%" "BLK%" "TOV%" "USG%" "ORtg" "DRtg" "GmSc" "BPM"
"1" "1" 1993-11-05 22.88 "DAL" "@" "UTA" "L" -16 0 18 0.333 0.333 7.2 7.2 7.2 28.9 0 3.8 14.3 18.7 86 120 3.4 -2.9
"2" "2" 1993-11-06 22.88 "DAL" "" "GSW" "L" -4 0 25 0.364 0.364 0 10.4 4.6 6.8 2.3 0 0 19.7 96 109 2.6 -7.7
"3" "3" 1993-11-09 22.89 "DAL" "" "NJN" "L" -6 0 19 0.333 0.333 0 12 5.6 0 2.8 0 25 17.8 57 96 -1 -12.4
"4" "4" 1993-11-12 22.9 "DAL" "@" "MIN" "W" 16 0 24 0.532 0.5 0 6.5 2.9 4.4 0 3.2 0 6.8 124 114 3.5 -6.4
"5" "5" 1993-11-13 22.9 "DAL" "" "UTA" "L" -1 0 24 0.71 0.636 5.6 20 12.1 38.5 0 0 6.6 27.8 157 119 18.8 14.9
"6" "6" 1993-11-16 22.91 "DAL" "" "NYK" "L" -13 0 10 0.579 0.667 0 13.3 6.8 21.4 0 0 0 20.9 120 115 3.5 1.7
"7" "7" 1993-11-18 22.92 "DAL" "@" "LAC" "L" -4 0 23 0.462 0.462 12 14.2 13 27.9 0 0 0 24 115 98 8.8 2.7
"8" "8" 1993-11-19 22.92 "DAL" "@" "SEA" "L" -29 0 25 0.621 0.583 0 5.8 2.6 0 0 0 23.7 14.5 101 127 2.9 -3.7
"9" "9" 1993-11-21 22.93 "DAL" "@" "POR" "L" -13 0 20 0.389 0.389 10.7 0 5.6 16.7 7.4 0 0 19.7 101 98 6.5 3.8
"10" "10" 1993-11-23 22.93 "DAL" "" "LAC" "L" -7 0 11 0 0 8.7 0 5.3 0 0 0 0 10.9 19 122 -1.5 -17.1
"11" "11" 1993-11-26 22.94 "DAL" "" "CHI" "L" -23 0 24 0.564 0.5 0 11.4 4.9 6.7 0 0 15.8 11.3 103 120 3.1 -6.5
"12" "12" 1993-11-27 22.94 "DAL" "@" "SAS" "L" -24 0 19 0.688 0.688 10.1 13.5 11.9 61.7 0 0 27.3 25.9 104 118 7.9 3.9
"13" "13" 1993-11-30 22.95 "DAL" "@" "GSW" "L" -12 0 16 0.255 0.2 6.7 22 14 0 3.1 0 25.4 21.1 49 105 -0.3 -14.9
"14" "14" 1993-12-01 22.95 "DAL" "@" "LAL" "L" -33 0 24 0.515 0.444 0 19.4 7.8 12.9 7.8 2.7 14.7 22 102 106 11.1 7.1
"15" "15" 1993-12-05 22.96 "DAL" "@" "DEN" "L" -5 0 1 NA NA 0 0 0 0 0 0 NA 0 0 120 0 -9.6
"16" "16" 1993-12-07 22.97 "DAL" "" "MIA" "L" -5 0 20 0.467 0.286 6.3 27.9 17.8 7.9 5.5 0 17.2 27.5 93 106 5.8 -5.1
"17" "17" 1993-12-09 22.98 "DAL" "" "SEA" "L" -32 0 19 0.143 0.143 0 11.8 5.9 0 2.5 0 12.5 17.1 31 126 -2.7 -17.2
"18" "18" 1993-12-11 22.98 "DAL" "" "PHO" "L" -11 0 7 0 0 0 0 0 0 0 0 33.3 17.3 0 127 -2.4 -25.9
"19" "19" 1993-12-14 22.99 "DAL" "" "POR" "L" -7 0 9 0.333 0.333 0 0 0 0 0 0 0 26.3 80 109 0.6 -7.7
"20" "20" 1993-12-16 22.99 "DAL" "" "SAS" "L" -14 0 21 0.45 0.375 4.2 6.7 5.1 8.4 0 0 0 18.3 109 117 4.9 -2.3
"21" "21" 1993-12-18 23 "DAL" "@" "HOU" "L" -11 0 9 NA NA 13.3 0 5.7 13.7 0 0 NA 0 207 122 1 -3.6
"22" "22" 1993-12-20 23.01 "DAL" "@" "NYK" "L" -9 0 22 0.571 0.571 5.6 4.6 5.1 9 0 0 36.4 21.5 76 109 1.6 -7.9
"23" "23" 1993-12-22 23.01 "DAL" "@" "MIL" "L" -10 0 6 0 0 0 0 0 48.5 0 0 0 23.3 37 120 -0.7 -15.4
"24" "24" 1993-12-23 23.01 "DAL" "@" "MIN" "W" 4 0 10 0.667 0.667 13.3 0 7.2 0 0 0 40 22.1 76 107 1 -11.3
"25" "25" 1993-12-28 23.03 "DAL" "" "DEN" "L" -12 0 8 0.6 0.6 11.1 29.3 18.9 85.7 0 0 16.7 29.6 118 102 5 13.5
"26" "26" 1994-01-05 23.05 "DAL" "" "HOU" "L" -12 0 5 0.333 0.333 0 45.7 22.3 29.6 10 0 0 26.1 92 94 2.6 8.8
"27" "27" 1994-01-07 23.05 "DAL" "" "PHI" "L" -10 0 17 0.6 0.6 0 29 13.1 47.8 9 0 16.7 14.9 121 92 9.6 15.4
"28" "28" 1994-01-08 23.06 "DAL" "@" "CHI" "L" -19 0 20 0.421 0.286 4.1 22.9 11.9 17 0 0 19.4 20.8 85 106 3.4 -4.4
"29" "29" 1994-01-12 23.07 "DAL" "" "MIN" "L" -18 0 20 0 0 14.7 24.8 18.5 26.7 2.6 0 25 8.5 66 108 3.7 -2.3
"30" "30" 1994-01-14 23.07 "DAL" "@" "ATL" "L" -17 0 24 0.8 0.8 9.1 14.6 11.8 22.2 0 2.4 16.7 10.7 146 121 10.1 5.7
"31" "31" 1994-01-15 23.08 "DAL" "" "SAS" "L" -17 0 9 0.333 0.333 0 0 0 0 6.5 0 0 14.4 85 122 1.3 -5.7
"32" "32" 1994-01-18 23.08 "DAL" "@" "PHO" "L" -10 0 8 0.347 0.5 0 14.6 7.2 17.6 17.8 0 41 25 45 82 1.8 0.4
"33" "33" 1994-01-19 23.09 "DAL" "" "BOS" "L" -5 0 14 0.47 0.429 0 8.6 3.9 0 3.8 5 11.8 26.6 88 93 3.9 1.4
"34" "34" 1994-01-21 23.09 "DAL" "" "SEA" "L" -4 0 9 0.5 0.5 0 0 0 0 6.1 0 33.3 14.7 64 102 0.6 -5.3
"35" "35" 1994-01-22 23.1 "DAL" "@" "SAS" "L" -20 0 18 0.524 0.4 10.1 7.4 9 38.6 0 0 11.6 20.4 118 120 7.6 7.2
"36" "36" 1994-01-24 23.1 "DAL" "@" "BOS" "L" -8 0 12 0.6 0.6 9.3 0 4.5 14.8 0 5.2 28.6 26 93 123 2.6 -7.1
"37" "37" 1994-01-26 23.11 "DAL" "@" "PHI" "L" -14 0 20 0.507 0.5 5 10.9 7.8 41 2.5 0 10.1 20.3 110 107 8.3 6.3
"38" "38" 1994-01-27 23.11 "DAL" "@" "WSB" "L" -3 0 16 0.41 0.25 0 22.2 8.3 18.2 3.3 0 0 13.7 108 106 3 -5.3
"39" "39" 1994-01-29 23.12 "DAL" "" "SAC" "W" 7 0 20 0.519 0.429 30 21.2 25.9 7.5 2.6 0 0 20.9 142 110 11.2 4.7
"40" "40" 1994-01-31 23.12 "DAL" "" "ATL" "L" -5 0 17 0.286 0.286 0 12.8 6.3 0 2.9 0 22.2 22.5 47 93 -0.9 -12.8
"41" "41" 1994-02-02 23.13 "DAL" "@" "MIN" "W" 4 0 12 0 0 0 10 5 0 0 0 0 3.7 0 105 -1.2 -15.9
"42" "42" 1994-02-04 23.13 "DAL" "" "LAL" "L" -8 0 12 0.388 0.333 0 8 4.3 28.6 4.3 0 0 23.6 101 102 3.5 -0.1
"43" "43" 1994-02-06 23.14 "DAL" "@" "DEN" "L" -10 0 21 0.391 0.25 0 34.3 14.3 0 0 3.2 14.8 25.9 75 98 2.3 -9.3
"44" "44" 1994-02-08 23.14 "DAL" "" "MIN" "W" 3 0 8 0.387 0.333 0 0 0 19.9 0 0 0 21.9 96 112 1.2 -6
"45" "45" 1994-02-10 23.15 "DAL" "" "WSB" "W" 10 0 14 0.605 0.571 0 0 0 15.4 0 0 28.7 31.5 91 101 2.2 -9.2
"46" "46" 1994-02-15 23.16 "DAL" "" "POR" "L" -3 0 13 0.2 0.2 0 15.1 7.2 0 0 0 0 16.5 45 112 -1.7 -18.7
"47" "47" 1994-02-17 23.17 "DAL" "" "IND" "L" -11 0 2 0 0 0 0 0 0 0 0 50 40.7 0 101 -1.7 -46.3
"48" "48" 1994-02-19 23.17 "DAL" "" "DET" "L" -9 0 8 1 1 0 0 0 17.1 0 0 0 5 201 120 2 -2.2
"49" "49" 1994-02-21 23.18 "DAL" "@" "DET" "W" 10 0 18 0.868 0.75 6.8 26.7 16.9 9.2 0 0 14.8 17.3 157 103 9.6 6.7
"50" "50" 1994-02-22 23.18 "DAL" "@" "IND" "L" -6 0 14 0.457 0.286 0 0 0 0 0 0 10.2 27.6 100 116 1.7 -10.5
"51" "51" 1994-02-24 23.19 "DAL" "@" "CHH" "W" 5 0 14 0.5 0.5 0 18 10.4 8.5 3.4 0 33.3 19 71 107 1.9 -8.2
"52" "52" 1994-02-26 23.19 "DAL" "@" "CLE" "L" -11 0 17 0 0 6.7 8.3 7.4 6.6 3.1 0 0 14.8 24 120 -1.5 -15.3
"53" "53" 1994-02-27 23.19 "DAL" "@" "NJN" "L" -27 0 28 0.5 0.5 0 11.7 5.1 28.2 0 0 0 14.5 119 122 9 -0.9
"54" "54" 1994-03-03 23.21 "DAL" "" "ORL" "L" -13 0 32 0.661 0.5 3.2 12.9 7.3 18.5 4.9 0 18.1 15.6 124 112 13.2 3.9
"55" "55" 1994-03-05 23.21 "DAL" "" "UTA" "L" -13 0 7 1 1 0 0 0 0 7.7 0 66.7 18.7 42 108 0.3 -9.4
"56" "56" 1994-03-08 23.22 "DAL" "" "LAC" "L" -6 0 8 0.387 0.333 12 32.4 20.7 17.6 0 0 43.6 35.1 57 118 -0.9 -24.6
"57" "57" 1994-03-10 23.22 "DAL" "@" "LAL" "L" -5 0 14 0.667 0.667 0 20.2 8.7 21.2 7.6 0 14.3 20.7 126 107 8.4 9.9
"58" "58" 1994-03-11 23.23 "DAL" "@" "LAC" "L" -10 0 17 0.694 0.5 0 6.9 3.1 0 0 0 41 11.6 85 120 0.9 -12.3
"59" "59" 1994-03-13 23.23 "DAL" "" "HOU" "L" -7 0 4 0 0 0 0 0 0 0 0 0 19.8 0 121 -2.2 -37.7
"60" "60" 1994-03-16 23.24 "DAL" "@" "ORL" "L" -2 0 9 0.532 0 0 0 0 39 0 0 51.5 17.4 79 120 0.6 -9.4
"61" "61" 1994-03-17 23.24 "DAL" "@" "MIA" "L" -17 0 15 0.643 0.6 0 18.3 8.1 36.4 6.7 0 0 15.7 147 110 8.6 12.4
"62" "62" 1994-03-19 23.25 "DAL" "" "GSW" "L" -9 0 20 0.619 0.625 0 5.5 2.8 0 2.5 0 10.1 20.9 108 119 6.1 -3.3
"63" "63" 1994-03-23 23.26 "DAL" "" "LAL" "L" -3 0 15 0.444 0.2 8 26.7 16.8 0 3.4 0 0 20.2 112 112 3.9 -8.6
"64" "64" 1994-03-25 23.27 "DAL" "@" "PHO" "L" -5 0 14 0.814 0.7 0 8.2 4.1 0 0 0 12.9 24.7 139 112 7.6 6.4
"65" "65" 1994-03-26 23.27 "DAL" "@" "DEN" "L" -11 0 27 0.824 1 6.8 0 3.8 17.7 5.2 2.3 45.2 9.8 109 103 9.4 6.3
"66" "66" 1994-03-29 23.28 "DAL" "" "SAS" "L" -25 0 15 0.621 0.667 0 7.8 3.7 14.4 0 0 23.7 27.3 86 134 2.4 -10.3
"67" "67" 1994-04-01 23.28 "DAL" "" "CHH" "L" -2 0 6 0 0 0 0 0 20.5 0 11.3 40 33.9 13 113 -2.7 -27.2
"68" "68" 1994-04-05 23.3 "DAL" "@" "SAC" "W" 8 0 6 0.5 0.5 17.8 0 8.2 0 0 0 20 38.2 82 102 1.3 -8.7
"69" "69" 1994-04-07 23.3 "DAL" "@" "UTA" "L" -17 0 12 0.4 0.4 9.8 14.3 12.4 57.1 0 0 0 18.5 111 106 3.9 3.1
"70" "70" 1994-04-08 23.3 "DAL" "@" "SEA" "L" -18 0 10 0.868 1 27.4 35.1 31.6 0 4.7 0 25.8 17.3 138 99 5.9 10.8
"71" "71" 1994-04-11 23.31 "DAL" "@" "GSW" "L" -14 0 12 0.625 0.625 0 18.2 9.1 41 7.6 0 20 17.2 119 106 7.4 12.5
"72" "72" 1994-04-12 23.32 "DAL" "@" "POR" "W" 1 0 22 0.455 0.455 0 10.4 5.3 14 2.3 0 8.3 22.9 100 112 5.5 -3.6
"73" "73" 1994-04-15 23.32 "DAL" "" "DEN" "W" 2 0 17 0.25 0.25 0 6.4 3 17 0 3.8 0 9.6 86 108 0.8 -5.5
"74" "74" 1994-04-16 23.33 "DAL" "" "SAC" "L" -8 0 11 0.102 0 10.6 0 5.9 23 0 0 0 20 57 124 -0.5 -14.5
"75" "75" 1994-04-21 23.34 "DAL" "@" "HOU" "L" -26 0 18 0.667 0.667 4.4 13.3 7.9 9.6 0 0 10 20.5 123 121 7.9 2.4
"76" "76" 1994-04-22 23.34 "DAL" "" "HOU" "W" 12 0 9 0 0 0 0 0 0 5.4 0 25 18.4 0 96 -2.1 -18.4
"77" "77" 1994-04-24 23.35 "DAL" "" "MIN" "W" 14 0 21 0.637 0.5 0 0 0 0 0 0 10.4 19.7 125 121 5.8 -8.1
"1" "1" 1994-11-05 23.88 "DAL" "" "NJN" "W" 9 0 9 0 0 11.1 24.8 17.6 13.7 0 9 50 8.7 46 102 0.2 -6.6
"2" "2" 1994-11-08 23.89 "DAL" "" "DEN" "L" -8 0 11 0.902 0.833 0 0 0 43.2 4.6 0 34 20.1 127 119 6.8 9
"3" "3" 1994-11-11 23.9 "DAL" "@" "PHI" "W" 7 0 18 0.948 0.938 0 6.1 3.3 35.8 0 0 0 19.4 195 113 15.2 18
"4" "4" 1994-11-12 23.9 "DAL" "@" "CHI" "W" 4 0 22 0.429 0.375 0 12.7 7.4 6.2 2.2 0 9.7 19 97 110 4.8 -4
"5" "5" 1994-11-15 23.91 "DAL" "@" "MIA" "L" -13 0 17 0.466 0.417 0 17.6 7.4 0 0 0 13.4 18.4 92 129 1 -11.4
"6" "6" 1994-11-17 23.92 "DAL" "" "SAC" "W" 2 0 19 0.5 0.5 0 6.8 3.2 23.7 0 0 16.7 13.4 111 109 2.9 -1.5
"7" "7" 1994-11-19 23.92 "DAL" "" "CHI" "L" -26 0 30 0.237 0.188 3.3 11.2 7 15.3 3.3 2.4 10.6 13.7 63 113 4.2 -3.4
"8" "8" 1994-11-23 23.93 "DAL" "@" "LAL" "L" -12 0 16 0.25 0.25 0 0 0 0 0 0 20 11.8 52 125 -1.8 -16.9
"9" "9" 1994-11-26 23.94 "DAL" "@" "DEN" "W" 1 0 8 0.581 0.667 13.3 0 7.3 20.9 6.4 0 22.5 22.5 103 111 3.3 5.2
"10" "10" 1994-11-29 23.95 "DAL" "" "MIN" "W" 1 0 12 0.102 0 8.9 17.8 13.3 14.3 0 0 17 22 39 97 -1.6 -17.9
"11" "11" 1994-12-01 23.95 "DAL" "" "DEN" "L" -9 0 11 0.6 0.6 0 20.3 8.2 0 4.5 0 16.7 20.7 96 83 3.5 3.2
"12" "12" 1994-12-03 23.96 "DAL" "" "UTA" "L" -25 0 10 0.635 0.571 12.6 0 6.8 54.5 0 7 0 36.3 138 124 8.8 20.7
"13" "13" 1994-12-06 23.97 "DAL" "@" "SAS" "W" 3 0 17 0.425 0.3 0 7.4 3.3 6.6 0 0 0 13.3 133 116 0.9 -9
"14" "14" 1994-12-08 23.97 "DAL" "" "WSB" "L" -3 0 14 1 1 7.6 0 3.9 0 0 0 0 11.6 200 124 7.1 5
"15" "15" 1994-12-10 23.98 "DAL" "" "CHH" "W" 13 0 23 0.51 0.4 0 10.7 4.8 5.4 2.4 0 0 11.1 133 98 5.6 0.7
"16" "16" 1994-12-13 23.99 "DAL" "" "LAL" "L" -7 0 15 0.82 0.75 0 6.7 3.7 0 0 0 29.1 19.1 110 123 4.3 -6.2
"17" "17" 1994-12-15 23.99 "DAL" "" "BOS" "W" 9 0 6 0.333 0.333 24.2 17.4 20.3 20 0 0 0 20.2 124 118 1.6 -5.1
"18" "18" 1994-12-17 24 "DAL" "@" "LAC" "W" 19 0 19 1 1 0 4.5 2.6 28.9 0 0 33.3 6.8 143 102 4.7 4.4
"19" "19" 1994-12-20 24.01 "DAL" "@" "GSW" "W" 3 0 14 0.255 0.2 19.8 25.7 22.4 0 3.5 0 7.8 35 72 105 2 -11.4
"20" "20" 1994-12-22 24.01 "DAL" "@" "SEA" "L" -2 0 12 1.333 1.333 0 11.1 5.9 14.8 0 0 0 10.5 259 116 7.3 18
"21" "21" 1994-12-23 24.01 "DAL" "@" "POR" "L" -26 0 17 0.785 0.7 6.1 11.3 8.8 24 0 3.5 0 17.8 170 117 12.3 16.6
"22" "22" 1994-12-26 24.02 "DAL" "@" "PHO" "L" -26 0 15 0.155 0.167 7 16.8 11.4 29.2 0 0 0 16.2 78 137 1.9 -8.6
"23" "23" 1994-12-27 24.02 "DAL" "" "PHO" "L" -1 0 11 0.347 0.5 0 0 0 0 4.3 5.1 0 10.7 70 112 0.7 -4.8
"24" "24" 1994-12-30 24.03 "DAL" "" "GSW" "W" 16 0 16 0.635 0.643 11.3 12 11.7 8.8 2.9 0 0 18.6 148 92 9.6 10.5
"25" "25" 1995-01-03 24.04 "DAL" "" "HOU" "L" -12 0 5 1 1 0 0 0 29.6 11 0 50 15.7 97 111 2 7.9
"26" "26" 1995-01-05 24.05 "DAL" "@" "HOU" "L" -9 0 11 0.521 0.5 0 0 0 13.8 0 0 0 10.6 123 119 1.5 -6.3
"27" "27" 1995-01-06 24.05 "DAL" "" "IND" "W" 11 0 9 0.583 0.583 0 13 6.3 0 5.9 0 0 28.7 124 93 4.5 9.7
"28" "28" 1995-01-09 24.06 "DAL" "@" "UTA" "L" -16 0 11 0.2 0.2 8.4 0 5.1 61 0 0 0 20.9 86 121 2.4 -1.2
"29" "29" 1995-01-11 24.07 "DAL" "" "LAC" "W" 5 0 8 0 0 0 29.3 14 29.3 0 0 0 5.4 89 103 0.9 -5.7
"30" "30" 1995-01-12 24.07 "DAL" "@" "DEN" "L" -16 0 10 0.5 0.5 11.4 0 5.5 22.4 0 0 0 17.7 114 113 3.4 3.2
"31" "31" 1995-01-14 24.07 "DAL" "" "MIA" "L" -7 0 15 0.605 0.571 12.5 8.4 10.8 42.1 0 0 11.8 23.7 118 98 7.8 10.6
"32" "32" 1995-01-15 24.08 "DAL" "@" "SAS" "W" 5 0 6 0 0 0 17.8 8.9 0 7.9 0 33.3 20.7 0 89 -1.5 -17.7
"33" "33" 1995-01-20 24.09 "DAL" "" "NYK" "L" -13 0 3 0 0 0 42.1 21.9 94.1 0 0 0 32.8 53 118 0.3 -7.1
"34" "34" 1995-01-21 24.09 "DAL" "" "SEA" "L" -26 0 18 0.381 0.286 15.7 20.5 17.8 16.3 2.7 3.7 11.3 18.5 101 110 7 6.1
"35" "35" 1995-01-23 24.1 "DAL" "@" "UTA" "L" -5 0 5 0.9 0.9 60 0 27.8 0 0 0 16.7 56.4 139 133 7.5 29.7
"36" "36" 1995-01-24 24.1 "DAL" "@" "SAC" "L" -1 0 33 0.5 0.5 6.6 17.9 12.1 13.6 5 2.2 0 10.1 126 98 11.6 5.5
"37" "37" 1995-01-27 24.11 "DAL" "" "MIN" "L" -8 0 10 0.935 0.9 0 0 0 32.4 0 0 14.5 29.1 155 124 8.8 23.1
"38" "38" 1995-01-28 24.11 "DAL" "" "SAC" "L" -3 0 8 0.579 0.333 0 0 0 0 0 9 0 23.4 139 99 3.6 7.7
"39" "39" 1995-01-31 24.12 "DAL" "@" "MIL" "L" -2 0 28 0.702 0.429 12 15.6 13.8 9.8 3.8 0 14.9 21.4 142 114 15.4 5.1
"40" "40" 1995-02-01 24.12 "DAL" "@" "MIN" "W" 21 0 30 0.608 0.75 0 6.3 3.7 14.5 1.9 0 14.8 10.3 118 99 5.3 -1.8
"41" "41" 1995-02-03 24.13 "DAL" "" "SAS" "L" -11 0 23 0.574 0.5 16.7 4.6 11 16.3 4.4 0 7.6 24.8 127 117 14.1 9.8
"42" "42" 1995-02-04 24.13 "DAL" "" "UTA" "W" 21 0 10 0.51 0.4 0 19.6 11.4 0 5.2 0 0 23.6 144 97 4.5 2.8
"43" "43" 1995-02-07 24.14 "DAL" "" "PHO" "L" -1 0 21 0.619 0.625 4.2 5.9 4.9 12.7 0 0 0 16.4 152 127 9 4.5
"44" "44" 1995-02-08 24.14 "DAL" "@" "ORL" "L" -18 0 14 0.75 0.75 7.3 0 4.2 27.1 0 0 14.3 22.2 133 125 7.5 9.6
"45" "45" 1995-02-14 24.16 "DAL" "" "POR" "W" 5 0 28 0.581 0.542 3.6 14.3 9 13.3 1.9 0 6.8 22.4 122 98 12.9 7.2
"46" "46" 1995-02-17 24.17 "DAL" "" "ATL" "L" -20 0 20 0.436 0.333 5.2 6.7 5.9 8.2 2.8 0 0 14.8 115 127 4.9 -3
"47" "47" 1995-02-21 24.18 "DAL" "@" "WSB" "W" 5 0 34 0.847 0.808 3.7 6.9 5.4 20.3 0 0 11.9 22.3 157 115 20.8 9.1
"48" "48" 1995-02-23 24.18 "DAL" "@" "ATL" "L" -18 1 43 0.447 0.412 7.8 5.2 6.7 7.9 6.3 0 5.3 17.5 113 116 14.9 3.3
"49" "49" 1995-02-24 24.19 "DAL" "@" "NJN" "L" -10 0 40 0.713 0.667 0 14.4 8.5 12.2 1.3 0 13.1 17.1 132 124 15.9 2.2
"50" "50" 1995-02-26 24.19 "DAL" "@" "IND" "L" -8 1 38 0.53 0.455 0 3.7 1.6 12.8 2.7 0 13.2 17.8 101 108 9.9 -1.1
"51" "51" 1995-02-28 24.2 "DAL" "" "HOU" "W" 1 1 33 0.571 0.571 3 19.8 10.9 4.3 3.1 0 12.5 10 113 105 8.5 -1.1
"52" "52" 1995-03-02 24.2 "DAL" "" "CLE" "W" 6 1 39 0.66 0.636 2.8 12.1 7.8 5.3 0 0 6.8 16.9 130 99 13.8 3.5
"53" "53" 1995-03-04 24.21 "DAL" "" "DET" "L" -7 1 31 0.515 0.385 6.1 4 5.2 6.4 1.7 0 5.7 24 118 112 11.1 -0.5
"54" "54" 1995-03-07 24.22 "DAL" "" "DEN" "L" -3 1 33 0.575 0.55 3.2 4.3 3.6 9.2 3.3 0 16.1 17.2 101 111 9 0.1
"55" "55" 1995-03-08 24.22 "DAL" "@" "UTA" "L" -27 1 24 0.152 0.111 3.4 6.1 4.4 6.3 2.1 2.9 16.8 20.3 39 119 -3.1 -14.8
"56" "56" 1995-03-11 24.23 "DAL" "@" "HOU" "L" -7 1 40 0.893 0.833 0 9.7 4 4.5 0 0 0 11.6 192 121 17.3 6.1
"57" "57" 1995-03-13 24.23 "DAL" "@" "GSW" "W" 5 1 31 0.56 0.538 6.1 10.6 8.1 21.1 0 0 0 19.3 138 121 15.1 2.1
"58" "58" 1995-03-14 24.24 "DAL" "@" "SAC" "W" 1 1 17 0.5 0.5 0 11.8 5.8 9 3 0 20 13 84 94 3.3 -1.2
"59" "59" 1995-03-17 24.24 "DAL" "" "PHI" "W" 2 1 27 0.273 0.273 3.4 4.8 4 4.7 0 0 0 16.9 77 118 1.2 -11.6
"60" "60" 1995-03-18 24.25 "DAL" "@" "SAS" "L" -10 1 26 0.727 0.667 14.2 3.9 8.6 12.8 2 4.8 16.2 21.3 137 130 14.1 9.4
"61" "61" 1995-03-20 24.25 "DAL" "@" "CLE" "W" 2 1 23 0.222 0.222 0 10.5 4.8 7 4.9 3.2 35.7 28.5 34 92 -2.9 -16.5
"62" "62" 1995-03-22 24.26 "DAL" "@" "MIN" "W" 3 1 28 0.507 0.5 7 4.3 5.8 17.1 4.1 0 0 12.7 144 113 10 5.1
"63" "63" 1995-03-23 24.26 "DAL" "@" "DET" "W" 8 1 27 0.768 0.75 3.7 11.6 7.6 5.9 1.9 0 0 14.4 169 102 14.3 8.1
"64" "64" 1995-03-25 24.27 "DAL" "" "UTA" "W" 7 1 30 0.73 0.679 0 0 0 12.2 1.7 0 20.2 28.1 120 117 13.6 2.4
"65" "65" 1995-03-28 24.27 "DAL" "" "MIL" "W" 21 1 32 0.517 0.531 16.4 5.2 10.6 8.7 0 0 0 20 132 100 13.6 3.6
"66" "66" 1995-03-30 24.28 "DAL" "@" "CHH" "W" 18 1 25 0.759 0.722 16.5 11.8 13.7 9.7 0 0 0 16.7 171 110 14.7 7.1
"67" "67" 1995-03-31 24.28 "DAL" "@" "NYK" "L" -11 1 29 0.429 0.429 3 4.7 3.6 7.5 3.6 0 12.5 22.8 85 110 5.5 -4.1
"68" "68" 1995-04-02 24.29 "DAL" "@" "BOS" "L" -7 1 36 0.364 0.353 4.7 9.3 6.7 18.8 2.9 0 10.1 22.7 88 104 7.4 -2.3
"69" "69" 1995-04-05 24.3 "DAL" "" "LAL" "W" 19 1 39 0.481 0.357 2.6 5.2 3.9 11.2 0 0 5.7 17.4 135 126 10.1 -6.4
"70" "70" 1995-04-07 24.3 "DAL" "" "MIN" "W" 17 1 31 0.48 0.346 5.2 8.6 6.5 13 1.6 0 0 18.5 136 99 11.4 1.8
"71" "71" 1995-04-08 24.3 "DAL" "" "SEA" "L" -27 1 29 1.042 1.036 3.6 8.9 6 12 0 0 21.2 28.3 131 133 22.8 15.3
"72" "72" 1995-04-10 24.31 "DAL" "" "GSW" "L" -11 1 31 0.222 0.222 6.3 13.5 9.8 22.2 0 2.6 25 14.8 72 123 1 -12.1
"73" "73" 1995-04-13 24.32 "DAL" "@" "SEA" "L" -21 1 26 0.621 0.556 0 0 0 6 1.7 0 7.6 17.6 129 125 9.4 0.5
"74" "74" 1995-04-15 24.32 "DAL" "@" "POR" "W" 12 1 25 0.512 0.5 4.9 12.3 8.9 6 0 0 9.3 18.9 106 100 5.7 -0.3
"75" "75" 1995-04-16 24.33 "DAL" "@" "LAL" "L" -14 1 28 0.643 0.6 6.5 8.2 7.2 9.7 1.7 0 31.5 21.4 94 124 7.6 -3.4
"76" "76" 1995-04-18 24.33 "DAL" "" "LAC" "W" 13 1 31 0.429 0.4 6.6 9.7 8.1 10.1 3.3 0 10.9 23.7 103 96 8 -1.3
"77" "77" 1995-04-20 24.34 "DAL" "" "SAS" "L" -1 1 24 0.379 0.318 13 15 14 5.1 0 0 7.8 22.4 97 120 4.8 -7.3
"78" "78" 1995-04-21 24.34 "DAL" "@" "PHO" "L" -11 1 21 0.698 0.643 0 0 0 8.5 0 0 0 15.5 144 119 8 0.8
"79" "79" 1995-04-23 24.35 "DAL" "@" "LAC" "L" -22 1 36 0.356 0.326 6.1 9.1 7.3 4.8 2.5 1.5 7.7 26.2 81 115 8.1 -4.9
"1" "1" 1995-11-03 24.88 "DAL" "@" "SAS" "W" 6 0 19 0.5 0.5 0 0 0 7.9 0 0 11.1 19.6 102 105 2.9 -5.3
"2" "2" 1995-11-04 24.88 "DAL" "" "GSW" "W" 15 0 8 0 0 12.5 25.5 18.9 15.4 0 0 16.7 30.5 21 93 -2.5 -24.9
"3" "3" 1995-11-07 24.89 "DAL" "" "VAN" "W" 11 0 9 0.7 0.7 0 34.8 17.2 21.3 0 0 0 23.2 158 96 5.5 9.8
"4" "4" 1995-11-09 24.89 "DAL" "" "MIL" "W" 10 0 18 0.5 0.5 16.2 0 7 8 5.9 0 20 25.3 95 100 5.7 -1.6
"5" "5" 1995-11-11 24.9 "DAL" "" "ATL" "L" -13 0 11 0.307 0.25 0 8.1 4.2 0 0 0 0 18.8 72 123 0.5 -12.5
"6" "6" 1995-11-13 24.9 "DAL" "@" "VAN" "W" 5 0 6 0.532 0 13.3 16 14.5 0 0 10.3 0 12.4 162 98 3 11
"7" "7" 1995-11-15 24.91 "DAL" "@" "LAL" "L" -17 0 11 0.276 0.2 8.9 0 4.3 28.5 4.5 0 15.5 23.6 75 115 1.6 -5.4
"8" "8" 1995-11-17 24.92 "DAL" "@" "LAC" "L" -11 0 13 0.595 0.6 0 8 4.2 0 0 0 0 20.1 125 111 4.2 0.2
"9" "9" 1995-11-18 24.92 "DAL" "@" "GSW" "L" -13 0 16 0.637 0.583 7 0 4.4 11.5 0 0 0 22.7 150 136 8.2 2.8
"10" "10" 1995-11-21 24.93 "DAL" "" "CHI" "L" -6 0 16 0.506 0.45 0 7.2 2.9 13.9 0 0 0 26.4 128 113 6.2 5.1
"11" "11" 1995-11-24 24.93 "DAL" "" "DEN" "L" -3 0 29 0.446 0.364 6 11.4 8.4 5.5 3.8 0 0 18.8 115 113 8.7 -0.9
"12" "12" 1995-11-28 24.95 "DAL" "@" "MIA" "L" -22 0 20 0.814 0.7 0 10 6.1 0 0 0 12.9 18.8 141 126 7.5 -0.1
"13" "13" 1995-11-30 24.95 "DAL" "@" "ORL" "L" -14 0 26 0.438 0.438 3.2 4.5 3.7 12.1 0 0 11.1 14 95 125 2.8 -10.6
"14" "14" 1995-12-01 24.95 "DAL" "@" "ATL" "W" 8 0 19 0.4 0.4 17.2 11.2 14.2 0 5.7 0 28.6 15.1 80 103 4 -1.8
"15" "15" 1995-12-03 24.96 "DAL" "@" "CLE" "L" -1 0 16 0.833 0.9 0 9 4.4 13.4 0 0 0 21.5 164 118 10.3 11.9
"16" "16" 1995-12-05 24.96 "DAL" "@" "NYK" "L" -5 0 14 0.333 0.333 0 0 0 21.7 3.5 0 0 8.9 100 96 2.3 -1.1
"17" "17" 1995-12-06 24.97 "DAL" "@" "PHI" "L" -21 0 8 0 0 0 0 0 0 0 0 0 10 0 121 -1.4 -19.1
"18" "18" 1995-12-09 24.98 "DAL" "" "WSB" "L" -9 0 24 0.444 0.429 10.9 11.1 11 6.5 0 0 11.3 14.6 105 114 5.3 -1.8
"19" "19" 1995-12-12 24.98 "DAL" "" "SEA" "W" 11 0 10 0.694 0.5 0 0 0 0 0 0 0 12.4 152 107 2.2 -5.1
"20" "20" 1995-12-14 24.99 "DAL" "" "SAS" "L" -15 0 21 1.056 1.056 0 19 8.2 24.5 0 0 18.2 22.4 146 136 15.7 15.6
"21" "21" 1995-12-16 24.99 "DAL" "" "PHO" "L" -3 0 11 0.521 0.5 8.6 0 4.9 0 0 0 25.8 15.1 89 126 0.9 -11
"22" "22" 1995-12-19 25 "DAL" "@" "CHI" "L" -13 1 37 0.654 0.654 2.8 3.3 3.1 8.1 1.4 0 7.1 16.4 131 124 12.3 1.7
"23" "23" 1995-12-22 25.01 "DAL" "@" "IND" "L" -11 0 14 0 0 0 11.4 4.6 11.1 4 0 0 16.3 13 101 -1.9 -13
"24" "24" 1995-12-23 25.01 "DAL" "@" "MIN" "L" -13 0 12 0.773 0.667 0 11.4 4.9 0 0 0 0 13.2 170 124 4.6 -1.7
"25" "25" 1995-12-26 25.02 "DAL" "@" "DEN" "L" -12 0 17 0.25 0.25 0 8.3 3.5 7.4 3 0 0 9.9 70 121 1.2 -10.4
"26" "26" 1996-02-05 25.13 "DAL" "@" "MIN" "L" -12 0 7 0.9 0.9 13.7 0 7.5 0 0 0 16.7 36.9 130 117 6.8 22
"27" "27" 1996-02-06 25.14 "DAL" "@" "MIL" "L" -3 0 19 0.825 0.786 7 9.4 8 8.6 2.8 0 0 18.6 179 126 12.4 10.4
"28" "28" 1996-02-08 25.14 "DAL" "" "UTA" "W" 3 0 5 0.333 0.333 0 0 0 0 0 0 0 30.5 63 130 0.3 -18.8
"29" "29" 1996-02-13 25.16 "DAL" "@" "HOU" "L" -15 0 12 0.316 0.2 6.3 8.9 7.4 22.2 3.9 0 0 19.8 97 114 2.3 -6.3
"30" "30" 1996-02-15 25.16 "DAL" "@" "UTA" "L" -3 0 15 0.484 0.25 7.3 0 3.8 9.8 3.4 0 13.9 21.2 104 113 3.8 -4.3
"31" "31" 1996-02-16 25.16 "DAL" "@" "LAL" "L" -5 0 4 0.868 1 0 0 0 0 25 0 25.8 39.9 104 80 5 35
"32" "32" 1996-02-19 25.17 "DAL" "" "GSW" "L" -12 0 7 0 0 0 0 0 0 0 0 0 12 0 127 -1.8 -24.1
"33" "33" 1996-02-23 25.18 "DAL" "" "LAL" "L" -26 0 6 0.387 0.333 0 31.4 13.4 26.7 0 0 0 23.6 98 108 2.2 1.6
"34" "34" 1996-02-29 25.2 "DAL" "@" "DEN" "W" 17 0 28 0.45 0.438 3.6 29.2 16.4 8.2 0 0 25.3 17.6 81 114 4.7 -10.3
"35" "35" 1996-03-01 25.2 "DAL" "@" "VAN" "W" 8 0 28 0.656 0.636 3.2 23.2 11.4 5.4 1.7 0 8 17.5 125 110 11.8 -0.2
"36" "36" 1996-03-03 25.21 "DAL" "" "PHO" "L" -7 0 26 0.504 0.462 3.8 7.9 5.8 0 0 0 0 21.1 112 122 8.6 -3.9
"37" "37" 1996-03-05 25.21 "DAL" "" "NJN" "W" 10 0 23 0.615 0.5 7.3 18.6 12.3 21.6 2 2.5 9.3 17.9 139 107 14.1 6.9
"38" "38" 1996-03-07 25.22 "DAL" "@" "CHH" "L" -14 0 26 0.5 0.5 0 4.9 2.3 31.1 1.9 0 11.1 15.4 109 124 8.5 -1.6
"39" "39" 1996-03-09 25.22 "DAL" "@" "DET" "L" -1 0 24 0.873 0.85 0 4.2 1.9 30 4.3 0 0 20.8 173 99 18 21.5
"40" "40" 1996-03-10 25.23 "DAL" "@" "TOR" "L" -16 0 23 0.45 0.45 0 6.1 2.3 12 2.1 0 23.1 22.1 80 132 2.5 -12.2
"41" "41" 1996-03-12 25.23 "DAL" "" "MIA" "L" -7 0 17 0.381 0.286 0 8.3 3.5 0 0 0 0 19.4 79 128 2.2 -10.7
"42" "42" 1996-03-14 25.24 "DAL" "@" "LAC" "L" -4 0 7 0.5 0.5 0 0 0 0 0 0 0 23.5 106 117 1.6 -7.8
"43" "43" 1996-03-15 25.24 "DAL" "@" "SEA" "L" -23 0 12 0.2 0.2 0 13.3 4.5 12.9 0 0 28.6 22 40 127 -2.5 -22.1
"44" "44" 1996-03-17 25.25 "DAL" "@" "POR" "L" -26 0 24 0.633 0.5 3.7 0 2.2 31.6 4.2 0 13.7 25.5 122 118 13.4 9.7
"45" "45" 1996-03-19 25.25 "DAL" "" "CLE" "L" -9 0 23 0.643 0.6 8.3 11.6 9.7 33.2 0 0 8.4 24.6 127 109 11.4 13.4
"46" "46" 1996-03-22 25.26 "DAL" "" "MIN" "L" -26 0 17 0.45 0.45 8.1 23.5 14.4 15.1 0 0 0 21.2 115 111 6.9 3.2
"47" "47" 1996-03-24 25.27 "DAL" "" "NYK" "L" -6 0 20 1.071 1.071 3.9 10.7 6.8 0 0 0 41.7 24.4 94 97 8.8 7.3
"48" "48" 1996-03-25 25.27 "DAL" "@" "UTA" "L" -17 0 21 0.438 0.438 3.8 12.7 7.1 28.4 0 0 0 15.8 112 120 6 -0.2
"49" "49" 1996-03-27 25.27 "DAL" "" "HOU" "W" 3 0 29 0.705 0.682 3 8.7 5.3 13.8 5.5 0 0 18.3 160 119 17.1 9.6
"50" "50" 1996-03-29 25.28 "DAL" "" "SAS" "L" -15 0 24 0.424 0.389 4.3 8.5 6.5 15.8 0 2.4 0 16.8 108 122 6.2 -2.4
"51" "51" 1996-03-31 25.28 "DAL" "" "POR" "L" -15 0 20 0.604 0.611 5.7 14.1 9.5 24.8 0 0 8.5 25.9 120 129 9.9 2.3
"52" "52" 1996-04-02 25.29 "DAL" "" "SAC" "L" -7 0 14 0.643 0.643 5.8 0 3.7 0 0 0 12.5 22.6 112 121 5 -0.5
"53" "53" 1996-04-06 25.3 "DAL" "" "LAC" "W" 5 0 12 0.917 0.917 0 9.8 4.7 34.8 0 0 14.3 25 157 111 9.1 16.5
"54" "54" 1996-04-08 25.31 "DAL" "@" "GSW" "W" 2 0 14 0.5 0.5 7.3 19 12.4 26.7 0 0 0 8.8 152 113 4.7 2.4
"55" "55" 1996-04-09 25.31 "DAL" "@" "SAC" "L" -9 0 17 0.638 0.65 0 7.6 3.4 17.6 0 0 7.8 34 117 112 9.6 7.1
"56" "56" 1996-04-11 25.32 "DAL" "@" "POR" "L" -15 0 9 0.25 0.25 0 0 0 16.8 10.8 0 0 26.8 63 101 1.9 1.8
"57" "57" 1996-04-13 25.32 "DAL" "@" "HOU" "L" -1 0 7 0.333 0.333 0 0 0 20.1 13.6 0 25 22.4 65 93 1.6 -0.4
"58" "58" 1996-04-16 25.33 "DAL" "" "LAL" "L" -18 0 9 0 0 9 0 5.5 0 0 0 0 12.6 18 121 -1.4 -15.5
"59" "59" 1996-04-18 25.33 "DAL" "" "DEN" "W" 34 0 15 0.781 0.75 0 10.7 6.4 7.7 2.9 0 14.8 18 136 90 8.3 3.8
"60" "60" 1996-04-19 25.34 "DAL" "@" "PHO" "L" -20 0 21 0.455 0.455 4.2 10.6 7.1 15.8 2.3 0 15.4 23.9 92 122 5.6 -2.6
"61" "61" 1996-04-21 25.34 "DAL" "@" "SAS" "W" 5 0 26 0.536 0.536 3.4 6.5 4.9 28.5 3.7 0 12.5 25.4 101 98 11.3 7.2
"1" "1" 1996-11-01 25.87 "PHI" "" "MIL" "L" -8 0 13.65 0.444 0.2 0 15.2 7.6 10.2 0 0 0 20.7 112 118 3.8 -6.3
"2" "2" 1996-11-02 25.88 "PHI" "@" "CHI" "L" -29 0 24.8666666666667 0.698 0.714 0 8.5 4 0 0 0 20.2 15.7 107 121 5.5 -2.1
"3" "3" 1996-11-05 25.88 "PHI" "" "DET" "L" -2 0 10.5666666666667 0.4 0.4 0 9.7 4.6 0 0 0 16.7 24.2 69 104 0.6 -12.4
"4" "4" 1996-11-08 25.89 "PHI" "@" "BOS" "W" 10 0 27.9 0.542 0.542 0 3.4 1.8 23.3 6.6 0 14.3 19.5 107 98 11.7 5.4
"5" "5" 1996-11-09 25.9 "PHI" "" "PHO" "W" 17 0 21.8 0.75 0.75 0 0 0 23.2 0 0 27.3 20.7 112 106 6.7 2.7
"6" "6" 1996-11-12 25.9 "PHI" "@" "NYK" "W" 4 0 12.4833333333333 0.5 0.5 0 9.5 4.6 0 0 0 0 7 108 115 0.9 -6.7
"7" "7" 1996-11-13 25.91 "PHI" "@" "TOR" "L" -12 0 17.6833333333333 0.143 0.143 0 6.5 3.1 16 5.8 0 0 17 57 114 0.4 -10.3
"8" "8" 1996-11-15 25.91 "PHI" "" "CLE" "L" -16 0 19.6166666666667 0.68 0.7 0 12 5.5 10.5 0 0 25.4 16.4 95 116 4.2 -2.7
"9" "9" 1996-11-16 25.92 "PHI" "@" "MIA" "W" 2 0 16.1833333333333 0.51 0.4 7.9 7.5 7.7 0 3.4 0 33.8 26.2 73 100 1.5 -10.6
"10" "10" 1996-11-20 25.93 "PHI" "" "IND" "L" -11 0 15.9166666666667 0.571 0.571 0 0 0 14.3 0 0 12.5 22.9 109 124 4 -2.2
"11" "11" 1996-11-22 25.93 "PHI" "@" "WSB" "L" -12 0 25.7833333333333 0.444 0.444 0 16.1 7.9 31.3 5.7 0 25 19.2 82 84 6.9 3.7
"12" "12" 1996-11-23 25.93 "PHI" "" "NYK" "W" 17 0 6.08333333333333 0 0 0 0 0 0 8.5 0 0 22.5 0 90 -1.1 -19.5
"13" "13" 1996-11-26 25.94 "PHI" "" "LAL" "L" -12 0 6.73333333333333 0.333 0.333 0 0 0 25.3 7 0 0 16.9 94 98 2 6.5
"14" "" 1996-11-29 25.95 "PHI" "" "ORL" "W" 9 NA NA NA NA NA NA NA NA NA NA NA NA NA NA NA NA
"15" "" 1996-11-30 25.95 "PHI" "" "VAN" "W" 6 NA NA NA NA NA NA NA NA NA NA NA NA NA NA NA NA
"16" "14" 1996-12-04 25.96 "PHI" "@" "SAS" "L" -10 0 15.1666666666667 0.436 0.333 0 0 0 0 0 0 0 18 114 128 2.6 -9.4
"17" "15" 1996-12-05 25.97 "PHI" "@" "DAL" "L" -4 0 14.55 0.333 0.333 0 0 0 20.3 3.4 0 10 26.3 89 114 1.1 -8
"18" "" 1996-12-07 25.97 "PHI" "@" "HOU" "L" -15 NA NA NA NA NA NA NA NA NA NA NA NA NA NA NA NA
"19" "16" 1996-12-09 25.98 "PHI" "" "SEA" "L" -24 0 22.4166666666667 0.276 0.2 0 5.9 2.8 0 4.8 3.2 15.5 13.2 53 123 1.1 -8.7
"20" "" 1996-12-11 25.98 "PHI" "" "MIA" "L" -5 NA NA NA NA NA NA NA NA NA NA NA NA NA NA NA NA
"21" "17" 1996-12-13 25.99 "PHI" "@" "CHH" "L" -9 0 13.05 0.19 0.143 21.1 0 8.7 31.7 14.3 0 0 32.1 72 91 3.5 5.2
"22" "18" 1996-12-14 25.99 "PHI" "@" "ATL" "L" -25 0 30.25 0.273 0.273 6.5 4.3 5.6 6.1 0 0 0 16.3 77 128 1.1 -9.5
"23" "19" 1996-12-17 26 "PHI" "" "CHH" "L" -9 0 6.75 0 0 0 0 0 0 0 0 0 12.9 0 116 -1.4 -18.2
"24" "20" 1996-12-20 26.01 "PHI" "" "NYK" "L" -7 0 2.75 0 0 0 0 0 0 0 0 0 12.5 0 111 -1.1 -22.3
"25" "" 1996-12-21 26.01 "PHI" "" "CHI" "L" -6 NA NA NA NA NA NA NA NA NA NA NA NA NA NA NA NA
"26" "21" 1996-12-26 26.02 "PHI" "@" "DEN" "W" 29 0 5.1 0.7 0.7 0 0 0 0 9.6 0 0 41.3 133 82 5.7 25.5
"27" "22" 1996-12-28 26.03 "PHI" "@" "UTA" "L" -26 0 12.1 0.773 0.667 8.2 9.8 8.9 20 4.4 0 34 21 108 117 5.4 6.8
"28" "" 1996-12-29 26.03 "PHI" "@" "LAL" "L" -13 NA NA NA NA NA NA NA NA NA NA NA NA NA NA NA NA
"29" "23" 1997-01-02 26.04 "PHI" "@" "SEA" "L" -14 0 23.9166666666667 0.581 0.5 0 12.8 6.1 0 4.3 0 0 11.7 135 100 7.5 4.3
"30" "24" 1997-01-03 26.04 "PHI" "@" "GSW" "L" -8 0 13.6666666666667 0.25 0.25 0 0 0 11.1 3.6 0 33.3 17.2 45 118 -0.7 -14.4
"31" "25" 1997-01-05 26.05 "PHI" "@" "SAC" "L" -1 0 2.6 0 0 0 0 0 0 0 0 0 14 0 124 -0.7 -24.8
"32" "" 1997-01-07 26.05 "PHI" "@" "ORL" "L" -21 NA NA NA NA NA NA NA NA NA NA NA NA NA NA NA NA
"33" "26" 1997-01-08 26.06 "PHI" "" "DAL" "L" -18 0 5.91666666666667 0 0 0 0 0 50 0 0 0 13.9 54 126 0 -9
"34" "27" 1997-01-10 26.06 "PHI" "" "HOU" "L" -21 0 16.7833333333333 0.571 0.571 5 14.1 8.7 9.9 2.6 4 11.3 20.9 102 108 7.2 5.3
"35" "28" 1997-01-13 26.07 "PHI" "" "UTA" "L" -1 1 37.2833333333333 0.571 0.571 3.6 0 1.8 9.6 0 0 6.7 20.5 116 115 9.3 -2.5
"36" "29" 1997-01-15 26.08 "PHI" "" "GSW" "L" -17 0 4.66666666666667 0 0 0 0 0 22.9 0 0 33.3 25.2 18 132 -2.1 -32.5
"37" "30" 1997-01-17 26.08 "PHI" "" "NJN" "L" -2 1 12.05 0 0 0 22.8 11.8 0 0 0 16.7 20.7 0 100 -4 -27
"38" "31" 1997-01-19 26.09 "PHI" "@" "IND" "L" -4 0 4.91666666666667 0.25 0.25 18.1 0 10.5 0 21.1 0 0 49.1 78 84 1.5 6.5
"39" "" 1997-01-20 26.09 "PHI" "" "MIL" "L" -10 NA NA NA NA NA NA NA NA NA NA NA NA NA NA NA NA
"40" "32" 1997-01-22 26.1 "PHI" "@" "BOS" "W" 2 0 2.31666666666667 0 0 0 37.9 25.2 55.2 0 0 0 20.3 67 95 -0.1 -17.3
"41" "33" 1997-01-24 26.1 "PHI" "" "SAC" "L" -15 0 16.4166666666667 0.583 0.556 0 0 0 0 0 0 0 25 122 117 6.3 -1.4
"42" "34" 1997-01-25 26.1 "PHI" "@" "DET" "L" -9 0 22.3333333333333 0.6 0.6 14.5 8.7 11.5 7.4 2.4 0 16.7 12.2 122 114 5.5 2.1
"43" "" 1997-01-29 26.12 "PHI" "" "TOR" "W" 2 NA NA NA NA NA NA NA NA NA NA NA NA NA NA NA NA
"44" "35" 1997-01-31 26.12 "PHI" "" "ORL" "L" -10 0 2.41666666666667 0.75 0.75 0 0 0 0 0 0 0 42.9 135 120 2 19.3
"45" "" 1997-02-01 26.12 "PHI" "@" "MIL" "W" 9 NA NA NA NA NA NA NA NA NA NA NA NA NA NA NA NA
"46" "" 1997-02-05 26.13 "PHI" "" "SAS" "W" 16 NA NA NA NA NA NA NA NA NA NA NA NA NA NA NA NA
"47" "" 1997-02-11 26.15 "PHI" "@" "CLE" "L" -11 NA NA NA NA NA NA NA NA NA NA NA NA NA NA NA NA
"48" "36" 1997-02-13 26.16 "PHI" "@" "NYK" "L" -15 0 20.05 0.82 1 5.7 0 3 33 2.6 0 17 12.4 131 117 8.4 10.6
"49" "37" 1997-02-15 26.16 "PHI" "@" "MIA" "L" -26 1 26.7166666666667 0.357 0.357 4 9.4 6.5 6 0 0 12.5 12.8 86 140 1.9 -10.1
"50" "38" 1997-02-16 26.16 "PHI" "" "DEN" "L" -15 0 26.3166666666667 0.557 0.556 7.1 8 7.5 18.6 1.9 0 9.2 17.6 117 118 10 1.9
"51" "39" 1997-02-18 26.17 "PHI" "" "MIA" "L" -28 0 3.93333333333333 0.25 0.25 22.6 0 12.6 0 25.4 0 20 53.9 50 70 1.3 11.5
"52" "40" 1997-02-20 26.18 "PHI" "" "LAC" "W" 17 0 4.61666666666667 0 0 0 0 0 0 0 0 0 11 0 108 -1.1 -21.9
"53" "" 1997-02-22 26.18 "PHI" "" "POR" "W" 17 NA NA NA NA NA NA NA NA NA NA NA NA NA NA NA NA
"54" "41" 1997-02-25 26.19 "PHI" "@" "LAC" "L" -5 0 9.18333333333333 0 0 0 0 0 28.1 0 0 0 14.6 41 115 -0.7 -12.6
"55" "42" 1997-02-26 26.19 "PHI" "@" "PHO" "L" -7 0 25.8333333333333 0.658 0.667 8.6 0 4.7 0 3.9 0 0 15.9 140 116 11.7 6.2
"56" "43" 1997-02-28 26.2 "PHI" "@" "VAN" "W" 4 0 7.9 0.625 0.625 0 14.6 6.7 0 0 0 0 21.6 131 118 3.3 1.8
"57" "44" 1997-03-02 26.2 "PHI" "@" "POR" "L" -17 0 11.8833333333333 0.347 0 0 13.3 5.1 11.1 0 0 0 10.4 92 121 1.2 -8.9
"58" "" 1997-03-04 26.21 "PHI" "" "WSB" "L" -1 NA NA NA NA NA NA NA NA NA NA NA NA NA NA NA NA
"59" "45" 1997-03-06 26.21 "PHI" "" "ATL" "L" -13 0 12.05 0.417 0.417 9.8 9.8 9.8 0 4.1 0 0 21.9 94 116 2.4 -5.6
"60" "46" 1997-03-09 26.22 "PHI" "@" "WSB" "W" 6 0 18.0166666666667 0.463 0.333 17.4 6.8 12.5 0 2.9 0 0 20.4 124 103 7.2 3.3
"61" "47" 1997-03-11 26.23 "PHI" "@" "MIN" "L" -4 0 11.55 0.375 0.375 11.1 11.8 11.4 0 4.3 0 0 14.8 97 110 2.2 -0.6
"62" "" 1997-03-12 26.23 "PHI" "" "CHI" "L" -4 NA NA NA NA NA NA NA NA NA NA NA NA NA NA NA NA
"63" "" 1997-03-14 26.24 "PHI" "" "MIN" "W" 14 NA NA NA NA NA NA NA NA NA NA NA NA NA NA NA NA
"64" "" 1997-03-15 26.24 "PHI" "" "CHH" "L" -8 NA NA NA NA NA NA NA NA NA NA NA NA NA NA NA NA
"65" "48" 1997-03-18 26.25 "PHI" "@" "TOR" "L" -12 0 4.43333333333333 0 0 0 0 0 0 0 0 0 10.2 0 129 -0.7 -16.8
"66" "" 1997-03-19 26.25 "PHI" "" "NYK" "L" -11 NA NA NA NA NA NA NA NA NA NA NA NA NA NA NA NA
"67" "" 1997-03-21 26.25 "PHI" "" "NJN" "W" 2 NA NA NA NA NA NA NA NA NA NA NA NA NA NA NA NA
"68" "49" 1997-03-26 26.27 "PHI" "@" "NJN" "L" -18 0 32.9833333333333 0.563 0.583 3.2 13.5 8.2 14.2 4.4 0 7 18.3 115 120 13.8 0.5
"69" "50" 1997-03-28 26.27 "PHI" "" "BOS" "W" 8 0 31.0333333333333 0.638 0.643 6.7 3.9 5.4 14.4 1.6 2.3 0 20 141 112 16.7 8.4
"70" "51" 1997-03-30 26.28 "PHI" "@" "DET" "W" 4 0 21.15 0.514 0.429 0 5.2 2.7 0 0 0 0 20.7 107 114 4.4 -4
"71" "52" 1997-04-01 26.28 "PHI" "@" "ORL" "W" 12 0 10.3166666666667 0.694 0.5 0 0 0 0 5 0 0 12.2 155 97 3.2 2.2
"72" "53" 1997-04-02 26.29 "PHI" "" "TOR" "L" -22 0 11.8666666666667 0 0 0 0 0 12.5 0 0 33.3 10.9 15 120 -1.7 -15.9
"73" "54" 1997-04-04 26.29 "PHI" "" "IND" "L" -11 0 14.7333333333333 0.583 0.583 0 0 0 10.9 0 0 0 16.8 137 134 4.3 -0.4
"1" "1" 1997-10-31 26.87 "NJN" "" "IND" "W" 2 0 17 0.315 0 0 7.1 2.8 0 3.3 0 0 11.2 96 109 0.6 -7.1
"2" "2" 1997-11-01 26.87 "NJN" "@" "MIL" "W" 4 0 19.65 0.773 0.667 0 7.7 3.9 15.8 2.7 0 34 13.9 110 106 4.2 0.3
"3" "" 1997-11-05 26.88 "NJN" "" "GSW" "W" 16 NA NA NA NA NA NA NA NA NA NA NA NA NA NA NA NA
"4" "" 1997-11-07 26.89 "NJN" "" "MIA" "W" 12 NA NA NA NA NA NA NA NA NA NA NA NA NA NA NA NA
"5" "" 1997-11-08 26.89 "NJN" "@" "CHI" "L" -13 NA NA NA NA NA NA NA NA NA NA NA NA NA NA NA NA
"6" "" 1998-01-07 27.05 "NJN" "@" "NYK" "L" -1 NA NA NA NA NA NA NA NA NA NA NA NA NA NA NA NA
"7" "3" 1998-01-08 27.06 "NJN" "" "ORL" "W" 2 0 11 0.521 0.5 0 0 0 0 0 0 0 12.1 121 114 0.4 -7.9
"8" "4" 1998-01-10 27.06 "NJN" "" "MIN" "L" -7 0 10.05 0.868 0.75 0 0 0 14.5 5.4 0 0 12.9 203 118 4.9 12.9
"9" "5" 1998-01-12 27.07 "NJN" "@" "TOR" "W" 8 0 17.9 0.47 0.25 0 21.1 10.8 13.9 0 0 0 13.8 120 111 3.7 -6.3
"10" "6" 1998-01-13 27.07 "NJN" "@" "CHH" "W" 13 0 18.6166666666667 0.515 0.333 7.9 10.5 9.5 8.9 3.2 3.9 20.5 13.1 103 83 4.6 6.3
"11" "7" 1998-01-15 27.08 "NJN" "" "LAC" "L" -3 0 26.6666666666667 0.761 0.786 4.7 5.6 5.1 5.2 5.8 2.9 0 13 167 120 12.5 8.5
"12" "8" 1998-01-17 27.08 "NJN" "" "ATL" "W" 16 0 12.2833333333333 0.333 0.333 8 0 4.4 12.1 0 0 0 11.3 107 107 0.5 -7.7
"13" "9" 1998-01-19 27.09 "NJN" "" "SAS" "W" 11 0 11.9333333333333 0.833 0.833 6.5 0 4 0 0 0 0 10.4 185 111 3.6 3.4
"14" "10" 1998-01-21 27.09 "NJN" "" "HOU" "W" 5 0 15.2833333333333 0.41 0.25 0 35.3 15.4 0 3.5 0 0 14.2 105 105 3.4 -3.2
"15" "11" 1998-01-23 27.1 "NJN" "" "CHI" "L" -2 0 11.4 0 0 0 11.8 5.5 0 0 0 50 7.9 0 108 -1.4 -9.8
"16" "12" 1998-01-24 27.1 "NJN" "@" "WAS" "L" -17 0 19.25 0.563 0.563 6.6 19.9 13.3 11 2.7 0 0 21.6 122 106 7.7 5.6
"17" "13" 1998-01-27 27.11 "NJN" "@" "DEN" "W" 33 0 23.2 0.571 0.5 0 0 0 10.8 2.4 0 0 16.3 136 106 6.9 -1.7
"18" "14" 1998-01-28 27.11 "NJN" "@" "LAL" "W" 11 0 18.65 0.8 0.8 5.3 10.5 7.9 24.5 7.9 3.5 0 10.9 174 87 12.4 20.8
"19" "15" 1998-01-31 27.12 "NJN" "@" "VAN" "W" 10 0 14.75 0.667 0.667 5.9 0 3.5 27 7 0 25 10.7 126 111 6.5 9.3
"20" "16" 1998-02-01 27.12 "NJN" "@" "SEA" "L" -10 0 16.4833333333333 0 0 0 7.8 3.5 8.8 3.2 0 0 8.2 17 111 -0.5 -7.9
"21" "17" 1998-02-03 27.13 "NJN" "@" "POR" "L" -1 0 8.73333333333333 0.521 0.5 0 0 0 0 6 0 25.8 19.7 76 107 1.2 -4.7
"22" "18" 1998-02-05 27.13 "NJN" "" "PHO" "W" 12 0 20.15 0.966 0.917 0 0 0 0 10 0 0 15.7 203 87 16 23.3
"23" "19" 1998-02-10 27.15 "NJN" "" "DAL" "W" 9 0 17.75 0.333 0.333 0 16.2 7.7 0 0 0 0 16.3 99 115 0.8 -11.1
"24" "20" 1998-02-13 27.16 "NJN" "" "TOR" "W" 15 0 20.0666666666667 0.347 0.25 0 5.3 2.6 9 2.4 2.9 10.4 19.7 83 111 2.6 -7.7
"25" "21" 1998-02-14 27.16 "NJN" "@" "PHI" "W" 7 0 7.76666666666667 0 0 11.3 0 6.1 0 0 0 33.3 14.7 19 114 -1.7 -19.5
"26" "22" 1998-02-16 27.16 "NJN" "" "MIL" "W" 11 0 7.33333333333333 0 0 0 0 0 0 0 0 0 9.4 0 115 -1.5 -18.6
"27" "23" 1998-02-18 27.17 "NJN" "@" "ATL" "L" -10 0 4.63333333333333 0.647 0 0 0 0 0 0 0 0 17.7 166 126 2.3 3.7
"28" "24" 1998-02-20 27.18 "NJN" "" "CLE" "L" -14 0 16.9666666666667 0.2 0.2 0 0 0 9.1 0 3.7 0 11.6 58 113 -0.9 -9.4
"29" "25" 1998-02-21 27.18 "NJN" "" "PHI" "L" -9 0 22.3333333333333 0.592 0.7 0 0 0 7.9 0 0 0 12.9 128 116 4 1.1
"30" "26" 1998-02-24 27.19 "NJN" "" "VAN" "W" 9 0 5.4 0.5 0.5 0 0 0 0 10.3 0 33.3 25.8 65 98 1 -4.3
"31" "27" 1998-02-26 27.19 "NJN" "" "SAC" "W" 3 0 8.93333333333333 0.333 0.333 0 0 0 0 5.9 0 0 13.8 85 106 1.3 -3.4
"32" "28" 1998-02-28 27.2 "NJN" "" "MIA" "L" -2 0 5.03333333333333 1 1 0 0 0 0 10.8 0 50 17.2 74 96 0.9 -0.4
"33" "" 1998-03-01 27.2 "NJN" "@" "MIA" "L" -1 NA NA NA NA NA NA NA NA NA NA NA NA NA NA NA NA
"34" "29" 1998-03-03 27.21 "NJN" "@" "NYK" "L" -3 0 9.23333333333333 1.064 1 0 0 0 0 0 0 0 10.1 228 120 3.7 5.9
"35" "30" 1998-03-06 27.21 "NJN" "" "UTA" "L" -7 0 11.8333333333333 0.167 0.167 10 0 6 9.5 9.1 0 25 29.5 47 127 -1.6 -21.6
"36" "31" 1998-03-08 27.22 "NJN" "" "CHH" "L" -9 0 9.31666666666667 1 1 0 19 7.6 0 6 0 0 10.1 200 115 4.7 11.2
"37" "32" 1998-03-10 27.22 "NJN" "@" "SAS" "L" -1 0 14.5 0.205 0 7.1 0 4.1 13.3 3.7 0 0 14.6 72 95 0.8 -3.3
"38" "33" 1998-03-12 27.23 "NJN" "@" "HOU" "L" -11 0 9.81666666666667 0.41 0.375 10 0 5.3 12.9 0 0 0 21 107 132 2.2 -5.7
"39" "34" 1998-03-14 27.24 "NJN" "@" "DAL" "W" 15 0 13.5666666666667 0.786 0.786 0 0 0 13.8 0 0 0 24.6 153 107 8 7.7
"40" "35" 1998-03-16 27.24 "NJN" "@" "CHI" "L" -16 0 24.3833333333333 0.291 0.167 4.8 0 2.5 14.3 2.3 0 30.4 20.2 53 105 -0.5 -9.5
"41" "36" 1998-03-19 27.25 "NJN" "" "ORL" "W" 6 0 10.15 0.667 0.667 0 13.7 6.2 16.9 11.1 0 0 13.5 155 85 4.9 14.3
"42" "37" 1998-03-20 27.25 "NJN" "@" "IND" "L" -7 0 6.75 0.333 0.333 0 20.2 8.5 0 0 0 25 25.9 55 122 -0.8 -20.4
"43" "38" 1998-03-22 27.26 "NJN" "" "WAS" "L" -2 0 2.81666666666667 0 0 37.6 0 18.2 0 0 0 0 15.2 57 121 0 -9.5
"44" "39" 1998-03-25 27.27 "NJN" "@" "PHI" "W" 5 0 4.68333333333333 0.5 0.5 0 0 0 0 10.8 0 0 18 108 86 2 10.7
"45" "40" 1998-03-27 27.27 "NJN" "" "BOS" "L" -6 0 11.5833333333333 0 0 8.3 0 4.4 0 0 0 0 6.9 22 101 -0.7 -8.5
"46" "41" 1998-03-31 27.28 "NJN" "" "ATL" "W" 15 0 15.5 0.333 0.333 0 0 0 18.4 3.6 0 0 9.6 110 102 2.7 1.9
"47" "42" 1998-04-02 27.29 "NJN" "" "LAL" "L" -11 0 16.5333333333333 0.5 0.5 0 7.1 3.1 7.2 2.9 0 25 9.5 92 120 1.5 -1.9
"48" "43" 1998-04-04 27.29 "NJN" "" "NYK" "W" 3 0 12.7666666666667 0.333 0.333 25.5 0 11.2 11 8.4 0 0 22.6 97 99 3.9 2.3
"49" "44" 1998-04-06 27.3 "NJN" "" "CHH" "W" 10 0 14.05 0.333 0.333 0 0 0 26 3.4 0 0 9.7 101 116 3.4 2.5
"50" "45" 1998-04-08 27.3 "NJN" "@" "BOS" "W" 13 0 9.68333333333333 0.3 0.3 0 11.4 6.8 13.6 0 0 16.7 28 70 124 -0.1 -18.9
"51" "46" 1998-04-11 27.31 "NJN" "@" "MIL" "W" 7 0 9.08333333333333 0.5 0.5 0 0 0 12.8 0 0 0 10 126 126 1.3 -4.7
"52" "" 1998-04-12 27.32 "NJN" "@" "TOR" "W" 7 NA NA NA NA NA NA NA NA NA NA NA NA NA NA NA NA
"53" "47" 1998-04-14 27.32 "NJN" "" "TOR" "L" -4 0 12.5 0.291 0.167 14.3 8.9 11.9 0 4.1 0 0 21.8 93 99 2.1 -5
"54" "48" 1998-04-15 27.32 "NJN" "@" "CHH" "L" -6 0 15.15 0.5 0.5 0 7.4 3.7 8.2 3.6 0 0 6 127 117 1.8 -1.2
"55" "49" 1998-04-17 27.33 "NJN" "@" "ORL" "L" -12 0 16.3333333333333 0.333 0.333 7 24 13.2 8.1 0 0 40 13 60 133 -1.7 -16.7
"56" "50" 1998-04-19 27.33 "NJN" "" "DET" "W" 13 0 10.6 0.174 0 23.6 0 12 21.3 9.4 0 25.8 15.1 80 99 2.6 4
"1" "1" 1999-02-06 28.14 "NJN" "@" "ATL" "L" -5 1 15.1166666666667 0.174 0 6.8 20 12.2 0 3.5 0 0 7.9 65 114 -0.9 -11
"2" "2" 1999-02-07 28.14 "NJN" "" "ATL" "W" 10 1 18.5166666666667 0.347 0 0 5.6 3.3 30.8 0 0 0 7.6 126 90 2.2 -0.3
"3" "3" 1999-02-10 28.15 "NJN" "" "ORL" "L" -8 1 22.5833333333333 0.276 0.2 5.1 9.1 7.2 14.5 0 3.3 26.9 27.1 62 106 -2 -13.6
"4" "4" 1999-02-11 28.15 "NJN" "@" "MIL" "L" -20 1 0.966666666666667 1 1 0 0 0 0 0 0 0 42.7 200 111 1.7 53.7
"5" "" 1999-02-15 28.16 "NJN" "@" "MIA" "L" -23 NA NA NA NA NA NA NA NA NA NA NA NA NA NA NA NA
"6" "" 1999-02-16 28.16 "NJN" "" "DET" "W" 15 NA NA NA NA NA NA NA NA NA NA NA NA NA NA NA NA
"7" "" 1999-02-18 28.17 "NJN" "" "HOU" "L" -1 NA NA NA NA NA NA NA NA NA NA NA NA NA NA NA NA
"8" "5" 1999-03-09 28.22 "NJN" "@" "CHI" "L" -16 0 13.3333333333333 0.563 0.5 0 8.8 4.7 0 0 5.4 10.1 34.5 103 113 6 0.9
"9" "6" 1999-03-10 28.22 "NJN" "@" "IND" "L" -11 0 24.8833333333333 0.291 0.167 4.7 8.5 6.7 8.3 2.1 0 12.7 14.9 66 107 1.8 -8.4
"10" "7" 1999-03-12 28.23 "NJN" "@" "PHI" "L" -7 0 11.9333333333333 0.94 1 15.8 9.8 13.1 0 0 0 15.8 21.6 149 104 8.3 19
"11" "8" 1999-03-14 28.24 "NJN" "@" "MIA" "L" -26 0 12.0333333333333 0.5 0.5 0 0 0 0 0 0 0 15.1 101 118 1.6 -4.5
"12" "9" 1999-03-16 28.24 "NJN" "@" "TOR" "L" -15 0 25.8666666666667 0.35 0.364 0 0 0 0 0 0 8 20.1 68 121 -0.7 -15
"13" "10" 1999-03-17 28.24 "NJN" "" "DAL" "W" 1 0 13.3833333333333 0.25 0.25 14.2 0 7.2 0 0 0 20 16.7 65 116 -0.4 -12
"14" "11" 1999-03-18 28.25 "NJN" "@" "CHI" "L" -9 0 17.8833333333333 0.2 0.2 5.4 6.8 6.1 8.8 2.9 0 0 11.6 71 117 1.6 -7.8
"15" "12" 1999-03-21 28.25 "NJN" "@" "CLE" "L" -3 0 7.91666666666667 1 1 0 18.2 7.6 0 0 0 0 11.6 200 101 3.7 8.2
"16" "13" 1999-03-22 28.26 "NJN" "" "TOR" "W" 19 0 3.36666666666667 0 0 0 34 17.8 0 0 0 33.3 43.5 0 90 -2.5 -48.2
"17" "14" 1999-03-24 28.26 "NJN" "" "DET" "L" -13 0 21.7666666666667 0.323 0 8.9 0 5.4 19 5 0 0 13.4 95 92 4.8 3.7
"18" "" 1999-03-26 28.27 "NJN" "" "IND" "L" -9 NA NA NA NA NA NA NA NA NA NA NA NA NA NA NA NA
"19" "15" 1999-03-27 28.27 "NJN" "" "CLE" "L" -10 0 11.2666666666667 0.82 0.75 0 0 0 0 0 0 0 19.9 176 127 5.6 4.8
"20" "16" 1999-03-30 28.28 "NJN" "@" "ORL" "L" -2 0 11.6166666666667 0.512 0.5 0 0 0 0 0 0 0 18.4 104 116 1.8 -9.6
"21" "" 1999-04-01 28.28 "NJN" "" "ATL" "W" 5 NA NA NA NA NA NA NA NA NA NA NA NA NA NA NA NA
"22" "17" 1999-04-03 28.29 "NJN" "" "MIA" "W" 11 0 16.05 0.667 0.667 0 6.4 3 0 3.4 5.5 0 8.5 137 89 4.3 5
"23" "18" 1999-04-04 28.29 "NJN" "@" "BOS" "W" 12 0 14.7833333333333 0.833 0.833 14.5 13.9 14.2 0 0 4.7 0 17.7 167 91 10.5 16.6
"24" "19" 1999-04-06 28.3 "NJN" "@" "WAS" "W" 4 0 13.9833333333333 0.333 0.333 0 8.8 4.2 0 3.8 4.7 0 9.6 80 96 2.3 1
"25" "20" 1999-04-07 28.3 "NJN" "" "PHI" "L" -4 0 18.8333333333333 0.8 0.8 6.3 5.9 6.1 18.4 3 0 0 12.6 169 114 7.5 7.7
"26" "21" 1999-04-09 28.31 "NJN" "" "TOR" "W" 7 0 28.2833333333333 0.543 0.462 6.9 11.7 9.1 6 0 0 0 24.1 134 117 12.1 0.1
"27" "22" 1999-04-11 28.31 "NJN" "" "NYK" "L" -15 0 24.2166666666667 0.714 0.714 0 14.6 6.9 33.3 0 0 12.5 15.2 126 111 7.5 3.1
"28" "23" 1999-04-13 28.32 "NJN" "@" "LAC" "L" -8 0 23.6 0.24 0.143 0 12.1 5.1 0 2.2 0 10.7 16.8 54 120 -0.7 -14.9
"29" "24" 1999-04-14 28.32 "NJN" "@" "DEN" "L" -23 0 13.4833333333333 0 0 0 10.5 4.4 9.5 0 0 33.3 10.2 18 133 -1.8 -17.3
"30" "25" 1999-04-16 28.33 "NJN" "@" "SEA" "W" 30 0 12.0166666666667 0.5 0.5 0 28.6 14.5 0 4.1 6.7 25 14 78 85 2.9 3.1
"31" "26" 1999-04-18 28.33 "NJN" "" "PHI" "W" 7 0 2.61666666666667 NA NA 0 28.6 15 0 0 0 NA 0 0 83 0.3 -5.4
"32" "27" 1999-04-19 28.33 "NJN" "" "CHH" "L" -7 0 7.01666666666667 0 0 0 0 0 0 7.2 0 0 5.9 0 118 -0.1 -9.4
"33" "28" 1999-04-21 28.34 "NJN" "" "CHI" "W" 12 0 15.05 0.143 0.143 0 7.4 3.8 10.1 0 0 0 21.1 46 104 -1.9 -18
"34" "29" 1999-04-24 28.35 "NJN" "@" "CHH" "L" -15 0 11.1333333333333 0.5 0.5 10.9 10.9 10.9 30.5 0 0 0 8.2 140 115 3.4 4
"35" "30" 1999-04-25 28.35 "NJN" "" "IND" "W" 22 0 27.25 0.698 0.714 5.7 19.8 13.3 0 4.2 0 0 14.1 153 111 10.4 2.8
"36" "31" 1999-04-27 28.36 "NJN" "" "MIA" "L" -19 0 31.6833333333333 0.307 0.25 6.7 7.3 7 11.5 1.8 0 9.3 16.4 77 119 3.4 -9.1
"37" "32" 1999-04-28 28.36 "NJN" "@" "DET" "L" -8 0 23.2333333333333 0.571 0.429 0 12.3 5.6 0 0 0 10.2 20.7 106 123 5.1 -6.6
"38" "33" 1999-04-30 28.36 "NJN" "@" "ORL" "L" -12 0 23.7833333333333 0.581 0.583 0 4.7 2.5 32.3 2.2 0 0 14 133 121 8.6 5.1
"39" "34" 1999-05-01 28.37 "NJN" "" "WAS" "W" 11 0 5.83333333333333 1 1 17.4 35.6 26.4 61.5 9.2 0 50 15 125 80 3.6 18.2
"40" "35" 1999-05-03 28.37 "NJN" "@" "WAS" "L" -11 0 22.6333333333333 0.307 0.188 4.1 11.9 7.3 0 2.2 0 0 18 81 121 2.7 -10
"41" "36" 1999-05-05 28.38 "NJN" "" "MIL" "W" 8 1 33.7166666666667 0.667 0.667 0 4.2 1.9 14.5 1.5 2.1 7.7 17.5 132 116 12.3 2.4
"1" "1" 1999-11-02 28.87 "NJN" "" "IND" "L" -7 0 22.0166666666667 0.667 0.667 5.1 9.7 7.4 6.9 0 3.4 0 5.5 157 120 4.6 1.1
"2" "2" 1999-11-03 28.88 "NJN" "@" "CLE" "L" -7 0 8.23333333333333 1 1 0 0 0 37.5 0 8.3 0 10.1 202 101 4.4 13.9
"3" "3" 1999-11-05 28.88 "NJN" "" "TOR" "L" -20 0 28.25 0.644 0.577 3.7 11.7 7.6 7.8 3.8 2.1 0 23.1 143 117 17.3 13.2
"4" "4" 1999-11-07 28.89 "NJN" "" "WAS" "W" 25 0 13.6666666666667 0.301 0 0 14 7.1 9 3.5 0 0 9.5 91 87 2.1 -1.8
"5" "5" 1999-11-10 28.9 "NJN" "" "PHO" "L" -15 0 17.0333333333333 0.375 0.375 5.8 6.3 6 12 2.9 0 11.1 22.6 81 110 3.3 -1.9
"6" "6" 1999-11-12 28.9 "NJN" "@" "CHH" "L" -4 0 11.25 0.333 0.333 0 23 12 0 0 0 40 20.7 38 105 -1.1 -16.3
"7" "7" 1999-11-15 28.91 "NJN" "" "SEA" "L" -8 0 14.3333333333333 0.25 0.25 11.4 9.5 10.7 10.5 3.7 0 0 11.3 91 107 2.2 -4.1
"8" "8" 1999-11-17 28.92 "NJN" "@" "DET" "L" -2 1 20.85 0.556 0.556 6.2 11.4 8.9 18.6 0 0 10 21.8 112 119 7 -2.4
"9" "9" 1999-11-19 28.92 "NJN" "@" "BOS" "L" -13 1 28.3833333333333 0.419 0.385 3.5 8.8 5.8 12.1 7.3 0 6.5 22.9 95 107 9.8 2.8
"10" "" 1999-11-20 28.92 "NJN" "" "PHI" "L" -4 NA NA NA NA NA NA NA NA NA NA NA NA NA NA NA NA
"11" "10" 1999-11-23 28.93 "NJN" "@" "SAC" "L" -13 0 17.6666666666667 0.85 0.8 4.3 0 2.6 9.4 0 0 0 13.2 181 121 9.1 7.6
"12" "11" 1999-11-24 28.93 "NJN" "@" "GSW" "W" 8 1 23.8 0.635 0.643 4.3 3.9 4.1 16.7 0 0 11.3 16.9 117 91 6.9 2.3
"13" "12" 1999-11-26 28.94 "NJN" "@" "LAL" "L" -23 1 34.4333333333333 0.5 0.5 0 15.2 6.4 19.5 1.6 0 0 14.8 111 118 9.6 0.3
"14" "13" 1999-11-27 28.94 "NJN" "@" "PHO" "L" -39 1 34.5333333333333 0.417 0.417 0 9.5 3.2 12.4 2.9 0 7.7 16.1 84 134 5 -5.2
"15" "14" 1999-11-30 28.95 "NJN" "" "WAS" "L" -7 0 7.33333333333333 0 0 0 0 0 0 0 0 50 12.4 0 100 -2.1 -19.2
"16" "15" 1999-12-02 28.96 "NJN" "" "SAS" "L" -2 0 22.5166666666667 0.583 0.583 13.6 33.1 21.5 10 5.1 0 0 24.7 131 101 13.1 11.3
"17" "16" 1999-12-04 28.96 "NJN" "" "NYK" "L" -10 0 16.45 0.255 0.2 0 0 0 0 3.4 0 0 15.6 67 107 0.5 -6.4
"18" "17" 1999-12-06 28.97 "NJN" "" "SAC" "W" 14 0 22.8833333333333 0.888 0.857 0 19.9 9.5 0 0 0 11.3 15.7 152 97 9.7 4.4
"19" "18" 1999-12-08 28.97 "NJN" "" "MIL" "W" 17 0 14.55 0.615 0.5 0 8 3.8 0 0 0 0 14.9 129 106 3.5 -4.6
"20" "19" 1999-12-10 28.98 "NJN" "@" "CHI" "L" -2 0 10.3166666666667 0.25 0.25 10.9 10 10.4 0 5.7 7.5 14.3 35.9 50 76 0.9 0.7
"21" "20" 1999-12-11 28.98 "NJN" "" "HOU" "W" 12 0 12.85 0 0 9.2 16.1 12.9 8.4 0 0 0 14.9 38 110 -0.8 -16.6
"22" "21" 1999-12-15 28.99 "NJN" "" "CLE" "W" 10 0 14.85 0.621 0.583 8.2 22.1 14.1 11.3 3.6 0 13.4 22.8 122 114 7 4.2
"23" "22" 1999-12-16 28.99 "NJN" "@" "WAS" "L" -4 0 18.1666666666667 0.75 0.75 0 0 0 16.8 0 0 0 10.5 167 129 4.6 2.1
"24" "23" 1999-12-18 29 "NJN" "@" "CLE" "W" 24 0 6.8 0.47 0.25 0 0 0 24.4 0 0 15.8 42.4 91 90 2.3 -6.9
"25" "24" 1999-12-19 29 "NJN" "" "ATL" "W" 8 0 14.8166666666667 0 0 7.1 7.1 7.1 7.6 3.7 0 50 6.3 51 100 0.2 -9.1
"26" "25" 1999-12-21 29.01 "NJN" "@" "TOR" "L" -29 0 26.7 0.291 0.167 0 8.5 4.1 5.5 2 0 0 11.2 76 129 1.7 -10.2
"27" "26" 1999-12-23 29.01 "NJN" "" "PHI" "W" 5 0 10.3333333333333 0 0 0 10.4 5.1 12.3 0 0 0 13 25 114 -1.1 -15.1
"28" "27" 1999-12-26 29.02 "NJN" "" "CHI" "W" 27 0 23.1833333333333 0.508 0.429 18.1 9.1 13.6 0 2.4 0 11.3 17.4 116 91 6.5 -3.3
"29" "28" 1999-12-28 29.03 "NJN" "" "NYK" "W" 6 0 16.8 0.875 0.875 0 5.6 3 11.5 0 0 20 14.4 130 105 5 1.7
"30" "29" 1999-12-30 29.03 "NJN" "" "ORL" "W" 10 0 26.95 0.218 0.167 8.3 21.3 14 8.8 0 0 12.7 10.9 70 93 2.7 -7.4
"31" "30" 2000-01-04 29.05 "NJN" "@" "IND" "L" -5 0 5.85 NA NA 0 0 0 0 0 0 NA 0 0 132 -0.4 -11.4
"32" "31" 2000-01-07 29.05 "NJN" "" "VAN" "L" -10 0 9.65 0.667 0.667 0 13 5.8 0 0 0 25 18.3 84 117 2 -7.3
"33" "32" 2000-01-08 29.06 "NJN" "@" "MIA" "W" 1 0 16.5166666666667 0.9 0.9 0 16.1 7.2 13.6 13 0 16.7 18 137 83 10.6 20
"34" "33" 2000-01-10 29.06 "NJN" "@" "ORL" "W" 6 0 21.3833333333333 0.369 0.35 13.7 5.2 9.7 15.2 4.7 0 0 22.9 108 95 6.6 3.8
"35" "34" 2000-01-13 29.07 "NJN" "" "LAC" "W" 5 0 12.1333333333333 0.417 0.417 10 0 5.2 11.8 4.5 0 0 22 120 114 4 1.5
"36" "35" 2000-01-15 29.08 "NJN" "" "BOS" "L" -3 0 11.1333333333333 0.291 0.167 0 9.5 4.8 0 0 0 12.7 30.2 62 108 -1.7 -20.6
"37" "36" 2000-01-17 29.08 "NJN" "@" "PHI" "L" -5 0 17.6833333333333 0.607 0.556 0 6.7 3.1 11.8 8.3 0 9.2 26.5 112 96 10.7 11.8
"38" "37" 2000-01-19 29.09 "NJN" "@" "NYK" "L" -1 0 9.68333333333333 0.333 0.333 0 0 0 0 0 0 0 14.3 75 119 0.3 -10
"39" "38" 2000-01-20 29.09 "NJN" "" "DET" "W" 2 0 20.4666666666667 0.5 0.5 12.3 7.3 10 0 2.6 3.8 20 10.9 102 125 4 -1.5
"40" "39" 2000-01-22 29.1 "NJN" "" "DAL" "W" 3 0 20.5333333333333 0.5 0.5 5.1 11.1 8 16.4 2.5 0 0 17.4 114 104 7.3 2.6
"41" "40" 2000-01-24 29.1 "NJN" "@" "POR" "L" -14 0 14.7833333333333 1.1 1.1 0 28.2 12.8 15.1 0 0 0 15.7 204 111 9.9 18.5
"42" "41" 2000-01-26 29.11 "NJN" "@" "SEA" "L" -3 0 29.85 0.4 0.4 0 6.8 3.3 10.3 3.5 0 0 14.7 97 106 5.8 0
"43" "42" 2000-01-27 29.11 "NJN" "@" "VAN" "L" -2 0 13.85 0.644 0.5 9.8 0 4.9 10.5 3.7 0 0 13.2 156 114 4.9 4.3
"44" "43" 2000-01-29 29.12 "NJN" "@" "LAC" "L" -5 0 10.8333333333333 0.25 0.25 0 0 0 0 4.2 0 0 14.7 58 100 -0.6 -10.9
"45" "44" 2000-02-02 29.13 "NJN" "" "ATL" "L" -8 0 18.9166666666667 0.833 0.833 5.5 6.5 5.9 10.1 0 0 14.3 17 134 117 7.3 5.8
"46" "45" 2000-02-04 29.13 "NJN" "@" "BOS" "L" -5 0 14.8 0.509 0.417 0 0 0 0 0 0 12.7 24.8 90 121 2.6 -7.2
"47" "" 2000-02-06 29.14 "NJN" "" "GSW" "W" 20 NA NA NA NA NA NA NA NA NA NA NA NA NA NA NA NA
"48" "" 2000-02-08 29.14 "NJN" "" "BOS" "W" 18 NA NA NA NA NA NA NA NA NA NA NA NA NA NA NA NA
"49" "" 2000-02-09 29.15 "NJN" "@" "PHI" "L" -2 NA NA NA NA NA NA NA NA NA NA NA NA NA NA NA NA
"50" "46" 2000-02-15 29.16 "NJN" "@" "ATL" "L" -17 0 24.2 0.644 0.556 3.6 5 4.2 17.4 0 0 0 19.7 155 118 11.9 10.4
"51" "47" 2000-02-18 29.17 "NJN" "" "MIA" "W" 7 0 10.5666666666667 0.4 0.4 0 0 0 19.6 5 0 0 20.6 94 98 3 2.7
"52" "48" 2000-02-20 29.18 "NJN" "@" "MIN" "W" 2 0 23.55 0.717 0.688 5.7 18.5 13.5 9.5 0 0 9.3 22.4 133 102 11.9 7.1
"53" "49" 2000-02-22 29.18 "NJN" "" "LAL" "L" -8 0 18.5166666666667 0.5 0.5 0 11.5 6 8 2.9 0 0 5.1 117 111 2.9 -1
"54" "50" 2000-02-23 29.18 "NJN" "@" "MIA" "L" -14 0 8.45 0.5 0.5 11.1 12.8 11.9 0 0 0 0 10.9 120 112 2 -0.9
"55" "51" 2000-02-26 29.19 "NJN" "" "CHH" "W" 11 0 13.7166666666667 0 0 0 14.9 7.7 17.1 3.7 0 40 16 22 100 -1.1 -13.8
"56" "" 2000-02-28 29.2 "NJN" "@" "UTA" "L" -5 NA NA NA NA NA NA NA NA NA NA NA NA NA NA NA NA
"57" "52" 2000-03-01 29.2 "NJN" "@" "DEN" "W" 13 0 25.8666666666667 0.518 0.4 0 15.1 8.7 5.4 2 0 12.9 13.4 99 88 5.7 -2.7
"58" "53" 2000-03-02 29.21 "NJN" "@" "DAL" "W" 1 0 25.3166666666667 0.5 0.5 0 0 0 5 0 0 0 10.8 114 121 3.7 -6.9
"59" "54" 2000-03-04 29.21 "NJN" "@" "HOU" "L" -7 0 11.45 0 0 9.6 12 10.7 13.8 0 0 0 22 23 106 -1.8 -16.7
"60" "55" 2000-03-06 29.22 "NJN" "@" "SAS" "L" -2 0 14.8166666666667 0.786 0.786 0 0 0 0 3.4 0 0 22.3 146 118 7.9 7.7
"61" "56" 2000-03-08 29.22 "NJN" "" "POR" "W" 12 0 22.4666666666667 0.514 0.357 0 13.9 7.1 6.4 2.2 0 0 16.6 119 109 6.3 -0.5
"62" "57" 2000-03-10 29.23 "NJN" "@" "MIL" "W" 28 0 20.2833333333333 0.761 0.786 11.7 15.7 13.8 15 2.6 0 11.3 20.6 139 88 12.4 9.7
"63" "58" 2000-03-12 29.23 "NJN" "" "ORL" "W" 38 0 20.75 0.799 0.75 6 5.6 5.8 5.7 6.9 0 12.7 15.8 143 86 12.1 11.5
"64" "59" 2000-03-18 29.25 "NJN" "" "MIL" "W" 2 0 25.3666666666667 0.463 0.25 9.2 8.8 9 13.3 6.7 0 0 16.2 127 88 9.4 9.6
"65" "60" 2000-03-19 29.25 "NJN" "" "UTA" "L" -4 0 18.15 0.868 0.75 0 7.2 3.6 25.5 3.1 0 25.8 11 142 106 6.4 10
"66" "61" 2000-03-21 29.26 "NJN" "@" "TOR" "W" 7 0 23.0666666666667 0 0 5.2 28.1 18.1 0 0 3.2 0 6.5 30 100 0.6 -10.5
"67" "62" 2000-03-22 29.26 "NJN" "@" "CHH" "L" -16 0 19.6833333333333 0.455 0.455 10.7 22.5 15.6 25.7 0 0 8.3 26.6 106 132 6.9 -3.8
"68" "63" 2000-03-24 29.27 "NJN" "" "MIN" "L" -1 0 13.7 0.68 0.6 7.4 19.4 12.6 0 0 0 0 16.9 156 115 6.6 5.2
"69" "64" 2000-03-26 29.27 "NJN" "" "DEN" "L" -2 0 17.0166666666667 0 0 0 13.8 6.2 38.2 3.1 0 25 10.5 58 120 1.6 -6.5
"70" "65" 2000-03-28 29.28 "NJN" "" "IND" "W" 5 0 17.5166666666667 0.727 0.667 0 13.7 6.1 0 2.8 0 0 16.2 150 110 8.2 4.5
"71" "66" 2000-03-30 29.28 "NJN" "" "TOR" "W" 4 0 21.4833333333333 0.5 0.5 0 13.4 7.5 13.4 0 0 0 8.9 118 120 3.9 -4.6
"72" "67" 2000-03-31 29.28 "NJN" "@" "ORL" "L" -6 0 20.4833333333333 0.674 0.643 5.1 5.7 5.4 7.9 0 0 9.4 22 131 116 8.4 3.3
"73" "68" 2000-04-02 29.29 "NJN" "" "DET" "L" -21 0 13.9666666666667 0.5 0.5 0 15.6 7.2 11.2 3.7 0 33.3 9.6 71 115 2.3 -3.6
"74" "69" 2000-04-04 29.3 "NJN" "@" "WAS" "L" -9 0 23.65 0.143 0.143 4.8 11.1 7.7 6.5 2.2 0 0 13.4 51 113 0.5 -8.4
"75" "70" 2000-04-05 29.3 "NJN" "@" "IND" "L" -4 0 22.3 0.444 0.429 6.2 5.6 5.9 20.2 2.4 0 20.2 21.5 87 116 5 -3.3
"76" "71" 2000-04-07 29.3 "NJN" "" "MIA" "L" -18 1 28.8833333333333 0.601 0.5 0 8.1 3.6 23.2 1.8 0 0 18.8 127 111 12.2 4.5
"77" "72" 2000-04-08 29.31 "NJN" "@" "MIL" "L" -8 1 31.05 0.282 0.313 4.1 11.9 8 21 0 0 0 14.1 90 128 4.5 -7.2
"78" "73" 2000-04-11 29.32 "NJN" "@" "CHI" "L" -7 0 17.0666666666667 0.5 0.5 0 0 0 10.6 0 0 0 16.9 106 124 2.5 -9
"79" "74" 2000-04-12 29.32 "NJN" "@" "NYK" "L" -2 1 41.7166666666667 0.423 0.25 2.6 5.9 4.1 7.8 2.7 0 15.8 15.1 85 101 4.9 -4.3
"80" "75" 2000-04-14 29.32 "NJN" "" "ORL" "L" -8 1 38.7333333333333 0.357 0.357 2.5 11.4 6.7 20.6 0 0 6.7 17.8 88 113 5.4 -6.5
"81" "76" 2000-04-18 29.33 "NJN" "@" "ATL" "L" -2 1 46.5166666666667 0.688 0.688 4.6 8.8 6.8 15.9 5.5 0 5.9 16.7 134 93 23 11.1
"82" "77" 2000-04-19 29.34 "NJN" "" "CLE" "L" -3 1 36.55 0.143 0.143 0 6.7 2.9 10.1 2.6 0 22.2 10.3 41 112 -1 -12.2
"1" "" 2000-10-31 29.87 "NJN" "" "CLE" "L" -4 NA NA NA NA NA NA NA NA NA NA NA NA NA NA NA NA
"2" "" 2000-11-03 29.88 "NJN" "@" "CHI" "W" 10 NA NA NA NA NA NA NA NA NA NA NA NA NA NA NA NA
"3" "" 2000-11-04 29.88 "NJN" "" "CHH" "L" -11 NA NA NA NA NA NA NA NA NA NA NA NA NA NA NA NA
"4" "" 2000-11-08 29.89 "NJN" "@" "WAS" "W" 16 NA NA NA NA NA NA NA NA NA NA NA NA NA NA NA NA
"5" "1" 2000-11-09 29.9 "NJN" "" "DET" "L" -14 0 12.1833333333333 0.336 0.286 8.2 21.6 14 13.3 0 0 0 27.2 85 115 2.5 -7.7
"6" "2" 2000-11-11 29.9 "NJN" "" "SEA" "W" 35 0 17.9833333333333 0.773 0.833 7.8 0 4.1 19.7 2.6 0 11.4 19.9 147 95 11.4 10.1
"7" "3" 2000-11-13 29.91 "NJN" "" "POR" "L" -12 0 19.7166666666667 0.291 0.167 5.1 6.7 5.8 8.7 0 0 12.7 17.4 69 110 0.9 -10.7
"8" "4" 2000-11-15 29.91 "NJN" "" "MIA" "W" 2 0 20.8 0.727 0.75 0 9.1 5.3 18.4 5.3 0 0 16 150 102 10.2 10.1
"9" "5" 2000-11-18 29.92 "NJN" "" "IND" "W" 5 0 15.15 NA NA 0 15.2 7.1 37.6 0 0 NA 0 212 108 3.4 2.5
"10" "6" 2000-11-20 29.93 "NJN" "@" "LAC" "W" 1 0 21.1333333333333 0.174 0 0 5 2.5 6.7 2.6 0 0 6.5 59 98 0.8 -7.5
"11" "7" 2000-11-22 29.93 "NJN" "@" "PHO" "L" -12 0 28.05 0.415 0.375 8.8 4.3 6.5 0 0 0 0 13.6 96 108 3.9 -3.7
"12" "8" 2000-11-24 29.94 "NJN" "@" "UTA" "L" -12 0 15.5833333333333 0.571 0.571 0 16.2 8 0 0 0 12.5 23.1 99 113 3.9 0.2
"13" "9" 2000-11-25 29.94 "NJN" "@" "POR" "L" -2 0 13.9833333333333 0.25 0.25 0 0 0 0 7.9 0 0 26.9 61 90 1.2 -2.5
"14" "10" 2000-11-28 29.95 "NJN" "" "UTA" "L" -6 0 15.0166666666667 0.571 0.571 0 0 0 15.1 0 0 12.5 24.3 95 113 3.6 -6.2
"15" "11" 2000-11-29 29.95 "NJN" "@" "DET" "L" -21 0 30.1166666666667 0.55 0.55 0 10.9 5.5 10 0 0 0 16.2 106 113 6.4 -1.4
"16" "12" 2000-12-01 29.96 "NJN" "@" "ORL" "L" -3 0 22.45 0.34 0.2 4.3 13.6 8.9 0 2.1 0 14.5 12.6 70 86 1.3 -5.4
"17" "13" 2000-12-02 29.96 "NJN" "" "ORL" "L" -21 0 19.8333333333333 0.788 0.75 5.5 34.3 20.6 25.5 0 0 0 10.6 166 102 9.2 7.7
"18" "14" 2000-12-05 29.97 "NJN" "@" "IND" "L" -24 1 22.1833333333333 0.571 0.571 0 11.8 4.3 0 0 0 0 13.7 114 101 4.5 -2.1
"19" "15" 2000-12-06 29.97 "NJN" "" "MIL" "L" -22 1 24.6166666666667 0.398 0.4 4.5 11.3 7.5 23.8 4.3 0 8.1 23.4 86 118 6.4 -1.9
"20" "16" 2000-12-08 29.98 "NJN" "" "PHO" "W" 2 1 35.0666666666667 0.455 0.455 7.8 14.8 11.4 9.7 4.9 0 8.3 17.6 98 96 9.5 2.2
"21" "17" 2000-12-10 29.98 "NJN" "" "DAL" "L" -26 1 40.05 0.417 0.409 0 7.7 3.1 12.5 2.7 0 7 17.1 82 111 6.3 -1.8
"22" "18" 2000-12-12 29.99 "NJN" "" "MIN" "W" 22 1 31.2666666666667 0.63 0.556 12.9 18.6 16.2 13.2 1.7 2 8.8 16.3 139 99 15.4 7.3
"23" "19" 2000-12-16 30 "NJN" "@" "ATL" "W" 6 1 28.4 0.466 0.5 4.1 17.6 10.6 11.5 7.8 0 13.4 12.9 94 85 8.9 4.2
"24" "20" 2000-12-17 30 "NJN" "" "SAC" "L" -16 1 25.4 0.75 0.75 3.9 5.2 4.5 0 0 0 33.3 10.9 92 116 2.6 -7.8
"25" "21" 2000-12-20 30.01 "NJN" "@" "BOS" "L" -13 1 31.2333333333333 0.465 0.333 6.5 9.9 8.1 21.8 1.6 0 8.5 17.3 100 104 8.5 1
"26" "22" 2000-12-21 30.01 "NJN" "@" "MIL" "L" -2 0 25.8166666666667 0.607 0.611 7.1 8.4 7.7 46.8 3.9 0 0 16.6 134 86 12.5 13.5
"27" "23" 2000-12-23 30.01 "NJN" "" "MIA" "L" -6 0 24.25 0.421 0.429 8.5 0 5.3 8.3 0 0 0 16.3 107 113 3.8 -3.5
"28" "24" 2000-12-26 30.02 "NJN" "" "ATL" "L" -5 0 19.5166666666667 0.415 0.438 8.7 10 9.3 12.1 0 0 0 18.9 95 101 4.9 1
"29" "25" 2000-12-28 30.03 "NJN" "" "BOS" "L" -1 1 27.8333333333333 0.65 0.65 5.5 22.9 14.1 10.8 1.9 0 16.7 19.8 110 124 9.1 -4.7
"30" "26" 2000-12-31 30.04 "NJN" "@" "CHI" "L" -9 0 31.5 0.519 0.536 2.9 14.3 8.1 15.4 0 0 0 20.9 106 100 10.1 3.3
"31" "27" 2001-01-02 30.04 "NJN" "@" "ORL" "W" 10 0 21.3 0.509 0.417 12 10.6 11.3 11.6 0 0 12.7 16.2 121 122 4 -4.9
"32" "28" 2001-01-04 30.05 "NJN" "@" "MIA" "L" -3 0 22.4833333333333 0.193 0 6 4.7 5.3 7 0 0 0 17.3 59 110 -0.3 -10.5
"33" "29" 2001-01-06 30.05 "NJN" "" "GSW" "W" 5 0 27.2833333333333 0.922 0.875 0 15.1 8.3 12.4 1.9 0 17 9.9 149 98 9.2 3.6
"34" "30" 2001-01-08 30.06 "NJN" "@" "CLE" "L" -2 0 21.2 0.218 0.167 5.4 10.2 7.9 7.4 5.1 0 30.4 21.6 43 99 -0.6 -13
"35" "31" 2001-01-09 30.06 "NJN" "" "PHI" "L" -17 0 15.15 0.82 0.75 0 8.9 4 0 3.6 0 17 18.8 128 116 5.9 3.2
"36" "32" 2001-01-11 30.07 "NJN" "" "ORL" "L" -14 1 32.1666666666667 0.342 0.286 6.7 12.5 9.3 0 3.4 0 18.6 14.9 71 111 2.2 -6.6
"37" "33" 2001-01-13 30.07 "NJN" "@" "MIL" "L" -34 1 32.2833333333333 0 0 3.3 18.8 10.5 4.4 0 4.3 25 5.9 26 125 0.8 -10.4
"38" "34" 2001-01-15 30.08 "NJN" "@" "ATL" "W" 6 1 33.65 0.409 0.409 2.8 19.1 9.6 0 1.5 2.3 0 14.8 88 87 6 -1.6
"39" "35" 2001-01-17 30.08 "NJN" "" "WAS" "W" 19 1 32.8 0.418 0.333 7.7 6.6 7.1 9.5 0 0 8.5 17.1 98 104 5.5 -6.5
"40" "36" 2001-01-19 30.09 "NJN" "@" "PHI" "L" -11 1 19.6333333333333 0.333 0.333 0 22.5 9.6 15.4 8.2 0 14.3 17.1 69 97 3.3 -0.7
"41" "37" 2001-01-20 30.09 "NJN" "" "CHI" "W" 20 1 35.8166666666667 0.554 0.5 7.6 3.5 5.5 6.5 0 0 7.3 16.2 126 117 9.9 -6
"42" "38" 2001-01-23 30.1 "NJN" "@" "SAC" "L" -26 1 24.2 0.581 0.5 0 10 4.5 15.4 4.2 3.4 0 12.4 137 131 9.6 3.2
"43" "39" 2001-01-24 30.1 "NJN" "@" "GSW" "L" -22 1 27.45 0.45 0.375 3.7 11.7 7.6 7.1 1.7 0 0 20.2 103 111 7.7 -0.2
"44" "40" 2001-01-26 30.11 "NJN" "@" "LAL" "L" -12 1 28.15 0.451 0.333 13.2 19 16 9.9 0 0 11.4 15 109 130 6.5 -5.1
"45" "41" 2001-01-27 30.11 "NJN" "@" "SEA" "L" -9 1 28.2333333333333 0.486 0.467 6.6 22.6 13.3 7.5 5.4 0 6.1 26.7 98 103 11.7 2.1
"46" "42" 2001-01-29 30.12 "NJN" "@" "VAN" "L" -11 1 13.3 0.543 0.5 0 33.6 14.8 0 3.9 0 0 23.3 107 96 5.9 6
"47" "43" 2001-01-31 30.12 "NJN" "" "DET" "L" -9 1 38.25 0.589 0.545 0 8.6 4.2 9.2 3.9 0 0 13.7 122 114 14 1.8
"48" "44" 2001-02-02 30.13 "NJN" "" "NYK" "L" -24 1 30.1666666666667 0.444 0.444 0 15 6.3 34.4 0 0 18.2 18.9 81 119 4.2 -4.1
"49" "45" 2001-02-04 30.13 "NJN" "" "PHI" "W" 7 1 31.65 0 0 0 20 10.1 8.8 1.7 0 0 5.3 33 100 1 -4.5
"50" "46" 2001-02-06 30.14 "NJN" "" "ATL" "W" 6 1 29.8166666666667 0.563 0.563 0 12.6 5.6 0 1.7 2.7 0 11.7 112 92 7.2 1
"51" "47" 2001-02-08 30.14 "NJN" "" "SAS" "W" 2 1 24.6833333333333 0.4 0.4 4.5 10.9 8 6.4 4.4 0 16.7 11.7 83 107 3.8 -3.2
"52" "48" 2001-02-13 30.16 "NJN" "" "LAL" "L" -3 1 38.75 0.636 0.636 0 12.6 6.6 13.2 2.8 0 0 13.3 140 114 13.2 6.6
"53" "49" 2001-02-14 30.16 "NJN" "@" "DET" "L" -19 1 23.75 0.368 0.35 0 4.5 2.2 21.4 2.1 0 8.4 20.8 83 114 4.2 -2.6
"54" "50" 2001-02-16 30.16 "NJN" "@" "NYK" "L" -10 1 32.5166666666667 0.543 0.5 3.8 16.2 9.8 4.7 0 0 0 17.9 135 132 10.2 0.5
"55" "51" 2001-02-18 30.17 "NJN" "" "LAC" "W" 6 1 43.1833333333333 0.672 0.444 2.9 13.7 8.4 4.4 4.8 0 23 18.2 114 91 14.6 3.4
"56" "52" 2001-02-21 30.18 "NJN" "" "TOR" "W" 2 1 37.05 0.901 0.875 6.8 5.6 6.2 0 0 1.9 0 11.3 181 125 13.9 5.1
"57" "53" 2001-02-24 30.19 "NJN" "@" "MIA" "L" -5 1 28.6666666666667 0.394 0.313 0 11.3 6.2 7 2.1 0 10.1 18.5 80 95 3 -2.8
"58" "54" 2001-02-25 30.19 "NJN" "" "WAS" "W" 10 1 29.55 0.455 0.389 5.2 9 7.6 28.3 0 2.1 0 15.6 118 106 10 2.4
"59" "55" 2001-02-28 30.2 "NJN" "@" "CHH" "L" -3 1 33.4666666666667 0.512 0.438 3.5 14.2 8.8 10.2 1.6 0 17 17.2 93 101 6.3 -2.3
"60" "56" 2001-03-02 30.2 "NJN" "@" "TOR" "L" -17 1 36.3666666666667 0.467 0.357 3 6.7 4.7 21.1 1.6 0 9.4 15 103 130 7.8 -1.9
"61" "57" 2001-03-04 30.21 "NJN" "@" "IND" "W" 24 1 38.35 0.394 0.313 0 16.2 8 9.4 1.4 0 10.1 12.1 89 106 3.4 -8.3
"62" "58" 2001-03-05 30.21 "NJN" "" "MIL" "L" -7 1 37.0833333333333 0.607 0.607 0 14.4 7.4 9.6 2.9 1.9 12.5 19.3 108 114 12.4 1.3
"63" "59" 2001-03-07 30.22 "NJN" "@" "PHI" "L" -8 1 24.75 0.571 0.5 0 16.5 8.3 25.4 2.2 0 20.2 19 105 117 7.2 0.1
"64" "" 2001-03-09 30.22 "NJN" "" "NYK" "W" 13 NA NA NA NA NA NA NA NA NA NA NA NA NA NA NA NA
"65" "" 2001-03-10 30.22 "NJN" "@" "WAS" "L" -6 NA NA NA NA NA NA NA NA NA NA NA NA NA NA NA NA
"66" "60" 2001-03-13 30.23 "NJN" "@" "DAL" "L" -24 1 33.05 0.556 0.556 6.6 17.3 11.8 4.9 0 3.9 18.2 13.7 100 121 8.3 -0.3
"67" "61" 2001-03-15 30.24 "NJN" "@" "HOU" "L" -2 1 31.0833333333333 0.592 0.563 4.4 17.2 10 4.1 0 0 10.6 15.2 112 120 5.7 -5.2
"68" "62" 2001-03-16 30.24 "NJN" "@" "SAS" "L" -9 1 30.8666666666667 0.34 0.2 3.8 18 11.1 5.3 1.7 0 14.5 10 75 104 3.4 -3
"69" "63" 2001-03-18 30.25 "NJN" "@" "DEN" "L" -14 1 39.3166666666667 0.4 0.4 7.2 18.6 11.7 4.8 1.3 0 6.3 17.8 89 107 7.8 -1.7
"70" "" 2001-03-20 30.25 "NJN" "" "VAN" "W" 14 NA NA NA NA NA NA NA NA NA NA NA NA NA NA NA NA
"71" "" 2001-03-22 30.26 "NJN" "" "BOS" "L" -15 NA NA NA NA NA NA NA NA NA NA NA NA NA NA NA NA
"72" "" 2001-03-23 30.26 "NJN" "@" "NYK" "W" 9 NA NA NA NA NA NA NA NA NA NA NA NA NA NA NA NA
"73" "64" 2001-03-25 30.27 "NJN" "@" "MIN" "L" -14 0 22.6166666666667 0.436 0.444 9.5 5.2 7.5 0 4.5 0 0 19.4 101 110 6.8 1.9
"74" "65" 2001-03-28 30.27 "NJN" "" "DEN" "W" 3 1 41.75 0.622 0.625 2.2 27.3 14.1 19.2 1.2 0 10.6 19.3 124 101 18.7 4.1
"75" "66" 2001-03-30 30.28 "NJN" "@" "TOR" "L" -11 1 27.25 0.461 0.313 0 8.3 4.6 17.5 0 0 9.3 19 102 127 4.7 -5.8
"76" "67" 2001-04-01 30.28 "NJN" "" "HOU" "W" 3 1 41 0.484 0.462 5.6 10.9 8.3 15.1 1.3 2 13 17.4 103 111 10.6 -0.2
"77" "68" 2001-04-03 30.29 "NJN" "" "CHH" "L" -15 1 36.85 0.5 0.5 8.3 25.9 16.4 34.6 1.5 1.8 14.3 17.1 111 114 14.7 6.2
"78" "69" 2001-04-08 30.3 "NJN" "" "IND" "L" -25 1 25.65 0.359 0.25 4.2 0 2.5 14.6 2 0 9.3 18.8 80 115 3.1 -6.1
"79" "70" 2001-04-12 30.32 "NJN" "@" "CHH" "L" -10 1 28.6 0.437 0.393 3.4 4.3 3.8 17.6 2 2.8 6.3 24.8 99 104 7.5 2.6
"80" "71" 2001-04-13 30.32 "NJN" "" "CLE" "L" -6 1 39.2833333333333 0.473 0.382 0 7 3.4 18.5 2.7 0 9.1 26.5 100 107 10.9 -1.4
"81" "72" 2001-04-15 30.32 "NJN" "@" "BOS" "L" -7 1 37.4166666666667 0.577 0.577 0 9.1 4.3 16.8 1.4 2.6 13.3 18.3 106 109 10.2 1.7
"82" "73" 2001-04-17 30.33 "NJN" "" "CHI" "L" -6 1 43.8333333333333 0.617 0.595 7.6 5.9 6.8 4.1 1.3 2.1 0 23.7 128 118 21.8 5.1
"1" "1" 2001-10-30 30.87 "NJN" "" "IND" "W" 6 0 17.9166666666667 0.508 0.429 5.2 14 9 9.2 0 0 11.3 19.8 106 106 5.3 -1.9
"2" "2" 2001-10-31 30.87 "NJN" "@" "BOS" "W" 3 0 10.7666666666667 0.658 0.5 0 0 0 18.8 0 6.9 0 21.9 143 102 5.6 9.6
"3" "3" 2001-11-02 30.87 "NJN" "@" "DET" "L" -14 0 16.0666666666667 0.667 0.667 0 19.4 8.3 27.3 3.2 0 0 16.2 145 108 8 9.7
"4" "4" 2001-11-03 30.88 "NJN" "" "CHH" "W" 10 0 11.6666666666667 0 0 0 21.6 8.7 0 0 0 0 10.2 0 95 -1.9 -16.3
"5" "5" 2001-11-08 30.89 "NJN" "" "SEA" "W" 12 0 28.2166666666667 0.517 0.375 3.8 12.5 8.6 0 1.8 0 0 16.4 123 103 8.7 -0.8
"6" "6" 2001-11-10 30.9 "NJN" "" "CLE" "W" 3 0 18.35 0.438 0.438 11.3 11.9 11.6 0 0 0 0 20 100 100 4.2 -2.9
"7" "7" 2001-11-13 30.9 "NJN" "@" "IND" "W" 9 0 22.8666666666667 0.781 1 0 4 2.2 21.9 2.1 0 0 11 155 88 9.6 9.6
"8" "8" 2001-11-16 30.91 "NJN" "" "NYK" "W" 26 0 17.45 0.581 0.5 0 7 3.8 7.8 5.9 0 22.5 22.4 96 88 6 1.4
"9" "9" 2001-11-17 30.92 "NJN" "" "PHI" "L" -12 0 11.5833333333333 0.75 0.75 0 9.7 4.5 0 0 0 0 15 150 110 3.5 -1.5
"10" "10" 2001-11-19 30.92 "NJN" "@" "DEN" "L" -3 0 28.9666666666667 0.488 0.417 13.4 14.9 14.2 22.2 2 2.4 7 23 117 105 12.6 5.4
"11" "11" 2001-11-21 30.93 "NJN" "@" "UTA" "W" 1 0 19.65 0.621 0.583 5.5 14.7 10.4 9.1 5.2 0 23.7 18.2 104 83 6.9 7.8
"12" "12" 2001-11-22 30.93 "NJN" "@" "LAC" "W" 5 0 23.7833333333333 0.731 0.731 7.8 4.4 6.3 37.5 2.1 0 0 22.4 155 98 17.5 19.8
"13" "13" 2001-11-24 30.93 "NJN" "@" "SAC" "L" -1 0 24.5166666666667 0.571 0.571 0 20.4 10.5 18.2 2 0 0 12.3 123 95 8.9 6.5
"14" "14" 2001-11-25 30.94 "NJN" "@" "GSW" "L" -16 0 18.75 0.387 0.333 5 6.2 5.5 8 0 0 20.5 11.8 78 116 0.8 -11.7
"15" "15" 2001-11-27 30.94 "NJN" "" "CHI" "W" 32 0 21.65 0.868 0.75 5 10.9 7.8 0 5.2 0 14.8 14 154 80 10.3 7.3
"16" "16" 2001-12-01 30.95 "NJN" "" "BOS" "L" -7 0 22.4166666666667 0.5 0.5 4.2 9.3 6.6 8.1 0 0 25 15.3 78 111 1.8 -9.2
"17" "17" 2001-12-05 30.96 "NJN" "" "PHO" "W" 19 0 11.7666666666667 0.338 0.25 0 16 8.2 33.3 0 0 18.4 18.7 88 97 2.3 -4.8
"18" "18" 2001-12-07 30.97 "NJN" "" "CLE" "W" 12 0 16.5 0.375 0.375 15.4 7.3 11.3 19.4 3.5 0 0 23.8 102 98 5.3 0.8
"19" "19" 2001-12-08 30.97 "NJN" "@" "MIL" "L" -16 0 20.2 0.75 0.75 0 5.9 2.4 13.3 7.9 0 11.1 20.1 120 96 11.4 15.7
"20" "20" 2001-12-11 30.98 "NJN" "@" "CHI" "W" 14 0 23.4333333333333 1.011 1 0 15.7 8.6 23.8 0 0 0 22.9 193 106 20.4 21
"21" "21" 2001-12-14 30.99 "NJN" "@" "MIA" "W" 9 0 16.6 0.37 0.2 6.6 8.6 7.4 15.6 0 0 0 18.6 103 104 3.9 -3.6
"22" "22" 2001-12-16 30.99 "NJN" "@" "NYK" "W" 18 0 23.4833333333333 0.721 0.714 6.7 10.7 8.9 7 0 0 0 16.7 146 108 9.5 2.6
"23" "23" 2001-12-19 31 "NJN" "" "MIN" "W" 5 0 18.95 0.354 0.333 0 10.5 5.5 7.6 10 0 0 22.8 75 87 6.4 2.4
"24" "24" 2001-12-21 31.01 "NJN" "@" "IND" "L" -6 0 27.2166666666667 0.58 0.444 0 4.7 2.3 12.3 0 0 0 18.8 135 118 8.8 0.4
"25" "25" 2001-12-22 31.01 "NJN" "" "UTA" "L" -14 0 17.3 0.868 0.75 0 16.6 8.4 12 0 0 14.8 19.6 150 121 8.7 5.6
"26" "26" 2001-12-26 31.02 "NJN" "@" "CLE" "W" 2 0 19.0833333333333 0.799 0.833 0 4.8 2.5 9.6 0 0 22.5 20 114 108 7.4 3
"27" "27" 2001-12-27 31.02 "NJN" "@" "DET" "W" 13 0 17.15 0.538 0.571 0 6 3.2 11.4 0 0 11.8 23.7 88 94 4.3 -2.4
"28" "28" 2001-12-29 31.03 "NJN" "" "IND" "W" 5 0 16.9833333333333 0.707 0.571 5.9 6.9 6.4 0 0 0 0 21.6 164 98 10.3 11.1
"29" "29" 2001-12-31 31.04 "NJN" "@" "WAS" "L" -22 0 16.5333333333333 0.276 0.2 0 21.4 9.8 11.5 0 0 0 17.2 64 115 1.1 -10.8
"30" "30" 2002-01-02 31.04 "NJN" "" "MEM" "W" 18 0 18.8333333333333 0 0 0 12.2 7.4 19.4 0 0 33.3 7.1 45 85 -1 -11.8
"31" "31" 2002-01-04 31.05 "NJN" "" "ORL" "L" -13 0 23.5166666666667 0.601 0.5 7.8 16.7 11.5 13.3 0 3.3 14.7 23.9 126 123 10.1 1.7
"32" "32" 2002-01-05 31.05 "NJN" "@" "CHH" "W" 9 0 34.2833333333333 0.568 0.545 0 9.8 5.2 6 0 0 0 17.1 114 104 8.1 -3.2
"33" "33" 2002-01-08 31.06 "NJN" "" "MIA" "W" 9 0 19.5833333333333 0.615 0.5 6.9 8.3 7.5 9.1 0 0 0 24.8 134 119 9.7 1.1
"34" "34" 2002-01-10 31.06 "NJN" "" "LAC" "W" 19 0 24.9666666666667 0.3 0.3 0 24 13.2 15.1 4 0 9.1 19.3 75 89 5.1 -2.5
"35" "35" 2002-01-12 31.07 "NJN" "@" "ORL" "W" 6 0 22.95 0.799 0.722 0 12 6.2 22.6 8.5 0 7.4 25.7 147 75 20.2 24.5
"36" "36" 2002-01-14 31.07 "NJN" "" "SAS" "W" 2 0 25.65 0.451 0.333 4.6 30.8 17 10.2 1.9 0 27.9 18.1 81 104 5.1 -2.4
"37" "37" 2002-01-16 31.08 "NJN" "" "WAS" "W" 44 0 18.2 0.25 0.25 0 14 8.5 25.8 0 6.5 0 10.1 98 76 3.9 3.1
"38" "38" 2002-01-18 31.08 "NJN" "@" "TOR" "L" -12 0 20.2666666666667 0.145 0.167 0 16.7 8.7 8.1 0 0 0 16.1 40 103 -1 -10.6
"39" "39" 2002-01-19 31.09 "NJN" "" "HOU" "W" 9 0 26.0166666666667 0.222 0.222 0 9.7 4.7 9.6 0 3.1 10 18.6 55 113 0.2 -13.7
"40" "40" 2002-01-21 31.09 "NJN" "@" "DAL" "L" -8 0 26.3833333333333 0.779 0.769 7.1 8.4 7.7 22.7 1.9 0 11.9 26.5 139 120 18.6 14.8
"41" "41" 2002-01-22 31.1 "NJN" "@" "SAS" "W" 6 0 26.8166666666667 0.542 0.375 4 20.2 12 6.2 2 0 8.3 20.3 119 97 9.3 3.4
"42" "42" 2002-01-24 31.1 "NJN" "@" "HOU" "W" 5 0 22.9666666666667 0.5 0.5 5 15.3 10.1 11.3 0 0 16.7 11.9 106 115 3.1 -5.8
"43" "43" 2002-01-26 31.11 "NJN" "@" "MIA" "L" -13 0 22.15 0.59 0.563 0 0 0 21.5 5.4 0 0 21.7 127 111 9.2 10.9
"44" "44" 2002-01-31 31.12 "NJN" "" "MIL" "W" 25 0 25.6166666666667 0.556 0.556 5.3 4.4 4.8 4.7 1.9 0 10 16.4 113 106 5.4 -3.9
"45" "45" 2002-02-02 31.13 "NJN" "" "TOR" "W" 7 0 20.3833333333333 0.478 0.333 0 10.2 5.7 16.4 2.7 0 12 19.3 107 104 4.8 -2
"46" "46" 2002-02-04 31.13 "NJN" "" "SAC" "W" 34 0 25.5833333333333 0.69 0.636 9 11.3 10.3 11.9 1.8 0 0 19.2 156 85 16.4 15.3
"47" "47" 2002-02-06 31.14 "NJN" "" "DAL" "L" -12 0 19.65 0.389 0.389 0 21.8 8.4 31.2 0 0 0 18.2 114 125 5.2 -1.2
"48" "48" 2002-02-12 31.15 "NJN" "@" "ATL" "L" -2 0 18.4666666666667 0.5 0.5 0 0 0 0 0 0 14.3 17.1 88 123 1.2 -7
"49" "49" 2002-02-14 31.16 "NJN" "" "DET" "L" -5 0 16.3833333333333 0.376 0.25 5.6 23.7 13 11.5 0 0 0 14.4 102 94 3.5 -0.3
"50" "50" 2002-02-15 31.16 "NJN" "@" "CHI" "W" 25 0 22.3333333333333 0.512 0.438 6.8 9.1 8.2 12.7 4.8 3.6 17 24.5 99 84 7.4 1.1
"51" "51" 2002-02-17 31.17 "NJN" "" "DEN" "W" 21 0 22.4166666666667 0.75 0.75 5.5 14.9 10.4 9.1 7.4 0 11.1 18.4 132 78 13.1 13.5
"52" "52" 2002-02-19 31.17 "NJN" "" "GSW" "W" 8 0 25.0333333333333 0.612 0.5 12 14.8 13.4 5.9 1.9 0 0 24.4 150 113 17.2 6.9
"53" "53" 2002-02-21 31.18 "NJN" "@" "WAS" "W" 11 0 21.8166666666667 0.3 0.3 10.6 5.2 7.9 14.8 2.5 0 16.7 25.7 71 98 1.9 -8.3
"54" "54" 2002-02-22 31.18 "NJN" "" "NYK" "W" 22 0 20.8833333333333 0.652 0.688 5.3 24.5 12.9 21.1 2.5 0 10.6 19.5 127 103 9.9 3.9
"55" "55" 2002-02-24 31.19 "NJN" "" "CHH" "W" 2 0 27.15 0.723 0.65 4 8.9 6.3 6.3 0 0 14.5 23.8 126 109 10.4 -0.1
"56" "56" 2002-02-27 31.19 "NJN" "@" "CHH" "L" -19 0 20.6666666666667 0.563 0.563 0 12.4 5.6 18.4 0 0 27.3 23.8 82 114 3.6 -5
"57" "57" 2002-03-01 31.2 "NJN" "@" "PHI" "L" -8 0 22.2 0.623 0.5 0 8.1 3 7.8 2.4 0 0 27.7 137 120 12.9 7.8
"58" "58" 2002-03-03 31.21 "NJN" "" "CHI" "W" 8 0 25.0833333333333 0.722 0.563 0 9.1 5 20.3 4.4 0 8.3 23.2 149 96 15.3 12.1
"59" "59" 2002-03-05 31.21 "NJN" "@" "LAL" "L" -9 0 32.4 0.564 0.417 8 11.3 9.4 17.3 1.6 0 11.7 22.9 118 113 13.5 5.7
"60" "60" 2002-03-06 31.21 "NJN" "@" "PHO" "L" -2 0 12.3833333333333 0 0 8.2 0 4.4 11.4 4.5 0 50 7.2 41 102 0.7 -6.2
"61" "61" 2002-03-08 31.22 "NJN" "@" "POR" "L" -9 0 16.3666666666667 0 0 0 0 0 9.7 7 0 0 15.7 10 95 -1.2 -9.9
"62" "62" 2002-03-09 31.22 "NJN" "@" "SEA" "L" -6 0 20.6833333333333 0.6 0.6 4.7 29.5 14.3 17.9 0 0 9.1 23.9 112 112 8.5 5.1
"63" "63" 2002-03-12 31.23 "NJN" "" "TOR" "W" 2 0 25.95 0.722 0.722 4 0 2 9.3 0 0 18.2 19.2 117 107 6.1 0.6
"64" "64" 2002-03-13 31.23 "NJN" "@" "BOS" "L" -8 0 17.4833333333333 0.444 0.429 0 12.1 6.4 0 0 0 11.3 22.6 76 110 2.1 -9.1
"65" "65" 2002-03-15 31.24 "NJN" "" "MIA" "W" 19 0 22 0.35 0.35 6.2 19 13.5 7.4 0 0 23.1 28.1 66 92 0.4 -11.9
"66" "66" 2002-03-17 31.24 "NJN" "@" "MEM" "W" 11 0 21.5333333333333 0.359 0.25 4.9 14.6 9.7 8 0 0 0 22 91 93 3.7 -7.9
"67" "" 2002-03-19 31.25 "NJN" "@" "CLE" "L" -3 NA NA NA NA NA NA NA NA NA NA NA NA NA NA NA NA
"68" "" 2002-03-20 31.25 "NJN" "" "POR" "W" 15 NA NA NA NA NA NA NA NA NA NA NA NA NA NA NA NA
"69" "67" 2002-03-31 31.28 "NJN" "@" "MIN" "L" -1 0 24.0833333333333 0.715 0.682 4.8 24.4 14.5 11.8 4.9 0 0 26.3 140 96 16.6 16.4
"70" "68" 2002-04-03 31.29 "NJN" "" "LAL" "W" 2 0 16.8 0.4 0.4 0 11.8 6.6 7.6 3.4 0 16.7 16.5 82 109 2.2 -6.8
"71" "69" 2002-04-05 31.3 "NJN" "" "ORL" "W" 25 0 17.1 0.697 0.611 0 6.3 3 9.4 0 0 0 26.2 152 100 11.3 8.4
"72" "70" 2002-04-07 31.3 "NJN" "" "BOS" "L" -12 0 22.9166666666667 0.2 0.2 0 0 0 0 0 0 16.7 10.9 40 116 -2.1 -11.2
"73" "71" 2002-04-09 31.31 "NJN" "" "WAS" "W" 13 0 25.35 0.717 0.625 0 10.4 4.9 16.9 0 0 17 10.5 133 107 6.7 -0.3
"74" "72" 2002-04-11 31.31 "NJN" "@" "ORL" "W" 2 0 21.2833333333333 0.286 0.286 0 4.9 2.7 13.3 0 0 30 20.6 52 107 -1.8 -14.6
"75" "73" 2002-04-14 31.32 "NJN" "@" "TOR" "L" -19 0 17.3666666666667 0.51 0.5 6 0 3.5 21.4 0 0 0 16.5 120 121 4.6 1.7
"76" "74" 2002-04-16 31.33 "NJN" "" "DET" "L" -5 0 16.1333333333333 0.333 0.333 0 14.3 7.5 7.9 3.2 0 25 11.2 62 109 1.2 -7.3
"77" "" 2002-04-17 31.33 "NJN" "@" "NYK" "W" 5 NA NA NA NA NA NA NA NA NA NA NA NA NA NA NA NA
"1" "1" 2002-10-30 31.87 "NJN" "" "ATL" "W" 11 0 20.3333333333333 0.742 0.714 6 17.6 11.9 0 2.5 0 18.6 22 123 99 9.9 3.1
"2" "2" 2002-11-01 31.87 "NJN" "" "IND" "W" 11 0 23.75 0.551 0.333 0 13.6 7.1 12.9 0 0 0 16.2 132 98 7.7 2.3
"3" "3" 2002-11-02 31.87 "NJN" "@" "WAS" "W" 8 0 26.05 0.465 0.333 4.9 3.8 4.2 15.7 2 0 15.7 22.2 94 92 5.5 -1.3
"4" "4" 2002-11-04 31.88 "NJN" "" "MIN" "W" 24 0 19 0.538 0.5 6 14 9.7 31.8 0 0 6.3 36.3 108 92 10.6 4.8
"5" "5" 2002-11-06 31.88 "NJN" "@" "MIL" "L" -6 0 26.15 0.638 0.55 4 10.5 6.8 32.4 2.2 0 7.8 22.8 135 119 13.7 9.7
"6" "6" 2002-11-08 31.89 "NJN" "" "LAC" "W" 14 0 23.1 0.65 0.65 0 6 2.8 27.4 0 0 9.1 22.1 123 103 10.1 4
"7" "7" 2002-11-09 31.89 "NJN" "@" "CHI" "L" -7 0 22.7666666666667 0.227 0.227 0 8.5 4.3 6.8 0 0 8.3 22.8 50 112 -2 -15.6
"8" "8" 2002-11-13 31.9 "NJN" "" "SAS" "W" 9 0 23.65 0.593 0.5 15.4 24.5 20.5 8.7 2.2 0 7.3 25 128 84 14.2 12.8
"9" "9" 2002-11-15 31.91 "NJN" "@" "MIA" "W" 9 0 29.8 0.665 0.571 3.6 3.3 3.5 6.5 3.5 0 0 16.2 144 95 13.2 7.6
"10" "10" 2002-11-16 31.91 "NJN" "" "DAL" "L" -8 0 22.2666666666667 0.506 0.45 0 9.5 4.8 0 0 0 0 21.9 108 110 5.4 1.7
"11" "11" 2002-11-18 31.92 "NJN" "" "DEN" "W" 20 0 20.05 0.333 0.333 0 5.3 3.3 6.7 2.5 0 25 9.6 61 90 1.3 -6.1
"12" "12" 2002-11-20 31.92 "NJN" "@" "BOS" "L" -17 0 21.7 0.286 0.286 0 4.8 2.1 17 0 0 0 13.3 73 113 0.8 -8.8
"13" "13" 2002-11-22 31.93 "NJN" "" "CLE" "W" 41 0 20.9 0.143 0.143 0 0 0 16.4 0 0 12.5 16.2 49 88 -2.2 -15
"14" "14" 2002-11-23 31.93 "NJN" "@" "MIN" "W" 14 0 20.9833333333333 0.506 0.444 0 13.4 7.7 6.8 0 0 0 22.3 107 96 6.9 -0.9
"15" "15" 2002-11-27 31.94 "NJN" "@" "PHO" "L" -7 0 15.2666666666667 0.273 0.167 0 20 9 0 3.4 0 21.5 26.9 47 85 -1.5 -13.9
"16" "16" 2002-11-28 31.95 "NJN" "@" "LAC" "L" -8 0 27.4166666666667 0.708 0.708 0 0 0 6.2 1.9 0 7.7 20.6 133 131 11.3 2
"17" "17" 2002-11-30 31.95 "NJN" "@" "POR" "W" 7 0 30.85 0.357 0.357 5 3.2 3.9 11.1 3.4 0 12.5 12.7 80 96 3.5 -1.4
"18" "18" 2002-12-01 31.95 "NJN" "@" "SEA" "L" -1 1 40.7333333333333 0.648 0.594 5.9 5.7 5.8 14.9 1.3 0 10.1 22.4 124 111 16.9 3.8
"19" "19" 2002-12-03 31.96 "NJN" "" "ATL" "W" 15 1 27.9666666666667 0.225 0.125 0 3.4 1.7 11.3 1.8 0 0 13.3 70 84 1.1 -4.1
"20" "20" 2002-12-07 31.97 "NJN" "" "ORL" "W" 33 1 25.3833333333333 0.577 0.577 0 8.5 4.6 11.1 0 0 0 24.1 123 104 10.7 -0.6
"21" "21" 2002-12-09 31.98 "NJN" "" "PHO" "W" 13 1 24.6 0.607 0.556 0 15.7 8.4 10.9 2 0 0 16.9 132 94 10.5 5.9
"22" "22" 2002-12-11 31.98 "NJN" "" "POR" "W" 1 1 41.2 0.823 0.773 3 8 5.6 7.2 0 0 19 16.4 132 118 16.1 0.7
"23" "23" 2002-12-13 31.99 "NJN" "" "WAS" "W" 14 1 36.15 0.515 0.333 0 0 0 5.3 1.5 0 0 15.6 117 83 8.2 1.5
"24" "24" 2002-12-15 31.99 "NJN" "@" "DET" "L" -10 1 37.5 0.541 0.429 0 8.7 3.7 21.6 5.5 0 0 19.5 124 105 16.8 10.4
"25" "25" 2002-12-17 32 "NJN" "@" "NYK" "L" -2 1 38.2666666666667 0.417 0.417 2.8 7.9 5.4 12 0 0 0 14.1 105 119 6.1 -5.3
"26" "26" 2002-12-19 32 "NJN" "" "LAL" "W" 27 1 32.4333333333333 0.531 0.529 6.4 9.8 8.3 11.3 3.2 0 0 24.4 119 78 16.3 10.4
"27" "27" 2002-12-21 32.01 "NJN" "" "DET" "W" 8 1 36.5833333333333 0.538 0.536 4.5 4.6 4.6 13.9 0 2.4 11.8 21.9 99 108 9.6 -2.3
"28" "28" 2002-12-23 32.01 "NJN" "" "CHI" "W" 16 1 29.6 0.546 0.5 3.5 22.9 12.7 26.9 3.4 0 5.2 28.2 114 85 17.2 11.6
"29" "29" 2002-12-25 32.02 "NJN" "" "BOS" "W" 36 1 29.8166666666667 0.66 0.625 5.2 10.2 8.2 28.4 0 0 0 19.2 148 95 16.4 8.7
"30" "30" 2002-12-27 32.02 "NJN" "" "MIL" "W" 20 1 33.55 0.709 0.667 12.5 18.6 15.7 15.5 0 2.3 10.2 27.2 136 105 21.7 8.9
"31" "31" 2002-12-28 32.03 "NJN" "@" "MIL" "W" 8 1 38.4166666666667 0.65 0.6 12.6 15.3 13.8 31.1 0 0 7.1 17.3 144 113 18.7 7.1
"32" "32" 2002-12-30 32.03 "NJN" "" "CLE" "W" 14 1 35.9666666666667 0.422 0.375 9.3 23.3 16.1 12.5 0 4.1 5.3 23.3 100 98 11.3 -4.4
"33" "33" 2003-01-03 32.04 "NJN" "@" "MIA" "W" 20 1 25.1 0.673 0.636 12.8 16.7 15.2 14 2.1 0 0 21.9 155 91 15.3 10.9
"34" "34" 2003-01-04 32.05 "NJN" "@" "ORL" "W" 5 1 32.2 0.441 0.433 3.3 11.5 7.1 27.3 1.7 2.5 11.2 24.4 95 93 9.2 3.9
"35" "35" 2003-01-06 32.05 "NJN" "@" "ATL" "W" 7 1 30.9166666666667 0.589 0.5 12.9 15.9 14.5 0 1.6 0 10.1 26.6 123 101 13.4 2.8
"36" "36" 2003-01-09 32.06 "NJN" "" "SAC" "L" -36 1 26.3333333333333 0.5 0.5 0 4.6 2.1 14.9 1.9 0 15.4 21.7 87 125 6 -1.4
"37" "37" 2003-01-10 32.06 "NJN" "@" "TOR" "W" 15 1 23.6333333333333 0.4 0.4 0 5.1 2.7 6.7 2.4 0 0 9.9 101 96 3.3 -0.6
"38" "38" 2003-01-15 32.08 "NJN" "@" "PHI" "L" -1 1 35.4833333333333 0.693 0.647 13.9 7.2 11 19.3 3 0 5.1 23.1 159 124 25.6 14.9
"39" "39" 2003-01-17 32.08 "NJN" "" "TOR" "W" 11 1 26.1333333333333 0.4 0.4 0 18.9 8.2 13.4 1.8 0 9.1 18.3 76 79 4 -4.2
"40" "40" 2003-01-20 32.09 "NJN" "@" "UTA" "L" -3 1 27.2833333333333 0.174 0 0 4.7 2.1 0 0 0 25.8 11.9 31 111 -4.5 -14.1
"41" "41" 2003-01-21 32.09 "NJN" "@" "SAC" "L" -7 0 22.8666666666667 0.667 0.667 0 13.9 5.2 18.5 0 0 40 9.1 92 122 3.4 -2.1
"42" "" 2003-01-23 32.1 "NJN" "@" "GSW" "L" -8 NA NA NA NA NA NA NA NA NA NA NA NA NA NA NA NA
"43" "" 2003-01-24 32.1 "NJN" "@" "LAL" "W" 6 NA NA NA NA NA NA NA NA NA NA NA NA NA NA NA NA
"44" "42" 2003-01-27 32.11 "NJN" "@" "DEN" "W" 26 1 33.9333333333333 0.424 0.389 10.3 16.6 13.2 26.7 1.5 0 5 25.8 102 75 12.3 4
"45" "43" 2003-01-29 32.12 "NJN" "" "WAS" "W" 8 1 37.15 0.336 0.306 0 3.2 1.5 15.3 4.5 2 0 24.9 79 86 6.9 -0.3
"46" "44" 2003-01-31 32.12 "NJN" "" "NOH" "W" 17 0 24.55 0.468 0.423 5.3 11.3 8.8 8.2 2.4 0 0 28 109 90 9.2 2.6
"47" "45" 2003-02-01 32.12 "NJN" "@" "DET" "L" -22 0 27.6166666666667 0.427 0.375 6.9 10.1 8.2 15.5 0 0 0 21.7 104 130 6.8 -1
"48" "46" 2003-02-03 32.13 "NJN" "" "SEA" "W" 1 0 18.4666666666667 0.388 0.417 8.5 6.6 7.4 8.3 0 0 0 16.7 105 123 2.5 -4.9
"49" "47" 2003-02-05 32.13 "NJN" "@" "PHI" "W" 26 0 24.9333333333333 0.313 0.313 0 8.5 5.1 0 0 0 0 16.8 60 102 0 -12.5
"50" "48" 2003-02-11 32.15 "NJN" "@" "ORL" "L" -9 0 18.9666666666667 0.304 0.222 5 12 8.1 11 0 0 0 23.5 74 107 2.5 -7
"51" "49" 2003-02-12 32.15 "NJN" "@" "MEM" "L" -7 0 15.1333333333333 0.222 0 0 7.3 3.5 32 3.5 0 12.9 22.6 65 106 1.1 -6.7
"52" "50" 2003-02-14 32.16 "NJN" "" "CHI" "W" 18 0 24.3833333333333 0.604 0.5 0 3.7 1.9 8.3 2.1 0 8.5 20.9 115 81 8.5 3.7
"53" "51" 2003-02-16 32.16 "NJN" "" "PHI" "L" -7 0 16.65 0.515 0.417 0 21.7 10.9 0 0 0 0 21.8 114 104 5.1 2.8
"54" "52" 2003-02-18 32.17 "NJN" "" "MIA" "W" 5 0 21.85 0.25 0.25 4.7 5.2 5 8.8 0 0 33.3 19.3 44 97 -2.5 -13.9
"55" "53" 2003-02-20 32.18 "NJN" "" "IND" "W" 7 0 19.2833333333333 0.694 0.667 7.2 5.5 6.2 0 0 0 0 21.6 143 105 8.8 5
"56" "54" 2003-02-21 32.18 "NJN" "@" "WAS" "L" -3 0 11.8333333333333 0.25 0.25 0 10.8 4.7 12.9 4.9 0 0 15.8 70 104 1.2 -4.5
"57" "55" 2003-02-23 32.18 "NJN" "" "ORL" "L" -8 0 29.3833333333333 0.398 0.367 3.3 8.9 5.7 21.5 0 0 10.9 26.4 85 121 5.4 -7.5
"58" "56" 2003-02-25 32.19 "NJN" "@" "CLE" "L" -3 0 30.85 0.551 0.55 3 3.9 3.4 19.1 1.7 0 8.4 16.8 109 109 8.9 -0.2
"59" "57" 2003-02-26 32.19 "NJN" "" "NYK" "W" 29 0 19.4833333333333 0.742 0.714 7.4 11 9.5 0 2.9 0 0 22 161 90 11.6 8.5
"60" "58" 2003-03-02 32.2 "NJN" "" "UTA" "L" -1 0 17.85 0.205 0 0 7.2 3.6 25.8 0 0 0 11.5 86 108 1.6 -6.5
"61" "59" 2003-03-04 32.21 "NJN" "@" "DAL" "L" -9 0 28.1666666666667 0.58 0.583 7.6 19.5 13.5 12.3 4 2.6 11.4 14.1 122 95 10.8 12.1
"62" "60" 2003-03-06 32.21 "NJN" "@" "SAS" "L" -14 0 20.6166666666667 0.484 0.5 4.5 5.3 4.9 0 2.6 0 0 13.7 103 106 4.8 -0.4
"63" "61" 2003-03-08 32.22 "NJN" "@" "HOU" "L" -12 0 19.8833333333333 0.515 0.333 0 10.7 5.3 19.5 0 0 43.6 16.4 66 104 1.3 -6.1
"64" "62" 2003-03-09 32.22 "NJN" "@" "NOH" "W" 10 0 17.2666666666667 0.4 0.4 8.1 14.1 11.3 16.4 0 0 28.6 19.4 75 107 2 -7.8
"65" "63" 2003-03-13 32.23 "NJN" "" "BOS" "W" 15 0 25.8166666666667 0.676 0.656 0 15.7 8.3 14.7 0 0 5.3 32.6 127 90 17.3 13.2
"66" "64" 2003-03-16 32.24 "NJN" "" "PHI" "L" -5 0 18.75 0.167 0.167 0 13.7 6.6 16.6 2.8 0 33.3 20.6 37 102 -2.6 -14.4
"67" "65" 2003-03-18 32.25 "NJN" "@" "BOS" "W" 13 0 28.5333333333333 0.47 0.375 0 6.9 3.5 31.9 0 0 8.6 19.1 100 88 7.5 1.5
"68" "66" 2003-03-19 32.25 "NJN" "" "MIL" "L" -19 0 20.7833333333333 0.143 0.143 10.2 0 5.2 16.5 2.4 0 30 19.9 41 115 -2.1 -11.6
"69" "67" 2003-03-22 32.26 "NJN" "" "MEM" "W" 8 0 21.0666666666667 0.389 0.389 7.1 24.8 17.6 13.8 4.9 0 18.2 23.6 80 97 5.5 -1.3
"70" "68" 2003-03-23 32.26 "NJN" "@" "CLE" "L" -5 0 18.3833333333333 0.484 0.444 0 47.6 19.6 11.4 0 0 8.8 28 93 102 6.1 -2.5
"71" "69" 2003-03-26 32.27 "NJN" "" "NYK" "W" 6 0 19.5166666666667 0.258 0 0 5.5 3.3 6.8 2.8 0 20.5 12.2 57 106 0.9 -6.6
"72" "70" 2003-03-28 32.27 "NJN" "@" "NYK" "W" 21 0 22.0333333333333 0.286 0.286 7.8 18.2 13.6 9.6 0 0 12.5 16.9 80 116 1.1 -13
"73" "71" 2003-03-29 32.28 "NJN" "" "GSW" "W" 12 0 22.55 0.286 0.286 0 15.7 7.6 25.6 0 3.2 0 13.1 93 106 3.8 -4.2
"74" "" 2003-03-31 32.28 "NJN" "" "HOU" "W" 24 NA NA NA NA NA NA NA NA NA NA NA NA NA NA NA NA
"75" "" 2003-04-02 32.29 "NJN" "@" "NOH" "L" -9 NA NA NA NA NA NA NA NA NA NA NA NA NA NA NA NA
"76" "" 2003-04-04 32.29 "NJN" "" "MIA" "W" 16 NA NA NA NA NA NA NA NA NA NA NA NA NA NA NA NA
"77" "72" 2003-04-06 32.3 "NJN" "@" "TOR" "W" 9 0 24.5666666666667 0.631 0.591 0 0 0 22.6 2.3 0 7.8 25.6 121 108 11.4 7.1
"78" "73" 2003-04-09 32.31 "NJN" "@" "ATL" "L" -5 0 22.9666666666667 0.222 0.222 8.9 0 4.7 13.1 4.8 0 0 18.6 75 110 2.9 -5.6
"79" "74" 2003-04-11 32.31 "NJN" "@" "CHI" "L" -9 0 25.1333333333333 0.371 0.333 0 0 0 8.3 2 0 0 17.9 77 107 3.6 -5.5
"80" "75" 2003-04-12 32.32 "NJN" "" "TOR" "W" 8 0 21.3333333333333 0.167 0.167 0 5.2 2.7 6.4 0 0 14.3 14.5 42 104 -2.2 -15.8
"81" "76" 2003-04-14 32.32 "NJN" "" "NOH" "L" -13 0 30.3666666666667 0.451 0.333 4 7.6 5.9 0 0 0 20.5 15.9 77 107 1.7 -6.8
"82" "77" 2003-04-16 32.33 "NJN" "@" "IND" "L" -7 0 19.3333333333333 0.429 0.429 0 5.7 2.9 0 0 0 0 18 90 112 2.2 -5.6
"1" "1" 2003-11-25 32.94 "NJN" "@" "SEA" "W" 23 0 17.7333333333333 0.237 0.2 0 6.6 3.4 8 7 0 0 18.1 64 82 1.7 -3.7
"2" "2" 2003-11-27 32.94 "NJN" "@" "LAC" "W" 6 0 20.8666666666667 0.438 0.438 0 0 0 18.2 2.4 0 0 16.8 100 110 5 -1
"3" "3" 2003-11-28 32.95 "NJN" "@" "POR" "L" -4 0 25.0166666666667 0.75 0.75 4.7 10.7 7.5 7.8 2.2 0 0 19.7 142 114 12.6 8.3
"4" "4" 2003-11-30 32.95 "NJN" "@" "SAC" "L" -13 0 26.3333333333333 0.583 0.583 0 14.6 7.3 11 0 0 25 14.3 88 116 3.5 -5.3
"5" "5" 2003-12-01 32.95 "NJN" "@" "UTA" "L" -7 0 24.6833333333333 0.381 0.357 0 0 0 0 0 0 0 16 74 117 0.7 -9.6
"6" "6" 2003-12-03 32.96 "NJN" "" "MEM" "L" -3 0 13.65 0.5 0.5 10.9 9.2 10 14.6 0 0 0 7.2 130 111 2.7 1.5
"7" "7" 2003-12-05 32.96 "NJN" "" "MIL" "W" 7 0 14.15 0.143 0.143 0 0 0 0 0 0 0 21.5 39 107 -2.5 -18.6
"8" "8" 2003-12-06 32.97 "NJN" "" "PHO" "W" 11 0 20.4333333333333 0.5 0.5 6.5 0 2.9 8.5 0 0 0 22.4 99 97 5.6 -1.2
"9" "9" 2003-12-09 32.98 "NJN" "" "SEA" "W" 13 0 16.6833333333333 0 0 0 13.1 8.1 22.3 0 0 0 8.4 63 105 0.2 -7.3
"10" "10" 2003-12-12 32.98 "NJN" "@" "ORL" "W" 4 0 13.2166666666667 0.45 0.375 8.8 15.7 12.4 13.7 11.9 0 25.3 41.4 75 82 5.2 -0.6
"11" "11" 2003-12-13 32.99 "NJN" "@" "MEM" "L" -47 0 11.5833333333333 0.333 0.333 0 14.3 5.5 23.5 0 0 14.3 25.4 66 124 0.6 -7.2
"12" "12" 2003-12-17 33 "NJN" "" "UTA" "W" 13 0 23.2333333333333 0.37 0.2 0 0 0 23.5 2.5 3.6 0 15.6 97 87 4.1 0
"13" "13" 2003-12-19 33 "NJN" "" "WAS" "W" 10 0 12.8333333333333 0.5 0.5 0 8.6 4.3 13.7 0 0 25 26.8 73 101 1.2 -14.3
"14" "" 2003-12-20 33.01 "NJN" "@" "MIL" "L" -5 NA NA NA NA NA NA NA NA NA NA NA NA NA NA NA NA
"15" "14" 2003-12-23 33.01 "NJN" "" "CHI" "W" 17 0 22.0333333333333 0.25 0.25 6.4 5.2 5.7 12.2 0 0 20 11.1 71 95 1 -7.6
"16" "15" 2003-12-26 33.02 "NJN" "@" "DET" "W" 3 0 14.4333333333333 0.515 0.333 6.9 0 3.5 12.4 0 0 0 13.2 133 104 3.3 -1.6
"17" "16" 2003-12-27 33.02 "NJN" "@" "IND" "W" 7 0 18.6333333333333 0.5 0.5 0 5.6 2.9 0 3 0 0 19.2 93 88 4.6 2.8
"18" "17" 2003-12-29 33.03 "NJN" "" "POR" "L" -4 0 20.05 0.583 0.583 6.2 0 3.3 37.2 0 0 0 15.7 133 120 7.5 6.1
"19" "18" 2003-12-31 33.04 "NJN" "" "GSW" "W" 18 0 23.6333333333333 0.672 0.643 5 0 2.6 23.1 0 0 0 15.6 147 98 9.5 7.4
"20" "19" 2004-01-02 33.04 "NJN" "" "CLE" "W" 15 0 16.05 0.581 0.5 0 0 0 0 0 0 22.5 26.2 85 99 2.6 -10.9
"21" "20" 2004-01-04 33.05 "NJN" "@" "NYK" "W" 10 0 14.8 0.5 0.5 0 7.6 3.6 0 0 0 0 6.2 99 99 0.5 -7.3
"22" "21" 2004-01-06 33.05 "NJN" "" "LAC" "W" 17 0 24.0666666666667 0 0 9.1 0 4.7 17.1 0 0 33.3 5.7 70 97 0.3 -8.5
"23" "22" 2004-01-09 33.06 "NJN" "@" "PHI" "L" -16 0 19.8666666666667 0.258 0 0 7.9 3.2 16.8 2.8 0 0 9.9 73 109 2.2 -4
"24" "23" 2004-01-14 33.07 "NJN" "" "WAS" "W" 12 0 21.9666666666667 0.563 0.5 0 5 2.6 6 0 0 0 16.5 132 114 6.6 -5.3
"25" "24" 2004-01-15 33.08 "NJN" "@" "MIL" "L" -3 0 16.5166666666667 0.417 0.417 0 35.3 16.8 0 0 0 14.3 19.4 73 101 1.7 -7.5
"26" "25" 2004-01-17 33.08 "NJN" "" "IND" "L" -6 0 14.9333333333333 0.205 0 0 0 0 11.4 0 0 0 15.8 63 115 -0.9 -11.2
"27" "26" 2004-01-20 33.09 "NJN" "@" "DAL" "L" -13 0 20.55 0.583 0.583 0 14.9 7.6 14.2 0 0 0 14.7 116 126 6.3 0.1
"28" "27" 2004-01-21 33.09 "NJN" "@" "SAS" "L" -23 0 11.55 0 0 0 8.4 4.2 12.7 4.1 0 0 18.6 11 108 -1.5 -12.5
"29" "28" 2004-01-23 33.1 "NJN" "@" "MIA" "L" -21 0 7.06666666666667 0 0 0 0 0 0 0 0 0 26.7 0 106 -2.8 -22.4
"30" "29" 2004-01-25 33.1 "NJN" "" "BOS" "W" 19 0 21.4166666666667 0.761 0.643 6.3 22.4 15.8 24.6 2.2 0 0 17.4 176 86 14.4 12.9
"31" "30" 2004-01-27 33.11 "NJN" "@" "PHI" "W" 18 0 19.4166666666667 0.375 0.375 0 14.5 6.2 7.8 2.8 0 20 12.5 65 88 1.9 -5.2
"32" "31" 2004-01-29 33.12 "NJN" "@" "ORL" "W" 10 0 20.8 0.5 0.5 0 0 0 34.8 5.2 0 0 28.3 109 90 10.8 10.3
"33" "32" 2004-01-31 33.12 "NJN" "@" "HOU" "W" 11 0 15.4833333333333 1 1 0 8.3 4.5 10.7 3.7 0 0 3.3 202 94 2.9 5.6
"34" "33" 2004-02-02 33.13 "NJN" "@" "NOH" "W" 21 0 13.1833333333333 0 0 0 0 0 9.5 0 0 0 15.4 16 95 -2.1 -20
"35" "34" 2004-02-04 33.13 "NJN" "" "MIA" "W" 11 0 19.6833333333333 0.541 0.5 0 13.7 6.5 16.7 0 0 10.7 21.2 111 108 5.9 -0.2
"36" "35" 2004-02-06 33.14 "NJN" "" "ORL" "W" 21 0 17.8333333333333 0.7 0.7 0 19.5 10.5 12.1 2.8 0 16.7 15.1 117 101 6.6 0.6
"37" "36" 2004-02-08 33.14 "NJN" "" "PHI" "W" 12 0 20.9333333333333 0.436 0.333 4.9 0 2.6 9 0 0 0 15 115 111 3.2 -4.8
"38" "37" 2004-02-10 33.15 "NJN" "" "DET" "W" 11 0 12.4 1 1 0 0 0 0 4 0 50 13.6 70 85 2.4 1.2
"39" "38" 2004-02-11 33.15 "NJN" "@" "CLE" "W" 20 0 16.5666666666667 0.4 0.4 0 15.1 8.6 8 0 0 0 13.2 92 93 2.9 -4.8
"40" "39" 2004-02-18 33.17 "NJN" "" "ATL" "W" 6 0 18.5333333333333 0.25 0.25 0 4.5 2.6 16.1 5.9 0 20 11.9 64 105 2.3 -4.9
"41" "40" 2004-02-20 33.18 "NJN" "@" "TOR" "W" 19 0 16.05 0.145 0 7.2 6.9 7.1 0 0 0 22.5 12.5 41 93 -1.5 -15.1
"42" "41" 2004-02-21 33.18 "NJN" "" "NOH" "W" 13 0 16.2666666666667 0.597 0.55 0 11.5 5.8 12.9 0 0 8.4 30.7 112 98 7.5 3.2
"43" "42" 2004-02-24 33.19 "NJN" "" "TOR" "W" 12 0 13.9833333333333 0.085 0 0 0 0 10.5 4.5 0 14.5 26.9 26 89 -2.6 -19.1
"44" "43" 2004-02-25 33.19 "NJN" "@" "MIN" "L" -13 0 14.7 0.4 0.4 6 8.1 6.9 11.5 0 0 16.7 18.5 74 100 2 -3.8
"45" "44" 2004-02-28 33.2 "NJN" "" "MIA" "W" 6 0 14.4333333333333 0.515 0.5 0 0 0 30.4 7.5 0 0 12.7 125 87 5.3 13.1
"46" "45" 2004-02-29 33.2 "NJN" "" "LAL" "L" -17 0 17.7666666666667 0.255 0.2 0 6.9 3.2 9.7 3.1 0 0 16.7 61 109 1.5 -6
"47" "46" 2004-03-02 33.21 "NJN" "@" "DEN" "W" 4 1 41.4 0.337 0.273 0 8 4.5 32.6 2.5 0 20.2 16.7 79 101 6.9 -4.2
"48" "47" 2004-03-03 33.21 "NJN" "@" "PHO" "L" -13 1 34.9166666666667 0.387 0.25 3.6 10 6.9 6.1 0 0 0 12.2 92 111 3.3 -4.5
"49" "48" 2004-03-05 33.21 "NJN" "@" "GSW" "W" 4 1 39.4 0.364 0.364 3.4 6.7 5.1 4.5 0 0 15.4 17.3 73 99 1.9 -8.3
"50" "49" 2004-03-07 33.22 "NJN" "@" "LAL" "L" -6 1 37.5333333333333 0.25 0.25 0 0 0 14.5 1.4 0 33.3 10.5 52 108 -0.4 -9.3
"51" "50" 2004-03-10 33.23 "NJN" "" "DEN" "W" 1 0 14.6833333333333 0.333 0.333 12.7 8.8 10.4 19.8 0 0 0 10.6 108 114 2.3 -2.2
"52" "51" 2004-03-12 33.23 "NJN" "" "CHI" "W" 12 0 13.3333333333333 0.333 0.333 0 8.2 4.3 24.1 0 0 25 29 59 92 -0.1 -14
"53" "52" 2004-03-14 33.24 "NJN" "@" "MIA" "L" -9 0 15.8166666666667 1.5 1.5 0 0 0 9.4 0 0 0 3.2 274 125 3 3.1
"54" "53" 2004-03-16 33.24 "NJN" "" "SAC" "W" 17 0 17.85 0.45 0.45 0 5.6 3.1 18.8 0 0 0 26.8 94 92 4.9 -2.7
"55" "54" 2004-03-18 33.25 "NJN" "" "DET" "L" -18 0 13.0666666666667 0.266 0 0 0 0 15.4 0 0 0 7.1 82 124 0.6 -5.6
"56" "55" 2004-03-19 33.25 "NJN" "@" "NYK" "L" -14 1 37.5 0.296 0.25 2.8 8.2 5.6 12.3 0 0 32.2 16.4 50 102 -0.8 -10.9
"57" "56" 2004-03-21 33.26 "NJN" "" "DAL" "L" -3 1 44.8833333333333 0.643 0.6 4 13 9.5 19.4 1.2 0 10.9 20.3 122 111 18 1.3
"58" "57" 2004-03-23 33.26 "NJN" "@" "CHI" "W" 3 1 41.2166666666667 0.559 0.559 15.4 14.3 14.8 10.9 2.9 0 5.6 20.9 125 100 17.7 4.8
"59" "58" 2004-03-26 33.27 "NJN" "@" "BOS" "L" -9 1 42.5 0.625 0.625 0 2.7 1.4 19.5 1.3 0 7.7 15.4 115 124 11.6 -0.8
"60" "59" 2004-03-27 33.27 "NJN" "@" "CLE" "L" -3 1 41.3166666666667 0.684 0.692 3.1 9.5 6.3 25.9 0 0 12.6 17.7 131 122 16 1.4
"61" "60" 2004-03-29 33.28 "NJN" "" "BOS" "L" -4 1 40.25 0.48 0.412 9.6 8 8.8 17.5 2.7 0 9.6 22 109 95 13.5 3.5
"62" "61" 2004-03-31 33.28 "NJN" "@" "WAS" "W" 4 1 41.0666666666667 0.633 0.5 6 9.9 8.2 31.3 1.2 0 13.7 23.8 123 98 21.4 5.2
"63" "62" 2004-04-02 33.29 "NJN" "" "NYK" "W" 25 1 31.6833333333333 0.893 0.885 6.5 7.7 7.3 12.4 0 0 13 25.2 150 109 18 3.4
"64" "63" 2004-04-04 33.3 "NJN" "" "ATL" "W" 17 1 27.4833333333333 0.778 0.778 10.5 4.3 7.1 26.7 2 0 10 17.7 150 102 14.9 9.3
"65" "64" 2004-04-06 33.3 "NJN" "" "MIL" "L" -5 1 30.2833333333333 0.338 0.25 0 10 4.5 26.1 3.8 0 0 14.5 107 120 7.2 -3.5
"66" "65" 2004-04-08 33.31 "NJN" "" "ORL" "W" 20 0 19.5333333333333 0.556 0.556 5.1 16 10.4 0 0 0 0 20.2 118 96 6.1 -1.8
"67" "66" 2004-04-09 33.31 "NJN" "@" "IND" "L" -10 1 29.8333333333333 0.45 0.417 5.3 11.5 8.9 22.9 0 0 0 24.3 104 115 8.5 -1.3
"68" "67" 2004-04-11 33.32 "NJN" "" "PHI" "W" 14 0 19.5333333333333 0.508 0.429 11.4 20.6 15.6 27.9 5.4 0 0 19.2 126 80 10.7 11.3
"69" "68" 2004-04-12 33.32 "NJN" "@" "ATL" "L" -22 0 17.6833333333333 1.064 1 6.3 8.6 7.3 0 0 4.8 34.7 7.1 138 149 4 -4
"70" "69" 2004-04-14 33.32 "NJN" "@" "MIA" "L" -12 0 15.7666666666667 0.313 0.313 0 18.2 7.5 12.5 6.6 0 11.1 23.7 71 99 1.7 -4.8
"1" "1" 2004-11-03 33.88 "CLE" "" "IND" "L" -5 1 21.9333333333333 0.25 0.25 0 10.7 5.3 7 2.4 0 20 10.4 50 106 0.5 -6.1
"2" "2" 2004-11-04 33.88 "CLE" "@" "MIA" "L" -6 1 17.3666666666667 0 0 0 21.6 10.1 8.1 0 0 20 13.2 10 109 -2.6 -15
"3" "3" 2004-11-06 33.89 "CLE" "@" "MIL" "L" -14 1 30.7333333333333 0.563 0.5 3.4 22.1 12.3 0 1.6 0 0 6.2 124 105 4.9 -3.8
"4" "4" 2004-11-09 33.9 "CLE" "@" "ATL" "W" 14 1 7.26666666666667 0.333 0.333 0 0 0 0 0 0 0 21 75 98 -1.3 -21.9
"5" "5" 2004-11-10 33.9 "CLE" "" "PHO" "W" 5 0 23.15 0.237 0.25 9 20.1 14.9 13.2 2 0 0 15.5 76 99 3.7 -3.1
"6" "6" 2004-11-13 33.91 "CLE" "" "WAS" "W" 31 0 15.8166666666667 0.709 0.583 0 26.8 16 8.8 0 0 11.4 23.4 139 81 8.8 7.1
"7" "7" 2004-11-15 33.91 "CLE" "" "GSW" "W" 11 0 8.58333333333333 0 0 0 24.2 13 0 0 0 0 16.4 0 104 -1.5 -20.9
"8" "8" 2004-11-18 33.92 "CLE" "@" "CHA" "W" 17 0 20.6166666666667 0.4 0.4 0 0 0 6.3 2.5 0 0 10.8 97 103 3 -2.9
"9" "9" 2004-11-20 33.93 "CLE" "" "CHA" "W" 16 0 11.2666666666667 0.8 0.8 0 0 0 0 0 0 0 19.7 160 106 6.1 7.1
"10" "10" 2004-11-21 33.93 "CLE" "@" "NYK" "L" -10 0 7.68333333333333 0.347 0 0 0 0 16.2 0 0 25.8 23 69 118 -0.1 -14.7
"11" "11" 2004-11-24 33.94 "CLE" "" "DET" "W" 16 0 2.73333333333333 0.5 0.5 0 0 0 0 0 0 0 33.4 100 105 0.2 -20.2
"12" "12" 2004-11-26 33.94 "CLE" "@" "BOS" "W" 2 0 3.45 NA NA 0 0 0 0 0 0 NA 0 0 117 -0.4 -8.6
"13" "13" 2004-11-27 33.95 "CLE" "" "CHI" "W" 22 0 16.0833333333333 0.167 0.167 7.1 21.4 14.3 0 0 0 0 17 54 91 -0.6 -14.6
"14" "14" 2004-11-29 33.95 "CLE" "@" "LAC" "L" -12 0 27.85 0.661 0.571 4.5 14.7 9.4 0 2 0 0 14.4 143 111 9.5 3.4
"15" "15" 2004-12-01 33.96 "CLE" "@" "PHO" "L" -19 0 15.0333333333333 0.583 0.583 0 8.6 3.8 10.9 0 0 0 17.7 125 132 4.6 -0.4
"16" "16" 2004-12-02 33.96 "CLE" "@" "DEN" "W" 19 0 27.3166666666667 0.658 0.667 8.1 4.6 6.4 26.2 2 0 0 16.2 146 86 13.8 15.9
"17" "17" 2004-12-04 33.96 "CLE" "" "TOR" "W" 8 0 20.1666666666667 0.5 0.5 0 4.5 2.6 7.5 0 0 0 13.3 109 112 3.6 -4.6
"18" "18" 2004-12-07 33.97 "CLE" "" "NJN" "W" 6 0 20.5333333333333 0.709 0.583 6.9 7.9 7.4 0 7.8 0 11.4 19.4 138 101 10.6 10.8
"19" "19" 2004-12-08 33.98 "CLE" "@" "CHI" "L" -28 0 24.4666666666667 0.403 0.357 8.9 19.6 13.2 0 0 0 11.8 16.7 85 127 2.4 -8.4
"20" "" 2004-12-11 33.98 "CLE" "@" "SAS" "L" -19 NA NA NA NA NA NA NA NA NA NA NA NA NA NA NA NA
"21" "20" 2004-12-13 33.99 "CLE" "@" "MEM" "W" 6 0 17.6833333333333 0 0 22.2 0 11.3 0 3.1 0 14.3 18.8 30 102 -2.5 -16.7
"22" "21" 2004-12-15 33.99 "CLE" "" "POR" "W" 24 0 10.45 0.833 0.833 0 10.7 5.9 27.1 5 0 0 13.7 170 89 6 14.1
"23" "22" 2004-12-16 34 "CLE" "@" "DET" "L" -12 0 20.3666666666667 0.205 0 5.7 18.5 11.9 8.9 0 0 0 12.1 69 107 1.5 -4.9
"24" "23" 2004-12-18 34 "CLE" "" "BOS" "L" -7 0 25.5833333333333 0.717 0.75 0 15.1 7.9 18.9 0 0 0 8.7 160 122 7.2 2.8
"25" "24" 2004-12-21 34.01 "CLE" "" "MIN" "W" 10 0 21.6333333333333 0.667 0.667 16.3 4.9 9.1 0 0 0 0 14.5 143 122 6.7 -1.8
"26" "25" 2004-12-22 34.01 "CLE" "@" "NJN" "L" -2 0 20.75 0.3 0.143 16.4 10.7 13.5 16.2 0 0 0 19 98 111 3.8 -5.2
"27" "26" 2004-12-26 34.02 "CLE" "" "NOH" "W" 9 0 22.6333333333333 0.533 0.5 5.8 17.4 12.4 7.3 0 0 10.6 19.7 102 107 6.2 -5.1
"28" "27" 2004-12-28 34.03 "CLE" "@" "ATL" "W" 9 0 12.9 0 0 0 10.9 5.1 0 4 0 0 6.8 0 107 -0.5 -8.7
"29" "28" 2004-12-29 34.03 "CLE" "" "HOU" "L" -11 0 22.5833333333333 0.865 0.833 0 9.3 5 0 2.4 3 0 10.9 179 106 9.6 10
"30" "29" 2005-01-03 34.04 "CLE" "@" "CHA" "W" 11 0 15.4 0.333 0.333 0 6.8 3.6 0 0 0 25 11.8 58 104 -0.4 -11.1
"31" "30" 2005-01-05 34.05 "CLE" "" "ATL" "W" 16 0 20.05 0.436 0.333 6.5 6 6.2 7.2 0 4.1 0 17.8 120 108 4.6 -2.4
"32" "31" 2005-01-08 34.06 "CLE" "" "NYK" "W" 25 0 16.6333333333333 0.926 0.917 14.9 7.4 11.1 21.8 8.9 0 10.4 25 171 76 18.1 29.6
"33" "32" 2005-01-11 34.07 "CLE" "" "CHA" "W" 2 0 12.8 0.45 0.5 0 20.4 9.6 0 0 5.2 0 15.3 96 102 2.5 -1.8
"34" "33" 2005-01-13 34.07 "CLE" "@" "LAL" "L" -4 0 16.0333333333333 0.515 0.417 7.9 0 3.4 9.1 0 0 0 22 124 116 5.2 0.1
"35" "34" 2005-01-15 34.08 "CLE" "@" "UTA" "W" 13 0 12.9 0.333 0.333 9 0 4.3 0 0 0 0 11.5 88 95 1 -4.2
"36" "35" 2005-01-16 34.08 "CLE" "@" "SEA" "L" -8 0 20.3 0.429 0.429 9 7.6 8.5 8.1 0 4.6 0 14.1 110 129 4.6 -1.8
"37" "36" 2005-01-19 34.09 "CLE" "@" "POR" "W" 6 0 9.5 0.7 0.7 0 0 0 0 0 0 16.7 30.1 103 118 2.5 -7.6
"38" "37" 2005-01-20 34.09 "CLE" "@" "SAC" "L" -27 0 18.0666666666667 0.583 0.583 0 0 0 0 0 0 0 13.8 124 134 4 -0.7
"39" "38" 2005-01-22 34.1 "CLE" "@" "GSW" "W" 18 0 21.5 0.5 0.5 0 0 0 5.4 2.5 0 14.3 14.5 95 104 3.7 -4.9
"40" "39" 2005-01-24 34.1 "CLE" "" "WAS" "L" -9 0 22.3833333333333 0.313 0.313 0 0 0 5.8 2.2 0 11.1 15.8 73 117 0.5 -7.3
"41" "40" 2005-01-26 34.11 "CLE" "" "MEM" "W" 3 0 10.8666666666667 0.25 0.25 0 0 0 11.3 0 0 20 20.8 59 135 -1.1 -20.5
"42" "41" 2005-01-28 34.11 "CLE" "@" "NYK" "L" -3 0 20.1 0.5 0.5 0 5.9 2.9 16.4 0 0 20 11.1 99 124 2.7 -3.7
"43" "42" 2005-01-30 34.12 "CLE" "" "MIL" "W" 17 0 15.9666666666667 0.75 0.75 0 23.1 11.4 12 0 0 14.3 18.8 120 99 7 5.1
"44" "43" 2005-02-01 34.12 "CLE" "@" "ORL" "L" -3 0 5.98333333333333 1 1 0 0 0 0 0 0 0 6.1 200 119 0.9 -4.8
"45" "44" 2005-02-03 34.13 "CLE" "@" "MIA" "L" -12 0 5.38333333333333 0.694 1 0 0 0 0 0 0 0 14 121 125 1.3 0.5
"46" "45" 2005-02-05 34.13 "CLE" "" "ORL" "W" 9 0 11.4666666666667 0.258 0 0 10.3 4.8 22.9 0 0 43.6 25.1 45 107 -1.4 -17.3
"47" "46" 2005-02-08 34.14 "CLE" "" "TOR" "W" 13 0 22.8666666666667 0.55 0.55 0 8.9 5.2 0 0 0 16.7 24.2 87 104 3.8 -9
"48" "47" 2005-02-11 34.15 "CLE" "" "DEN" "L" -5 0 17.6333333333333 0.42 0 0 0 0 7.8 3.1 4 0 12.4 118 115 4.3 1.8
"49" "48" 2005-02-13 34.16 "CLE" "" "LAL" "W" 14 0 16.1 0.608 0.5 0 6.8 3.8 18.2 3.4 0 0 17.5 139 100 7.3 7.6
"50" "49" 2005-02-16 34.16 "CLE" "" "ATL" "W" 22 0 20.7333333333333 0.5 0.5 5 4.7 4.8 12 2.6 0 0 12.3 135 107 6.4 -1.6
"51" "50" 2005-02-17 34.17 "CLE" "@" "MIN" "L" -6 0 19.8166666666667 0 0 5.3 0 3 7 0 0 0 10 30 116 -1.8 -12.8
"52" "51" 2005-02-23 34.18 "CLE" "" "CHI" "W" 9 0 12.3166666666667 0.301 0 9.2 8.6 8.9 10.9 0 0 0 11.1 99 107 1.9 -3.5
"53" "52" 2005-02-25 34.19 "CLE" "@" "IND" "L" -24 0 8.75 0.667 0.667 0 0 0 0 0 0 40 26.2 72 134 0.3 -14.2
"54" "53" 2005-02-27 34.19 "CLE" "@" "NJN" "L" -6 0 26.5333333333333 0.5 0.5 0 4.9 2.2 6 0 0 12.5 12.2 109 122 2.1 -5.2
"55" "54" 2005-02-28 34.2 "CLE" "" "SAS" "L" -2 0 8.91666666666667 0 0 13 12.7 12.9 0 0 0 0 10.1 34 107 -1.2 -15.1
"56" "" 2005-03-02 34.2 "CLE" "" "SEA" "L" -17 NA NA NA NA NA NA NA NA NA NA NA NA NA NA NA NA
"57" "55" 2005-03-04 34.21 "CLE" "@" "PHI" "L" -9 0 6.58333333333333 1.5 1.5 0 0 0 0 0 0 0 7.3 300 111 2.7 11.9
"58" "56" 2005-03-06 34.21 "CLE" "" "MIA" "L" -20 0 4.71666666666667 0.431 0 0 0 0 0 0 0 0 21.5 101 125 0.9 -6.2
"59" "57" 2005-03-08 34.22 "CLE" "" "ORL" "W" 19 0 3.58333333333333 NA NA 0 0 0 0 0 0 NA 0 0 109 0 -7.9
"60" "" 2005-03-13 34.23 "CLE" "" "IND" "W" 12 NA NA NA NA NA NA NA NA NA NA NA NA NA NA NA NA
"61" "58" 2005-03-15 34.24 "CLE" "" "UTA" "W" 19 0 10.3166666666667 0 0 0 0 0 0 0 0 0 4.8 0 102 -0.7 -7.6
"62" "59" 2005-03-16 34.24 "CLE" "@" "MIL" "L" -8 0 10.0666666666667 0.3 0.3 0 0 0 0 0 0 0 22.9 69 117 -0.5 -12.7
"63" "60" 2005-03-18 34.25 "CLE" "" "PHI" "L" -12 0 8.75 NA NA 0 0 0 0 0 0 NA 0 0 110 0 -6.9
"64" "61" 2005-03-20 34.25 "CLE" "@" "TOR" "L" -7 0 11.7666666666667 0 0 0 9.8 4.9 11.4 4.7 0 0 12 21 119 -0.1 -9
"65" "62" 2005-03-22 34.26 "CLE" "" "DET" "W" 15 0 24.0666666666667 0.318 0.333 5.8 4.3 4.9 0 2.4 2.9 0 20.6 71 93 2.8 -5.2
"66" "63" 2005-03-24 34.26 "CLE" "@" "HOU" "L" -19 0 19.3333333333333 0.25 0.25 0 14.4 5.9 8.6 2.8 0 33.3 15.1 38 112 -0.5 -11.6
"67" "64" 2005-03-26 34.27 "CLE" "@" "DAL" "L" -31 0 21.4833333333333 0.833 0.833 5.1 13.1 8.6 0 0 0 0 6.9 166 138 4.6 -2.3
"68" "65" 2005-03-28 34.27 "CLE" "@" "NOH" "W" 1 0 10.6166666666667 0 0 0 0 0 0 0 0 0 4.4 0 124 -0.7 -11.2
"69" "66" 2005-03-29 34.28 "CLE" "" "LAC" "W" 10 0 9.06666666666667 1 1 26 0 14.2 0 6.3 0 0 10.8 205 97 5 13
"70" "67" 2005-03-31 34.28 "CLE" "@" "CHI" "L" -12 0 18.1666666666667 0.347 0 0 6.5 3.1 16.9 3 0 0 7.2 105 109 2.9 -0.2
"71" "68" 2005-04-01 34.28 "CLE" "" "SAC" "L" -19 0 3.85 NA NA 33.3 0 17.4 0 13.2 0 NA 0 213 119 1.7 15.3
"72" "69" 2005-04-03 34.29 "CLE" "" "DAL" "W" 20 0 6.11666666666667 0.266 0 0 0 0 0 0 0 0 13.2 72 97 -0.9 -15.4
"73" "70" 2005-04-05 34.3 "CLE" "" "NJN" "L" -31 0 18.0333333333333 0.615 0.5 0 0 0 18.8 0 0 0 6.5 155 144 2.6 -5.3
"74" "" 2005-04-06 34.3 "CLE" "@" "IND" "L" -21 NA NA NA NA NA NA NA NA NA NA NA NA NA NA NA NA
"75" "71" 2005-04-08 34.3 "CLE" "@" "PHI" "L" -5 0 29.3333333333333 0.635 0.571 10.3 10.8 10.6 0 0 0 27.6 15.8 102 113 5.5 -3.3
"76" "72" 2005-04-09 34.31 "CLE" "" "MIL" "W" 17 0 2.8 0 0 0 0 0 0 0 0 0 15.8 0 108 -0.7 -23.9
"77" "" 2005-04-11 34.31 "CLE" "@" "ORL" "W" 8 NA NA NA NA NA NA NA NA NA NA NA NA NA NA NA NA
"78" "73" 2005-04-14 34.32 "CLE" "" "NYK" "L" -6 0 3.05 NA NA 0 38.1 17.4 0 0 0 NA 0 0 108 0.3 -6.6
"79" "" 2005-04-15 34.32 "CLE" "@" "WAS" "L" -8 NA NA NA NA NA NA NA NA NA NA NA NA NA NA NA NA
"80" "" 2005-04-17 34.33 "CLE" "@" "DET" "L" -3 NA NA NA NA NA NA NA NA NA NA NA NA NA NA NA NA
"81" "" 2005-04-19 34.33 "CLE" "" "BOS" "W" 14 NA NA NA NA NA NA NA NA NA NA NA NA NA NA NA NA
"82" "" 2005-04-20 34.34 "CLE" "@" "TOR" "W" 9 NA NA NA NA NA NA NA NA NA NA NA NA NA NA NA NA
