"Rk" "G" "Date" "Age" "Tm" "H/A" "Opp" "W/L" "By Amt" "GS" "MP" "TS%" "eFG%" "ORB%" "DRB%" "TRB%" "AST%" "STL%" "BLK%" "TOV%" "USG%" "ORtg" "DRtg" "GmSc" "BPM"
"1" "1" 1995-11-04 23.05 "IND" "" "TOR" "W" 8 0 1 NA NA 0 0 0 0 0 0 NA 0 0 113 0 -5.6
"2" "2" 1995-11-09 23.07 "IND" "@" "NYK" "L" -8 0 6 0.753 0.5 0 0 0 30.8 0 0 37.6 39.6 101 115 1.9 -7.8
"3" "3" 1995-11-10 23.07 "IND" "" "SAC" "L" -24 0 9 0.602 0.25 21.8 14.4 18.6 25.8 0 0 0 31.9 156 133 7.2 11.2
"4" "4" 1995-11-15 23.08 "IND" "@" "MIA" "W" 6 0 8 0 0 14 34.3 23.1 0 0 0 50 12 37 104 -1.6 -17.3
"5" "5" 1995-11-18 23.09 "IND" "" "SEA" "W" 14 0 1 1 1 0 100 55.8 0 0 0 0 41.1 200 88 2 43.3
"6" "6" 1996-01-02 23.22 "IND" "@" "DEN" "W" 15 0 3 0 0 0 0 0 0 0 0 0 15.3 0 109 -1.1 -26.2
"7" "7" 1996-01-03 23.22 "IND" "@" "LAC" "W" 16 0 2 0 0 0 63.2 32 0 0 0 50 41.5 0 90 -1.4 -44.1
"8" "8" 1996-01-05 23.22 "IND" "@" "SAS" "W" 13 0 2 1 1 0 0 0 0 0 0 0 20.5 200 104 1.7 19.9
"9" "9" 1996-01-06 23.23 "IND" "@" "HOU" "L" -12 0 5 0 NA 0 0 0 29.1 0 0 0 7.8 50 112 -0.5 -9
"10" "10" 1996-01-09 23.24 "IND" "@" "DAL" "W" 7 0 1 NA NA 0 0 0 0 0 0 NA 0 0 115 0 -8.2
"11" "11" 1996-01-13 23.25 "IND" "" "MIN" "W" 9 0 1 NA NA 0 0 0 0 0 0 NA 0 0 105 0 -5
"12" "12" 1996-01-17 23.26 "IND" "@" "ATL" "L" -9 0 6 0.436 0.333 25 0 12.7 47.1 9.7 0 22.5 37.2 97 109 3.4 13.4
"13" "13" 1996-01-23 23.27 "IND" "" "PHO" "W" 15 0 4 1 1 0 0 0 41.4 12.8 0 0 10.8 205 90 3.4 31.7
"14" "14" 1996-04-20 23.52 "IND" "@" "CHI" "W" 1 0 14 1 1 0 0 0 20.4 3.7 5.3 0 3.1 200 110 4.4 10.9
"15" "15" 1996-04-21 23.52 "IND" "" "CLE" "W" 1 1 22 0.709 0.5 0 0 0 0 8.3 0 26.2 17 119 102 6.1 4.9
"1" "" 1996-11-01 24.05 "IND" "@" "DET" "L" -6 NA NA NA NA NA NA NA NA NA NA NA NA NA NA NA NA
"2" "" 1996-11-02 24.05 "IND" "" "MIA" "L" -2 NA NA NA NA NA NA NA NA NA NA NA NA NA NA NA NA
"3" "" 1996-11-06 24.06 "IND" "@" "BOS" "L" -10 NA NA NA NA NA NA NA NA NA NA NA NA NA NA NA NA
"4" "1" 1996-11-09 24.07 "IND" "" "WSB" "W" 3 0 11.4833333333333 0 0 0 28.3 15.2 12.4 4.7 0 0 8.2 30 89 0.8 -2.4
"5" "2" 1996-11-12 24.08 "IND" "@" "DAL" "L" -21 0 16.6 0.589 0.3 5.3 13.8 9 21.6 3 0 11.6 21.8 127 108 8.6 8.3
"6" "3" 1996-11-14 24.08 "IND" "@" "HOU" "L" -2 0 9.88333333333333 0.338 0.25 0 11.2 5.8 0 5.2 0 18.4 24.2 62 92 0.9 -4.7
"7" "4" 1996-11-15 24.08 "IND" "@" "SAS" "W" 15 0 17.3666666666667 0.856 0.857 8.6 31.4 21.7 17.8 3.3 0 18.6 31.2 131 83 12.4 15.9
"8" "5" 1996-11-17 24.09 "IND" "" "POR" "L" -5 0 11.5833333333333 0.258 0 8.2 20 13.5 0 0 0 0 16.3 75 110 1.2 -8.3
"9" "6" 1996-11-20 24.1 "IND" "@" "PHI" "W" 11 0 0.516666666666667 NA NA 0 0 0 0 0 0 NA 0 0 117 0 -7.3
"10" "" 1996-11-21 24.1 "IND" "" "CHH" "L" -3 NA NA NA NA NA NA NA NA NA NA NA NA NA NA NA NA
"11" "" 1996-11-23 24.11 "IND" "" "ORL" "L" -3 NA NA NA NA NA NA NA NA NA NA NA NA NA NA NA NA
"12" "7" 1996-11-28 24.12 "IND" "" "SAC" "W" 18 0 3.35 0 0 0 32.7 17.6 0 0 0 0 14.6 0 89 -0.4 -16.5
"13" "" 1996-11-29 24.12 "IND" "" "VAN" "W" 10 NA NA NA NA NA NA NA NA NA NA NA NA NA NA NA NA
"14" "" 1996-12-03 24.13 "IND" "@" "POR" "W" 5 NA NA NA NA NA NA NA NA NA NA NA NA NA NA NA NA
"15" "8" 1996-12-04 24.14 "IND" "@" "VAN" "W" 47 0 7.78333333333333 1.125 1.125 22.2 14 17.1 0 0 0 0 23.4 224 94 8.8 23.6
"16" "9" 1996-12-06 24.14 "IND" "@" "GSW" "W" 15 0 2.38333333333333 1 1 0 0 0 0 0 0 50 42.9 64 92 0.7 -2.1
"17" "10" 1996-12-08 24.15 "IND" "@" "PHO" "L" -13 0 11.6333333333333 0.425 0.3 10.3 0 5.1 13.8 0 0 14.5 26.6 94 127 1.9 -5.7
"18" "11" 1996-12-10 24.15 "IND" "@" "UTA" "L" -24 0 10.25 0.21 0 0 0 0 0 10.1 0 17.4 25.3 39 105 -0.3 -9.7
"19" "" 1996-12-11 24.16 "IND" "@" "LAL" "L" -3 NA NA NA NA NA NA NA NA NA NA NA NA NA NA NA NA
"20" "" 1996-12-13 24.16 "IND" "" "BOS" "W" 3 NA NA NA NA NA NA NA NA NA NA NA NA NA NA NA NA
"21" "12" 1996-12-17 24.17 "IND" "@" "MIA" "W" 14 0 0.933333333333333 NA NA 0 0 0 0 0 0 NA 0 0 111 0 -5.9
"22" "" 1996-12-18 24.18 "IND" "@" "ORL" "W" 7 NA NA NA NA NA NA NA NA NA NA NA NA NA NA NA NA
"23" "" 1996-12-20 24.18 "IND" "" "DET" "L" -9 NA NA NA NA NA NA NA NA NA NA NA NA NA NA NA NA
"24" "13" 1996-12-22 24.19 "IND" "" "TOR" "W" 19 0 9.83333333333333 0.75 0.75 0 8.6 5.3 42.1 0 0 0 9.1 172 105 4 7
"25" "" 1996-12-26 24.2 "IND" "@" "DET" "W" 6 NA NA NA NA NA NA NA NA NA NA NA NA NA NA NA NA
"26" "" 1996-12-27 24.2 "IND" "@" "NJN" "L" -11 NA NA NA NA NA NA NA NA NA NA NA NA NA NA NA NA
"27" "14" 1996-12-29 24.21 "IND" "" "NJN" "L" -8 0 1.4 NA NA 0 0 0 0 0 0 100 43.9 0 117 -1 -42.4
"28" "" 1996-12-30 24.21 "IND" "@" "CHI" "L" -2 NA NA NA NA NA NA NA NA NA NA NA NA NA NA NA NA
"29" "15" 1997-01-03 24.22 "IND" "" "PHO" "W" 13 0 1.41666666666667 NA NA 0 0 0 100 0 0 NA 0 227 122 0.7 22.5
"30" "" 1997-01-04 24.22 "IND" "@" "CLE" "L" -8 NA NA NA NA NA NA NA NA NA NA NA NA NA NA NA NA
"31" "" 1997-01-17 24.26 "IND" "" "GSW" "L" -7 NA NA NA NA NA NA NA NA NA NA NA NA NA NA NA NA
"32" "" 1997-01-19 24.26 "IND" "" "PHI" "W" 4 NA NA NA NA NA NA NA NA NA NA NA NA NA NA NA NA
"33" "" 1997-01-23 24.27 "IND" "" "NYK" "L" -2 NA NA NA NA NA NA NA NA NA NA NA NA NA NA NA NA
"34" "" 1997-01-25 24.28 "IND" "" "MIL" "L" -2 NA NA NA NA NA NA NA NA NA NA NA NA NA NA NA NA
"35" "16" 1997-01-28 24.29 "IND" "" "CHH" "L" -1 0 12.9333333333333 1 1 0 0 0 0 9 0 0 15.1 191 110 7.2 18
"36" "17" 1997-01-29 24.29 "IND" "@" "CHH" "W" 11 0 12.9333333333333 0.875 0.875 0 8.8 4.7 13.2 0 0 20 17.2 134 112 5 5
"37" "18" 1997-01-31 24.3 "IND" "" "HOU" "W" 26 0 19.1666666666667 0.145 0 5.9 16.8 11.5 18.5 5.5 4.6 22.5 20.5 57 69 1 -4.4
"38" "19" 1997-02-02 24.3 "IND" "" "NJN" "W" 2 0 3.01666666666667 0 0 0 0 0 0 0 0 0 15 0 114 -1.1 -27.7
"39" "20" 1997-02-04 24.31 "IND" "@" "ORL" "L" -24 0 14.9833333333333 1.215 1.5 0 8.4 3.9 22.4 7.1 18.1 25.8 11.6 149 103 10.4 28.8
"40" "21" 1997-02-06 24.31 "IND" "@" "NJN" "W" 4 0 21.5 0.676 0.333 4.7 4.4 4.5 6.3 2.5 0 11.9 17.6 136 116 7.6 -1.6
"41" "22" 1997-02-12 24.33 "IND" "" "CLE" "L" -8 0 18.1 0.34 0.3 0 21.3 9 30.4 3.3 0 0 18 89 98 3.8 5.1
"42" "23" 1997-02-13 24.33 "IND" "@" "MIA" "L" -16 0 13.6666666666667 0.376 0.25 7.5 16.7 11.8 0 3.4 0 0 15.5 95 105 3.1 -0.6
"43" "" 1997-02-16 24.34 "IND" "@" "NYK" "L" -9 NA NA NA NA NA NA NA NA NA NA NA NA NA NA NA NA
"44" "24" 1997-02-17 24.34 "IND" "" "TOR" "W" 2 0 5.06666666666667 0 0 0 26.7 13 29.1 0 0 50 17.6 26 115 -0.7 -14
"45" "25" 1997-02-19 24.35 "IND" "@" "ATL" "L" -13 0 7.23333333333333 0.694 0.5 0 18 8.7 0 0 0 0 19.8 154 121 3.3 4.5
"46" "26" 1997-02-20 24.35 "IND" "" "DEN" "W" 24 0 6.26666666666667 0.333 0.333 0 43.6 20.9 0 0 0 0 19.7 79 64 1.2 -4.3
"47" "" 1997-02-23 24.36 "IND" "" "ORL" "L" -9 NA NA NA NA NA NA NA NA NA NA NA NA NA NA NA NA
"48" "27" 1997-02-25 24.36 "IND" "@" "WSB" "L" -21 0 13.8 0.902 0.833 25.7 18 22 0 0 0 0 12.4 189 114 7.6 11.2
"49" "28" 1997-02-26 24.37 "IND" "" "SEA" "W" 14 0 5.95 NA NA 0 19.5 10.8 0 0 0 NA 0 0 100 -0.1 -6.5
"50" "29" 1997-02-28 24.37 "IND" "" "MIL" "W" 19 0 4.66666666666667 1.078 1 0 27.4 13 0 0 0 0 21.9 235 99 5 24.4
"51" "" 1997-03-02 24.38 "IND" "" "LAL" "W" 16 NA NA NA NA NA NA NA NA NA NA NA NA NA NA NA NA
"52" "" 1997-03-04 24.38 "IND" "" "BOS" "W" 3 NA NA NA NA NA NA NA NA NA NA NA NA NA NA NA NA
"53" "30" 1997-03-05 24.39 "IND" "@" "CLE" "L" -7 0 10.4166666666667 0.727 0.833 0 28.2 14.5 27.6 5.9 0 0 18.3 130 92 5.6 19.8
"54" "31" 1997-03-07 24.39 "IND" "@" "CHI" "L" -8 0 22.75 0.429 0.429 4.5 5.6 5 0 0 0 0 14 95 122 2.1 -6.6
"55" "32" 1997-03-08 24.39 "IND" "" "SAS" "L" -4 0 12.0333333333333 0.781 0.75 9.5 10.3 9.9 14.3 0 0 14.8 24.6 144 116 7.3 14.6
"56" "" 1997-03-12 24.41 "IND" "" "ATL" "W" 10 NA NA NA NA NA NA NA NA NA NA NA NA NA NA NA NA
"57" "" 1997-03-14 24.41 "IND" "" "UTA" "L" -9 NA NA NA NA NA NA NA NA NA NA NA NA NA NA NA NA
"58" "" 1997-03-16 24.42 "IND" "@" "MIL" "L" -4 NA NA NA NA NA NA NA NA NA NA NA NA NA NA NA NA
"59" "" 1997-03-18 24.42 "IND" "" "MIN" "W" 18 NA NA NA NA NA NA NA NA NA NA NA NA NA NA NA NA
"60" "" 1997-03-19 24.42 "IND" "@" "ATL" "L" -12 NA NA NA NA NA NA NA NA NA NA NA NA NA NA NA NA
"61" "33" 1997-03-21 24.43 "IND" "" "CHI" "L" -19 0 9.28333333333333 0 0 0 16.2 6.8 0 0 0 25 20.1 0 135 -2.8 -26.8
"62" "34" 1997-03-25 24.44 "IND" "@" "TOR" "W" 14 0 21.05 0.581 0.583 0 25.4 14.3 8.1 0 0 0 14.5 124 88 6.3 2.6
"63" "35" 1997-03-26 24.44 "IND" "" "DAL" "W" 24 0 23.5 0.861 0.95 0 4.7 2.6 15.9 7.2 0 0 25.8 168 88 20.3 24.7
"64" "36" 1997-03-28 24.45 "IND" "@" "CHH" "W" 1 0 29.2 0.872 0.833 0 22.8 11.8 4.8 0 0 0 11.9 179 134 10.5 4.1
"65" "37" 1997-03-30 24.45 "IND" "" "LAC" "W" 7 0 22.8 0.417 0.417 0 20.9 10.7 19 2.4 3.7 0 11.7 123 96 4.6 2
"66" "38" 1997-04-01 24.46 "IND" "" "WSB" "L" -4 0 14.3833333333333 0 0 0 0 0 0 3.7 0 0 6.2 0 119 -1.2 -10.6
"67" "39" 1997-04-03 24.47 "IND" "" "MIA" "L" -14 0 19.7 0.621 0.583 0 17.8 7.7 10.1 0 0 23.7 19.9 101 114 4.3 1.2
"68" "40" 1997-04-04 24.47 "IND" "@" "PHI" "W" 11 0 3.45 0.532 0 0 32.7 18.2 0 0 0 0 27.2 145 107 1.6 -3.1
"69" "41" 1997-04-06 24.47 "IND" "@" "MIN" "W" 11 0 12.1 1.5 1.5 0 10.8 5.7 44.4 4.6 6.7 0 4.2 254 88 6.8 25.5
"70" "42" 1997-04-09 24.48 "IND" "" "CHI" "L" -6 0 15.2833333333333 0.75 0.75 0 13.6 7 0 3.8 0 20 16 108 98 3.8 5.1
"71" "43" 1997-04-11 24.49 "IND" "" "ATL" "L" -12 0 18.05 0.47 0.25 0 17.8 8.6 40 6.2 0 0 14.4 137 110 8.3 14.4
"72" "44" 1997-04-12 24.49 "IND" "@" "TOR" "W" 11 0 14.2833333333333 0.34 0.2 0 7.1 4 9.1 0 0 14.5 22.9 75 108 0.5 -12.5
"73" "" 1997-04-14 24.5 "IND" "" "NYK" "W" 3 NA NA NA NA NA NA NA NA NA NA NA NA NA NA NA NA
"74" "45" 1997-04-16 24.5 "IND" "@" "WSB" "L" -13 0 6.91666666666667 0 0 0 38.1 17.4 0 0 0 0 12 0 114 -0.9 -13.1
"75" "46" 1997-04-18 24.51 "IND" "@" "NYK" "L" -8 0 18.6666666666667 0.962 0.9 0 6.2 3 0 2.8 0 12.9 18.9 159 109 10.6 11.7
"76" "47" 1997-04-20 24.51 "IND" "" "DET" "L" -4 0 22.9166666666667 0.451 0.25 0 5.9 2.5 11.1 2.3 0 11.4 15.9 113 125 2.9 -5.1
"1" "1" 1997-10-31 25.04 "IND" "@" "NJN" "L" -2 0 21.3166666666667 0.563 0.625 5.7 3.7 4.5 0 2.6 0 18.4 11 101 113 2 -0.2
"2" "2" 1997-11-01 25.05 "IND" "" "GSW" "W" 13 0 19.7833333333333 0.342 0.143 0 21.4 11.2 7.4 0 0 0 17.7 95 85 2.5 -7
"3" "3" 1997-11-04 25.05 "IND" "@" "CLE" "L" -3 0 20.9 0.518 0.4 0 14.9 8.5 0 0 0 0 15.6 115 98 4.4 -2.2
"4" "4" 1997-11-05 25.06 "IND" "@" "DET" "W" 12 0 29.55 0.46 0.4 0 19.4 9 5 1.8 0 0 8.9 102 99 4 -2.5
"5" "5" 1997-11-07 25.06 "IND" "" "SEA" "L" -6 0 2.61666666666667 0 0 0 36.4 18.8 88.9 0 0 0 30.3 65 112 0.3 -1.7
"6" "" 1997-11-08 25.07 "IND" "@" "CHH" "L" -7 NA NA NA NA NA NA NA NA NA NA NA NA NA NA NA NA
"7" "" 1997-11-12 25.08 "IND" "" "ATL" "L" -3 NA NA NA NA NA NA NA NA NA NA NA NA NA NA NA NA
"8" "6" 1997-11-14 25.08 "IND" "" "MIA" "W" 4 0 10.5666666666667 0 0 0 40 22.1 0 0 0 0 9.4 0 81 -0.6 -8.1
"9" "7" 1997-11-15 25.08 "IND" "@" "TOR" "W" 28 0 20.4833333333333 0.628 0.571 0 23.4 13 14.2 8.5 0 0 21 149 76 12.5 15.3
"10" "8" 1997-11-20 25.1 "IND" "@" "MIL" "W" 26 0 19.5833333333333 0.51 0.6 0 4.4 2.9 8.3 5.5 0 0 15 104 87 5.9 6.4
"11" "9" 1997-11-22 25.1 "IND" "" "CHH" "L" -1 0 19.9 0.621 0.333 0 12.3 7 9 0 0 0 14.3 144 114 5.4 3.7
"12" "10" 1997-11-27 25.12 "IND" "" "VAN" "W" 21 0 12.3 0.515 0.333 0 11.4 6.1 10 0 0 20.5 19.3 97 102 1.9 -8.2
"13" "11" 1997-11-28 25.12 "IND" "" "CHI" "W" 11 0 7.75 0 0 0 0 0 15.4 0 0 0 5.6 56 104 0 -2.9
"14" "12" 1997-11-30 25.13 "IND" "" "PHI" "W" 12 0 9.81666666666667 0.333 0.333 19.2 20 19.7 0 5.6 0 0 15.5 96 93 1.8 -4.8
"15" "13" 1997-12-03 25.13 "IND" "@" "MIN" "W" 4 0 13.55 0.5 0.5 0 19.4 9.7 0 4.2 0 0 22 96 96 3.4 1.9
"16" "14" 1997-12-05 25.14 "IND" "@" "DEN" "W" 11 0 12.1333333333333 0.902 0.833 0 8.9 4.5 0 4.4 6.1 0 15.3 182 87 6.5 16.3
"17" "15" 1997-12-07 25.15 "IND" "@" "PHO" "W" 2 0 15.3666666666667 0.833 0.833 7.7 13.3 10.7 10.7 0 0 40 15.3 95 101 3.3 2
"18" "16" 1997-12-08 25.15 "IND" "@" "UTA" "L" -9 0 24.9 0.5 0.5 6 17.9 12.8 12.3 4.2 0 0 9.5 122 108 6 4.7
"19" "17" 1997-12-10 25.15 "IND" "@" "POR" "L" -8 0 14.1833333333333 0.868 1 7.6 24.5 14.1 28.4 0 0 0 9.9 181 115 6.7 12.3
"20" "18" 1997-12-12 25.16 "IND" "" "MIA" "W" 15 0 8.81666666666667 0.694 0.5 0 15.2 7.8 0 12.3 0 0 15.9 153 82 4.1 10.9
"21" "19" 1997-12-13 25.16 "IND" "" "WAS" "W" 17 0 12.4666666666667 1.389 1.5 0 9.3 4.9 0 9 0 0 10.7 275 90 8.5 26.9
"22" "20" 1997-12-15 25.17 "IND" "@" "TOR" "W" 7 0 13.85 0.387 0.167 9.8 40.8 26.7 21.7 0 0 0 27 106 110 5 -7.8
"23" "21" 1997-12-17 25.17 "IND" "" "NYK" "W" 7 0 11.4833333333333 0.375 0.375 0 9.5 4.6 17 0 0 0 17.4 83 96 1.6 1.2
"24" "22" 1997-12-19 25.18 "IND" "" "DET" "W" 8 0 14.4 0.75 0.75 0 8.6 4.4 15.4 3.7 0 0 19.7 145 97 7.6 11
"25" "23" 1997-12-20 25.18 "IND" "@" "ORL" "W" 3 0 13.0833333333333 0 0 0 0 0 10.3 4.3 4.3 33.3 11.4 20 109 0 -3.7
"26" "24" 1997-12-23 25.19 "IND" "@" "SAS" "L" -12 0 13.4166666666667 0.34 0.2 0 0 0 14.6 0 0 0 22 79 110 1.2 -4.5
"27" "25" 1997-12-26 25.2 "IND" "" "ORL" "W" 26 0 20.9666666666667 1.116 1.3 7.9 17.6 14.1 0 0 0 0 21.6 216 96 18.8 20.7
"28" "26" 1997-12-28 25.2 "IND" "@" "MIA" "L" -11 0 16.55 0.773 0.667 7.2 0 3.9 0 3.5 0 34 17.7 101 126 4 -0.1
"29" "27" 1997-12-30 25.21 "IND" "" "NJN" "W" 18 0 6.18333333333333 0 0 0 15.7 10.1 0 0 0 0 8.1 0 100 -0.8 -14.2
"30" "28" 1998-01-02 25.22 "IND" "@" "WAS" "W" 18 0 11.25 0.75 0.75 0 8.2 5.2 0 0 0 33.3 13.1 81 100 -0.7 -13.5
"31" "29" 1998-01-03 25.22 "IND" "" "TOR" "W" 12 0 22.4166666666667 1.126 1.125 0 11.5 6.1 15.4 5.2 0 0 10.1 225 88 12.8 18.9
"32" "30" 1998-01-06 25.23 "IND" "" "PHO" "L" -1 0 11.25 0 0 0 31.9 15.4 0 0 0 0 8.3 0 90 -1.7 -10.6
"33" "31" 1998-01-08 25.23 "IND" "@" "HOU" "W" 7 0 18.7 0.667 0.667 0 23.5 12.2 9.6 2.8 0 0 15.4 127 86 6.7 6.2
"34" "32" 1998-01-10 25.24 "IND" "@" "DAL" "W" 5 0 18.5333333333333 0.375 0.375 6.3 14.9 11.1 8.9 0 0 0 9.9 100 92 2.5 -0.6
"35" "33" 1998-01-14 25.25 "IND" "" "DET" "W" 7 0 17.3 0.363 0.25 0 26.3 15.1 0 0 0 0 18.7 100 103 1.2 -8.3
"36" "34" 1998-01-16 25.25 "IND" "" "SAC" "W" 25 0 22.6166666666667 0.595 0.5 0 5.1 2.7 9.3 2.3 0 14.5 13.8 119 105 5.2 -0.4
"37" "35" 1998-01-18 25.26 "IND" "@" "BOS" "W" 7 0 9.48333333333333 0 0 0 0 0 0 0 0 33.3 16.2 0 118 -3.6 -26.6
"38" "36" 1998-01-21 25.27 "IND" "@" "NYK" "L" -8 0 4.31666666666667 0 0 0 0 0 0 14.6 0 0 13.8 0 95 -0.5 -10.9
"39" "" 1998-01-23 25.27 "IND" "" "UTA" "W" 4 NA NA NA NA NA NA NA NA NA NA NA NA NA NA NA NA
"40" "37" 1998-01-24 25.28 "IND" "" "BOS" "W" 7 0 13.0833333333333 1.25 1.25 0 7.5 4.4 0 0 0 0 7.5 250 108 4.3 9.9
"41" "38" 1998-01-27 25.28 "IND" "" "WAS" "W" 1 0 11.15 0.333 0.333 0 19.8 10.5 0 5.1 0 0 13.3 74 88 1.9 2
"42" "39" 1998-01-28 25.29 "IND" "@" "PHI" "W" 3 0 15.05 0.615 0.5 0 16.8 7.6 16.9 3.5 0 0 15.3 134 90 4.7 3.7
"43" "40" 1998-01-30 25.29 "IND" "" "CLE" "W" 6 0 11.1166666666667 0 0 0 0 0 0 5.3 0 0 9.5 0 100 -0.4 -6.4
"44" "41" 1998-02-01 25.3 "IND" "@" "LAC" "W" 7 0 15.4166666666667 0.25 0.25 0 26.7 14.1 0 0 5.2 0 11.9 57 96 0.7 -7.1
"45" "42" 1998-02-03 25.3 "IND" "@" "SAC" "W" 22 0 22.1333333333333 0.444 0.444 0 9.5 4.8 6.4 2.4 0 0 17.7 104 104 4.8 -4.6
"46" "43" 1998-02-04 25.31 "IND" "@" "SEA" "L" -7 0 7.71666666666667 0.347 0 0 0 0 0 0 0 58.1 20 30 127 -2.9 -29.2
"47" "44" 1998-02-10 25.32 "IND" "" "ORL" "W" 19 0 18.8833333333333 0.205 0 5.7 16.8 11.4 0 0 0 29.1 8.4 48 82 -1.4 -11
"48" "45" 1998-02-11 25.33 "IND" "@" "MIA" "W" 9 0 6.6 0 0 0 0 0 0 0 0 50 14 0 127 -2.1 -22.1
"49" "46" 1998-02-13 25.33 "IND" "" "DAL" "L" -3 0 15.85 0.388 0.333 0 21.3 10.9 29.3 3.6 0 0 19.8 100 80 4.5 7.4
"50" "47" 1998-02-14 25.33 "IND" "@" "ATL" "W" 4 0 3.26666666666667 NA NA 0 0 0 0 0 0 NA 0 0 119 0 -4
"51" "48" 1998-02-17 25.34 "IND" "@" "CHI" "L" -8 0 1.8 0 0 0 0 0 66.7 0 0 0 25.2 62 135 0 -8.5
"52" "" 1998-02-19 25.35 "IND" "" "PHI" "W" 5 NA NA NA NA NA NA NA NA NA NA NA NA NA NA NA NA
"53" "" 1998-02-20 25.35 "IND" "@" "ORL" "L" -2 NA NA NA NA NA NA NA NA NA NA NA NA NA NA NA NA
"54" "" 1998-02-22 25.36 "IND" "@" "PHI" "W" 5 NA NA NA NA NA NA NA NA NA NA NA NA NA NA NA NA
"55" "49" 1998-02-25 25.36 "IND" "" "LAL" "L" -7 0 1.43333333333333 NA NA 0 0 0 0 0 0 NA 0 0 112 0 -6.9
"56" "50" 1998-02-27 25.37 "IND" "" "POR" "W" 65 0 9.76666666666667 0.833 0.833 0 38.4 25.3 36.5 0 0 0 13.9 185 65 7 21.7
"57" "51" 1998-03-01 25.38 "IND" "" "DEN" "W" 27 0 10.3 1 1 15 11.4 13 0 0 0 25 21.4 121 86 4.7 12.6
"58" "" 1998-03-03 25.38 "IND" "@" "VAN" "W" 8 NA NA NA NA NA NA NA NA NA NA NA NA NA NA NA NA
"59" "52" 1998-03-04 25.38 "IND" "@" "LAL" "L" -9 0 3.16666666666667 0 0 0 0 0 0 0 0 0 15.2 0 121 -1.1 -23.1
"60" "53" 1998-03-06 25.39 "IND" "@" "GSW" "W" 14 0 12.9833333333333 0.901 0.875 0 0 0 33.6 8.4 0 0 15.7 190 95 9.7 25.4
"61" "54" 1998-03-08 25.39 "IND" "" "BOS" "W" 4 0 10.4333333333333 0.515 0.5 0 11.4 6.4 0 0 0 20.5 24.2 82 119 0.8 -11.8
"62" "55" 1998-03-11 25.4 "IND" "@" "DET" "L" -31 0 17.95 0.509 0.417 5.7 10.7 7.4 9.6 5.9 0 12.7 19.1 106 128 6.3 6.1
"63" "" 1998-03-13 25.41 "IND" "" "MIL" "W" 20 NA NA NA NA NA NA NA NA NA NA NA NA NA NA NA NA
"64" "" 1998-03-15 25.41 "IND" "@" "NYK" "W" 5 NA NA NA NA NA NA NA NA NA NA NA NA NA NA NA NA
"65" "56" 1998-03-17 25.42 "IND" "" "CHI" "L" -6 0 5.9 0.333 0.333 0 22.2 11 0 0 0 0 26.3 75 116 0.6 -8.9
"66" "57" 1998-03-19 25.42 "IND" "@" "WAS" "W" 4 0 15.1666666666667 0.5 0.5 7.8 29.8 19 0 3.6 0 16.7 19 87 95 4.2 2.1
"67" "58" 1998-03-20 25.43 "IND" "" "NJN" "W" 7 0 8.61666666666667 0.694 0.5 0 22.7 13.2 0 6.4 0 18.8 29.3 120 95 3.7 2.7
"68" "59" 1998-03-22 25.43 "IND" "@" "MIL" "W" 2 0 7.7 0 0 0 0 0 0 0 0 0 6.2 0 105 -1.5 -15.2
"69" "60" 1998-03-25 25.44 "IND" "" "HOU" "L" -5 0 11.2833333333333 0 0 0 10.9 5 0 4.9 0 0 4.2 0 92 0.6 -1.1
"70" "61" 1998-03-27 25.45 "IND" "" "CHH" "W" 37 0 27.9166666666667 0.354 0.278 0 5.7 3.7 10.6 3.8 0 9.2 18.8 88 105 4 -7.5
"71" "62" 1998-03-29 25.45 "IND" "" "SAS" "L" -19 1 20.1666666666667 0.2 0.2 4.8 12.3 8.1 0 0 0 16.7 14.9 43 103 -1.2 -9.2
"72" "63" 1998-03-31 25.46 "IND" "" "LAC" "W" 22 0 5.81666666666667 0.333 0.333 0 0 0 0 8.7 0 25 30.5 50 106 -0.5 -24.1
"73" "" 1998-04-02 25.46 "IND" "" "MIN" "W" 3 NA NA NA NA NA NA NA NA NA NA NA NA NA NA NA NA
"74" "" 1998-04-03 25.47 "IND" "@" "CHH" "L" -7 NA NA NA NA NA NA NA NA NA NA NA NA NA NA NA NA
"75" "" 1998-04-05 25.47 "IND" "" "MIL" "W" 1 NA NA NA NA NA NA NA NA NA NA NA NA NA NA NA NA
"76" "" 1998-04-07 25.48 "IND" "" "CLE" "W" 2 NA NA NA NA NA NA NA NA NA NA NA NA NA NA NA NA
"77" "" 1998-04-09 25.48 "IND" "@" "ATL" "W" 3 NA NA NA NA NA NA NA NA NA NA NA NA NA NA NA NA
"78" "" 1998-04-12 25.49 "IND" "@" "BOS" "W" 6 NA NA NA NA NA NA NA NA NA NA NA NA NA NA NA NA
"79" "" 1998-04-13 25.49 "IND" "@" "CHI" "W" 9 NA NA NA NA NA NA NA NA NA NA NA NA NA NA NA NA
"80" "" 1998-04-15 25.5 "IND" "" "ATL" "W" 12 NA NA NA NA NA NA NA NA NA NA NA NA NA NA NA NA
"81" "64" 1998-04-17 25.5 "IND" "" "TOR" "W" 9 0 1.15 NA NA 0 0 0 0 0 0 NA 0 0 116 0 -5.7
"82" "65" 1998-04-18 25.51 "IND" "@" "CLE" "L" -4 0 24 0 0 0 11.8 5.8 17.1 2.3 0 0 6.3 48 112 0 -6.1
"1" "1" 1999-02-05 26.31 "IND" "" "WAS" "W" 15 0 17.1333333333333 0.667 0.667 0 13.4 7.4 10.7 0 0 25 11.2 100 94 2.6 0.5
"2" "2" 1999-02-07 26.32 "IND" "@" "DET" "L" -9 0 11.6666666666667 0.425 0.3 10.5 19 15 33.3 0 0 14.5 26.7 95 119 3.2 -1.2
"3" "3" 1999-02-08 26.32 "IND" "@" "CLE" "W" 6 0 6.51666666666667 0.258 0 0 22.2 11 0 0 0 0 31.3 63 104 -0.6 -21
"4" "4" 1999-02-10 26.32 "IND" "@" "POR" "L" -8 0 8.06666666666667 0.532 0 0 15.8 8.1 0 0 0 0 10.6 137 112 0.8 -4.9
"5" "" 1999-02-11 26.33 "IND" "@" "VAN" "W" 4 NA NA NA NA NA NA NA NA NA NA NA NA NA NA NA NA
"6" "" 1999-02-14 26.33 "IND" "@" "LAL" "W" 2 NA NA NA NA NA NA NA NA NA NA NA NA NA NA NA NA
"7" "5" 1999-02-16 26.34 "IND" "" "MIA" "L" -11 0 1.95 1 1 0 0 0 0 0 0 0 24.8 200 117 1.7 28.9
"8" "" 1999-02-18 26.35 "IND" "" "PHI" "W" 4 NA NA NA NA NA NA NA NA NA NA NA NA NA NA NA NA
"9" "" 1999-02-20 26.35 "IND" "@" "MIL" "W" 2 NA NA NA NA NA NA NA NA NA NA NA NA NA NA NA NA
"10" "" 1999-02-21 26.35 "IND" "" "NJN" "W" 1 NA NA NA NA NA NA NA NA NA NA NA NA NA NA NA NA
"11" "6" 1999-02-24 26.36 "IND" "" "TOR" "W" 20 0 5.28333333333333 0 0 0 0 0 0 0 0 0 10.2 0 116 -1.1 -18.1
"12" "" 1999-02-25 26.36 "IND" "@" "CLE" "W" 7 NA NA NA NA NA NA NA NA NA NA NA NA NA NA NA NA
"13" "" 1999-02-26 26.37 "IND" "@" "ORL" "L" -3 NA NA NA NA NA NA NA NA NA NA NA NA NA NA NA NA
"14" "" 1999-03-02 26.38 "IND" "" "DEN" "W" 7 NA NA NA NA NA NA NA NA NA NA NA NA NA NA NA NA
"15" "" 1999-03-03 26.38 "IND" "@" "WAS" "W" 11 NA NA NA NA NA NA NA NA NA NA NA NA NA NA NA NA
"16" "" 1999-03-05 26.39 "IND" "" "GSW" "L" -19 NA NA NA NA NA NA NA NA NA NA NA NA NA NA NA NA
"17" "" 1999-03-07 26.39 "IND" "" "MIA" "W" 13 NA NA NA NA NA NA NA NA NA NA NA NA NA NA NA NA
"18" "" 1999-03-10 26.4 "IND" "" "NJN" "W" 11 NA NA NA NA NA NA NA NA NA NA NA NA NA NA NA NA
"19" "" 1999-03-12 26.41 "IND" "" "MIL" "W" 5 NA NA NA NA NA NA NA NA NA NA NA NA NA NA NA NA
"20" "" 1999-03-14 26.41 "IND" "" "BOS" "W" 3 NA NA NA NA NA NA NA NA NA NA NA NA NA NA NA NA
"21" "" 1999-03-16 26.42 "IND" "" "ATL" "L" -6 NA NA NA NA NA NA NA NA NA NA NA NA NA NA NA NA
"22" "7" 1999-03-17 26.42 "IND" "@" "PHI" "L" -4 0 5.2 NA NA 0 0 0 0 0 0 NA 0 0 142 0 -4.4
"23" "" 1999-03-19 26.42 "IND" "" "CHI" "W" 9 NA NA NA NA NA NA NA NA NA NA NA NA NA NA NA NA
"24" "" 1999-03-20 26.43 "IND" "@" "MIA" "W" 5 NA NA NA NA NA NA NA NA NA NA NA NA NA NA NA NA
"25" "8" 1999-03-22 26.43 "IND" "" "WAS" "W" 4 0 0.0666666666666667 NA NA 0 0 0 0 0 0 NA 0 0 106 0 -4.9
"26" "" 1999-03-24 26.44 "IND" "@" "ATL" "L" -1 NA NA NA NA NA NA NA NA NA NA NA NA NA NA NA NA
"27" "" 1999-03-26 26.44 "IND" "@" "NJN" "W" 9 NA NA NA NA NA NA NA NA NA NA NA NA NA NA NA NA
"28" "" 1999-03-28 26.45 "IND" "@" "BOS" "W" 8 NA NA NA NA NA NA NA NA NA NA NA NA NA NA NA NA
"29" "" 1999-03-29 26.45 "IND" "" "ATL" "L" -1 NA NA NA NA NA NA NA NA NA NA NA NA NA NA NA NA
"30" "" 1999-03-30 26.45 "IND" "@" "NYK" "L" -1 NA NA NA NA NA NA NA NA NA NA NA NA NA NA NA NA
"31" "9" 1999-04-01 26.46 "IND" "@" "TOR" "L" -1 0 13.4833333333333 0.25 0.25 7.9 16.1 11.9 0 0 0 20 17.3 54 105 -0.5 -13.1
"32" "10" 1999-04-02 26.46 "IND" "@" "CHH" "W" 6 0 9.53333333333333 0.5 0.5 0 12.3 6.8 0 0 0 0 10.4 93 99 0.9 -4.4
"33" "11" 1999-04-04 26.47 "IND" "" "NYK" "W" 13 0 2.61666666666667 NA NA 0 0 0 0 0 0 NA 0 0 121 -0.8 -19.4
"34" "" 1999-04-05 26.47 "IND" "@" "DET" "W" 2 NA NA NA NA NA NA NA NA NA NA NA NA NA NA NA NA
"35" "12" 1999-04-07 26.48 "IND" "@" "CHI" "W" 17 0 5.25 0 0 0 0 0 24 0 0 0 9.4 46 93 0 -3.5
"36" "" 1999-04-09 26.48 "IND" "" "DET" "L" -1 NA NA NA NA NA NA NA NA NA NA NA NA NA NA NA NA
"37" "" 1999-04-10 26.48 "IND" "" "CHH" "L" -2 NA NA NA NA NA NA NA NA NA NA NA NA NA NA NA NA
"1" "1" 1999-11-03 27.05 "CHI" "" "NYK" "L" -10 0 28.7 0.628 0.5 0 21.4 8.3 31 0 0 18.6 18.4 112 108 8.6 0.7
"2" "2" 1999-11-05 27.06 "CHI" "" "MIA" "L" -18 0 26.85 0.619 0.563 4 15.7 9 54.4 0 0 10.1 16 134 116 12.1 5.2
"3" "3" 1999-11-06 27.06 "CHI" "@" "ATL" "L" -16 0 20.3166666666667 0.601 0.5 0 20.6 8.9 0 0 0 0 18.3 141 126 6 -3.9
"4" "4" 1999-11-09 27.07 "CHI" "" "PHO" "L" -23 0 32.2333333333333 0.34 0.35 0 16.7 7.6 26.7 3 0 20.3 19 68 103 2.8 -5
"5" "5" 1999-11-12 27.08 "CHI" "@" "PHI" "L" -6 0 27.8666666666667 0.563 0.542 0 14.3 7 7.2 1.8 0 7.4 21.9 100 100 8.8 -1.7
"6" "6" 1999-11-13 27.08 "CHI" "" "BOS" "W" 1 0 35.7 0.752 0.7 0 19.4 10.7 20.5 2.9 1.9 13.7 19.7 132 94 18.8 9.7
"7" "" 1999-11-16 27.09 "CHI" "@" "GSW" "L" -20 NA NA NA NA NA NA NA NA NA NA NA NA NA NA NA NA
"8" "" 1999-12-15 27.17 "CHI" "@" "IND" "L" -11 NA NA NA NA NA NA NA NA NA NA NA NA NA NA NA NA
"9" "7" 1999-12-17 27.17 "CHI" "@" "PHI" "L" -3 0 24.0833333333333 0.291 0.167 0 9.5 4.9 0 2.2 0 0 13.9 68 88 0.2 -9.4
"10" "8" 1999-12-18 27.18 "CHI" "" "ORL" "L" -9 0 10.5166666666667 0 0 0 18.1 9.4 34.3 5.6 0 28.6 32.3 14 88 -2.5 -20.8
"11" "" 1999-12-20 27.18 "CHI" "" "SEA" "L" -9 NA NA NA NA NA NA NA NA NA NA NA NA NA NA NA NA
"12" "" 1999-12-22 27.19 "CHI" "" "MIN" "L" -20 NA NA NA NA NA NA NA NA NA NA NA NA NA NA NA NA
"13" "" 1999-12-26 27.2 "CHI" "@" "NJN" "L" -27 NA NA NA NA NA NA NA NA NA NA NA NA NA NA NA NA
"14" "" 1999-12-27 27.2 "CHI" "" "IND" "L" -12 NA NA NA NA NA NA NA NA NA NA NA NA NA NA NA NA
"15" "" 1999-12-29 27.21 "CHI" "" "DET" "L" -14 NA NA NA NA NA NA NA NA NA NA NA NA NA NA NA NA
"16" "" 1999-12-30 27.21 "CHI" "@" "MIN" "L" -18 NA NA NA NA NA NA NA NA NA NA NA NA NA NA NA NA
"17" "9" 2000-02-24 27.36 "CHI" "@" "IND" "L" -17 0 15.05 0.368 0.3 0 17.8 8.4 19.5 3.8 0 15.5 21.6 77 114 2.5 -4.3
"18" "10" 2000-02-25 27.36 "CHI" "" "SAS" "L" -13 0 26.8333333333333 0.862 0.85 3.9 8.7 6.1 32.2 0 0 8.7 18.9 158 111 15 14.2
"19" "11" 2000-02-27 27.37 "CHI" "@" "DET" "L" -3 0 13.95 0 0 0 0 0 10.7 0 0 0 3.2 59 111 -0.8 -9.9
"20" "" 2000-02-29 27.38 "CHI" "@" "TOR" "L" -7 NA NA NA NA NA NA NA NA NA NA NA NA NA NA NA NA
"21" "12" 2000-03-02 27.38 "CHI" "" "CLE" "L" -4 0 17.0166666666667 0.509 0.417 7.6 33.9 21.5 47.6 3.1 0 22.5 23.1 111 104 6.3 0.5
"22" "13" 2000-03-04 27.39 "CHI" "" "PHI" "L" -11 0 18.2166666666667 0.595 0.5 0 0 0 33.8 0 0 14.5 18.3 119 124 5 -0.3
"23" "14" 2000-03-05 27.39 "CHI" "@" "CHH" "L" -6 1 41.65 0.744 0.731 3.3 21.3 13.2 17 2.5 0 13 16.9 135 107 18.8 8
"24" "15" 2000-03-07 27.39 "CHI" "" "ATL" "W" 7 1 35.6166666666667 0.632 0.5 0 8.7 4.2 19 6.4 0 0 14.3 145 92 16.9 9.6
"25" "16" 2000-03-08 27.4 "CHI" "@" "ORL" "L" -36 1 17.8333333333333 0.68 0.6 0 20 9.3 0 0 0 33.8 23.5 88 119 1.6 -8.1
"26" "17" 2000-03-10 27.4 "CHI" "@" "BOS" "L" -30 1 38.4 0.694 0.5 0 20.6 9.9 0 1.3 1.7 25.8 13.9 104 108 9.4 -1.4
"27" "18" 2000-03-13 27.41 "CHI" "" "UTA" "L" -8 1 36.95 0.322 0.25 3.2 2.7 2.9 23.2 2.9 0 8.4 15 80 100 4.4 -2.1
"28" "19" 2000-03-15 27.42 "CHI" "@" "CHH" "L" -3 0 21.3666666666667 0 0 0 17.1 7.2 49 2.6 0 33.3 19.9 27 87 -2.7 -14
"29" "20" 2000-03-17 27.42 "CHI" "" "GSW" "L" -3 0 37.7 0.455 0.389 3.4 3.5 3.5 18.4 5.7 0 4.8 26.1 96 85 12.7 5.3
"30" "" 2000-03-18 27.42 "CHI" "@" "WAS" "L" -13 NA NA NA NA NA NA NA NA NA NA NA NA NA NA NA NA
"31" "" 2000-03-20 27.43 "CHI" "" "ORL" "L" -2 NA NA NA NA NA NA NA NA NA NA NA NA NA NA NA NA
"32" "" 2000-03-22 27.44 "CHI" "@" "NYK" "L" -11 NA NA NA NA NA NA NA NA NA NA NA NA NA NA NA NA
"33" "21" 2000-03-24 27.44 "CHI" "" "DEN" "W" 2 0 28.5833333333333 0.533 0.444 0 15.9 8.2 26.1 5.3 0 16.2 19.7 91 67 9.3 5.4
"34" "22" 2000-03-26 27.45 "CHI" "@" "HOU" "L" -45 1 25.6666666666667 0.643 0.643 0 9.7 4.6 21.6 0 0 30 17.6 91 135 3.8 -8.2
"35" "23" 2000-03-29 27.45 "CHI" "" "CLE" "L" -5 0 20.9166666666667 0 0 0 28.6 13.9 14.7 2.7 0 0 10.1 26 97 -0.1 -11.4
"36" "24" 2000-03-30 27.46 "CHI" "@" "MIA" "L" -25 0 27.15 0.633 0.286 0 14.4 7.6 0 0 0 7.8 24.5 127 125 10.8 -1.8
"37" "25" 2000-04-01 27.46 "CHI" "" "CHH" "L" -3 1 22.6 0.512 0.5 0 9.7 5.5 27.1 2.3 0 17 12.5 103 104 5.6 -1
"38" "" 2000-04-04 27.47 "CHI" "@" "MIL" "L" -19 NA NA NA NA NA NA NA NA NA NA NA NA NA NA NA NA
"39" "" 2000-04-06 27.48 "CHI" "" "MIL" "W" 2 NA NA NA NA NA NA NA NA NA NA NA NA NA NA NA NA
"40" "" 2000-04-08 27.48 "CHI" "" "TOR" "L" -19 NA NA NA NA NA NA NA NA NA NA NA NA NA NA NA NA
"41" "26" 2000-04-11 27.49 "CHI" "" "NJN" "W" 7 0 27.95 1.031 1 0 7.8 4.2 15.8 2 0 20.5 8.6 164 110 9 3.8
"42" "27" 2000-04-13 27.5 "CHI" "" "WAS" "L" -6 0 30.5333333333333 0.667 0.667 0 12 6.7 27.3 1.9 0 0 9.8 161 130 10.7 3.3
"43" "28" 2000-04-14 27.5 "CHI" "@" "BOS" "L" -15 1 32.15 0.296 0 0 18.8 10.1 0 5 0 12.9 11.6 62 110 2.8 -7.4
"44" "29" 2000-04-16 27.5 "CHI" "@" "TOR" "L" -1 1 34.6 0.143 0.143 3.7 10.9 7.3 13.8 3.3 0 12.5 11.4 56 100 2.2 -5.3
"45" "30" 2000-04-18 27.51 "CHI" "" "PHI" "L" -4 1 26.1166666666667 0.672 0.643 0 29.4 16.4 27.7 4.2 0 11.8 16 125 94 10.6 4.9
"46" "31" 2000-04-19 27.51 "CHI" "@" "DET" "L" -21 1 42.2833333333333 0.54 0.5 0 13.7 5.3 4.9 4 0 17.8 18.2 98 126 9.5 -4.3
"1" "1" 2000-10-31 28.04 "CHI" "" "SAC" "L" -19 0 28.5333333333333 0.868 0.75 0 30.7 12.5 7.3 5.5 0 25.8 13 123 103 10.8 6.9
"2" "2" 2000-11-03 28.05 "CHI" "" "NJN" "L" -10 1 29.7166666666667 0.615 0.5 0 10.4 5.6 12.4 0 2.1 0 7.5 138 103 5 -4
"3" "3" 2000-11-04 28.05 "CHI" "@" "IND" "L" -13 0 22.95 0.615 0.5 0 22.6 11.3 17.5 7.2 0 29.1 14.1 98 95 6.4 4.2
"4" "4" 2000-11-07 28.06 "CHI" "" "WAS" "L" -5 0 21.1 0.525 0.5 0 23.6 12.9 18.5 2.5 0 38.7 15.7 71 85 2.1 -5.7
"5" "5" 2000-11-09 28.07 "CHI" "" "ORL" "W" 5 0 19.3166666666667 0.5 0.5 0 9.7 5.1 18.4 0 0 50 9.1 65 104 -1 -14.1
"6" "6" 2000-11-11 28.07 "CHI" "" "TOR" "L" -23 0 11.7166666666667 0.51 0.4 0 10.5 5 38.1 0 0 0 24.6 114 119 4.6 1.8
"7" "7" 2000-11-14 28.08 "CHI" "@" "HOU" "L" -27 0 15.45 0.563 0.5 0 0 0 0 0 0 18.4 15.7 99 134 2 -7.9
"8" "8" 2000-11-16 28.09 "CHI" "@" "DEN" "L" -4 0 26.0666666666667 0.929 0.929 0 10.5 4.7 17.8 6.3 0 0 12.6 173 95 13.9 13.1
"9" "9" 2000-11-18 28.09 "CHI" "@" "UTA" "L" -45 0 9.1 0.174 0 0 18.4 6.4 0 0 0 0 15.1 41 129 -1.3 -21.9
"10" "" 2000-11-19 28.1 "CHI" "@" "LAL" "L" -8 NA NA NA NA NA NA NA NA NA NA NA NA NA NA NA NA
"11" "10" 2000-11-21 28.1 "CHI" "@" "GSW" "L" -12 0 29.6666666666667 0.643 0.643 0 10 5.1 28.3 3.6 0 12.5 12.2 113 99 9.6 1.4
"12" "" 2000-11-22 28.1 "CHI" "@" "SAC" "L" -29 NA NA NA NA NA NA NA NA NA NA NA NA NA NA NA NA
"13" "11" 2000-11-26 28.12 "CHI" "@" "TOR" "L" -12 1 11.6833333333333 0.7 0.7 0 0 0 0 4.5 0 16.7 23 112 114 4.7 6.4
"14" "" 2000-11-28 28.12 "CHI" "" "MIN" "L" -20 NA NA NA NA NA NA NA NA NA NA NA NA NA NA NA NA
"15" "" 2000-11-30 28.13 "CHI" "@" "ATL" "W" 9 NA NA NA NA NA NA NA NA NA NA NA NA NA NA NA NA
"16" "" 2000-12-01 28.13 "CHI" "" "NYK" "L" -5 NA NA NA NA NA NA NA NA NA NA NA NA NA NA NA NA
"17" "" 2000-12-05 28.14 "CHI" "@" "MIN" "L" -10 NA NA NA NA NA NA NA NA NA NA NA NA NA NA NA NA
"18" "" 2000-12-06 28.14 "CHI" "" "CLE" "L" -4 NA NA NA NA NA NA NA NA NA NA NA NA NA NA NA NA
"19" "" 2000-12-08 28.15 "CHI" "@" "DAL" "L" -19 NA NA NA NA NA NA NA NA NA NA NA NA NA NA NA NA
"20" "12" 2000-12-09 28.15 "CHI" "@" "SAS" "L" -24 0 17.65 0.4 0.4 0 14.8 6.6 9.3 3 0 0 13.3 88 115 2.8 -4.7
"21" "13" 2000-12-11 28.16 "CHI" "" "PHO" "L" -6 1 32.55 0.205 0 0 14.9 6.9 21.4 3.3 0 0 7.1 84 98 5.5 -0.4
"22" "14" 2000-12-13 28.16 "CHI" "@" "BOS" "W" 18 0 22.3333333333333 0.791 0.8 0 27.3 12.3 7.4 4.7 0 38.8 21 89 88 5.6 -2.3
"23" "15" 2000-12-15 28.17 "CHI" "" "ATL" "L" -11 0 21.9 0.34 0.2 9.1 18.2 13.6 0 2.4 0 14.5 14.7 74 93 2.7 -7.5
"24" "16" 2000-12-16 28.17 "CHI" "" "PHI" "L" -8 0 9.81666666666667 0.167 0.167 0 0 0 14.9 0 0 0 27.8 51 126 -1.1 -20.5
"25" "17" 2000-12-19 28.18 "CHI" "" "IND" "L" -5 1 26.1333333333333 0.868 0.75 0 11.2 4.9 30.4 0 3.3 25.8 14.5 132 106 8.9 5.2
"26" "18" 2000-12-21 28.18 "CHI" "@" "ORL" "L" -11 1 37.4 0.74 0.6 0 21.1 9.6 17.1 1.4 4 30.7 12.1 110 107 10.5 1.8
"27" "19" 2000-12-23 28.19 "CHI" "@" "DET" "L" -13 0 41.8666666666667 0.689 0.7 6.2 15.4 10.8 7.8 0 0 15.5 13.9 127 120 9.9 -0.2
"28" "20" 2000-12-28 28.2 "CHI" "" "SAS" "W" 1 0 25.3 0.625 0.5 0 13.2 6.3 10.1 4.2 0 0 13.7 138 111 9.5 4.5
"29" "21" 2000-12-29 28.21 "CHI" "@" "NYK" "L" -27 0 21.6333333333333 0.47 0.429 5.1 12.8 8.5 31.7 0 0 0 17.6 112 119 6.3 2.7
"30" "22" 2000-12-31 28.21 "CHI" "" "NJN" "W" 9 1 43.2833333333333 0.685 0.643 0 21.9 12 26.1 0 1.6 0 9.8 146 87 15.8 6.1
"31" "23" 2001-01-02 28.22 "CHI" "" "MIL" "L" -34 0 15.25 0.532 0 6.4 27.2 16.5 36.9 3.5 0 0 5.8 155 104 5.1 3.3
"32" "24" 2001-01-04 28.22 "CHI" "" "WAS" "W" 2 1 37.8666666666667 0.739 0.714 0 13.7 8.7 23 0 0 0 10.1 166 118 12.6 0.7
"33" "25" 2001-01-08 28.23 "CHI" "" "DAL" "L" -13 1 35.9666666666667 0.77 0.813 0 16.7 8.8 25.5 4.5 0 10.6 12.8 137 111 15.1 8.1
"34" "26" 2001-01-09 28.24 "CHI" "@" "CHH" "L" -7 0 35.45 0.167 0.167 3.4 3.1 3.2 10.5 1.7 0 0 9 59 104 0.4 -7.9
"35" "27" 2001-01-12 28.24 "CHI" "" "CHH" "L" -1 0 20.3 0.376 0.25 0 21.2 10 23.5 5.6 0 0 13.6 96 93 5.4 1.7
"36" "28" 2001-01-14 28.25 "CHI" "@" "MIA" "L" -9 0 31.8666666666667 0.5 0.5 0 32.4 16.7 32.1 1.8 0 37.5 13.4 83 102 6.1 -0.1
"37" "29" 2001-01-15 28.25 "CHI" "@" "ORL" "L" -9 0 27.6333333333333 0.718 0.7 0 8 4.7 13.3 1.9 2.7 0 17.8 142 124 13.7 6.5
"38" "30" 2001-01-17 28.26 "CHI" "@" "PHI" "L" -11 1 39.7333333333333 0.506 0.444 0 20 8.6 21.1 1.4 0 9.2 11.5 127 116 9.8 1.7
"39" "31" 2001-01-18 28.26 "CHI" "" "DET" "L" -6 0 31.3166666666667 0.711 0.688 0 7.9 4.2 21.6 0 0 19.2 15.8 122 132 9.7 -0.2
"40" "32" 2001-01-20 28.27 "CHI" "@" "NJN" "L" -20 0 24.9833333333333 0.174 0 0 16.5 7.9 32 2 0 25.8 7.1 97 128 4.2 -5.6
"41" "33" 2001-01-23 28.27 "CHI" "" "POR" "L" -4 1 28.15 0.338 0.25 0 11.4 5 33.1 1.8 0 18.4 8.9 102 114 4.1 -6.4
"42" "34" 2001-01-24 28.28 "CHI" "@" "CLE" "L" -8 1 29.6833333333333 0.551 0.5 0 30 11.6 0 1.7 2.9 35.5 11.8 70 101 2.2 -8.8
"43" "35" 2001-01-27 28.28 "CHI" "" "TOR" "L" -10 1 35.5 0.5 0.5 0 14.3 8.2 42.4 1.6 0 33.3 17.9 81 106 6.5 -2.3
"44" "36" 2001-01-30 28.29 "CHI" "@" "POR" "L" -11 0 38.95 0.786 0.786 0 3.2 1.5 20.5 2.9 0 12.5 9.8 142 110 12.1 4.9
"45" "37" 2001-02-01 28.3 "CHI" "@" "SEA" "L" -6 0 27.1833333333333 0.438 0.438 0 4.8 2.7 12 2 2.6 0 14.5 100 110 5.6 -3.2
"46" "38" 2001-02-03 28.3 "CHI" "@" "VAN" "L" -7 0 26.1 0.25 0.25 11.5 9.5 10.6 16.7 0 0 20 8.6 85 113 2.2 -8.8
"47" "39" 2001-02-05 28.31 "CHI" "@" "LAC" "L" -20 0 22.45 0.595 0.5 3.9 6.7 5 8.4 2.3 0 14.5 13.2 116 118 5.6 -2.2
"48" "40" 2001-02-06 28.31 "CHI" "@" "PHO" "L" -17 0 21.9333333333333 0.846 0.75 0 29.8 15.6 8.9 2.3 0 27.3 15.5 118 97 8.5 4.9
"49" "41" 2001-02-13 28.33 "CHI" "" "ATL" "W" 4 0 15.8166666666667 1.289 1.333 0 18.8 10.1 10.7 3.2 0 0 10.8 254 94 10.9 16.4
"50" "42" 2001-02-17 28.34 "CHI" "" "MIA" "W" 7 0 18.7166666666667 0 0 0 21.5 11.9 22.3 0 4.4 0 7.4 51 92 1.9 -4.5
"51" "43" 2001-02-19 28.35 "CHI" "@" "CLE" "L" -1 1 37.6666666666667 0.567 0.467 0 15.8 7.5 16 2.9 0 10.2 26.2 105 98 13.9 3
"52" "44" 2001-02-20 28.35 "CHI" "" "MIL" "L" -9 1 38.7166666666667 0.405 0.333 0 5.5 2.8 25.1 0 0 0 11.4 108 112 7.6 -3.2
"53" "45" 2001-02-22 28.36 "CHI" "" "LAC" "L" -13 1 39.5166666666667 0.758 0.636 2.4 10.3 5.7 32.7 0 0 0 16.7 173 117 20.2 11.1
"54" "46" 2001-02-24 28.36 "CHI" "" "VAN" "W" 15 0 35.25 0.643 0.6 0 17.6 8.4 0 6.1 0 8.4 15.1 119 78 12.3 4.4
"55" "47" 2001-02-26 28.37 "CHI" "" "GSW" "L" -6 1 42.3333333333333 0.846 0.813 0 29.3 13.1 19.6 4.9 0 15.8 13.5 141 84 21.4 11
"56" "48" 2001-02-28 28.37 "CHI" "" "HOU" "L" -17 1 36.85 0.7 0.7 0 7 2.9 21.5 1.4 0 16.7 7.2 123 106 7.2 -2.9
"57" "49" 2001-03-02 28.38 "CHI" "" "NYK" "W" 9 1 39.5333333333333 0.337 0.318 0 17.1 8.5 52.6 1.4 2.2 0 15.2 100 83 11.8 4.8
"58" "50" 2001-03-03 28.38 "CHI" "@" "MIL" "L" -4 1 51.85 0.841 0.786 0 9.7 5.2 39.2 2.2 0 0 15.8 182 121 32.5 15.5
"59" "51" 2001-03-06 28.39 "CHI" "" "CLE" "W" 13 1 36.7833333333333 0.676 0.625 0 5.4 2.9 18 1.5 0 25.3 15.4 103 94 8.2 -3.6
"60" "52" 2001-03-09 28.4 "CHI" "@" "DET" "L" -33 1 29.25 0.688 0.688 0 13.1 5.3 31.9 3.4 0 0 11.7 145 110 12.7 5.1
"61" "53" 2001-03-10 28.4 "CHI" "@" "ATL" "L" -3 1 43.35 0.486 0.467 0 15.9 8.4 15.8 3.7 1.6 6.1 17.3 109 97 12.9 1
"62" "54" 2001-03-12 28.41 "CHI" "@" "CHH" "L" -8 0 24.3333333333333 0.5 0.5 0 25 11.9 11.8 4.7 0 0 6.2 118 109 6.2 2
"63" "55" 2001-03-14 28.41 "CHI" "" "PHI" "L" -18 1 36.8 0.394 0.313 0 26.7 11.1 14.2 3.3 0 0 11.5 107 103 7.2 -1.2
"64" "56" 2001-03-16 28.42 "CHI" "" "SEA" "L" -10 1 36.2833333333333 0.389 0.389 2.9 14.8 8.1 36.4 4.8 0 18.2 14.5 97 104 10.7 3.2
"65" "57" 2001-03-17 28.42 "CHI" "@" "NYK" "L" -21 1 34.65 0.563 0.563 5.5 20.3 10.7 21.5 3.2 0 0 10.2 140 117 12.4 2.9
"66" "58" 2001-03-20 28.43 "CHI" "" "ORL" "L" -8 1 38.8333333333333 0.873 0.85 0 8.4 4.6 22.5 0 0 15.5 15 147 125 17.2 4.8
"67" "59" 2001-03-21 28.43 "CHI" "@" "MIA" "L" -28 1 32.5166666666667 0.218 0.167 0 0 0 5.7 0 0 12.7 12 48 135 -1.9 -16
"68" "60" 2001-03-23 28.44 "CHI" "" "CHH" "W" 3 0 23.4 0.5 0.5 0 30.1 15.9 20.1 2.5 0 28.6 15.2 82 89 3.2 -4.3
"69" "61" 2001-03-25 28.44 "CHI" "@" "BOS" "L" -4 0 24.95 0.654 0.583 0 22.9 12.5 11.6 2.1 0 0 13 146 108 7.9 -1
"70" "62" 2001-03-26 28.44 "CHI" "" "DEN" "L" -5 0 27.4833333333333 0.633 0.5 0 17.6 8 10.8 3.8 0 0 10.4 141 105 8.7 0.9
"71" "63" 2001-03-29 28.45 "CHI" "" "BOS" "L" -2 0 23.3833333333333 0.589 0.4 5.4 29.8 19 29.1 4.5 0 0 15.8 145 103 13.8 9.7
"72" "64" 2001-03-31 28.46 "CHI" "" "MIA" "L" -7 0 29.4 0.5 0.5 0 42.9 16.3 30.4 6.1 0 16.7 10.4 116 108 10.2 4.8
"73" "65" 2001-04-03 28.47 "CHI" "" "DET" "L" -27 1 43.3833333333333 0.407 0.346 2.1 17.2 8.6 26.1 3.4 0 16.9 17.5 85 110 8.8 -2
"74" "66" 2001-04-05 28.47 "CHI" "" "LAL" "L" -12 1 40.7833333333333 0.717 0.625 0 24.8 10.2 25.3 0 0 0 11.4 157 118 16 2.7
"75" "67" 2001-04-06 28.47 "CHI" "@" "IND" "L" -7 1 41.1 0.743 0.727 7.1 12.3 9.9 20.9 0 0 0 13.6 167 122 16.6 8.1
"76" "68" 2001-04-08 28.48 "CHI" "@" "TOR" "L" -12 1 37.7833333333333 0.615 0.563 0 11.5 5.5 9 2.8 0 0 11.7 143 112 11.5 3
"77" "69" 2001-04-10 28.48 "CHI" "@" "MIL" "L" -21 1 31.3 0.318 0.318 0 27.3 12.1 21.8 1.8 0 8.3 18.7 75 120 4.7 -7.9
"78" "70" 2001-04-11 28.49 "CHI" "@" "WAS" "W" 4 1 42.9333333333333 0.699 0.682 0 19.9 8.7 11.1 5.9 0 20.8 14.8 115 109 16.2 1.8
"79" "71" 2001-04-13 28.49 "CHI" "" "UTA" "L" -11 1 42.6 0.43 0.333 3.1 14.4 8.3 4.7 5.5 0 7.9 15.5 93 110 9.3 -2.7
"80" "72" 2001-04-15 28.5 "CHI" "" "IND" "L" -7 1 36.0166666666667 0.463 0.222 0 8.9 4.7 5.1 1.5 0 7.2 18.7 97 111 7.3 -8.7
"81" "73" 2001-04-17 28.5 "CHI" "@" "NJN" "W" 6 1 38.5333333333333 1.302 1.5 0 14.7 7.9 18.1 0 1.8 14.8 8.9 199 110 16.6 7.6
"82" "74" 2001-04-18 28.51 "CHI" "@" "PHI" "W" 6 1 37.5333333333333 1.042 1.083 3.9 15 10.2 27.4 3 0 10.4 13.5 180 100 22 12.1
"1" "1" 2001-10-31 29.04 "CHI" "" "IND" "L" -25 1 33.1 0.17 0 0 10.4 4.7 5.2 0 0 0 8.2 48 115 -0.3 -11
"2" "2" 2001-11-02 29.05 "CHI" "@" "BOS" "L" -14 1 30.1333333333333 0.202 0.143 0 11.4 5.9 21.1 1.8 0 11.8 13.5 62 111 1.4 -8.9
"3" "3" 2001-11-03 29.05 "CHI" "" "NYK" "W" 5 1 21.15 0 0 0 4.9 2.7 14.7 7.3 4 0 13.9 17 78 1.2 -4.1
"4" "4" 2001-11-07 29.06 "CHI" "" "DET" "L" -24 1 29.0833333333333 0.55 0.55 0 17.1 6.9 8.8 5.5 0 0 16.5 108 102 10.2 5.8
"5" "5" 2001-11-08 29.07 "CHI" "@" "MIN" "L" -53 0 16.8666666666667 0 0 0 10.5 4.2 9.7 0 0 0 8.3 16 145 -1.1 -15.8
"6" "6" 2001-11-10 29.07 "CHI" "" "CHH" "L" -4 0 21.7166666666667 0.2 0.2 0 5.1 2.5 0 0 0 16.7 12.2 36 106 -2.6 -16.9
"7" "7" 2001-11-13 29.08 "CHI" "@" "DEN" "L" -8 0 14.7833333333333 0.333 0.333 0 16.8 8.1 0 0 0 0 9.6 71 121 0.5 -12.9
"8" "8" 2001-11-14 29.08 "CHI" "@" "LAC" "L" -4 0 19.1 0.765 0.7 0 6.3 3.3 0 5.2 0 0 13.2 167 104 8.6 7.1
"9" "9" 2001-11-16 29.09 "CHI" "@" "SAC" "L" -34 0 18.9166666666667 0.5 0.5 0 5.9 3 8.9 2.6 0 0 4.8 112 108 2.6 -1.2
"10" "10" 2001-11-17 29.09 "CHI" "@" "GSW" "L" -5 1 39.9666666666667 0.712 0.7 0 12 6.5 18 1.4 0 13.7 17.4 127 107 13.9 1.4
"11" "11" 2001-11-21 29.1 "CHI" "@" "MIL" "L" -4 0 9.08333333333333 0.5 0.5 0 43.2 20.8 15.8 0 0 0 10.2 120 107 2.6 0.7
"12" "12" 2001-11-24 29.11 "CHI" "@" "NYK" "L" -7 0 15.5333333333333 0.205 0 0 7.9 3.6 13.6 3.6 0 0 7.7 61 93 1.6 -3.4
"13" "13" 2001-11-27 29.12 "CHI" "@" "NJN" "L" -32 0 15.3833333333333 0.667 0.667 0 29.1 15.2 42.5 3.8 0 0 10.2 151 109 7 9.5
"14" "14" 2001-11-29 29.12 "CHI" "" "MIA" "W" 6 0 15.15 0.868 1 0 16.8 8.2 32.7 0 0 25.8 13.5 121 93 5 2.4
"15" "15" 2001-12-01 29.13 "CHI" "" "PHI" "L" -17 0 17.9333333333333 0.5 0.5 0 18.9 8.4 9.2 2.8 0 0 7.2 108 99 3.5 -2.7
"16" "16" 2001-12-04 29.14 "CHI" "" "HOU" "W" 28 0 21.1666666666667 0.799 0.75 0 0 0 25.5 5.2 0 12.7 17.7 150 84 11 9.9
"17" "17" 2001-12-05 29.14 "CHI" "@" "ORL" "L" -28 0 21.9333333333333 0.317 0.286 0 16.8 8.5 16.4 4.9 0 11.3 18.5 76 108 3.4 -3.3
"18" "18" 2001-12-07 29.15 "CHI" "@" "IND" "L" -15 0 30.8166666666667 0.901 0.875 0 11.9 6 26.4 0 0 0 7.4 184 123 10 1.5
"19" "19" 2001-12-08 29.15 "CHI" "" "BOS" "W" 3 0 19.6166666666667 0.237 0 0 19.1 10.3 28.1 0 3.8 24 20 57 94 1.1 -9.4
"20" "20" 2001-12-11 29.16 "CHI" "" "NJN" "L" -14 0 18.9333333333333 0.75 0.75 0 7.7 3.5 0 0 0 0 10.1 143 127 4.7 -4.8
"21" "21" 2001-12-14 29.16 "CHI" "@" "BOS" "L" -6 0 12.55 0.532 0 0 14.5 8.9 0 8 0 0 6.7 125 101 3.9 4.5
"22" "22" 2001-12-15 29.17 "CHI" "" "ATL" "L" -1 0 19.8666666666667 0.276 0.2 0 11.2 5 0 2.8 0 26.9 15.7 47 93 -0.9 -13.7
"23" "23" 2001-12-18 29.18 "CHI" "@" "CLE" "L" -18 0 12.7833333333333 0.436 0.333 0 37.9 18.2 52.2 0 5 0 12.2 131 110 5.6 8.7
"24" "" 2001-12-20 29.18 "CHI" "@" "TOR" "L" -5 NA NA NA NA NA NA NA NA NA NA NA NA NA NA NA NA
"25" "24" 2001-12-22 29.19 "CHI" "" "MIN" "L" -21 0 14.05 0.205 0 0 8.6 4 13.2 0 0 29.1 11.7 43 112 -0.4 -12.2
"26" "25" 2001-12-26 29.2 "CHI" "@" "MEM" "L" -22 0 6.2 0 0 0 0 0 0 8.7 0 0 14.8 0 108 -0.8 -14.1
"27" "26" 2001-12-27 29.2 "CHI" "@" "DAL" "L" -15 0 18.4166666666667 NA NA 0 16.7 8.6 38.1 2.9 0 NA 0 204 94 4.7 6.3
"28" "27" 2001-12-29 29.21 "CHI" "" "CLE" "W" 23 0 8.78333333333333 1 1 0 0 0 49 0 0 0 4.9 204 94 3.4 7.2
"29" "28" 2001-12-31 29.21 "CHI" "" "MIL" "W" 7 0 9.71666666666667 0.5 0.5 0 0 0 30.8 5.5 0 0 14.4 125 92 3.7 11.1
"30" "29" 2002-01-02 29.22 "CHI" "" "DAL" "L" -10 0 16.1166666666667 0.387 0.333 0 32.4 15.8 29 0 0 0 10.8 111 114 3.8 -2
"31" "30" 2002-01-04 29.22 "CHI" "@" "WAS" "L" -6 0 5.98333333333333 0 0 0 21.1 8.6 24.2 0 0 0 7.5 43 107 -0.1 -11.5
"32" "31" 2002-01-05 29.22 "CHI" "" "UTA" "L" -2 0 28.35 0.604 0.556 0 18.9 10.2 12.4 1.9 0 0 18.6 130 115 11.1 -0.4
"33" "32" 2002-01-07 29.23 "CHI" "" "SEA" "L" -12 0 22.15 0.7 0.7 0 10.6 5.7 21.5 2.3 0 0 10.4 144 103 8 5.9
"34" "33" 2002-01-09 29.24 "CHI" "" "TOR" "L" -12 0 13.1 0.436 0.333 0 18.9 8.1 29.2 0 0 0 12.6 114 105 2.9 -2.2
"35" "34" 2002-01-11 29.24 "CHI" "@" "IND" "L" -7 0 19.2 0.75 0.75 0 0 0 18.8 2.9 0 0 14.9 151 115 8 6.4
"36" "35" 2002-01-12 29.24 "CHI" "" "LAL" "W" 2 0 0.216666666666667 0.568 NA 0 100 100 0 0 0 0 35.8 122 4 1.2 135
"37" "" 2002-01-15 29.25 "CHI" "" "CHH" "L" -8 NA NA NA NA NA NA NA NA NA NA NA NA NA NA NA NA
"38" "36" 2002-01-17 29.26 "CHI" "@" "ATL" "W" 3 0 13.9166666666667 0.543 0.5 0 7.5 4 12.4 7.9 0 0 21.3 124 98 7 8.7
"39" "37" 2002-01-19 29.26 "CHI" "" "WAS" "L" -8 0 17.35 0.25 0.25 0 14.5 5.8 58.9 3.3 0 33.3 14.6 57 89 0.8 -5.2
"40" "38" 2002-01-21 29.27 "CHI" "" "IND" "L" -12 0 24.5666666666667 1 1 0 19.2 9.5 36.6 0 0 33.3 11 125 103 8.3 6
"41" "39" 2002-01-22 29.27 "CHI" "@" "MIA" "L" -13 0 17.15 0.3 0.3 0 28.2 11.9 9.7 3.1 0 0 14.1 70 100 1.7 -4.5
"42" "40" 2002-01-26 29.28 "CHI" "" "MEM" "W" 3 0 28.95 0.5 0.5 3.8 21.8 12.3 10.4 1.9 0 0 9.3 135 106 6.4 -0.2
"43" "41" 2002-01-29 29.29 "CHI" "@" "PHO" "L" -1 0 17.0166666666667 1 1 0 31.4 14.1 9.1 3.3 0 75 11.9 47 103 0.9 -8.5
"44" "42" 2002-01-30 29.29 "CHI" "@" "UTA" "L" -12 0 14.8833333333333 0 0 0 42.7 19.4 44.1 11.1 0 25 12.9 50 84 3.9 6.4
"45" "43" 2002-02-02 29.3 "CHI" "@" "SEA" "W" 6 0 12.8333333333333 0.512 0.375 0 9.2 4.5 11.8 0 0 0 17.1 126 112 3.2 -1.7
"46" "44" 2002-02-03 29.3 "CHI" "@" "POR" "L" -5 0 19.95 0.333 0.333 0 26.7 11.7 19.7 0 0 0 7 108 119 3.2 -5.3
"47" "45" 2002-02-06 29.31 "CHI" "@" "LAL" "W" 8 0 11.5 1 1 0 39 20.5 0 0 0 50 7.5 79 96 1.5 -5.3
"48" "46" 2002-02-12 29.33 "CHI" "" "MIL" "W" 4 0 11.7666666666667 0.717 0.75 0 10.3 4.7 33.3 4.4 0 0 18.6 149 96 7.7 16.2
"49" "47" 2002-02-13 29.33 "CHI" "@" "CHH" "L" -22 0 18.2333333333333 0.615 0.5 5.4 6.8 6.1 0 0 3.5 17 14.2 110 121 4.7 -2.4
"50" "48" 2002-02-15 29.34 "CHI" "" "NJN" "L" -25 0 25.3333333333333 0.347 0.25 0 18 7.2 7.1 2.1 0 14.8 12.3 71 117 1.6 -10
"51" "49" 2002-02-16 29.34 "CHI" "" "CLE" "L" -13 1 40.6833333333333 0.483 0.438 2.7 3.2 2.9 10.8 1.4 1.7 0 11.1 117 139 8.2 -5.6
"52" "50" 2002-02-18 29.35 "CHI" "@" "MIA" "L" -22 1 45.1666666666667 0.709 0.583 0 26.7 12.5 9.8 0 0 11.4 9.8 128 114 9.2 -2.3
"53" "51" 2002-02-20 29.35 "CHI" "" "NYK" "W" 4 0 22.3833333333333 0.694 0.583 0 8.9 4.7 20.2 2.4 0 10.4 19.9 141 121 10.9 3.2
"54" "" 2002-02-22 29.36 "CHI" "" "PHO" "W" 8 NA NA NA NA NA NA NA NA NA NA NA NA NA NA NA NA
"55" "52" 2002-02-23 29.36 "CHI" "" "GSW" "W" 14 0 24.4166666666667 0.25 0.25 8.2 20.8 14.4 9.5 4.1 0 20 8.6 81 87 4.1 -2.4
"56" "53" 2002-02-26 29.37 "CHI" "" "ORL" "L" -15 0 22.6333333333333 1.25 1.25 11.8 35.6 22.2 0 2.4 0 0 3.9 233 120 9.2 2.9
"57" "54" 2002-02-27 29.37 "CHI" "@" "DET" "L" -12 0 18.5 0.5 0.5 6.3 12 9.2 0 5.7 0 0 17.3 112 108 6.2 4.2
"58" "55" 2002-03-01 29.38 "CHI" "" "WAS" "W" 9 0 16.0833333333333 0.788 0.75 0 7.1 3.5 0 0 0 0 12.3 164 99 5.7 4.8
"59" "56" 2002-03-03 29.38 "CHI" "@" "NJN" "L" -8 0 9.23333333333333 0.333 0.333 0 45.7 20.8 0 0 0 25 21 52 103 0.2 -13.6
"60" "57" 2002-03-05 29.39 "CHI" "@" "WAS" "L" -25 0 9.36666666666667 1.136 NA 0 15.7 7 0 0 0 0 4.9 250 132 2.3 -4.1
"61" "58" 2002-03-06 29.39 "CHI" "" "MIA" "L" -5 0 4.5 0 0 0 0 0 0 0 0 0 9.7 0 115 -0.7 -17.2
"62" "59" 2002-03-08 29.39 "CHI" "" "LAC" "L" -4 0 6.71666666666667 0 0 16.3 16.7 16.5 16.7 8 0 0 6.7 87 95 1.6 3.6
"63" "60" 2002-03-09 29.4 "CHI" "" "SAS" "L" -27 0 7.88333333333333 0.644 0.667 0 27.9 14.6 75 0 0 0 24.8 138 114 4.9 13.8
"64" "61" 2002-03-11 29.4 "CHI" "" "SAC" "L" -4 0 5.8 NA NA 0 16.7 9 57.1 8.8 0 NA 0 212 100 3.4 23.4
"65" "62" 2002-03-12 29.41 "CHI" "@" "MIL" "L" -29 0 22.6 0.773 0.667 0 13.9 7.4 7.8 0 0 0 8.3 159 122 4.7 -4.4
"66" "63" 2002-03-14 29.41 "CHI" "@" "SAS" "L" -5 0 14.0333333333333 0 0 11.8 47.8 27.2 20.2 3.7 0 50 6 65 85 3.1 1.5
"67" "64" 2002-03-16 29.42 "CHI" "@" "HOU" "W" 2 0 16.7333333333333 0.5 0.5 0 26.8 13.6 24 0 0 0 8.9 129 109 4.2 -0.6
"68" "65" 2002-03-19 29.42 "CHI" "" "ATL" "L" -6 0 21.1833333333333 0.727 0.667 5.9 19.6 12.4 16.2 4.9 0 0 14.7 157 105 11.6 10.4
"69" "66" 2002-03-22 29.43 "CHI" "" "POR" "L" -16 0 12.7166666666667 0.75 0.75 9.5 29.1 19.2 13.2 4.2 0 20 18.4 118 116 6.7 5.8
"70" "67" 2002-03-23 29.44 "CHI" "@" "ATL" "L" -16 0 10.1666666666667 0.643 0.6 0 0 0 22.2 5.1 0 0 24.6 138 115 6 9.8
"71" "68" 2002-03-26 29.44 "CHI" "@" "ORL" "L" -14 0 5.18333333333333 0 0 0 43.6 21.1 66.2 0 0 0 9.4 69 101 1.3 2.6
"72" "69" 2002-03-28 29.45 "CHI" "" "PHI" "L" -20 0 15.8833333333333 0.47 0.25 6.4 23.1 14 24 0 0 0 15.6 121 111 4.8 -0.6
"73" "70" 2002-03-30 29.45 "CHI" "" "DEN" "L" -16 0 8.8 0.532 0 0 42.1 18.8 33.3 0 0 0 10.5 140 109 3.6 2.2
"74" "71" 2002-04-03 29.47 "CHI" "@" "TOR" "L" -13 0 15.4 0.615 0.5 0 17.3 8.1 19.6 3.4 0 0 14.9 139 120 7 4.8
"75" "72" 2002-04-05 29.47 "CHI" "" "TOR" "L" -2 1 26.6833333333333 0.305 0 0 16.9 8.5 0 2 0 0 14 73 107 0.6 -10.2
"76" "73" 2002-04-06 29.47 "CHI" "@" "CLE" "L" -19 0 21.4166666666667 0.521 0.25 0 9.1 5.1 31.1 4.8 0 0 12.9 132 119 8.9 4.3
"77" "74" 2002-04-08 29.48 "CHI" "" "BOS" "W" 5 0 17.6333333333333 0.615 0.625 0 6.2 3.5 7.3 0 0 0 14 123 120 4.2 -3.9
"78" "75" 2002-04-10 29.48 "CHI" "@" "DET" "W" 1 0 13.3 0.333 0.333 0 28.4 14 0 7.9 0 0 10.2 76 96 2.8 -0.6
"79" "76" 2002-04-11 29.49 "CHI" "@" "NYK" "W" 3 0 21.45 0.694 0.5 5.4 6.2 5.7 6.7 5.2 0 25.8 8.8 121 102 5.7 -0.1
"80" "77" 2002-04-13 29.49 "CHI" "" "DET" "L" -18 0 15.8 0.333 0.333 0 15 8.2 16.2 0 0 0 8.5 96 133 2.3 -5.5
"81" "78" 2002-04-15 29.5 "CHI" "@" "PHI" "W" 2 0 27.7333333333333 0.798 0.75 6.3 18.2 13.9 22.6 1.9 0 34.7 9.9 127 103 8.6 5.1
"82" "79" 2002-04-17 29.5 "CHI" "@" "CHH" "L" -6 0 15.0166666666667 1 1 9.1 22.9 16.6 10.2 0 0 0 8.7 202 117 6.2 4.7
"1" "1" 2002-10-30 30.04 "CHI" "@" "BOS" "W" 3 0 12.3666666666667 0.532 0 9.5 0 4.8 10.3 0 0 21 18 110 110 3 -4.5
"2" "2" 2002-11-01 30.05 "CHI" "" "NOH" "W" 5 0 20.35 0.625 0.625 0 16.7 9 17 0 0 0 9.4 145 95 4.9 6
"3" "3" 2002-11-02 30.05 "CHI" "@" "ATL" "L" -6 0 10.3 0.5 0.5 0 10.7 5.1 0 9.8 0 0 8.3 109 87 3.3 6.1
"4" "4" 2002-11-04 30.05 "CHI" "@" "TOR" "L" -4 0 27.55 0.2 0.2 3.1 21 11.4 8.8 5.4 0 28.6 9.5 53 94 3.4 -3.1
"5" "5" 2002-11-06 30.06 "CHI" "" "BOS" "L" -22 0 17.6666666666667 0.862 1 0 14.8 7.7 13.1 0 0 46.3 10.2 88 96 2.5 -3.1
"6" "6" 2002-11-08 30.07 "CHI" "" "DAL" "L" -27 0 15.8666666666667 1 1 0 7.9 3.3 27.3 9.4 4.8 50 5.4 118 101 6.8 13.4
"7" "7" 2002-11-09 30.07 "CHI" "" "NJN" "W" 7 0 14.6333333333333 0.41 0.5 0 6.7 3.3 0 3.4 0 29.1 10 54 99 0.9 -4.2
"8" "8" 2002-11-13 30.08 "CHI" "@" "MIL" "L" -7 0 15.8333333333333 0 0 0 14.3 7.5 16.2 0 0 0 2.9 81 120 0.5 -6.1
"9" "9" 2002-11-15 30.08 "CHI" "@" "NOH" "L" -18 0 16.8833333333333 0.5 0.5 0 21.2 10.2 28.1 8.9 0 25 10.5 95 93 5.9 10.9
"10" "10" 2002-11-16 30.09 "CHI" "" "MEM" "W" 18 0 20.5666666666667 0.5 0.5 0 6 2.9 22.5 2.5 0 0 4.1 154 102 5.1 3.8
"11" "11" 2002-11-19 30.1 "CHI" "@" "SAC" "L" -13 0 23.7 0.615 0.5 7.8 10.8 9.1 22.2 0 0 0 8.7 155 125 8.4 2.9
"12" "" 2002-11-20 30.1 "CHI" "@" "GSW" "L" -6 NA NA NA NA NA NA NA NA NA NA NA NA NA NA NA NA
"13" "" 2002-11-22 30.1 "CHI" "@" "LAL" "L" -13 NA NA NA NA NA NA NA NA NA NA NA NA NA NA NA NA
"14" "12" 2002-11-23 30.11 "CHI" "@" "UTA" "L" -20 0 7.73333333333333 0.347 0 0 0 0 0 12.9 0 0 15.3 88 101 2.6 6.5
"15" "13" 2002-11-27 30.12 "CHI" "@" "BOS" "L" -10 0 16.2 0.595 0.6 0 0 0 65.2 3.4 0 0 17.2 138 106 8.8 17.8
"16" "14" 2002-11-30 30.13 "CHI" "@" "DAL" "L" -13 0 8.36666666666667 NA NA 0 14.6 6.3 0 0 0 NA 0 0 110 0.3 -5.3
"17" "15" 2002-12-03 30.13 "CHI" "" "NOH" "L" -25 0 20.9666666666667 1 1 0 11.7 5.9 14.5 0 0 33.3 6.3 129 130 4 -3.5
"18" "16" 2002-12-04 30.14 "CHI" "@" "CLE" "L" -10 0 20.2 0 0 0 10.4 5.1 6.2 2.5 0 0 13 11 117 -2.3 -18.5
"19" "17" 2002-12-06 30.14 "CHI" "@" "TOR" "L" -14 0 10.4833333333333 0.712 0.6 0 10.7 5.7 23.3 10.2 0 0 29.3 145 93 8.9 19.8
"20" "18" 2002-12-07 30.15 "CHI" "" "CLE" "W" 8 0 7.88333333333333 1 1 0 0 0 20 6.6 0 0 11.8 201 109 4.7 14.8
"21" "19" 2002-12-10 30.15 "CHI" "" "ORL" "W" 20 0 18.4666666666667 0.425 0.4 0 32 19 24.5 5.6 0 0 15.6 106 77 7.8 6.2
"22" "20" 2002-12-12 30.16 "CHI" "" "DET" "L" -10 0 21.9 0 0 0 27.3 14.4 0 5.1 3.5 60 10.6 0 86 -1.1 -9
"23" "21" 2002-12-14 30.16 "CHI" "" "MIL" "W" 2 0 19.9333333333333 0.258 0 0 24.5 12.8 14.1 2.6 0 0 8.9 81 97 3.4 -1.8
"24" "22" 2002-12-16 30.17 "CHI" "" "BOS" "W" 11 0 1.16666666666667 NA NA 0 0 0 0 0 0 NA 0 0 95 0 -4.6
"25" "23" 2002-12-18 30.18 "CHI" "" "TOR" "W" 13 0 10 0.568 NA 0 0 0 11.4 11.2 0 53.2 8.6 70 85 1.1 -0.7
"26" "24" 2002-12-20 30.18 "CHI" "@" "IND" "L" -15 0 18.8 1 1 0 30.1 13.4 16.9 0 0 0 4.6 201 107 5.5 1.7
"27" "25" 2002-12-21 30.18 "CHI" "" "IND" "W" 7 0 8.95 0.266 0 0 38.8 22.5 0 0 7.5 0 9.7 60 92 0.6 -7.6
"28" "26" 2002-12-23 30.19 "CHI" "@" "NJN" "L" -16 0 7.83333333333333 0.694 0.5 28.6 39.1 34.1 0 0 0 0 16.7 158 103 5.3 10.2
"29" "27" 2002-12-27 30.2 "CHI" "" "MIN" "L" -13 0 11.2333333333333 0 0 0 58.2 28.2 31.2 0 0 0 12 47 105 1.4 -7.6
"30" "28" 2002-12-28 30.2 "CHI" "" "SAS" "L" -14 0 13.1166666666667 1 1 0 21.1 9.2 0 0 0 50 7.1 79 124 0.9 -8.4
"31" "29" 2002-12-31 30.21 "CHI" "" "POR" "W" 15 0 21.65 0.425 0.3 0 31.2 15.8 19.9 0 3.6 0 11.8 127 95 5.7 2
"32" "30" 2003-01-02 30.22 "CHI" "" "WAS" "L" -25 0 7.01666666666667 0.333 0.333 0 42.9 16.1 0 0 0 0 18.1 69 111 0.9 -7.1
"33" "31" 2003-01-04 30.22 "CHI" "" "CLE" "W" 6 0 7.61666666666667 0 0 0 12 6.7 0 0 0 0 5.7 0 90 -0.8 -12.4
"34" "32" 2003-01-06 30.23 "CHI" "" "UTA" "W" 15 0 11.8833333333333 0 0 0 0 0 10 4.3 0 0 3.8 65 107 -0.6 -6.4
"35" "33" 2003-01-08 30.23 "CHI" "@" "WAS" "L" -3 0 7 0.667 0.667 0 13.7 7.4 27.1 0 0 0 19.4 134 109 2.5 -1.5
"36" "34" 2003-01-10 30.24 "CHI" "@" "MIL" "L" -8 0 9.23333333333333 1 1 0 13.7 6.5 18.9 6 0 0 5.5 203 87 3.7 12.1
"37" "35" 2003-01-13 30.25 "CHI" "" "NYK" "W" 7 0 7.45 0.266 0 0 13.4 7.7 0 0 0 0 12.6 65 110 0.2 -11.8
"38" "" 2003-01-14 30.25 "CHI" "@" "NYK" "L" -12 NA NA NA NA NA NA NA NA NA NA NA NA NA NA NA NA
"39" "36" 2003-01-17 30.26 "CHI" "@" "NOH" "L" -7 0 9.81666666666667 0.347 0 0 29.4 16.2 16.6 0 0 0 6.5 106 94 1.9 0.5
"40" "37" 2003-01-18 30.26 "CHI" "@" "MIA" "L" -1 0 3.3 0.347 0 0 39.5 20.1 0 0 0 0 23.9 82 94 0.2 -14.6
"41" "38" 2003-01-20 30.27 "CHI" "@" "ATL" "W" 13 0 4.16666666666667 1.5 1.5 0 31.6 14.8 0 0 0 0 11.3 300 114 2.6 14.8
"42" "39" 2003-01-22 30.27 "CHI" "@" "ORL" "L" -3 0 10.25 0 0 12.3 10.2 11.2 0 0 0 0 6.8 45 111 -0.9 -12.7
"43" "40" 2003-01-24 30.28 "CHI" "" "WAS" "W" 7 0 4.71666666666667 0 0 0 39.2 22.6 21.8 0 13.2 0 9.6 58 93 0.9 1.6
"44" "41" 2003-01-26 30.28 "CHI" "" "HOU" "W" 2 0 8.01666666666667 NA NA 0 0 0 15.4 6.4 0 NA 0 208 100 1.3 4.7
"45" "42" 2003-01-29 30.29 "CHI" "@" "LAC" "L" -2 0 3.55 NA NA 0 0 0 0 0 0 NA 0 0 101 0 -6
"46" "43" 2003-01-31 30.3 "CHI" "@" "POR" "L" -13 0 9.5 0.347 0 0 24.8 13.2 15.7 11.9 0 0 7.5 106 90 3.2 9.8
"47" "44" 2003-02-01 30.3 "CHI" "@" "SEA" "L" -13 0 5.46666666666667 0.347 0 19.6 100 63.3 32 0 0 25.8 35.1 75 55 2.5 1.2
"48" "45" 2003-02-03 30.3 "CHI" "@" "PHO" "L" -4 0 4.46666666666667 NA NA 0 0 0 0 0 0 NA 0 0 125 -0.8 -16.8
"49" "46" 2003-02-04 30.31 "CHI" "@" "DEN" "L" -2 0 10.1333333333333 1 1 12.9 24.7 18.9 16.7 0 0 0 4.6 209 99 2.5 -1.2
"50" "47" 2003-02-11 30.33 "CHI" "" "DET" "L" -10 0 11.1833333333333 0.258 0 0 15.3 8.8 14.1 0 0 20.5 20.1 55 100 0.2 -9.6
"51" "48" 2003-02-12 30.33 "CHI" "@" "PHI" "L" -8 0 3.25 NA NA 0 0 0 0 0 0 NA 0 0 127 0 -6.5
"52" "49" 2003-02-14 30.33 "CHI" "@" "NJN" "L" -18 0 12.1 0.42 0 0 39.2 19 14.3 0 0 17.4 19.8 88 91 2.7 -2.7
"53" "50" 2003-02-15 30.34 "CHI" "" "DEN" "W" 19 0 5.78333333333333 1.136 NA 0 15.7 7.8 22.2 0 0 0 3.1 234 81 1.6 3.4
"54" "51" 2003-02-18 30.35 "CHI" "@" "CLE" "W" 6 0 3.81666666666667 1 1 0 0 0 44.4 0 0 0 10.8 201 119 2.4 16.9
"55" "52" 2003-02-19 30.35 "CHI" "" "PHI" "L" -28 0 4.01666666666667 NA NA 22.2 0 12.2 0 0 0 NA 0 199 116 0.7 -1.3
"56" "53" 2003-02-21 30.35 "CHI" "@" "ORL" "L" -14 0 9.21666666666667 1 1 0 11.3 6.4 0 5.2 0 50 9.4 73 100 1.6 0.4
"57" "54" 2003-02-22 30.36 "CHI" "@" "MIA" "L" -10 0 31.9333333333333 0.515 0.333 0 17 8.8 19 3.3 0 20.5 7 108 107 7.2 3.6
"58" "55" 2003-02-24 30.36 "CHI" "" "PHO" "W" 3 0 18.8833333333333 0.5 0.5 0 0 0 0 5.5 0 0 4.7 101 93 3 1.8
"59" "56" 2003-02-26 30.37 "CHI" "" "TOR" "W" 8 0 23.1166666666667 0 0 0 12.8 7.4 5.1 4.5 0 66.7 5.7 18 98 0.1 -3.9
"60" "57" 2003-02-28 30.37 "CHI" "" "ATL" "L" -22 0 24.1166666666667 1 1 0 22.9 10.3 7.1 0 0 0 3.9 202 125 4.9 -3.2
"61" "58" 2003-03-01 30.38 "CHI" "@" "WAS" "L" -8 0 28.1 0.438 0.438 3.9 27.8 14.8 10.4 0 0 11.1 14.3 95 114 5.5 -2.9
"62" "59" 2003-03-03 30.38 "CHI" "" "ORL" "L" -15 0 26.4166666666667 0.628 0.571 0 15.1 7.9 7.5 0 0 0 15.1 130 113 8.8 0.9
"63" "60" 2003-03-06 30.39 "CHI" "" "GSW" "W" 14 0 2.4 NA NA 0 0 0 0 25.1 0 NA 0 0 64 0.6 11.5
"64" "61" 2003-03-08 30.39 "CHI" "" "LAC" "L" -6 0 2.8 NA NA 0 0 0 0 0 0 NA 0 0 128 -0.4 -16.4
"65" "62" 2003-03-11 30.4 "CHI" "" "LAL" "W" 17 0 8.6 0.5 0.5 0 0 0 15.8 0 0 50 22.9 59 118 -0.3 -14.8
"66" "63" 2003-03-12 30.41 "CHI" "@" "MEM" "L" -29 0 6.53333333333333 1 1 0 0 0 27.6 0 0 50 14.3 93 129 1 -5.5
"67" "" 2003-03-14 30.41 "CHI" "@" "HOU" "L" -30 NA NA NA NA NA NA NA NA NA NA NA NA NA NA NA NA
"68" "" 2003-03-16 30.42 "CHI" "@" "SAS" "L" -11 NA NA NA NA NA NA NA NA NA NA NA NA NA NA NA NA
"69" "" 2003-04-13 30.49 "CHI" "@" "MIN" "L" -24 NA NA NA NA NA NA NA NA NA NA NA NA NA NA NA NA
"70" "" 2003-04-15 30.5 "CHI" "" "PHI" "W" 9 NA NA NA NA NA NA NA NA NA NA NA NA NA NA NA NA
"1" "1" 2003-10-29 31.04 "MIN" "" "MIL" "W" 6 1 30.15 0.255 0.2 0 10.9 5.4 17.6 1.8 2.2 0 8.9 86 102 4.9 -1.3
"2" "2" 2003-10-31 31.04 "MIN" "@" "NJN" "L" -23 1 23.4166666666667 0 0 4.7 11.9 7.9 16.7 2.3 3.3 66.7 6 31 91 1.7 0.2
"3" "3" 2003-11-01 31.05 "MIN" "" "TOR" "W" 17 0 32.9833333333333 0.676 0.625 0 9.7 5.5 10.4 0 0 0 7.7 143 84 5.9 1.7
"4" "4" 2003-11-03 31.05 "MIN" "@" "UTA" "L" -5 0 16.0166666666667 0.5 0.5 0 12 6.6 8.5 0 0 40 14.8 64 115 0.2 -11.1
"5" "5" 2003-11-05 31.06 "MIN" "" "SAC" "L" -4 0 22.55 0.922 0.875 0 10.2 5.3 10.2 2.4 0 29.1 13.2 130 129 6.8 0
"6" "6" 2003-11-07 31.06 "MIN" "@" "ORL" "W" 29 0 27.5 0.761 0.786 4.2 15.9 10.2 0 4 0 11.3 14.4 135 78 10.4 9.4
"7" "7" 2003-11-08 31.07 "MIN" "@" "MIA" "W" 9 0 16.3166666666667 1.025 1 0 12 7.1 12.5 0 0 29.1 21.4 134 95 7.3 10.9
"8" "8" 2003-11-11 31.07 "MIN" "" "SEA" "L" -2 0 26.8666666666667 0.75 0.75 0 5.1 2.4 6.4 4.1 0 0 10.6 146 103 7.8 7.4
"9" "9" 2003-11-13 31.08 "MIN" "@" "CHI" "W" 3 0 34.2833333333333 0.5 0.5 0 21.3 11 9.4 1.6 0 12.5 11.6 93 92 6.1 -0.5
"10" "10" 2003-11-14 31.08 "MIN" "" "UTA" "L" -8 0 32.8333333333333 0.778 0.778 0 24.2 11.2 6.7 1.6 0 0 12.8 147 98 12.8 9.5
"11" "11" 2003-11-18 31.09 "MIN" "" "DEN" "W" 13 0 29.8833333333333 0.888 0.8 0 30 16.9 16.2 0 0 12.9 12.7 158 88 12.7 5.4
"12" "12" 2003-11-21 31.1 "MIN" "@" "CLE" "W" 14 0 28.9833333333333 0.902 0.833 0 16.1 7.6 10.5 2 0 0 12.2 194 98 14.2 11.5
"13" "13" 2003-11-22 31.1 "MIN" "" "LAC" "W" 12 0 33.4833333333333 0.676 0.625 4.4 6.9 5.8 15.1 0 0 10.1 14.7 132 115 10.7 -0.2
"14" "14" 2003-11-25 31.11 "MIN" "@" "IND" "L" -23 0 28.2333333333333 0.637 0.417 0 4.2 2 0 2.1 0 0 15.8 137 120 8.5 2.2
"15" "15" 2003-11-26 31.12 "MIN" "" "NYK" "L" -5 0 31.6333333333333 0.63 0.611 0 13.7 6.6 14 0 0 0 17 129 116 10.5 1.7
"16" "16" 2003-11-28 31.12 "MIN" "@" "MEM" "W" 4 0 27.5333333333333 0.5 0.5 0 10.3 6 15.3 3.6 0 0 8.3 116 102 6.5 3
"17" "17" 2003-11-29 31.12 "MIN" "@" "DAL" "L" -4 0 24.7 0.357 0.357 0 12.1 7.1 5.9 0 2.7 0 13 84 101 1.9 -4.7
"18" "18" 2003-12-03 31.13 "MIN" "@" "PHO" "W" 13 0 32.85 0.67 0.7 0 15.5 8.4 14.9 3.2 0 0 15.2 138 86 13.8 8.9
"19" "19" 2003-12-05 31.14 "MIN" "@" "SAC" "W" 3 1 33.15 0.51 0.4 0 8.5 5.1 3.8 0 0 14.5 10.2 94 112 3.1 -4.3
"20" "20" 2003-12-07 31.15 "MIN" "@" "LAC" "W" 2 0 23.5833333333333 0.82 0.75 0 9.4 4.9 11.2 0 0 0 8.9 172 113 7.2 0
"21" "21" 2003-12-09 31.15 "MIN" "" "GSW" "L" -3 0 28.75 0.455 0.444 0 17.1 8.8 5.2 2 2.6 0 17.5 95 109 5.9 0
"22" "22" 2003-12-12 31.16 "MIN" "@" "WAS" "W" 19 0 16.65 1 1 0 0 0 13.7 0 0 33.3 8.2 133 111 3.8 1.6
"23" "23" 2003-12-15 31.17 "MIN" "@" "BOS" "W" 21 0 29.4 0.761 0.714 0 15.4 9.9 12.2 1.8 0 20.2 16.4 126 103 11 2.3
"24" "24" 2003-12-16 31.17 "MIN" "" "HOU" "W" 17 0 27.7666666666667 0.5 0.5 0 4.2 2.1 23.8 6.1 3 10 18.1 102 79 9.3 8
"25" "25" 2003-12-18 31.18 "MIN" "" "DAL" "W" 5 0 21.4166666666667 0.333 0.333 0 0 0 5.5 2.3 0 25 8 62 121 -0.2 -9.5
"26" "26" 2003-12-20 31.18 "MIN" "" "IND" "W" 22 0 33.5166666666667 0.831 0.75 4.8 22.1 15.3 5.6 1.6 0 13.7 22.2 140 87 18.1 6
"27" "27" 2003-12-23 31.19 "MIN" "@" "NYK" "W" 6 0 23.0666666666667 0.362 0 0 4.3 2.4 5.7 2.4 0 0 5.8 93 116 1.3 -5.3
"28" "28" 2003-12-26 31.2 "MIN" "@" "POR" "L" -9 0 19.65 0.357 0.357 0 6.3 3.1 13.6 5.7 0 0 16.5 92 115 3 -3
"29" "29" 2003-12-27 31.2 "MIN" "@" "SEA" "W" 18 0 31.8166666666667 0.778 0.778 0 12.8 7.5 4.4 1.6 0 0 12.6 167 95 13 8.9
"30" "30" 2003-12-30 31.21 "MIN" "" "CHI" "W" 5 0 17.6 0.387 0.333 0 15.4 9.3 0 0 0 0 20.7 80 97 1.9 -8.3
"31" "31" 2004-01-02 31.22 "MIN" "" "ATL" "W" 18 0 23.9833333333333 0.506 0.444 0 13.3 6.9 31.3 2.3 0 0 17.6 138 88 10.3 10.6
"32" "32" 2004-01-03 31.22 "MIN" "@" "DAL" "L" -7 0 23.9166666666667 0.25 0.25 4.2 14.6 9 9.8 2.2 0 14.3 12.5 74 125 1 -7.3
"33" "33" 2004-01-06 31.23 "MIN" "" "LAL" "W" 16 0 19.5 0.644 0.5 0 4.8 2.8 5.9 0 0 20.5 11.3 111 103 2.5 -3.2
"34" "34" 2004-01-08 31.23 "MIN" "" "POR" "W" 21 0 30.55 0.583 0.583 4 6.9 5.5 0 1.8 0 0 9.4 125 91 6.3 -0.9
"35" "35" 2004-01-10 31.24 "MIN" "" "MIA" "W" 6 0 20.2666666666667 0.515 0.333 0 12 5.6 25.2 0 0 0 9.6 134 97 4.6 1.5
"36" "36" 2004-01-13 31.25 "MIN" "@" "NOH" "W" 5 0 31.1833333333333 0.517 0.375 10.8 23.5 16.3 0 5.3 0 15.8 18.9 103 94 9.6 2.4
"37" "37" 2004-01-14 31.25 "MIN" "@" "SAS" "W" 7 0 18.1 0.5 0.5 0 10.5 6 0 0 0 0 5.5 102 110 1.2 -3.9
"38" "38" 2004-01-17 31.26 "MIN" "@" "HOU" "L" -19 0 27.5166666666667 0.233 0.167 0 20.2 8.7 0 5.9 0 0 11.1 50 99 1.8 -4.9
"39" "39" 2004-01-19 31.26 "MIN" "" "NOH" "W" 7 0 26.1666666666667 0.45 0.5 0 17.2 8.1 9.8 2 0 31.1 11.4 71 101 1.3 -5.9
"40" "40" 2004-01-21 31.27 "MIN" "@" "TOR" "W" 11 0 29.1 0 0 0 16 9.4 3.9 1.8 0 33.3 4.7 25 108 -0.3 -6.4
"41" "41" 2004-01-23 31.27 "MIN" "" "DET" "W" 1 0 18.7833333333333 0.85 0.8 0 5.5 2.6 0 8.2 0 14.5 15.9 138 82 9.2 15.9
"42" "42" 2004-01-25 31.28 "MIN" "" "PHO" "W" 4 0 14.35 0.26 0 0 29.1 14.9 17.8 0 4.8 0 17.7 78 101 3.1 -3.5
"43" "43" 2004-01-26 31.28 "MIN" "@" "DEN" "W" 2 0 25.5 0.414 0.4 3.8 21.8 12.3 17.3 2.1 0 8.4 20.5 96 103 6.7 0.7
"44" "44" 2004-01-28 31.29 "MIN" "@" "GSW" "L" -7 0 22.5166666666667 0.455 0.389 8 8 8 22.6 2.2 0 0 18.3 118 105 8.2 4.6
"45" "45" 2004-01-30 31.29 "MIN" "@" "LAL" "W" 13 0 25.8333333333333 0.63 0.333 0 16.7 9.6 0 0 0 0 9.4 141 102 5.5 -0.7
"46" "46" 2004-02-01 31.3 "MIN" "" "PHI" "W" 5 0 15.4166666666667 0 0 0 7.6 4.1 0 0 0 0 9.4 0 116 -2.6 -17.9
"47" "47" 2004-02-03 31.3 "MIN" "" "ORL" "W" 13 0 22.45 0.667 0.667 0 17.5 10.1 17.5 2.4 0 0 12.8 144 106 8.9 5.2
"48" "48" 2004-02-04 31.31 "MIN" "@" "ATL" "L" -8 0 29.4666666666667 0.955 1 3.2 26 13.8 5.7 0 0 0 8.9 193 107 12.5 7.3
"49" "49" 2004-02-06 31.31 "MIN" "" "CLE" "W" 11 0 22.6666666666667 1.25 1.25 0 13 5.8 6.4 0 0 20 10.3 166 111 7.9 5.4
"50" "50" 2004-02-08 31.32 "MIN" "" "MEM" "L" -1 0 28.8333333333333 0.833 0.833 0 9.5 4.7 10.2 1.8 0 14.3 11.1 139 110 8.6 4.4
"51" "51" 2004-02-10 31.32 "MIN" "" "LAC" "W" 12 0 34 0.47 0.429 0 36 19 3.7 0 0 0 10.4 107 92 6.8 -1.7
"52" "52" 2004-02-11 31.33 "MIN" "@" "UTA" "W" 11 0 22.5833333333333 0.85 0.8 0 21.1 10.8 0 7.4 0 33.8 18.6 101 72 7.7 9.7
"53" "53" 2004-02-17 31.34 "MIN" "" "PHO" "W" 15 0 20.7166666666667 0.5 0.5 6.9 10.9 9.1 15.6 5.2 0 12.5 18.2 106 99 6.6 2.5
"54" "54" 2004-02-19 31.35 "MIN" "" "SAC" "W" 17 0 7.16666666666667 1 1 0 24.1 14.6 0 0 0 0 6.6 200 84 2.3 6.3
"55" "55" 2004-02-20 31.35 "MIN" "@" "DET" "W" 1 0 14.6333333333333 1.5 1.5 0 0 0 0 3.7 0 0 3.3 300 104 3.3 3.9
"56" "56" 2004-02-22 31.36 "MIN" "" "SAS" "L" -2 0 6.26666666666667 NA NA 0 0 0 37.1 0 0 NA 0 211 113 1 3.9
"57" "57" 2004-02-24 31.36 "MIN" "@" "MIL" "W" 6 0 15.1166666666667 0.694 0.75 0 17.6 9.1 8.9 0 0 0 9.8 146 113 3.5 0.6
"58" "58" 2004-02-25 31.36 "MIN" "" "NJN" "W" 13 0 22.5333333333333 0.581 0.5 0 12.5 7.2 8.1 2.4 2.9 0 16.4 117 75 7.1 7.8
"59" "59" 2004-02-27 31.37 "MIN" "" "GSW" "W" 10 0 26.2166666666667 0.6 0.6 14.6 34.3 25.1 5.4 4.5 3 0 10 139 87 10.8 7.8
"60" "60" 2004-02-29 31.38 "MIN" "@" "PHI" "L" -7 0 11.8 0.25 0.25 9.5 10.1 9.8 0 5.3 0 20 21.7 52 93 0.2 -7.7
"61" "" 2004-03-03 31.38 "MIN" "" "DAL" "W" 24 NA NA NA NA NA NA NA NA NA NA NA NA NA NA NA NA
"62" "" 2004-03-05 31.39 "MIN" "" "HOU" "L" -3 NA NA NA NA NA NA NA NA NA NA NA NA NA NA NA NA
"63" "" 2004-03-07 31.39 "MIN" "" "BOS" "L" -3 NA NA NA NA NA NA NA NA NA NA NA NA NA NA NA NA
"64" "61" 2004-03-09 31.4 "MIN" "@" "SEA" "W" 13 0 16.4166666666667 0.615 0.75 6.7 22.3 14.1 7.4 3.3 0 0 6.7 148 101 4.5 5.7
"65" "62" 2004-03-10 31.4 "MIN" "@" "POR" "L" -13 0 15.5 1.1 1.1 0 22.9 11 0 4 0 0 15.8 208 109 11 23
"66" "63" 2004-03-12 31.41 "MIN" "" "LAL" "W" 10 0 7.91666666666667 1.136 NA 0 12.4 6.5 0 5.8 0 0 4.6 250 87 3.3 12.3
"67" "64" 2004-03-14 31.41 "MIN" "" "POR" "L" -9 0 15.25 0.5 0.5 0 28.4 13.5 9.8 0 0 0 6.3 124 109 1.7 -8
"68" "65" 2004-03-18 31.42 "MIN" "@" "SAS" "L" -20 0 17.35 0.102 0 0 32.8 17.6 18.2 0 0 17 17.2 34 114 -1.5 -11
"69" "66" 2004-03-19 31.43 "MIN" "@" "PHO" "W" 13 0 18.6833333333333 1 1 0 18.2 9 18.4 0 3.9 0 10.2 202 91 9 14.6
"70" "67" 2004-03-21 31.43 "MIN" "" "DEN" "W" 21 0 30.55 0.595 0.5 0 23.8 13.8 8.9 0 0 14.5 10.6 113 86 6.3 -0.9
"71" "68" 2004-03-23 31.44 "MIN" "" "SAS" "W" 5 0 13.2333333333333 0 0 0 7.1 3.9 10.7 7.7 0 0 7 22 82 0 -3.3
"72" "69" 2004-03-24 31.44 "MIN" "@" "DEN" "L" -9 0 26.8333333333333 0.957 0.938 0 28.4 16.2 7.3 0 0 10.1 16.7 163 104 14.7 13.5
"73" "70" 2004-03-26 31.45 "MIN" "@" "LAL" "L" -17 0 17.6833333333333 0.604 0.5 0 20.5 10.2 0 2.7 0 15.7 29.4 102 88 7.3 7.4
"74" "71" 2004-03-27 31.45 "MIN" "@" "LAC" "W" 16 0 26.4166666666667 0.673 0.333 9.1 13.3 11.3 14.3 4.1 0 16.1 11 142 91 9.5 5.6
"75" "72" 2004-03-29 31.45 "MIN" "@" "HOU" "W" 6 0 9.61666666666667 0.5 0.5 0 10.6 5.3 0 4.9 0 0 13 97 96 2.2 1.2
"76" "73" 2004-03-31 31.46 "MIN" "" "SEA" "W" 7 0 13.9833333333333 0.833 0.833 0 14.3 8.2 0 0 0 0 10.6 160 102 3.1 0.5
"77" "74" 2004-04-02 31.47 "MIN" "" "WAS" "W" 18 0 23.75 0.509 0.5 0 8.3 4.3 24.2 4.9 3.3 0 13.5 128 86 9.3 9.2
"78" "75" 2004-04-04 31.47 "MIN" "" "MEM" "W" 8 0 22.15 1.215 1.25 0 13.9 7 0 2.7 0 0 6.1 250 98 7.5 7
"79" "76" 2004-04-08 31.48 "MIN" "@" "SAC" "W" 8 0 13.25 0 0 0 16.8 8.4 0 0 0 0 3.5 0 98 -0.5 -7.1
"80" "77" 2004-04-09 31.48 "MIN" "@" "GSW" "W" 18 0 10.5166666666667 0.347 0 0 19.8 9.9 0 0 0 0 11.7 88 85 0.8 -6.8
"81" "78" 2004-04-12 31.49 "MIN" "" "UTA" "W" 14 0 14.15 0.5 0.5 0 23.4 13.4 0 0 0 0 7.3 108 108 1.9 -3.1
"82" "79" 2004-04-14 31.5 "MIN" "@" "MEM" "W" 17 0 18.8166666666667 0.532 0 0 12.7 7.6 6.8 0 0 51.5 10.6 68 111 -0.2 -10.2
"1" "1" 2004-11-03 32.05 "MIN" "" "NYK" "W" 6 0 20.5333333333333 0.9 0.9 0 8.6 5 14.2 0 2.9 0 11 164 96 8.6 10.7
"2" "2" 2004-11-04 32.05 "MIN" "@" "DEN" "L" -2 0 13.2 1 1 0 6.5 3.7 0 0 0 0 3.6 200 107 2 -4.2
"3" "3" 2004-11-06 32.06 "MIN" "" "NOH" "W" 7 0 14.7666666666667 0.571 0.571 0 15.4 8 20.7 7.1 0 0 20.7 138 97 8.3 18.2
"4" "" 2004-11-09 32.07 "MIN" "" "IND" "L" -1 NA NA NA NA NA NA NA NA NA NA NA NA NA NA NA NA
"5" "" 2004-11-11 32.07 "MIN" "@" "HOU" "W" 5 NA NA NA NA NA NA NA NA NA NA NA NA NA NA NA NA
"6" "4" 2004-11-16 32.09 "MIN" "" "MIA" "W" 11 0 19.8 0.583 0.583 0 5.3 2.5 0 5.2 0 0 12.5 130 105 5.5 2.7
"7" "5" 2004-11-17 32.09 "MIN" "@" "DET" "L" -8 0 12.7166666666667 0 0 10.3 30.8 20.5 38.7 0 0 0 4 117 104 3 4
"8" "6" 2004-11-20 32.1 "MIN" "@" "NOH" "W" 5 0 24.8166666666667 0.856 0.857 10.7 5.3 8 19.6 2.4 0 0 18 181 117 15.7 13.8
"9" "7" 2004-11-22 32.1 "MIN" "@" "DAL" "W" 1 0 14.85 0.667 0.667 0 11 6 0 0 4.1 0 8.8 140 93 2.8 0.2
"10" "8" 2004-11-23 32.11 "MIN" "" "SEA" "L" -11 0 21.8 1.087 1.083 0 11 5.2 9.2 5 0 23.7 16.9 143 118 11.9 15.4
"11" "9" 2004-11-25 32.11 "MIN" "@" "IND" "L" -4 0 20.8833333333333 0.902 0.833 6.7 25.4 16.3 0 4.9 4.8 34 13.4 117 102 7.1 5.4
"12" "10" 2004-11-26 32.12 "MIN" "" "MEM" "W" 25 0 21.0833333333333 0.625 0.625 0 21.4 12.7 17.4 2.5 3.1 0 8.4 150 96 7.1 6.3
"13" "11" 2004-11-28 32.12 "MIN" "@" "SAC" "W" 11 0 19.05 0.5 0.5 0 11.1 6.1 0 2.7 0 0 6.9 111 111 2.5 -2.3
"14" "12" 2004-12-01 32.13 "MIN" "@" "GSW" "W" 8 0 12.1833333333333 0.833 0.833 9.5 0 4.5 12.5 0 0 0 10.9 174 112 3.5 0.7
"15" "13" 2004-12-03 32.13 "MIN" "@" "PHO" "W" 4 0 13.7833333333333 0.75 0.75 0 13.4 6.5 9.4 3.5 4.6 0 5.7 179 91 5 11.4
"16" "14" 2004-12-04 32.14 "MIN" "@" "LAC" "W" 7 0 19.85 0.8 0.8 5.7 0 3.1 7.5 2.7 0 16.7 14.1 133 110 6.3 5.1
"17" "15" 2004-12-07 32.15 "MIN" "" "DAL" "L" -10 0 17.2166666666667 0 0 7.4 11.1 9.5 0 0 0 0 8.6 24 116 -1.6 -14.5
"18" "16" 2004-12-08 32.15 "MIN" "@" "PHI" "W" 35 0 15.6166666666667 0.8 0.8 0 16.6 9.6 8.4 0 0 0 12.8 160 95 6.9 6.5
"19" "17" 2004-12-10 32.15 "MIN" "" "SAC" "W" 8 0 25.05 1.034 1.125 4.9 19.2 12.2 5.3 2 2.8 15.8 11.2 165 109 11.9 11.3
"20" "18" 2004-12-11 32.16 "MIN" "@" "CHI" "L" -11 0 14.15 0.543 0.5 0 29.5 14.3 14.4 4 0 13.4 24.8 103 94 4.7 6.2
"21" "19" 2004-12-14 32.16 "MIN" "" "POR" "W" 11 0 6.98333333333333 0 0 0 0 0 17.8 8.9 0 0 14.5 37 91 0.3 -4.2
"22" "20" 2004-12-15 32.17 "MIN" "@" "TOR" "L" -6 0 7.01666666666667 0 0 0 29.2 14.7 0 0 0 0 6.7 0 109 -0.1 -11.7
"23" "21" 2004-12-17 32.17 "MIN" "" "LAC" "W" 27 0 29.05 1.205 1.25 0 4.1 2.1 4.8 3.8 0 0 5.3 247 98 9.6 8.3
"24" "22" 2004-12-21 32.18 "MIN" "@" "CLE" "L" -10 0 19.0833333333333 0 0 5.4 27.1 13.5 13.7 3 7.3 0 2.4 112 115 4.3 4.9
"25" "23" 2004-12-23 32.19 "MIN" "@" "SAS" "L" -14 0 13.8 0.868 0.75 8.6 24.5 16.7 0 4 0 25.8 13.3 133 104 5.2 8.6
"26" "24" 2004-12-26 32.2 "MIN" "" "WAS" "W" 35 0 27.6833333333333 0.509 0.417 0 28.9 14.3 13.9 8 2.9 0 11.5 131 68 11.3 8.4
"27" "25" 2004-12-29 32.21 "MIN" "@" "NYK" "L" -13 0 9.41666666666667 0.5 0.5 0 51.4 22.2 0 0 0 0 23.6 105 121 2.5 -5.5
"28" "26" 2005-01-01 32.21 "MIN" "" "MEM" "L" -9 0 9.06666666666667 1 1 17.2 0 8.5 16.8 0 0 0 5.4 206 126 3.1 4.8
"29" "27" 2005-01-04 32.22 "MIN" "" "PHO" "L" -7 0 8.36666666666667 NA NA 0 0 0 0 6.4 0 100 5.5 0 122 0 -6.3
"30" "28" 2005-01-05 32.22 "MIN" "@" "CHA" "L" -18 0 6.66666666666667 0 0 35.6 0 17.6 0 0 0 50 14.7 41 123 -0.3 -13.8
"31" "29" 2005-01-07 32.23 "MIN" "" "PHI" "W" 5 0 0.0833333333333333 1.136 NA 0 0 0 0 0 0 0 41 250 104 2 724.9
"32" "30" 2005-01-08 32.23 "MIN" "@" "WAS" "L" -3 0 14.1666666666667 0.9 0.9 0 0 0 9.9 0 0 0 14.7 183 135 7 12
"33" "31" 2005-01-10 32.24 "MIN" "" "LAL" "L" -9 0 3.85 0 0 0 0 0 51.9 10.5 0 0 19.5 47 101 1 7.3
"34" "32" 2005-01-12 32.24 "MIN" "" "ORL" "L" -7 0 14.75 0.333 0.333 14.2 6.3 10 11.9 0 0 0 9.3 102 102 1.9 -3.9
"35" "33" 2005-01-14 32.25 "MIN" "@" "DEN" "W" 10 0 6.65 1.136 NA 0 0 0 19.6 0 0 0 3.2 241 106 1.7 5.3
"36" "34" 2005-01-15 32.25 "MIN" "" "POR" "W" 8 0 14.0333333333333 0.694 0.5 0 8.4 4.5 11.8 0 0 0 19.9 161 108 7 5.4
"37" "35" 2005-01-17 32.26 "MIN" "" "TOR" "L" -9 0 10.7666666666667 0 0 10.4 36.9 22.6 13.7 5.4 0 0 13.7 38 101 0.8 -7.1
"38" "36" 2005-01-19 32.26 "MIN" "@" "LAL" "L" -3 0 8.81666666666667 0.798 0.5 0 0 0 0 6.2 0 0 19 180 106 6 12.8
"39" "37" 2005-01-21 32.27 "MIN" "@" "SEA" "W" 5 0 23.6 0.917 0.917 7 5.4 6 12 0 0 0 13.3 194 138 9.6 8.2
"40" "38" 2005-01-22 32.27 "MIN" "@" "POR" "W" 9 0 15.7666666666667 0.705 0.688 8 8 8 0 11.3 0 0 34.8 144 80 13.8 24.2
"41" "39" 2005-01-24 32.28 "MIN" "" "DET" "W" 3 0 18.95 0.945 0.833 0 15.3 8.3 0 0 0 0 12.2 193 102 7.8 5.6
"42" "40" 2005-01-26 32.28 "MIN" "" "ATL" "W" 17 0 16.9833333333333 0.888 0.917 7.6 0 3.4 8 3.2 0 12 22.8 145 108 11 13.9
"43" "41" 2005-01-28 32.29 "MIN" "" "UTA" "W" 2 0 21.3333333333333 1.034 1 4.7 17.2 10.4 0 2.4 3.2 0 11.2 206 100 11.9 13.6
"44" "42" 2005-01-30 32.29 "MIN" "" "SAC" "L" -10 0 20 0.735 0.7 0 0 0 17.3 2.6 0 0 12.8 149 105 7.7 7.1
"45" "43" 2005-02-01 32.3 "MIN" "@" "MIL" "L" -5 0 3.3 1.136 NA 0 0 0 0 0 0 0 7.1 250 120 0.6 -6.1
"46" "44" 2005-02-02 32.3 "MIN" "" "PHO" "L" -29 0 26.9833333333333 0.253 0.222 4.2 7.9 6.1 10.6 3.6 0 0 15.8 67 109 3.4 -2.9
"47" "45" 2005-02-04 32.31 "MIN" "" "HOU" "L" -6 0 12.0666666666667 NA NA 0 19.3 10.1 0 0 0 NA 0 0 126 -0.2 -11.6
"48" "46" 2005-02-06 32.31 "MIN" "" "BOS" "L" -3 0 26.3333333333333 0.735 0.5 5.1 11.5 8.8 10.8 0 0 0 17.2 166 118 13.6 8.7
"49" "47" 2005-02-08 32.32 "MIN" "@" "MEM" "L" -12 0 19.1666666666667 0.521 0.5 0 21.8 13 7.7 2.8 0 0 14 123 119 4.9 -2.9
"50" "48" 2005-02-09 32.32 "MIN" "" "DEN" "W" 6 0 17.0333333333333 0.714 0.714 0 0 0 30.4 3 0 0 19 148 104 9 14.6
"51" "49" 2005-02-11 32.33 "MIN" "@" "UTA" "L" -18 0 24.95 0.935 0.9 0 21.3 12.2 9 4.3 0 14.5 13.9 151 104 11.9 11.3
"52" "50" 2005-02-13 32.33 "MIN" "" "CHI" "L" -4 0 14.4333333333333 0.75 0.75 6.5 7.3 6.9 0 0 0 33.3 9.3 100 113 2 -4.4
"53" "51" 2005-02-15 32.34 "MIN" "" "NJN" "W" 11 0 20.1666666666667 1 1 0 22.6 12.9 73.7 0 0 20 12.1 167 89 11.4 21.2
"54" "52" 2005-02-17 32.34 "MIN" "" "CLE" "W" 6 0 17.0333333333333 0.903 0.8 0 12.5 7.1 0 0 8 0 21.9 186 100 12.3 19
"55" "53" 2005-02-24 32.36 "MIN" "@" "LAC" "L" -6 0 13.5833333333333 0.145 0 0 8.6 4.6 10.5 4.2 0 22.5 16 38 103 -0.1 -7.6
"56" "54" 2005-02-25 32.36 "MIN" "@" "SEA" "L" -10 0 25.05 0.8 0.8 6.1 20.8 14.8 32 0 0 16.7 12.5 143 112 8.5 8.3
"57" "55" 2005-02-27 32.37 "MIN" "@" "POR" "W" 8 0 23.7666666666667 1.011 1 0 5.1 2.4 7.1 0 0 0 11 195 109 9.7 6.9
"58" "56" 2005-03-02 32.38 "MIN" "" "GSW" "L" -6 0 26.8333333333333 0.417 0.417 4.6 9.4 6.9 19.5 0 3.2 0 10.9 114 115 5.6 0
"59" "57" 2005-03-04 32.38 "MIN" "" "MIL" "W" 6 0 20.7833333333333 0.709 0.667 6 6.5 6.2 13.8 2.7 0 0 18.7 152 109 9.8 6.5
"60" "58" 2005-03-06 32.39 "MIN" "@" "BOS" "W" 2 0 21.4333333333333 0.786 0.786 0 12.8 6.5 0 0 0 0 16 150 119 7.9 3
"61" "59" 2005-03-08 32.39 "MIN" "" "CHA" "W" 5 0 15.8666666666667 0.922 0.875 0 30 16.2 9.9 0 0 0 13.3 183 102 8.8 7.1
"62" "60" 2005-03-10 32.4 "MIN" "@" "MIA" "L" -17 0 16.8333333333333 0.5 0.5 0 0 0 0 3.2 0 25 10.9 77 122 0.5 -4.2
"63" "61" 2005-03-11 32.4 "MIN" "@" "ORL" "W" 5 0 13.7 0.475 0.3 16.8 15.7 16.2 11.1 0 0 0 20.1 135 105 4.8 1.7
"64" "62" 2005-03-13 32.41 "MIN" "" "DAL" "L" -9 0 16.65 0.436 0.333 0 27.1 15.5 18.7 0 0 0 9.7 106 109 3.8 -0.6
"65" "63" 2005-03-15 32.41 "MIN" "@" "DAL" "W" 9 0 21.35 1.155 1.167 5 14 9.6 0 2.4 0 17.4 11.3 187 95 10.9 12.6
"66" "64" 2005-03-16 32.42 "MIN" "@" "SAS" "L" -16 0 18.2 1.5 1.5 0 17.8 9.5 0 6.4 0 0 2.7 300 98 5.6 9.9
"67" "65" 2005-03-18 32.42 "MIN" "@" "MEM" "L" -5 0 16.1166666666667 0.5 0.5 0 0 0 0 3.6 0 20 16.4 74 108 0.8 -10.1
"68" "66" 2005-03-20 32.43 "MIN" "" "HOU" "W" 8 0 22.2 0 0 0 8.7 5.1 13.2 0 0 0 11.2 27 112 -2.7 -15.4
"69" "67" 2005-03-23 32.44 "MIN" "" "NOH" "W" 5 0 23.3666666666667 0.536 0.389 0 4.4 2.6 6.3 2.2 0 0 23.2 118 117 8.1 -2.7
"70" "68" 2005-03-26 32.44 "MIN" "@" "NJN" "W" 21 0 17.0333333333333 0 0 6.7 12 9.5 7.4 0 0 0 5.3 63 96 0.2 -8.7
"71" "69" 2005-03-27 32.45 "MIN" "" "LAC" "W" 4 0 22.2833333333333 0.49 0 4.7 23.6 13.1 6.4 0 3.5 0 8.6 123 94 5.4 2.1
"72" "70" 2005-03-31 32.46 "MIN" "@" "LAL" "W" 9 0 8.55 NA NA 0 27.3 14.8 0 0 0 NA 0 0 112 0.2 -9.1
"73" "71" 2005-04-01 32.46 "MIN" "@" "PHO" "L" -9 0 17.0333333333333 0.581 0.5 0 14.6 7.6 16.1 2.9 0 0 8.4 147 106 4.4 4
"74" "72" 2005-04-03 32.47 "MIN" "@" "SAC" "W" 12 0 12.0333333333333 1.042 1 0 6.1 3.8 9.2 0 0 0 5.2 216 118 2.9 0.1
"75" "73" 2005-04-06 32.47 "MIN" "" "UTA" "W" 25 0 21.1333333333333 0.474 0.438 0 5.1 3 13.4 0 0 10.6 20.7 102 101 3.5 -7.8
"76" "74" 2005-04-08 32.48 "MIN" "" "DEN" "L" -3 0 12.7333333333333 0.184 0.2 7.5 0 3.9 12.2 3.8 4.4 0 17.5 62 104 1.2 -4
"77" "" 2005-04-09 32.48 "MIN" "@" "ATL" "L" -7 NA NA NA NA NA NA NA NA NA NA NA NA NA NA NA NA
"78" "" 2005-04-13 32.49 "MIN" "" "GSW" "W" 16 NA NA NA NA NA NA NA NA NA NA NA NA NA NA NA NA
"79" "75" 2005-04-15 32.5 "MIN" "@" "UTA" "W" 16 0 22.7333333333333 0.581 0.5 0 25.6 13.9 14 0 0 0 14.4 135 98 7.4 0
"80" "76" 2005-04-17 32.5 "MIN" "" "SEA" "L" -15 0 8.35 0.5 0.5 0 17.1 7.7 0 0 0 0 11.5 102 123 1.3 -5
"81" "" 2005-04-18 32.51 "MIN" "@" "NOH" "W" 3 NA NA NA NA NA NA NA NA NA NA NA NA NA NA NA NA
"82" "" 2005-04-20 32.51 "MIN" "" "SAS" "W" 22 NA NA NA NA NA NA NA NA NA NA NA NA NA NA NA NA
