"Rk" "G" "Date" "Age" "Tm" "H/A" "Opp" "W/L" "By Amt" "GS" "MP" "TS%" "eFG%" "ORB%" "DRB%" "TRB%" "AST%" "STL%" "BLK%" "TOV%" "USG%" "ORtg" "DRtg" "GmSc" "BPM"
"1" "1" 1999-02-05 23.22 "SAC" "@" "SAS" "L" -18 0 7.15 0.512 0.5 11.8 15.6 13.4 0 7 9.4 0 27 118 88 4.9 14.9
"2" "2" 1999-02-07 23.22 "SAC" "" "VAN" "W" 22 0 5.35 0.347 0.333 43.6 17.5 29.1 0 0 12.8 18.8 41.8 76 87 1.9 -14.3
"3" "3" 1999-02-09 23.23 "SAC" "@" "PHO" "W" 17 0 0.65 1.042 1 0 0 0 0 0 0 0 59.4 214 109 2.7 95.9
"4" "" 1999-02-10 23.23 "SAC" "@" "HOU" "L" -10 NA NA NA NA NA NA NA NA NA NA NA NA NA NA NA NA
"5" "" 1999-02-15 23.25 "SAC" "@" "UTA" "L" -8 NA NA NA NA NA NA NA NA NA NA NA NA NA NA NA NA
"6" "" 1999-02-16 23.25 "SAC" "" "BOS" "W" 3 NA NA NA NA NA NA NA NA NA NA NA NA NA NA NA NA
"7" "" 1999-02-17 23.25 "SAC" "@" "SEA" "W" 3 NA NA NA NA NA NA NA NA NA NA NA NA NA NA NA NA
"8" "4" 1999-02-19 23.26 "SAC" "" "CHH" "W" 11 0 2.81666666666667 0.5 0.5 0 0 0 0 0 0 60 67.9 33 100 -3.2 -70.7
"9" "5" 1999-02-21 23.26 "SAC" "@" "MIN" "L" -12 0 1.48333333333333 NA NA 0 84.2 43.6 0 0 0 NA 0 0 62 -0.1 -15.2
"10" "" 1999-02-22 23.27 "SAC" "@" "ORL" "L" -11 NA NA NA NA NA NA NA NA NA NA NA NA NA NA NA NA
"11" "6" 1999-02-24 23.27 "SAC" "@" "PHI" "L" -13 0 1.76666666666667 1 1 0 0 0 0 0 26.1 0 20.8 200 85 2.4 44.3
"12" "" 1999-02-25 23.27 "SAC" "@" "WAS" "W" 10 NA NA NA NA NA NA NA NA NA NA NA NA NA NA NA NA
"13" "" 1999-02-27 23.28 "SAC" "@" "DAL" "L" -7 NA NA NA NA NA NA NA NA NA NA NA NA NA NA NA NA
"14" "" 1999-03-01 23.28 "SAC" "" "SEA" "L" -3 NA NA NA NA NA NA NA NA NA NA NA NA NA NA NA NA
"15" "" 1999-03-02 23.29 "SAC" "@" "VAN" "W" 10 NA NA NA NA NA NA NA NA NA NA NA NA NA NA NA NA
"16" "" 1999-03-03 23.29 "SAC" "" "POR" "L" -4 NA NA NA NA NA NA NA NA NA NA NA NA NA NA NA NA
"17" "7" 1999-03-06 23.3 "SAC" "@" "PHO" "W" 12 0 0.866666666666667 0 0 0 0 0 0 0 0 0 43.1 0 110 -0.7 -56.7
"18" "" 1999-03-07 23.3 "SAC" "" "DAL" "W" 5 NA NA NA NA NA NA NA NA NA NA NA NA NA NA NA NA
"19" "8" 1999-03-09 23.31 "SAC" "@" "POR" "L" -5 0 1.28333333333333 0 0 0 0 0 0 50.1 0 0 43.3 0 10 0.3 4.6
"20" "" 1999-03-11 23.31 "SAC" "@" "LAC" "L" -14 NA NA NA NA NA NA NA NA NA NA NA NA NA NA NA NA
"21" "" 1999-03-12 23.32 "SAC" "" "MIN" "L" -6 NA NA NA NA NA NA NA NA NA NA NA NA NA NA NA NA
"22" "9" 1999-03-14 23.32 "SAC" "" "LAL" "W" 4 0 0.616666666666667 NA NA 0 0 0 0 0 0 NA 0 0 110 0 -3.6
"23" "" 1999-03-15 23.32 "SAC" "@" "GSW" "W" 6 NA NA NA NA NA NA NA NA NA NA NA NA NA NA NA NA
"24" "10" 1999-03-16 23.33 "SAC" "" "SAS" "L" -12 0 1.16666666666667 0.568 NA 88.9 0 55.8 0 0 0 0 33.5 141 126 1.3 10.7
"25" "" 1999-03-18 23.33 "SAC" "" "POR" "L" -10 NA NA NA NA NA NA NA NA NA NA NA NA NA NA NA NA
"26" "" 1999-03-20 23.34 "SAC" "@" "DAL" "L" -14 NA NA NA NA NA NA NA NA NA NA NA NA NA NA NA NA
"27" "" 1999-03-22 23.34 "SAC" "@" "HOU" "L" -10 NA NA NA NA NA NA NA NA NA NA NA NA NA NA NA NA
"28" "" 1999-03-24 23.35 "SAC" "" "NYK" "W" 1 NA NA NA NA NA NA NA NA NA NA NA NA NA NA NA NA
"29" "" 1999-03-26 23.35 "SAC" "@" "LAL" "W" 2 NA NA NA NA NA NA NA NA NA NA NA NA NA NA NA NA
"30" "" 1999-03-28 23.36 "SAC" "" "HOU" "L" -14 NA NA NA NA NA NA NA NA NA NA NA NA NA NA NA NA
"31" "11" 1999-03-30 23.36 "SAC" "" "UTA" "W" 3 0 5.26666666666667 0.333 0.333 0 0 0 43.4 0 14.3 40 48.4 51 109 -0.7 -21.5
"32" "12" 1999-03-31 23.37 "SAC" "@" "POR" "L" -14 0 3.38333333333333 0.333 0.333 0 66.7 33.3 0 0 0 25 56.2 53 97 -0.9 -29.9
"33" "" 1999-04-03 23.38 "SAC" "@" "MIN" "L" -9 NA NA NA NA NA NA NA NA NA NA NA NA NA NA NA NA
"34" "" 1999-04-06 23.38 "SAC" "@" "SEA" "W" 6 NA NA NA NA NA NA NA NA NA NA NA NA NA NA NA NA
"35" "13" 1999-04-07 23.39 "SAC" "" "LAL" "L" -15 0 1.58333333333333 0.532 1 0 57.1 28.9 0 0 0 0 39.6 74 94 1.2 10.6
"36" "" 1999-04-10 23.39 "SAC" "" "DEN" "W" 6 NA NA NA NA NA NA NA NA NA NA NA NA NA NA NA NA
"37" "" 1999-04-11 23.4 "SAC" "@" "VAN" "W" 3 NA NA NA NA NA NA NA NA NA NA NA NA NA NA NA NA
"38" "" 1999-04-13 23.4 "SAC" "" "UTA" "L" -5 NA NA NA NA NA NA NA NA NA NA NA NA NA NA NA NA
"39" "" 1999-04-15 23.41 "SAC" "" "SEA" "L" -1 NA NA NA NA NA NA NA NA NA NA NA NA NA NA NA NA
"40" "14" 1999-04-17 23.41 "SAC" "" "DEN" "W" 22 0 2 0.532 0 100 87.3 100 0 0 27.6 0 39.8 158 43 3.6 21.1
"41" "" 1999-04-19 23.42 "SAC" "@" "LAC" "W" 4 NA NA NA NA NA NA NA NA NA NA NA NA NA NA NA NA
"42" "" 1999-04-21 23.42 "SAC" "" "GSW" "W" 9 NA NA NA NA NA NA NA NA NA NA NA NA NA NA NA NA
"43" "" 1999-04-23 23.43 "SAC" "" "MIN" "W" 8 NA NA NA NA NA NA NA NA NA NA NA NA NA NA NA NA
"44" "" 1999-04-24 23.43 "SAC" "" "DAL" "W" 3 NA NA NA NA NA NA NA NA NA NA NA NA NA NA NA NA
"45" "15" 1999-04-26 23.44 "SAC" "@" "GSW" "L" -25 0 3.55 0 0 0 29.3 13.5 0 0 15.2 33.3 33.3 0 112 -1.8 -35
"46" "" 1999-04-27 23.44 "SAC" "" "SAS" "W" 4 NA NA NA NA NA NA NA NA NA NA NA NA NA NA NA NA
"47" "16" 1999-04-29 23.45 "SAC" "" "LAC" "W" 22 0 2.91666666666667 0 0 0 61.5 30.2 0 0 0 50 25.4 0 65 -1.5 -31.8
"48" "" 1999-05-02 23.45 "SAC" "" "PHO" "W" 11 NA NA NA NA NA NA NA NA NA NA NA NA NA NA NA NA
"49" "" 1999-05-03 23.46 "SAC" "@" "DEN" "W" 8 NA NA NA NA NA NA NA NA NA NA NA NA NA NA NA NA
"50" "" 1999-05-05 23.46 "SAC" "" "VAN" "W" 4 NA NA NA NA NA NA NA NA NA NA NA NA NA NA NA NA
"1" "1" 2001-10-30 25.95 "SEA" "@" "SAC" "L" -6 0 14.8833333333333 0.583 0.556 7.1 6.2 6.6 0 3.3 4.8 9.6 30.3 104 99 6.8 2
"2" "2" 2001-11-01 25.96 "SEA" "" "SAS" "W" 6 0 9.96666666666667 0.41 0.5 13 25.3 19.2 0 0 8.3 0 23.3 94 119 1.6 -13.9
"3" "3" 2001-11-03 25.96 "SEA" "" "UTA" "L" -17 1 22.0666666666667 0.167 0.167 5.6 6.2 5.9 0 5.1 9.8 14.3 15.4 39 99 1.1 -5
"4" "4" 2001-11-05 25.97 "SEA" "@" "ORL" "W" 4 0 3.46666666666667 NA NA 0 0 0 0 0 0 NA 0 0 124 0 -5.6
"5" "5" 2001-11-06 25.97 "SEA" "@" "MIA" "L" -2 0 16.0166666666667 0.41 0.25 12.3 15.8 13.8 0 0 4.9 45 24.8 54 87 -0.5 -14.6
"6" "6" 2001-11-08 25.98 "SEA" "@" "NJN" "L" -12 0 14.0833333333333 0.387 0.333 0 15.2 6.9 0 0 4.4 34 17 55 113 -1.8 -15.5
"7" "7" 2001-11-09 25.98 "SEA" "@" "BOS" "L" -10 0 14.8833333333333 0 0 8.2 23.4 16 0 3.5 0 17.4 17.7 13 109 -2.9 -19
"8" "8" 2001-11-11 25.98 "SEA" "@" "WAS" "W" 15 1 10.7 0.333 0.333 0 0 0 0 4.7 0 14.3 28.6 58 92 -0.2 -14
"9" "9" 2001-11-13 25.99 "SEA" "" "PHO" "L" -1 1 25.4 0.727 0.667 9.6 22.9 16.4 0 2 7.8 30.4 17.8 103 90 8.4 2.3
"10" "10" 2001-11-16 26 "SEA" "" "GSW" "W" 9 1 10.6666666666667 0.5 0.5 24.2 10.4 16.8 13.5 0 6.6 42.9 30 74 105 0.1 -16.2
"11" "11" 2001-11-17 26 "SEA" "" "DEN" "L" -10 0 6.73333333333333 0 0 0 16.3 8.6 0 0 11.6 50 14.2 0 116 -1.9 -23.1
"12" "12" 2002-01-04 26.13 "SEA" "" "PHI" "L" -10 0 10.8833333333333 0 0 0 10.6 5 13.6 4.9 26.4 0 15.7 17 74 1.2 4
"13" "" 2002-01-06 26.14 "SEA" "@" "MEM" "W" 12 NA NA NA NA NA NA NA NA NA NA NA NA NA NA NA NA
"14" "" 2002-01-07 26.14 "SEA" "@" "CHI" "W" 12 NA NA NA NA NA NA NA NA NA NA NA NA NA NA NA NA
"15" "13" 2002-01-09 26.15 "SEA" "@" "MIN" "L" -5 0 8.1 0 0 0 16.7 8.7 0 0 10.3 0 5.8 0 126 -1.3 -16.3
"16" "" 2002-01-11 26.15 "SEA" "" "CLE" "W" 2 NA NA NA NA NA NA NA NA NA NA NA NA NA NA NA NA
"17" "14" 2002-01-16 26.16 "SEA" "@" "UTA" "L" -15 0 3.85 0.798 1 30 0 15.8 0 0 0 0 22.2 164 124 3 14.9
"18" "" 2002-01-18 26.17 "SEA" "@" "DEN" "L" -6 NA NA NA NA NA NA NA NA NA NA NA NA NA NA NA NA
"19" "15" 2002-01-19 26.17 "SEA" "" "DEN" "W" 27 0 14.9166666666667 0.4 0.4 16.4 28.4 22.9 0 3.6 5.3 37.5 22.8 63 78 0.6 -15.3
"20" "16" 2002-01-21 26.18 "SEA" "@" "PHI" "W" 11 0 16.2666666666667 0.712 0.8 13 26.7 22.1 0 0 8.8 13.7 23.7 119 102 7.4 0.4
"21" "17" 2002-01-23 26.18 "SEA" "@" "CHH" "L" -10 0 9.5 0 0 24.2 0 13 0 0 8.5 0 15.7 50 129 -0.4 -17.5
"22" "18" 2002-01-24 26.19 "SEA" "@" "MIL" "W" 11 0 5.73333333333333 0 0 0 0 0 0 0 0 0 8.3 0 118 -0.7 -14.3
"23" "19" 2002-01-26 26.19 "SEA" "@" "IND" "W" 9 1 14.45 0.571 0.571 7.6 18.5 12.5 14.7 0 8 22.2 31.5 91 99 4.2 -2.9
"24" "20" 2002-01-29 26.2 "SEA" "" "POR" "L" -6 0 6.68333333333333 NA NA 0 0 0 0 0 0 100 6.5 0 109 -2.2 -20.5
"25" "" 2002-01-31 26.21 "SEA" "" "SAC" "L" -4 NA NA NA NA NA NA NA NA NA NA NA NA NA NA NA NA
"26" "21" 2002-02-02 26.21 "SEA" "" "CHI" "L" -6 0 2.48333333333333 1 1 60 0 29.3 0 0 0 50 47.4 87 118 1 -9.6
"27" "22" 2002-02-05 26.22 "SEA" "@" "GSW" "W" 26 1 16.4333333333333 0.5 0.5 16.1 25.1 21.2 0 0 8.3 0 16.5 125 97 5.8 -3.1
"28" "23" 2002-02-06 26.22 "SEA" "" "PHO" "W" 11 1 20.9333333333333 0.429 0.429 5.6 13.7 10 8.4 2.5 5.7 12.5 17.8 85 83 4.4 -2
"29" "24" 2002-02-12 26.24 "SEA" "" "DAL" "L" -6 1 4.15 0 0 28.6 0 14.8 0 0 22.2 0 20.6 38 109 -0.1 -13.9
"30" "25" 2002-02-14 26.24 "SEA" "" "LAL" "L" -5 1 18.1 0.75 0.75 7.2 34 22.2 0 3.1 0 33.3 15.8 89 98 5.5 0.1
"31" "26" 2002-02-16 26.25 "SEA" "" "BOS" "W" 20 1 24.25 0.538 0.571 17.8 23.3 20.5 0 0 18.2 35 21.8 77 83 6.2 -5.5
"32" "27" 2002-02-17 26.25 "SEA" "@" "SAC" "W" 10 1 19.0666666666667 0.667 0.667 24.6 30.1 27.4 6.3 0 8.1 14.3 15.4 138 116 9.2 3.2
"33" "28" 2002-02-19 26.26 "SEA" "@" "PHO" "W" 12 1 17.7166666666667 0.714 0.714 0 10.9 6.7 9.6 0 0 12.5 22.8 112 105 5.8 -3.9
"34" "29" 2002-02-20 26.26 "SEA" "" "POR" "L" -6 1 20.8166666666667 0.34 0.4 0 15.9 7.8 0 0 12 14.5 16.3 55 101 1.7 -7.3
"35" "30" 2002-02-22 26.27 "SEA" "" "ATL" "W" 3 1 22.35 0.654 0.667 19 16 17.6 0 2.5 3.7 22.5 18.8 112 106 7.8 -2.6
"36" "31" 2002-02-24 26.27 "SEA" "@" "TOR" "W" 9 1 30.4666666666667 0.676 0.667 28.2 20.4 23.7 6.6 0 6.6 18.4 26.7 123 105 17 2.8
"37" "32" 2002-02-26 26.28 "SEA" "@" "CLE" "W" 20 1 18.6 0.581 0.5 23 14 18.3 0 5.7 0 30.4 23.6 94 93 5.1 -6.6
"38" "33" 2002-02-27 26.28 "SEA" "@" "ATL" "W" 17 1 18.3833333333333 0.85 0.8 0 19.5 10.3 0 0 8 25.4 20.7 115 87 7.2 2.3
"39" "34" 2002-03-01 26.28 "SEA" "@" "NYK" "L" -2 1 11.7166666666667 0.4 0.4 8.9 22.2 14.8 0 0 7 28.6 27.2 60 94 -0.7 -18.8
"40" "35" 2002-03-03 26.29 "SEA" "@" "MEM" "W" 25 1 18.6166666666667 0.256 0.25 19.4 4.9 11.1 0 0 14.4 9.3 28.5 67 84 1.6 -15.3
"41" "36" 2002-03-05 26.3 "SEA" "" "MIN" "W" 14 1 20.4 0.8 0.8 5.7 26.1 16.4 8.2 0 3.8 16.7 14 132 92 7.1 2.4
"42" "37" 2002-03-07 26.3 "SEA" "" "CHH" "W" 3 1 16.8666666666667 0.515 0.333 13.6 17.3 15.6 0 0 18.3 20.5 14.4 103 89 4.8 0.7
"43" "38" 2002-03-09 26.31 "SEA" "" "NJN" "W" 6 1 23.8166666666667 0.342 0.143 19.4 20.4 20 12.1 0 5.6 31.3 26 71 99 2.7 -10
"44" "" 2002-03-11 26.31 "SEA" "@" "DAL" "L" -11 NA NA NA NA NA NA NA NA NA NA NA NA NA NA NA NA
"45" "39" 2002-03-12 26.32 "SEA" "@" "HOU" "L" -3 1 26.3833333333333 0.635 0.714 14.6 23.1 19.3 10.9 4.2 6.4 0 14.6 141 100 14.6 13.1
"46" "40" 2002-03-15 26.32 "SEA" "" "WAS" "L" -5 1 22.35 0.333 0.333 0 21.3 11.5 0 5.1 3 50 13.2 31 108 -0.8 -11.7
"47" "41" 2002-03-16 26.33 "SEA" "@" "LAC" "W" 8 1 33.8333333333333 0.429 0.429 14.1 5.9 9.6 0 0 12.8 0 10.4 119 110 9.1 -2.2
"48" "42" 2002-03-19 26.33 "SEA" "" "GSW" "W" 17 1 15.3333333333333 0.6 0.6 10 45.7 28.7 0 3.6 10.8 16.7 17.9 107 86 6.1 2.1
"49" "43" 2002-03-22 26.34 "SEA" "" "HOU" "W" 30 1 21.5333333333333 0.6 0.6 7.3 19 14.4 5.5 0 6.7 28.6 15.5 92 92 4.1 -6
"50" "44" 2002-03-23 26.35 "SEA" "@" "DEN" "L" -3 1 12.2666666666667 0.5 0.5 24.5 18.6 21.7 15.4 4.6 5.8 33.3 11.2 101 90 3.9 0.9
"51" "45" 2002-03-25 26.35 "SEA" "" "UTA" "W" 14 1 9.41666666666667 0.667 0.667 14.4 13 13.7 0 0 8.3 57.1 34.8 55 106 -1.6 -25.2
"52" "46" 2002-03-27 26.36 "SEA" "" "MEM" "W" 14 1 27.05 0.17 0.2 4.6 23.2 14.6 4.9 2 8 14.5 11.7 49 81 1.4 -5.6
"53" "47" 2002-03-29 26.36 "SEA" "" "SAS" "W" 3 1 15.2666666666667 0.799 0.833 14.9 32.8 23.4 16 0 11 0 22.3 161 81 11.1 18.6
"54" "48" 2002-03-30 26.36 "SEA" "@" "POR" "W" 5 1 35.2166666666667 0.381 0.286 13.4 15.2 14.4 17 1.6 5.6 20.2 14 98 94 9.2 2.2
"55" "49" 2002-04-02 26.37 "SEA" "@" "HOU" "L" -2 1 16.1833333333333 0.667 0.667 0 16.7 7.3 0 3.5 0 25 11.1 92 113 1.7 -9.9
"56" "50" 2002-04-03 26.38 "SEA" "@" "SAS" "L" -2 1 23.15 0.5 0.5 16.1 22.6 19.2 0 0 3.4 0 25.3 112 103 8 -2
"57" "51" 2002-04-05 26.38 "SEA" "" "NYK" "L" -3 1 35.15 0.368 0.4 19.1 10 14.7 10 3.1 6.9 26.9 19.5 73 91 7.2 -3.5
"58" "52" 2002-04-08 26.39 "SEA" "" "LAC" "W" 2 1 29.45 0.4 0.4 6.4 11.4 9 4 2 5.2 0 8.6 112 118 3.7 -5.1
"59" "53" 2002-04-09 26.39 "SEA" "@" "PHO" "L" -7 1 17.9 1 1 0 0 0 0 0 8.6 0 5.4 200 118 4 -0.3
"60" "54" 2002-04-13 26.4 "SEA" "" "DAL" "L" -17 1 13.0166666666667 0.41 0.25 16.1 19.4 17.6 0 0 5.2 17 20.5 91 126 2.9 -10.8
"61" "55" 2002-04-15 26.41 "SEA" "@" "LAL" "L" -7 1 10.4166666666667 0.595 0.6 10.9 0 5.7 0 0 0 0 24.2 123 125 3.4 -5.9
"62" "56" 2002-04-17 26.41 "SEA" "" "MEM" "W" 15 1 23.4166666666667 0.615 0.625 10.7 12.3 11.4 6.6 0 0 0 19.4 140 111 9.5 0.3
"1" "1" 2002-10-30 26.95 "SEA" "" "PHO" "W" 13 0 6.03333333333333 0 0 0 58.5 29.3 23.5 0 10.7 33.3 25.3 19 66 -0.9 -16.8
"2" "2" 2002-11-01 26.96 "SEA" "@" "GSW" "W" 13 0 8.96666666666667 0.515 0.333 10.5 23.2 16.5 0 0 0 34 28.3 78 98 0 -21.5
"3" "3" 2002-11-03 26.96 "SEA" "" "UTA" "W" 14 1 5.2 0.333 0.333 23.4 0 11.4 0 11.3 14.8 25 36.8 65 65 0.9 -9.3
"4" "4" 2002-11-05 26.97 "SEA" "@" "HOU" "W" 7 0 19.6833333333333 0.793 0.833 13 22.3 18 17.8 0 18.8 0 19.1 169 94 15.9 18.7
"5" "5" 2002-11-06 26.97 "SEA" "@" "NOH" "L" -2 0 4.81666666666667 NA NA 0 0 0 0 0 0 NA 0 0 108 -0.4 -8.9
"6" "" 2002-11-08 26.98 "SEA" "@" "ORL" "L" -7 NA NA NA NA NA NA NA NA NA NA NA NA NA NA NA NA
"7" "" 2002-11-09 26.98 "SEA" "@" "MIA" "W" 2 NA NA NA NA NA NA NA NA NA NA NA NA NA NA NA NA
"8" "" 2002-11-12 26.99 "SEA" "@" "WAS" "W" 6 NA NA NA NA NA NA NA NA NA NA NA NA NA NA NA NA
"9" "" 2002-11-15 26.99 "SEA" "" "SAC" "W" 14 NA NA NA NA NA NA NA NA NA NA NA NA NA NA NA NA
"10" "" 2002-11-17 27 "SEA" "@" "LAC" "W" 6 NA NA NA NA NA NA NA NA NA NA NA NA NA NA NA NA
"11" "" 2002-11-23 27.02 "SEA" "@" "DAL" "L" -10 NA NA NA NA NA NA NA NA NA NA NA NA NA NA NA NA
"12" "" 2002-11-24 27.02 "SEA" "@" "SAS" "W" 1 NA NA NA NA NA NA NA NA NA NA NA NA NA NA NA NA
"13" "" 2002-11-26 27.02 "SEA" "@" "ATL" "L" -3 NA NA NA NA NA NA NA NA NA NA NA NA NA NA NA NA
"14" "" 2002-11-27 27.03 "SEA" "@" "MEM" "L" -18 NA NA NA NA NA NA NA NA NA NA NA NA NA NA NA NA
"15" "" 2002-11-29 27.03 "SEA" "" "HOU" "L" -11 NA NA NA NA NA NA NA NA NA NA NA NA NA NA NA NA
"16" "" 2002-12-01 27.04 "SEA" "" "NJN" "W" 1 NA NA NA NA NA NA NA NA NA NA NA NA NA NA NA NA
"17" "" 2002-12-04 27.05 "SEA" "" "IND" "L" -3 NA NA NA NA NA NA NA NA NA NA NA NA NA NA NA NA
"18" "" 2002-12-07 27.05 "SEA" "" "MIA" "W" 29 NA NA NA NA NA NA NA NA NA NA NA NA NA NA NA NA
"19" "6" 2003-01-07 27.14 "SEA" "@" "LAL" "L" -21 0 11.55 0.17 0 21.1 22.2 21.6 10 0 0 25.4 30.5 52 133 -3.2 -34.3
"20" "7" 2003-01-08 27.14 "SEA" "" "SAS" "L" -11 0 18.4333333333333 0.602 0.75 20 16.2 18.3 9.5 0 9 31.1 24.5 91 115 4.6 -5.7
"21" "8" 2003-01-10 27.15 "SEA" "" "LAC" "L" -2 0 18.2333333333333 0.667 0.667 6.3 41 23 20.8 0 9.4 0 8 146 87 6.4 6.4
"22" "9" 2003-01-12 27.15 "SEA" "" "CLE" "L" -8 1 29.7333333333333 0.379 0.364 3.6 15.6 9.4 0 3.4 9.8 0 18.3 82 85 7.2 0.7
"23" "10" 2003-01-16 27.16 "SEA" "@" "UTA" "L" -7 1 23.4666666666667 0.431 0.5 5.5 17.4 11.3 6.8 2.5 10.6 0 10 105 103 5.2 1.5
"24" "11" 2003-01-17 27.17 "SEA" "" "MEM" "W" 6 1 4.33333333333333 0 0 0 84.6 43.7 0 0 18.9 0 12.5 0 73 0.5 -6.6
"25" "12" 2003-01-19 27.17 "SEA" "" "DAL" "W" 4 1 6.81666666666667 0.174 0 0 30.5 18 0 0 0 25.8 27.6 29 93 -1.6 -23.3
"26" "13" 2003-01-22 27.18 "SEA" "@" "MIN" "L" -5 1 16.95 0.51 0.4 0 15.3 8 0 3.3 4.2 25.4 23.4 76 105 2.8 -6.9
"27" "14" 2003-01-24 27.19 "SEA" "@" "IND" "L" -13 1 19.9333333333333 0.51 0.4 12 37.3 25.4 0 2.7 10.6 14.5 15.9 100 84 7.3 3.4
"28" "15" 2003-01-25 27.19 "SEA" "@" "MEM" "W" 12 1 11.1666666666667 0.436 0.333 9.5 32.7 20.3 17.3 0 8.6 22.5 38.8 81 91 1.6 -15
"29" "16" 2003-01-28 27.2 "SEA" "" "GSW" "W" 3 1 18.5166666666667 0.551 0.5 15.8 15.2 15.5 11.8 0 7.5 21.6 30.8 94 92 7.9 0
"30" "17" 2003-01-30 27.2 "SEA" "" "SAC" "L" -18 1 20.9833333333333 0.307 0.25 9.5 39.8 24.3 0 0 10.7 17 13.2 68 93 3.9 -4
"31" "18" 2003-02-01 27.21 "SEA" "" "CHI" "W" 13 1 21.55 0.508 0.429 21.8 18.7 20.1 21.6 2.6 13.6 0 16.7 136 79 11.5 9.5
"32" "19" 2003-02-03 27.21 "SEA" "@" "NJN" "L" -1 1 6.81666666666667 0.333 0.333 18 22.9 20.2 21.4 0 0 40 36.3 61 123 -0.4 -22.8
"33" "20" 2003-02-05 27.22 "SEA" "@" "BOS" "L" -40 1 17.2833333333333 0.82 1 11.5 20.2 15.5 0 0 16 17 16.9 117 121 8.2 4.1
"34" "21" 2003-02-06 27.22 "SEA" "@" "MIL" "L" -6 1 23.4 0.564 0.5 5.5 16.1 10.8 0 0 8.2 0 23.1 126 120 8.6 -1.7
"35" "22" 2003-02-11 27.24 "SEA" "" "BOS" "L" -6 1 6.63333333333333 0.333 0.333 0 51.4 22.9 31 0 14.6 25 25.4 60 81 1.6 3.4
"36" "23" 2003-02-14 27.24 "SEA" "@" "SAC" "L" -29 1 7.23333333333333 0.25 0.25 40.3 0 25.7 0 0 11.1 20 30.1 66 117 0.6 -18.1
"37" "24" 2003-02-15 27.25 "SEA" "@" "POR" "L" -5 0 12.8 0.595 0.6 21.7 21.1 21.4 0 0 13.9 14.5 26.2 107 110 4.7 -5.6
"38" "" 2003-02-19 27.26 "SEA" "" "NYK" "W" 9 NA NA NA NA NA NA NA NA NA NA NA NA NA NA NA NA
"39" "25" 2003-02-21 27.26 "SEA" "" "MIL" "W" 30 0 21.7833333333333 0.615 0.5 12.5 10.4 11.3 7.1 2.7 3.8 0 11.2 150 67 7.2 4.7
"40" "26" 2003-02-23 27.27 "SEA" "@" "LAL" "L" -5 0 12.3666666666667 0.8 0.8 8.3 39 22.5 22.2 0 11.9 16.7 20.7 130 102 6.7 8.3
"41" "27" 2003-02-24 27.27 "SEA" "" "DET" "W" 7 0 18.1833333333333 0.592 0.6 7.6 13.7 10.8 10.7 0 0 30.7 29.2 86 100 2.3 -8.3
"42" "28" 2003-02-26 27.28 "SEA" "" "ATL" "W" 17 0 19.7333333333333 0.451 0.4 0 14.5 6.9 21.4 2.8 8.9 7.6 32.5 95 85 6.6 -1.7
"43" "29" 2003-02-28 27.28 "SEA" "" "LAL" "W" 17 0 19.8 0.34 0.2 11.7 19.6 16 0 0 0 40.5 22.1 55 101 -2.5 -20.3
"44" "30" 2003-03-01 27.28 "SEA" "@" "LAC" "W" 8 0 13.95 0.85 1 0 38.1 20.2 0 0 5.4 14.5 24.3 119 111 6.6 1.4
"45" "31" 2003-03-04 27.29 "SEA" "" "MIN" "W" 9 0 13.3 0.75 0.75 0 10.5 5.4 0 0 5.9 20 19.7 105 101 2.4 -5.5
"46" "32" 2003-03-05 27.3 "SEA" "@" "UTA" "L" -11 0 19.8166666666667 0.425 0.4 0 36.9 17.1 0 0 7 33.8 21.7 56 103 0.9 -8.8
"47" "33" 2003-03-07 27.3 "SEA" "" "PHI" "L" -9 0 24.2 0.621 0.667 13.3 22.2 18.2 0 0 11.8 34.7 18 89 116 5.7 -4.9
"48" "34" 2003-03-11 27.31 "SEA" "" "POR" "L" -15 0 7.05 0 0 0 0 0 0 8.6 0 66.7 44.8 0 106 -4.8 -48.5
"49" "" 2003-03-13 27.32 "SEA" "" "DAL" "W" 7 NA NA NA NA NA NA NA NA NA NA NA NA NA NA NA NA
"50" "35" 2003-03-15 27.32 "SEA" "" "GSW" "L" -6 0 23.5166666666667 0.644 0.667 16.7 32.4 23.5 20 0 9.7 11.4 16.6 133 100 12.8 9.5
"51" "" 2003-03-16 27.33 "SEA" "@" "DEN" "W" 8 NA NA NA NA NA NA NA NA NA NA NA NA NA NA NA NA
"52" "36" 2003-03-18 27.33 "SEA" "" "HOU" "W" 6 0 25.5833333333333 0.63 0.667 5.3 25.6 15.6 13.2 2 0 16.2 22.6 106 102 8.9 0
"53" "37" 2003-03-19 27.33 "SEA" "@" "GSW" "L" -6 0 3.2 NA NA 0 38.1 18.4 0 0 0 100 15.6 0 110 -1.9 -38.5
"54" "38" 2003-03-21 27.34 "SEA" "" "DEN" "W" 2 0 24.5666666666667 0.581 0.5 10.6 25.7 17.4 6.9 0 6.1 30.4 21.1 93 106 4.3 -7.4
"55" "39" 2003-03-24 27.35 "SEA" "@" "PHO" "W" 9 0 19.65 0.512 0.5 10.7 23.4 16.7 0 0 8.4 29.1 16.7 82 83 3.4 -3.2
"56" "40" 2003-03-26 27.35 "SEA" "" "WAS" "L" -6 0 11.25 0 0 31.2 21.8 26.6 0 0 0 40 23 28 102 -1.8 -23.9
"57" "41" 2003-03-28 27.36 "SEA" "" "MEM" "W" 24 0 21.0666666666667 0.507 0.5 20.8 9.9 15.8 0 0 14.7 18.4 21.5 99 73 8.3 1.5
"58" "42" 2003-03-30 27.36 "SEA" "" "LAL" "W" 21 0 11.65 0.25 0.25 24.2 10.5 16.9 0 0 13.8 33.3 24 61 108 -0.5 -20.7
"59" "43" 2003-04-01 27.37 "SEA" "@" "CHI" "W" 7 0 15.25 0.635 0.571 26.2 20 23.1 0 3.6 19.1 33.7 36.8 90 73 9 4.6
"60" "44" 2003-04-02 27.37 "SEA" "@" "MIN" "L" -5 0 11.8333333333333 0.425 0.4 22.2 32.4 27.4 0 0 0 33.8 36 65 110 0 -21.4
"61" "45" 2003-04-04 27.38 "SEA" "" "LAC" "W" 8 0 9.48333333333333 0.532 0 28.1 0 13 0 0 17.5 51.5 20.6 82 111 2.1 -6.6
"62" "46" 2003-04-06 27.38 "SEA" "" "UTA" "W" 2 0 19.4333333333333 0.444 0.444 44.9 15.3 32.4 0 0 11.5 25 29.7 89 93 7.4 -3.6
"63" "47" 2003-04-08 27.39 "SEA" "@" "SAC" "L" -22 0 8.65 0 0 0 29.6 12.9 0 0 0 0 19.4 0 117 -3.4 -27.8
"64" "48" 2003-04-09 27.39 "SEA" "" "MIN" "W" 8 0 17.85 0.75 0.75 0 14 7.1 0 0 7 33.3 15.6 86 105 3.6 -2.6
"65" "49" 2003-04-11 27.4 "SEA" "@" "SAS" "L" -8 0 3.2 NA NA 0 0 0 0 0 0 NA 0 0 121 -0.4 -11.2
"66" "50" 2003-04-12 27.4 "SEA" "@" "HOU" "L" -15 0 15.7666666666667 0.82 1 0 8.6 4.1 26.1 0 4.7 0 7.4 166 111 4.2 5.7
"67" "" 2003-04-14 27.41 "SEA" "@" "DAL" "L" -3 NA NA NA NA NA NA NA NA NA NA NA NA NA NA NA NA
"68" "51" 2003-04-16 27.41 "SEA" "" "PHO" "W" 14 0 12.5666666666667 0.581 0.667 15.7 9.2 12.7 0 0 11.7 0 25.4 117 76 5.7 2.7
"1" "" 2003-10-30 27.95 "SEA" "" "LAC" "W" 9 NA NA NA NA NA NA NA NA NA NA NA NA NA NA NA NA
"2" "1" 2003-10-31 27.95 "SEA" "@" "LAC" "W" 19 0 9.58333333333333 0 0 0 10.2 5.6 0 0 0 0 4.3 0 114 -1.6 -15.4
"3" "2" 2003-11-07 27.97 "SEA" "" "POR" "W" 18 0 11.1666666666667 0 0 0 21.8 10.5 0 5 12.5 25 16.6 0 78 -0.9 -12.6
"4" "" 2003-11-09 27.98 "SEA" "" "ATL" "L" -10 NA NA NA NA NA NA NA NA NA NA NA NA NA NA NA NA
"5" "3" 2003-11-11 27.98 "SEA" "@" "MIN" "W" 2 0 26.7333333333333 0.888 0.857 5.3 13.8 9.8 8.4 0 8.7 27.6 20.2 120 98 11.3 6.9
"6" "4" 2003-11-12 27.99 "SEA" "@" "MIL" "W" 5 0 5.13333333333333 0.5 0.5 0 18.1 10.2 0 0 0 50 38.2 42 111 -1.1 -28.8
"7" "5" 2003-11-14 27.99 "SEA" "@" "IND" "L" -23 0 9.7 0.5 0.5 10.9 0 5.4 43.2 0 0 33.3 14.8 97 127 1.3 -2.7
"8" "6" 2003-11-15 27.99 "SEA" "@" "CHI" "W" 8 0 15.7333333333333 0.643 0.6 0 8.3 4.1 0 3.3 4.9 15.5 19.1 102 95 4.9 -0.6
"9" "7" 2003-11-18 28 "SEA" "" "MIA" "L" -7 0 19.75 0.4 0.4 0 6.7 3.1 0 0 7.7 28.6 15.7 57 113 -1 -12.2
"10" "8" 2003-11-21 28.01 "SEA" "" "MEM" "L" -1 0 8.56666666666667 0.266 0 0 0 0 16.2 0 0 34.7 16.5 54 117 -0.8 -12.5
"11" "" 2003-11-23 28.02 "SEA" "" "WAS" "W" 3 NA NA NA NA NA NA NA NA NA NA NA NA NA NA NA NA
"12" "" 2003-11-25 28.02 "SEA" "" "NJN" "L" -23 NA NA NA NA NA NA NA NA NA NA NA NA NA NA NA NA
"13" "9" 2003-11-28 28.03 "SEA" "@" "UTA" "L" -17 0 11.9666666666667 0.577 0.667 9.5 12.5 10.8 0 0 6.9 27.8 28.4 84 112 2 -9.8
"14" "10" 2003-11-29 28.03 "SEA" "" "HOU" "W" 7 1 14.45 0.633 0.6 7.6 30.5 19 15 0 5.6 0 20.4 138 96 6.2 3.4
"15" "11" 2003-12-03 28.04 "SEA" "" "NYK" "W" 8 1 12.4333333333333 0.515 0.333 9.5 11.4 10.4 0 0 15.7 0 30.1 122 95 5.8 -0.3
"16" "12" 2003-12-05 28.05 "SEA" "" "IND" "L" -7 1 9.41666666666667 1.017 1 12.7 28.1 20 0 6 8.2 53.8 38.5 73 97 3.9 -3.6
"17" "13" 2003-12-07 28.05 "SEA" "@" "TOR" "L" -10 1 16.4166666666667 0.595 0.6 23.7 36 30.7 0 0 4.5 25.4 23.1 101 106 5.3 -4.4
"18" "" 2003-12-09 28.06 "SEA" "@" "NJN" "L" -13 NA NA NA NA NA NA NA NA NA NA NA NA NA NA NA NA
"19" "14" 2003-12-10 28.06 "SEA" "@" "BOS" "L" -14 1 6.4 0 0 32.7 68.6 47.6 0 0 0 0 13.4 63 120 0.5 -17.7
"20" "15" 2003-12-12 28.07 "SEA" "@" "DET" "W" 21 1 12.7166666666667 NA NA 0 18.6 11.3 11.4 0 5.9 100 8.8 27 91 -1.6 -10.8
"21" "16" 2003-12-14 28.07 "SEA" "" "MIL" "W" 6 1 17.4166666666667 0.625 0.625 7.4 29 19.5 0 0 11.8 11.1 23.7 107 100 8.1 -2.2
"22" "17" 2003-12-16 28.08 "SEA" "@" "PHO" "L" -1 1 18.65 0.6 0.6 6.6 9.6 8.4 0 0 6.9 44.4 21.3 64 92 2 -5.5
"23" "18" 2003-12-17 28.08 "SEA" "" "DEN" "L" -1 1 20.55 0.509 0.5 17.6 5.4 11.3 7.3 2.5 6.4 22.5 18.6 97 106 7.1 1.9
"24" "19" 2003-12-19 28.09 "SEA" "" "SAS" "L" -14 1 23.2333333333333 0.5 0.5 0 21.4 9.5 0 2.4 0 33.3 6.3 63 101 1 -7.5
"25" "20" 2003-12-20 28.09 "SEA" "@" "DEN" "W" 9 1 2.23333333333333 0 0 0 0 0 0 0 0 0 21.5 0 119 -1.5 -42.7
"26" "21" 2003-12-23 28.1 "SEA" "" "PHO" "W" 26 1 20.8 0.652 0.625 13.9 21.8 18.3 13.2 2.4 13.6 19.2 23.1 118 85 12.8 8.1
"27" "22" 2003-12-27 28.11 "SEA" "" "MIN" "L" -18 1 22.45 0.478 0.5 8.9 0 5.2 8.4 0 2.9 12 15.9 95 119 3.8 -4
"28" "23" 2003-12-29 28.12 "SEA" "@" "HOU" "W" 1 1 12.75 0.396 0.4 7.7 27 16.6 17.9 0 6.5 24 28.7 72 95 0.5 -11.5
"29" "24" 2003-12-30 28.12 "SEA" "@" "MEM" "W" 6 1 16.2 0.25 0.25 22.5 19.6 20.9 25 0 0 20 13.8 99 109 2.9 -4.3
"30" "25" 2004-01-02 28.13 "SEA" "" "LAL" "W" 2 1 2.23333333333333 NA NA 0 0 0 0 0 0 NA 0 0 118 -0.8 -20.8
"31" "26" 2004-01-04 28.13 "SEA" "@" "SAC" "L" -31 1 8.28333333333333 NA NA 0 52.9 23.4 15.4 0 0 NA 0 213 128 1.6 -0.1
"32" "27" 2004-01-05 28.13 "SEA" "" "POR" "W" 11 1 27.1666666666667 0.583 0.556 15.3 4.2 9.2 0 2 2.5 9.6 19.1 118 118 7.8 -7.1
"33" "28" 2004-01-07 28.14 "SEA" "" "SAC" "W" 11 0 10.4666666666667 0.387 0.333 17.8 0 8.9 0 4.6 0 20.5 19.7 84 101 1.5 -9.8
"34" "29" 2004-01-09 28.15 "SEA" "" "MEM" "W" 6 0 20.05 0.83 1 26.1 19.4 22.3 0 2.8 7.7 0 23 163 121 16.1 10
"35" "30" 2004-01-10 28.15 "SEA" "@" "GSW" "L" -3 0 13.4 0.699 0.667 0 7.6 3.7 0 0 6 0 21.6 136 115 5.8 2.5
"36" "31" 2004-01-13 28.16 "SEA" "" "CLE" "L" -8 0 25.2666666666667 0.405 0.333 8 4.2 6.1 6.6 0 4.6 16.8 20.3 86 119 3.5 -9.3
"37" "32" 2004-01-16 28.16 "SEA" "@" "NYK" "L" -20 1 5.5 0 0 32 0 18.2 0 0 0 50 29.7 28 122 -2 -35.9
"38" "33" 2004-01-17 28.17 "SEA" "@" "WAS" "L" -15 1 7.66666666666667 1 1 14.6 41.6 25.7 0 0 9.8 66.7 18.7 56 97 0.5 -13.8
"39" "34" 2004-01-19 28.17 "SEA" "@" "PHI" "W" 9 1 21.8166666666667 0.714 0.714 9.9 29.8 19.8 9.9 2.5 3.4 12.5 16.9 127 84 10.1 7.1
"40" "35" 2004-01-20 28.18 "SEA" "@" "CLE" "L" -5 1 26.4333333333333 0.364 0.364 13 18.1 15.8 5.9 0 0 15.4 22.2 78 114 2.2 -13.7
"41" "36" 2004-01-22 28.18 "SEA" "" "GSW" "W" 16 1 23.3333333333333 0.82 0.75 10.2 36.3 24 12.7 2.1 13.7 29.1 12.9 126 75 12.2 10.9
"42" "37" 2004-01-24 28.19 "SEA" "" "LAC" "W" 5 1 14.65 0.667 0.667 0 14.2 7.8 9.5 0 0 25 13.1 104 115 1.4 -6
"43" "" 2004-01-27 28.19 "SEA" "" "DAL" "L" -2 NA NA NA NA NA NA NA NA NA NA NA NA NA NA NA NA
"44" "38" 2004-01-28 28.2 "SEA" "@" "LAL" "L" -14 0 6.36666666666667 NA NA 0 0 0 0 0 0 100 8.3 0 119 -1.4 -17
"45" "39" 2004-01-31 28.21 "SEA" "" "SAC" "L" -7 0 8.33333333333333 0 0 30.8 31.6 31.2 17.6 0 0 33.3 17.1 57 118 -0.5 -15.9
"46" "40" 2004-02-02 28.21 "SEA" "" "CHI" "W" 12 0 2.4 0 0 0 0 0 0 0 0 0 46.4 0 121 -1.4 -49.7
"47" "" 2004-02-03 28.21 "SEA" "@" "SAC" "L" -16 NA NA NA NA NA NA NA NA NA NA NA NA NA NA NA NA
"48" "41" 2004-02-05 28.22 "SEA" "" "SAS" "L" -6 0 15.8833333333333 0.315 0 6.8 40.9 23.9 0 0 8.7 29.6 19.9 56 95 0.8 -9.4
"49" "42" 2004-02-06 28.22 "SEA" "@" "PHO" "W" 2 0 21.2666666666667 0.75 0.75 11.5 8.6 9.8 16.8 0 9.1 11.1 19.8 141 114 12.1 7.2
"50" "43" 2004-02-08 28.23 "SEA" "@" "POR" "L" -10 0 19.35 0.678 0.75 10.8 6.3 8.7 10.8 0 4.1 13.1 19.1 125 108 6.7 2.1
"51" "44" 2004-02-10 28.23 "SEA" "" "GSW" "L" -9 0 11.65 0.266 0 0 20 10.7 0 0 0 34.7 11.5 38 123 -1.3 -15.7
"52" "45" 2004-02-12 28.24 "SEA" "" "TOR" "W" 20 0 23.7333333333333 0.512 0.5 12.8 31.3 21.1 0 5.1 0 29.1 13.9 87 80 5.7 -3.5
"53" "46" 2004-02-19 28.26 "SEA" "" "PHI" "L" -11 0 22.3666666666667 0.678 0.5 9.9 15.7 12.7 0 0 0 23.1 16.1 115 121 4.9 -7.4
"54" "47" 2004-02-21 28.26 "SEA" "@" "GSW" "L" -2 0 20.3333333333333 0.556 0.556 0 20 10.8 0 0 4 10 24.4 99 108 5.8 -2.4
"55" "48" 2004-02-22 28.27 "SEA" "" "BOS" "W" 21 0 24.15 0.574 0.5 14 12 13.2 5.9 0 3.3 8.1 22.2 126 106 9.1 -5
"56" "49" 2004-02-24 28.27 "SEA" "@" "UTA" "L" -13 0 14.9 0 0 0 0 0 15.6 0 0 40 17.8 10 129 -5 -22.9
"57" "50" 2004-02-25 28.27 "SEA" "" "UTA" "L" -1 0 16.5833333333333 0.532 0.5 8.3 15.1 11.8 0 0 9 21 15 94 101 1.9 -5.5
"58" "51" 2004-02-27 28.28 "SEA" "" "PHO" "L" -5 0 21.0333333333333 0.476 1 4.9 43.5 23.1 0 2.4 3.2 41.7 14.2 44 97 2.4 -6.6
"59" "52" 2004-02-29 28.28 "SEA" "@" "HOU" "W" 17 0 18.7333333333333 0.4 0.4 6.6 17.2 12.3 8.7 0 0 28.6 19 69 97 -0.4 -12.7
"60" "53" 2004-03-02 28.29 "SEA" "@" "DAL" "L" -11 0 17.6333333333333 0.58 0.5 5.6 18.4 11.8 0 0 0 11.4 23 108 117 6.2 -1.6
"61" "54" 2004-03-03 28.29 "SEA" "@" "SAS" "L" -4 0 18.95 0.2 0.2 0 13 7.5 0 2.8 8.4 16.7 15.8 34 94 -1.1 -11
"62" "55" 2004-03-05 28.3 "SEA" "@" "LAL" "L" -8 0 11.9166666666667 0 0 9.8 19 14.5 0 4.5 7.8 0 8 36 98 -0.4 -13.1
"63" "56" 2004-03-07 28.3 "SEA" "" "DET" "L" -21 0 13.15 0.532 0.25 11.5 0 5.5 0 0 7.5 11.7 37 109 122 4 -4.9
"64" "57" 2004-03-09 28.31 "SEA" "" "MIN" "L" -13 0 13.9333333333333 0.68 0.6 19.4 8.8 13.8 0 0 0 14.5 26.1 125 126 6 -1.2
"65" "58" 2004-03-12 28.32 "SEA" "@" "MIA" "L" -8 0 24.0666666666667 0.666 0.6 8.9 35 21.2 0 0 4 22.8 16.8 110 92 7.7 2
"66" "59" 2004-03-13 28.32 "SEA" "@" "ORL" "W" 14 0 16.05 0.333 0.333 8.8 26.5 17.6 7 3.6 5.1 40 15.4 66 113 1.1 -11.6
"67" "60" 2004-03-16 28.33 "SEA" "@" "ATL" "W" 8 0 11.3333333333333 0 0 11.8 0 5.3 11.8 0 8.9 50 8.1 61 117 -0.8 -10.9
"68" "61" 2004-03-18 28.33 "SEA" "@" "MEM" "W" 3 0 20.8 0.5 0.5 14.7 30.5 24.1 7 2.6 3.7 0 4.8 147 95 5.8 6.4
"69" "62" 2004-03-19 28.34 "SEA" "@" "NOH" "W" 11 0 16.9833333333333 0.347 0 0 13.1 7.2 0 0 0 0 8.3 98 101 0.4 -7.6
"70" "63" 2004-03-21 28.34 "SEA" "" "ORL" "W" 17 0 9.81666666666667 0.5 0.5 0 10.9 6.2 20.5 0 0 20 25.2 83 89 1.2 -8.3
"71" "64" 2004-03-24 28.35 "SEA" "" "UTA" "W" 7 0 9.16666666666667 0.532 0 55.2 0 21.3 0 7 7.7 51.5 22.9 86 95 2.7 -3.2
"72" "65" 2004-03-26 28.36 "SEA" "" "DEN" "W" 16 0 10.6166666666667 0.81 0.667 19 19.8 19.4 0 4.9 0 0 16.7 186 87 8.3 15.9
"73" "" 2004-03-27 28.36 "SEA" "@" "POR" "L" -7 NA NA NA NA NA NA NA NA NA NA NA NA NA NA NA NA
"1" "1" 2004-11-03 28.96 "SEA" "@" "LAC" "L" -30 1 24.1166666666667 0.429 0.429 8.7 13.8 10.7 0 0 3.3 0 13.9 105 136 2.6 -9.6
"2" "2" 2004-11-05 28.97 "SEA" "" "ATL" "W" 21 1 17.55 0.387 0.333 28.2 8.8 18.2 8.3 0 17.6 20.5 13.4 104 99 5 1.5
"3" "3" 2004-11-07 28.98 "SEA" "" "SAS" "W" 19 1 24.3333333333333 0.431 0 0 15.6 8.5 0 0 12.4 30.1 12.3 70 107 1.1 -5.2
"4" "4" 2004-11-09 28.98 "SEA" "@" "DEN" "W" 20 1 12.8666666666667 1 1 0 0 0 0 0 5.7 50 6.7 78 100 0.2 -5.1
"5" "5" 2004-11-10 28.98 "SEA" "" "SAC" "W" 30 1 12.1166666666667 0.41 0.25 0 0 0 0 0 0 29.1 24 68 95 -2.4 -19.3
"6" "6" 2004-11-12 28.99 "SEA" "" "TOR" "W" 1 1 11.7666666666667 1 1 10.8 18.2 14.8 0 0 0 75 14.8 41 102 -1.6 -17.5
"7" "7" 2004-11-14 28.99 "SEA" "" "MEM" "W" 5 1 15.9833333333333 0.478 0.5 0 0 0 0 0 10.8 12 27.4 85 123 2 -12.2
"8" "8" 2004-11-16 29 "SEA" "@" "PHI" "W" 8 1 10.7666666666667 0 0 23 0 11.3 0 0 0 0 4.1 102 110 -0.1 -8.6
"9" "9" 2004-11-17 29 "SEA" "@" "NJN" "W" 11 1 21.5666666666667 0.333 0.333 17.7 13.2 15.6 0 0 0 25 9.7 85 87 0.4 -7.9
"10" "10" 2004-11-19 29.01 "SEA" "@" "TOR" "W" 7 1 14.1333333333333 0 0 19 24.5 22 10.1 3.8 0 50 6.5 72 96 0.7 -5.8
"11" "11" 2004-11-21 29.01 "SEA" "@" "BOS" "L" -19 1 8.66666666666667 0.5 0.5 0 19 7.4 0 0 0 0 10.4 98 118 0.9 -5.4
"12" "12" 2004-11-23 29.02 "SEA" "@" "MIN" "W" 11 1 12.8 0.347 0 19.4 8.8 13.8 0 0 13.9 0 11.1 121 112 2.5 -4.7
"13" "13" 2004-11-24 29.02 "SEA" "@" "MEM" "W" 9 1 19.3 0.75 0.75 13 11.5 12.2 21.6 0 4.1 20 12.6 135 104 5.1 4.7
"14" "14" 2004-11-26 29.02 "SEA" "" "NJN" "W" 13 1 11.65 1 1 21.3 10.4 15.8 25.8 0 0 0 12.6 204 98 6.3 13.2
"15" "15" 2004-11-28 29.03 "SEA" "" "IND" "W" 8 1 12.8 0.5 0.5 0 0 0 0 5 0 33.3 12.7 63 114 -0.2 -9.7
"16" "16" 2004-11-30 29.04 "SEA" "@" "POR" "L" -6 1 23.9333333333333 0.581 0.5 0 22.2 9.7 6.9 0 13.8 0 13.8 134 109 7.4 3.4
"17" "17" 2004-12-01 29.04 "SEA" "" "UTA" "W" 10 1 12 NA NA 0 0 0 10.5 0 0 100 4.1 50 133 -1.5 -9.2
"18" "18" 2004-12-04 29.05 "SEA" "" "POR" "W" 10 1 14.9833333333333 0.667 0.667 8.4 17.8 13 0 0 0 25 13.3 102 107 1.8 -8.9
"19" "19" 2004-12-08 29.06 "SEA" "@" "SAS" "W" 6 1 19.7333333333333 0 0 0 17.6 10.1 0 2.8 11.8 33.3 7.7 0 97 -0.4 -2.5
"20" "20" 2004-12-09 29.06 "SEA" "@" "DAL" "W" 5 1 16.4166666666667 1.054 1 12.8 22.3 17.2 0 3 4.7 0 8.4 222 104 8.8 10.2
"21" "21" 2004-12-11 29.07 "SEA" "" "BOS" "L" -14 1 13.7666666666667 0.5 0.5 0 30.3 12.2 0 0 6 20 15.1 79 102 1.8 -2.9
"22" "22" 2004-12-14 29.07 "SEA" "" "LAL" "W" 15 1 20.4166666666667 0.75 0.75 6.2 5.3 5.7 0 0 8.7 0 19.2 150 109 9.2 3.2
"23" "23" 2004-12-17 29.08 "SEA" "" "PHO" "L" -2 1 12.0333333333333 1 1 0 19.5 9.6 0 0 6.8 0 10.9 200 117 5.2 6.6
"24" "24" 2004-12-22 29.1 "SEA" "" "DEN" "W" 15 1 17.2333333333333 0.667 0.667 0 0 0 0 6.4 0 25 10.4 99 90 2.1 -0.8
"25" "25" 2004-12-27 29.11 "SEA" "@" "UTA" "W" 10 1 17.4833333333333 0.521 0.5 7 7.6 7.3 0 0 4.4 41 13.2 70 105 0.5 -9.7
"26" "26" 2004-12-28 29.11 "SEA" "" "PHI" "L" -7 1 15.4666666666667 1.064 1 0 8.6 3.9 0 0 10 34.7 7.6 131 111 2.8 -2
"27" "27" 2004-12-30 29.12 "SEA" "@" "ATL" "W" 15 1 12.6 0.6 0.6 0 15.7 8.9 0 0 11.9 50 37.4 51 89 -0.9 -19.8
"28" "28" 2004-12-31 29.12 "SEA" "@" "CHA" "W" 6 1 8.3 0 0 0 0 0 0 0 7.9 66.7 17.2 0 120 -3.2 -25.8
"29" "29" 2005-01-03 29.13 "SEA" "@" "MIA" "W" 2 1 7.76666666666667 0 0 0 0 0 0 6.3 9.5 0 20.1 0 98 -3.1 -25.4
"30" "30" 2005-01-05 29.13 "SEA" "@" "ORL" "L" -18 1 20.4166666666667 0.452 0 4.9 6.2 5.5 0 0 6.7 0 15.4 116 124 4.8 -3.8
"31" "31" 2005-01-06 29.14 "SEA" "@" "WAS" "L" -11 1 9.81666666666667 0.694 0.5 10.9 20.4 15.8 0 0 22.5 41 21.1 89 99 2.4 -2.9
"32" "32" 2005-01-09 29.15 "SEA" "" "MIA" "W" 10 1 8.06666666666667 NA NA 0 29.3 15.8 0 0 0 100 17.3 0 106 -4 -28.6
"33" "33" 2005-01-11 29.15 "SEA" "" "LAC" "W" 5 1 19.25 0.667 0.667 5.9 17.2 11.6 0 0 18.9 25 10.1 101 101 4.8 0.6
"34" "34" 2005-01-12 29.15 "SEA" "@" "LAC" "L" -11 1 12.4833333333333 0.5 0.5 9.5 36 23.1 0 0 0 33.3 10.5 78 114 -0.1 -11.7
"35" "35" 2005-01-14 29.16 "SEA" "" "GSW" "W" 19 1 6.31666666666667 0.333 0.333 0 19 10.1 0 0 12.1 25 32.1 56 95 0.3 -13.1
"36" "36" 2005-01-16 29.16 "SEA" "" "CLE" "W" 8 1 16.6166666666667 1 1 20 0 7.4 14.3 0 8.1 0 11.2 206 114 9.1 14.4
"37" "37" 2005-01-18 29.17 "SEA" "" "DEN" "L" -6 1 12.2166666666667 1.064 1 9.2 27 18.2 0 0 5.5 0 7 225 112 6 10.7
"38" "38" 2005-01-21 29.18 "SEA" "" "MIN" "L" -5 1 19.4833333333333 0.661 0.714 6.2 40 20.9 0 0 4.2 0 20.2 141 131 7.8 -1.8
"39" "39" 2005-01-23 29.18 "SEA" "" "UTA" "W" 17 1 8.5 NA NA 21.3 0 8.7 14 0 0 100 5.4 100 125 -0.8 -6.1
"40" "40" 2005-01-25 29.19 "SEA" "@" "LAL" "W" 11 1 6 0 0 17 21.6 19 0 0 0 33.3 22.1 20 112 -2.6 -37.5
"41" "41" 2005-01-26 29.19 "SEA" "@" "UTA" "L" -9 1 14.7166666666667 NA NA 9.8 9.8 9.8 0 0 10.9 100 3.2 46 124 0.6 -3.9
"42" "42" 2005-01-28 29.2 "SEA" "@" "GSW" "W" 3 1 15.85 0.773 0.667 17.3 6.3 10.9 0 0 8.9 20.5 15.5 136 100 6.4 6.8
"43" "43" 2005-01-31 29.21 "SEA" "" "SAS" "L" -19 1 30.0333333333333 0.551 0.5 12.3 12.3 12.3 0 0 10.2 15.5 20.8 102 120 10 0.4
"44" "44" 2005-02-01 29.21 "SEA" "@" "SAC" "W" 5 1 11.9666666666667 0 0 0 8.2 4.7 0 0 6.3 0 8.1 0 114 -1.6 -13
"45" "45" 2005-02-05 29.22 "SEA" "" "CHA" "W" 14 1 10.2166666666667 0 0 0 11.7 6.2 0 5.3 7 25 19 0 98 -2.7 -23.9
"46" "46" 2005-02-08 29.23 "SEA" "" "NOH" "W" 17 1 15.6333333333333 0.8 0.8 32.1 7.3 17.4 0 0 5 0 15.8 177 111 7.6 3.2
"47" "47" 2005-02-10 29.23 "SEA" "" "SAC" "W" 8 1 15.5 0.5 0.5 0 23.7 11.4 0 0 0 0 11.2 106 120 2.9 -3.3
"48" "48" 2005-02-11 29.24 "SEA" "@" "PHO" "W" 8 1 20.7333333333333 0.857 0.857 5 36.1 19 0 0 7.9 12.5 16.5 148 106 10.8 8.3
"49" "49" 2005-02-13 29.24 "SEA" "" "DAL" "L" -3 1 20.5833333333333 0.4 0.4 18.5 13 16.2 0 0 7.3 0 22.6 101 106 7 0.2
"50" "50" 2005-02-16 29.25 "SEA" "" "GSW" "L" -7 1 14.5666666666667 0.714 0.714 8.6 16.7 12.7 0 0 5.2 12.5 26.2 123 126 7.3 0.3
"51" "51" 2005-02-22 29.27 "SEA" "@" "HOU" "W" 2 1 17.85 0 0 0 31 15.3 0 3 4.6 16.7 14.4 0 87 -2.5 -12.5
"52" "52" 2005-02-23 29.27 "SEA" "@" "NOH" "W" 18 1 13.45 0 0 21.1 10 15.4 11.9 0 0 50 15.4 48 111 -1.4 -17.3
"53" "53" 2005-02-25 29.27 "SEA" "" "MIN" "W" 10 1 12.0833333333333 0.571 0.571 8.3 36.4 19.8 0 0 0 0 27.1 119 101 4.7 -0.6
"54" "54" 2005-02-27 29.28 "SEA" "@" "MIL" "L" -26 1 10.25 0 0 8.6 12.6 10.2 0 0 0 33.3 13.2 13 116 -2.6 -22.4
"55" "55" 2005-03-01 29.28 "SEA" "@" "IND" "W" 8 1 23.3166666666667 0.697 0.625 13.8 23.3 19.4 0 0 8.2 0 20.2 156 107 11.3 6.4
"56" "56" 2005-03-02 29.29 "SEA" "@" "CLE" "W" 17 1 17.2833333333333 0.41 0.5 0 14.5 8.2 0 3.4 0 0 14.5 87 98 1.2 -7
"57" "57" 2005-03-04 29.29 "SEA" "" "DET" "W" 8 1 25.1166666666667 0.8 0.8 0 29.9 16.4 0 2.2 8 9.1 20.9 140 88 14.4 14.3
"58" "58" 2005-03-06 29.3 "SEA" "" "PHO" "L" -11 1 26.8666666666667 0.667 0.667 0 12.4 6.2 6.5 0 5.2 0 14.3 145 118 9.1 5.2
"59" "59" 2005-03-08 29.3 "SEA" "" "HOU" "L" -2 1 26.6833333333333 0.255 0.2 0 20.3 10.2 0 2 5.6 0 10.8 55 103 1.1 -5.3
"60" "60" 2005-03-11 29.31 "SEA" "" "CHI" "L" -3 1 24.1166666666667 0.25 0.25 9.1 19.2 14 12 0 11.5 42.9 12.1 56 105 2.2 -2.9
"61" "61" 2005-03-13 29.32 "SEA" "@" "NYK" "W" 10 1 14.2333333333333 1.064 1 9.5 15.2 12.7 0 0 18.4 61.5 16.8 81 90 3.3 1.9
"62" "62" 2005-03-15 29.32 "SEA" "@" "CHI" "W" 6 1 22.0333333333333 0.643 0.6 0 3.9 2.2 15.6 0 10.6 35.5 16.9 87 108 3.5 0.4
"63" "63" 2005-03-16 29.33 "SEA" "@" "DET" "L" -7 1 28.9666666666667 0.545 0.545 4.7 11.5 8.5 0 0 5.2 0 18.8 108 116 9.3 0.3
"64" "" 2005-03-18 29.33 "SEA" "" "ORL" "W" 8 NA NA NA NA NA NA NA NA NA NA NA NA NA NA NA NA
"65" "" 2005-03-20 29.34 "SEA" "@" "LAL" "W" 2 NA NA NA NA NA NA NA NA NA NA NA NA NA NA NA NA
"66" "64" 2005-03-22 29.34 "SEA" "" "MIL" "W" 8 1 17.95 0.333 0.333 0 20.5 9.8 0 3.2 8.3 14.3 18.8 58 93 0.9 -10.9
"67" "65" 2005-03-24 29.35 "SEA" "@" "POR" "W" 5 1 24.9 0.521 0.538 16.4 15.4 16 8 0 9.7 13 25.8 111 102 10.2 1.2
"68" "66" 2005-03-25 29.35 "SEA" "" "NYK" "W" 8 1 14.2666666666667 0.333 0.333 9 16.5 12.9 0 4 0 25 13.5 67 101 0 -10.3
"69" "67" 2005-03-27 29.36 "SEA" "" "WAS" "L" -1 1 16.8166666666667 0.333 0.333 7.6 13.4 10.7 0 0 4.5 50 16.1 41 107 -2.3 -16.5
"70" "68" 2005-03-29 29.36 "SEA" "@" "MEM" "W" 3 1 31.8666666666667 0.781 0.818 7.3 18.8 12.3 6.7 3.8 5.3 12.4 23.2 139 115 19.8 12.4
"71" "69" 2005-03-30 29.36 "SEA" "@" "SAS" "L" -13 1 20.5333333333333 0.167 0.167 0 4.9 2.5 0 2.7 3.9 14.3 16.1 34 104 -2.4 -12.2
"72" "70" 2005-04-01 29.37 "SEA" "" "POR" "W" 2 1 21.2166666666667 0.667 0.667 10.2 6.5 8.6 0 2.7 0 33.3 19.7 88 104 3.5 -7.2
"73" "71" 2005-04-03 29.38 "SEA" "@" "GSW" "L" -9 1 18.0666666666667 0.6 0.6 15.8 13.3 14.7 22.5 0 0 0 11.2 149 113 6.2 3.3
"74" "72" 2005-04-05 29.38 "SEA" "@" "SAC" "L" -21 1 22.7 0.658 0.667 10.2 0 5.8 0 0 3.4 9.2 21.7 131 145 9.4 -1
"75" "73" 2005-04-08 29.39 "SEA" "" "LAL" "L" -23 1 9.73333333333333 0.515 0.333 0 0 0 0 0 8.1 34 27.9 72 140 0.6 -16.4
"76" "74" 2005-04-09 29.39 "SEA" "@" "DEN" "L" -16 1 13.2833333333333 0.4 0.4 8.4 27.4 15.6 0 3.9 12.5 37.5 26 55 115 0 -17
"77" "75" 2005-04-11 29.4 "SEA" "" "HOU" "L" -12 1 11.85 0.143 0.143 7.2 10.9 8.7 0 4.6 7.7 12.5 30.5 35 101 -2.8 -23.2
"78" "76" 2005-04-13 29.4 "SEA" "" "DAL" "L" -5 1 20.2166666666667 0.556 0.556 12.3 26.7 19.2 0 0 4.5 18.2 26.2 98 111 5 -4.4
"79" "77" 2005-04-15 29.41 "SEA" "" "NOH" "W" 25 1 16.65 0.333 0.333 24.2 21.2 22.6 0 3.4 9.4 14.3 19.8 84 74 4.2 -3.4
"80" "78" 2005-04-17 29.41 "SEA" "@" "MIN" "W" 15 1 21.25 0.429 0.429 0 15.9 8.8 0 0 10.1 12.5 18 78 99 2.7 -6.8
"81" "79" 2005-04-19 29.42 "SEA" "@" "DAL" "L" -5 1 17.6666666666667 0.258 0.333 0 25.4 13.5 0 3.1 11.8 43.6 18.3 29 103 -0.8 -11.7
"82" "80" 2005-04-20 29.42 "SEA" "@" "HOU" "L" -28 1 12.1333333333333 0.5 0.5 0 24.6 10.5 0 4.7 7.2 33.3 12.2 63 118 0.3 -11.1
"1" "1" 2005-11-02 29.96 "NYK" "@" "BOS" "L" -14 0 7.91666666666667 0.667 0.667 0 13.1 6.8 27.2 0 9.3 25 22.2 100 106 1.8 -1.8
"2" "2" 2005-11-04 29.96 "NYK" "" "WAS" "L" -11 0 2.81666666666667 0 0 0 42.6 18.1 0 0 0 50 58.1 0 92 -4.3 -82.9
"3" "3" 2005-11-06 29.97 "NYK" "" "GSW" "L" -2 1 7.26666666666667 NA NA 0 45 21.5 0 0 0 NA 0 0 80 -0.3 -8.5
"4" "" 2005-11-09 29.98 "NYK" "@" "POR" "L" -12 NA NA NA NA NA NA NA NA NA NA NA NA NA NA NA NA
"5" "" 2005-11-11 29.98 "NYK" "@" "GSW" "L" -2 NA NA NA NA NA NA NA NA NA NA NA NA NA NA NA NA
"6" "" 2005-11-13 29.99 "NYK" "@" "SAC" "W" 10 NA NA NA NA NA NA NA NA NA NA NA NA NA NA NA NA
"7" "" 2005-11-14 29.99 "NYK" "@" "UTA" "W" 11 NA NA NA NA NA NA NA NA NA NA NA NA NA NA NA NA
"8" "" 2005-11-16 30 "NYK" "@" "LAL" "L" -5 NA NA NA NA NA NA NA NA NA NA NA NA NA NA NA NA
"9" "" 2005-11-18 30 "NYK" "@" "DEN" "L" -9 NA NA NA NA NA NA NA NA NA NA NA NA NA NA NA NA
"10" "" 2005-11-20 30.01 "NYK" "" "POR" "W" 11 NA NA NA NA NA NA NA NA NA NA NA NA NA NA NA NA
"11" "" 2005-11-23 30.02 "NYK" "@" "CHA" "L" -13 NA NA NA NA NA NA NA NA NA NA NA NA NA NA NA NA
"12" "" 2005-11-26 30.02 "NYK" "" "PHI" "W" 3 NA NA NA NA NA NA NA NA NA NA NA NA NA NA NA NA
"13" "" 2005-11-28 30.03 "NYK" "@" "MIA" "L" -13 NA NA NA NA NA NA NA NA NA NA NA NA NA NA NA NA
"14" "" 2005-11-30 30.04 "NYK" "" "CHI" "W" 8 NA NA NA NA NA NA NA NA NA NA NA NA NA NA NA NA
"15" "4" 2005-12-02 30.04 "NYK" "@" "DET" "L" -8 0 8.98333333333333 0.46 0.4 12.7 16.7 14.4 0 0 18.1 15.5 32.1 89 108 2.9 -5.8
"16" "5" 2005-12-04 30.05 "NYK" "" "BOS" "L" -3 0 10.55 0.333 0.333 11.7 10.1 10.8 0 0 0 40 20.1 51 112 -1.9 -19.2
"17" "6" 2005-12-06 30.05 "NYK" "@" "SEA" "W" 3 1 15.4666666666667 0.615 0.667 26.6 16.3 21.3 0 0 6.5 21.5 27.6 102 112 6.6 -2.3
"18" "" 2005-12-07 30.05 "NYK" "@" "LAC" "L" -5 NA NA NA NA NA NA NA NA NA NA NA NA NA NA NA NA
"19" "" 2005-12-09 30.06 "NYK" "@" "PHO" "L" -4 NA NA NA NA NA NA NA NA NA NA NA NA NA NA NA NA
"20" "7" 2005-12-12 30.07 "NYK" "" "MIL" "L" -20 0 6.8 0.5 0.5 0 0 0 20.8 0 0 0 14 127 138 1.7 1.5
"21" "" 2005-12-14 30.07 "NYK" "" "ORL" "L" -15 NA NA NA NA NA NA NA NA NA NA NA NA NA NA NA NA
"22" "8" 2005-12-16 30.08 "NYK" "@" "ATL" "L" -11 1 13.2333333333333 0.425 0.4 17.7 36.3 25.5 0 3.9 0 25.4 24.3 82 125 2 -13.8
"23" "9" 2005-12-17 30.08 "NYK" "" "IND" "L" -6 1 15.3333333333333 0.255 0.2 11.4 31.3 19.8 0 0 5.8 40.5 27 42 110 -2 -22.3
"24" "10" 2005-12-21 30.09 "NYK" "" "SAS" "L" -13 1 11.0333333333333 0.129 0 12.1 0 6.2 0 0 7.6 20.5 21.1 38 117 -1.5 -19.2
"25" "11" 2005-12-23 30.1 "NYK" "" "UTA" "W" 8 1 14.9333333333333 0.667 0.667 8.5 22.2 14.4 17.7 0 11.5 25 25.3 104 105 5.2 -1
"26" "12" 2005-12-26 30.11 "NYK" "" "NJN" "L" -8 1 13.4166666666667 0.5 0.5 9.7 11.5 10.5 13.3 0 0 33.3 19.8 80 122 0.9 -9.5
"27" "13" 2005-12-28 30.11 "NYK" "@" "ORL" "L" -10 1 15.9666666666667 0.286 0.286 16.7 8.6 13.5 0 0 0 0 17.5 96 119 0.7 -11.5
"28" "14" 2005-12-30 30.12 "NYK" "@" "MIL" "L" -5 0 2.18333333333333 NA NA 0 0 0 0 0 0 NA 0 0 120 -1.2 -30.9
"29" "" 2006-01-02 30.13 "NYK" "" "PHO" "W" 7 NA NA NA NA NA NA NA NA NA NA NA NA NA NA NA NA
"30" "" 2006-01-06 30.14 "NYK" "" "WAS" "W" 21 NA NA NA NA NA NA NA NA NA NA NA NA NA NA NA NA
"31" "15" 2006-01-08 30.14 "NYK" "" "SEA" "W" 4 0 3.28333333333333 0 0 81.2 0 36.1 34.8 0 0 0 26.6 93 133 0.3 -18.7
"32" "16" 2006-01-10 30.15 "NYK" "@" "CLE" "W" 8 0 3.48333333333333 0 0 0 26 15 0 0 0 0 24.9 0 88 -1.6 -27.4
"33" "17" 2006-01-11 30.15 "NYK" "" "DAL" "W" 2 0 6.61666666666667 NA NA 0 22.3 8.8 0 0 0 NA 0 0 120 -0.1 -5
"34" "" 2006-01-13 30.16 "NYK" "" "ATL" "W" 11 NA NA NA NA NA NA NA NA NA NA NA NA NA NA NA NA
"35" "" 2006-01-15 30.16 "NYK" "@" "TOR" "L" -26 NA NA NA NA NA NA NA NA NA NA NA NA NA NA NA NA
"36" "18" 2006-01-16 30.16 "NYK" "" "MIN" "L" -6 0 15.1666666666667 0.515 0.5 8.6 0 4.2 0 0 5.4 0 25.8 111 118 3.6 -6.2
"37" "19" 2006-01-18 30.17 "NYK" "@" "CHI" "L" -2 0 8.75 0.667 0.667 13.8 0 7.3 21.7 0 18.6 0 15 156 100 4.7 13.9
"38" "20" 2006-01-19 30.17 "NYK" "" "DET" "L" -26 0 5.96666666666667 0.694 0.5 23.7 19.6 21.5 0 0 0 0 24.4 157 126 4 10.2
"39" "21" 2006-01-21 30.18 "NYK" "" "NOK" "L" -11 0 5.28333333333333 0 0 0 0 0 0 0 0 34.7 23.9 0 123 -3.3 -36.4
"40" "22" 2006-01-25 30.19 "NYK" "" "SAC" "L" -4 0 3.83333333333333 NA NA 0 24.3 13.3 0 0 18.7 100 23.7 0 86 -1.8 -27.6
"41" "" 2006-01-27 30.19 "NYK" "" "ORL" "W" 3 NA NA NA NA NA NA NA NA NA NA NA NA NA NA NA NA
"42" "" 2006-01-28 30.2 "NYK" "@" "PHI" "L" -15 NA NA NA NA NA NA NA NA NA NA NA NA NA NA NA NA
"43" "" 2006-01-30 30.2 "NYK" "@" "ATL" "L" -19 NA NA NA NA NA NA NA NA NA NA NA NA NA NA NA NA
"44" "" 2006-01-31 30.21 "NYK" "" "LAL" "L" -33 NA NA NA NA NA NA NA NA NA NA NA NA NA NA NA NA
"45" "" 2006-02-03 30.21 "NYK" "@" "TOR" "L" -14 NA NA NA NA NA NA NA NA NA NA NA NA NA NA NA NA
"46" "23" 2006-02-05 30.22 "NYK" "" "HOU" "L" -4 0 14.0666666666667 0.615 0.5 16.6 47.6 32.5 0 0 0 38.1 27.2 84 97 2.6 -10.5
"47" "24" 2006-02-07 30.22 "NYK" "" "LAC" "L" -3 0 6.36666666666667 0.333 0.333 29 20.4 25.4 0 0 0 0 21.2 97 103 1.6 -7.2
"48" "25" 2006-02-08 30.23 "NYK" "@" "NJN" "L" -13 0 6.38333333333333 0.5 0.5 0 66.3 31.3 0 0 14.5 0 14.7 105 91 2.6 8
"49" "26" 2006-02-10 30.23 "NYK" "@" "NOK" "L" -11 0 2.5 0 0 0 0 0 0 0 0 0 19.2 0 137 -1.1 -33.7
"50" "27" 2006-02-12 30.24 "NYK" "@" "HOU" "L" -7 0 13.15 NA NA 8.7 26.7 17.6 13.5 0 7 NA 0 215 98 1.8 0.8
"51" "" 2006-02-13 30.24 "NYK" "@" "DAL" "L" -28 NA NA NA NA NA NA NA NA NA NA NA NA NA NA NA NA
"52" "" 2006-02-15 30.25 "NYK" "" "TOR" "W" 2 NA NA NA NA NA NA NA NA NA NA NA NA NA NA NA NA
"53" "28" 2006-02-22 30.27 "NYK" "" "MIA" "L" -20 0 2.8 NA NA 0 0 0 0 0 0 NA 0 0 115 -0.4 -11.7
"54" "" 2006-02-24 30.27 "NYK" "" "NJN" "L" -4 NA NA NA NA NA NA NA NA NA NA NA NA NA NA NA NA
"55" "" 2006-02-25 30.27 "NYK" "@" "WAS" "L" -21 NA NA NA NA NA NA NA NA NA NA NA NA NA NA NA NA
"56" "" 2006-02-27 30.28 "NYK" "@" "SAS" "L" -28 NA NA NA NA NA NA NA NA NA NA NA NA NA NA NA NA
"57" "" 2006-03-01 30.28 "NYK" "@" "MEM" "L" -2 NA NA NA NA NA NA NA NA NA NA NA NA NA NA NA NA
"58" "29" 2006-03-03 30.29 "NYK" "" "CHI" "L" -7 0 11.2333333333333 0.615 0.5 9.1 9.3 9.2 0 0 12 55.1 20.3 59 114 -0.6 -15.6
"59" "30" 2006-03-04 30.29 "NYK" "@" "MIL" "W" 5 0 8.81666666666667 0.266 0 0 28.7 14.9 15.1 0 0 68 31.8 27 112 -4.8 -37.6
"60" "31" 2006-03-07 30.3 "NYK" "@" "IND" "W" 15 0 8.3 NA NA 17.5 24.6 21.7 0 0 0 100 16.6 21 99 -3.7 -28.5
"61" "" 2006-03-11 30.31 "NYK" "@" "CHA" "L" -7 NA NA NA NA NA NA NA NA NA NA NA NA NA NA NA NA
"62" "32" 2006-03-13 30.32 "NYK" "" "DEN" "L" -12 1 14.2333333333333 0.568 0.545 30 0 15.9 0 0 10.1 14.9 42.9 105 117 8.7 -1.4
"63" "33" 2006-03-15 30.32 "NYK" "" "ATL" "W" 4 0 12.4833333333333 1.087 1 0 10.1 5.3 13.9 0 7.1 26.6 14.3 165 106 5.2 7.2
"64" "34" 2006-03-17 30.33 "NYK" "" "DET" "W" 2 0 5.65 0 0 0 21.2 12.5 0 0 0 0 16.2 0 114 -1.1 -17.2
"65" "35" 2006-03-19 30.33 "NYK" "" "MIA" "L" -11 0 17.75 0.689 0.667 18 7.7 13.5 10.9 0 5.1 0 24.4 152 121 11.7 10.4
"66" "36" 2006-03-21 30.34 "NYK" "" "TOR" "L" -5 0 3.6 NA NA 0 0 0 0 0 0 100 12.3 0 129 -1.8 -29.7
"67" "37" 2006-03-22 30.34 "NYK" "@" "ORL" "L" -24 0 10.4666666666667 0.6 0.6 26.2 0 12.7 0 0 6.2 44.4 42.7 69 132 0.6 -20.2
"68" "38" 2006-03-24 30.35 "NYK" "" "MEM" "L" -16 0 6.73333333333333 0.615 0.5 0 31.7 16.4 0 0 0 0 16.9 139 107 2.6 6.6
"69" "39" 2006-03-26 30.35 "NYK" "@" "MIN" "L" -4 0 10 0.532 0 11.2 13.7 12.3 17.1 0 0 61.5 22.6 60 107 -0.4 -12.7
"70" "" 2006-03-29 30.36 "NYK" "" "BOS" "L" -25 NA NA NA NA NA NA NA NA NA NA NA NA NA NA NA NA
"71" "40" 2006-03-31 30.37 "NYK" "" "PHI" "L" -5 0 12.25 0.687 1 0 12.6 5.7 0 0 0 0 13.6 140 130 2.6 -4.3
"72" "41" 2006-04-02 30.37 "NYK" "@" "PHI" "L" -19 0 15.7666666666667 1 1 0 0 0 10.2 3.3 0 75 11.8 48 123 -1.2 -11
"73" "" 2006-04-04 30.38 "NYK" "@" "WAS" "L" -15 NA NA NA NA NA NA NA NA NA NA NA NA NA NA NA NA
"74" "" 2006-04-05 30.38 "NYK" "" "CLE" "W" 2 NA NA NA NA NA NA NA NA NA NA NA NA NA NA NA NA
"75" "42" 2006-04-07 30.39 "NYK" "" "IND" "W" 2 0 0 NA NA NA NA NA NA NA NA NA NA NA NA 0 -6.2
"76" "43" 2006-04-09 30.39 "NYK" "@" "BOS" "W" 15 0 3.1 NA NA 0 88.5 43 0 0 0 NA 0 0 93 -0.2 -9.5
"77" "44" 2006-04-10 30.39 "NYK" "@" "IND" "L" -19 0 6.95 0.333 0.333 36.3 20.9 29.2 0 0 0 40 34.4 57 121 -0.8 -25.9
"78" "45" 2006-04-13 30.4 "NYK" "@" "CLE" "L" -4 0 15.1 0.667 0.667 0 0 0 0 3.6 10.6 0 19.7 122 103 6.2 2.1
"79" "" 2006-04-14 30.41 "NYK" "" "MIL" "L" -17 NA NA NA NA NA NA NA NA NA NA NA NA NA NA NA NA
"80" "" 2006-04-16 30.41 "NYK" "@" "DET" "L" -6 NA NA NA NA NA NA NA NA NA NA NA NA NA NA NA NA
"81" "" 2006-04-17 30.41 "NYK" "" "CHA" "L" -7 NA NA NA NA NA NA NA NA NA NA NA NA NA NA NA NA
"82" "" 2006-04-19 30.42 "NYK" "@" "NJN" "W" 7 NA NA NA NA NA NA NA NA NA NA NA NA NA NA NA NA
"1" "" 2006-11-01 30.96 "NYK" "@" "MEM" "W" 1 NA NA NA NA NA NA NA NA NA NA NA NA NA NA NA NA
"2" "" 2006-11-03 30.96 "NYK" "@" "ATL" "L" -10 NA NA NA NA NA NA NA NA NA NA NA NA NA NA NA NA
"3" "" 2006-11-04 30.96 "NYK" "" "IND" "L" -14 NA NA NA NA NA NA NA NA NA NA NA NA NA NA NA NA
"4" "" 2006-11-06 30.97 "NYK" "" "SAS" "L" -12 NA NA NA NA NA NA NA NA NA NA NA NA NA NA NA NA
"5" "" 2006-11-08 30.98 "NYK" "@" "DEN" "W" 2 NA NA NA NA NA NA NA NA NA NA NA NA NA NA NA NA
"6" "" 2006-11-10 30.98 "NYK" "@" "HOU" "L" -9 NA NA NA NA NA NA NA NA NA NA NA NA NA NA NA NA
"7" "" 2006-11-11 30.98 "NYK" "@" "SAS" "L" -8 NA NA NA NA NA NA NA NA NA NA NA NA NA NA NA NA
"8" "" 2006-11-13 30.99 "NYK" "" "CLE" "L" -6 NA NA NA NA NA NA NA NA NA NA NA NA NA NA NA NA
"9" "" 2006-11-15 30.99 "NYK" "" "WAS" "W" 20 NA NA NA NA NA NA NA NA NA NA NA NA NA NA NA NA
"10" "1" 2006-11-17 31 "NYK" "@" "MIA" "W" 24 0 14.3 0.922 1 8.4 14.6 11.7 0 3.7 5.1 17 19.6 143 77 8.6 12.9
"11" "2" 2006-11-18 31 "NYK" "" "BOS" "L" -4 0 7.33333333333333 1 1 0 0 0 0 0 0 0 11 200 128 2.6 1.7
"12" "3" 2006-11-20 31.01 "NYK" "" "HOU" "L" -7 0 2.9 0 0 33.1 0 20.4 0 0 0 0 45.1 21 118 -2.6 -63.2
"13" "4" 2006-11-22 31.01 "NYK" "@" "MIN" "L" -18 0 4.65 0 0 0 32.3 14.1 0 0 0 0 10.1 0 117 -0.8 -13.4
"14" "" 2006-11-24 31.02 "NYK" "@" "BOS" "W" 24 NA NA NA NA NA NA NA NA NA NA NA NA NA NA NA NA
"15" "5" 2006-11-25 31.02 "NYK" "" "CHI" "L" -11 0 1.86666666666667 NA NA 0 0 0 0 0 0 100 22.4 0 116 -1.4 -36.3
"16" "6" 2006-11-28 31.03 "NYK" "@" "CHI" "L" -17 0 6.26666666666667 0.333 0.333 0 0 0 0 0 11.1 0 22.1 68 112 0.6 -6.2
"17" "7" 2006-11-29 31.03 "NYK" "@" "CLE" "W" 3 0 3.21666666666667 0 0 0 0 0 0 0 0 50 31.1 0 117 -2.5 -48.4
"18" "" 2006-12-01 31.04 "NYK" "@" "DET" "L" -8 NA NA NA NA NA NA NA NA NA NA NA NA NA NA NA NA
"19" "" 2006-12-02 31.04 "NYK" "" "TOR" "L" -3 NA NA NA NA NA NA NA NA NA NA NA NA NA NA NA NA
"20" "" 2006-12-04 31.05 "NYK" "" "MEM" "W" 8 NA NA NA NA NA NA NA NA NA NA NA NA NA NA NA NA
"21" "" 2006-12-06 31.05 "NYK" "" "WAS" "L" -11 NA NA NA NA NA NA NA NA NA NA NA NA NA NA NA NA
"22" "8" 2006-12-09 31.06 "NYK" "" "MIL" "W" 8 0 1.73333333333333 NA NA 69.2 0 34.2 0 0 0 100 25.6 48 126 -0.3 -30
"23" "" 2006-12-11 31.07 "NYK" "" "BOS" "L" -7 NA NA NA NA NA NA NA NA NA NA NA NA NA NA NA NA
"24" "9" 2006-12-13 31.07 "NYK" "" "ATL" "W" 12 0 9.41666666666667 0.694 1 28.3 11.6 19.1 0 0 0 25.8 19.4 98 104 1.3 -12.7
"25" "10" 2006-12-15 31.08 "NYK" "@" "IND" "L" -16 0 8.26666666666667 0.25 0.25 0 14.9 7.2 0 0 0 33.3 32.9 35 125 -2.9 -30.7
"26" "" 2006-12-16 31.08 "NYK" "" "DEN" "L" -23 NA NA NA NA NA NA NA NA NA NA NA NA NA NA NA NA
"27" "" 2006-12-18 31.08 "NYK" "" "UTA" "W" 1 NA NA NA NA NA NA NA NA NA NA NA NA NA NA NA NA
"28" "" 2006-12-20 31.09 "NYK" "" "CHA" "W" 2 NA NA NA NA NA NA NA NA NA NA NA NA NA NA NA NA
"29" "11" 2006-12-22 31.1 "NYK" "" "CHI" "W" 11 0 6.7 0.46 0.4 31.8 14.9 23.1 0 0 0 15.5 41 101 103 2.2 -10.9
"30" "12" 2006-12-23 31.1 "NYK" "@" "PHI" "L" -21 0 14.25 0.4 0.4 15 32.9 23.5 0 0 0 0 15.9 98 107 2.7 -6.7
"31" "" 2006-12-27 31.11 "NYK" "" "DET" "W" 6 NA NA NA NA NA NA NA NA NA NA NA NA NA NA NA NA
"32" "" 2006-12-29 31.12 "NYK" "@" "PHO" "L" -22 NA NA NA NA NA NA NA NA NA NA NA NA NA NA NA NA
"33" "13" 2006-12-31 31.12 "NYK" "@" "LAC" "L" -10 0 13.3833333333333 0.85 0.8 8 23.1 14.2 0 0 6.6 0 19.5 177 103 8.5 13.3
"34" "" 2007-01-02 31.13 "NYK" "@" "SAC" "L" -12 NA NA NA NA NA NA NA NA NA NA NA NA NA NA NA NA
"35" "" 2007-01-03 31.13 "NYK" "@" "POR" "W" 18 NA NA NA NA NA NA NA NA NA NA NA NA NA NA NA NA
"36" "14" 2007-01-05 31.13 "NYK" "@" "SEA" "W" 18 0 1.68333333333333 NA NA 0 0 0 0 0 0 NA 0 0 118 -0.8 -29.3
"37" "" 2007-01-10 31.15 "NYK" "" "PHI" "W" 7 NA NA NA NA NA NA NA NA NA NA NA NA NA NA NA NA
"38" "" 2007-01-12 31.15 "NYK" "" "CHA" "L" -16 NA NA NA NA NA NA NA NA NA NA NA NA NA NA NA NA
"39" "" 2007-01-15 31.16 "NYK" "" "SAC" "W" 5 NA NA NA NA NA NA NA NA NA NA NA NA NA NA NA NA
"40" "" 2007-01-17 31.17 "NYK" "@" "WAS" "L" -1 NA NA NA NA NA NA NA NA NA NA NA NA NA NA NA NA
"41" "" 2007-01-19 31.17 "NYK" "" "NJN" "L" -1 NA NA NA NA NA NA NA NA NA NA NA NA NA NA NA NA
"42" "15" 2007-01-20 31.18 "NYK" "@" "IND" "W" 2 0 3.9 0 0 0 0 0 0 0 0 50 24.2 0 123 -2.1 -32.9
"43" "" 2007-01-22 31.18 "NYK" "@" "MIA" "L" -18 NA NA NA NA NA NA NA NA NA NA NA NA NA NA NA NA
"44" "" 2007-01-24 31.19 "NYK" "" "PHO" "L" -5 NA NA NA NA NA NA NA NA NA NA NA NA NA NA NA NA
"45" "16" 2007-01-26 31.19 "NYK" "" "MIA" "W" 20 1 17.0666666666667 0.466 0.5 0 31.3 16.9 0 3 0 13.4 19.5 78 96 2.9 -8.2
"46" "17" 2007-01-28 31.2 "NYK" "@" "MIL" "L" -2 0 5.08333333333333 0.532 0 0 22.5 10.6 0 0 13.1 0 16.2 129 103 1.9 0.7
"47" "" 2007-01-30 31.2 "NYK" "" "LAL" "W" 5 NA NA NA NA NA NA NA NA NA NA NA NA NA NA NA NA
"48" "" 2007-01-31 31.21 "NYK" "@" "CHA" "L" -17 NA NA NA NA NA NA NA NA NA NA NA NA NA NA NA NA
"49" "18" 2007-02-03 31.21 "NYK" "@" "ORL" "W" 8 1 15.4166666666667 0.5 0.5 0 18.3 11.5 0 3.5 10.2 42.9 22.2 52 85 0.7 -7.2
"50" "19" 2007-02-06 31.22 "NYK" "" "LAC" "W" 12 1 7.15 0 0 18.1 15.6 16.8 0 7.7 0 0 6.9 72 90 0.5 -5.8
"51" "20" 2007-02-10 31.23 "NYK" "@" "UTA" "L" -2 1 4 0 0 0 0 0 0 0 0 0 12.1 0 113 -1.5 -24.8
"52" "21" 2007-02-13 31.24 "NYK" "@" "LAL" "W" 1 1 3.23333333333333 0 0 41.2 33 36.7 0 0 0 0 14.4 72 112 0.3 -14.1
"53" "22" 2007-02-14 31.24 "NYK" "@" "GSW" "L" -19 1 1.76666666666667 0 0 52.2 0 31.6 0 0 0 0 44.7 31 129 -0.7 -44.3
"54" "23" 2007-02-20 31.26 "NYK" "" "ORL" "W" 6 1 5.3 0 0 0 0 0 0 10.4 0 66.7 27.1 0 96 -2.5 -29.1
"55" "24" 2007-02-21 31.26 "NYK" "@" "PHI" "L" -20 1 12.8666666666667 0.581 0.5 9.3 22.6 15.3 17.1 0 12.2 22.5 33.6 97 110 5.6 1.4
"56" "25" 2007-02-23 31.27 "NYK" "" "MIL" "W" 2 1 4.76666666666667 0.568 NA 0 0 0 0 0 0 53.2 17.6 53 111 -1.2 -19.7
"57" "26" 2007-02-25 31.27 "NYK" "@" "NJN" "L" -9 1 7.46666666666667 0.667 0.667 17.4 18.4 17.9 0 0 0 0 20 141 122 3.3 2.7
"58" "27" 2007-02-26 31.28 "NYK" "" "MIA" "W" 6 1 3.93333333333333 0 0 30.5 0 15.4 0 0 0 0 12.3 69 114 -0.8 -24.6
"59" "" 2007-02-28 31.28 "NYK" "@" "BOS" "L" -8 NA NA NA NA NA NA NA NA NA NA NA NA NA NA NA NA
"60" "" 2007-03-02 31.29 "NYK" "" "GSW" "W" 9 NA NA NA NA NA NA NA NA NA NA NA NA NA NA NA NA
"61" "28" 2007-03-03 31.29 "NYK" "@" "ATL" "W" 4 0 2 NA NA 0 0 0 0 0 0 100 23.7 0 113 -1.4 -42.2
"62" "" 2007-03-06 31.3 "NYK" "" "SEA" "L" -1 NA NA NA NA NA NA NA NA NA NA NA NA NA NA NA NA
"63" "" 2007-03-10 31.31 "NYK" "@" "WAS" "W" 1 NA NA NA NA NA NA NA NA NA NA NA NA NA NA NA NA
"64" "" 2007-03-14 31.32 "NYK" "@" "TOR" "L" -10 NA NA NA NA NA NA NA NA NA NA NA NA NA NA NA NA
"65" "" 2007-03-16 31.33 "NYK" "" "NOK" "L" -2 NA NA NA NA NA NA NA NA NA NA NA NA NA NA NA NA
"66" "29" 2007-03-18 31.33 "NYK" "" "TOR" "W" 18 0 4.11666666666667 0 0 0 0 0 0 0 0 0 21.4 0 91 -2.3 -33
"67" "" 2007-03-20 31.34 "NYK" "" "DAL" "L" -15 NA NA NA NA NA NA NA NA NA NA NA NA NA NA NA NA
"68" "30" 2007-03-22 31.34 "NYK" "" "POR" "L" -6 0 14.4 0 0 0 9 4.3 10.4 0 5.7 0 10.4 26 115 -1.2 -11.1
"69" "31" 2007-03-23 31.35 "NYK" "@" "CLE" "L" -22 0 2.23333333333333 NA NA 53.7 0 27.2 0 0 0 100 22.3 36 111 -0.7 -33.3
"70" "32" 2007-03-26 31.35 "NYK" "" "ORL" "L" -5 0 6.88333333333333 0.6 0.6 19.4 21.1 20.2 0 0 12.9 0 35.1 125 101 4.2 2.4
"71" "33" 2007-03-28 31.36 "NYK" "" "CLE" "W" 4 0 8.45 0.5 0.5 16.7 23.2 20.5 0 0 9.8 0 11.6 125 98 1.8 -3
"72" "34" 2007-03-30 31.36 "NYK" "@" "DAL" "L" -2 0 8.83333333333333 0 0 15.5 69.4 46.4 0 0 9.7 0 4.6 58 82 1.7 0.3
"73" "" 2007-03-31 31.37 "NYK" "@" "NOK" "L" -9 NA NA NA NA NA NA NA NA NA NA NA NA NA NA NA NA
"74" "" 2007-04-04 31.38 "NYK" "" "PHI" "L" -2 NA NA NA NA NA NA NA NA NA NA NA NA NA NA NA NA
"75" "35" 2007-04-06 31.38 "NYK" "" "MIN" "L" -5 0 0.166666666666667 NA NA 0 0 0 0 0 0 NA 0 0 119 0 -5.7
"76" "36" 2007-04-07 31.39 "NYK" "@" "MIL" "W" 5 0 2.61666666666667 NA NA 0 0 0 0 0 0 NA 0 0 117 0 -5.5
"77" "37" 2007-04-09 31.39 "NYK" "" "DET" "L" -8 0 4.05 NA NA 0 55.1 28.9 0 0 18.2 100 12 0 81 0.3 -2.3
"78" "" 2007-04-10 31.39 "NYK" "@" "CHI" "L" -29 NA NA NA NA NA NA NA NA NA NA NA NA NA NA NA NA
"79" "38" 2007-04-13 31.4 "NYK" "@" "NJN" "L" -14 0 2.38333333333333 NA NA 0 0 0 0 0 0 NA 0 0 129 0 -7
"80" "39" 2007-04-15 31.41 "NYK" "@" "TOR" "L" -2 0 4.7 0.5 0.5 36.5 28.4 31.9 0 0 0 0 19.7 125 118 2 -2.3
"81" "40" 2007-04-16 31.41 "NYK" "" "NJN" "L" -9 0 18.95 0 0 0 36.2 15.8 7.9 0 12.4 33.3 7.3 17 106 -0.8 -8.9
"82" "41" 2007-04-18 31.42 "NYK" "@" "CHA" "W" 1 0 5.25 0.568 NA 0 21.8 11.1 0 9.8 0 53.2 15.5 53 80 0.1 -6.8
"1" "" 2007-11-02 31.96 "NYK" "@" "CLE" "L" -4 NA NA NA NA NA NA NA NA NA NA NA NA NA NA NA NA
"2" "" 2007-11-04 31.96 "NYK" "" "MIN" "W" 4 NA NA NA NA NA NA NA NA NA NA NA NA NA NA NA NA
"3" "" 2007-11-06 31.97 "NYK" "" "DEN" "W" 7 NA NA NA NA NA NA NA NA NA NA NA NA NA NA NA NA
"4" "" 2007-11-09 31.98 "NYK" "" "ORL" "L" -10 NA NA NA NA NA NA NA NA NA NA NA NA NA NA NA NA
"5" "" 2007-11-11 31.98 "NYK" "" "MIA" "L" -3 NA NA NA NA NA NA NA NA NA NA NA NA NA NA NA NA
"6" "" 2007-11-13 31.99 "NYK" "@" "PHO" "L" -11 NA NA NA NA NA NA NA NA NA NA NA NA NA NA NA NA
"7" "" 2007-11-14 31.99 "NYK" "@" "LAC" "L" -3 NA NA NA NA NA NA NA NA NA NA NA NA NA NA NA NA
"8" "" 2007-11-16 32 "NYK" "@" "SAC" "L" -5 NA NA NA NA NA NA NA NA NA NA NA NA NA NA NA NA
"9" "" 2007-11-17 32 "NYK" "@" "DEN" "L" -32 NA NA NA NA NA NA NA NA NA NA NA NA NA NA NA NA
"10" "" 2007-11-20 32.01 "NYK" "" "GSW" "L" -26 NA NA NA NA NA NA NA NA NA NA NA NA NA NA NA NA
"11" "" 2007-11-21 32.01 "NYK" "@" "DET" "L" -12 NA NA NA NA NA NA NA NA NA NA NA NA NA NA NA NA
"12" "" 2007-11-24 32.02 "NYK" "" "CHI" "W" 7 NA NA NA NA NA NA NA NA NA NA NA NA NA NA NA NA
"13" "" 2007-11-26 32.02 "NYK" "" "UTA" "W" 4 NA NA NA NA NA NA NA NA NA NA NA NA NA NA NA NA
"14" "" 2007-11-29 32.03 "NYK" "@" "BOS" "L" -45 NA NA NA NA NA NA NA NA NA NA NA NA NA NA NA NA
"15" "" 2007-11-30 32.04 "NYK" "" "MIL" "W" 3 NA NA NA NA NA NA NA NA NA NA NA NA NA NA NA NA
"16" "" 2007-12-02 32.04 "NYK" "" "PHO" "L" -11 NA NA NA NA NA NA NA NA NA NA NA NA NA NA NA NA
"17" "" 2007-12-05 32.05 "NYK" "@" "NJN" "W" 7 NA NA NA NA NA NA NA NA NA NA NA NA NA NA NA NA
"18" "" 2007-12-07 32.05 "NYK" "@" "PHI" "L" -11 NA NA NA NA NA NA NA NA NA NA NA NA NA NA NA NA
"19" "" 2007-12-08 32.06 "NYK" "" "PHI" "L" -28 NA NA NA NA NA NA NA NA NA NA NA NA NA NA NA NA
"20" "" 2007-12-10 32.06 "NYK" "" "DAL" "L" -10 NA NA NA NA NA NA NA NA NA NA NA NA NA NA NA NA
"21" "" 2007-12-12 32.07 "NYK" "" "SEA" "L" -7 NA NA NA NA NA NA NA NA NA NA NA NA NA NA NA NA
"22" "" 2007-12-14 32.07 "NYK" "@" "CHI" "L" -5 NA NA NA NA NA NA NA NA NA NA NA NA NA NA NA NA
"23" "" 2007-12-15 32.08 "NYK" "" "NJN" "W" 8 NA NA NA NA NA NA NA NA NA NA NA NA NA NA NA NA
"24" "" 2007-12-17 32.08 "NYK" "" "IND" "L" -27 NA NA NA NA NA NA NA NA NA NA NA NA NA NA NA NA
"25" "" 2007-12-19 32.09 "NYK" "" "CLE" "W" 18 NA NA NA NA NA NA NA NA NA NA NA NA NA NA NA NA
"26" "" 2007-12-21 32.09 "NYK" "@" "CHA" "L" -10 NA NA NA NA NA NA NA NA NA NA NA NA NA NA NA NA
"27" "" 2007-12-23 32.1 "NYK" "" "LAL" "L" -5 NA NA NA NA NA NA NA NA NA NA NA NA NA NA NA NA
"28" "" 2007-12-26 32.11 "NYK" "@" "ORL" "L" -14 NA NA NA NA NA NA NA NA NA NA NA NA NA NA NA NA
"29" "" 2007-12-30 32.12 "NYK" "" "CHI" "L" -17 NA NA NA NA NA NA NA NA NA NA NA NA NA NA NA NA
"30" "" 2008-01-02 32.13 "NYK" "" "SAC" "L" -10 NA NA NA NA NA NA NA NA NA NA NA NA NA NA NA NA
"31" "" 2008-01-04 32.13 "NYK" "@" "SAS" "L" -4 NA NA NA NA NA NA NA NA NA NA NA NA NA NA NA NA
"32" "" 2008-01-05 32.13 "NYK" "@" "HOU" "L" -12 NA NA NA NA NA NA NA NA NA NA NA NA NA NA NA NA
"33" "" 2008-01-08 32.14 "NYK" "@" "CHI" "W" 5 NA NA NA NA NA NA NA NA NA NA NA NA NA NA NA NA
"34" "" 2008-01-09 32.15 "NYK" "" "HOU" "L" -9 NA NA NA NA NA NA NA NA NA NA NA NA NA NA NA NA
"35" "" 2008-01-11 32.15 "NYK" "" "TOR" "L" -9 NA NA NA NA NA NA NA NA NA NA NA NA NA NA NA NA
"36" "" 2008-01-13 32.16 "NYK" "" "DET" "W" 24 NA NA NA NA NA NA NA NA NA NA NA NA NA NA NA NA
"37" "" 2008-01-15 32.16 "NYK" "" "WAS" "W" 12 NA NA NA NA NA NA NA NA NA NA NA NA NA NA NA NA
"38" "" 2008-01-16 32.16 "NYK" "@" "NJN" "W" 6 NA NA NA NA NA NA NA NA NA NA NA NA NA NA NA NA
"39" "1" 2008-01-18 32.17 "NYK" "@" "WAS" "L" -13 0 2.76666666666667 1.064 1 0 57.8 23.8 0 0 0 0 31.1 231 115 4 31.5
"40" "" 2008-01-19 32.17 "NYK" "@" "MIA" "W" 4 NA NA NA NA NA NA NA NA NA NA NA NA NA NA NA NA
"41" "2" 2008-01-21 32.18 "NYK" "" "BOS" "L" -16 0 1.8 NA NA 0 100 68.4 0 0 0 NA 0 0 95 0.6 5.2
"42" "" 2008-01-25 32.19 "NYK" "" "PHI" "W" 8 NA NA NA NA NA NA NA NA NA NA NA NA NA NA NA NA
"43" "" 2008-01-27 32.19 "NYK" "@" "GSW" "L" -2 NA NA NA NA NA NA NA NA NA NA NA NA NA NA NA NA
"44" "" 2008-01-29 32.2 "NYK" "@" "LAL" "L" -11 NA NA NA NA NA NA NA NA NA NA NA NA NA NA NA NA
"45" "" 2008-01-30 32.2 "NYK" "@" "UTA" "L" -11 NA NA NA NA NA NA NA NA NA NA NA NA NA NA NA NA
"46" "" 2008-02-01 32.21 "NYK" "@" "POR" "L" -6 NA NA NA NA NA NA NA NA NA NA NA NA NA NA NA NA
"47" "" 2008-02-02 32.21 "NYK" "@" "SEA" "L" -1 NA NA NA NA NA NA NA NA NA NA NA NA NA NA NA NA
"48" "" 2008-02-04 32.22 "NYK" "" "LAC" "L" -9 NA NA NA NA NA NA NA NA NA NA NA NA NA NA NA NA
"49" "" 2008-02-06 32.22 "NYK" "" "IND" "L" -3 NA NA NA NA NA NA NA NA NA NA NA NA NA NA NA NA
"50" "" 2008-02-08 32.23 "NYK" "" "SAS" "L" -6 NA NA NA NA NA NA NA NA NA NA NA NA NA NA NA NA
"51" "" 2008-02-09 32.23 "NYK" "@" "MIL" "W" 1 NA NA NA NA NA NA NA NA NA NA NA NA NA NA NA NA
"52" "" 2008-02-13 32.24 "NYK" "@" "BOS" "L" -8 NA NA NA NA NA NA NA NA NA NA NA NA NA NA NA NA
"53" "" 2008-02-19 32.26 "NYK" "@" "WAS" "W" 13 NA NA NA NA NA NA NA NA NA NA NA NA NA NA NA NA
"54" "" 2008-02-20 32.26 "NYK" "@" "PHI" "L" -40 NA NA NA NA NA NA NA NA NA NA NA NA NA NA NA NA
"55" "" 2008-02-22 32.27 "NYK" "" "TOR" "W" 4 NA NA NA NA NA NA NA NA NA NA NA NA NA NA NA NA
"56" "" 2008-02-24 32.27 "NYK" "@" "TOR" "L" -23 NA NA NA NA NA NA NA NA NA NA NA NA NA NA NA NA
"57" "" 2008-02-27 32.28 "NYK" "" "CHA" "W" 24 NA NA NA NA NA NA NA NA NA NA NA NA NA NA NA NA
"58" "" 2008-02-29 32.28 "NYK" "@" "ATL" "L" -6 NA NA NA NA NA NA NA NA NA NA NA NA NA NA NA NA
"59" "" 2008-03-01 32.29 "NYK" "@" "ORL" "L" -26 NA NA NA NA NA NA NA NA NA NA NA NA NA NA NA NA
"60" "" 2008-03-03 32.29 "NYK" "" "NOH" "L" -12 NA NA NA NA NA NA NA NA NA NA NA NA NA NA NA NA
"61" "" 2008-03-05 32.3 "NYK" "" "CLE" "L" -14 NA NA NA NA NA NA NA NA NA NA NA NA NA NA NA NA
"62" "" 2008-03-07 32.3 "NYK" "" "DET" "L" -4 NA NA NA NA NA NA NA NA NA NA NA NA NA NA NA NA
"63" "" 2008-03-08 32.31 "NYK" "" "POR" "L" -6 NA NA NA NA NA NA NA NA NA NA NA NA NA NA NA NA
"64" "" 2008-03-10 32.31 "NYK" "@" "DAL" "L" -29 NA NA NA NA NA NA NA NA NA NA NA NA NA NA NA NA
"65" "" 2008-03-12 32.32 "NYK" "@" "MIA" "W" 3 NA NA NA NA NA NA NA NA NA NA NA NA NA NA NA NA
"66" "" 2008-03-16 32.33 "NYK" "" "ATL" "L" -11 NA NA NA NA NA NA NA NA NA NA NA NA NA NA NA NA
"67" "" 2008-03-17 32.33 "NYK" "@" "IND" "L" -12 NA NA NA NA NA NA NA NA NA NA NA NA NA NA NA NA
"68" "" 2008-03-21 32.34 "NYK" "" "MEM" "L" -14 NA NA NA NA NA NA NA NA NA NA NA NA NA NA NA NA
"69" "" 2008-03-22 32.35 "NYK" "@" "MIN" "L" -21 NA NA NA NA NA NA NA NA NA NA NA NA NA NA NA NA
"70" "" 2008-03-24 32.35 "NYK" "" "NJN" "L" -15 NA NA NA NA NA NA NA NA NA NA NA NA NA NA NA NA
"71" "" 2008-03-26 32.36 "NYK" "" "MIA" "W" 7 NA NA NA NA NA NA NA NA NA NA NA NA NA NA NA NA
"72" "" 2008-03-28 32.36 "NYK" "@" "TOR" "L" -8 NA NA NA NA NA NA NA NA NA NA NA NA NA NA NA NA
"73" "" 2008-03-30 32.37 "NYK" "@" "ATL" "L" -5 NA NA NA NA NA NA NA NA NA NA NA NA NA NA NA NA
"74" "" 2008-04-01 32.37 "NYK" "@" "MIL" "L" -4 NA NA NA NA NA NA NA NA NA NA NA NA NA NA NA NA
"75" "" 2008-04-02 32.38 "NYK" "@" "MEM" "L" -16 NA NA NA NA NA NA NA NA NA NA NA NA NA NA NA NA
"76" "" 2008-04-04 32.38 "NYK" "@" "NOH" "L" -8 NA NA NA NA NA NA NA NA NA NA NA NA NA NA NA NA
"77" "" 2008-04-06 32.39 "NYK" "" "ORL" "W" 10 NA NA NA NA NA NA NA NA NA NA NA NA NA NA NA NA
"78" "" 2008-04-08 32.39 "NYK" "@" "DET" "W" 4 NA NA NA NA NA NA NA NA NA NA NA NA NA NA NA NA
"79" "" 2008-04-09 32.39 "NYK" "" "CHA" "W" 2 NA NA NA NA NA NA NA NA NA NA NA NA NA NA NA NA
"80" "" 2008-04-11 32.4 "NYK" "" "ATL" "L" -12 NA NA NA NA NA NA NA NA NA NA NA NA NA NA NA NA
"81" "" 2008-04-14 32.41 "NYK" "" "BOS" "L" -6 NA NA NA NA NA NA NA NA NA NA NA NA NA NA NA NA
"82" "" 2008-04-16 32.41 "NYK" "@" "IND" "L" -9 NA NA NA NA NA NA NA NA NA NA NA NA NA NA NA NA
"1" "" 2008-10-29 32.95 "NYK" "" "MIA" "W" 5 NA NA NA NA NA NA NA NA NA NA NA NA NA NA NA NA
"2" "" 2008-10-31 32.96 "NYK" "@" "PHI" "L" -29 NA NA NA NA NA NA NA NA NA NA NA NA NA NA NA NA
"3" "" 2008-11-02 32.96 "NYK" "" "MIL" "L" -8 NA NA NA NA NA NA NA NA NA NA NA NA NA NA NA NA
"4" "" 2008-11-05 32.97 "NYK" "" "CHA" "W" 3 NA NA NA NA NA NA NA NA NA NA NA NA NA NA NA NA
"5" "" 2008-11-07 32.98 "NYK" "@" "WAS" "W" 6 NA NA NA NA NA NA NA NA NA NA NA NA NA NA NA NA
"6" "" 2008-11-09 32.98 "NYK" "" "UTA" "W" 8 NA NA NA NA NA NA NA NA NA NA NA NA NA NA NA NA
"7" "" 2008-11-11 32.99 "NYK" "@" "SAS" "L" -12 NA NA NA NA NA NA NA NA NA NA NA NA NA NA NA NA
"8" "" 2008-11-12 32.99 "NYK" "@" "MEM" "W" 29 NA NA NA NA NA NA NA NA NA NA NA NA NA NA NA NA
"9" "" 2008-11-14 32.99 "NYK" "" "OKC" "W" 10 NA NA NA NA NA NA NA NA NA NA NA NA NA NA NA NA
"10" "" 2008-11-16 33 "NYK" "" "DAL" "L" -10 NA NA NA NA NA NA NA NA NA NA NA NA NA NA NA NA
"11" "" 2008-11-18 33 "NYK" "@" "BOS" "L" -9 NA NA NA NA NA NA NA NA NA NA NA NA NA NA NA NA
"12" "" 2008-11-21 33.01 "NYK" "@" "MIL" "L" -17 NA NA NA NA NA NA NA NA NA NA NA NA NA NA NA NA
"13" "" 2008-11-22 33.01 "NYK" "" "WAS" "W" 5 NA NA NA NA NA NA NA NA NA NA NA NA NA NA NA NA
"14" "" 2008-11-25 33.02 "NYK" "" "CLE" "L" -18 NA NA NA NA NA NA NA NA NA NA NA NA NA NA NA NA
"15" "" 2008-11-26 33.02 "NYK" "@" "DET" "L" -14 NA NA NA NA NA NA NA NA NA NA NA NA NA NA NA NA
"16" "" 2008-11-29 33.03 "NYK" "" "GSW" "W" 13 NA NA NA NA NA NA NA NA NA NA NA NA NA NA NA NA
"17" "" 2008-12-02 33.04 "NYK" "" "POR" "L" -7 NA NA NA NA NA NA NA NA NA NA NA NA NA NA NA NA
"18" "" 2008-12-03 33.04 "NYK" "@" "CLE" "L" -36 NA NA NA NA NA NA NA NA NA NA NA NA NA NA NA NA
"19" "" 2008-12-05 33.05 "NYK" "@" "ATL" "L" -3 NA NA NA NA NA NA NA NA NA NA NA NA NA NA NA NA
"20" "" 2008-12-07 33.05 "NYK" "" "DET" "W" 12 NA NA NA NA NA NA NA NA NA NA NA NA NA NA NA NA
"21" "" 2008-12-09 33.06 "NYK" "@" "CHI" "L" -5 NA NA NA NA NA NA NA NA NA NA NA NA NA NA NA NA
"22" "" 2008-12-10 33.06 "NYK" "@" "NJN" "W" 12 NA NA NA NA NA NA NA NA NA NA NA NA NA NA NA NA
"23" "1" 2008-12-13 33.07 "NYK" "@" "SAC" "W" 24 0 3.85 0.333 0.333 0 43.7 24.9 0 12.4 0 0 33.9 70 54 1.5 -3.6
"24" "" 2008-12-15 33.08 "NYK" "@" "PHO" "L" -8 NA NA NA NA NA NA NA NA NA NA NA NA NA NA NA NA
"25" "" 2008-12-16 33.08 "NYK" "@" "LAL" "L" -2 NA NA NA NA NA NA NA NA NA NA NA NA NA NA NA NA
"26" "2" 2008-12-19 33.09 "NYK" "" "MIL" "L" -24 0 5.98333333333333 0.4 0.4 18.7 0 9.3 0 0 12 16.7 45.1 70 106 1.3 -10.5
"27" "" 2008-12-21 33.09 "NYK" "@" "BOS" "L" -19 NA NA NA NA NA NA NA NA NA NA NA NA NA NA NA NA
"28" "" 2008-12-26 33.11 "NYK" "" "MIN" "L" -13 NA NA NA NA NA NA NA NA NA NA NA NA NA NA NA NA
"29" "" 2008-12-28 33.11 "NYK" "" "DEN" "L" -7 NA NA NA NA NA NA NA NA NA NA NA NA NA NA NA NA
"30" "" 2008-12-30 33.12 "NYK" "@" "CHA" "W" 4 NA NA NA NA NA NA NA NA NA NA NA NA NA NA NA NA
"31" "" 2009-01-02 33.13 "NYK" "" "IND" "L" -2 NA NA NA NA NA NA NA NA NA NA NA NA NA NA NA NA
"32" "" 2009-01-04 33.13 "NYK" "" "BOS" "W" 12 NA NA NA NA NA NA NA NA NA NA NA NA NA NA NA NA
"33" "" 2009-01-06 33.14 "NYK" "@" "OKC" "L" -8 NA NA NA NA NA NA NA NA NA NA NA NA NA NA NA NA
"34" "" 2009-01-08 33.14 "NYK" "@" "DAL" "L" -5 NA NA NA NA NA NA NA NA NA NA NA NA NA NA NA NA
"35" "" 2009-01-10 33.15 "NYK" "@" "HOU" "L" -20 NA NA NA NA NA NA NA NA NA NA NA NA NA NA NA NA
"36" "" 2009-01-12 33.15 "NYK" "@" "NOH" "W" 6 NA NA NA NA NA NA NA NA NA NA NA NA NA NA NA NA
"37" "" 2009-01-14 33.16 "NYK" "" "WAS" "W" 6 NA NA NA NA NA NA NA NA NA NA NA NA NA NA NA NA
"38" "" 2009-01-16 33.16 "NYK" "@" "WAS" "L" -7 NA NA NA NA NA NA NA NA NA NA NA NA NA NA NA NA
"39" "" 2009-01-17 33.17 "NYK" "" "PHI" "L" -10 NA NA NA NA NA NA NA NA NA NA NA NA NA NA NA NA
"40" "" 2009-01-19 33.17 "NYK" "" "CHI" "W" 4 NA NA NA NA NA NA NA NA NA NA NA NA NA NA NA NA
"41" "" 2009-01-21 33.18 "NYK" "" "PHO" "W" 5 NA NA NA NA NA NA NA NA NA NA NA NA NA NA NA NA
"42" "" 2009-01-23 33.18 "NYK" "" "MEM" "W" 20 NA NA NA NA NA NA NA NA NA NA NA NA NA NA NA NA
"43" "" 2009-01-24 33.19 "NYK" "@" "PHI" "L" -6 NA NA NA NA NA NA NA NA NA NA NA NA NA NA NA NA
"44" "" 2009-01-26 33.19 "NYK" "" "HOU" "W" 6 NA NA NA NA NA NA NA NA NA NA NA NA NA NA NA NA
"45" "" 2009-01-28 33.2 "NYK" "" "ATL" "W" 8 NA NA NA NA NA NA NA NA NA NA NA NA NA NA NA NA
"46" "" 2009-01-31 33.21 "NYK" "@" "IND" "W" 9 NA NA NA NA NA NA NA NA NA NA NA NA NA NA NA NA
"47" "" 2009-02-02 33.21 "NYK" "" "LAL" "L" -9 NA NA NA NA NA NA NA NA NA NA NA NA NA NA NA NA
"48" "" 2009-02-04 33.22 "NYK" "" "CLE" "L" -5 NA NA NA NA NA NA NA NA NA NA NA NA NA NA NA NA
"49" "" 2009-02-06 33.22 "NYK" "" "BOS" "L" -10 NA NA NA NA NA NA NA NA NA NA NA NA NA NA NA NA
"50" "" 2009-02-08 33.23 "NYK" "@" "POR" "L" -1 NA NA NA NA NA NA NA NA NA NA NA NA NA NA NA NA
"51" "" 2009-02-10 33.23 "NYK" "@" "GSW" "L" -17 NA NA NA NA NA NA NA NA NA NA NA NA NA NA NA NA
"52" "" 2009-02-11 33.24 "NYK" "@" "LAC" "L" -4 NA NA NA NA NA NA NA NA NA NA NA NA NA NA NA NA
"53" "" 2009-02-17 33.25 "NYK" "" "SAS" "W" 5 NA NA NA NA NA NA NA NA NA NA NA NA NA NA NA NA
"54" "" 2009-02-20 33.26 "CHI" "" "DEN" "W" 17 NA NA NA NA NA NA NA NA NA NA NA NA NA NA NA NA
"55" "" 2009-02-22 33.27 "CHI" "@" "IND" "L" -7 NA NA NA NA NA NA NA NA NA NA NA NA NA NA NA NA
"56" "" 2009-02-24 33.27 "CHI" "" "ORL" "W" 18 NA NA NA NA NA NA NA NA NA NA NA NA NA NA NA NA
"57" "" 2009-02-25 33.27 "CHI" "@" "NJN" "L" -12 NA NA NA NA NA NA NA NA NA NA NA NA NA NA NA NA
"58" "" 2009-02-27 33.28 "CHI" "@" "WAS" "L" -23 NA NA NA NA NA NA NA NA NA NA NA NA NA NA NA NA
"59" "" 2009-02-28 33.28 "CHI" "" "HOU" "W" 3 NA NA NA NA NA NA NA NA NA NA NA NA NA NA NA NA
"60" "" 2009-03-03 33.29 "CHI" "@" "CHA" "L" -16 NA NA NA NA NA NA NA NA NA NA NA NA NA NA NA NA
"61" "" 2009-03-04 33.29 "CHI" "" "GSW" "W" 22 NA NA NA NA NA NA NA NA NA NA NA NA NA NA NA NA
"62" "" 2009-03-06 33.3 "CHI" "" "MIL" "W" 15 NA NA NA NA NA NA NA NA NA NA NA NA NA NA NA NA
"63" "" 2009-03-09 33.31 "CHI" "@" "MIA" "L" -3 NA NA NA NA NA NA NA NA NA NA NA NA NA NA NA NA
"64" "" 2009-03-11 33.31 "CHI" "@" "ORL" "L" -28 NA NA NA NA NA NA NA NA NA NA NA NA NA NA NA NA
"65" "" 2009-03-13 33.32 "CHI" "@" "PHI" "L" -3 NA NA NA NA NA NA NA NA NA NA NA NA NA NA NA NA
"66" "" 2009-03-14 33.32 "CHI" "" "NOH" "W" 18 NA NA NA NA NA NA NA NA NA NA NA NA NA NA NA NA
"67" "" 2009-03-17 33.33 "CHI" "" "BOS" "W" 6 NA NA NA NA NA NA NA NA NA NA NA NA NA NA NA NA
"68" "" 2009-03-18 33.33 "CHI" "@" "OKC" "W" 7 NA NA NA NA NA NA NA NA NA NA NA NA NA NA NA NA
"69" "" 2009-03-21 33.34 "CHI" "" "LAL" "L" -8 NA NA NA NA NA NA NA NA NA NA NA NA NA NA NA NA
"70" "" 2009-03-23 33.35 "CHI" "@" "WAS" "W" 2 NA NA NA NA NA NA NA NA NA NA NA NA NA NA NA NA
"71" "" 2009-03-24 33.35 "CHI" "" "DET" "W" 8 NA NA NA NA NA NA NA NA NA NA NA NA NA NA NA NA
"72" "" 2009-03-26 33.35 "CHI" "" "MIA" "W" 19 NA NA NA NA NA NA NA NA NA NA NA NA NA NA NA NA
"73" "" 2009-03-28 33.36 "CHI" "" "IND" "W" 6 NA NA NA NA NA NA NA NA NA NA NA NA NA NA NA NA
"74" "" 2009-03-29 33.36 "CHI" "@" "TOR" "L" -5 NA NA NA NA NA NA NA NA NA NA NA NA NA NA NA NA
"75" "" 2009-03-31 33.37 "CHI" "@" "IND" "L" -2 NA NA NA NA NA NA NA NA NA NA NA NA NA NA NA NA
"76" "" 2009-04-04 33.38 "CHI" "" "NJN" "W" 9 NA NA NA NA NA NA NA NA NA NA NA NA NA NA NA NA
"77" "" 2009-04-07 33.39 "CHI" "" "NYK" "W" 7 NA NA NA NA NA NA NA NA NA NA NA NA NA NA NA NA
"78" "" 2009-04-09 33.39 "CHI" "" "PHI" "W" 14 NA NA NA NA NA NA NA NA NA NA NA NA NA NA NA NA
"79" "" 2009-04-11 33.4 "CHI" "" "CHA" "W" 7 NA NA NA NA NA NA NA NA NA NA NA NA NA NA NA NA
"80" "" 2009-04-13 33.4 "CHI" "@" "DET" "W" 3 NA NA NA NA NA NA NA NA NA NA NA NA NA NA NA NA
"81" "" 2009-04-15 33.41 "CHI" "" "TOR" "L" -11 NA NA NA NA NA NA NA NA NA NA NA NA NA NA NA NA
