"Rk" "G" "Date" "Age" "Tm" "H/A" "Opp" "W/L" "By Amt" "GS" "MP" "TS%" "eFG%" "ORB%" "DRB%" "TRB%" "AST%" "STL%" "BLK%" "TOV%" "USG%" "ORtg" "DRtg" "GmSc" "BPM"
"1" "1" 2010-10-27 23.3 "MIN" "" "SAC" "L" -1 0 18.05 0.553 0.5 19 5.4 11.7 9 2.6 0 7.8 29.2 119 115 9.1 -0.9
"2" "2" 2010-10-29 23.3 "MIN" "" "MIL" "W" 11 0 27.3666666666667 0.53 0.5 10.5 0 5.2 7 0 2.6 30.6 24.1 85 96 3.1 -5
"3" "3" 2010-10-30 23.3 "MIN" "@" "MEM" "L" -20 0 24.65 0.265 0.2 3.7 24.9 13.6 7.2 1.8 0 0 16.8 75 101 2.8 -4.4
"4" "4" 2010-11-02 23.31 "MIN" "@" "MIA" "L" -32 0 24.4833333333333 0.444 0.375 7.5 5.6 6.8 42.3 3.9 0 21.5 30.8 87 127 8.6 0.8
"5" "5" 2010-11-03 23.32 "MIN" "@" "ORL" "L" -42 1 29.8333333333333 0.337 0.273 6.2 7.3 6.7 13.9 0 0 0 16.7 89 135 4.1 -6
"6" "6" 2010-11-05 23.32 "MIN" "" "ATL" "L" -10 1 35.4166666666667 0.818 0.818 0 4 1.6 8.3 1.4 2.2 0 12.9 168 120 15.7 6.3
"7" "7" 2010-11-07 23.33 "MIN" "@" "HOU" "L" -26 1 29.1333333333333 0.222 0.222 0 7.3 3.2 5.4 1.7 0 18.2 14.9 46 123 -2 -12.1
"8" "8" 2010-11-09 23.33 "MIN" "@" "LAL" "L" -5 1 25.0333333333333 0.318 0.318 7.1 9.1 8 13.1 0 0 21.4 21.4 72 111 -1.1 -13.3
"9" "9" 2010-11-10 23.33 "MIN" "@" "SAC" "W" 9 1 30.6833333333333 0.75 0.75 7 21.1 13.4 9.4 0 0 20 14.1 128 95 9.5 4.1
"10" "10" 2010-11-12 23.34 "MIN" "" "NYK" "W" 9 1 37.4666666666667 0.833 0.833 5.2 5.1 5.2 10.6 0 6.1 10 10.3 159 107 15.1 6.7
"11" "11" 2010-11-14 23.35 "MIN" "@" "ATL" "L" -6 1 36.9666666666667 0.625 0.625 3.5 9.3 6.6 12.2 0 0 11.1 10.4 128 123 6.3 -2.5
"12" "12" 2010-11-15 23.35 "MIN" "@" "CHA" "L" -3 1 28.6833333333333 0.34 0.4 0 9.3 4.1 16.9 0 5.7 0 8.7 95 116 4.9 -2
"13" "13" 2010-11-17 23.35 "MIN" "" "LAC" "W" 2 1 28.5333333333333 0.478 0.417 0 3.9 2.2 9.4 0 2.6 0 12.4 109 125 4.8 -6.8
"14" "14" 2010-11-19 23.36 "MIN" "" "LAL" "L" -17 1 25.5166666666667 0.278 0.278 3.4 0 2 17.5 0 2.9 10 16 73 118 0.8 -8.5
"15" "15" 2010-11-22 23.37 "MIN" "@" "OKC" "L" -10 1 24.8833333333333 0.509 0.583 0 5.8 2.5 5 1.9 0 12.7 13.6 91 119 2.6 -5.2
"16" "16" 2010-11-24 23.37 "MIN" "" "SAS" "L" -4 1 35.6833333333333 0.856 0.857 0 2.7 1.5 4.3 0 7.3 0 11.1 177 112 12.4 7.4
"17" "17" 2010-11-27 23.38 "MIN" "" "GSW" "L" -10 1 21.4166666666667 0.388 0.333 4.6 17.7 10.3 0 2.5 3.7 23.7 16.4 73 110 1.3 -9.4
"18" "18" 2010-12-01 23.39 "MIN" "@" "DAL" "L" -14 1 19.6833333333333 0.833 0.833 0 15.9 7.6 9 0 0 0 6.7 170 108 3.7 -1.3
"19" "19" 2010-12-03 23.4 "MIN" "@" "SAS" "L" -6 1 31.2166666666667 0.254 0.214 5.8 14.3 9.6 8.2 1.6 0 33.7 15 54 115 -0.3 -9.3
"20" "20" 2010-12-04 23.4 "MIN" "" "CLE" "W" 34 1 29.9666666666667 1.059 1.056 0 19.6 12.8 9.1 0 4.8 29.8 20.3 131 98 16.7 7.7
"21" "21" 2010-12-06 23.41 "MIN" "@" "NYK" "L" -7 1 33.7333333333333 0.417 0.417 0 7.9 4.3 11.2 0 0 14.3 9.3 96 132 2.9 -4.1
"22" "22" 2010-12-08 23.41 "MIN" "" "OKC" "L" -8 1 42.7666666666667 0.5 0.5 2.1 16 6.8 9.2 2.3 0 28.6 6.7 90 114 6.3 -2.9
"23" "23" 2010-12-10 23.42 "MIN" "" "DET" "W" 10 1 26.0166666666667 0.611 0.611 5 17.2 11.5 5.6 0 2.6 18.2 19.2 108 111 6 -5
"24" "24" 2010-12-11 23.42 "MIN" "@" "CHI" "L" -31 1 24.2333333333333 0.571 0.571 0 9.4 4.5 7.3 0 0 22.2 16.4 92 126 3.2 -4.1
"25" "25" 2010-12-14 23.43 "MIN" "@" "GSW" "L" -9 1 20.2833333333333 0.4 0.4 0 11 5.3 6.9 0 0 0 10.2 98 116 1.8 -6.8
"26" "26" 2010-12-15 23.43 "MIN" "@" "PHO" "L" -6 1 35.6833333333333 0.66 0.625 0 12 6.3 16.6 0 4.5 13.4 17.1 122 125 13.9 0.2
"27" "27" 2010-12-17 23.44 "MIN" "@" "POR" "L" -5 1 23.7166666666667 0.75 0.75 0 10.1 4.7 6.2 2.2 3.3 0 10.3 170 115 9 6.4
"28" "28" 2010-12-18 23.44 "MIN" "@" "DEN" "L" -2 1 22.7333333333333 0.571 0.571 5.3 9.6 7.5 20.7 0 7.2 0 12.8 136 113 7.9 2
"29" "29" 2010-12-20 23.44 "MIN" "@" "LAC" "L" -23 1 23.9333333333333 0.583 0.583 0 5 2.3 15.4 0 0 33.3 17.2 76 124 0.7 -10.8
"30" "30" 2010-12-22 23.45 "MIN" "" "UTA" "L" -5 1 39.8833333333333 0.875 0.875 0 6.2 2.7 11.7 2.4 1.9 20 10.2 139 114 13 7.1
"31" "31" 2010-12-26 23.46 "MIN" "@" "CLE" "W" 1 1 22.8166666666667 0.3 0.3 0 22.9 11.3 6.8 0 0 16.7 11.7 61 105 1.1 -8.6
"32" "32" 2010-12-27 23.46 "MIN" "" "NOH" "W" 15 1 35.7833333333333 0.932 0.917 0 0 0 13.3 1.5 0 13.4 19.6 148 114 19.1 10.1
"33" "33" 2010-12-29 23.47 "MIN" "" "DEN" "L" -6 1 30.9 0.455 0.455 0 3.7 2 21.7 3.2 0 15.4 17.4 101 122 6.5 -1.9
"34" "34" 2011-01-01 23.48 "MIN" "" "NJN" "W" 15 1 16.7833333333333 0.359 0.25 0 30.1 16.1 18.3 0 4.9 9.3 30.1 85 97 3.3 -9.1
"35" "35" 2011-01-03 23.48 "MIN" "@" "BOS" "L" -3 1 28.1833333333333 1.333 1.333 0 8.7 4.5 11.4 0 2.6 40 7.8 139 109 7.4 5.7
"36" "36" 2011-01-05 23.49 "MIN" "" "CHA" "L" -3 1 32.6666666666667 0.357 0.357 0 5.6 3.1 5.1 1.6 0 17.6 24.2 64 109 0.3 -12.6
"37" "37" 2011-01-07 23.49 "MIN" "" "POR" "L" -10 1 18.9333333333333 0 0 0 6 3.1 6.9 5.7 0 25 9.8 18 116 -0.5 -8.2
"38" "38" 2011-01-09 23.5 "MIN" "@" "SAS" "L" -3 0 25.4 0.346 0.346 0 12.9 5.8 0 0 0 7.1 23.8 75 110 1 -10.1
"39" "39" 2011-01-11 23.5 "MIN" "" "SAS" "L" -11 0 16.2833333333333 0.438 0.438 5.7 0 3.2 23.4 6 5.2 0 20.4 107 101 6.6 9.2
"40" "40" 2011-01-13 23.51 "MIN" "" "WAS" "W" 12 1 15.4333333333333 0.5 0.5 0 16.4 7.3 0 0 0 0 16.3 110 105 2.4 -5.2
"41" "41" 2011-01-15 23.52 "MIN" "" "ORL" "L" -9 1 21 0.515 0.333 0 5.4 2.8 13.2 0 0 43.6 14.1 71 120 0.6 -8.6
"42" "" 2011-01-17 23.52 "MIN" "@" "POR" "L" -11 NA NA NA NA NA NA NA NA NA NA NA NA NA NA NA NA
"43" "42" 2011-01-19 23.53 "MIN" "@" "LAC" "L" -15 0 11.6166666666667 0 0 0 0 0 10.1 4.1 6.1 0 19.5 13 125 -1.9 -17.4
"44" "43" 2011-01-24 23.54 "MIN" "" "HOU" "L" -4 0 33.05 0.625 0.615 0 10.6 5.3 16.2 4.1 5.1 6.2 19.7 125 116 16.6 5.2
"45" "44" 2011-01-26 23.55 "MIN" "" "OKC" "L" -1 0 33.4833333333333 0.597 0.6 6.2 10.6 8.2 4.2 3 0 15.5 15.7 111 109 9.4 1
"46" "45" 2011-01-28 23.55 "MIN" "@" "UTA" "L" -8 0 27.3166666666667 0.679 0.679 0 3.4 2 16 0 0 0 21.9 139 118 13.3 6.7
"47" "46" 2011-01-29 23.55 "MIN" "" "TOR" "W" 16 0 27.6166666666667 0.589 0.545 4.2 2.7 3.3 13.2 0 2 7.8 20.3 117 95 10 2.4
"48" "47" 2011-02-02 23.56 "MIN" "" "MEM" "L" -18 0 14.8666666666667 0.182 0.182 0 8.5 3.8 10.6 3.4 0 8.3 36.4 41 106 -2.3 -19.3
"49" "48" 2011-02-04 23.57 "MIN" "@" "TOR" "L" -11 0 22.7833333333333 0.455 0.455 9.4 6 7.9 23.8 4.5 0 0 21.1 118 114 9.3 4.7
"50" "49" 2011-02-05 23.57 "MIN" "" "DEN" "L" -13 0 22.0666666666667 0.455 0.455 4 18.1 9.6 15.4 4.5 0 8.3 22.8 93 110 7.5 2.2
"51" "50" 2011-02-07 23.58 "MIN" "@" "NOH" "W" 12 0 22 0.214 0.214 5.9 13.1 10 34.3 0 3.6 0 14.5 95 105 3.5 -2
"52" "51" 2011-02-08 23.58 "MIN" "@" "HOU" "W" 4 1 28.4166666666667 0.591 0.591 9.1 15 12.4 4.8 0 10.7 0 16.8 142 108 13.8 9.4
"53" "52" 2011-02-11 23.59 "MIN" "@" "IND" "L" -11 1 15 0.286 0.286 0 17.3 7.3 10.1 0 0 12.5 21.3 67 125 -1.4 -17.8
"54" "53" 2011-02-12 23.59 "MIN" "" "PHI" "L" -20 1 24.5833333333333 0.265 0.2 0 10.6 4.6 20.8 2.1 0 8.1 21.3 64 113 0.5 -9.1
"55" "54" 2011-02-14 23.6 "MIN" "" "POR" "L" -14 1 11.7666666666667 0.073 0 0 0 0 0 4.9 6.2 12.7 31.7 16 110 -2.9 -19.1
"56" "55" 2011-02-16 23.6 "MIN" "" "LAC" "L" -8 0 9.93333333333333 0 0 9.5 11.2 10.3 0 5.2 0 50 17 12 100 -1.4 -14.5
"57" "56" 2011-02-22 23.62 "MIN" "@" "MIL" "L" -6 1 37.85 0.444 0.393 4.5 19 10.6 14.8 1.4 2.6 11.3 19.6 95 98 9.6 1.7
"58" "57" 2011-02-23 23.62 "MIN" "" "MEM" "L" -9 1 24.45 0.269 0.286 0 0 0 13.1 0 2.9 11.8 14.1 63 116 -0.2 -9.5
"59" "58" 2011-02-25 23.63 "MIN" "" "NOH" "L" -14 1 43.0666666666667 0.579 0.579 0 8.6 4.1 21.4 0 2.1 5 21.2 126 116 15.7 5
"60" "59" 2011-02-27 23.63 "MIN" "" "GSW" "W" 3 1 38.0166666666667 0.571 0.571 2.5 15.2 8.8 11 5 3.9 16.8 17.5 116 111 15.8 6.2
"61" "60" 2011-03-01 23.64 "MIN" "" "LAL" "L" -11 1 37.35 0.559 0.559 2.9 19.1 11.2 12.4 1.5 0 0 23.7 117 103 13.7 5.6
"62" "61" 2011-03-02 23.64 "MIN" "@" "DET" "W" 11 1 28.9833333333333 0.491 0.389 0 12.5 7.8 18.9 1.7 7.8 15.2 20.2 101 103 9.8 1.5
"63" "" 2011-03-04 23.65 "MIN" "@" "PHI" "L" -11 NA NA NA NA NA NA NA NA NA NA NA NA NA NA NA NA
"64" "" 2011-03-05 23.65 "MIN" "@" "WAS" "L" -7 NA NA NA NA NA NA NA NA NA NA NA NA NA NA NA NA
"65" "62" 2011-03-07 23.65 "MIN" "" "DAL" "L" -3 1 14.1833333333333 0.5 0.5 7.1 8.3 7.6 21 0 0 0 14.7 132 121 4.3 1
"66" "63" 2011-03-09 23.66 "MIN" "" "IND" "W" 26 1 11.95 0.21 0 0 35.2 17.9 0 0 0 0 15.7 51 71 -0.2 -9.8
"67" "64" 2011-03-11 23.67 "MIN" "" "UTA" "W" 21 1 23.75 1.5 1.5 10.4 0 5.2 9.6 2.1 0 33.3 5.6 176 110 7.4 4.6
"68" "65" 2011-03-13 23.67 "MIN" "@" "GSW" "L" -23 1 22.2833333333333 0.167 0.167 5.1 4.6 4.8 9 2.2 0 10 19.6 42 106 -1.6 -10.7
"69" "66" 2011-03-16 23.68 "MIN" "@" "UTA" "L" -15 1 18.4333333333333 0.47 0.375 0 0 0 0 0 0 0 12.1 114 129 1.8 -7.3
"70" "67" 2011-03-18 23.68 "MIN" "@" "LAL" "L" -8 1 36.55 0.637 0.595 5.7 6.1 5.9 5.3 4.2 2 4.2 27.6 135 113 23.3 11.8
"71" "68" 2011-03-20 23.69 "MIN" "" "SAC" "L" -32 1 21.7166666666667 0.2 0.2 5.4 13.4 9 0 0 0 0 9.6 53 126 -0.2 -11.5
"72" "69" 2011-03-24 23.7 "MIN" "@" "DAL" "L" -8 1 27.4333333333333 0.427 0.375 0 17.1 8.6 5.2 0 3 7.2 23.7 85 111 5.4 -3.3
"73" "70" 2011-03-25 23.7 "MIN" "@" "OKC" "L" -8 1 25.1333333333333 0.5 0.5 4.7 4.9 4.8 17.7 0 0 0 17.1 123 119 6.9 0.2
"74" "71" 2011-03-27 23.71 "MIN" "" "BOS" "L" -3 1 32.3666666666667 0.278 0.278 0 9.9 4.9 0 0 2.5 18.2 15.8 53 110 -1.7 -12.6
"75" "72" 2011-03-30 23.72 "MIN" "" "CHI" "L" -17 1 15.8333333333333 0 0 0 34.6 14.4 0 0 0 0 17.8 0 117 -3.4 -20.7
"76" "73" 2011-04-01 23.72 "MIN" "" "MIA" "L" -19 1 21.3833333333333 0.291 0.222 0 13.6 5.8 0 4.7 3.5 16.2 26.8 51 108 1.4 -7.5
"77" "74" 2011-04-02 23.73 "MIN" "@" "MEM" "L" -17 1 24.9833333333333 0.143 0.143 5.7 13.1 9.9 23.2 6.1 4.9 12.5 14.6 60 100 4.9 2.2
"78" "75" 2011-04-05 23.73 "MIN" "@" "NJN" "L" -2 1 21.1833333333333 1 1 0 24.1 13.7 14.1 0 3.3 20 10.5 153 112 9 8.7
"79" "76" 2011-04-06 23.74 "MIN" "" "PHO" "L" -10 1 29.4 0.385 0.385 0 13.6 6 10.4 5.1 2.7 13.3 22.7 72 105 6.5 -1.8
"80" "77" 2011-04-09 23.75 "MIN" "@" "DEN" "L" -24 1 24.1833333333333 0.505 0.458 4.5 23.1 13.7 19.2 2 7.9 0 23.5 114 121 12.5 6.8
"81" "78" 2011-04-11 23.75 "MIN" "@" "PHO" "L" -8 1 30.2666666666667 0.589 0.545 0 4.5 2.2 0 0 2.8 0 17.4 132 130 8.9 -2.5
"82" "79" 2011-04-13 23.76 "MIN" "" "HOU" "L" -19 1 32.25 0.571 0.571 3.1 14.2 8.3 8.5 1.5 0 22.2 11.5 97 122 6.2 -3.6
"1" "1" 2011-12-26 24.46 "MIN" "" "OKC" "L" -4 1 24.7166666666667 0.625 0.625 0 5.1 2.4 16.6 0 0 42.9 12.3 78 111 1.6 -2.5
"2" "2" 2011-12-27 24.46 "MIN" "@" "MIL" "L" -3 1 30.95 0.444 0.444 0 11.5 6.3 0 0 0 10 13.5 90 105 2.7 -2.4
"3" "3" 2011-12-30 24.47 "MIN" "" "MIA" "L" -2 1 17.15 0.5 0.5 0 12.2 6.2 8.4 0 3.5 33.3 21.6 70 102 1.2 -4.1
"4" "4" 2012-01-01 24.48 "MIN" "" "DAL" "W" 17 1 13.1666666666667 0.143 0.143 0 8.5 4.1 11.3 3.9 0 12.5 26.1 40 85 -2.3 -15.4
"5" "5" 2012-01-02 24.48 "MIN" "" "SAS" "W" 10 1 29.5666666666667 1.167 1.167 0 8.1 4.8 5.2 1.8 2.6 25 13.4 159 109 12.8 11.6
"6" "6" 2012-01-04 24.48 "MIN" "" "MEM" "L" -4 1 16.2333333333333 0 0 0 18.9 9.2 0 0 0 0 13.5 0 104 -3 -15.6
"7" "7" 2012-01-06 24.49 "MIN" "" "CLE" "L" -11 1 17.4833333333333 0.333 0.333 6 13.1 9.4 29.2 0 0 40 12.6 68 112 1.3 -4.9
"8" "8" 2012-01-08 24.5 "MIN" "@" "WAS" "W" 21 1 19.7 0.282 0.25 0 9.7 5.5 7.8 0 3.2 10.1 23.5 61 87 0.4 -10.4
"9" "9" 2012-01-09 24.5 "MIN" "@" "TOR" "L" -10 1 19.2 0 0 5.6 0 3 9.3 5.8 4.3 28.6 16 15 108 -1.4 -8.5
"10" "10" 2012-01-10 24.5 "MIN" "" "CHI" "L" -11 1 9.4 0.6 0.6 11.6 15.5 13.3 0 0 0 16.7 29.7 96 123 3.7 -2.7
"11" "11" 2012-01-13 24.51 "MIN" "@" "NOH" "W" 7 1 34.1166666666667 0.346 0.346 3.2 17.9 11.4 0 1.6 1.9 7.1 19.2 74 87 3.8 -2.6
"12" "12" 2012-01-14 24.51 "MIN" "@" "ATL" "L" -2 1 23.1333333333333 0.25 0.25 4.4 9.4 6.8 0 2.2 0 20 19.9 47 104 -1.3 -13.9
"13" "13" 2012-01-16 24.52 "MIN" "" "SAC" "W" 13 1 33.6833333333333 0.273 0.273 0 15 7.6 4.4 1.6 2.3 0 15.5 65 97 2.3 -9.1
"14" "14" 2012-01-18 24.52 "MIN" "" "DET" "W" 8 1 21.9333333333333 0.709 0.75 5.5 9.7 7.7 0 0 0 0 16.2 149 103 8.9 6.2
"15" "15" 2012-01-20 24.53 "MIN" "@" "LAC" "W" 3 1 23.95 0.478 0.417 4.6 0 2.5 6.3 2.1 0 0 13.8 112 109 5.2 -0.6
"16" "16" 2012-01-21 24.53 "MIN" "@" "UTA" "L" -10 1 36 1.009 1 3 18 9.9 8.8 1.5 0 13.4 9.6 174 122 12.4 4.5
"17" "" 2012-01-23 24.54 "MIN" "" "HOU" "L" -15 NA NA NA NA NA NA NA NA NA NA NA NA NA NA NA NA
"18" "17" 2012-01-25 24.54 "MIN" "@" "DAL" "W" 15 0 17.0833333333333 0.5 0.5 0 20.8 11.8 9.9 6 0 16.7 15.8 90 87 4.8 1.7
"19" "18" 2012-01-27 24.55 "MIN" "" "SAS" "W" 8 1 24.0833333333333 0.429 0.429 4.7 21 12.5 6.6 0 3.4 0 14.1 100 89 5.6 2.8
"20" "19" 2012-01-29 24.55 "MIN" "" "LAL" "L" -5 1 14.55 0.333 0.333 5.7 9.4 7.1 0 0 0 14.3 19.6 73 123 -0.6 -16.1
"21" "20" 2012-01-30 24.56 "MIN" "@" "HOU" "W" 12 1 20.3333333333333 0.286 0.286 0 16.1 9.6 0 2.5 0 46.2 29.1 31 110 -5 -22.4
"22" "21" 2012-02-01 24.56 "MIN" "" "IND" "L" -10 1 17.5 0.311 0.333 0 18.3 8.6 9.6 2.7 8 23.7 18.8 53 96 1.4 -1.6
"23" "22" 2012-02-03 24.57 "MIN" "@" "NJN" "W" 3 1 28.55 0.479 0.45 0 29.2 15.3 0 0 2.6 16.1 18.7 86 108 4.9 -7.1
"24" "23" 2012-02-04 24.57 "MIN" "" "HOU" "W" 9 1 19.6666666666667 0.417 0.417 0 5.5 2.9 0 0 0 14.3 15.8 78 105 -0.3 -8.6
"25" "24" 2012-02-07 24.58 "MIN" "" "SAC" "W" 2 1 24.0833333333333 0.583 0.583 0 0 0 0 2.1 0 0 11.1 115 98 4.6 -0.1
"26" "25" 2012-02-08 24.58 "MIN" "@" "MEM" "L" -5 1 23.4833333333333 0.509 0.5 0 7 3.9 8.2 0 0 12.7 15.7 92 101 3.1 -5
"27" "26" 2012-02-10 24.59 "MIN" "" "DAL" "L" -7 1 13.3333333333333 0.129 0 0 8.6 4.2 22.5 0 0 20.5 14.7 45 104 -1.6 -8.8
"28" "27" 2012-02-11 24.59 "MIN" "" "NYK" "L" -2 1 17.4166666666667 0 0 0 6.4 3.3 0 0 0 33.3 7.2 0 104 -2.5 -10.2
"29" "28" 2012-02-13 24.59 "MIN" "@" "ORL" "L" -13 1 20.8666666666667 0.429 0.429 0 25.6 12.4 8.8 0 8.4 0 14.8 98 103 4.7 2.1
"30" "29" 2012-02-15 24.6 "MIN" "" "CHA" "W" 12 1 24.4666666666667 0.477 0.444 0 4 2.3 0 2.1 2.9 9.6 19.5 90 100 4.1 -6.9
"31" "30" 2012-02-17 24.61 "MIN" "@" "HOU" "W" 13 1 28.7833333333333 0.75 0.75 5.4 17.1 11.9 13.8 0 5.1 0 9.4 174 109 10.6 8.5
"32" "31" 2012-02-19 24.61 "MIN" "" "PHI" "W" 1 1 21.85 0 0 4.6 4.6 4.6 0 0 2.8 33.3 12.4 11 109 -3.9 -15
"33" "32" 2012-02-20 24.61 "MIN" "@" "DEN" "L" -2 1 18.0333333333333 0.515 0.333 0 0 0 8.9 2.8 0 0 9.2 124 104 3.6 0.7
"34" "33" 2012-02-22 24.62 "MIN" "" "UTA" "W" 2 1 20.7666666666667 0.643 0.643 5 16.1 10.4 0 0 3 12.5 16.7 116 111 6.2 2.6
"35" "34" 2012-02-28 24.64 "MIN" "@" "LAC" "W" 12 1 18.1 0.363 0.417 0 12.6 6.5 7.6 0 0 0 18.5 81 113 2.1 -6.4
"36" "35" 2012-02-29 24.64 "MIN" "@" "LAL" "L" -19 1 16.9666666666667 0.5 0.5 0 6.9 3.1 0 0 0 0 12.9 101 114 1.8 -5.4
"37" "36" 2012-03-01 24.64 "MIN" "@" "PHO" "L" -9 1 27.6 0.5 0.5 3.5 21.7 10.7 7.4 3.8 4.9 7.7 20.4 104 109 10.6 5.6
"38" "37" 2012-03-03 24.65 "MIN" "@" "POR" "W" 12 1 8.53333333333333 1.5 1.5 0 0 0 0 0 0 0 10.7 300 125 3.8 12.2
"39" "38" 2012-03-05 24.65 "MIN" "" "LAC" "W" 1 1 24.7 0.25 0.25 0 4.3 2 6.5 0 3.2 0 11.3 67 114 0.5 -5
"40" "39" 2012-03-07 24.66 "MIN" "" "POR" "W" 12 1 28.3666666666667 0.864 0.864 12.7 3.8 8.1 14.4 3.9 0 0 18.3 184 106 20.3 20
"41" "40" 2012-03-09 24.66 "MIN" "" "LAL" "L" -3 1 24.8333333333333 0.688 0.688 0 0 0 0 8.5 9.1 0 14.7 139 102 11.9 16.2
"42" "41" 2012-03-10 24.67 "MIN" "" "NOH" "L" -6 1 25.4666666666667 0 0 4.3 4.8 4.5 17.1 4.1 2.4 0 5.2 68 99 2.1 -0.2
"43" "42" 2012-03-12 24.67 "MIN" "@" "PHO" "W" 3 1 23.05 0.654 0.583 0 16.9 8.2 4.8 0 0 0 13.1 146 132 6.4 -3.3
"44" "43" 2012-03-15 24.68 "MIN" "@" "UTA" "L" -6 1 36.0333333333333 0.455 0.389 3.1 10.7 7.2 0 1.4 3.3 9.2 14 89 106 5.2 -3.8
"45" "44" 2012-03-16 24.68 "MIN" "@" "LAL" "L" -5 1 22.1 0.25 0.25 0 4.5 2.1 0 2.4 3.7 50 15.4 25 104 -3.2 -14.1
"46" "45" 2012-03-18 24.69 "MIN" "@" "SAC" "L" -16 1 28.25 0.167 0.167 0 18.9 9.1 9.4 0 7.5 25 11.3 42 111 1.2 -5.7
"47" "46" 2012-03-19 24.69 "MIN" "@" "GSW" "W" 4 1 20.6 0.654 0.667 6.5 15.5 11.5 0 2.6 4.3 12.7 18.3 112 99 7.5 5.4
"48" "47" 2012-03-21 24.7 "MIN" "@" "SAS" "L" -16 1 25.4833333333333 0.5 0.5 0 15.4 7.8 0 0 2.5 14.3 11.9 83 117 3.5 -2.9
"49" "48" 2012-03-23 24.7 "MIN" "@" "OKC" "L" -9 1 16.0333333333333 0 0 0 33.7 15.6 7.4 0 4.2 0 2.7 59 122 1.9 -0.4
"50" "49" 2012-03-25 24.71 "MIN" "" "DEN" "W" 17 1 18.2166666666667 0.278 0.278 0 0 0 13.3 2.8 4 0 20.7 83 107 1.8 -6.2
"51" "50" 2012-03-27 24.71 "MIN" "@" "MEM" "L" -7 1 21.9166666666667 0.429 0.429 4.7 10.4 7.4 16.6 2.5 6.3 12.5 16.9 93 101 5.6 3.1
"52" "51" 2012-03-28 24.72 "MIN" "@" "CHA" "W" 5 1 31.7333333333333 0.625 0.625 0 17.6 8.6 0 0 0 33.3 8.8 74 97 0.9 -8.8
"53" "52" 2012-03-30 24.72 "MIN" "" "BOS" "L" -21 1 21.8666666666667 0.357 0.357 0 29.9 14.6 20.3 0 0 12.5 16.6 78 110 3.1 -2.3
"54" "53" 2012-04-01 24.73 "MIN" "@" "POR" "L" -13 1 23.9333333333333 0.75 0.75 0 4.9 2.5 7.2 2.2 3.3 0 11.9 152 130 8.3 3.6
"55" "54" 2012-04-02 24.73 "MIN" "@" "SAC" "L" -8 1 21.9333333333333 0.8 0.8 5 17.7 10.8 6.7 0 0 16.7 12.7 133 130 6.6 0.1
"56" "55" 2012-04-04 24.73 "MIN" "" "GSW" "L" -3 1 38.05 0.545 0.545 0 8.6 4.4 0 2.6 5.4 8.3 13.4 105 95 8.7 1.7
"57" "56" 2012-04-07 24.74 "MIN" "@" "NOH" "L" -9 1 17.75 0 0 0 0 0 16.4 0 0 33.3 8.1 34 122 -1.4 -12.4
"58" "57" 2012-04-09 24.75 "MIN" "" "PHO" "L" -24 1 24.6666666666667 0.563 0.563 0 12.2 5.1 8 0 3.1 27.3 20 79 118 3.2 -5.7
"59" "58" 2012-04-11 24.75 "MIN" "@" "DEN" "L" -6 1 29.8333333333333 0.688 0.688 0 17.9 9.2 14.2 0 5.4 0 12.2 150 121 10.9 4.7
"60" "59" 2012-04-12 24.76 "MIN" "" "LAC" "L" -13 1 30.65 0.291 0.167 3.6 16.7 10.4 5.3 1.8 0 0 10.4 82 107 3.7 -4.5
"61" "60" 2012-04-14 24.76 "MIN" "" "OKC" "L" -5 1 18.5 0.546 0.417 5.6 5.6 5.6 7 0 0 0 17 127 123 4.7 -2.5
"62" "61" 2012-04-16 24.77 "MIN" "@" "IND" "L" -23 1 17.75 0.643 0.643 0 5.5 2.6 22.6 0 0 0 17.5 133 124 6.2 6.7
"63" "62" 2012-04-17 24.77 "MIN" "" "MEM" "L" -7 1 17.5833333333333 0 0 0 17.4 9.3 0 0 7 0 2.7 0 103 1.6 -1.5
"64" "63" 2012-04-19 24.78 "MIN" "@" "DET" "W" 11 1 21.6333333333333 0.417 0.417 0 8.2 4.9 0 0 0 0 13.7 79 92 1.4 -7.2
"65" "64" 2012-04-22 24.78 "MIN" "" "GSW" "L" -5 1 22.4333333333333 0.868 0.75 0 4.5 2.4 7.7 0 2.8 0 6 183 105 4.9 1.3
"66" "65" 2012-04-26 24.79 "MIN" "" "DEN" "L" -29 1 18.7 1 1 0 0 0 14.7 0 6.5 0 7 196 131 7.1 8.5
"1" "" 2012-10-31 25.31 "PHO" "" "GSW" "L" -2 NA NA NA NA NA NA NA NA NA NA NA NA NA NA NA NA
"2" "1" 2012-11-02 25.31 "PHO" "" "DET" "W" 3 0 8.26666666666667 0.5 0.5 13.2 12.4 12.8 0 0 0 25 21.1 88 101 0.9 -5
"3" "2" 2012-11-04 25.32 "PHO" "@" "ORL" "L" -21 0 8.71666666666667 0.2 0.2 0 40.3 18.2 0 0 0 0 24 51 118 -0.2 -17
"4" "3" 2012-11-05 25.32 "PHO" "@" "MIA" "L" -25 0 5.13333333333333 0 0 0 26.7 10.7 26.7 0 0 33.3 25.1 16 130 -1.8 -27.2
"5" "" 2012-11-07 25.33 "PHO" "@" "CHA" "W" 7 NA NA NA NA NA NA NA NA NA NA NA NA NA NA NA NA
"6" "" 2012-11-09 25.33 "PHO" "" "CLE" "W" 2 NA NA NA NA NA NA NA NA NA NA NA NA NA NA NA NA
"7" "4" 2012-11-10 25.33 "PHO" "@" "UTA" "L" -13 0 3.75 NA NA 0 0 0 0 0 0 NA 0 0 111 0 -8.6
"8" "" 2012-11-12 25.34 "PHO" "" "DEN" "W" 10 NA NA NA NA NA NA NA NA NA NA NA NA NA NA NA NA
"9" "" 2012-11-14 25.35 "PHO" "" "CHI" "L" -6 NA NA NA NA NA NA NA NA NA NA NA NA NA NA NA NA
"10" "5" 2012-11-16 25.35 "PHO" "@" "LAL" "L" -12 0 2.71666666666667 NA NA 0 41.1 20.5 39.3 0 26 NA 0 211 100 1.7 27.2
"11" "" 2012-11-17 25.35 "PHO" "" "MIA" "L" -9 NA NA NA NA NA NA NA NA NA NA NA NA NA NA NA NA
"12" "6" 2012-11-21 25.36 "PHO" "" "POR" "W" 27 0 3.96666666666667 1 1 0 29.5 18.1 0 0 0 0 12.4 200 97 2 6.6
"13" "" 2012-11-23 25.37 "PHO" "" "NOH" "W" 3 NA NA NA NA NA NA NA NA NA NA NA NA NA NA NA NA
"14" "" 2012-11-25 25.38 "PHO" "@" "PHI" "L" -3 NA NA NA NA NA NA NA NA NA NA NA NA NA NA NA NA
"15" "7" 2012-11-27 25.38 "PHO" "@" "CLE" "W" 13 0 2.55 0 0 0 40.9 22.4 0 0 0 0 36.9 0 79 -1.1 -34.9
"16" "8" 2012-11-28 25.38 "PHO" "@" "DET" "L" -40 0 16.2833333333333 0.438 0.438 0 0 0 46.2 0 0 0 21.5 110 134 4.7 3.1
"17" "" 2012-11-30 25.39 "PHO" "@" "TOR" "L" -4 NA NA NA NA NA NA NA NA NA NA NA NA NA NA NA NA
"18" "" 2012-12-02 25.39 "PHO" "@" "NYK" "L" -7 NA NA NA NA NA NA NA NA NA NA NA NA NA NA NA NA
"19" "" 2012-12-04 25.4 "PHO" "@" "MEM" "L" -10 NA NA NA NA NA NA NA NA NA NA NA NA NA NA NA NA
"20" "" 2012-12-06 25.41 "PHO" "" "DAL" "L" -3 NA NA NA NA NA NA NA NA NA NA NA NA NA NA NA NA
"21" "9" 2012-12-08 25.41 "PHO" "@" "LAC" "L" -18 0 7.68333333333333 0.333 0.333 0 0 0 0 0 8.9 0 35.1 72 126 0.9 -13.3
"22" "10" 2012-12-09 25.41 "PHO" "" "ORL" "L" -8 0 4.16666666666667 1.25 1.25 0 0 0 0 0 0 0 23.5 250 111 3.2 18.7
"23" "" 2012-12-12 25.42 "PHO" "" "MEM" "W" 2 NA NA NA NA NA NA NA NA NA NA NA NA NA NA NA NA
"24" "11" 2012-12-14 25.43 "PHO" "" "UTA" "W" 15 0 1.73333333333333 0 0 0 0 0 0 0 0 0 52.9 0 106 -1.4 -55.8
"25" "" 2012-12-17 25.44 "PHO" "" "SAC" "W" 11 NA NA NA NA NA NA NA NA NA NA NA NA NA NA NA NA
"26" "" 2012-12-19 25.44 "PHO" "" "CHA" "W" 17 NA NA NA NA NA NA NA NA NA NA NA NA NA NA NA NA
"27" "" 2012-12-22 25.45 "PHO" "@" "POR" "L" -3 NA NA NA NA NA NA NA NA NA NA NA NA NA NA NA NA
"28" "12" 2012-12-23 25.45 "PHO" "" "LAC" "L" -26 0 5.75 0.753 0.75 0 0 0 0 0 0 0 26.5 150 120 3.6 15.8
"29" "" 2012-12-26 25.46 "PHO" "" "NYK" "L" -2 NA NA NA NA NA NA NA NA NA NA NA NA NA NA NA NA
"30" "" 2012-12-28 25.47 "PHO" "@" "IND" "L" -6 NA NA NA NA NA NA NA NA NA NA NA NA NA NA NA NA
"31" "" 2012-12-29 25.47 "PHO" "@" "MIN" "L" -4 NA NA NA NA NA NA NA NA NA NA NA NA NA NA NA NA
"32" "" 2012-12-31 25.47 "PHO" "@" "OKC" "L" -18 NA NA NA NA NA NA NA NA NA NA NA NA NA NA NA NA
"33" "" 2013-01-02 25.48 "PHO" "" "PHI" "W" 6 NA NA NA NA NA NA NA NA NA NA NA NA NA NA NA NA
"34" "13" 2013-01-04 25.48 "PHO" "" "UTA" "L" -7 0 2.43333333333333 0.333 0.333 0 0 0 0 0 0 0 59.3 67 105 0.3 -16
"35" "14" 2013-01-06 25.49 "PHO" "" "MEM" "L" -11 0 16.5666666666667 0.6 0.6 6.3 10.3 7.8 0 0 4.7 0 14.4 125 110 4.6 5
"36" "15" 2013-01-08 25.5 "PHO" "@" "MIL" "L" -9 0 5.68333333333333 0 0 19.2 0 8.8 0 0 0 0 21.6 22 126 -1.4 -23
"37" "" 2013-01-09 25.5 "PHO" "@" "BOS" "L" -8 NA NA NA NA NA NA NA NA NA NA NA NA NA NA NA NA
"38" "" 2013-01-11 25.5 "PHO" "@" "BRK" "L" -20 NA NA NA NA NA NA NA NA NA NA NA NA NA NA NA NA
"39" "16" 2013-01-12 25.51 "PHO" "@" "CHI" "W" 16 0 22.9333333333333 0.375 0.375 0 15.2 9.5 0 0 2.7 20 10.4 62 94 1.1 -6.2
"40" "" 2013-01-14 25.51 "PHO" "" "OKC" "L" -12 NA NA NA NA NA NA NA NA NA NA NA NA NA NA NA NA
"41" "" 2013-01-17 25.52 "PHO" "" "MIL" "L" -4 NA NA NA NA NA NA NA NA NA NA NA NA NA NA NA NA
"42" "17" 2013-01-23 25.54 "PHO" "@" "SAC" "W" 10 0 7.43333333333333 0 0 15.7 17 16.3 0 0 0 0 17.9 28 107 -1.5 -24.8
"43" "" 2013-01-24 25.54 "PHO" "" "LAC" "W" 5 NA NA NA NA NA NA NA NA NA NA NA NA NA NA NA NA
"44" "" 2013-01-26 25.55 "PHO" "@" "SAS" "L" -9 NA NA NA NA NA NA NA NA NA NA NA NA NA NA NA NA
"45" "18" 2013-01-27 25.55 "PHO" "@" "DAL" "L" -15 0 10.3333333333333 0.4 0.4 0 0 0 0 0 6 0 21.8 80 118 1.6 -7.5
"46" "" 2013-01-30 25.56 "PHO" "" "LAL" "W" 6 NA NA NA NA NA NA NA NA NA NA NA NA NA NA NA NA
"47" "" 2013-02-01 25.56 "PHO" "" "DAL" "L" -10 NA NA NA NA NA NA NA NA NA NA NA NA NA NA NA NA
"48" "19" 2013-02-02 25.56 "PHO" "@" "GSW" "L" -20 0 4.38333333333333 0 0 0 0 0 0 0 0 0 30.3 0 127 -2.5 -37.9
"49" "" 2013-02-05 25.57 "PHO" "@" "MEM" "W" 6 NA NA NA NA NA NA NA NA NA NA NA NA NA NA NA NA
"50" "" 2013-02-06 25.58 "PHO" "@" "NOH" "L" -9 NA NA NA NA NA NA NA NA NA NA NA NA NA NA NA NA
"51" "20" 2013-02-08 25.58 "PHO" "@" "OKC" "L" -31 0 5.36666666666667 0.5 0.5 0 0 0 0 0 0 0 16.9 105 144 1 -6.8
"52" "21" 2013-02-10 25.59 "PHO" "" "OKC" "L" -28 0 10.5333333333333 0.583 0.583 8.8 11.1 9.8 55.8 0 0 0 23.7 135 110 6 16.9
"53" "" 2013-02-12 25.59 "PHO" "@" "LAL" "L" -6 NA NA NA NA NA NA NA NA NA NA NA NA NA NA NA NA
"54" "22" 2013-02-19 25.61 "PHO" "@" "POR" "W" 4 0 29.3 0.751 0.688 12.6 16.7 14.9 0 0 0 0 14.2 165 108 13.2 4
"55" "23" 2013-02-20 25.61 "PHO" "@" "GSW" "L" -10 0 20.6166666666667 0.444 0.429 0 10.8 5.5 0 0 6.9 20.2 22.1 69 121 2.5 -10.3
"56" "24" 2013-02-22 25.62 "PHO" "" "BOS" "L" -25 0 10.9 0.307 0.25 0 47.6 20.7 0 0 0 0 20.1 68 122 1 -12.9
"57" "25" 2013-02-24 25.62 "PHO" "" "SAS" "L" -10 0 3.1 0 0 0 0 0 0 0 0 50 26.8 0 108 -1.7 -32.1
"58" "26" 2013-02-26 25.63 "PHO" "" "MIN" "W" 1 0 35.65 0.438 0.438 8 17.2 12.4 15.9 3 0 11.1 22.8 91 81 10.4 4.9
"59" "27" 2013-02-27 25.63 "PHO" "@" "SAS" "W" 4 0 23.9333333333333 0.444 0.444 0 10.3 4.8 0 2.2 0 18.2 20.4 75 101 2.1 -3.6
"60" "28" 2013-03-01 25.64 "PHO" "" "ATL" "W" 5 0 30.3166666666667 0.833 0.833 0 24.4 11.7 0 3.4 3.2 18.2 16.9 124 86 12 7.7
"61" "29" 2013-03-06 25.65 "PHO" "" "TOR" "L" -27 0 29.85 0.278 0.278 7.3 13.4 10.1 0 0 3 18.2 16.3 54 107 -0.3 -10.5
"62" "30" 2013-03-08 25.66 "PHO" "@" "SAC" "L" -9 1 34.5166666666667 0.638 0.607 3.2 13 7.3 0 2.8 2.5 6.3 19.5 119 121 14.5 -0.1
"63" "31" 2013-03-09 25.66 "PHO" "" "HOU" "W" 2 1 15.3333333333333 0.357 0.357 7.6 0 3.6 10.2 0 0 0 19 106 125 1.1 -10.2
"64" "32" 2013-03-11 25.67 "PHO" "" "DEN" "L" -15 1 32.7166666666667 0.529 0.529 3.4 3.3 3.3 6.7 0 2 10.5 25 96 119 9.3 -4.6
"65" "33" 2013-03-13 25.67 "PHO" "@" "HOU" "L" -30 1 30.9 0.577 0.577 0 8.9 4.1 20.2 1.6 2.8 0 19.2 117 117 11.9 3
"66" "34" 2013-03-15 25.68 "PHO" "@" "ATL" "L" -13 1 20.4833333333333 0.3 0.3 0 21.8 10.8 0 4.6 0 23.1 26.1 47 98 -0.4 -12.1
"67" "35" 2013-03-16 25.68 "PHO" "@" "WAS" "L" -22 1 23 0.4 0.4 9.5 13.6 11.6 0 2.2 2.9 16.7 22.6 82 132 4.6 -8.8
"68" "36" 2013-03-18 25.68 "PHO" "" "LAL" "W" 23 1 37.0833333333333 0.382 0.382 2.9 18.8 11.6 0 2.7 2 5.2 22.8 83 77 8.5 -2.9
"69" "37" 2013-03-20 25.69 "PHO" "" "WAS" "L" -9 1 38.4333333333333 0.5 0.5 0 15.1 6.2 13.9 1.4 0 10 23.6 93 100 9.8 1
"70" "38" 2013-03-22 25.7 "PHO" "" "MIN" "L" -31 1 22.1166666666667 0.263 0.167 0 5.3 2.2 27.4 2.2 0 18.4 29.5 59 119 0.1 -11.1
"71" "39" 2013-03-24 25.7 "PHO" "" "BRK" "L" -2 1 36.1333333333333 0.543 0.528 2.5 14 7.2 4.2 3.1 0 9.4 24.3 119 114 12.6 3.3
"72" "40" 2013-03-27 25.71 "PHO" "@" "UTA" "L" -15 1 40.2166666666667 0.652 0.625 0 3 1.5 4.9 3.9 0 5.6 21.1 115 110 16.2 4.8
"73" "41" 2013-03-28 25.71 "PHO" "" "SAC" "L" -14 1 33.7166666666667 0.521 0.5 0 4 1.6 4.1 1.5 2.2 6.9 18.2 101 126 8.2 -5
"74" "42" 2013-03-30 25.72 "PHO" "" "IND" "L" -8 1 30.2166666666667 0.506 0.45 4.5 7.1 6 14.2 0 0 21.6 20.7 91 126 4.8 -7.3
"75" "43" 2013-04-03 25.73 "PHO" "@" "LAC" "L" -25 1 41.2166666666667 0.63 0.6 0 5.4 3 13 0 1.6 5.9 18.4 129 139 14.7 2.5
"76" "44" 2013-04-05 25.73 "PHO" "" "GSW" "L" -4 1 29.6833333333333 0.455 0.444 0 7.9 4.9 0 0 0 23.3 20.5 72 125 1.5 -12.7
"77" "45" 2013-04-07 25.74 "PHO" "" "NOH" "L" -3 1 28.4 0.45 0.45 0 11.5 5.9 0 1.9 0 9.1 17.8 81 106 3.7 -5.3
"78" "46" 2013-04-09 25.75 "PHO" "@" "HOU" "L" -3 1 12.7 0.483 0.375 0 25.2 13.3 0 0 0 24.4 41.1 75 106 2.5 -13
"79" "47" 2013-04-10 25.75 "PHO" "@" "DAL" "W" 11 1 24.4833333333333 0.654 0.654 0 11.8 6 8.4 0 0 7.1 25.8 115 106 11.3 4.3
"80" "48" 2013-04-13 25.76 "PHO" "@" "MIN" "L" -12 1 30.05 0.577 0.577 0 8 4.6 6.2 0 0 7.1 21.1 101 115 7.4 -4.9
"81" "49" 2013-04-15 25.76 "PHO" "" "HOU" "W" 7 1 30.8 0.466 0.458 0 26.6 12.5 4 0 4.9 13.4 20 83 108 7 -6.2
"82" "50" 2013-04-17 25.77 "PHO" "@" "DEN" "L" -20 1 20.3333333333333 0.545 0.545 0 16.9 7 8.4 0 0 8.3 22.9 103 121 6.1 -3.1
"1" "1" 2013-10-29 26.3 "LAL" "" "LAC" "W" 13 0 20.5333333333333 0.136 0.136 0 15.9 7.6 5.9 0 3.8 0 20.7 46 104 -3.6 -16
"2" "2" 2013-10-30 26.3 "LAL" "@" "GSW" "L" -31 0 24.95 0.5 0.5 0 15.6 6.6 21.1 3.8 6.5 8.3 20.2 98 111 8.3 5.7
"3" "3" 2013-11-01 26.31 "LAL" "" "SAS" "L" -6 0 27.3666666666667 0.545 0.545 0 7 3.7 0 1.8 4.8 0 18.5 101 94 8.1 4.9
"4" "4" 2013-11-03 26.32 "LAL" "" "ATL" "W" 2 0 20.9333333333333 0.615 0.5 14.3 16.1 15.3 0 0 10.1 0 14.9 138 93 9.4 4
"5" "5" 2013-11-05 26.32 "LAL" "@" "DAL" "L" -19 0 21.3666666666667 0.438 0.438 9.2 31.2 18.5 13.9 4.5 3.4 11.1 18.2 97 113 7 -0.3
"6" "6" 2013-11-07 26.33 "LAL" "@" "HOU" "W" 1 0 28.3666666666667 0.504 0.5 10.4 4 7.4 0 1.6 6.8 11.2 24.7 94 94 9.1 3.5
"7" "7" 2013-11-08 26.33 "LAL" "@" "NOP" "L" -11 0 21.15 0.3 0.3 0 24.1 11.6 23.7 0 0 0 10.8 87 104 2.7 -1.2
"8" "8" 2013-11-10 26.33 "LAL" "" "MIN" "L" -23 0 22.2166666666667 0.25 0.25 3.8 10.3 6.5 7 0 3.1 9.1 20.2 59 114 -0.3 -11.5
"9" "9" 2013-11-12 26.34 "LAL" "" "NOP" "W" 21 1 20.8666666666667 0.512 0.5 0 21.7 13.7 0 0 0 17 12.6 84 98 1.9 -8.8
"10" "10" 2013-11-13 26.34 "LAL" "@" "DEN" "L" -12 1 31.5666666666667 0.727 0.667 5.6 8.3 7 9.4 4.7 9.6 22.5 11.3 125 106 13.2 11.3
"11" "11" 2013-11-15 26.35 "LAL" "" "MEM" "L" -3 1 15.25 0 0 0 13.7 6.9 18 3.5 0 66.7 9.9 33 98 -0.1 -7.6
"12" "12" 2013-11-17 26.35 "LAL" "" "DET" "W" 15 1 21.35 0.813 0.813 0 5.4 2.9 13.4 2.4 7 0 16.7 161 103 13.5 13
"13" "13" 2013-11-22 26.37 "LAL" "" "GSW" "W" 7 1 22.8333333333333 0.25 0.25 0 14 7.3 5.7 2.2 0 20 10.2 51 101 0.4 -7.8
"14" "14" 2013-11-24 26.37 "LAL" "" "SAC" "W" 14 1 21.1166666666667 0.875 0.875 0 10.8 5.3 0 4.9 7.6 42.9 15.4 83 83 5.6 3.5
"15" "15" 2013-11-26 26.38 "LAL" "@" "WAS" "L" -5 1 37.7166666666667 0.786 0.786 0 7.3 3.3 9.8 2.7 1.9 12.5 9.7 137 121 11.7 4.6
"16" "16" 2013-11-27 26.38 "LAL" "@" "BRK" "W" 5 1 24.9666666666667 0.333 0.333 13.1 8 10.4 12.8 4.2 0 0 11 108 100 4.7 -2.5
"17" "17" 2013-11-29 26.39 "LAL" "@" "DET" "W" 4 1 33.3833333333333 1.058 1.091 3.3 13.1 8.7 12.5 0 4.7 13.6 19.3 165 106 25.4 17.9
"18" "18" 2013-12-01 26.39 "LAL" "" "POR" "L" -6 1 27.0833333333333 0.7 0.7 0 7.5 3.8 0 0 8.3 16.7 10 105 121 4 -5.1
"19" "19" 2013-12-06 26.41 "LAL" "@" "SAC" "W" 6 1 32.0666666666667 0.722 0.722 3.5 3.4 3.4 8.9 8.2 2.3 25 17 108 101 12.6 7.3
"20" "20" 2013-12-08 26.41 "LAL" "" "TOR" "L" -12 1 24.6666666666667 0.333 0.333 0 15.4 7.5 12.1 0 3.5 0 5.5 95 112 2.1 -3.3
"21" "21" 2013-12-10 26.42 "LAL" "" "PHO" "L" -6 0 20 0.417 0.417 0 6.7 3.2 0 5 3.9 14.3 16 69 112 2.8 -3.1
"22" "22" 2013-12-13 26.42 "LAL" "@" "OKC" "L" -25 1 34.3666666666667 0.5 0.5 2.6 6.1 4.2 5.1 2.8 1.9 0 15.2 107 121 9.8 -0.2
"23" "23" 2013-12-14 26.43 "LAL" "@" "CHA" "W" 3 1 35.6166666666667 0.563 0.563 0 12.3 6.3 10.4 1.5 1.8 0 10.6 117 94 8.9 3.9
"24" "24" 2013-12-16 26.43 "LAL" "@" "ATL" "L" -14 1 27.7 0.333 0.333 4.2 11.3 8 5.1 0 2.7 10 16.5 76 128 2.5 -9.6
"25" "25" 2013-12-17 26.44 "LAL" "@" "MEM" "W" 4 1 31.7 0.415 0.375 8.7 8.9 8.8 28 1.7 2 10.6 14.7 107 103 9.4 2.3
"26" "26" 2013-12-20 26.44 "LAL" "" "MIN" "W" 13 1 30.3666666666667 0.375 0.375 0 10.9 6.9 21.2 3.3 2.2 20 15.3 83 93 5.8 -0.6
"27" "27" 2013-12-21 26.45 "LAL" "@" "GSW" "L" -19 1 38.5166666666667 0.127 0 2.4 9.2 5.9 9.6 1.2 0 27.6 11.4 32 104 -2.8 -9.5
"28" "28" 2013-12-23 26.45 "LAL" "@" "PHO" "L" -27 1 38.8333333333333 0.765 0.7 0 11.2 4.9 14.1 0 4.3 25.4 9 119 119 8.2 -0.4
"29" "29" 2013-12-25 26.46 "LAL" "" "MIA" "L" -6 1 26.65 0.6 0.6 0 8.6 4 14 0 0 16.7 20.1 106 115 5 -0.5
"30" "30" 2013-12-27 26.46 "LAL" "@" "UTA" "L" -2 1 16.1333333333333 0 0 0 0 0 0 0 0 33.3 8.6 0 119 -2.8 -16
"31" "31" 2013-12-29 26.47 "LAL" "" "PHI" "L" -7 1 18.7666666666667 0.258 0 10.2 9.5 9.8 0 0 3.6 34 12.6 55 116 -0.2 -12.7
"32" "" 2013-12-31 26.47 "LAL" "" "MIL" "L" -15 NA NA NA NA NA NA NA NA NA NA NA NA NA NA NA NA
"33" "32" 2014-01-03 26.48 "LAL" "" "UTA" "W" 11 0 21.3 1.1 1.1 0 4.7 2.6 7.3 5 3.8 0 11.2 220 102 12 13.2
"34" "33" 2014-01-05 26.49 "LAL" "" "DEN" "L" -22 1 26.3833333333333 0.2 0.2 3.6 7.9 5.7 0 1.7 2.6 16.7 9.1 46 128 0.9 -9.2
"35" "34" 2014-01-07 26.49 "LAL" "@" "DAL" "L" -13 1 35.75 0.607 0.607 9 3.3 6.2 5.5 0 0 12.5 19.3 111 115 9.9 -0.9
"36" "35" 2014-01-08 26.5 "LAL" "@" "HOU" "L" -14 1 30.85 0.385 0.385 9.3 3.2 6.3 15.7 4.7 0 13.3 19.9 87 113 7.6 1.7
"37" "36" 2014-01-10 26.5 "LAL" "@" "LAC" "L" -36 1 34.2333333333333 0.568 0.5 0 2.9 1.4 0 0 0 14 17.1 96 125 5.8 -3.2
"38" "37" 2014-01-14 26.51 "LAL" "" "CLE" "L" -2 1 37.6333333333333 0.612 0.577 3.4 11.3 7.7 14.5 2.7 1.8 6.7 17.9 123 124 15.9 1.6
"39" "38" 2014-01-15 26.52 "LAL" "@" "PHO" "L" -7 1 43.55 0.644 0.571 2.4 8.6 5.7 3.1 2 1.4 5.5 16.8 126 110 16.9 2.2
"40" "39" 2014-01-17 26.52 "LAL" "@" "BOS" "W" 3 1 37.85 0.628 0.643 3.4 24.9 15.9 11.5 1.3 3.3 25.5 14.2 101 102 10.5 1.9
"41" "40" 2014-01-19 26.53 "LAL" "@" "TOR" "W" 6 1 23.75 0.82 0.75 5.1 10.6 7.8 6.1 0 3.4 29.1 13.7 120 118 5.1 -0.5
"42" "41" 2014-01-20 26.53 "LAL" "@" "CHI" "L" -2 1 14.3833333333333 0.102 0 0 6.5 3.6 0 0 0 17 18.8 19 108 -3.3 -20.1
"43" "42" 2014-01-23 26.54 "LAL" "@" "MIA" "L" -7 1 18.45 0.583 0.583 0 7.7 3.1 8.1 2.8 0 0 14.4 125 117 5.2 0.8
"44" "43" 2014-01-24 26.54 "LAL" "@" "ORL" "L" -9 1 18.6333333333333 0.357 0.357 0 18.8 8.5 14.4 0 0 0 16.6 83 116 2 -8.8
"45" "44" 2014-01-26 26.55 "LAL" "@" "NYK" "L" -7 0 23.1 0.375 0.375 6.1 18.1 13 6.3 2.3 0 0 17.7 91 119 4.4 -6.7
"46" "45" 2014-01-28 26.55 "LAL" "" "IND" "L" -12 1 30.5 0.5 0.5 5.9 21 13.9 4.9 0 2 12.5 11.4 95 103 7.1 -1
"47" "46" 2014-01-31 26.56 "LAL" "" "CHA" "L" -10 1 20.1333333333333 0.255 0.2 9.3 18.3 13.2 7.1 2.4 0 14.5 14.5 67 109 2.1 -6.9
"48" "47" 2014-02-04 26.57 "LAL" "@" "MIN" "L" -10 0 38.0333333333333 0.469 0.469 7.7 18 12.5 5.2 0 3.8 5.9 20.2 93 112 10 -3
"49" "48" 2014-02-05 26.57 "LAL" "@" "CLE" "W" 11 1 41.1166666666667 0.667 0.667 6.5 13.4 10.8 0 0 3.4 0 17.2 127 113 16.4 0.7
"50" "49" 2014-02-07 26.58 "LAL" "@" "PHI" "W" 14 1 42.9333333333333 0.594 0.538 0 7.5 3.7 2.9 5.4 6.1 6.5 15.3 108 91 17.6 3
"51" "50" 2014-02-09 26.58 "LAL" "" "CHI" "L" -6 1 29.7 0.375 0.375 3.8 11 7.5 15.6 1.7 2.8 11.1 13.9 83 98 5.2 -1.2
"52" "51" 2014-02-11 26.59 "LAL" "" "UTA" "L" -17 1 37.35 0.536 0.536 0 17.1 8.1 0 0 0 12.5 20.2 88 110 6.6 -7
"53" "52" 2014-02-13 26.59 "LAL" "" "OKC" "L" -4 1 41.9833333333333 0.644 0.654 0 0 0 0 1.1 0 16.9 17.7 96 109 8.3 -3.9
"54" "53" 2014-02-19 26.61 "LAL" "" "HOU" "L" -26 1 42.3 0.838 0.846 0 16.5 9 3.7 2.1 0 12.3 16.9 130 125 19.7 2.9
"55" "54" 2014-02-21 26.62 "LAL" "" "BOS" "W" 9 1 22.9666666666667 0.102 0 0 11.8 6.7 0 2.1 2.8 0 9.3 25 92 -1.2 -9.3
"56" "55" 2014-02-23 26.62 "LAL" "" "BRK" "L" -6 1 18.4333333333333 1.5 1.5 0 26.7 13.4 0 2.8 5.1 0 2.5 300 108 4 3.6
"57" "56" 2014-02-25 26.63 "LAL" "@" "IND" "L" -20 1 25.0666666666667 0.689 0.7 3.8 14.5 9.2 0 1.8 2.3 0 18.1 135 112 11.6 4.1
"58" "57" 2014-02-26 26.63 "LAL" "@" "MEM" "L" -5 1 37.8333333333333 0.643 0.643 3.4 12.1 8 8.7 0 6.4 6.7 19 119 113 14.9 4.3
"59" "58" 2014-02-28 26.64 "LAL" "" "SAC" "W" 4 1 36.4833333333333 0.6 0.6 4.2 32.9 21.1 9.5 1.3 5.1 0 12.6 128 113 14.6 1.7
"60" "59" 2014-03-03 26.64 "LAL" "@" "POR" "W" 1 1 36.3166666666667 0.636 0.636 5.9 12.7 9.5 15.7 2.6 3.9 21.4 15.9 108 102 14 3.8
"61" "60" 2014-03-04 26.65 "LAL" "" "NOP" "L" -7 1 29.1666666666667 0.595 0.5 4 11.8 7.2 3.9 1.7 0 25.4 11.5 101 136 3.3 -8.3
"62" "61" 2014-03-06 26.65 "LAL" "" "LAC" "L" -48 1 30.0166666666667 0.111 0.111 3.1 10.7 6.6 4.9 5.7 2.1 18.2 14.7 28 117 -0.5 -10
"63" "62" 2014-03-07 26.65 "LAL" "@" "DEN" "L" -8 1 18.8833333333333 0.333 0.333 5.3 30.3 16.9 0 2.3 3.4 14.3 14.3 68 116 2.3 -9.9
"64" "63" 2014-03-09 26.66 "LAL" "" "OKC" "W" 4 1 36.9666666666667 0.539 0.438 0 7.2 4.1 19 1.2 2 8.9 13.3 111 108 9.7 0.3
"65" "64" 2014-03-13 26.67 "LAL" "@" "OKC" "L" -29 1 30.0166666666667 0.455 0.455 5.4 8.4 6.6 0 0 0 0 14.8 98 133 4.7 -7.2
"66" "65" 2014-03-14 26.67 "LAL" "@" "SAS" "L" -34 1 33.2166666666667 0.414 0.4 0 6.1 2.9 11.5 1.5 2 21.6 18.1 65 124 3.5 -8.5
"67" "66" 2014-03-19 26.69 "LAL" "" "SAS" "L" -16 1 15.7333333333333 0.667 0.667 16.6 14.2 15.6 10.2 0 0 25 21.1 111 128 5.6 -0.7
"68" "" 2014-03-21 26.69 "LAL" "" "WAS" "L" -10 NA NA NA NA NA NA NA NA NA NA NA NA NA NA NA NA
"69" "67" 2014-03-23 26.7 "LAL" "" "ORL" "W" 9 1 20.6333333333333 0.444 0.357 0 11.6 5.8 14.4 0 3.7 27.6 23.7 72 104 2.2 -6.9
"70" "68" 2014-03-25 26.7 "LAL" "" "NYK" "W" 31 1 15.2333333333333 0.333 0.333 0 16.6 9 0 0 0 0 9 72 108 0.1 -11.8
"71" "69" 2014-03-27 26.71 "LAL" "@" "MIL" "L" -3 1 18.5833333333333 0.615 0.5 0 7.6 3.6 6.6 0 0 0 5.6 150 121 3 -2.1
"72" "70" 2014-03-28 26.71 "LAL" "@" "MIN" "L" -36 0 24.2166666666667 0.65 0.65 0 0 0 6.2 3.9 0 9.1 18.7 118 141 8.1 -2.8
"73" "71" 2014-03-30 26.72 "LAL" "" "PHO" "W" 16 0 11.0666666666667 0 0 0 8.7 4.8 9.9 0 0 0 16.3 16 107 -2.2 -18.8
"74" "" 2014-04-01 26.72 "LAL" "" "POR" "L" -12 NA NA NA NA NA NA NA NA NA NA NA NA NA NA NA NA
"75" "72" 2014-04-02 26.73 "LAL" "@" "SAC" "L" -5 0 27.9 0.667 0.667 6.5 37.4 20.9 16.2 1.8 0 14.3 10.5 129 108 11.1 4
"76" "73" 2014-04-04 26.73 "LAL" "" "DAL" "L" -12 0 31.95 0.223 0.231 9.6 28 18.4 9.9 4.7 4.2 13 21.4 57 99 6 -4.2
"77" "74" 2014-04-06 26.74 "LAL" "@" "LAC" "L" -23 0 29.5333333333333 0.563 0.5 0 25.7 10.8 15.7 4.8 0 10.1 14.6 106 110 10.3 4.5
"78" "75" 2014-04-08 26.74 "LAL" "" "HOU" "L" -15 1 38.7 0.463 0.409 2.4 9.3 5.5 15.4 1.1 0 14.4 14.2 93 133 8.2 -5.9
"79" "76" 2014-04-11 26.75 "LAL" "" "GSW" "L" -17 1 30.1 0.5 0.5 0 20.8 9.7 5.6 1.6 0 0 11.3 100 109 6.3 -4
"80" "77" 2014-04-13 26.76 "LAL" "" "MEM" "L" -12 1 40.15 0.625 0.625 8.7 33.4 21.3 17.2 1.3 0 7.7 15.6 121 104 17.1 4.9
"81" "78" 2014-04-14 26.76 "LAL" "@" "UTA" "W" 15 1 37.9166666666667 0.773 0.667 6.8 14.1 10.4 12.3 6.6 6.1 11.4 10.6 156 97 19.3 11.6
"82" "79" 2014-04-16 26.76 "LAL" "@" "SAS" "W" 13 1 34.6333333333333 0.324 0.324 3.1 25.7 15.4 7.3 0 0 0 21.9 74 99 5.8 -7.3
"1" "1" 2014-10-28 27.3 "LAL" "" "HOU" "L" -18 1 22.8666666666667 0.5 0.5 0 10.8 5.1 0 0 0 0 13.7 103 123 1.9 -6.6
"2" "2" 2014-10-29 27.3 "LAL" "@" "PHO" "L" -20 1 28.35 0.489 0.286 0 4.8 2.2 10.1 1.8 3.4 0 14.2 120 128 7.9 -1.6
"3" "3" 2014-10-31 27.31 "LAL" "" "LAC" "L" -7 1 30.0333333333333 0.313 0.313 0 21.6 10.5 0 1.7 0 11.1 13.3 58 120 -0.7 -10.2
"4" "4" 2014-11-01 27.31 "LAL" "@" "GSW" "L" -23 1 33.05 0.794 0.778 6.1 9.1 7.3 0 0 0 9.6 12.5 148 132 10.5 1.1
"5" "5" 2014-11-04 27.32 "LAL" "" "PHO" "L" -6 1 33.8 0.41 0.25 2.5 9.7 5.6 8.5 1.4 1.9 17 7.1 95 114 4.1 -4.4
"6" "6" 2014-11-09 27.33 "LAL" "" "CHO" "W" 15 1 35.4666666666667 0.417 0.417 0 9.7 5.3 0 1.5 0 0 7.9 86 106 3.1 -5.9
"7" "7" 2014-11-11 27.34 "LAL" "@" "MEM" "L" -5 1 39.35 0.75 0.75 0 7 3.2 3.6 1.4 0 9.1 12.5 141 125 11.3 1.5
"8" "8" 2014-11-12 27.34 "LAL" "@" "NOP" "L" -7 1 32.8333333333333 0.53 0.5 3.1 8.4 5.3 0 0 4.6 0 12.9 116 119 7.2 -2.3
"9" "9" 2014-11-14 27.35 "LAL" "" "SAS" "L" -13 1 33.0666666666667 0.615 0.5 3 13.8 8.1 23.1 0 2.5 17 8.4 121 108 8 1.8
"10" "10" 2014-11-16 27.35 "LAL" "" "GSW" "L" -21 1 31.6833333333333 0.273 0.273 5.1 3.9 4.6 4.4 1.5 0 0 13.3 79 136 1.7 -10.8
"11" "11" 2014-11-18 27.36 "LAL" "@" "ATL" "W" 5 1 31.9166666666667 0.202 0.222 4 0 1.8 6.8 1.6 0 0 13.8 68 124 0.8 -8.7
"12" "12" 2014-11-19 27.36 "LAL" "@" "HOU" "W" 6 1 36.25 0.549 0.333 5.8 3.4 4.7 7.7 2.8 0 0 9.5 139 100 9.9 2.7
"13" "13" 2014-11-21 27.36 "LAL" "@" "DAL" "L" -34 1 25.8 0.643 0.6 4.5 6 5.2 4.8 2.1 0 0 9.7 147 155 7 -3.5
"14" "14" 2014-11-23 27.37 "LAL" "" "DEN" "L" -7 1 41.6333333333333 0.335 0.3 2.4 25.5 14.3 8.7 2.4 7.2 0 11.4 81 88 9.5 1.7
"15" "15" 2014-11-26 27.38 "LAL" "" "MEM" "L" -6 1 28.8333333333333 0.5 0.5 3.5 16.6 9.6 11.2 1.8 2.9 0 8.1 125 108 6.9 1.5
"16" "16" 2014-11-28 27.38 "LAL" "" "MIN" "L" -1 1 38.0833333333333 0.91 0.9 6.8 8.7 7.6 6.4 1.3 0 22.3 15 139 126 15.4 2.2
"17" "17" 2014-11-30 27.39 "LAL" "" "TOR" "W" 7 1 27.4 0.547 0.5 0 6.9 3.6 5.2 1.8 2.8 0 19 118 113 9.1 -0.1
"18" "18" 2014-12-02 27.39 "LAL" "@" "DET" "W" 10 1 28.5666666666667 1.009 1.083 3.7 3.3 3.5 11 1.8 9.7 13.4 11.8 160 102 14 14.2
"19" "19" 2014-12-03 27.4 "LAL" "@" "WAS" "L" -16 1 27.95 0.5 0.5 0 11.2 5.4 5.8 1.8 2.3 0 9.6 106 114 5.9 -0.1
"20" "20" 2014-12-05 27.4 "LAL" "@" "BOS" "L" -17 1 25.55 0 0 0 13.7 6.1 0 0 2.7 28.6 11.7 0 110 -4.3 -14.2
"21" "21" 2014-12-07 27.41 "LAL" "" "NOP" "L" -17 1 25.0833333333333 0.417 0.417 0 5.3 2.3 21.7 0 0 0 22.2 91 116 5.2 -3.2
"22" "22" 2014-12-09 27.41 "LAL" "" "SAC" "W" 3 1 26.4166666666667 0.421 0.364 6.9 22.7 13.7 5.6 0 6.6 0 19.3 101 101 7.3 -2
"23" "23" 2014-12-12 27.42 "LAL" "@" "SAS" "W" 2 1 28.3333333333333 0.929 0.929 0 19.9 9.7 5.4 3.7 0 12.5 12.8 150 103 11.7 6.7
"24" "24" 2014-12-14 27.43 "LAL" "@" "MIN" "W" 6 1 29.35 0.622 0.571 0 6.8 3.6 33.7 1.7 6.1 17.2 17.8 118 99 12.2 8.2
"25" "25" 2014-12-15 27.43 "LAL" "@" "IND" "L" -19 1 23.5333333333333 0.825 0.786 3.8 10.7 6.7 19.6 2.2 3.1 20.2 18.4 132 117 11.3 9.2
"26" "26" 2014-12-19 27.44 "LAL" "" "OKC" "L" -1 1 27.85 0.438 0.438 0 10.6 6.1 14.4 1.8 0 0 13.6 100 111 5.4 -2.2
"27" "27" 2014-12-21 27.45 "LAL" "@" "SAC" "L" -7 1 21.3666666666667 0.595 0.5 0 23 9.9 15.8 2.4 0 25.4 15.2 103 110 4.3 -1.4
"28" "28" 2014-12-23 27.45 "LAL" "" "GSW" "W" 10 1 25.4333333333333 0.643 0.6 0 14.2 7 15.5 1.9 0 8.4 19.9 132 112 12 3.7
"29" "29" 2014-12-25 27.46 "LAL" "@" "CHI" "L" -20 1 33.6666666666667 0.46 0.389 8.1 19.9 13.4 0 3.3 2.3 0 28 109 123 13.4 0.3
"30" "30" 2014-12-26 27.46 "LAL" "@" "DAL" "L" -4 1 29.3166666666667 0.34 0.286 11.3 21.8 15.9 15.8 1.7 2.5 5.8 22.7 96 103 8.2 0.1
"31" "31" 2014-12-28 27.47 "LAL" "" "PHO" "L" -9 1 28.3666666666667 0.742 0.722 4.1 13 8.5 5 1.7 5.2 9.6 16.5 131 113 12.2 5.6
"32" "32" 2014-12-30 27.47 "LAL" "@" "DEN" "W" 8 1 26.2833333333333 0.8 0.8 0 7.5 4.5 12.6 1.9 0 0 17.3 145 107 14 9
"33" "33" 2015-01-02 27.48 "LAL" "" "MEM" "L" -3 1 27.0333333333333 0.563 0.563 0 7.7 4.2 9.9 1.9 0 0 13.9 117 118 8 -0.3
"34" "34" 2015-01-04 27.48 "LAL" "" "IND" "W" 1 1 12.3833333333333 0 0 0 24.2 13.4 14.4 0 0 0 8.1 24 97 0.2 -7.2
"35" "" 2015-01-05 27.49 "LAL" "@" "POR" "L" -4 NA NA NA NA NA NA NA NA NA NA NA NA NA NA NA NA
"36" "" 2015-01-07 27.49 "LAL" "@" "LAC" "L" -25 NA NA NA NA NA NA NA NA NA NA NA NA NA NA NA NA
"37" "" 2015-01-09 27.5 "LAL" "" "ORL" "W" 17 NA NA NA NA NA NA NA NA NA NA NA NA NA NA NA NA
"38" "35" 2015-01-11 27.5 "LAL" "" "POR" "L" -12 1 30.6 0.607 0.607 0 14.3 7.1 18.8 0 0 6.7 23 107 114 12.3 4.4
"39" "36" 2015-01-13 27.51 "LAL" "" "MIA" "L" -3 1 28.0166666666667 0.231 0.231 0 16.3 7 7.2 0 5.5 0 19.9 53 85 1 -5.5
"40" "37" 2015-01-15 27.52 "LAL" "" "CLE" "L" -7 1 29.3833333333333 0.8 0.8 0 16.8 9 9.6 0 0 0 8.4 162 126 7.1 2
"41" "38" 2015-01-16 27.52 "LAL" "@" "UTA" "L" -9 1 29.7333333333333 0.833 0.833 0 14 8.1 0 0 3 50 10.1 77 111 2.2 -3.6
"42" "39" 2015-01-19 27.53 "LAL" "@" "PHO" "L" -15 1 29.8833333333333 0.575 0.55 3.7 3.7 3.7 24.7 0 0 27.7 20.5 93 124 6.8 -3.6
"43" "40" 2015-01-21 27.53 "LAL" "@" "NOP" "L" -16 1 28.8166666666667 0.303 0.182 0 16.3 7.7 27 3.6 0 7 23.1 74 102 4.9 -3.4
"44" "41" 2015-01-23 27.54 "LAL" "@" "SAS" "L" -14 0 26.4333333333333 0.338 0.313 0 16.5 7.9 24.7 2 3 0 16.2 85 106 5.7 2.2
"45" "42" 2015-01-25 27.54 "LAL" "" "HOU" "L" -12 0 28.0166666666667 0.466 0.5 0 0 0 11.9 0 0 23.7 13 76 110 1.2 -5.8
"46" "43" 2015-01-27 27.55 "LAL" "" "WAS" "L" -6 0 28.3833333333333 0.311 0.143 3.4 8.7 5.7 4.8 0 0 17.2 18.7 63 109 -0.5 -13.1
"47" "44" 2015-01-29 27.55 "LAL" "" "CHI" "W" 5 0 37.1666666666667 0.354 0.333 0 14.7 7.6 0 1.5 0 9.2 13.1 74 110 1.4 -10.2
"48" "45" 2015-02-01 27.56 "LAL" "@" "NYK" "L" -12 0 29.15 0.442 0.417 4.1 14 9.5 8.1 0 0 19.4 25.4 78 111 3 -8.9
"49" "46" 2015-02-04 27.57 "LAL" "@" "MIL" "L" -8 0 17.55 0.5 0.5 18.9 7.5 13.7 10.1 3.1 0 12.5 20.1 111 113 5.6 2.3
"50" "47" 2015-02-06 27.58 "LAL" "@" "ORL" "L" -6 0 31.2833333333333 0.5 0.5 9.6 26.8 16.8 10.5 1.7 2.5 25 17.4 87 106 8.3 -3.8
"51" "48" 2015-02-08 27.58 "LAL" "@" "CLE" "L" -15 0 29.4 0.49 0.429 5.5 4.9 5.3 9.9 3.4 0 6.1 23.1 110 126 10.5 -1.1
"52" "49" 2015-02-10 27.59 "LAL" "" "DEN" "L" -10 0 26.1 0.615 0.5 0 11.1 4.7 6.2 0 0 9.3 18.5 122 120 7.5 -2.8
"53" "50" 2015-02-11 27.59 "LAL" "@" "POR" "L" -16 0 23.5333333333333 0.545 0.545 4 4.2 4.1 8.6 0 0 8.3 22.7 107 123 6.6 1
"54" "" 2015-02-20 27.61 "LAL" "" "BRK" "L" -9 NA NA NA NA NA NA NA NA NA NA NA NA NA NA NA NA
"55" "51" 2015-02-22 27.62 "LAL" "" "BOS" "W" 7 0 32.6 0.926 0.909 4 12.3 8.6 11.5 3 0 20.2 20.5 141 100 19.8 11.6
"56" "52" 2015-02-25 27.63 "LAL" "@" "UTA" "W" 3 0 27.1833333333333 0.389 0.389 3.7 8.6 6 10.2 1.9 5.8 0 14.8 100 106 5.8 -0.7
"57" "53" 2015-02-27 27.63 "LAL" "" "MIL" "W" 8 0 27.9833333333333 0.417 0.417 3.8 12.7 8.7 14.1 1.8 0 40 16.1 65 98 2.2 -5.7
"58" "54" 2015-03-01 27.64 "LAL" "" "OKC" "L" -7 0 21.2166666666667 0.5 0.5 4.7 20.2 13.1 0 0 3.5 11.1 19 90 110 5.5 -3.5
"59" "55" 2015-03-03 27.64 "LAL" "@" "CHO" "L" -1 0 24.8 0.635 0.571 9 14.5 11.7 18.6 2 2.9 20.2 18 114 103 9.2 1.7
"60" "56" 2015-03-04 27.65 "LAL" "@" "MIA" "L" -6 0 25.1833333333333 0.6 0.6 3.9 11.9 7.9 6.7 0 0 23.1 22.6 88 107 5.5 -3.4
"61" "57" 2015-03-06 27.65 "LAL" "@" "MEM" "L" -7 0 29.8166666666667 0.589 0.545 0 17.5 9.4 5.2 1.8 0 7.8 21.4 107 108 8.1 -2.1
"62" "58" 2015-03-08 27.66 "LAL" "" "DAL" "L" -7 1 24.8666666666667 0.727 0.722 4.6 15.2 9.7 7.3 0 0 8.8 20.4 136 119 12 6.8
"63" "59" 2015-03-10 27.66 "LAL" "" "DET" "W" 8 1 32.7833333333333 0.683 0.417 0 9.2 5 5 3.3 0 17.4 17 122 96 10.4 1.7
"64" "60" 2015-03-12 27.67 "LAL" "" "NYK" "L" -7 1 32.8166666666667 0.2 0.2 3.3 7.3 5.2 0 3.2 5 16.7 15.6 44 103 -1.1 -11
"65" "61" 2015-03-15 27.68 "LAL" "" "ATL" "L" -5 1 25.5 0.45 0.438 0 4.5 2.1 0 0 3.6 18.4 18.2 81 106 1.8 -6.9
"66" "62" 2015-03-16 27.68 "LAL" "@" "GSW" "L" -3 1 38.9166666666667 0.667 0.667 0 14.7 7.5 16.2 2.5 0 20 16.5 109 110 12.9 1.8
"67" "63" 2015-03-19 27.69 "LAL" "" "UTA" "L" -7 1 33 0.466 0.458 0 8.1 3.7 0 0 0 0 19 94 98 3.4 -5.5
"68" "64" 2015-03-22 27.7 "LAL" "" "PHI" "W" 14 1 27.8666666666667 0.556 0.556 8.8 13.2 11.4 5.7 5.8 2.8 18.2 18.3 102 88 9.9 3.5
"69" "65" 2015-03-24 27.7 "LAL" "@" "OKC" "L" -10 1 29.85 0.383 0.3 0 14.6 6.3 4.1 1.7 0 20.3 22.2 66 134 2 -16.1
"70" "66" 2015-03-25 27.7 "LAL" "@" "MIN" "W" 2 1 21.3666666666667 0.5 0.5 5.5 11.5 8.5 7.9 2.6 0 14.3 15 98 102 4.6 -2.5
"71" "67" 2015-03-27 27.71 "LAL" "@" "TOR" "L" -11 1 31.5333333333333 0.233 0.167 3.2 32 15.9 17.6 1.8 0 0 18 72 106 3.8 -4.6
"72" "68" 2015-03-29 27.72 "LAL" "@" "BRK" "L" -8 1 35.0666666666667 0.531 0.531 3 13.7 8 13.2 0 2.3 5.9 21.8 106 114 12.3 -1.7
"73" "69" 2015-03-30 27.72 "LAL" "@" "PHI" "W" 2 1 43.7833333333333 0.338 0.313 2.8 22.8 13.9 7.1 2.4 5.5 22 24.6 63 102 5 -11.9
"74" "70" 2015-04-01 27.72 "LAL" "" "NOP" "L" -21 1 26.4833333333333 0.282 0.25 12.6 28.3 19.3 10.9 0 0 0 16.6 90 137 4.8 -8.2
"75" "71" 2015-04-03 27.73 "LAL" "" "POR" "L" -30 1 37.9166666666667 0.37 0.357 7.2 35.3 19.8 5.1 0 2 0 18.7 85 113 9.5 -3.5
"76" "72" 2015-04-05 27.73 "LAL" "" "LAC" "L" -28 1 32.0666666666667 0.474 0.438 9.6 4.4 7.4 0 0 0 5.6 26.3 101 129 8.2 -2.2
"77" "73" 2015-04-07 27.74 "LAL" "@" "LAC" "L" -5 1 39.7833333333333 0.625 0.625 2.5 14.7 8.1 8.7 0 0 0 13.5 125 111 10.2 1.3
"78" "74" 2015-04-08 27.74 "LAL" "@" "DEN" "L" -18 1 30.1666666666667 0.35 0.35 0 11.6 5.7 0 1.7 0 0 15.2 75 127 1.1 -11
"79" "75" 2015-04-10 27.75 "LAL" "" "MIN" "W" 8 1 41.65 0.455 0.455 7.9 14.1 10.8 12.7 0 2 26.7 16.4 86 111 5 -9
"80" "76" 2015-04-12 27.75 "LAL" "" "DAL" "L" -14 1 20.0166666666667 0.889 0.889 0 6.3 3 24.5 0 0 10 22.7 145 127 12.8 13.3
"81" "" 2015-04-13 27.76 "LAL" "@" "SAC" "L" -10 NA NA NA NA NA NA NA NA NA NA NA NA NA NA NA NA
"82" "" 2015-04-15 27.76 "LAL" "" "SAC" "L" -23 NA NA NA NA NA NA NA NA NA NA NA NA NA NA NA NA
"1" "1" 2015-10-28 28.3 "LAC" "@" "SAC" "W" 7 0 10.6 0.75 0.75 0 0 0 0 4.4 0 0 8.3 142 103 3 6.1
"2" "2" 2015-10-29 28.3 "LAC" "" "DAL" "W" 16 0 21.7833333333333 0.429 0.429 4.5 22.4 14.3 0 0 3.3 0 14.1 92 87 4.7 -3
"3" "3" 2015-10-31 28.31 "LAC" "" "SAC" "W" 5 0 11.4 0 0 0 7.8 4.7 0 0 0 0 7.4 0 110 -2.3 -14.5
"4" "4" 2015-11-02 28.31 "LAC" "" "PHO" "W" 6 0 14.05 0.827 0.8 0 17.4 10.1 0 0 0 0 18.2 158 100 7.6 6.8
"5" "5" 2015-11-04 28.32 "LAC" "@" "GSW" "L" -4 0 10.4 1.25 1.25 0 0 0 0 0 0 0 8.5 250 122 3.2 4.4
"6" "6" 2015-11-07 28.33 "LAC" "" "HOU" "L" -4 0 9.3 0.644 0.667 11 0 5.9 16.3 5.3 9.2 0 18 141 103 6 13.8
"7" "7" 2015-11-09 28.33 "LAC" "" "MEM" "W" 2 0 1.16666666666667 NA NA 0 0 0 0 0 0 NA 0 0 107 0 -2.5
"8" "8" 2015-11-11 28.34 "LAC" "@" "DAL" "L" -10 0 13 1.215 1.5 0 10.3 4.3 12.5 0 0 0 9.6 225 129 6.6 13.6
"9" "9" 2015-11-12 28.34 "LAC" "@" "PHO" "L" -14 0 24.2 0.612 0.591 0 17.5 7.2 0 2 0 8 21.2 114 119 8 -1
"10" "10" 2015-11-14 28.35 "LAC" "" "DET" "W" 5 0 13.0166666666667 0 0 0 17.6 8.8 0 8.1 0 0 7.1 0 91 0.8 -3.9
"11" "11" 2015-11-19 28.36 "LAC" "" "GSW" "L" -7 0 16.1166666666667 0.583 0.583 6.6 8.8 7.5 8.5 3 0 0 16.5 130 127 6.3 3.4
"12" "12" 2015-11-20 28.36 "LAC" "@" "POR" "L" -11 0 22.0333333333333 0.667 0.667 4.5 8.9 6.7 6.5 2.3 0 40 10.3 85 109 3.3 -2.7
"13" "13" 2015-11-22 28.37 "LAC" "" "TOR" "L" -11 0 18.1333333333333 0.667 0.667 0 0 0 0 0 8.7 14.3 18.2 101 112 4.6 5.4
"14" "14" 2015-11-24 28.37 "LAC" "@" "DEN" "W" 17 1 24.55 0.917 0.917 0 9.8 4.3 6.7 0 3.7 0 11 171 105 8.4 5.5
"15" "15" 2015-11-25 28.38 "LAC" "" "UTA" "L" -11 1 19.7 0 0 0 7 3.3 0 0 0 60 12 0 122 -5.3 -20
"16" "16" 2015-11-27 28.38 "LAC" "" "NOP" "W" 21 1 14.2 0.25 0.25 0 11.5 6.8 0 0 0 0 12.4 50 95 -1.4 -14.3
"17" "17" 2015-11-29 28.39 "LAC" "" "MIN" "W" 8 0 4.2 NA NA 0 29.3 14.7 0 0 0 NA 0 0 106 0.3 -2.3
"18" "18" 2015-11-30 28.39 "LAC" "" "POR" "W" 15 0 4.68333333333333 1.5 1.5 0 0 0 0 0 0 0 8.6 300 95 2.3 13.3
"19" "19" 2015-12-02 28.39 "LAC" "" "IND" "L" -12 0 9.43333333333333 0.4 0.4 0 13 5.8 0 5.3 0 0 22.9 79 99 2.2 -0.2
"20" "20" 2015-12-05 28.4 "LAC" "" "ORL" "W" 2 0 35.65 0.739 0.75 2.9 16.2 9.8 9.3 2.8 1.9 6.6 19.1 135 101 19 12.1
"21" "21" 2015-12-07 28.41 "LAC" "@" "MIN" "W" 4 0 22.05 0.833 0.833 4.5 5.3 4.9 7.4 2.2 6.8 0 11.3 171 105 10.7 12.4
"22" "22" 2015-12-09 28.41 "LAC" "@" "MIL" "W" 14 0 18.5333333333333 0.339 0.333 0 16.9 8.5 0 10.6 6.5 0 24.1 73 74 7.4 5.9
"23" "23" 2015-12-10 28.42 "LAC" "@" "CHI" "L" -3 0 15.35 0.75 0.75 11.2 12.5 11.8 0 0 0 0 17.7 144 98 8 15
"24" "24" 2015-12-12 28.42 "LAC" "@" "BRK" "W" 5 0 18.0166666666667 0.5 0.5 0 5.9 3.1 0 0 0 0 12.6 96 113 2.2 -6.1
"25" "25" 2015-12-14 28.43 "LAC" "@" "DET" "W" 2 0 29.7333333333333 0.417 0.417 3.6 12.2 7.7 0 5.3 0 14.3 11 77 96 4 -2.4
"26" "26" 2015-12-16 28.43 "LAC" "" "MIL" "W" 13 0 13.0833333333333 0 0 0 8.2 4.5 0 0 5.1 25 14.7 0 108 -2.9 -20.2
"27" "27" 2015-12-18 28.44 "LAC" "@" "SAS" "L" -8 0 14.7833333333333 0.717 0.625 0 23.8 12 0 0 9.5 17 19.2 113 119 5.9 4.7
"28" "28" 2015-12-19 28.44 "LAC" "@" "HOU" "L" -10 0 9.05 0.357 0.357 0 0 0 0 0 10.4 12.5 38.3 59 114 0.6 -8.2
"29" "29" 2015-12-21 28.45 "LAC" "" "OKC" "L" -1 0 12.2 0.25 0.25 8.9 0 4.4 10.6 0 0 0 14.8 80 114 1 -5.6
"30" "30" 2015-12-25 28.46 "LAC" "@" "LAL" "W" 10 0 10.7333333333333 0.8 0.8 0 10.4 5.3 0 0 8.3 16.7 25.4 112 88 5.3 11.5
"31" "31" 2015-12-26 28.46 "LAC" "@" "UTA" "W" 5 0 15.4666666666667 0.563 0.563 0 17.7 8.9 12.1 3.4 0 20 30.6 87 112 4.5 -4.8
"32" "32" 2015-12-28 28.47 "LAC" "@" "WAS" "W" 17 0 30.6666666666667 0.717 0.688 0 13.3 7.6 0 0 0 9.3 16 124 99 8.6 -1.4
"33" "33" 2015-12-30 28.47 "LAC" "@" "CHO" "W" 5 0 20.7666666666667 0.205 0.25 7 0 2.9 13.3 5 4 0 11.2 84 124 2 -5.7
"34" "34" 2015-12-31 28.47 "LAC" "@" "NOP" "W" 6 0 27.25 0.35 0.35 0 13.5 5.9 11.9 1.8 0 0 16 84 95 3.7 -3.5
"35" "35" 2016-01-02 28.48 "LAC" "" "PHI" "W" 31 1 24.3166666666667 0.75 0.75 0 7.9 4.9 4.8 8 6 11.1 16.8 128 84 12.9 13.9
"36" "36" 2016-01-06 28.49 "LAC" "@" "POR" "W" 11 0 23.8 0.317 0.214 0 28.8 15.5 5 0 3.4 11.3 17.8 69 104 2.6 -7.5
"37" "37" 2016-01-09 28.5 "LAC" "" "CHO" "W" 14 0 22.95 0.214 0.214 4.3 13.9 8.9 0 2.3 3.4 0 14 59 89 0.2 -7.3
"38" "38" 2016-01-10 28.5 "LAC" "" "NOP" "W" 3 0 33.8833333333333 0.508 0.5 3.2 8.7 6.1 9.2 7.2 0 16.9 23.6 88 94 11.7 4.7
"39" "39" 2016-01-13 28.51 "LAC" "" "MIA" "W" 14 0 22.2 0.5 0.5 8 11.4 9.4 0 4.4 4.7 28.6 14 80 89 3.4 -5.1
"40" "40" 2016-01-16 28.52 "LAC" "" "SAC" "L" -7 0 23.2333333333333 0.286 0.286 7.2 25.2 14.8 0 0 0 0 12.5 77 114 1.6 -10.4
"41" "41" 2016-01-18 28.52 "LAC" "" "HOU" "W" 8 0 20.9833333333333 0.458 0.458 11.2 21 16.3 27.4 0 4.5 14.3 30.1 103 123 7.5 -3
"42" "42" 2016-01-21 28.53 "LAC" "@" "CLE" "L" -13 0 20.95 0.333 0.333 0 16.8 8.4 0 2.5 0 0 13.1 70 123 1.7 -8.3
"43" "43" 2016-01-22 28.53 "LAC" "@" "NYK" "W" 28 0 23.35 1.4 1.4 0 13.7 7.9 6.3 4.4 6.1 0 10.8 274 87 16.7 24.6
"44" "44" 2016-01-24 28.54 "LAC" "@" "TOR" "L" -18 0 28.4 0.429 0.429 3.9 14.5 8.7 5.5 1.8 0 0 11.6 97 117 4 -1.9
"45" "45" 2016-01-26 28.55 "LAC" "@" "IND" "W" 2 0 19.9333333333333 0.938 0.938 0 0 0 12.1 2.5 0 11.1 20.9 152 97 10.5 16
"46" "46" 2016-01-27 28.55 "LAC" "@" "ATL" "W" 2 0 28.2333333333333 0.292 0.292 0 22.7 10.7 0 10.6 3 14.3 22.6 50 68 5.5 1.4
"47" "47" 2016-01-29 28.55 "LAC" "" "LAL" "W" 12 1 25.5166666666667 0.414 0.4 0 8.6 4.4 5.8 4 2.9 0 20.6 86 98 6.8 -2.8
"48" "48" 2016-01-31 28.56 "LAC" "" "CHI" "W" 27 0 20.1666666666667 0.652 0.688 0 9.5 5.4 6.7 0 0 0 19.4 128 106 7.1 1
"49" "49" 2016-02-03 28.57 "LAC" "" "MIN" "L" -6 0 26.8 0.607 0.611 4.2 10.5 7 6.9 6 6 0 17.2 130 110 10.9 7.9
"50" "50" 2016-02-05 28.57 "LAC" "@" "ORL" "W" 14 0 27.1166666666667 0.417 0.417 0 18.1 10.7 0 1.8 11.6 14.3 11.7 73 89 5.5 3.3
"51" "51" 2016-02-07 28.58 "LAC" "@" "MIA" "W" 7 0 17.7333333333333 1 1 5.8 33.8 19.9 0 5.8 0 0 13.3 192 84 10.6 15.4
"52" "52" 2016-02-08 28.58 "LAC" "@" "PHI" "W" 6 1 41.8 0.269 0.269 4.4 18.1 10.8 8.1 2.4 2 7.1 14.7 66 87 4.1 -3.9
"53" "53" 2016-02-10 28.59 "LAC" "@" "BOS" "L" -5 0 21.7333333333333 0.595 0.5 0 17 8.4 6.2 2.2 15.7 14.5 13.9 109 114 7.1 4.7
"54" "54" 2016-02-18 28.61 "LAC" "" "SAS" "W" 19 0 32.3333333333333 0.417 0.417 4.1 17.7 11.4 0 3.1 2.2 25 11.3 69 86 4.5 0.5
"55" "55" 2016-02-20 28.61 "LAC" "" "GSW" "L" -3 0 30.95 0.667 0.667 3.2 11.6 7 12.5 1.6 0 0 8 157 118 8.9 4.8
"56" "56" 2016-02-22 28.62 "LAC" "" "PHO" "W" 40 0 28.2666666666667 0.854 0.833 4.1 22.4 14.5 9.1 3.4 2.7 0 9.8 178 79 14.5 11.8
"57" "57" 2016-02-24 28.62 "LAC" "" "DEN" "L" -6 0 22.6333333333333 0.227 0.227 0 28.5 14.3 0 4.4 0 15.4 25.5 39 82 -0.6 -10.9
"58" "58" 2016-02-26 28.63 "LAC" "@" "SAC" "W" 10 0 20.55 0.25 0.25 11.1 16.3 13.7 6.1 2.5 4.3 11.1 19.4 70 108 1.3 -8.9
"59" "59" 2016-02-29 28.64 "LAC" "" "BRK" "W" 10 0 25.2 0.5 0.5 0 19 10.5 0 2.1 0 25 15.1 70 102 2.7 -7.5
"60" "60" 2016-03-02 28.64 "LAC" "" "OKC" "W" 5 0 30.95 0.335 0.344 5.4 6.1 5.7 9.2 7.9 2.5 0 22.5 80 91 9.7 5.6
"61" "61" 2016-03-05 28.65 "LAC" "" "ATL" "L" -10 0 17.3666666666667 0.291 0.167 0 36.9 17.6 8.8 0 4.5 22.5 22.5 52 102 -0.2 -12.7
"62" "62" 2016-03-07 28.66 "LAC" "@" "DAL" "W" 19 0 23.9166666666667 0.25 0.25 0 18.6 10.1 5.4 4.1 3.6 33.3 17.2 39 86 0.3 -6.4
"63" "63" 2016-03-09 28.66 "LAC" "@" "OKC" "L" -12 0 23.65 0.167 0.167 0 16.5 7.5 10.4 0 0 0 12 51 125 -0.7 -13
"64" "64" 2016-03-11 28.67 "LAC" "" "NYK" "W" 7 1 23.45 0.402 0.417 0 17.1 8.9 0 2.2 0 7.4 26.2 74 101 2.4 -8.9
"65" "65" 2016-03-13 28.67 "LAC" "" "CLE" "L" -24 0 28.35 0.409 0.385 0 22.3 10.2 0 0 0 6.9 25.1 71 129 2.8 -10.1
"66" "66" 2016-03-15 28.68 "LAC" "@" "SAS" "L" -21 0 20.8 0 0 0 0 0 7.2 0 3.7 0 5 30 133 0 -4.6
"67" "67" 2016-03-16 28.68 "LAC" "@" "HOU" "W" 16 0 16.2166666666667 1.2 1.2 0 22.8 12.3 0 3.2 0 0 14.8 240 112 12 16.8
"68" "68" 2016-03-19 28.69 "LAC" "@" "MEM" "L" -11 0 18.8333333333333 0.8 0.8 0 17.4 10.3 0 0 3.8 28.6 18.4 95 124 3.3 -5.3
"69" "69" 2016-03-20 28.69 "LAC" "@" "NOP" "L" -4 0 19.0333333333333 0 0 0 19.9 8.5 0 5 0 20 22.4 0 101 -5.9 -22.7
"70" "70" 2016-03-23 28.7 "LAC" "@" "GSW" "L" -16 0 17.3833333333333 0.333 0.333 0 0 0 0 0 0 0 15.5 68 127 0.6 -10.1
"71" "71" 2016-03-24 28.7 "LAC" "" "POR" "W" 2 0 14.2166666666667 1.064 1 7.9 22.5 15.3 10 0 0 0 5.8 221 100 4.4 3.6
"72" "72" 2016-03-27 28.71 "LAC" "" "DEN" "W" 15 0 27.6333333333333 1.083 1.083 8.5 7.4 7.9 5.9 6 2.7 14.3 11.5 174 100 14.6 13.7
"73" "73" 2016-03-28 28.72 "LAC" "" "BOS" "W" 24 0 16.3166666666667 0.698 0.643 0 5.4 3.1 0 3.1 0 0 21.9 139 99 8.2 3.9
"74" "74" 2016-03-30 28.72 "LAC" "@" "MIN" "W" 20 1 28.2 0.543 0.5 0 17.7 9.1 0 1.9 5.3 13.4 12.8 89 84 5.7 -2
"75" "75" 2016-03-31 28.72 "LAC" "@" "OKC" "L" -2 1 37.4833333333333 0.538 0.538 0 10.1 5.3 7.5 0 4.7 13.3 19.7 96 135 7.8 -6.7
"76" "76" 2016-04-03 28.73 "LAC" "" "WAS" "W" 5 0 25.2333333333333 0.167 0.167 8.6 14.9 12 0 3.9 3 0 10.3 62 104 2.7 -5.4
"77" "77" 2016-04-05 28.74 "LAC" "" "LAL" "W" 22 0 19.5166666666667 0.429 0.429 0 9.1 5.5 7 5.3 3.9 0 16.8 91 82 5.5 3.8
"78" "" 2016-04-06 28.74 "LAC" "@" "LAL" "W" 10 NA NA NA NA NA NA NA NA NA NA NA NA NA NA NA NA
"79" "" 2016-04-08 28.75 "LAC" "@" "UTA" "W" 3 NA NA NA NA NA NA NA NA NA NA NA NA NA NA NA NA
"80" "78" 2016-04-10 28.75 "LAC" "" "DAL" "W" 7 0 16 1.5 1.5 0 7.3 3.4 0 0 6.8 0 2.9 300 99 2.9 1.6
"81" "79" 2016-04-12 28.76 "LAC" "" "MEM" "W" 26 0 18.2833333333333 0.5 0.5 0 5.7 3.3 0 6 8 0 14.1 100 88 5.6 3.7
"82" "80" 2016-04-13 28.76 "LAC" "@" "PHO" "L" -9 0 34.6166666666667 0.594 0.594 3 2.7 2.8 0 2.6 1.9 5.9 20.3 107 110 12.1 1.2
"1" "1" 2016-10-27 29.3 "LAC" "@" "POR" "W" 8 0 11.5166666666667 0.615 0.5 0 19.8 8.7 0 0 6.2 0 8.6 135 104 2.5 0.6
"2" "2" 2016-10-30 29.3 "LAC" "" "UTA" "W" 13 0 18.7166666666667 0.375 0.375 5.1 30.5 16.7 16.3 0 9.5 20 12.2 86 78 3.8 5.4
"3" "3" 2016-10-31 29.31 "LAC" "" "PHO" "W" 18 0 16.5 0.5 0.5 0 29.7 16.5 0 0 0 0 7.7 97 93 1.6 -1.5
"4" "4" 2016-11-02 29.31 "LAC" "" "OKC" "L" -2 0 0.55 NA NA 0 0 0 0 0 0 NA 0 0 96 0 -4.5
"5" "5" 2016-11-04 29.32 "LAC" "@" "MEM" "W" 11 0 12.4833333333333 0.333 0.333 0 0 0 0 8 6.6 0 10.4 71 86 2.6 2.2
"6" "6" 2016-11-05 29.32 "LAC" "@" "SAS" "W" 24 0 18.5666666666667 0.25 0.25 6.5 18.9 12.8 5.8 0 0 20 12.3 66 104 -0.7 -10.9
"7" "7" 2016-11-07 29.33 "LAC" "" "DET" "W" 32 0 18.3 0.5 0.5 8.7 19.1 15.4 0 0 3.7 11.1 24.7 87 89 4.4 -6.1
"8" "8" 2016-11-09 29.33 "LAC" "" "POR" "W" 31 0 18.9833333333333 0.417 0.417 10.1 24.3 17.4 0 2.7 4.4 14.3 16.3 88 79 4.8 -1.7
"9" "9" 2016-11-11 29.34 "LAC" "@" "OKC" "W" 2 0 11.1 0.3 0.3 9.2 40.2 24 0 4.4 7.2 0 19.4 79 92 2.7 -0.9
"10" "" 2016-11-12 29.34 "LAC" "@" "MIN" "W" 14 NA NA NA NA NA NA NA NA NA NA NA NA NA NA NA NA
"11" "" 2016-11-14 29.35 "LAC" "" "BRK" "W" 32 NA NA NA NA NA NA NA NA NA NA NA NA NA NA NA NA
"12" "" 2016-11-16 29.35 "LAC" "" "MEM" "L" -4 NA NA NA NA NA NA NA NA NA NA NA NA NA NA NA NA
"13" "" 2016-11-18 29.36 "LAC" "@" "SAC" "W" 6 NA NA NA NA NA NA NA NA NA NA NA NA NA NA NA NA
"14" "" 2016-11-19 29.36 "LAC" "" "CHI" "W" 7 NA NA NA NA NA NA NA NA NA NA NA NA NA NA NA NA
"15" "10" 2016-11-21 29.36 "LAC" "" "TOR" "W" 8 0 11.9833333333333 0 0 11.8 20 16.2 0 0 0 0 3.8 79 119 -0.6 -7.7
"16" "11" 2016-11-23 29.37 "LAC" "@" "DAL" "W" 20 0 14.6833333333333 0.4 0.4 8.2 20.9 15 9 0 5.4 0 15.2 102 106 3.5 -5.3
"17" "12" 2016-11-25 29.38 "LAC" "@" "DET" "L" -11 0 11.9166666666667 1.5 1.5 0 33.6 16.1 0 0 5.7 0 4.1 300 113 4.3 10
"18" "13" 2016-11-27 29.38 "LAC" "@" "IND" "L" -21 0 9.81666666666667 0.333 0.333 0 20.8 10.6 0 0 0 25 19.2 48 101 -0.9 -12.7
"19" "14" 2016-11-29 29.39 "LAC" "@" "BRK" "L" -5 0 12.3833333333333 0.625 0.625 0 8.8 4.3 12.8 3.9 7.1 0 14.1 132 96 4.1 6.2
"20" "" 2016-12-01 29.39 "LAC" "@" "CLE" "W" 19 NA NA NA NA NA NA NA NA NA NA NA NA NA NA NA NA
"21" "15" 2016-12-02 29.39 "LAC" "@" "NOP" "W" 18 0 2.56666666666667 0 0 0 0 0 41.6 0 0 0 18 61 113 0 -4.8
"22" "16" 2016-12-04 29.4 "LAC" "" "IND" "L" -9 0 3.16666666666667 NA NA 0 0 0 0 0 0 NA 0 0 122 0 -3.6
"23" "17" 2016-12-07 29.41 "LAC" "" "GSW" "L" -17 0 15.4833333333333 0.608 0.375 12.2 14.8 13.3 9.4 0 0 25.8 20.8 111 122 4.5 1.2
"24" "18" 2016-12-10 29.42 "LAC" "" "NOP" "W" 28 0 21.6333333333333 0.833 0.833 0 34.1 18 0 2.3 0 0 12.3 160 103 8.6 2.3
"25" "19" 2016-12-12 29.42 "LAC" "" "POR" "W" 1 0 8.11666666666667 0.75 0.75 0 15.6 7.4 0 0 9 33.3 15.7 86 124 1.6 -1.7
"26" "20" 2016-12-14 29.43 "LAC" "@" "ORL" "W" 5 0 14.6 0.333 0.333 0 35 20.3 9.8 7.2 5.9 0 9.7 88 95 4.8 6.4
"27" "21" 2016-12-16 29.43 "LAC" "@" "MIA" "W" 4 0 8.15 1 1 0 44.4 24.3 0 0 0 0 5.6 200 95 2.5 5.6
"28" "22" 2016-12-18 29.44 "LAC" "@" "WAS" "L" -7 0 9.65 0.5 0.5 13.8 13.4 13.6 13.1 5.1 0 33.3 13.3 92 112 1.9 -0.8
"29" "23" 2016-12-20 29.44 "LAC" "" "DEN" "W" 17 0 13.6333333333333 0.25 0.25 0 7.5 4.2 0 3.7 0 0 13.6 51 106 0.5 -10.4
"30" "24" 2016-12-22 29.45 "LAC" "" "SAS" "W" 5 0 26.85 0.383 0.4 4.2 27.5 16.9 10.6 0 2.4 16.1 21.2 76 102 4.6 -3.2
"31" "25" 2016-12-23 29.45 "LAC" "" "DAL" "L" -2 0 4.68333333333333 NA NA 0 0 0 0 11.4 0 NA 0 0 87 1 7.4
"32" "26" 2016-12-25 29.46 "LAC" "@" "LAL" "L" -9 0 24.3833333333333 0.2 0.2 4.4 17.5 10.9 11.2 0 6.7 0 9 75 115 3.2 -5.4
"33" "27" 2016-12-26 29.46 "LAC" "" "DEN" "L" -4 1 19.6333333333333 0.518 0.5 0 10.9 5.5 28.7 0 9.6 0 15.9 121 109 6.3 5.5
"34" "28" 2016-12-28 29.47 "LAC" "@" "NOP" "L" -4 1 18.5666666666667 0.143 0.143 19.5 20.7 20.1 0 0 0 0 16 66 112 1.1 -12
"35" "29" 2016-12-30 29.47 "LAC" "@" "HOU" "L" -24 1 23.8833333333333 0.601 0.571 4.3 22.3 12.1 5.2 5.8 0 10.7 15.9 118 126 8.9 1.9
"36" "30" 2016-12-31 29.47 "LAC" "@" "OKC" "L" -26 0 2.06666666666667 0 0 0 59.6 28.3 0 0 0 0 23.4 0 118 -0.8 -31.2
"37" "31" 2017-01-02 29.48 "LAC" "" "PHO" "W" 11 0 14.9833333333333 0.75 0.75 0 11 6.5 0 0 7.4 0 5.5 157 96 3.6 6.7
"38" "32" 2017-01-04 29.48 "LAC" "" "MEM" "W" 9 0 6.45 1 1 0 15.2 8.5 0 0 0 0 7 200 115 1.2 -2.2
"39" "33" 2017-01-06 29.49 "LAC" "@" "SAC" "W" 8 0 16.7333333333333 0.333 0.333 0 23.4 12.1 0 0 10.1 0 8.5 67 103 2.5 -3.6
"40" "34" 2017-01-08 29.5 "LAC" "" "MIA" "W" 12 0 13.5 0.102 0 7.4 33.5 21.1 0 3.7 0 17 19.4 31 79 0 -10.5
"41" "35" 2017-01-11 29.5 "LAC" "" "ORL" "W" 9 0 17.95 0.625 0.625 0 17.4 9.6 7.9 5.3 0 0 9.9 134 89 5.8 6.7
"42" "36" 2017-01-14 29.51 "LAC" "" "LAL" "W" 16 0 13.6666666666667 0.75 0.75 0 34.3 17.1 0 0 6 0 6.9 140 97 3.5 2.8
"43" "" 2017-01-16 29.52 "LAC" "" "OKC" "W" 22 NA NA NA NA NA NA NA NA NA NA NA NA NA NA NA NA
"44" "37" 2017-01-19 29.53 "LAC" "" "MIN" "L" -3 0 10.5666666666667 0 0 0 11.4 5.4 0 9.9 0 0 4.2 0 99 1.6 -0.3
"45" "38" 2017-01-21 29.53 "LAC" "@" "DEN" "L" -25 0 24.7 0.25 0.25 4.3 33.3 17 0 0 0 0 7.3 69 130 1.7 -10.1
"46" "39" 2017-01-23 29.54 "LAC" "@" "ATL" "W" 10 0 18.9666666666667 0.643 0.643 12.1 34.5 23.5 15.9 2.7 0 0 16.9 149 105 11.3 9.9
"47" "40" 2017-01-24 29.54 "LAC" "@" "PHI" "L" -11 0 12.1833333333333 1 1 9.2 38.4 23.5 0 0 0 0 3.7 211 126 2.4 -2.5
"48" "41" 2017-01-28 29.55 "LAC" "@" "GSW" "L" -46 0 10.2666666666667 0.375 0.375 0 28.3 11.7 0 0 0 0 17.7 74 149 1.2 -9.8
"49" "42" 2017-02-01 29.56 "LAC" "@" "PHO" "W" 10 0 10.5333333333333 1 1 0 0 0 0 0 0 0 4.1 200 123 1.7 -1.6
"50" "43" 2017-02-02 29.56 "LAC" "" "GSW" "L" -13 0 6.56666666666667 0 0 0 0 0 0 7.3 0 0 6.5 0 125 0.3 -5.6
"51" "44" 2017-02-05 29.57 "LAC" "@" "BOS" "L" -5 0 10.7 0.875 0.875 0 19.1 9.9 0 0 0 20 20.5 112 111 5 6.8
"52" "45" 2017-02-06 29.58 "LAC" "@" "TOR" "L" -9 0 5.61666666666667 0 0 0 0 0 0 9.1 0 0 8 0 114 -0.1 -9.6
"53" "46" 2017-02-08 29.58 "LAC" "@" "NYK" "W" 4 0 8.71666666666667 0.667 0.667 0 24.5 12.5 0 5.7 0 0 14.3 138 107 3.9 4.1
"54" "47" 2017-02-11 29.59 "LAC" "@" "CHO" "W" 5 0 9.71666666666667 0.333 0.333 11.8 10.3 11 0 0 10.3 0 13.9 90 106 1.2 -8.3
"55" "48" 2017-02-13 29.59 "LAC" "@" "UTA" "W" 16 0 10.1 0.266 0 0 17.3 9.7 0 5.2 7.4 0 9 59 67 1.4 1.4
"56" "49" 2017-02-15 29.6 "LAC" "" "ATL" "W" 15 0 19.4666666666667 0.688 0.688 0 21.9 11.6 0 7.8 4.7 11.1 22.1 105 76 10.5 10.3
"57" "50" 2017-02-23 29.62 "LAC" "@" "GSW" "L" -10 0 5.63333333333333 0.5 0.5 16.1 44.8 28.1 0 0 0 0 13.8 118 116 2.3 0.4
"58" "" 2017-02-24 29.62 "LAC" "" "SAS" "L" -8 NA NA NA NA NA NA NA NA NA NA NA NA NA NA NA NA
"59" "51" 2017-02-26 29.63 "LAC" "" "CHO" "W" 3 0 5.06666666666667 0 0 0 56.5 23.2 0 0 0 0 8.6 0 121 -0.1 -11.7
"60" "52" 2017-03-01 29.64 "LAC" "" "HOU" "L" -19 0 4.63333333333333 0 0 0 46 21.1 0 0 0 0 29.1 0 114 -1.9 -34
"61" "53" 2017-03-03 29.64 "LAC" "@" "MIL" "L" -11 0 3.78333333333333 0.75 0.75 0 0 0 0 0 0 0 24.7 135 124 2 11.1
"62" "54" 2017-03-04 29.65 "LAC" "@" "CHI" "W" 10 0 13.5166666666667 0.5 0.5 0 8.9 4.3 0 0 5.4 0 6.7 105 102 1.6 -0.6
"63" "55" 2017-03-06 29.65 "LAC" "" "BOS" "W" 14 0 16.3166666666667 0.5 0.5 0 12.8 7 0 3 0 0 5.5 101 104 1 -3.6
"64" "56" 2017-03-08 29.66 "LAC" "@" "MIN" "L" -16 0 7.21666666666667 NA NA 0 16.6 7.7 0 0 0 NA 0 0 121 0.3 -4.1
"65" "57" 2017-03-09 29.66 "LAC" "@" "MEM" "W" 16 0 10.2833333333333 0.4 0.4 0 10.1 5.8 0 0 0 16.7 26.8 65 107 0.2 -14.4
"66" "58" 2017-03-11 29.67 "LAC" "" "PHI" "W" 12 0 8.91666666666667 1.5 1.5 0 0 0 0 0 0 0 5 300 113 2.7 5.6
"67" "59" 2017-03-13 29.67 "LAC" "@" "UTA" "L" -6 0 11.4 0 0 0 12.8 6 0 4.8 0 0 4.5 0 124 0.6 -2
"68" "60" 2017-03-15 29.68 "LAC" "" "MIL" "L" -1 0 10.5166666666667 0.5 0.5 0 0 0 0 0 9.7 0 8.9 96 100 1.3 -0.3
"69" "61" 2017-03-16 29.68 "LAC" "@" "DEN" "L" -15 0 13.9333333333333 0.417 0.417 0 16.8 8.4 9.3 0 0 14.3 24.2 75 139 1.5 -12.1
"70" "62" 2017-03-18 29.68 "LAC" "" "CLE" "W" 30 0 6.73333333333333 NA NA 0 14 7.6 0 0 12.7 NA 0 0 71 0.6 2.4
"71" "63" 2017-03-20 29.69 "LAC" "" "NYK" "W" 9 0 4.03333333333333 0 0 0 24.8 13.1 0 0 0 0 22.3 0 111 -1.1 -26.3
"72" "64" 2017-03-21 29.69 "LAC" "@" "LAL" "W" 24 0 6.06666666666667 0 0 0 48.4 26.7 0 0 0 0 7 0 103 -0.2 -10.1
"73" "" 2017-03-23 29.7 "LAC" "@" "DAL" "L" -2 NA NA NA NA NA NA NA NA NA NA NA NA NA NA NA NA
"74" "" 2017-03-25 29.7 "LAC" "" "UTA" "W" 13 NA NA NA NA NA NA NA NA NA NA NA NA NA NA NA NA
"75" "65" 2017-03-26 29.71 "LAC" "" "SAC" "L" -1 0 1.98333333333333 NA NA 0 0 0 0 0 0 NA 0 0 112 0 -5.8
"76" "" 2017-03-29 29.72 "LAC" "" "WAS" "W" 9 NA NA NA NA NA NA NA NA NA NA NA NA NA NA NA NA
"77" "" 2017-03-30 29.72 "LAC" "@" "PHO" "W" 6 NA NA NA NA NA NA NA NA NA NA NA NA NA NA NA NA
"78" "" 2017-04-01 29.72 "LAC" "" "LAL" "W" 11 NA NA NA NA NA NA NA NA NA NA NA NA NA NA NA NA
"79" "" 2017-04-05 29.73 "LAC" "" "DAL" "W" 11 NA NA NA NA NA NA NA NA NA NA NA NA NA NA NA NA
"80" "66" 2017-04-08 29.74 "LAC" "@" "SAS" "W" 11 0 12.6 0 0 0 26 13.4 0 0 13.1 25 15.8 0 90 -0.8 -11.2
"81" "67" 2017-04-10 29.75 "LAC" "" "HOU" "W" 29 0 15.7 0.333 0.333 6.9 6.6 6.8 7.1 0 0 0 8.2 106 104 1.6 -4.1
"82" "68" 2017-04-12 29.75 "LAC" "" "SAC" "W" 20 0 5.85 0.5 0.5 0 21 10.3 0 0 0 0 16.4 101 111 1.3 -6.5
"1" "1" 2017-10-19 30.27 "LAC" "@" "LAL" "W" 16 0 19.8166666666667 0.643 0.643 4.2 17.9 10.9 7.5 2.3 0 0 13.4 140 87 8.9 7.2
"2" "2" 2017-10-21 30.28 "LAC" "" "PHO" "W" 42 0 14.2166666666667 0.387 0.333 0 22 11.5 15.1 6.7 0 0 11.6 107 77 3.6 3
"3" "3" 2017-10-24 30.29 "LAC" "" "UTA" "W" 18 0 16.3666666666667 0.644 0.5 0 7.2 3.5 0 6.4 11.5 0 10.8 141 78 5.8 10
"4" "4" 2017-10-26 30.29 "LAC" "@" "POR" "W" 1 0 14.75 0.3 0.3 7.7 20.3 14.5 9.9 0 11.2 16.7 18.8 77 111 1.8 -2.2
"5" "5" 2017-10-28 30.3 "LAC" "" "DET" "L" -8 0 12.5166666666667 0.143 0.143 7.2 47.9 26.6 15.9 0 0 0 24 50 93 -0.1 -13.8
"6" "6" 2017-10-30 30.3 "LAC" "" "GSW" "L" -28 0 16.5833333333333 0.508 0.429 0 7.2 3.6 0 0 4.8 11.3 23.1 93 143 3.5 -8.6
"7" "7" 2017-11-01 30.31 "LAC" "" "DAL" "W" 21 0 25.7833333333333 0.58 0.5 5.2 14.6 10.7 5.3 1.9 0 0 13.5 131 100 8.8 0
"8" "8" 2017-11-04 30.32 "LAC" "" "MEM" "L" -9 0 14.0666666666667 0.333 0.333 0 0 0 9.9 0 6.4 25 12.4 64 126 -0.5 -10.8
"9" "9" 2017-11-05 30.32 "LAC" "" "MIA" "L" -3 0 32.6166666666667 0.5 0.5 0 17.5 8.5 5 0 3.1 25 10.2 84 115 3.1 -5.8
"10" "10" 2017-11-07 30.33 "LAC" "@" "SAS" "L" -13 1 33.1333333333333 1 1 7.6 14.5 11.1 8.3 1.5 2.6 33.3 12.2 131 126 10.9 4
"11" "11" 2017-11-10 30.33 "LAC" "@" "OKC" "L" -9 1 28.5833333333333 0.47 0.375 3.7 20.5 11.7 0 0 0 42.9 13.6 61 127 -0.4 -9.1
"12" "12" 2017-11-11 30.34 "LAC" "@" "NOP" "L" -8 1 18.4166666666667 0 0 0 21.1 8.9 7.4 5.1 0 0 2.4 48 102 2.5 0.3
"13" "13" 2017-11-13 30.34 "LAC" "" "PHI" "L" -4 1 20.35 0.717 0.875 9.4 6.7 8.3 8.2 2.4 0 0 10.4 153 110 6.4 4.5
"14" "14" 2017-11-17 30.35 "LAC" "@" "CLE" "L" -5 1 42.6666666666667 0.75 0.75 0 17.4 8.2 12.9 3.4 8.7 0 10 154 99 19.9 12.1
"15" "15" 2017-11-18 30.36 "LAC" "@" "CHO" "L" -15 1 31.7666666666667 0.409 0.409 3.1 13.4 8.1 5.6 1.6 5 0 15.8 88 103 7.1 0.5
"16" "16" 2017-11-20 30.36 "LAC" "@" "NYK" "L" -22 1 24.2333333333333 0.697 0.688 0 19.8 9.1 17.9 4.1 4.2 30 23.9 92 103 9.1 6.1
"17" "17" 2017-11-22 30.37 "LAC" "@" "ATL" "W" 13 1 35.6166666666667 1.103 1.1 0 3.7 2 4.1 1.5 2.5 0 14.8 207 114 22.1 13.9
"18" "18" 2017-11-25 30.38 "LAC" "@" "SAC" "W" 2 1 39.65 0.8 0.8 0 12.4 6.5 0 1.3 2 0 6 149 104 8.6 1
"19" "19" 2017-11-27 30.38 "LAC" "" "LAL" "W" 5 1 29.0166666666667 0.286 0.286 0 3.6 1.9 0 1.6 2.7 0 10.1 64 112 -0.1 -7.8
"20" "20" 2017-11-30 30.39 "LAC" "" "UTA" "L" -19 1 32.6833333333333 0.527 0.5 4.5 8.2 6.4 0 3.2 5.9 22.3 19.3 85 132 6.5 -7.8
"21" "21" 2017-12-02 30.39 "LAC" "@" "DAL" "L" -26 1 27.6333333333333 0.394 0.313 0 8.3 3.8 13.1 1.9 3.9 10.1 16.2 82 121 2.9 -5.7
"22" "22" 2017-12-03 30.4 "LAC" "@" "MIN" "L" -6 1 33.7 0.1 0.1 0 9.9 5.4 8 3.2 4.6 28.6 20.2 27 120 -4.5 -16
"23" "23" 2017-12-06 30.41 "LAC" "" "MIN" "L" -6 1 31.7166666666667 0.379 0.364 2.8 8.9 5.1 8 0 7.2 0 15.7 96 116 6.9 -1.9
"24" "24" 2017-12-09 30.41 "LAC" "" "WAS" "W" 1 1 24.0833333333333 0.5 0.5 0 10.5 5.2 0 6.3 8 16.7 11.9 77 105 5.5 1.3
"25" "25" 2017-12-11 30.42 "LAC" "" "TOR" "W" 5 1 19.8833333333333 0.285 0.143 4.5 21 12.1 0 0 0 10.2 20.6 64 97 0.2 -11.6
"26" "26" 2017-12-13 30.42 "LAC" "@" "ORL" "W" 11 1 13.5 0.333 0.333 0 6.8 3.7 20.1 3.6 5.8 0 10.2 94 91 3.3 1.6
"27" "27" 2017-12-15 30.43 "LAC" "@" "WAS" "L" -9 1 19.9833333333333 0.19 0.143 0 26.1 12.4 7.9 2.3 4.2 20.2 20 38 92 -0.4 -9.9
"28" "28" 2017-12-16 30.43 "LAC" "@" "MIA" "L" -5 1 12.0333333333333 0.4 0.4 0 9.3 4.8 14.8 4.6 8.5 16.7 23.2 78 93 2.6 2
"29" "" 2017-12-18 30.44 "LAC" "@" "SAS" "L" -18 NA NA NA NA NA NA NA NA NA NA NA NA NA NA NA NA
"30" "" 2017-12-20 30.44 "LAC" "" "PHO" "W" 13 NA NA NA NA NA NA NA NA NA NA NA NA NA NA NA NA
"31" "" 2017-12-22 30.45 "LAC" "@" "HOU" "W" 10 NA NA NA NA NA NA NA NA NA NA NA NA NA NA NA NA
"32" "" 2017-12-23 30.45 "LAC" "@" "MEM" "L" -3 NA NA NA NA NA NA NA NA NA NA NA NA NA NA NA NA
"33" "" 2017-12-26 30.46 "LAC" "" "SAC" "W" 27 NA NA NA NA NA NA NA NA NA NA NA NA NA NA NA NA
"34" "29" 2017-12-29 30.47 "LAC" "@" "LAL" "W" 15 0 9.85 NA NA 0 10.8 5.8 11.6 5 0 NA 0 221 104 1.6 3.8
"35" "30" 2017-12-31 30.47 "LAC" "" "CHO" "W" 8 0 25.7166666666667 0.515 0.333 4.9 22 14.7 0 1.9 3.1 20.5 8.8 95 96 5.1 -1.3
"36" "31" 2018-01-02 30.48 "LAC" "" "MEM" "W" 8 1 15.9 0.5 0.5 0 22.6 12.6 0 0 0 0 5.8 97 109 0.7 -5.5
"37" "32" 2018-01-04 30.48 "LAC" "" "OKC" "L" -10 1 29.5833333333333 0.813 0.813 0 7.9 3.6 4.4 3.2 2.7 11.1 12.2 137 120 10.8 3.9
"38" "33" 2018-01-06 30.49 "LAC" "" "GSW" "L" -16 0 10.2 0 0 0 19.2 9.5 0 8.6 0 50 7.7 0 96 0.5 -3.9
"39" "34" 2018-01-08 30.5 "LAC" "" "ATL" "W" 1 1 32.3833333333333 0.357 0.357 2.9 17.1 10.1 4.2 3 5 30 12.8 62 102 2.9 -5.7
"40" "35" 2018-01-10 30.5 "LAC" "@" "GSW" "W" 19 1 15.3 0 0 7.8 0 4 6.8 9.1 0 42.9 18.3 21 89 -3 -14.9
"41" "36" 2018-01-11 30.5 "LAC" "@" "SAC" "W" 6 0 24.7333333333333 0.825 0.786 0 14.2 7 5.5 1.9 0 20.2 16.8 122 114 9.1 1.3
"42" "37" 2018-01-13 30.51 "LAC" "" "SAC" "W" 21 0 23.5666666666667 0.658 0.611 0 13.9 8 0 2 3 0 18.6 128 103 9.3 0.8
"43" "38" 2018-01-15 30.52 "LAC" "" "HOU" "W" 11 0 30.9 0.59 0.563 5.5 34.2 23.9 0 1.6 12.4 0 13.7 121 91 14 6.8
"44" "39" 2018-01-17 30.52 "LAC" "" "DEN" "W" 5 0 29 0.644 0.5 6.5 13 9.7 14.2 0 0 7.9 17.3 144 108 13.6 7.1
"45" "40" 2018-01-20 30.53 "LAC" "@" "UTA" "L" -12 0 27.05 0.594 0.654 0 37.4 15.8 0 1.7 3.3 6.5 24.1 101 118 11.8 1.1
"46" "41" 2018-01-22 30.53 "LAC" "" "MIN" "L" -8 1 30 0.5 0.5 0 3.2 1.8 0 0 0 10 14.5 87 130 2.4 -9.1
"47" "42" 2018-01-24 30.54 "LAC" "" "BOS" "L" -11 1 34.65 0.714 0.714 0 13.9 6.4 18.8 2.7 10.5 0 8.4 147 104 15.5 12.6
"48" "43" 2018-01-26 30.55 "LAC" "@" "MEM" "W" 9 1 36.7666666666667 0.218 0.167 0 15.9 8.3 0 8 7.3 22.5 11.3 34 87 5.6 -2.6
"49" "44" 2018-01-28 30.55 "LAC" "@" "NOP" "W" 9 1 31.2666666666667 0.333 0.333 0 3.3 1.6 4 3 3.1 7.7 17.2 67 98 2.7 -7.5
"50" "45" 2018-01-30 30.56 "LAC" "" "POR" "L" -8 1 27.2166666666667 0.5 0.5 3.5 20.9 12.9 16.8 1.8 10.4 0 8.1 121 94 9.8 8.3
"51" "46" 2018-02-03 30.57 "LAC" "" "CHI" "W" 10 0 15.0833333333333 0.75 0.75 0 22.3 12.5 0 6.3 0 33.3 8.4 86 87 2.6 -0.2
"52" "47" 2018-02-05 30.57 "LAC" "" "DAL" "W" 3 0 17.1833333333333 0.75 0.75 0 6.8 3.6 7.1 0 0 0 5.3 149 111 2.2 -2.4
"53" "48" 2018-02-09 30.58 "LAC" "@" "DET" "W" 13 0 17.25 0.667 0.667 5.9 11.1 8.6 15.3 0 4.9 0 7.8 160 102 4.9 3.5
"54" "49" 2018-02-10 30.59 "LAC" "@" "PHI" "L" -14 0 3.43333333333333 NA NA 0 0 0 0 0 0 NA 0 0 117 0 -6.2
"55" "50" 2018-02-12 30.59 "LAC" "@" "BRK" "W" 13 0 10.2666666666667 0.333 0.333 0 41.6 23.4 0 9.8 0 25 17.6 52 82 1.3 -6
"56" "51" 2018-02-14 30.6 "LAC" "@" "BOS" "W" 10 0 2.8 NA NA 0 36.5 19.3 0 0 0 NA 0 0 117 0.3 -2
"57" "52" 2018-02-22 30.62 "LAC" "@" "GSW" "L" -7 0 1.03333333333333 NA NA 0 0 0 0 0 0 NA 0 0 131 -0.4 -22.2
"58" "53" 2018-02-23 30.62 "LAC" "@" "PHO" "W" 11 1 20.1666666666667 0.3 0.3 0 0 0 0 4.4 0 0 10.2 65 108 1.5 -4.7
"59" "54" 2018-02-27 30.63 "LAC" "@" "DEN" "W" 2 1 15.7666666666667 0 0 0 0 0 0 0 5.4 0 7.6 0 120 -2.2 -12.6
"60" "55" 2018-02-28 30.64 "LAC" "" "HOU" "L" -13 0 5.61666666666667 0 0 0 19 10.7 0 0 0 0 8.3 0 113 -1.2 -15.4
"61" "56" 2018-03-02 30.64 "LAC" "" "NYK" "W" 23 0 13.3666666666667 1 1 0 7.6 4.3 7.7 3.7 11.2 0 3.2 206 99 3.5 3.9
"62" "57" 2018-03-04 30.65 "LAC" "" "BRK" "W" 3 1 11.1 0 0 0 18.8 10.3 0 13.1 0 0 4 0 95 2.1 2
"63" "58" 2018-03-06 30.65 "LAC" "" "NOP" "L" -5 1 6.68333333333333 NA NA 0 0 0 15.6 0 0 NA 0 215 117 0.7 0.2
"64" "" 2018-03-09 30.66 "LAC" "" "CLE" "W" 14 NA NA NA NA NA NA NA NA NA NA NA NA NA NA NA NA
"65" "59" 2018-03-10 30.66 "LAC" "" "ORL" "W" 8 0 17.25 1.042 1 0 19.9 11.3 0 0 4.6 51 15.5 92 109 3.6 -2.7
"66" "60" 2018-03-13 30.67 "LAC" "@" "CHI" "W" 6 0 5.76666666666667 0 0 0 0 0 0 0 0 0 7.7 0 113 -0.7 -13.5
"67" "61" 2018-03-15 30.68 "LAC" "@" "HOU" "L" -5 0 4.98333333333333 0 0 21.4 0 10.1 0 0 0 20 44 14 119 -3.1 -39.9
"68" "" 2018-03-16 30.68 "LAC" "@" "OKC" "L" -8 NA NA NA NA NA NA NA NA NA NA NA NA NA NA NA NA
"69" "62" 2018-03-18 30.68 "LAC" "" "POR" "L" -13 0 8.85 1.25 1.25 0 0 0 18.6 0 0 0 10 246 128 4.7 11.1
"70" "63" 2018-03-20 30.69 "LAC" "@" "MIN" "L" -14 0 7.56666666666667 1.5 1.5 14.1 17.6 15.7 18.8 0 0 0 5.5 262 127 4.4 15.3
"71" "64" 2018-03-21 30.69 "LAC" "@" "MIL" "W" 7 1 27.65 0.354 0.278 12.7 13.4 13 0 1.7 2.7 0 14.6 108 119 5.8 -6.6
"72" "65" 2018-03-23 30.7 "LAC" "@" "IND" "L" -5 1 18.0333333333333 0.625 0.625 8.1 13 10.8 0 0 4.3 0 11.1 131 123 4.6 1.7
"73" "66" 2018-03-25 30.7 "LAC" "@" "TOR" "W" 11 1 20.3833333333333 0.643 0.643 0 15.7 7.7 0 2.4 4.2 0 14.3 135 105 7.9 8.9
"74" "67" 2018-03-27 30.71 "LAC" "" "MIL" "W" 7 1 23.4 0.5 0.5 0 5 2.4 6.1 6.3 3.4 0 17.3 104 91 7 5.7
"75" "68" 2018-03-28 30.71 "LAC" "@" "PHO" "W" 12 1 21.8 0 0 0 18 9.8 5.1 2.2 0 66.7 5.9 20 98 -0.6 -7.6
"76" "69" 2018-03-30 30.72 "LAC" "@" "POR" "L" -9 0 5.93333333333333 1.5 1.5 0 16.9 8.4 29 8.3 0 0 7.1 282 92 4.3 27.9
"77" "" 2018-04-01 30.72 "LAC" "" "IND" "L" -7 NA NA NA NA NA NA NA NA NA NA NA NA NA NA NA NA
"78" "70" 2018-04-03 30.73 "LAC" "" "SAS" "W" 3 0 0.95 NA NA 0 0 0 0 0 0 NA 0 0 119 0 -4.4
"79" "71" 2018-04-05 30.73 "LAC" "@" "UTA" "L" -22 0 9.31666666666667 0 0 0 13.6 6.7 0 11.1 0 0 9.6 0 106 0.1 -5
"80" "72" 2018-04-07 30.74 "LAC" "" "DEN" "L" -19 1 16.75 0.667 0.667 0 9.6 4 0 0 0 0 7.7 140 147 2.2 -7.3
"81" "73" 2018-04-09 30.75 "LAC" "" "NOP" "L" -13 1 22.5333333333333 0.375 0.375 7.3 4 5.8 5.5 0 0 11.1 15.7 83 117 2.6 -9.2
"82" "74" 2018-04-11 30.75 "LAC" "" "LAL" "L" -15 1 16.0166666666667 0.846 0.875 0 0 0 37.5 2.9 0 0 14.2 177 114 10 14.7
"1" "" 2018-10-17 31.27 "NOP" "@" "HOU" "W" 19 NA NA NA NA NA NA NA NA NA NA NA NA NA NA NA NA
"2" "" 2018-10-19 31.27 "NOP" "" "SAC" "W" 20 NA NA NA NA NA NA NA NA NA NA NA NA NA NA NA NA
"3" "" 2018-10-23 31.28 "NOP" "" "LAC" "W" 7 NA NA NA NA NA NA NA NA NA NA NA NA NA NA NA NA
"4" "1" 2018-10-26 31.29 "NOP" "" "BRK" "W" 2 0 8.6 0.521 0.5 0 0 0 0 10.9 9.6 41 22.6 59 94 1.5 -2.8
"5" "2" 2018-10-27 31.3 "NOP" "" "UTA" "L" -21 0 15.9833333333333 0.75 0.75 0 17.2 7.2 0 0 0 0 9.7 146 125 3.4 -0.3
"6" "" 2018-10-29 31.3 "NOP" "@" "DEN" "L" -5 NA NA NA NA NA NA NA NA NA NA NA NA NA NA NA NA
"7" "" 2018-10-31 31.31 "NOP" "@" "GSW" "L" -10 NA NA NA NA NA NA NA NA NA NA NA NA NA NA NA NA
"8" "" 2018-11-01 31.31 "NOP" "@" "POR" "L" -13 NA NA NA NA NA NA NA NA NA NA NA NA NA NA NA NA
"9" "3" 2018-11-03 31.32 "NOP" "@" "SAS" "L" -14 1 21.2833333333333 0.75 0.75 0 22.6 12.4 0 0 3.1 60 10.6 47 108 0.8 -5.6
"10" "4" 2018-11-05 31.32 "NOP" "@" "OKC" "L" -6 1 18.9833333333333 0.363 0.25 5.9 0 2.9 6.6 2.4 0 12.7 17 84 118 1.4 -7.2
"11" "5" 2018-11-07 31.33 "NOP" "" "CHI" "W" 9 1 23.9 0.857 0.857 4 11.8 8 12.6 1.9 3.1 0 12.1 168 93 13.4 10.9
"12" "6" 2018-11-10 31.33 "NOP" "" "PHO" "W" 20 1 27.9333333333333 0.922 0.875 0 3.6 1.9 4.7 1.8 0 0 7.2 196 107 8.2 2.5
"13" "7" 2018-11-12 31.34 "NOP" "@" "TOR" "W" 16 1 20.7333333333333 0.417 0.417 5.3 4.4 4.8 0 0 0 0 11.8 103 115 1 -7.3
"14" "8" 2018-11-14 31.35 "NOP" "@" "MIN" "L" -7 1 29.75 0.833 0.833 3.5 20.6 12.1 21.9 1.6 0 25 5.4 145 103 8.5 5.2
"15" "9" 2018-11-16 31.35 "NOP" "" "NYK" "W" 5 0 12.1166666666667 0.625 0.625 0 7.2 4 0 3.6 6.2 33.3 18.6 75 104 1.8 -3.8
"16" "10" 2018-11-17 31.35 "NOP" "" "DEN" "W" 10 1 24.4 1 1 4.6 21.4 13.3 10.3 0 0 0 5.2 197 117 7.9 4
"17" "11" 2018-11-19 31.36 "NOP" "" "SAS" "W" 14 1 17.2166666666667 0.5 0.5 0 6.1 3.2 5.2 2.8 0 0 11.8 121 126 3.1 -5.9
"18" "12" 2018-11-21 31.36 "NOP" "@" "PHI" "L" -1 1 22.2833333333333 0.357 0.357 11.5 9.6 10.7 11.4 0 0 0 11.8 114 119 4.2 -3.5
"19" "13" 2018-11-23 31.37 "NOP" "@" "NYK" "L" -5 1 24 0.375 0.375 3.7 21.3 11.9 0 0 3.4 20 7.8 74 115 2.5 -5.8
"20" "14" 2018-11-24 31.37 "NOP" "@" "WAS" "L" -10 1 12.9333333333333 0.375 0.375 7.9 18.1 12.7 9.4 0 0 20 16.1 79 119 0.4 -11.1
"21" "15" 2018-11-26 31.38 "NOP" "" "BOS" "L" -17 1 17.15 0.583 0.583 0 12.4 6.8 0 0 0 0 15 116 132 4.2 -2.9
"22" "16" 2018-11-28 31.38 "NOP" "" "WAS" "W" 21 0 8.65 0 0 0 0 0 0 0 0 0 4.4 0 108 -1.5 -12.6
"23" "17" 2018-11-30 31.39 "NOP" "@" "MIA" "L" -5 0 7.56666666666667 0 0 0 13.2 6.9 0 0 10.6 0 5.7 0 106 -0.1 -5.4
"24" "18" 2018-12-02 31.39 "NOP" "@" "CHO" "W" 10 1 14.5166666666667 0.5 0.5 0 12.7 7.3 0 3.2 0 25 11.6 70 105 1.9 -2.5
"25" "19" 2018-12-03 31.4 "NOP" "" "LAC" "L" -3 0 17 0 0 0 26.5 11.4 5.8 0 4.5 0 5.2 36 131 -1.5 -14.8
"26" "20" 2018-12-05 31.4 "NOP" "" "DAL" "W" 26 0 3.55 0.75 0.75 0 26 14.9 0 0 0 0 24.2 125 104 2.3 6.9
"27" "" 2018-12-07 31.41 "NOP" "" "MEM" "L" -4 NA NA NA NA NA NA NA NA NA NA NA NA NA NA NA NA
"28" "" 2018-12-09 31.41 "NOP" "@" "DET" "W" 8 NA NA NA NA NA NA NA NA NA NA NA NA NA NA NA NA
"29" "21" 2018-12-10 31.42 "NOP" "@" "BOS" "L" -13 0 2.55 NA NA 0 0 0 0 0 0 NA 0 0 126 0 -8.1
"30" "" 2018-12-12 31.42 "NOP" "" "OKC" "W" 4 NA NA NA NA NA NA NA NA NA NA NA NA NA NA NA NA
"31" "" 2018-12-16 31.43 "NOP" "" "MIA" "L" -6 NA NA NA NA NA NA NA NA NA NA NA NA NA NA NA NA
"32" "22" 2018-12-19 31.44 "NOP" "@" "MIL" "L" -8 0 8.81666666666667 0.25 0.25 0 12.7 6.1 0 5.3 0 0 19.2 51 112 0.5 -11.8
"33" "" 2018-12-21 31.45 "NOP" "@" "LAL" "L" -8 NA NA NA NA NA NA NA NA NA NA NA NA NA NA NA NA
"34" "" 2018-12-23 31.45 "NOP" "@" "SAC" "L" -5 NA NA NA NA NA NA NA NA NA NA NA NA NA NA NA NA
"35" "" 2018-12-26 31.46 "NOP" "@" "DAL" "L" -3 NA NA NA NA NA NA NA NA NA NA NA NA NA NA NA NA
"36" "23" 2018-12-28 31.47 "NOP" "" "DAL" "W" 2 0 7.08333333333333 0 0 0 0 0 0 0 0 0 5.7 0 126 -1.1 -14.6
"37" "24" 2018-12-29 31.47 "NOP" "" "HOU" "L" -4 0 2.73333333333333 0 0 0 0 0 0 0 0 0 15.5 0 120 -0.7 -19.7
"38" "" 2018-12-31 31.47 "NOP" "" "MIN" "W" 9 NA NA NA NA NA NA NA NA NA NA NA NA NA NA NA NA
"39" "" 2019-01-02 31.48 "NOP" "@" "BRK" "L" -5 NA NA NA NA NA NA NA NA NA NA NA NA NA NA NA NA
"40" "" 2019-01-05 31.49 "NOP" "@" "CLE" "W" 35 NA NA NA NA NA NA NA NA NA NA NA NA NA NA NA NA
"41" "" 2019-01-07 31.49 "NOP" "" "MEM" "W" 19 NA NA NA NA NA NA NA NA NA NA NA NA NA NA NA NA
"42" "" 2019-01-09 31.5 "NOP" "" "CLE" "W" 16 NA NA NA NA NA NA NA NA NA NA NA NA NA NA NA NA
"43" "" 2019-01-12 31.51 "NOP" "@" "MIN" "L" -4 NA NA NA NA NA NA NA NA NA NA NA NA NA NA NA NA
"44" "" 2019-01-14 31.51 "NOP" "@" "LAC" "W" 4 NA NA NA NA NA NA NA NA NA NA NA NA NA NA NA NA
"45" "" 2019-01-16 31.52 "NOP" "@" "GSW" "L" -7 NA NA NA NA NA NA NA NA NA NA NA NA NA NA NA NA
"46" "" 2019-01-18 31.52 "NOP" "@" "POR" "L" -16 NA NA NA NA NA NA NA NA NA NA NA NA NA NA NA NA
"47" "" 2019-01-21 31.53 "NOP" "@" "MEM" "W" 20 NA NA NA NA NA NA NA NA NA NA NA NA NA NA NA NA
"48" "" 2019-01-23 31.54 "NOP" "" "DET" "L" -4 NA NA NA NA NA NA NA NA NA NA NA NA NA NA NA NA
"49" "" 2019-01-24 31.54 "NOP" "@" "OKC" "L" -6 NA NA NA NA NA NA NA NA NA NA NA NA NA NA NA NA
"50" "" 2019-01-26 31.55 "NOP" "" "SAS" "L" -12 NA NA NA NA NA NA NA NA NA NA NA NA NA NA NA NA
"51" "25" 2019-01-29 31.55 "NOP" "@" "HOU" "W" 5 0 4.36666666666667 0.47 0.5 0 0 0 0 10.6 0 0 49.6 95 98 2.8 -5.3
"52" "" 2019-01-30 31.56 "NOP" "" "DEN" "L" -6 NA NA NA NA NA NA NA NA NA NA NA NA NA NA NA NA
"53" "26" 2019-02-02 31.56 "NOP" "@" "SAS" "L" -5 0 3.15 0 0 0 0 0 0 15.1 0 0 27.9 0 86 -0.4 -15.2
"54" "" 2019-02-04 31.57 "NOP" "" "IND" "L" -2 NA NA NA NA NA NA NA NA NA NA NA NA NA NA NA NA
"55" "" 2019-02-06 31.58 "NOP" "@" "CHI" "W" 5 NA NA NA NA NA NA NA NA NA NA NA NA NA NA NA NA
"56" "27" 2019-02-08 31.58 "WAS" "" "CLE" "W" 13 0 14.6 0.333 0.333 0 6 3.3 0 0 5.7 40 14.3 37 112 -1.1 -15.4
"57" "28" 2019-02-09 31.58 "WAS" "@" "CHI" "W" 9 0 19.95 1.017 1.083 0 5.1 2.9 5.6 0 3.3 0 14.5 188 123 12.3 8.7
"58" "29" 2019-02-11 31.59 "WAS" "@" "DET" "L" -9 0 24.85 0.551 0.5 4.3 9.7 6.8 10.1 2 3.9 0 9.9 130 122 6.5 -0.8
"59" "30" 2019-02-13 31.59 "WAS" "@" "TOR" "L" -9 0 19.1166666666667 0.174 0 5.3 10.5 7.9 6.8 2.3 0 25.8 8.2 59 116 -0.4 -8.6
"60" "31" 2019-02-22 31.62 "WAS" "@" "CHO" "L" -13 0 13.6166666666667 0 0 0 32.8 14.7 8.4 0 5.6 28.6 20.9 9 114 -3.7 -22.1
"61" "32" 2019-02-23 31.62 "WAS" "" "IND" "L" -7 0 15.5333333333333 0.129 0 0 0 0 7.4 0 0 0 10.9 49 128 -0.8 -13.1
"62" "33" 2019-02-27 31.63 "WAS" "@" "BRK" "W" 9 0 14.1833333333333 0.5 0.5 0 14.4 6.9 0 0 0 0 8 108 113 1.5 -5.8
"63" "34" 2019-03-01 31.64 "WAS" "@" "BOS" "L" -11 0 8.53333333333333 0.3 0.3 0 0 0 18.5 0 0 16.7 29.3 61 114 -1.2 -15.4
"64" "35" 2019-03-03 31.64 "WAS" "" "MIN" "W" 14 0 5.03333333333333 0 0 0 0 0 0 0 0 0 23.8 0 123 -2.1 -33
"65" "" 2019-03-06 31.65 "WAS" "" "DAL" "W" 9 NA NA NA NA NA NA NA NA NA NA NA NA NA NA NA NA
"66" "" 2019-03-08 31.66 "WAS" "@" "CHO" "L" -1 NA NA NA NA NA NA NA NA NA NA NA NA NA NA NA NA
"67" "" 2019-03-09 31.66 "WAS" "@" "MIN" "L" -5 NA NA NA NA NA NA NA NA NA NA NA NA NA NA NA NA
"68" "" 2019-03-11 31.67 "WAS" "" "SAC" "W" 6 NA NA NA NA NA NA NA NA NA NA NA NA NA NA NA NA
"69" "" 2019-03-13 31.67 "WAS" "" "ORL" "W" 10 NA NA NA NA NA NA NA NA NA NA NA NA NA NA NA NA
"70" "" 2019-03-15 31.68 "WAS" "" "CHO" "L" -6 NA NA NA NA NA NA NA NA NA NA NA NA NA NA NA NA
"71" "" 2019-03-16 31.68 "WAS" "" "MEM" "W" 7 NA NA NA NA NA NA NA NA NA NA NA NA NA NA NA NA
"72" "" 2019-03-18 31.68 "WAS" "" "UTA" "L" -21 NA NA NA NA NA NA NA NA NA NA NA NA NA NA NA NA
"73" "36" 2019-03-20 31.69 "WAS" "@" "CHI" "L" -6 0 9.03333333333333 0 0 0 22.1 12 0 0 0 0 9.9 0 121 -0.8 -17.7
"74" "37" 2019-03-21 31.69 "WAS" "" "DEN" "L" -5 0 6.65 0.647 0 0 17.6 9.3 0 0 0 0 16.7 145 126 2.2 -4.3
"75" "" 2019-03-23 31.7 "WAS" "" "MIA" "L" -5 NA NA NA NA NA NA NA NA NA NA NA NA NA NA NA NA
"76" "" 2019-03-26 31.71 "WAS" "@" "LAL" "L" -18 NA NA NA NA NA NA NA NA NA NA NA NA NA NA NA NA
"77" "" 2019-03-27 31.71 "WAS" "@" "PHO" "W" 3 NA NA NA NA NA NA NA NA NA NA NA NA NA NA NA NA
"78" "" 2019-03-29 31.72 "WAS" "@" "UTA" "L" -4 NA NA NA NA NA NA NA NA NA NA NA NA NA NA NA NA
"79" "38" 2019-03-31 31.72 "WAS" "@" "DEN" "W" 5 0 5.58333333333333 0 0 0 15.1 7.7 0 0 15.1 0 15.5 0 85 -1.2 -15.3
"80" "" 2019-04-03 31.73 "WAS" "" "CHI" "L" -1 NA NA NA NA NA NA NA NA NA NA NA NA NA NA NA NA
"81" "" 2019-04-05 31.73 "WAS" "" "SAS" "L" -17 NA NA NA NA NA NA NA NA NA NA NA NA NA NA NA NA
