"Rk" "G" "Date" "Age" "Tm" "H/A" "Opp" "W/L" "By Amt" "GS" "MP" "TS%" "eFG%" "ORB%" "DRB%" "TRB%" "AST%" "STL%" "BLK%" "TOV%" "USG%" "ORtg" "DRtg" "GmSc" "BPM"
"1" "1" 1993-11-05 23.39 "DAL" "@" "UTA" "L" -16 1 15 0.5 0.5 25.9 43.2 34.6 12 0 0 20 16 106 111 4.1 -5
"2" "2" 1993-11-06 23.39 "DAL" "" "GSW" "L" -4 1 25 0.333 0.333 16.3 20.8 18.3 11.9 0 0 25 14.3 82 111 2.8 -8.6
"3" "3" 1993-11-09 23.4 "DAL" "" "NJN" "L" -6 1 43 0.558 0.444 27.9 13.3 21.1 18.9 0 7.4 31.7 15.5 104 96 17.6 4.7
"4" "4" 1993-11-12 23.41 "DAL" "@" "MIN" "W" 16 1 22 0.607 0.556 33.6 0 18.7 24.2 0 0 9.2 21.4 143 116 11.7 1.5
"5" "5" 1993-11-13 23.41 "DAL" "" "UTA" "L" -1 1 38 0.514 0.5 31.6 16.8 24.9 11.3 0 0 7.3 15.9 132 120 14.6 -0.3
"6" "6" 1993-11-16 23.42 "DAL" "" "NYK" "L" -13 1 30 0.387 0.333 13.7 8.9 11.3 11.1 0 0 20.5 15.8 85 117 3.5 -5.9
"7" "7" 1993-11-18 23.42 "DAL" "@" "LAC" "L" -4 1 34 0.785 0.6 10.9 25.7 17.6 0 3 0 0 9.5 177 91 15.7 4.7
"8" "8" 1993-11-19 23.42 "DAL" "@" "SEA" "L" -29 1 30 0 0 12 29.1 19.7 5 1.7 0 80 7.2 30 119 -1.1 -8.3
"9" "9" 1993-11-21 23.43 "DAL" "@" "POR" "L" -13 1 34 0.338 0.25 9.4 21.2 14.9 12.8 0 2 0 11.4 103 106 6.3 -4.8
"10" "10" 1993-11-23 23.44 "DAL" "" "LAC" "L" -7 1 21 0.347 0.5 13.7 34.6 22 6.4 2.6 3.5 25.8 7.7 83 107 4 -4
"11" "11" 1993-11-26 23.44 "DAL" "" "CHI" "L" -23 1 27 0.45 0.375 15.5 15.2 15.4 6.2 5.6 0 18.4 17.3 93 107 8.6 -0.1
"12" "12" 1993-11-27 23.45 "DAL" "@" "SAS" "L" -24 1 23 0.6 0.6 4.2 11.2 7.9 0 0 0 16.7 11.7 99 120 3.1 -8.1
"13" "13" 1993-11-30 23.45 "DAL" "@" "GSW" "L" -12 1 24 0.167 0.167 0 14.6 7 12.5 2.1 0 0 10.7 60 108 0.3 -9
"14" "14" 1993-12-01 23.46 "DAL" "@" "LAL" "L" -33 1 30 0.333 0.333 20.9 20.6 20.8 9.4 1.6 4.4 35.7 18.1 64 118 4.3 -8.7
"15" "15" 1993-12-03 23.46 "DAL" "" "MIL" "L" -1 1 34 1.042 1 10.9 17.1 13.7 0 1.6 2.4 41 6.4 127 116 7.2 -3.6
"16" "16" 1993-12-05 23.47 "DAL" "@" "DEN" "L" -5 1 28 1.031 1 15.9 16.6 16.1 14 1.7 0 0 5.5 210 114 13 5.5
"17" "17" 1993-12-07 23.47 "DAL" "" "MIA" "L" -5 1 35 0.85 0.8 18 25.5 22 18.6 1.6 2 14.5 9.3 168 115 15.9 7.6
"18" "18" 1993-12-09 23.48 "DAL" "" "SEA" "L" -32 1 22 0.41 0.25 20.8 25.4 23.1 19.9 2.2 2.7 17 10.8 110 121 7.1 0.7
"19" "19" 1993-12-11 23.48 "DAL" "" "PHO" "L" -11 1 27 0.455 0.455 27.9 18.7 24 5.4 3.7 8 0 16.5 126 108 14.3 4.1
"20" "20" 1993-12-14 23.49 "DAL" "" "POR" "L" -7 1 40 0.4 0.333 17.7 27 21.9 17.8 3.8 1.7 12.7 15.6 100 86 15.3 3.9
"21" "21" 1993-12-16 23.5 "DAL" "" "SAS" "L" -14 1 21 0.563 0.5 12.5 20.2 15.4 7.8 0 0 18.4 11.2 114 113 4.1 -4.8
"22" "22" 1993-12-18 23.5 "DAL" "@" "HOU" "L" -11 1 23 1 1 10.4 30.9 22.2 0 2.2 0 0 8.2 201 100 9.6 3.7
"23" "23" 1993-12-20 23.51 "DAL" "@" "NYK" "L" -9 1 17 0.806 0.75 14.5 6 9.8 0 2.9 0 39.2 25.8 99 102 5.1 -3.2
"24" "24" 1993-12-22 23.52 "DAL" "@" "MIL" "L" -10 1 21 1 1 13.4 16.7 15.2 7.4 2.6 0 50 4.4 120 107 3.1 -4.6
"25" "25" 1993-12-23 23.52 "DAL" "@" "MIN" "W" 4 1 29 0.644 0.667 32.2 10.7 22.2 10.9 5.5 2.7 27.9 16.4 111 92 13 4.1
"26" "26" 1993-12-28 23.53 "DAL" "" "DEN" "L" -12 1 34 0.281 0.25 20.9 27.5 23.8 10.2 1.5 0 13.9 16.8 80 100 6.6 -4.7
"27" "27" 1994-01-02 23.55 "DAL" "@" "SAC" "L" -3 1 25 0.481 0.429 10.1 28.2 18.7 20.1 1.8 0 10.7 15.2 113 111 8 0.9
"28" "28" 1994-01-03 23.55 "DAL" "@" "UTA" "L" -30 1 18 0.333 0.333 10.3 26 17.2 0 2.7 0 25 8.9 69 110 0.9 -9.9
"29" "29" 1994-01-05 23.55 "DAL" "" "HOU" "L" -12 1 27 0.781 1 16.2 29.6 22.7 10.2 3.7 0 14.8 10.9 142 111 11.5 3.7
"30" "30" 1994-01-07 23.56 "DAL" "" "PHI" "L" -10 1 3 0.5 0.5 0 41 18.6 72.7 0 0 0 28.2 123 109 2 19.6
"31" "31" 1994-01-08 23.56 "DAL" "@" "CHI" "L" -19 1 10 0.568 NA 8.1 22.9 14.3 0 0 0 0 3.6 137 104 0.7 -8
"32" "32" 1994-01-12 23.57 "DAL" "" "MIN" "L" -18 1 28 0.6 0.6 10.5 29.6 17.6 11.1 0 2.3 28.6 10.6 100 110 5.8 -4.2
"33" "33" 1994-01-14 23.58 "DAL" "@" "ATL" "L" -17 1 18 0.429 0.429 36.4 19.5 28.2 22.2 2.8 0 41.7 28.4 77 115 4.3 -8.4
"34" "34" 1994-01-15 23.58 "DAL" "" "SAS" "L" -17 1 21 0.694 0.5 15.5 6.9 12.4 0 0 0 25.8 8 128 132 4.3 -10.6
"35" "35" 1994-01-18 23.59 "DAL" "@" "PHO" "L" -10 1 27 0.333 0.333 25.4 13 19.3 14 5.3 0 40 7.6 98 107 6.9 -3.3
"36" "36" 1994-01-19 23.59 "DAL" "" "BOS" "L" -5 1 28 0.451 0.333 14 38.6 25 12.9 1.9 0 20.5 15.4 96 94 7.5 -2
"37" "37" 1994-01-21 23.6 "DAL" "" "SEA" "L" -4 1 34 0.556 0.556 28.2 20.2 24.2 18.5 4.8 0 25 15.5 106 97 13 4.7
"38" "38" 1994-01-22 23.6 "DAL" "@" "SAS" "L" -20 1 20 0.6 0.6 22.6 20 21.6 0 0 0 0 10.6 144 114 7.3 0
"39" "39" 1994-01-24 23.61 "DAL" "@" "BOS" "L" -8 1 18 0.75 0.75 18.6 11.9 15.2 8.6 2.9 0 0 9.9 169 117 7.6 2.4
"40" "40" 1994-01-26 23.61 "DAL" "@" "PHI" "L" -14 1 12 0.4 0.4 25 36.4 30.4 32 0 0 16.7 20.5 96 107 4.6 1.9
"41" "41" 1994-01-27 23.61 "DAL" "@" "WSB" "L" -3 0 21 1 1 10.2 16.9 12.7 8.5 2.5 0 0 8.5 203 109 9.3 4.8
"42" "42" 1994-01-31 23.62 "DAL" "" "ATL" "L" -5 0 11 1 1 0 39.7 19.6 0 0 0 0 3.9 200 91 2.9 1.2
"43" "43" 1994-02-02 23.63 "DAL" "@" "MIN" "W" 4 0 12 0 0 20 10 15 21.1 4.5 0 0 14.4 53 96 0.4 -8.2
"44" "44" 1994-02-04 23.64 "DAL" "" "LAL" "L" -8 1 28 0.507 0.5 23.4 13.7 18.2 5.9 3.7 0 18.4 17.1 103 100 9.1 -2.7
"45" "45" 1994-02-06 23.64 "DAL" "@" "DEN" "L" -10 0 16 0.68 0.6 10.7 15 12.5 0 3 0 14.5 17.3 127 98 6.1 -0.7
"46" "46" 1994-02-08 23.65 "DAL" "" "MIN" "W" 3 0 22 1 1 20.5 24.1 22.2 0 0 0 50 4.1 134 105 2.3 -7.2
"47" "47" 1994-02-10 23.65 "DAL" "" "WSB" "W" 10 0 10 0.5 0.5 19.6 20 19.8 0 5.3 8.1 0 8.4 136 74 3.5 1.9
"48" "48" 1994-02-15 23.67 "DAL" "" "POR" "L" -3 0 21 0.5 0.5 17.3 37.3 26.9 6.8 0 0 33.3 12.3 96 104 4.7 -5.9
"49" "49" 1994-02-17 23.67 "DAL" "" "IND" "L" -11 0 21 0.5 0.5 38.1 5.6 24.9 11 0 0 11.1 17.4 114 99 9.8 1.7
"50" "50" 1994-02-19 23.68 "DAL" "" "DET" "L" -9 0 20 0.364 0.364 48.9 11.7 32.8 7.6 0 0 8.3 24.2 107 117 7.9 -9.4
"51" "51" 1994-02-21 23.68 "DAL" "@" "DET" "W" 10 0 28 0.338 0.25 22 25.7 23.9 0 2 0 0 14.6 108 99 6.3 -6.4
"52" "52" 1994-02-22 23.68 "DAL" "@" "IND" "L" -6 0 9 0 0 44.4 48.5 46.1 14.4 0 8 33.3 13.2 67 101 1.1 -10.4
"53" "53" 1994-02-24 23.69 "DAL" "@" "CHH" "W" 5 1 25 0.533 0.556 20.6 20.2 20.4 10.3 1.9 2.5 8.8 20.1 115 108 9.7 -2
"54" "54" 1994-02-26 23.7 "DAL" "@" "CLE" "L" -11 0 17 0.667 0.667 6.7 8.3 7.4 0 0 4.6 0 7.4 148 123 3.6 -4.4
"55" "55" 1994-02-27 23.7 "DAL" "@" "NJN" "L" -27 0 15 0.25 0.25 0 29.1 12.8 8.9 0 0 0 10.8 67 119 1.1 -8.8
"56" "56" 1994-03-03 23.71 "DAL" "" "ORL" "L" -13 0 6 0.568 NA 0 22.9 9.8 0 0 0 0 6.6 122 115 -0.7 -18.7
"57" "57" 1994-03-05 23.72 "DAL" "" "UTA" "L" -13 0 19 0.336 0.286 14.6 15.8 15 9.7 0 0 0 17.1 102 119 2.7 -9
"58" "58" 1994-03-08 23.72 "DAL" "" "LAC" "L" -6 0 6 1 1 16 21.6 18.4 0 0 0 66.7 20.4 64 120 -0.5 -22.8
"59" "59" 1994-03-10 23.73 "DAL" "@" "LAL" "L" -5 0 17 0.625 0.625 75.3 0 42.9 8.9 6.2 0 11.1 21.9 144 114 16.1 9.2
"60" "60" 1994-03-11 23.73 "DAL" "@" "LAC" "L" -10 0 22 0.5 0.5 8.9 31.9 19.4 5.9 0 0 50 7.3 71 111 1.7 -9.8
"61" "61" 1994-03-13 23.74 "DAL" "" "HOU" "L" -7 0 21 0.429 0.429 14.5 18.5 16 15.2 0 0 0 13.2 126 118 6.6 -2.2
"62" "62" 1994-03-16 23.75 "DAL" "@" "ORL" "L" -2 0 17 0 0 5.9 30.7 18 6.9 0 0 0 7.1 39 102 -0.4 -11.6
"63" "63" 1994-03-17 23.75 "DAL" "@" "MIA" "L" -17 0 20 0 0 0 13.7 6.1 6.7 0 10.7 50 4.3 24 119 1.3 -4.2
"64" "64" 1994-03-19 23.75 "DAL" "" "GSW" "L" -9 0 12 NA NA 9.8 9.1 9.4 0 0 0 NA 0 201 122 0.6 -7.1
"65" "65" 1994-03-23 23.76 "DAL" "" "LAL" "L" -3 0 10 0 0 24 13.3 18.9 24 0 0 0 9 95 122 0.5 -9.3
"66" "66" 1994-03-25 23.77 "DAL" "@" "PHO" "L" -5 0 17 1.087 1 20.2 33.6 26.9 8.5 6 3.9 42 12.5 139 89 9.5 9
"67" "67" 1994-03-26 23.77 "DAL" "@" "DEN" "L" -11 0 12 0.4 0.4 23.1 28.6 25.5 0 3.9 0 0 16.7 109 101 4.9 -0.1
"68" "68" 1994-03-29 23.78 "DAL" "" "SAS" "L" -25 0 6 NA NA 0 19.5 9.3 0 0 10.1 NA 0 0 124 1 -0.3
"69" "69" 1994-04-01 23.79 "DAL" "" "CHH" "L" -2 0 20 0.393 0.2 39.1 28.2 34.3 13.1 0 0 28.2 21.6 93 113 4.6 -10.2
"70" "70" 1994-04-02 23.79 "DAL" "" "CLE" "L" -7 0 11 0.521 0.5 19 9.7 14.4 0 0 0 0 11.9 130 113 2.9 -3.3
"71" "71" 1994-04-05 23.8 "DAL" "@" "SAC" "W" 8 0 26 0.512 0.5 4.1 17.8 11.4 0 8.2 0 17 10.4 91 76 6.6 0.2
"72" "72" 1994-04-07 23.81 "DAL" "@" "UTA" "L" -17 0 27 0.667 0.667 4.3 22.2 14.7 0 0 3.8 33.3 14.8 83 100 5.4 -3.2
"73" "73" 1994-04-08 23.81 "DAL" "@" "SEA" "L" -18 0 12 0.512 0.5 0 29.3 15.8 15.4 0 0 17 21.8 95 109 2.4 -2.8
"74" "74" 1994-04-11 23.82 "DAL" "@" "GSW" "L" -14 0 17 0.714 0.714 6.4 12.8 9.6 0 0 3.4 22.2 21.9 100 121 5.9 -7.4
"75" "75" 1994-04-12 23.82 "DAL" "@" "POR" "W" 1 0 29 0.732 0.667 29 27.6 28.3 0 0 0 10.9 13.3 153 111 14.6 2.8
"76" "76" 1994-04-15 23.83 "DAL" "" "DEN" "W" 2 1 34 0.486 0.4 23 19.3 21.3 4.7 1.5 0 0 13.6 137 105 13.1 0.8
"77" "77" 1994-04-16 23.83 "DAL" "" "SAC" "L" -8 1 36 0.81 0.778 9.8 40.4 23.4 0 0 0 9.2 13.6 151 120 14.6 0.4
"78" "78" 1994-04-18 23.84 "DAL" "" "PHO" "L" -9 1 26 0.286 0.286 14.2 13.2 13.7 5.2 1.9 0 0 10.7 95 108 4.9 -2.5
"79" "79" 1994-04-21 23.84 "DAL" "@" "HOU" "L" -26 1 22 0.625 0.625 14.3 21.8 17.3 0 0 0 11.1 15.1 120 119 8.2 -4.2
"80" "80" 1994-04-22 23.85 "DAL" "" "HOU" "W" 12 1 23 0.25 0.25 13 19.9 16.2 10.5 2.1 0 33.3 10.8 72 95 2.1 -6.9
"81" "81" 1994-04-24 23.85 "DAL" "" "MIN" "W" 14 1 13 0.605 0.571 16.4 0 8.9 0 11.9 5.5 0 24.5 140 93 9.6 8.9
"1" "1" 1994-11-05 24.39 "DAL" "" "NJN" "W" 9 1 31 0.446 0.455 25.8 10.8 18.7 14.9 0 2.6 24.5 20.7 94 111 8.2 -5
"2" "2" 1994-11-08 24.39 "DAL" "" "DEN" "L" -8 1 36 0.487 0.5 23.9 10.3 18.9 18.8 0 0 0 17.2 137 125 18.5 5.9
"3" "3" 1994-11-11 24.4 "DAL" "@" "PHI" "W" 7 1 36 0.5 0.5 14.4 33.3 24.7 12.6 5.5 0 17.6 19.6 102 91 14.2 1.1
"4" "4" 1994-11-12 24.41 "DAL" "@" "CHI" "W" 4 1 36 0.4 0.4 10.8 23.2 18 20.5 0 1.9 28.6 7.9 108 108 6.6 1.9
"5" "5" 1994-11-15 24.41 "DAL" "@" "MIA" "L" -13 1 25 0.349 0.333 17.5 36 25.3 0 2.1 0 7.2 23.3 88 120 5.6 -8.6
"6" "6" 1994-11-17 24.42 "DAL" "" "SAC" "W" 2 1 34 0.455 0.455 6.9 11.4 9 4.7 1.6 0 8.3 14.9 105 104 6.1 -2.8
"7" "7" 1994-11-19 24.42 "DAL" "" "CHI" "L" -26 1 28 0.255 0.2 7 12 9.3 11 0 2.5 14.5 10.7 69 119 1.3 -9.2
"8" "8" 1994-11-23 24.44 "DAL" "@" "LAL" "L" -12 1 34 0.504 0.5 25.4 26.7 26 29.8 0 0 21.2 21 110 122 16.1 3.3
"9" "9" 1994-11-25 24.44 "DAL" "" "POR" "W" 10 1 29 0.676 0.625 10.3 36.5 24.8 5.8 0 0 25.3 17.4 110 83 10.1 0.1
"10" "10" 1994-11-26 24.44 "DAL" "@" "DEN" "W" 1 1 29 0.455 0.444 11 26.7 18.1 4.8 0 0 0 13.8 123 118 6.5 -4.6
"11" "11" 1994-11-29 24.45 "DAL" "" "MIN" "W" 1 1 16 0.429 0.429 0 20 10 63.2 0 0 0 19.7 120 96 4 3.8
"12" "12" 1994-12-01 24.46 "DAL" "" "DEN" "L" -9 1 37 0.312 0.267 14.2 45.3 26.7 5.2 1.3 0 10.2 20.1 77 81 8.8 -2.4
"13" "13" 1994-12-03 24.46 "DAL" "" "UTA" "L" -25 1 40 0.644 0.5 9.5 32.7 20.3 9.8 1.3 0 0 8.9 154 120 12.2 1.5
"14" "14" 1994-12-06 24.47 "DAL" "@" "SAS" "W" 3 1 47 0.422 0.375 17 24.2 20.2 10.4 0 2.8 10.1 16.2 115 112 14.7 -1.1
"15" "15" 1994-12-08 24.48 "DAL" "" "WSB" "L" -3 1 46 0.45 0.429 18.4 26.4 22.3 7.8 1.1 0 17.2 15.4 103 112 12.6 -4.8
"16" "16" 1994-12-10 24.48 "DAL" "" "CHH" "W" 13 1 20 0.5 0.5 15 30.8 22.1 15.5 0 0 16.7 25.9 103 98 5.6 -3.8
"17" "17" 1994-12-13 24.49 "DAL" "" "LAL" "L" -7 1 37 0.756 0.769 10.2 21.6 16.6 19.6 1.3 0 12.6 17.9 143 115 21.3 7.7
"18" "18" 1994-12-15 24.5 "DAL" "" "BOS" "W" 9 1 43 0.615 0.579 20.3 34 28.3 3.1 1.2 0 16.4 22.8 124 111 21.4 0.4
"19" "19" 1994-12-17 24.5 "DAL" "@" "LAC" "W" 19 1 21 0.667 0.667 5.7 16.3 11.9 0 0 0 62.5 16.5 48 95 -2 -13.6
"20" "20" 1994-12-20 24.51 "DAL" "@" "GSW" "W" 3 1 35 0.61 0.615 5.3 13.7 8.9 8.1 1.4 0 6.3 17.3 129 111 13.3 0.3
"21" "21" 1994-12-22 24.52 "DAL" "@" "SEA" "L" -2 1 26 0.663 0.6 17.3 15.4 16.3 6.6 0 2.9 26.1 24.6 106 113 9.2 -1.1
"22" "22" 1994-12-23 24.52 "DAL" "@" "POR" "L" -26 1 24 0.125 0.125 4.3 16 10.4 0 0 0 27.3 18.2 25 117 -4.3 -17.3
"23" "23" 1994-12-26 24.53 "DAL" "@" "PHO" "L" -26 1 15 0.515 0.333 7 8.4 7.6 7.3 0 0 20.5 12.3 105 139 1.4 -10.9
"24" "24" 1994-12-27 24.53 "DAL" "" "PHO" "L" -1 1 37 0.563 0.563 23.3 32.4 28.5 7.6 1.3 1.5 15.8 21 114 110 17.7 -0.2
"25" "25" 1994-12-30 24.54 "DAL" "" "GSW" "W" 16 1 34 0.567 0.533 13.3 14.1 13.7 8.1 1.4 4.6 15.9 20.9 113 92 14.9 1.3
"26" "26" 1995-01-03 24.55 "DAL" "" "HOU" "L" -12 1 31 0.333 0.333 19 20 19.4 0 0 0 20 19 80 130 3.2 -13.9
"27" "27" 1995-01-05 24.55 "DAL" "@" "HOU" "L" -9 1 33 0.607 0.556 9.1 24.2 15.6 5.1 1.5 0 16.8 14.5 113 112 10.1 -1.5
"28" "28" 1995-01-06 24.56 "DAL" "" "IND" "W" 11 1 22 0.167 0.167 14.9 26.6 20.5 18.8 2.4 0 40 19.6 53 97 -1.5 -12.7
"29" "29" 1995-01-09 24.56 "DAL" "@" "UTA" "L" -16 1 6 0 0 0 0 0 0 0 0 0 15.3 0 121 -1.8 -23.5
"30" "30" 1995-01-14 24.58 "DAL" "" "MIA" "L" -7 1 17 0.25 0.25 5.5 37.2 19 22.4 0 0 0 9.9 85 93 2.4 -1.9
"31" "31" 1995-01-15 24.58 "DAL" "@" "SAS" "W" 5 1 30 0.581 0.583 7.1 21.3 14.2 16.1 3.2 0 17.9 23.1 106 98 11.9 2.5
"32" "32" 1995-01-18 24.59 "DAL" "" "ORL" "L" -11 1 40 0.296 0.313 24 34.3 28.5 3.6 0 0 10.6 20.6 83 116 6 -10.7
"33" "33" 1995-01-20 24.59 "DAL" "" "NYK" "L" -13 1 31 0.4 0.4 13.3 32.6 23.3 5.6 1.8 0 9.1 17.4 92 116 6.6 -4.8
"34" "34" 1995-01-21 24.6 "DAL" "" "SEA" "L" -26 1 19 0.167 0.167 9.9 32.4 19.6 7.1 0 0 33.3 17.7 39 114 -2.8 -17
"35" "35" 1995-01-23 24.6 "DAL" "@" "UTA" "L" -5 1 37 0.955 1 4.1 24.5 15 6.9 0 0 0 7.3 199 127 12.8 4.1
"36" "36" 1995-01-24 24.61 "DAL" "@" "SAC" "L" -1 1 17 0.222 0.222 0 20.9 10 9.2 3.3 0 18.2 30.8 44 103 -2.5 -22.6
"37" "37" 1995-01-27 24.61 "DAL" "" "MIN" "L" -8 1 36 0.364 0.364 5.9 22.9 13.3 4.7 0 0 8.3 14.1 92 118 2.8 -9.1
"38" "38" 1995-01-28 24.62 "DAL" "" "SAC" "L" -3 1 31 0.403 0.357 29.7 28.8 29.2 13.9 3.4 0 6.3 22.2 106 88 12.9 1.1
"39" "39" 1995-01-31 24.62 "DAL" "@" "MIL" "L" -2 1 27 0.333 0.333 20.7 28.3 24.5 10.3 2 0 25 19.9 81 114 4.7 -9.5
"40" "40" 1995-02-01 24.63 "DAL" "@" "MIN" "W" 21 1 39 0.444 0.444 37.6 21.7 28.3 17.5 1.5 1.9 10 23.4 125 91 17.9 1.6
"41" "41" 1995-02-03 24.63 "DAL" "" "SAS" "L" -11 1 26 0.333 0.333 7.4 24.6 15.5 0 0 2.1 10 16.6 76 117 3 -9.8
"42" "42" 1995-02-04 24.64 "DAL" "" "UTA" "W" 21 1 35 0.484 0.444 15.7 30.8 24.5 11.6 0 0 27.9 16.4 99 102 7.5 -2.9
"43" "43" 1995-02-07 24.64 "DAL" "" "PHO" "L" -1 1 33 0.447 0.4 21.5 14.9 18.8 12 1.6 0 5.6 20.9 123 122 13.4 -2.5
"44" "44" 1995-02-08 24.65 "DAL" "@" "ORL" "L" -18 1 26 0.47 0.429 27.5 10.5 20.3 26.4 2 2.6 11.8 28.8 110 116 14.2 6.2
"45" "45" 1995-02-14 24.66 "DAL" "" "POR" "W" 5 1 19 0.4 0.4 5.4 5.3 5.3 8.2 0 0 0 11.2 105 106 1.8 -5.7
"46" "46" 1995-02-17 24.67 "DAL" "" "ATL" "L" -20 1 32 0.405 0.333 9.8 37.5 22 10.2 0 0 0 13.3 113 123 6.7 -6
"47" "47" 1995-02-21 24.68 "DAL" "@" "WSB" "W" 5 1 40 0.444 0.444 6.3 23.4 15.2 12.9 1.4 0 10 11.3 114 108 8.7 -1.3
"48" "48" 1995-02-23 24.69 "DAL" "@" "ATL" "L" -18 1 23 0.267 0.25 29.3 29.1 29.2 22.6 0 0 5.6 30.9 88 120 5.9 -8
"49" "49" 1995-02-24 24.69 "DAL" "@" "NJN" "L" -10 1 37 0.844 0.833 11.1 20.8 16.8 10.4 0 1.7 19.4 18.6 134 123 18.6 4.1
"50" "50" 1995-02-26 24.7 "DAL" "@" "IND" "L" -8 1 38 0.559 0.529 5.5 37.2 18.9 5.1 1.3 0 5.3 22.1 112 106 15.2 1.1
"51" "51" 1995-02-28 24.7 "DAL" "" "HOU" "W" 1 1 28 0.423 0.417 17.5 19.5 18.4 5.5 0 0 0 20.9 113 112 9.7 -2.9
"52" "52" 1995-03-02 24.71 "DAL" "" "CLE" "W" 6 1 33 0.254 0.214 9.9 34.2 23 21.1 0 0 16 25.6 66 91 3.7 -6.1
"53" "53" 1995-03-04 24.71 "DAL" "" "DET" "L" -7 1 25 0.322 0.3 7.5 24.6 14.9 7.3 0 0 0 18.5 89 111 3.2 -9.2
"54" "54" 1995-03-07 24.72 "DAL" "" "DEN" "L" -3 1 24 0.381 0.286 4.3 35.3 17.5 11.4 0 6.3 11.3 16.9 87 106 5.4 -2.3
"55" "55" 1995-03-08 24.72 "DAL" "@" "UTA" "L" -27 1 15 0.286 0.286 11 19.4 14.1 0 0 0 0 19.2 80 123 0.7 -12.3
"56" "56" 1995-03-11 24.73 "DAL" "@" "HOU" "L" -7 1 35 0.5 0.5 18.5 25.9 21.6 4.6 0 0 14.3 8.3 123 118 8.1 -3.9
"57" "57" 1995-03-13 24.74 "DAL" "@" "GSW" "W" 5 1 25 0.143 0.143 22.6 30.5 26.3 13.1 0 0 0 10.4 103 116 3.9 -8.6
"58" "58" 1995-03-14 24.74 "DAL" "@" "SAC" "W" 1 1 27 0.235 0.235 24.9 18.5 21.8 29.7 1.9 0 0 27.9 83 93 7.4 -1.2
"59" "59" 1995-03-17 24.75 "DAL" "" "PHI" "W" 2 1 30 0.5 0.5 9.1 17.3 12.4 4.8 0 0 0 16.6 122 115 9.2 -2.4
"60" "60" 1995-03-18 24.75 "DAL" "@" "SAS" "L" -10 1 35 0.5 0.5 14.1 17.5 15.9 8.4 0 3.6 11.1 11.5 120 129 8.4 -3.9
"61" "61" 1995-03-20 24.76 "DAL" "@" "CLE" "W" 2 1 38 0.36 0.385 16.4 22.3 19.1 4.6 0 3.9 0 17.1 98 99 9.7 -3
"62" "62" 1995-03-22 24.76 "DAL" "@" "MIN" "W" 3 1 35 0.429 0.429 22.4 27.4 24.7 28.6 0 0 12.5 18.3 120 113 13.6 2.6
"63" "63" 1995-03-23 24.76 "DAL" "@" "DET" "W" 8 1 30 0.523 0.471 23.3 38.3 30.6 5.7 0 0 0 26.7 136 95 19.6 5.6
"64" "64" 1995-03-25 24.77 "DAL" "" "UTA" "W" 7 1 32 0.255 0.2 10.5 17.1 13.5 8 0 0 14.5 9.2 89 118 2 -6.4
"65" "65" 1995-03-28 24.78 "DAL" "" "MIL" "W" 21 1 24 0.46 0.5 7.3 27.6 17.7 11.4 0 0 0 17.6 115 89 8.6 0.2
"66" "66" 1995-03-30 24.78 "DAL" "@" "CHH" "W" 18 1 39 0.846 0.846 10.5 20.1 16.1 9.9 1.2 0 13.3 16.3 150 105 21.7 7.3
"67" "67" 1995-03-31 24.79 "DAL" "@" "NYK" "L" -11 1 33 0.418 0.444 18.2 24.9 20.8 16.7 0 0 0 13.5 115 113 11.5 0.9
"68" "68" 1995-04-02 24.79 "DAL" "@" "BOS" "L" -7 1 32 0.308 0.308 13.2 17.4 15 15.5 0 1.8 0 16.7 96 106 7.5 -3.8
"69" "69" 1995-04-05 24.8 "DAL" "" "LAL" "W" 19 1 26 0.676 0.625 19.2 19.6 19.4 0 0 0 18.4 16.1 132 120 10.6 -3.5
"70" "70" 1995-04-07 24.81 "DAL" "" "MIN" "W" 17 1 23 0.556 0.556 10.6 23.2 15.4 6.6 2.1 0 18.2 17.5 104 95 7.1 -2.4
"71" "71" 1995-04-08 24.81 "DAL" "" "SEA" "L" -27 1 32 0.394 0.375 6.5 28.4 16.3 10.9 1.5 2.1 10.1 13.4 90 124 7.8 -3.7
"72" "72" 1995-04-10 24.81 "DAL" "" "GSW" "L" -11 1 27 0.808 0.808 7.3 34.8 20.6 6.5 0 0 18.8 22.7 124 120 16.1 3.2
"73" "73" 1995-04-11 24.82 "DAL" "@" "HOU" "W" 9 1 37 0.446 0.364 21.4 37.6 28.4 6.4 0 0 24.5 15.5 100 113 10.6 -6.4
"74" "74" 1995-04-13 24.82 "DAL" "@" "SEA" "L" -21 1 21 0.167 0.167 7.3 16.3 10.9 0 0 2.8 25 13.3 41 123 -2.4 -17.2
"75" "75" 1995-04-15 24.83 "DAL" "@" "POR" "W" 12 1 29 0.667 0.667 12.7 24.7 19.2 5.9 1.8 0 18.2 16.7 117 92 10.8 3.7
"76" "76" 1995-04-16 24.83 "DAL" "@" "LAL" "L" -14 1 28 0.367 0.364 12.9 16.3 14.4 9.2 0 2.3 6.8 19.7 94 123 5.4 -8
"77" "77" 1995-04-18 24.84 "DAL" "" "LAC" "W" 13 1 27 0.697 0.667 7.6 22.2 15 12.1 0 0 0 16 165 98 14.1 9.4
"78" "78" 1995-04-20 24.84 "DAL" "" "SAS" "L" -1 1 33 0.571 0.571 15.8 14.5 15.2 4.4 1.5 5.6 0 17.7 136 112 17.1 5.2
"79" "79" 1995-04-21 24.84 "DAL" "@" "PHO" "L" -11 1 16 0.5 0.5 12.2 30 20.2 33.3 3 0 14.3 18.1 107 105 7.7 6.3
"80" "80" 1995-04-23 24.85 "DAL" "@" "LAC" "L" -22 1 25 0.421 0.364 11.6 34.9 20.9 13.1 0 2.2 0 17.3 112 112 10.4 -0.7
"1" "1" 1995-11-03 25.38 "DAL" "@" "SAS" "W" 6 1 35 0.545 0.545 3.3 17.1 10.8 0 1.4 1.8 15.4 15.4 101 96 7.7 -1.3
"2" "2" 1995-11-04 25.38 "DAL" "" "GSW" "W" 15 1 36 0.611 0.529 22.2 14.2 18.2 4.9 2.9 2 20.3 27.8 114 88 20 5.8
"3" "3" 1995-11-07 25.39 "DAL" "" "VAN" "W" 11 1 22 0.75 0.75 13.9 28.5 21.1 15.6 0 0 11.1 17.1 144 98 12.3 7
"4" "4" 1995-11-09 25.4 "DAL" "" "MIL" "W" 10 1 28 0.6 0.6 20.8 43.9 33.8 4.4 0 0 16.7 9.8 129 97 8.7 -0.6
"5" "5" 1995-11-11 25.4 "DAL" "" "ATL" "L" -13 1 36 0.463 0.455 8.2 9.9 9.1 4.4 1.4 0 0 14 113 118 7.9 -4.6
"6" "6" 1995-11-13 25.41 "DAL" "@" "VAN" "W" 5 1 35 0.373 0.294 16 19.2 17.5 14.3 1.6 0 9.6 23.4 103 101 9.9 -5
"7" "7" 1995-11-15 25.41 "DAL" "@" "LAL" "L" -17 1 23 0.337 0.273 21.3 7.9 14.3 14.5 0 0 7.8 22.6 93 120 4.8 -7.8
"8" "8" 1995-11-17 25.42 "DAL" "@" "LAC" "L" -11 1 36 0.667 0.667 12.7 11.6 12.1 4.7 0 0 25 9.9 113 110 6.5 -3.1
"9" "9" 1995-11-18 25.42 "DAL" "@" "GSW" "L" -13 1 34 0.625 0.625 9.8 28.2 16.6 10.1 1.5 2.4 0 9.9 152 128 11.1 -0.3
"10" "10" 1995-11-21 25.43 "DAL" "" "CHI" "L" -6 1 37 0.328 0.267 18.4 15.6 17.3 0 1.4 0 5.6 18.6 95 108 8.3 -6
"11" "11" 1995-11-24 25.44 "DAL" "" "DEN" "L" -3 1 36 0.738 0.75 9.7 18.4 13.5 17.2 0 0 0 15.8 160 118 18.9 5.6
"12" "12" 1995-11-28 25.45 "DAL" "@" "MIA" "L" -22 1 33 0.5 0.5 4.7 27.3 18.4 22.2 1.6 0 20 14.7 97 114 7.6 -0.7
"13" "13" 1995-11-30 25.45 "DAL" "@" "ORL" "L" -14 1 26 0.4 0.4 9.5 13.5 11.2 0 0 0 16.7 18.7 79 123 2 -15.4
"14" "14" 1995-12-01 25.46 "DAL" "@" "ATL" "W" 8 1 32 0.349 0.333 6.8 23.3 15.2 4.4 0 0 7.2 17.8 96 110 3.4 -9.3
"15" "15" 1995-12-03 25.46 "DAL" "@" "CLE" "L" -1 1 32 0.5 0.5 17 17.9 17.4 20.1 0 0 14.3 10.4 125 116 6.8 -1.9
"16" "16" 1995-12-05 25.47 "DAL" "@" "NYK" "L" -5 1 32 0.5 0.5 5.6 32.4 16.5 4.9 0 0 14.3 9.1 100 97 4.9 -4.6
"17" "17" 1995-12-06 25.47 "DAL" "@" "PHI" "L" -21 1 29 0.545 0.5 14.5 34.5 23.6 0 1.7 2.6 0 19 129 105 15.2 2.7
"18" "18" 1995-12-09 25.48 "DAL" "" "WSB" "L" -9 1 34 0.44 0.385 10.3 39.2 21.7 9.4 0 4.4 11.9 19.5 105 105 9.7 -0.5
"19" "19" 1995-12-12 25.49 "DAL" "" "SEA" "W" 11 1 35 0.447 0.412 5.1 26.6 15.7 19.3 1.4 0 14.4 25.8 92 90 9.7 -3.3
"20" "20" 1995-12-14 25.49 "DAL" "" "SAS" "L" -15 1 35 0.375 0.375 8.6 19 13.1 7.7 1.5 0 5.9 20.7 91 133 7 -10.6
"21" "21" 1995-12-16 25.5 "DAL" "" "PHO" "L" -3 1 41 0.326 0.313 11.5 18.5 14.5 23.8 0 0 10.6 19.7 103 119 6.5 -6.7
"22" "22" 1995-12-19 25.51 "DAL" "@" "CHI" "L" -13 1 24 0.5 0.5 0 20.5 9.4 11.4 2.1 0 25 14.4 85 117 2.2 -7.3
"23" "23" 1995-12-22 25.52 "DAL" "@" "IND" "L" -11 1 36 0.589 0.571 11.9 22.2 16 6.6 1.5 0 12.2 20.8 114 104 13.2 3.1
"24" "24" 1995-12-23 25.52 "DAL" "@" "MIN" "L" -13 1 30 0.4 0.4 7 4.6 5.9 18.5 3.4 0 9.1 15 102 119 6.9 -2.5
"25" "25" 1995-12-26 25.53 "DAL" "@" "DEN" "L" -12 1 32 0.46 0.4 16.3 30.9 22.5 4.3 3.1 0 15.5 16.9 100 117 9.3 -6.5
"26" "26" 1995-12-28 25.53 "DAL" "" "VAN" "W" 2 1 46 0.385 0.385 10.1 16 12.6 0 1.2 1.7 7.1 12.1 99 95 8.3 -5.8
"27" "27" 1995-12-30 25.54 "DAL" "" "HOU" "L" -3 1 42 0.696 0.682 7.6 25.4 15.5 3.7 0 1.7 6.8 15.9 134 109 16.6 0.8
"28" "28" 1996-01-02 25.55 "DAL" "" "UTA" "L" -10 1 43 0.111 0.111 0 30.4 13 10.8 1.2 0 10 10.9 42 112 -1.1 -9.8
"29" "29" 1996-01-04 25.55 "DAL" "@" "WSB" "L" -12 1 37 0.625 0.625 11.8 15.4 13.6 7.3 1.4 1.8 0 9.1 147 116 12.2 0.5
"30" "30" 1996-01-05 25.55 "DAL" "@" "NJN" "L" -8 1 32 0.673 0.636 6.4 14.3 10.1 21.8 3.3 4.2 14.4 19.5 123 115 17.5 6.2
"31" "31" 1996-01-07 25.56 "DAL" "@" "BOS" "W" 21 1 34 0.85 0.8 22 19.8 20.8 4.1 2.9 1.9 40.5 11.8 117 93 12.5 1.5
"32" "32" 1996-01-09 25.56 "DAL" "" "IND" "L" -7 1 47 0.326 0.313 18.1 40.4 27.2 19 0 3 15.1 17 94 99 14.1 0.3
"33" "33" 1996-01-12 25.57 "DAL" "@" "PHO" "W" 10 1 48 0.739 0.714 13.8 23.1 19.1 13.8 1 0 16.8 17.1 137 122 21.6 0.5
"34" "34" 1996-01-13 25.58 "DAL" "" "CHH" "L" -20 1 24 0.286 0.286 4.3 31.1 17.4 12.9 0 0 22.2 17.3 62 112 -0.3 -11.6
"35" "35" 1996-01-15 25.58 "DAL" "" "ORL" "W" 15 1 38 0.698 0.643 23 26.6 24.6 17.1 1.3 0 0 17.7 168 109 26 9.1
"36" "36" 1996-01-19 25.59 "DAL" "" "BOS" "W" 5 1 36 0.337 0.273 6.3 23.9 14.8 6.7 0 0 7.8 14.2 87 119 3.8 -9.8
"37" "37" 1996-01-21 25.6 "DAL" "@" "SEA" "L" -7 1 42 0.571 0.5 21.7 31.2 25.1 14.7 1.2 0 6 15 143 111 22.2 6.1
"38" "38" 1996-01-23 25.6 "DAL" "@" "SAC" "W" 2 1 35 0.551 0.5 10.3 17.9 14.4 4.3 2.9 1.9 0 13.5 135 111 11.9 -1
"39" "39" 1996-01-25 25.61 "DAL" "" "DET" "L" -1 1 32 0.694 0.5 7 16.2 11.3 15.8 0 0 0 13.6 160 112 12.1 2.9
"40" "40" 1996-01-27 25.61 "DAL" "" "POR" "L" -9 1 34 0.636 0.636 10.5 22.5 15.8 15.1 0 0 0 13.8 144 113 14.5 2.2
"41" "41" 1996-01-30 25.62 "DAL" "" "LAC" "W" 4 1 46 0.336 0.357 9 14.6 11.6 6.8 3.2 0 6.3 13.5 90 101 9.2 -5
"42" "42" 1996-02-01 25.63 "DAL" "" "SEA" "W" 3 1 33 0.493 0.417 18.2 22 20.2 20.3 1.4 0 12.3 20.6 115 96 13.6 1.1
"43" "43" 1996-02-03 25.63 "DAL" "" "MIN" "L" -9 1 45 0.535 0.441 17.5 13.3 15.9 12.5 0 1.7 16.9 21.3 113 115 15.8 -2.3
"44" "44" 1996-02-05 25.64 "DAL" "@" "MIN" "L" -12 1 34 0.267 0.267 14.1 27.5 20.2 4.4 1.5 1.8 6.3 20.3 73 105 5.2 -9.1
"45" "45" 1996-02-06 25.64 "DAL" "@" "MIL" "L" -3 1 32 0.635 0.571 4.2 27.8 14.3 16.7 1.7 0 20.2 13.8 123 125 8.7 -1.6
"46" "46" 1996-02-08 25.65 "DAL" "" "UTA" "W" 3 1 36 0.922 1 0 30.2 16.9 0 1.5 0 17 8.3 139 118 8.1 -0.7
"47" "47" 1996-02-13 25.66 "DAL" "@" "HOU" "L" -15 1 36 0.372 0.333 2.1 32.6 14.8 0 1.3 0 27.1 15.4 60 112 2.7 -11.7
"48" "48" 1996-02-15 25.67 "DAL" "@" "UTA" "L" -3 1 41 0.429 0.429 5.3 17.6 11.1 14.4 0 0 30 10.8 86 115 4.1 -5.5
"49" "49" 1996-02-16 25.67 "DAL" "@" "LAL" "L" -5 1 34 0.652 0.625 11.5 11.1 11.4 11.5 1.5 1.8 26.2 13.8 114 124 10.7 -2.1
"50" "50" 1996-02-19 25.68 "DAL" "" "GSW" "L" -12 1 25 0.611 0.611 8 15.6 11.3 0 0 0 10 16.8 115 123 6.8 -5.4
"51" "51" 1996-02-21 25.68 "DAL" "" "SAC" "W" 2 1 36 0.364 0.353 11.9 20.9 16.2 5.1 1.4 1.8 10.1 22.1 87 93 7.8 -3.9
"52" "52" 1996-02-23 25.69 "DAL" "" "LAL" "L" -26 1 17 0 0 12.5 33.2 21.4 0 0 0 0 10.7 27 107 -0.8 -15.7
"53" "53" 1996-03-22 25.76 "DAL" "" "MIN" "L" -26 1 36 0.555 0.45 11.4 11.1 11.3 5.4 1.3 1.6 27 18.5 94 112 10.4 -4.3
"54" "54" 1996-03-24 25.77 "DAL" "" "NYK" "L" -6 1 36 0.461 0.444 8.7 38.5 21.4 5.9 0 0 5.1 22 109 87 12.4 2.7
"55" "55" 1996-03-25 25.77 "DAL" "@" "UTA" "L" -17 1 25 0.417 0.364 25.6 21.3 24 8.2 4.2 0 7 23.6 103 108 11.8 0.9
"56" "56" 1996-03-27 25.78 "DAL" "" "HOU" "W" 3 1 36 0.574 0.5 7.1 31.6 17 3.4 0 2.3 7.6 15.3 127 122 12.2 -5.7
"57" "57" 1996-03-29 25.78 "DAL" "" "SAS" "L" -15 1 29 0.66 0.625 3.6 7 5.3 10.2 0 2 18.9 23.3 109 123 11 -0.4
"58" "58" 1996-03-31 25.79 "DAL" "" "POR" "L" -15 1 29 0.556 0.556 19.7 29.2 24 0 1.8 0 18.2 16.7 104 122 8.8 -6.7
"59" "59" 1996-04-02 25.79 "DAL" "" "SAC" "L" -7 1 32 0.262 0.273 10.2 26.5 16.1 25.4 3.2 0 20.8 17.8 73 108 3.8 -7.5
"60" "60" 1996-04-06 25.81 "DAL" "" "LAC" "W" 5 1 43 0.466 0.417 17.8 54.5 35.5 11.9 0 1.9 13.4 14.8 116 98 17.6 2.4
"61" "61" 1996-04-08 25.81 "DAL" "@" "GSW" "W" 2 1 40 0.5 0.5 5.1 36.7 18.8 3.4 1.3 0 6.7 15.4 109 106 10.4 -4.1
"62" "62" 1996-04-09 25.81 "DAL" "@" "SAC" "L" -9 1 39 0.765 0.8 5.2 29.9 16.1 0 4.1 1.8 25.4 9.2 110 97 10.1 0.7
"63" "63" 1996-04-11 25.82 "DAL" "@" "POR" "L" -15 1 35 0.557 0.556 2.2 26.1 11.9 13.6 0 3.7 9.2 12.5 110 113 10.7 -1.2
"64" "64" 1996-04-13 25.82 "DAL" "@" "HOU" "L" -1 1 38 0.316 0.3 7 34.4 19.3 3.4 2.5 0 7.3 14.1 80 104 6.4 -8.1
"65" "65" 1996-04-16 25.83 "DAL" "" "LAL" "L" -18 1 33 0.528 0.528 19.7 11.5 16.5 6.1 1.4 0 18.2 25.1 102 115 12.6 -0.6
"66" "66" 1996-04-18 25.84 "DAL" "" "DEN" "W" 34 1 12 0 0 0 46.7 28 0 0 0 25 13.3 0 77 -2.6 -20.4
"67" "67" 1996-04-19 25.84 "DAL" "@" "PHO" "L" -20 1 33 0.293 0.182 13.5 20.3 16.5 8.3 1.4 0 6.8 17.1 87 121 5.8 -8.7
"68" "68" 1996-04-21 25.85 "DAL" "@" "SAS" "W" 5 1 32 0.444 0.444 0 31.6 16.1 0 1.5 2 0 11.6 90 90 7.4 -2.4
"1" "1" 1996-11-01 26.38 "TOR" "" "NYK" "L" -8 1 27.9166666666667 0.554 0.4 7.8 32.4 19 5.6 3.4 0 24 12.3 100 99 7.3 0
"2" "2" 1996-11-02 26.38 "TOR" "@" "CHH" "L" -11 1 21 0.75 0.75 15.9 21.8 18.8 0 0 0 0 8.9 166 117 6.5 -0.6
"3" "3" 1996-11-05 26.39 "TOR" "" "DAL" "W" 4 0 12.4 0.5 0.5 9.5 25 17.8 0 0 0 0 7.1 128 103 2.2 -2.7
"4" "4" 1996-11-08 26.39 "TOR" "" "LAL" "W" 1 0 18.8666666666667 0.266 0 13.3 20.2 17.2 0 2.7 3.7 34.7 7.1 70 93 2 -4.5
"5" "5" 1996-11-11 26.4 "TOR" "" "DEN" "L" -11 0 18.6833333333333 0.436 0.333 5.2 8.7 6.5 9.2 0 0 36.8 11.6 70 111 -0.6 -11.3
"6" "6" 1996-11-13 26.41 "TOR" "" "PHI" "W" 12 1 31.1666666666667 0.773 0.667 26.4 24.1 25.2 4.3 0 2.8 34 7.4 130 106 9.5 -1.3
"7" "7" 1996-11-14 26.41 "TOR" "@" "NYK" "L" -3 1 29.35 0.82 0.75 4.7 29 17.7 0 1.8 0 29.1 11.5 114 104 6.2 -4.3
"8" "8" 1996-11-16 26.42 "TOR" "@" "ORL" "L" -5 1 17.9666666666667 0 0 21.6 7 14.2 7.6 0 0 25 10.8 54 120 -1.6 -15.8
"9" "9" 1996-11-19 26.42 "TOR" "" "SEA" "L" -8 1 38.7666666666667 0.539 0.375 16.9 14.1 15.7 13 1.3 0 16.4 12.3 124 112 12.6 0.3
"10" "10" 1996-11-21 26.43 "TOR" "" "CLE" "L" -8 1 34.55 0.667 0.667 12.1 13.2 12.6 5.6 1.7 3 57.1 10.5 71 108 2.9 -4.3
"11" "11" 1996-11-23 26.44 "TOR" "" "ATL" "L" -3 1 37.8833333333333 0.75 0.75 13.3 22.6 17.2 4.6 3 0 20 12.1 127 106 12.2 1.5
"12" "12" 1996-11-26 26.44 "TOR" "" "SAC" "L" -11 1 45.1666666666667 0.689 0.65 13.7 27.9 21.1 4.3 1.2 1.6 0 11.2 158 107 18.4 6.8
"13" "13" 1996-11-27 26.45 "TOR" "" "CHH" "W" 4 1 42.2166666666667 0.706 0.5 13.7 35.2 23.1 7.4 3.9 0 22 9.5 136 90 15.8 3.6
"14" "14" 1996-11-30 26.45 "TOR" "@" "MIN" "L" -9 1 42.8833333333333 0.667 0.667 14.9 25.1 19.7 5.4 0 0 33.3 10.2 102 94 8 -3
"15" "15" 1996-12-02 26.46 "TOR" "" "HOU" "W" 11 1 46.3166666666667 0.768 0.75 13.4 18.6 16.1 3.5 1.2 0 17 11.6 137 97 15 2
"16" "16" 1996-12-03 26.46 "TOR" "@" "CLE" "L" -19 1 32.9333333333333 0.25 0.25 7.3 22.1 15.2 0 0 4.3 33.3 9.3 49 106 1.7 -8
"17" "17" 1996-12-05 26.47 "TOR" "" "WSB" "W" 2 1 45.6333333333333 0 0 14.2 18.7 16.3 3.6 0 3.9 0 4.9 62 94 3.3 -6.3
"18" "18" 1996-12-07 26.47 "TOR" "@" "ATL" "L" -26 1 34.7 0.833 0.833 12.2 22.9 16.9 6.2 0 0 0 7.7 175 110 11.1 1.3
"19" "19" 1996-12-08 26.48 "TOR" "" "CHI" "W" 8 1 43.4666666666667 0.505 0.455 12.1 31.5 21.8 3.4 0 0 14.4 13.6 109 97 10.8 -2.1
"20" "20" 1996-12-10 26.48 "TOR" "" "GSW" "L" -10 1 27.2666666666667 0.4 0.4 14 4 8.6 0 2 2.6 37.5 13.9 66 116 0.4 -11.9
"21" "21" 1996-12-11 26.48 "TOR" "@" "BOS" "L" -2 1 55.95 0.64 0.6 12.9 25.4 19.2 3.5 0 0 0 14.1 147 100 22.5 2.6
"22" "22" 1996-12-14 26.49 "TOR" "@" "MIA" "L" -1 1 21.6666666666667 0.4 0.4 5.6 21.3 13.6 0 2.6 0 0 11.1 102 105 3 -5.1
"23" "23" 1996-12-16 26.5 "TOR" "" "DET" "L" -6 1 40.4833333333333 0.615 0.5 0 12.6 6.7 4.2 0 2.3 29.1 8.8 92 120 3.8 -5.6
"24" "24" 1996-12-17 26.5 "TOR" "@" "NJN" "W" 9 1 36.7333333333333 0.2 0.2 19.2 16.5 17.3 12.3 2.9 0 0 6.4 112 90 6.2 0.8
"25" "25" 1996-12-19 26.51 "TOR" "" "MIL" "W" 3 1 29.35 0.291 0.167 26.9 50.2 37 4.8 3.9 0 12.7 12.6 103 96 7.8 -5.4
"26" "26" 1996-12-20 26.51 "TOR" "@" "CLE" "L" -9 1 29.6833333333333 0.41 0.25 18.8 4.7 11.8 17.5 0 0 38.1 12.8 86 114 2.2 -6.6
"27" "27" 1996-12-22 26.52 "TOR" "@" "IND" "L" -19 1 23.4 0.512 0.5 14.9 43 25.5 6.6 2.2 0 0 8.4 137 114 8.4 1.5
"28" "28" 1996-12-26 26.53 "TOR" "" "NJN" "W" 2 1 31.2166666666667 0.6 0.6 24.6 11.5 17.4 5.6 0 2.2 9.1 16 133 114 12.3 -1
"29" "29" 1996-12-27 26.53 "TOR" "@" "WSB" "L" -18 1 33.5333333333333 0.521 0.5 10.9 18 14.8 0 0 0 58.1 9.8 61 108 -0.1 -7.8
"30" "30" 1997-01-02 26.55 "TOR" "@" "ORL" "L" -2 1 39.1166666666667 0.333 0.333 18.5 17.4 18 4.6 0 2.2 25 20.3 72 113 1.9 -15.8
"31" "31" 1997-01-04 26.55 "TOR" "@" "DET" "L" -44 1 26.95 0.484 0.444 11.1 22.9 15.8 0 1.9 0 27.9 23.5 77 125 4.4 -8
"32" "32" 1997-01-07 26.56 "TOR" "" "LAC" "L" -7 1 46.0333333333333 0.4 0.4 5 17 11.5 0 4.8 0 44.4 9 50 93 2.7 -8.8
"33" "33" 1997-01-09 26.56 "TOR" "" "UTA" "W" 14 1 39.1333333333333 0.505 0.455 18.6 33.6 26.1 3.9 0 0 7.8 15 123 109 11 -2.3
"34" "34" 1997-01-11 26.57 "TOR" "@" "NJN" "W" 17 1 34.8166666666667 0.872 0.833 11.8 15.5 14 4.3 0 3.8 30.4 12 126 111 10.8 -2
"35" "35" 1997-01-12 26.57 "TOR" "" "ORL" "L" -3 1 35.7833333333333 0.77 0.75 7.4 20.5 15.2 5.8 1.6 0 0 11.7 159 101 13.3 3
"36" "36" 1997-01-15 26.58 "TOR" "@" "SEA" "L" -44 1 25.0333333333333 0.8 0.8 4.6 19.7 11.9 8.2 1.9 0 16.7 10 128 122 7.9 1.7
"37" "37" 1997-01-17 26.59 "TOR" "@" "POR" "W" 2 1 39 0.689 0.667 8.2 27 17.2 3.8 2.9 0 17.5 13.8 124 101 13.8 2.8
"38" "38" 1997-01-19 26.59 "TOR" "@" "VAN" "L" -8 1 36.05 0.222 0.222 17.4 10 14 0 0 0 18.2 13.7 67 121 0.4 -15.2
"39" "39" 1997-01-21 26.6 "TOR" "" "MIN" "W" 12 1 40.4 0.4 0.4 3.6 22 14.6 5.8 1.3 7.2 0 5.9 114 111 9.1 -1.6
"40" "40" 1997-01-23 26.6 "TOR" "" "MIA" "L" -12 1 39.9333333333333 0.667 0.667 8.4 10.3 9.2 5.5 2.7 0 18.2 12.9 114 112 9.8 0.8
"41" "41" 1997-01-25 26.61 "TOR" "@" "CHI" "L" -12 1 39.7333333333333 0.535 0.533 9.2 43.3 25.6 0 1.3 0 11.2 18.5 110 115 12.7 -1.2
"42" "42" 1997-01-28 26.62 "TOR" "" "POR" "W" 36 1 26.9 0.5 0.5 13.3 14.5 14 4.7 1.8 8 50 12.7 72 82 3.5 -4.7
"43" "43" 1997-01-29 26.62 "TOR" "@" "PHI" "L" -2 1 38.3833333333333 0.67 0.556 15.2 12.6 14 0 0 0 8.2 13.5 146 117 13.9 -2
"44" "44" 1997-02-01 26.63 "TOR" "" "PHO" "W" 24 1 41.4166666666667 0.581 0.583 20.5 15.2 17.4 10.4 2.5 1.8 17.9 17.9 116 91 16.8 -1.4
"45" "45" 1997-02-03 26.63 "TOR" "" "BOS" "L" -12 1 42.05 0.827 0.8 5.9 26.4 16.1 3.7 2.4 5.2 0 11.4 174 114 21.1 5
"46" "46" 1997-02-05 26.64 "TOR" "" "CLE" "W" 5 1 40.6166666666667 0.333 0.333 12.3 12 12.2 24.6 4.4 0 10 12.6 99 100 9.2 0.3
"47" "47" 1997-02-11 26.65 "TOR" "@" "MIL" "L" -5 1 38.75 0.621 0.583 14 31.6 21.8 9.7 0 0 13.4 17.2 121 111 15.2 0.9
"48" "48" 1997-02-12 26.66 "TOR" "@" "ATL" "L" -22 1 29.8333333333333 0.667 0.667 8.6 4.1 6.3 6 3.7 0 25 12.9 110 121 6.6 -0.1
"49" "49" 1997-02-14 26.66 "TOR" "" "MIL" "L" -4 1 24.7166666666667 0.509 0.5 7.8 4.3 6.1 6 1.9 7.9 12.7 12.5 103 104 6.5 -1.6
"50" "50" 1997-02-16 26.67 "TOR" "" "DET" "L" -3 1 30.5333333333333 0.403 0.357 11.2 19.4 14.7 5.5 0 0 0 22.9 107 116 7 -5.1
"51" "51" 1997-02-17 26.67 "TOR" "@" "IND" "L" -2 1 32.1166666666667 0.583 0.556 8.3 15.8 12.2 5.5 1.6 2.5 24.1 18.4 96 112 6.3 -4.8
"52" "52" 1997-02-19 26.68 "TOR" "@" "SAS" "W" 33 1 19.7 0.689 0.7 28.6 30 29.3 0 0 3.4 15.5 27.3 127 95 12.8 -0.3
"53" "53" 1997-02-20 26.68 "TOR" "@" "HOU" "L" -10 1 28.0166666666667 0.508 0.429 15.2 35.5 23.2 0 5.3 0 0 25.3 115 105 15 1.9
"54" "54" 1997-02-22 26.68 "TOR" "@" "DAL" "W" 7 1 24.0833333333333 0.5 0.5 15.8 14 14.8 6.5 0 0 0 24.2 118 112 8.9 -4.1
"55" "55" 1997-02-25 26.69 "TOR" "@" "DEN" "W" 2 1 36.9 0.5 0.5 17.4 12.3 14.7 6.7 1.4 0 33.3 11.8 100 126 4.1 -8.3
"56" "56" 1997-02-27 26.7 "TOR" "@" "UTA" "L" -4 1 23.7833333333333 0.615 0.5 10 40 22.9 5.4 0 3.1 17 10.2 130 125 6.8 -0.4
"57" "57" 1997-02-28 26.7 "TOR" "@" "LAC" "L" -2 1 22.8833333333333 0.222 0.222 17 23.9 19.9 0 2.4 0 25 23 53 103 -0.3 -15.5
"58" "58" 1997-03-03 26.71 "TOR" "" "BOS" "L" -4 1 17.0333333333333 0.525 0.333 7.2 24.9 15.5 6.9 0 5 0 12.2 132 114 5.9 2
"59" "59" 1997-03-05 26.72 "TOR" "" "NYK" "L" -6 1 21.95 0.232 0.111 19.8 20.5 20.1 0 2.5 0 0 21.6 80 115 2.2 -12.8
"60" "60" 1997-03-07 26.72 "TOR" "" "SAS" "L" -3 0 21.1666666666667 0.333 0.333 17.1 13.4 15.4 6.6 0 3.9 14.3 15.4 93 129 2.5 -14
"61" "61" 1997-03-09 26.73 "TOR" "" "VAN" "W" 4 0 10.6 0.5 0.5 13.9 13.6 13.8 0 0 0 0 15.7 125 98 2.5 -5.3
"62" "62" 1997-03-11 26.73 "TOR" "@" "PHO" "W" 4 0 15.3666666666667 0.143 0.143 42.3 27.8 35.6 25.4 0 0 30 27.8 70 113 1.1 -18.3
"63" "63" 1997-03-13 26.74 "TOR" "@" "SAC" "W" 7 0 30.4166666666667 0.387 0.333 11 13 12.1 4.7 1.8 0 0 6.5 120 113 4.1 -2.6
"64" "64" 1997-03-15 26.74 "TOR" "@" "GSW" "L" -4 0 10.9666666666667 0.5 0.5 11.2 0 5.9 0 0 0 0 8.8 123 132 0.9 -11.4
"65" "65" 1997-03-16 26.75 "TOR" "@" "LAL" "L" -8 0 20.4833333333333 0.694 0.5 0 16.1 7.9 8.3 2.6 0 25.8 8.5 117 101 3 -0.4
"66" "66" 1997-03-18 26.75 "TOR" "" "PHI" "W" 12 0 17.8833333333333 0.798 0.5 0 21.8 12.1 14.3 0 3.7 0 8.7 186 106 6.7 2.9
"67" "67" 1997-03-19 26.75 "TOR" "@" "DET" "W" 2 0 14.0666666666667 0.333 0.333 10.1 13.2 11.4 0 0 0 25 13.9 67 120 -0.1 -13.6
"68" "68" 1997-03-21 26.76 "TOR" "" "CHH" "L" -5 0 12.4833333333333 0.429 0.429 24.6 9.2 17.4 15.4 0 0 0 26.1 111 124 4.2 -6.3
"69" "69" 1997-03-23 26.76 "TOR" "" "ATL" "L" -11 0 16.3 0 0 0 0 0 0 0 5.5 0 3.3 0 121 -0.4 -8.3
"70" "" 1997-03-25 26.77 "TOR" "" "IND" "L" -14 NA NA NA NA NA NA NA NA NA NA NA NA NA NA NA NA
"71" "" 1997-03-27 26.78 "TOR" "" "CHI" "L" -13 NA NA NA NA NA NA NA NA NA NA NA NA NA NA NA NA
"72" "" 1997-03-28 26.78 "TOR" "@" "WSB" "L" -27 NA NA NA NA NA NA NA NA NA NA NA NA NA NA NA NA
"73" "70" 1997-03-30 26.78 "TOR" "" "MIA" "W" 5 0 30.0166666666667 0.387 0.167 19 31.1 24.6 4.7 0 0 11.4 12.4 108 106 5.9 -4.4
"74" "71" 1997-04-02 26.79 "TOR" "@" "PHI" "W" 22 1 40.8 0.607 0.556 10.6 17.1 14 8.5 0 0 16.8 11.7 122 95 11.5 -1.1
"75" "72" 1997-04-05 26.8 "TOR" "@" "MIA" "L" -14 0 16.8166666666667 0.333 0.333 0 0 0 0 3.2 0 40 13.9 39 114 -1.5 -12.3
"76" "73" 1997-04-08 26.81 "TOR" "" "WSB" "W" 6 1 42.6 0.594 0.538 7.5 15.9 11.1 8.5 0 0 12.3 16.8 116 106 11.7 -2.8
"77" "74" 1997-04-10 26.81 "TOR" "" "ORL" "L" -36 1 29.05 0.333 0.333 5.2 38.5 18.6 7.6 1.9 0 14.3 10.4 75 114 3.7 -8.8
"78" "75" 1997-04-12 26.82 "TOR" "" "IND" "L" -11 1 41.45 0.403 0.364 12.2 19 15.2 13.9 1.3 3.6 6.8 15.4 103 114 11.3 -2.3
"79" "76" 1997-04-14 26.82 "TOR" "@" "CHI" "L" -17 1 28.4333333333333 0.455 0.444 18.1 14.4 16.4 10.9 0 0 23.3 18.3 93 126 7.3 -5.8
"80" "77" 1997-04-15 26.83 "TOR" "@" "MIL" "L" -7 0 24.55 0.1 0.1 16.7 0 10.5 0 0 0 9.1 19.5 43 114 -2.8 -17.3
"81" "78" 1997-04-18 26.84 "TOR" "@" "CHH" "W" 8 0 27.5666666666667 0.6 0.6 13.5 22.6 18 9.6 1.9 0 28.6 11 110 108 6.9 0.9
"82" "79" 1997-04-20 26.84 "TOR" "@" "BOS" "W" 31 0 37.45 0.73 0.778 14.7 24.6 19.2 9.4 1.3 4.4 7.9 14.8 151 96 19.4 3.6
"1" "1" 1997-10-31 27.37 "TOR" "@" "MIA" "L" -13 0 18.3166666666667 0.514 0.429 14.3 13.3 13.9 19 0 4.3 0 19.8 132 125 9.3 4.3
"2" "2" 1997-11-01 27.38 "TOR" "@" "ATL" "L" -5 0 28.2333333333333 0.167 0.167 10.3 19.6 14.1 10.3 1.9 0 18.2 17.4 51 100 -1.2 -12.2
"3" "3" 1997-11-04 27.38 "TOR" "" "GSW" "W" 18 0 25.9833333333333 0.484 0.462 8.2 13.2 11 11.9 3.7 0 0 22.2 108 84 11.5 -0.1
"4" "4" 1997-11-06 27.39 "TOR" "" "SEA" "L" -17 0 20.0666666666667 0.6 0.6 20.4 23.2 21.5 9 0 0 28.6 16 104 123 5.3 -6.2
"5" "5" 1997-11-08 27.39 "TOR" "@" "ORL" "L" -9 0 21.3833333333333 0 0 11.1 20.8 16.1 11.7 0 0 16.7 13 38 107 -1.7 -14
"6" "6" 1997-11-10 27.4 "TOR" "" "SAS" "L" -2 0 30.8833333333333 0.412 0.375 23.4 26.9 24.4 0 1.7 0 5.2 25.7 102 109 11 -7.2
"7" "7" 1997-11-12 27.41 "TOR" "" "NYK" "L" -23 0 16.1333333333333 0.178 0.125 20 31.6 25.3 0 0 0 0 23.6 58 105 -0.5 -16.6
"8" "8" 1997-11-14 27.41 "TOR" "@" "BOS" "L" -4 0 22.1 0.4 0.4 17.2 16.8 17 0 0 0 0 9.9 113 114 3.5 -6.1
"9" "9" 1997-11-15 27.41 "TOR" "" "IND" "L" -28 0 14.45 0.75 0.75 0 10.4 4.6 0 0 0 33.3 20.8 79 128 1.9 -10
"10" "10" 1997-11-18 27.42 "TOR" "" "BOS" "L" -13 0 17.4833333333333 0.429 0.429 21.7 6.6 13.8 9.6 0 0 0 17.4 119 130 5 -6
"11" NA 1997-11-20 27.43 "TOR" "@" "HOU" "L" -30 NA NA NA NA NA NA NA NA NA NA NA NA NA NA NA NA
"12" NA 1997-11-22 27.43 "TOR" "@" "MIA" "L" -4 NA NA NA NA NA NA NA NA NA NA NA NA NA NA NA NA
"13" "11" 1997-11-24 27.44 "TOR" "" "POR" "L" -1 1 39.3333333333333 0.5 0.5 11.5 11.7 11.6 12 1.4 1.6 23.1 16.7 91 104 7.1 -6.7
"14" "12" 1997-11-26 27.44 "TOR" "" "ATL" "L" -5 1 42.7166666666667 0.483 0.45 15.6 30.7 22.5 15.6 0 1.6 12.1 26.6 100 99 15.2 -0.9
"15" "13" 1997-11-28 27.45 "TOR" "@" "DAL" "L" -2 1 35.0333333333333 0.551 0.55 18.8 6.7 13.4 4.4 0 0 0 14.6 143 124 11.6 -0.6
"16" "14" 1997-11-30 27.45 "TOR" "@" "LAL" "L" -6 1 23.2833333333333 0.676 0.625 16.5 35.8 25.7 7.1 11 0 18.4 20.4 120 91 15.6 12.2
"17" NA 1997-12-03 27.46 "TOR" "@" "UTA" "L" -17 NA NA NA NA NA NA NA NA NA NA NA NA NA NA NA NA
"18" NA 1997-12-05 27.47 "TOR" "@" "PHO" "L" -19 NA NA NA NA NA NA NA NA NA NA NA NA NA NA NA NA
"19" NA 1998-02-18 27.67 "BOS" "@" "VAN" "W" 9 NA NA NA NA NA NA NA NA NA NA NA NA NA NA NA NA
"1" "" 1999-02-05 28.64 "BOS" "" "TOR" "L" -11 NA NA NA NA NA NA NA NA NA NA NA NA NA NA NA NA
"2" "" 1999-02-06 28.64 "BOS" "" "CLE" "W" 4 NA NA NA NA NA NA NA NA NA NA NA NA NA NA NA NA
"3" "1" 1999-02-08 28.65 "BOS" "@" "ORL" "L" -17 0 18.2333333333333 0.553 0.5 29.6 7.2 19.5 23.5 0 0 0 28.1 134 123 11.2 5.2
"4" "2" 1999-02-09 28.65 "BOS" "@" "MIA" "W" 7 1 24.4166666666667 0.258 0 14.8 16.5 15.4 15.2 4.1 0 0 6.1 131 106 5.7 1.4
"5" "3" 1999-02-16 28.67 "BOS" "@" "SAC" "L" -3 0 11.1166666666667 0 0 0 10.6 4.7 21.8 0 0 0 3.7 81 110 0.6 -4.6
"6" "4" 1999-02-17 28.67 "BOS" "@" "VAN" "W" 2 0 11.7666666666667 0.5 0.5 9.9 24.4 16.4 24.6 0 0 33.3 11.2 99 114 2.7 -0.3
"7" "5" 1999-02-19 28.68 "BOS" "@" "POR" "L" -20 0 12.05 0.387 0.333 15.7 0 9 0 0 0 0 14.3 105 134 2.3 -6.1
"8" "6" 1999-02-21 28.68 "BOS" "@" "WAS" "L" -11 0 11.8833333333333 0.347 0 8.5 0 4.3 16 0 0 0 10.6 109 106 1.2 -5.9
"9" "7" 1999-02-24 28.69 "BOS" "" "ORL" "W" 32 0 11.7 0 0 8.9 15.4 12.4 8.9 0 0 50 7.1 54 88 -0.9 -13.2
"10" "" 1999-02-26 28.7 "BOS" "" "NYK" "W" 14 NA NA NA NA NA NA NA NA NA NA NA NA NA NA NA NA
"11" "8" 1999-02-27 28.7 "BOS" "@" "NJN" "W" 9 0 7.46666666666667 1.025 1 13.4 12 12.7 26.1 0 0 0 14.1 209 93 6.1 18.2
"12" "9" 1999-03-01 28.7 "BOS" "" "NJN" "L" -2 0 6.4 0 0 13.7 17.1 15.2 17.6 7.1 0 33.3 18.8 37 92 -0.1 -10.4
"13" "10" 1999-03-02 28.71 "BOS" "@" "CLE" "L" -17 0 12.4333333333333 0.521 0.25 18.5 0 11.5 0 0 0 14.8 22.9 112 136 2.4 -11.6
"14" "11" 1999-03-05 28.72 "BOS" "" "DEN" "W" 8 0 9.68333333333333 0.5 0.5 30 19.2 24.5 14 4.8 0 0 8.3 150 89 5.4 8.5
"15" "12" 1999-03-07 28.72 "BOS" "@" "TOR" "L" -13 0 5.8 0.41 0.5 17.4 0 9.3 0 0 0 29.1 25.5 66 122 -0.1 -17.2
"16" "13" 1999-03-09 28.73 "BOS" "@" "CHH" "L" -18 0 9.33333333333333 0.333 0.333 21.8 45.7 31.7 0 0 0 0 13.8 98 108 2.2 -4.6
"17" "14" 1999-03-11 28.73 "BOS" "@" "ATL" "L" -14 1 10.5666666666667 NA NA 0 19.8 9.5 12.1 0 0 NA 0 200 109 0.5 -5.9
"18" "15" 1999-03-12 28.73 "BOS" "@" "DET" "L" -10 0 10.6333333333333 0 0 0 11.8 5.3 0 0 0 50 8.6 0 110 -1.8 -16.3
"19" "16" 1999-03-14 28.74 "BOS" "@" "IND" "L" -3 0 10.75 0.563 0.5 0 20.8 10.6 0 0 0 18.4 23.1 91 113 1.4 -10.3
"20" "17" 1999-03-17 28.75 "BOS" "" "LAC" "W" 34 0 12.85 0.667 0.667 19.4 6.7 11.9 0 4.2 0 0 20.2 155 93 7.7 7
"21" "18" 1999-03-18 28.75 "BOS" "@" "MIL" "L" -16 0 6.43333333333333 0.333 0.333 36.4 41 38.6 0 0 0 0 22.7 98 107 1.5 -7.3
"1" "1" 2000-01-10 29.57 "DEN" "@" "LAL" "L" -35 0 18 0.583 0.583 0 4.8 2.7 9.2 0 0 14.3 16.4 99 133 1.6 -7.9
"2" "" 2000-01-12 29.57 "DEN" "" "SEA" "L" -10 NA NA NA NA NA NA NA NA NA NA NA NA NA NA NA NA
"3" "2" 2000-01-14 29.58 "DEN" "" "MIA" "L" -5 0 4.48333333333333 0 0 0 27.3 14 0 0 0 0 11.5 0 98 -1.2 -21.8
"4" "3" 2000-01-16 29.58 "DEN" "@" "PHO" "L" -13 0 16.4 1.064 1 12.5 38.5 24.1 9.1 3.2 4.4 0 10.1 223 109 12.7 15.8
"5" "" 2000-01-20 29.59 "DEN" "@" "HOU" "L" -7 NA NA NA NA NA NA NA NA NA NA NA NA NA NA NA NA
"6" "4" 2000-01-21 29.6 "DEN" "" "PHO" "L" -2 0 14.3833333333333 0.521 0.5 16.3 25.7 20.9 11.2 0 0 0 9.1 140 110 3.8 -0.5
"7" "5" 2000-01-24 29.61 "DEN" "" "VAN" "W" 12 0 31.5333333333333 0.5 0.5 13.3 7 10.2 9.4 0 2.1 0 15.5 131 110 10.7 -1
"8" "6" 2000-01-28 29.62 "DEN" "" "HOU" "W" 6 0 13.15 0.4 0.4 8.2 8.4 8.3 11.3 0 5.4 0 16.9 97 103 2.9 -3.3
"9" "7" 2000-01-29 29.62 "DEN" "@" "DAL" "L" -11 0 22 0.317 0.357 12.6 20.3 16.1 19.5 0 0 33.7 21.7 63 112 0.3 -9.2
"10" "8" 2000-01-31 29.62 "DEN" "" "PHI" "W" 3 0 14.2166666666667 0 0 7.5 0 3.6 9.8 3.5 0 25 12.1 26 84 -2.3 -13.4
"11" "" 2000-02-02 29.63 "DEN" "" "MIL" "W" 23 NA NA NA NA NA NA NA NA NA NA NA NA NA NA NA NA
"12" "" 2000-02-04 29.64 "DEN" "@" "GSW" "L" -2 NA NA NA NA NA NA NA NA NA NA NA NA NA NA NA NA
"13" "9" 2000-02-05 29.64 "DEN" "" "MIN" "L" -8 0 1.9 NA NA 51 0 23.7 0 0 0 NA 0 209 109 -0.1 -20.4
"14" "10" 2000-02-07 29.64 "DEN" "@" "LAL" "L" -8 0 1.65 NA NA 0 0 0 0 0 0 NA 0 0 122 0 -7.7
"15" "11" 2000-02-09 29.65 "DEN" "" "SAS" "L" -9 0 4.98333333333333 1.136 NA 0 21.8 10.7 25.3 0 0 0 7 242 109 2.6 13.2
"16" "12" 2000-02-10 29.65 "DEN" "@" "SAC" "L" -12 0 5.63333333333333 0.333 0.333 31.4 31.4 31.4 0 0 0 0 21.3 94 96 1.9 -2.6
"17" "13" 2000-02-15 29.67 "DEN" "@" "MIN" "W" 3 0 5.81666666666667 0.5 0.5 21.5 22.6 22.1 0 0 0 0 14.6 125 109 2 -0.6
"18" "14" 2000-02-17 29.67 "DEN" "@" "CLE" "L" -18 0 0.15 NA NA 0 0 0 0 0 0 NA 0 0 129 0 -7.4
"19" "" 2000-02-18 29.67 "DEN" "@" "TOR" "W" 4 NA NA NA NA NA NA NA NA NA NA NA NA NA NA NA NA
"20" "15" 2000-02-21 29.68 "DEN" "" "SAC" "W" 6 0 4.85 1 1 0 20.8 10 29.1 0 0 0 8.4 207 112 1.9 5.4
"21" "16" 2000-02-22 29.68 "DEN" "@" "PHO" "L" -19 0 13 0 0 21.3 42.9 31.1 0 0 0 0 13.7 31 88 0.4 -10.1
"22" "17" 2000-02-24 29.69 "DEN" "@" "HOU" "W" 9 0 5.33333333333333 0.727 0.667 21.8 22.3 22.1 0 0 0 0 28.7 160 107 4.7 12.5
"23" "18" 2000-02-26 29.7 "DEN" "@" "DAL" "L" -2 0 2.75 NA NA 0 0 0 0 0 0 NA 0 0 110 -0.4 -13.1
"24" "19" 2000-03-01 29.71 "DEN" "" "NJN" "L" -13 0 12.3666666666667 0.25 0.25 13.1 26.7 18.9 0 0 0 0 14.3 74 103 1.9 -8.8
"25" "20" 2000-03-03 29.71 "DEN" "" "GSW" "W" 34 0 21.5166666666667 0.462 0.462 20.8 26.2 23.9 6 0 0 0 23.7 119 83 9.3 -3.7
"26" "21" 2000-03-05 29.72 "DEN" "" "CLE" "L" -8 0 4.95 0.205 0 35.6 0 19.2 27.4 0 0 0 39.7 82 115 1.3 -7.7
"27" "22" 2000-03-07 29.72 "DEN" "@" "IND" "L" -1 0 3.78333333333333 0.333 0.333 0 96 46.6 0 0 0 0 30.9 83 71 1.1 -2.2
"28" "23" 2000-03-08 29.73 "DEN" "@" "DET" "L" -14 0 5.86666666666667 0.788 0.75 23.5 39 32 0 0 11.6 0 31.3 165 117 7.4 20.5
"29" "24" 2000-03-10 29.73 "DEN" "@" "MIA" "L" -8 0 2.16666666666667 0 0 0 0 0 0 0 0 0 23.1 0 116 -0.7 -22.3
"30" "25" 2000-03-11 29.73 "DEN" "@" "ORL" "L" -3 0 10.9 0.5 0.5 0 19.4 11.5 0 0 0 33.3 12.5 60 113 -0.6 -11.6
"31" "26" 2000-03-13 29.74 "DEN" "" "LAL" "L" -10 0 4.85 0 0 0 27.4 11.6 24.6 0 0 0 8.7 51 125 -0.1 -5.7
"32" "27" 2000-03-14 29.74 "DEN" "@" "LAC" "L" -4 0 7.71666666666667 1 1 20.7 0 9.7 18.8 0 0 0 11.5 203 125 4.4 9.8
"33" "28" 2000-03-17 29.75 "DEN" "" "LAC" "W" 27 0 2.45 0 0 0 80 44.9 0 0 0 0 21.2 0 59 -0.1 -17.4
"34" "29" 2000-03-18 29.75 "DEN" "@" "SAS" "L" -20 0 5.18333333333333 1.025 1 0 21.8 10.4 0 0 0 0 21.4 214 108 4.3 18.6
"35" "30" 2000-03-21 29.76 "DEN" "@" "UTA" "L" -13 0 9.16666666666667 0.25 0.25 0 56.1 26.7 20 0 0 0 20.4 66 103 1.5 -0.5
"36" "31" 2000-03-23 29.77 "DEN" "" "WAS" "L" -14 0 15.2333333333333 0 0 0 14.5 6.5 0 3.4 0 50 5.7 0 103 -0.9 -11.1
"37" "" 2000-03-24 29.77 "DEN" "@" "CHI" "L" -2 NA NA NA NA NA NA NA NA NA NA NA NA NA NA NA NA
"38" "32" 2000-03-26 29.78 "DEN" "@" "NJN" "W" 2 0 1.01666666666667 NA NA 0 0 0 0 0 65.8 NA 0 0 77 0.7 32.4
"39" "33" 2000-03-28 29.78 "DEN" "@" "ATL" "L" -5 0 0.383333333333333 NA NA 0 0 0 0 0 0 NA 0 0 131 -0.4 -57.4
"40" "34" 2000-03-29 29.78 "DEN" "@" "WAS" "W" 8 0 10.3 0.798 1 14.1 18.5 16.7 0 0 6.9 34.7 13.4 107 96 2.5 0.2
"41" "35" 2000-04-01 29.79 "DEN" "" "UTA" "W" 20 0 4.06666666666667 NA NA 0 0 0 30 0 0 NA 0 228 114 0.3 4
"42" "" 2000-04-04 29.8 "DEN" "@" "SEA" "L" -13 NA NA NA NA NA NA NA NA NA NA NA NA NA NA NA NA
"43" "36" 2000-04-06 29.81 "DEN" "" "DAL" "L" -1 0 5.66666666666667 1 1 0 0 0 0 0 0 33.3 23.7 98 130 2 -3.1
"44" "37" 2000-04-08 29.81 "DEN" "" "SEA" "W" 8 1 8.66666666666667 0.25 0.25 44.4 23.2 34 0 0 0 33.3 27.9 66 109 0.6 -22.8
"45" "38" 2000-04-09 29.81 "DEN" "@" "GSW" "L" -14 0 7.5 0.5 0.5 77.9 28.6 52.2 22.7 0 0 33.3 17.8 121 114 4.4 1.8
"46" "" 2000-04-11 29.82 "DEN" "" "HOU" "L" -10 NA NA NA NA NA NA NA NA NA NA NA NA NA NA NA NA
"47" "39" 2000-04-14 29.83 "DEN" "" "GSW" "W" 8 0 2.26666666666667 NA NA 0 0 0 0 0 0 NA 0 0 114 0 -6.3
"48" "40" 2000-04-15 29.83 "DEN" "@" "LAC" "W" 1 0 3.83333333333333 0.521 0.5 0 0 0 0 0 0 0 31.6 109 111 1.2 -7.7
"49" "" 2000-04-18 29.84 "DEN" "" "UTA" "W" 1 NA NA NA NA NA NA NA NA NA NA NA NA NA NA NA NA
"50" "" 2000-04-19 29.84 "DEN" "@" "POR" "W" 1 NA NA NA NA NA NA NA NA NA NA NA NA NA NA NA NA
"1" "1" 2000-10-31 30.37 "WAS" "@" "ORL" "L" -11 0 5.96666666666667 1 1 0 18.6 9.9 0 0 0 33.3 22.1 99 101 2.3 3.8
"2" "" 2000-11-01 30.38 "WAS" "@" "CHH" "W" 18 NA NA NA NA NA NA NA NA NA NA NA NA NA NA NA NA
"3" "" 2000-11-03 30.38 "WAS" "" "NYK" "L" -4 NA NA NA NA NA NA NA NA NA NA NA NA NA NA NA NA
"4" "" 2000-11-04 30.38 "WAS" "@" "TOR" "L" -7 NA NA NA NA NA NA NA NA NA NA NA NA NA NA NA NA
"5" "" 2000-11-07 30.39 "WAS" "@" "CHI" "W" 5 NA NA NA NA NA NA NA NA NA NA NA NA NA NA NA NA
"6" "2" 2000-12-29 30.53 "WAS" "@" "MIA" "L" -7 0 0.883333333333333 NA NA 0 0 0 0 0 0 NA 0 0 124 0 -5.6
"7" "3" 2000-12-31 30.54 "WAS" "" "DET" "W" 14 0 5.33333333333333 0 0 100 42.7 70.2 0 0 0 12.7 67.1 36 95 -3 -60.8
"8" "" 2001-01-02 30.55 "WAS" "" "MIN" "W" 7 NA NA NA NA NA NA NA NA NA NA NA NA NA NA NA NA
"9" "" 2001-01-04 30.55 "WAS" "@" "CHI" "L" -2 NA NA NA NA NA NA NA NA NA NA NA NA NA NA NA NA
"10" "" 2001-01-06 30.56 "WAS" "" "DAL" "L" -18 NA NA NA NA NA NA NA NA NA NA NA NA NA NA NA NA
"11" "4" 2001-01-07 30.56 "WAS" "@" "NYK" "L" -16 0 9.65 0 0 0 26.7 14.3 0 0 0 0 9.7 0 118 -1.2 -16.1
"12" "" 2001-01-09 30.56 "WAS" "@" "MIL" "L" -4 NA NA NA NA NA NA NA NA NA NA NA NA NA NA NA NA
"13" "" 2001-01-10 30.57 "WAS" "" "SEA" "L" -3 NA NA NA NA NA NA NA NA NA NA NA NA NA NA NA NA
"14" "5" 2001-01-12 30.57 "WAS" "" "PHI" "L" -4 0 3.51666666666667 NA NA 0 34 17.8 0 0 21.1 NA 0 0 79 0.6 3
"15" "" 2001-01-15 30.58 "WAS" "" "MIL" "L" -6 NA NA NA NA NA NA NA NA NA NA NA NA NA NA NA NA
"16" "" 2001-01-17 30.59 "WAS" "@" "NJN" "L" -19 NA NA NA NA NA NA NA NA NA NA NA NA NA NA NA NA
"17" "6" 2001-01-17 30.59 "WAS" "@" "NJN" "L" -19 0 8 0.266 0 13.6 31.6 22 0 0 0 0 10.7 85 117 1.2 -5.2
"18" "7" 2001-01-19 30.59 "WAS" "@" "TOR" "L" -22 0 7.43333333333333 0.5 0.5 33.4 80.7 54.9 29.6 7.6 0 33.3 19.4 95 82 4.3 11.4
"19" "" 2001-01-21 30.6 "WAS" "" "ATL" "W" 4 NA NA NA NA NA NA NA NA NA NA NA NA NA NA NA NA
"20" "8" 2001-01-23 30.6 "WAS" "" "CHH" "W" 2 0 0.45 NA NA 0 0 0 0 0 0 NA 0 0 118 0 -5.2
"21" "9" 2001-01-26 30.61 "WAS" "@" "ATL" "W" 7 0 2.4 0 0 70.6 77.4 73.8 0 0 0 0 24.7 75 107 0.3 -22
"22" "10" 2001-01-27 30.61 "WAS" "" "PHO" "W" 7 0 4.81666666666667 1 1 0 50.5 25.6 0 0 0 50 18.5 64 90 0.9 -4.3
"23" "11" 2001-01-29 30.62 "WAS" "" "CLE" "W" 6 0 12.2 0.5 0.5 11.4 16.7 14.5 13.8 0 0 0 7.7 135 99 2.2 -2.2
"24" "12" 2001-01-31 30.62 "WAS" "" "ORL" "L" -4 0 7.2 1 1 14.3 0 7.7 0 0 0 0 6.2 204 129 2 -1.4
"25" "13" 2001-02-03 30.63 "WAS" "" "DEN" "L" -5 0 7.56666666666667 0.568 NA 19.4 30 23.5 0 0 0 0 4.6 158 114 2.6 -2.5
"26" "14" 2001-02-07 30.64 "WAS" "@" "ORL" "L" -9 0 12.9333333333333 0.25 0.25 34.3 19.4 27.4 0 0 0 20 16.9 81 120 1.6 -13.8
"27" "15" 2001-02-13 30.66 "WAS" "@" "HOU" "L" -10 0 20.7666666666667 0.635 0.571 25.9 44.4 33.4 20 4.8 0 11.3 17.1 135 92 13.4 11.4
"28" "16" 2001-02-15 30.67 "WAS" "@" "SAS" "L" -24 0 21.9333333333333 0.255 0.2 14.2 43.6 26.9 15.1 0 0 0 12.2 90 121 4.3 -4
"29" "17" 2001-02-17 30.67 "WAS" "@" "DAL" "L" -7 0 12.4 0.174 0 17.8 10.8 14.6 10.3 0 0 0 10.6 94 128 0.4 -10.1
"30" "18" 2001-02-18 30.67 "WAS" "@" "DEN" "W" 3 0 17.5833333333333 0.25 0.25 12.7 19 15.9 0 3 3.9 20 12.8 67 104 1 -10.1
"31" "19" 2001-02-20 30.68 "WAS" "" "VAN" "L" -12 0 17.5 0.6 0.6 5.7 37 19.3 30.8 5.4 3.8 16.7 14.2 116 103 8.1 6.7
"32" "20" 2001-02-22 30.68 "WAS" "" "SAC" "L" -5 0 20 0.34 0.2 32.3 7.7 23.1 0 0 0 0 12.3 128 133 5.3 -9.7
"33" "21" 2001-02-24 30.69 "WAS" "" "TOR" "L" -7 0 20.2666666666667 0 0 5 18 10.9 0 2.5 0 16.7 12.9 12 108 -2.3 -15
"34" "22" 2001-02-25 30.69 "WAS" "@" "NJN" "L" -10 0 13.4833333333333 0.307 0.25 20.1 34.6 25.5 0 0 0 0 15.6 96 110 2.4 -9.2
"35" "23" 2001-02-27 30.7 "WAS" "@" "MIA" "L" -8 0 14.1 1.064 1 9 62.3 33.8 10.2 0 0 0 6.7 219 111 4.9 3.2
"36" "24" 2001-03-02 30.71 "WAS" "@" "PHI" "L" -5 0 17.0833333333333 0.5 0.5 7.2 26.3 17.2 0 0 0 20 13 87 110 0.9 -9.4
"37" "25" 2001-03-04 30.71 "WAS" "" "UTA" "L" -20 0 23.7666666666667 0.685 0.714 10.9 38.7 20.9 19 2.2 0 10.2 16.4 134 123 12.8 7.3
"38" "26" 2001-03-07 30.72 "WAS" "@" "CLE" "W" 5 0 13.0833333333333 0 0 0 27.7 15.2 0 0 0 0 19.1 0 100 -3 -22.6
"39" "27" 2001-03-09 30.73 "WAS" "@" "BOS" "L" -32 0 20.8833333333333 0.5 0.5 4.2 35.2 17 0 2.5 0 0 16.4 104 108 6.3 -1
"40" "28" 2001-03-10 30.73 "WAS" "" "NJN" "W" 6 0 6.71666666666667 NA NA 0 0 0 0 0 0 NA 0 0 120 -0.8 -12.4
"41" "" 2001-03-14 30.74 "WAS" "" "DET" "W" 7 NA NA NA NA NA NA NA NA NA NA NA NA NA NA NA NA
"42" "29" 2001-03-16 30.75 "WAS" "" "LAL" "L" -12 0 21.2166666666667 0.7 0.7 29.8 20.8 25.4 38.1 5 0 9.1 22.7 140 101 16.7 15.5
"43" "30" 2001-03-17 30.75 "WAS" "@" "CHH" "L" -2 0 10.9666666666667 0.174 0 27.3 47.2 37.9 25.7 0 0 0 12.5 99 103 1.6 -4.6
"44" "31" 2001-03-20 30.76 "WAS" "@" "PHO" "L" -14 0 14.2666666666667 0.258 0 10.4 21.4 16.9 10.7 0 0 0 12.5 89 113 1.4 -7.3
"45" "32" 2001-03-21 30.76 "WAS" "@" "GSW" "W" 5 0 7.06666666666667 0 0 0 17.1 8.5 18.5 0 0 0 6.5 55 105 -0.1 -6.8
"46" "33" 2001-03-23 30.76 "WAS" "@" "LAL" "L" -13 0 28.8666666666667 0.405 0.333 12.7 18.4 15.8 11 1.9 2.3 0 16.7 105 113 8 -3
"47" "34" 2001-03-24 30.77 "WAS" "@" "UTA" "L" -26 0 25.7833333333333 0.167 0.167 4.9 19.8 11.2 0 0 0 14.3 12.2 43 135 -1.6 -13.7
"48" "" 2001-03-27 30.78 "WAS" "" "IND" "L" -8 NA NA NA NA NA NA NA NA NA NA NA NA NA NA NA NA
"49" "35" 2001-03-29 30.78 "WAS" "" "GSW" "W" 16 0 10.3833333333333 0 0 0 27.2 17.1 0 0 0 0 4.2 0 99 -1 -11.8
"50" "36" 2001-03-31 30.79 "WAS" "" "HOU" "L" -10 0 8.25 0.5 0.5 34.6 29.3 32.3 0 7 0 0 22.2 128 97 5.7 10.3
"51" "37" 2001-04-04 30.8 "WAS" "" "MIA" "L" -2 0 17.6833333333333 0.798 1 16.3 7.2 12.4 9.4 0 0 34.7 7.1 121 105 3.6 -1.9
"52" "38" 2001-04-05 30.8 "WAS" "@" "NYK" "L" -13 0 6.55 NA NA 24.5 21.4 22.9 0 0 0 NA 0 209 115 0.6 -5.2
"53" "39" 2001-04-07 30.81 "WAS" "" "BOS" "L" -2 0 13.8 0.694 0.5 18 31.2 25.1 0 7.4 0 41 15.6 98 94 4.4 -1.3
"54" "40" 2001-04-09 30.81 "WAS" "@" "IND" "L" -22 0 18.5333333333333 0.508 0.429 33.3 33.3 33.3 23.2 0 3.4 11.3 20.4 118 101 11 8
"55" "41" 2001-04-11 30.82 "WAS" "" "CHI" "L" -4 0 18.5333333333333 0.694 1 0 7.4 4.2 6.3 2.8 0 41 6.2 82 119 1.1 -4.9
"56" "42" 2001-04-13 30.82 "WAS" "" "ORL" "W" 3 0 21.3333333333333 0.833 0.75 19.6 22.9 21.3 22 0 0 10.6 19.7 164 115 14.4 8.5
"57" "43" 2001-04-15 30.83 "WAS" "" "CLE" "L" -8 0 15.3666666666667 0.694 0.5 8.9 29.1 20 0 0 0 25.8 11.9 115 109 2.3 -8.7
"58" "44" 2001-04-17 30.83 "WAS" "@" "ATL" "L" -3 0 30.0833333333333 0.888 0.8 4.3 6.3 5.5 4.4 1.5 2 0 9.1 190 120 12.6 3.6
"59" "45" 2001-04-18 30.84 "WAS" "" "TOR" "L" -6 1 42.9166666666667 0.431 0.318 5.1 31.9 19.2 3.5 2.4 2.9 7.3 14.4 94 93 11.6 0.9
"1" "1" 2001-10-30 31.37 "WAS" "@" "NYK" "L" -2 0 30.1333333333333 0.528 0.545 7.6 18.6 13.2 18.2 1.7 0 7.5 20.5 108 101 10.3 0.6
"2" "2" 2001-11-01 31.38 "WAS" "@" "ATL" "W" 10 0 31.5166666666667 0.827 0.8 15.8 28.2 21.6 9.4 1.7 2.1 26.9 10.2 134 90 12.9 6.6
"3" "3" 2001-11-03 31.38 "WAS" "" "PHI" "W" 14 0 29.95 0.25 0.25 10.9 31.2 20.7 0 0 0 33.3 9.8 61 89 0.5 -12.5
"4" "4" 2001-11-04 31.38 "WAS" "@" "DET" "L" -22 0 19.1166666666667 0 0 4.9 25.9 13.9 0 0 0 0 5 30 110 -0.3 -10.9
"5" "5" 2001-11-07 31.39 "WAS" "@" "BOS" "L" -9 0 20.7333333333333 0.532 0 11.4 27.2 19.5 6.2 0 0 51.5 9.1 86 117 2.1 -6.5
"6" "6" 2001-11-09 31.4 "WAS" "" "GSW" "L" -9 0 11.7166666666667 0.852 NA 20 37.5 27.8 11.8 0 0 0 6.4 193 109 4.8 3.4
"7" "7" 2001-11-11 31.4 "WAS" "" "SEA" "L" -15 0 3.6 0 0 0 0 0 0 0 0 50 22.2 0 116 -1.7 -30.1
"8" "8" 2001-11-14 31.41 "WAS" "" "MIL" "L" -9 0 25.2833333333333 1.028 1 27.4 31 29.1 0 0 0 0 11.9 211 122 16.1 10.6
"9" "9" 2001-11-16 31.42 "WAS" "" "UTA" "L" -9 0 26.2666666666667 0.143 0.143 14.2 0 8.8 12.2 0 0 0 11.9 77 125 0.5 -11.7
"10" "10" 2001-11-20 31.43 "WAS" "" "CHH" "L" -7 0 28.1166666666667 0.68 0.6 35.3 21.9 27.5 6.2 0 0 14.5 11.5 146 109 10.9 3
"11" "11" 2001-11-22 31.43 "WAS" "@" "IND" "L" -7 0 21.1666666666667 0.571 0.571 13.2 39 24.6 0 0 0 0 13.9 132 113 7.3 -3.7
"12" "12" 2001-11-24 31.44 "WAS" "" "BOS" "W" 4 0 35.4333333333333 0.583 0.556 6.7 23.3 15.6 5.3 1.5 5 17.5 15.3 98 79 10.4 3.1
"13" "13" 2001-11-27 31.45 "WAS" "@" "CLE" "L" -19 0 10.3666666666667 0.425 0.4 28.2 29.1 28.6 0 0 0 0 26.8 104 111 4.6 1.4
"14" "14" 2001-11-28 31.45 "WAS" "@" "PHI" "W" 7 0 12.8666666666667 0.5 0.5 18.5 9 13.7 11.1 0 0 0 7.4 142 106 2.6 -2.6
"15" "15" 2001-11-30 31.45 "WAS" "@" "MIA" "W" 9 0 17.0833333333333 0 0 14.5 18 16.4 8.6 0 0 0 6.2 78 96 0.8 -5.4
"16" "16" 2001-12-01 31.46 "WAS" "" "ORL" "L" -9 0 9.71666666666667 0.167 0.167 29.4 10.9 20.6 0 0 0 0 26.1 66 114 -0.2 -17.1
"17" "" 2001-12-04 31.47 "WAS" "@" "SAS" "L" -15 NA NA NA NA NA NA NA NA NA NA NA NA NA NA NA NA
"18" "17" 2001-12-06 31.47 "WAS" "@" "HOU" "W" 3 0 27.9333333333333 0.644 0.5 11.4 24 18 0 0 0 11.4 15 131 94 9 0.3
"19" "18" 2001-12-08 31.48 "WAS" "@" "DAL" "W" 7 0 11.2333333333333 0.5 0.5 13.2 49.6 34 0 0 0 33.3 12.8 82 104 1.4 -8.2
"20" "19" 2001-12-11 31.48 "WAS" "@" "MEM" "W" 10 0 21.8666666666667 0.4 0.4 0 16.8 9.4 6.3 2.4 0 44.4 19.3 45 87 -1 -13.3
"21" "20" 2001-12-12 31.49 "WAS" "" "MIA" "W" 2 0 19.6833333333333 0.6 0.6 6.9 31.6 19.7 0 3 0 0 13 128 91 6.9 4.2
"22" "21" 2001-12-14 31.49 "WAS" "" "NYK" "W" 16 0 35.3 0.58 0.5 13.4 20.4 17.1 8.1 6.1 0 20.5 13.2 114 81 12.7 3.3
"23" "22" 2001-12-16 31.5 "WAS" "@" "TOR" "W" 5 1 24.3166666666667 0.4 0.4 8.7 24.4 16.1 7.1 2.3 0 0 9.4 111 97 4.7 -1.7
"24" "23" 2001-12-19 31.51 "WAS" "" "ATL" "W" 27 1 28.4333333333333 0.694 0.5 18 17.7 17.9 11.9 2 0 51 10 105 85 6.9 -1.5
"25" "24" 2001-12-21 31.51 "WAS" "@" "ORL" "W" 18 1 41.0333333333333 0.553 0.5 22.1 14.1 17.3 15.5 0 0 7.8 14.8 139 95 15.2 4
"26" "25" 2001-12-22 31.52 "WAS" "@" "NYK" "W" 1 1 20.2166666666667 0.34 0.2 12 12.3 12.2 9.4 0 0 14.5 16.7 83 109 1 -11.7
"27" "26" 2001-12-26 31.53 "WAS" "@" "CHH" "L" -6 1 27.2 0.868 0.75 0 13.7 5.4 12.7 0 0 0 16.3 178 119 12.8 6
"28" "27" 2001-12-27 31.53 "WAS" "@" "IND" "L" -27 1 23.5833333333333 0.515 0.333 4 13.6 8.5 6.9 0 0 0 7.3 132 123 3 -5.8
"29" "28" 2001-12-29 31.53 "WAS" "" "CHH" "W" 17 1 29.9833333333333 0.571 0.571 13 20.9 17.3 9 1.8 4.3 12.5 12.9 125 97 9.4 2.4
"30" "29" 2001-12-31 31.54 "WAS" "" "NJN" "W" 22 1 35.9666666666667 0.6 0.6 19 21.3 20.3 9.2 0 0 28.6 17.1 105 90 9.8 0.3
"31" "30" 2002-01-04 31.55 "WAS" "" "CHI" "W" 6 1 37.5166666666667 0.388 0.333 10 20.7 16.3 9.4 0 0 7.2 18.3 91 95 6.8 -6.5
"32" "31" 2002-01-08 31.56 "WAS" "" "LAC" "W" 8 1 38.5 0.735 0.7 6.8 18 12.8 0 1.4 0 26.9 18.3 105 96 10 -1.3
"33" "32" 2002-01-11 31.57 "WAS" "@" "MIL" "L" -19 1 28.0166666666667 0.2 0.2 22.4 28.6 25.1 17.4 0 2.4 0 15.9 90 121 5.4 -7.6
"34" "33" 2002-01-12 31.57 "WAS" "" "MIN" "L" -8 1 33.8333333333333 0.359 0.25 21 13.1 17.3 0 0 0 9.3 14 103 127 6.1 -8.8
"35" "34" 2002-01-15 31.58 "WAS" "" "SAS" "L" -5 1 31.85 0.563 0.5 18.8 11.5 15.5 12 1.7 0 10.1 13.7 134 111 10.5 2.7
"36" "35" 2002-01-16 31.58 "WAS" "@" "NJN" "L" -44 1 12.7333333333333 0.5 0.5 0 10 3.9 15.8 0 0 33.3 9.7 78 126 0.6 -7.5
"37" "36" 2002-01-19 31.59 "WAS" "@" "CHI" "W" 8 1 33.5 0.313 0.182 22.4 20.1 21 13.8 3.4 1.8 0 18.2 103 72 10.2 2.5
"38" "37" 2002-01-21 31.6 "WAS" "@" "MIN" "L" -4 1 29.3 0.553 0.5 14.7 11.4 13.4 26.4 1.9 0 7.8 20 133 121 11.7 7.1
"39" "38" 2002-01-22 31.6 "WAS" "" "PHI" "L" -7 1 25.7166666666667 0.286 0.286 26.4 4.9 16.2 12.6 2.2 0 22.2 16.1 83 113 4.4 -6.5
"40" "39" 2002-01-24 31.61 "WAS" "" "CLE" "W" 9 1 29.45 0.393 0.364 20.7 11 15.6 10.5 2.1 0 20.8 23.5 87 105 5.9 -6.3
"41" "40" 2002-01-26 31.61 "WAS" "" "PHO" "W" 10 1 23.4 0.551 0.333 33.8 28.5 30.9 6 2.2 0 24.8 23.2 112 104 9.3 -3.8
"42" "41" 2002-01-29 31.62 "WAS" "" "DET" "L" -3 1 32.9833333333333 0.66 0.667 12.9 12.1 12.6 0 0 2.8 0 18.6 144 107 15 5.4
"43" "42" 2002-01-31 31.62 "WAS" "@" "CLE" "W" 1 1 33.1166666666667 0.336 0.286 12.5 23 17.9 12.4 1.7 0 11.8 12.2 97 106 5.3 -4.1
"44" "43" 2002-02-01 31.63 "WAS" "" "ATL" "W" 7 1 25.95 0.368 0.3 25.2 18.9 22.2 5.9 2.2 0 0 20.2 111 107 8.5 -6
"45" "44" 2002-02-03 31.63 "WAS" "" "IND" "W" 20 0 11.75 1 1 19.5 58.8 37.3 10 0 0 50 8 127 104 3.9 3.6
"46" "45" 2002-02-05 31.64 "WAS" "" "TOR" "W" 5 1 33.05 0.543 0.5 6.3 23.5 13.2 4.8 1.8 0 7.2 19.9 125 118 11.2 -1
"47" "46" 2002-02-07 31.64 "WAS" "" "SAC" "W" 7 1 30.85 1.014 1 23.1 26.4 24.7 13.4 0 2.2 18.4 14.9 166 109 21.7 13.2
"48" "47" 2002-02-12 31.66 "WAS" "@" "LAL" "L" -9 1 34.9333333333333 0.767 0.688 3.7 21.8 13.5 10.5 0 0 0 15.5 164 119 16 7.1
"49" "48" 2002-02-14 31.66 "WAS" "@" "SAC" "L" -16 1 22.4 0.563 0.5 4.6 22.7 13.8 20.1 2.2 0 18.4 11.1 110 106 6.5 3
"50" "49" 2002-02-15 31.67 "WAS" "@" "PHO" "W" 1 1 33.3 0.4 0.4 7.9 13.2 10.8 16.1 1.6 6.3 16.7 8.5 102 99 8 3.6
"51" "50" 2002-02-18 31.67 "WAS" "" "HOU" "L" -13 1 32.2 0.45 0.375 20.6 18.8 19.9 4.6 0 0 10.1 14.9 113 124 7.4 -8.1
"52" "51" 2002-02-20 31.68 "WAS" "@" "DET" "L" -7 1 27.7166666666667 0.68 0.6 11.7 27.8 19 19.1 2.1 0 14.5 11.8 141 113 9.3 3.9
"53" "52" 2002-02-21 31.68 "WAS" "" "NJN" "L" -11 1 31.8333333333333 0.417 0.417 17.9 25.6 21.7 0 0 0 14.3 21.1 88 108 5.2 -8.2
"54" "53" 2002-02-23 31.69 "WAS" "" "MIA" "L" -2 1 30.7166666666667 0.333 0.333 8.1 25.8 16.7 0 0 2.2 14.3 11 77 113 3.1 -8.4
"55" "" 2002-02-24 31.69 "WAS" "@" "MIA" "L" -12 NA NA NA NA NA NA NA NA NA NA NA NA NA NA NA NA
"56" "54" 2002-02-27 31.7 "WAS" "" "POR" "L" -4 1 24.05 0.429 0.429 16.2 12.2 14 17.1 2.2 2.7 12.5 15.2 104 114 7.7 1.3
"57" "55" 2002-03-01 31.7 "WAS" "@" "CHI" "L" -9 1 20.55 0.286 0.286 5.4 26.6 16.1 27 7.7 6.4 22.2 19.6 62 82 5 1.4
"58" "56" 2002-03-03 31.71 "WAS" "" "ORL" "W" 5 1 30.2833333333333 0.385 0.385 12.9 34.6 24.4 15.1 0 0 13.3 24.1 89 103 7.4 -3.9
"59" "57" 2002-03-05 31.72 "WAS" "" "CHI" "W" 25 0 25.7166666666667 0.444 0.444 10.9 22 17 19.6 2.1 0 10 18.2 111 99 8.2 1.2
"60" "58" 2002-03-07 31.72 "WAS" "" "DET" "L" -3 0 24.9166666666667 0.563 0.5 27.4 29.5 28.3 26.2 2.4 0 18.4 20.8 123 116 11.7 7
"61" "59" 2002-03-08 31.72 "WAS" "@" "ORL" "L" -3 1 23.2166666666667 0.167 0.167 5 25.5 15.1 11.6 2.3 0 14.3 13.9 53 105 1 -6.6
"62" "60" 2002-03-10 31.73 "WAS" "@" "BOS" "L" -7 0 9.58333333333333 0.37 0.2 0 11.4 6.3 51.1 5.4 0 0 30.8 106 103 4.5 11.5
"63" "61" 2002-03-11 31.73 "WAS" "" "BOS" "L" -5 0 22.7 0.322 0.3 11.9 5.5 8.6 0 2.3 0 8.4 23 78 116 0.9 -14.7
"64" "62" 2002-03-13 31.74 "WAS" "@" "LAC" "L" -21 0 16.1833333333333 0.5 0.5 0 23.7 11.1 12.5 0 0 0 19 108 114 4.2 1.5
"65" "63" 2002-03-15 31.74 "WAS" "@" "SEA" "W" 5 0 14.1666666666667 0.5 0.5 25.1 0 13.5 23.1 4 0 0 19.7 139 115 6.7 6.9
"66" "64" 2002-03-16 31.75 "WAS" "@" "POR" "L" -15 0 12.6333333333333 0.258 0 12.7 0 6.5 0 0 0 20.5 18.9 58 119 -0.4 -14.5
"67" "65" 2002-03-18 31.75 "WAS" "@" "GSW" "W" 3 0 19.8666666666667 0.622 0.571 23.4 23.4 23.4 8.8 0 0 0 23.4 147 114 11 1.2
"68" "66" 2002-03-20 31.76 "WAS" "@" "DEN" "W" 32 0 21.1166666666667 0.405 0.333 11.1 28.6 19.8 14.2 2.4 3.3 0 21.1 105 75 8.9 2.6
"69" "67" 2002-03-21 31.76 "WAS" "@" "UTA" "L" -15 0 29.3333333333333 0.644 0.667 18.4 19.2 18.8 17.1 0 2.6 34 18.7 97 107 8.8 -0.1
"70" "68" 2002-03-24 31.77 "WAS" "@" "TOR" "L" -1 0 25.8166666666667 0.434 0.25 4.9 12.9 9.1 21.6 6.1 0 41 16.9 73 96 5.2 0.3
"71" "69" 2002-03-26 31.77 "WAS" "" "DEN" "W" 16 0 22.9 0.363 0.333 10.7 10.2 10.4 23.3 6.8 3.4 12.7 15 98 85 6.3 2.5
"72" "70" 2002-03-29 31.78 "WAS" "" "MIL" "W" 9 0 29.4166666666667 0.444 0.444 8.7 25.5 17.2 13.6 1.8 0 10 14.9 103 102 7.8 -1.9
"73" "71" 2002-03-31 31.79 "WAS" "" "DAL" "L" -7 1 26.8666666666667 0.625 0.625 8.3 19.2 13.3 5.2 2 0 20 17.3 105 124 8.3 -2.2
"74" "" 2002-04-02 31.79 "WAS" "" "LAL" "L" -20 NA NA NA NA NA NA NA NA NA NA NA NA NA NA NA NA
"75" "72" 2002-04-03 31.79 "WAS" "@" "MIL" "L" -15 0 8.05 0.667 0.667 34.3 18.2 26.5 0 0 0 0 17.7 151 122 3.6 0.1
"76" "73" 2002-04-05 31.8 "WAS" "@" "CHH" "L" -6 1 18.7166666666667 0.333 0.333 16.5 0 9.5 0 0 0 25 18.1 69 113 0.3 -11.6
"77" "74" 2002-04-06 31.8 "WAS" "" "MEM" "W" 3 1 28.1833333333333 0.3 0.3 15.3 34.3 24.3 22.2 0 0 16.7 18.4 80 90 5.1 -5.8
"78" "75" 2002-04-09 31.81 "WAS" "@" "NJN" "L" -13 0 14.75 0.58 0.5 17.3 30.5 24.3 0 7.1 0 0 23.9 135 97 9.8 11.6
"79" "76" 2002-04-10 31.81 "WAS" "" "PHI" "W" 13 0 16.5833333333333 0.532 0.5 0 27.5 13.4 19.4 0 0 21 13.3 99 94 3 -1
"80" "77" 2002-04-12 31.82 "WAS" "@" "PHI" "L" -9 0 3 NA NA 0 0 0 97 0 0 NA 0 209 126 1.4 27.9
"81" "78" 2002-04-14 31.82 "WAS" "" "IND" "L" -6 1 19.5 0.333 0.333 5.3 28.2 15.2 8.8 5.7 0 14.3 16.7 75 94 3 -3.2
"82" "79" 2002-04-16 31.83 "WAS" "" "NYK" "W" 4 1 25.75 0.491 0.444 18 23.7 20.8 10.1 2 0 8.2 20 119 120 10.4 -2.4
"1" "" 2002-11-09 32.4 "DAL" "" "DET" "W" 39 NA NA NA NA NA NA NA NA NA NA NA NA NA NA NA NA
"2" "" 2002-11-11 32.4 "DAL" "" "POR" "W" 9 NA NA NA NA NA NA NA NA NA NA NA NA NA NA NA NA
"3" "" 2002-11-13 32.41 "DAL" "@" "CLE" "W" 4 NA NA NA NA NA NA NA NA NA NA NA NA NA NA NA NA
"4" "" 2002-11-15 32.41 "DAL" "@" "BOS" "W" 11 NA NA NA NA NA NA NA NA NA NA NA NA NA NA NA NA
"5" "" 2002-11-16 32.42 "DAL" "@" "NJN" "W" 8 NA NA NA NA NA NA NA NA NA NA NA NA NA NA NA NA
"6" "" 2002-11-19 32.42 "DAL" "" "LAL" "W" 26 NA NA NA NA NA NA NA NA NA NA NA NA NA NA NA NA
"7" "" 2002-11-21 32.43 "DAL" "" "HOU" "W" 13 NA NA NA NA NA NA NA NA NA NA NA NA NA NA NA NA
"8" "" 2002-11-23 32.44 "DAL" "" "SEA" "W" 10 NA NA NA NA NA NA NA NA NA NA NA NA NA NA NA NA
"9" "1" 2002-11-27 32.45 "DAL" "@" "DET" "W" 20 0 7.55 0.333 0.333 13.3 0 6.4 0 0 0 40 28 51 105 -1 -21.8
"10" "" 2002-11-28 32.45 "DAL" "@" "IND" "L" -12 NA NA NA NA NA NA NA NA NA NA NA NA NA NA NA NA
"11" "2" 2002-11-30 32.45 "DAL" "" "CHI" "W" 13 0 2.61666666666667 1 1 0 0 0 0 0 0 0 22.6 200 104 1.3 5.8
"12" "" 2002-12-02 32.46 "DAL" "" "TOR" "W" 11 NA NA NA NA NA NA NA NA NA NA NA NA NA NA NA NA
"13" "3" 2002-12-04 32.47 "DAL" "@" "POR" "W" 15 0 4.96666666666667 NA NA 22.3 0 9.9 23.4 0 0 100 17.6 44 107 -1.4 -18.6
"14" "4" 2002-12-06 32.47 "DAL" "@" "LAL" "L" -2 0 3.75 1.136 NA 0 0 0 0 0 0 0 10.8 250 114 0.8 -6.5
"15" "5" 2002-12-07 32.47 "DAL" "@" "GSW" "W" 5 0 4.5 0.568 NA 0 24.5 13.2 0 0 0 0 9.6 123 117 0.9 -1.2
"16" "6" 2002-12-10 32.48 "DAL" "" "LAC" "W" 27 0 24.0333333333333 0.557 0.556 5.4 16 11.5 6.1 2.2 0 16.8 22.9 99 103 6.3 -7.5
"17" "7" 2002-12-11 32.48 "DAL" "@" "SAS" "L" -7 0 19.45 0.676 0.75 0 0 0 7.3 2.5 0 18.4 12.5 106 116 3.9 -0.3
"18" "8" 2002-12-14 32.49 "DAL" "" "MEM" "W" 17 0 11.4833333333333 0.333 0.333 26.2 10.6 19.2 0 0 0 25 15.6 86 106 1.7 -8.9
"19" "9" 2002-12-17 32.5 "DAL" "" "IND" "W" 21 0 11.5 0 0 26.2 19 22.7 0 0 0 0 15.1 56 103 -0.1 -14.8
"20" "10" 2002-12-18 32.5 "DAL" "@" "DEN" "W" 5 0 4.53333333333333 0 0 0 22.3 10.7 0 10.9 0 0 19.2 0 64 -0.5 -11.8
"21" "" 2002-12-20 32.51 "DAL" "" "UTA" "L" -12 NA NA NA NA NA NA NA NA NA NA NA NA NA NA NA NA
"22" "" 2002-12-23 32.52 "DAL" "" "WAS" "W" 6 NA NA NA NA NA NA NA NA NA NA NA NA NA NA NA NA
"23" "11" 2002-12-26 32.53 "DAL" "@" "NOH" "W" 2 0 1.96666666666667 NA NA 0 51.1 25 0 0 0 NA 0 0 78 -0.1 -10.2
"24" "12" 2002-12-28 32.53 "DAL" "" "NYK" "W" 25 0 20 0.5 0.5 18.5 9.1 13 11.3 0 0 0 4.9 158 100 4.3 -0.5
"25" "13" 2002-12-30 32.54 "DAL" "" "MIL" "L" -3 0 4.28333333333333 NA NA 0 0 0 29.3 0 0 NA 0 207 121 0.7 3.2
"26" "14" 2003-01-02 32.55 "DAL" "" "LAC" "W" 10 0 5.33333333333333 0.5 0.5 0 19.2 9.6 0 0 0 0 17.4 98 96 1.3 -1.5
"27" "15" 2003-01-04 32.55 "DAL" "" "PHI" "W" 19 0 10.7166666666667 1 1 23.6 10.6 16.8 0 0 0 75 17.1 59 104 -0.4 -14.5
"28" "16" 2003-01-06 32.56 "DAL" "" "DEN" "W" 15 0 2.05 0 0 51.1 0 27.9 0 0 0 0 24.5 60 97 0 -19.4
"29" "" 2003-01-08 32.56 "DAL" "@" "ATL" "W" 18 NA NA NA NA NA NA NA NA NA NA NA NA NA NA NA NA
"30" "17" 2003-01-10 32.57 "DAL" "" "BOS" "W" 25 0 5.38333333333333 0 0 46.8 43.6 45.2 0 0 0 0 28.6 52 87 -0.5 -28.6
"31" "" 2003-01-12 32.57 "DAL" "@" "LAC" "W" 6 NA NA NA NA NA NA NA NA NA NA NA NA NA NA NA NA
"32" "18" 2003-01-15 32.58 "DAL" "@" "SAC" "L" -29 0 10.6 0.5 0.5 27.3 23 25.4 28.8 0 0 0 15.3 136 126 6.1 10.9
"33" "" 2003-01-17 32.59 "DAL" "@" "PHO" "L" -5 NA NA NA NA NA NA NA NA NA NA NA NA NA NA NA NA
"34" "" 2003-01-19 32.59 "DAL" "@" "SEA" "L" -4 NA NA NA NA NA NA NA NA NA NA NA NA NA NA NA NA
"35" "19" 2003-01-21 32.6 "DAL" "" "HOU" "W" 21 0 9.48333333333333 1 1 38.1 13 25.7 0 0 0 33.3 14.9 138 103 4.4 2.2
"36" "" 2003-01-23 32.6 "DAL" "@" "PHI" "W" 13 NA NA NA NA NA NA NA NA NA NA NA NA NA NA NA NA
"37" "" 2003-01-24 32.61 "DAL" "@" "NYK" "W" 11 NA NA NA NA NA NA NA NA NA NA NA NA NA NA NA NA
"38" "" 2003-01-26 32.61 "DAL" "" "POR" "L" -7 NA NA NA NA NA NA NA NA NA NA NA NA NA NA NA NA
"39" "20" 2003-01-29 32.62 "DAL" "@" "HOU" "W" 23 0 4.1 0 0 0 0 0 0 0 0 50 22.9 0 100 -2.5 -37.5
"40" "" 2003-01-30 32.62 "DAL" "" "MIN" "W" 3 NA NA NA NA NA NA NA NA NA NA NA NA NA NA NA NA
"41" "21" 2003-02-01 32.63 "DAL" "" "DEN" "W" 22 0 13.8 0.286 0.286 0 9.3 4.7 0 0 5.4 0 22.5 61 107 0.5 -16.7
"42" "" 2003-02-03 32.63 "DAL" "@" "UTA" "W" 2 NA NA NA NA NA NA NA NA NA NA NA NA NA NA NA NA
"43" "" 2003-02-04 32.64 "DAL" "" "SAC" "L" -1 NA NA NA NA NA NA NA NA NA NA NA NA NA NA NA NA
"44" "22" 2003-03-08 32.72 "DAL" "" "UTA" "W" 24 0 8.78333333333333 0 0 24.8 14 19.8 0 5.9 0 0 10.2 66 81 0.9 -5.9
"45" "" 2003-03-10 32.73 "DAL" "" "MIN" "L" -9 NA NA NA NA NA NA NA NA NA NA NA NA NA NA NA NA
"46" "" 2003-03-13 32.74 "DAL" "@" "SEA" "L" -7 NA NA NA NA NA NA NA NA NA NA NA NA NA NA NA NA
"47" "" 2003-03-14 32.74 "DAL" "@" "GSW" "W" 2 NA NA NA NA NA NA NA NA NA NA NA NA NA NA NA NA
"48" "" 2003-03-16 32.75 "DAL" "@" "SAC" "W" 6 NA NA NA NA NA NA NA NA NA NA NA NA NA NA NA NA
"49" "23" 2003-03-18 32.75 "DAL" "" "CLE" "W" 21 0 12.55 0.387 0.333 0 23.1 12.6 0 0 0 20.5 17 61 96 -0.8 -17.8
"50" "" 2003-03-20 32.76 "DAL" "" "SAS" "L" -2 NA NA NA NA NA NA NA NA NA NA NA NA NA NA NA NA
"51" "" 2003-03-22 32.76 "DAL" "" "PHO" "W" 7 NA NA NA NA NA NA NA NA NA NA NA NA NA NA NA NA
"52" "" 2003-03-24 32.77 "DAL" "@" "DEN" "W" 12 NA NA NA NA NA NA NA NA NA NA NA NA NA NA NA NA
"53" "" 2003-04-03 32.79 "DAL" "" "LAL" "L" -11 NA NA NA NA NA NA NA NA NA NA NA NA NA NA NA NA
"54" "24" 2003-04-05 32.8 "DAL" "" "ORL" "W" 18 0 4.03333333333333 0 0 0 60 28.6 0 12.5 0 0 11.1 0 61 0.9 2.8
"55" "25" 2003-04-08 32.81 "DAL" "@" "LAL" "L" -9 0 7.83333333333333 0 0 0 45 22 0 0 0 0 16.5 0 109 -1.3 -16.7
"56" "26" 2003-04-09 32.81 "DAL" "@" "PHO" "L" -23 0 8.03333333333333 0.6 0.6 52.2 15.4 35.3 0 0 0 16.7 33 113 120 4.6 -2.7
"57" "" 2003-04-11 32.82 "DAL" "@" "UTA" "L" -3 NA NA NA NA NA NA NA NA NA NA NA NA NA NA NA NA
"58" "" 2003-04-12 32.82 "DAL" "" "GSW" "W" 9 NA NA NA NA NA NA NA NA NA NA NA NA NA NA NA NA
"59" "" 2003-04-16 32.83 "DAL" "@" "SAS" "W" 21 NA NA NA NA NA NA NA NA NA NA NA NA NA NA NA NA
"1" "" 2003-10-29 33.37 "GSW" "" "DAL" "L" -8 NA NA NA NA NA NA NA NA NA NA NA NA NA NA NA NA
"2" "1" 2003-11-01 33.38 "GSW" "" "PHI" "W" 14 0 1.36666666666667 NA NA 0 0 0 0 0 0 NA 0 0 106 -0.4 -15.4
"3" "2" 2003-11-02 33.38 "GSW" "@" "LAL" "L" -15 0 0.1 NA NA 0 0 0 0 0 0 NA 0 0 107 0 -6
"4" "" 2003-11-05 33.39 "GSW" "" "ATL" "W" 27 NA NA NA NA NA NA NA NA NA NA NA NA NA NA NA NA
"5" "" 2003-11-07 33.39 "GSW" "" "UTA" "W" 6 NA NA NA NA NA NA NA NA NA NA NA NA NA NA NA NA
"6" "" 2003-11-10 33.4 "GSW" "" "PHO" "L" -3 NA NA NA NA NA NA NA NA NA NA NA NA NA NA NA NA
"7" "" 2004-01-02 33.55 "GSW" "@" "WAS" "L" -18 NA NA NA NA NA NA NA NA NA NA NA NA NA NA NA NA
"8" "" 2004-01-03 33.55 "GSW" "@" "DET" "L" -6 NA NA NA NA NA NA NA NA NA NA NA NA NA NA NA NA
"9" "" 2004-01-05 33.55 "GSW" "@" "HOU" "L" -18 NA NA NA NA NA NA NA NA NA NA NA NA NA NA NA NA
"10" "" 2004-01-07 33.56 "GSW" "@" "DAL" "L" -6 NA NA NA NA NA NA NA NA NA NA NA NA NA NA NA NA
"11" "" 2004-01-10 33.57 "GSW" "" "SEA" "W" 3 NA NA NA NA NA NA NA NA NA NA NA NA NA NA NA NA
"12" "" 2004-01-12 33.57 "GSW" "" "MEM" "L" -2 NA NA NA NA NA NA NA NA NA NA NA NA NA NA NA NA
"13" "" 2004-01-13 33.58 "GSW" "@" "UTA" "L" -17 NA NA NA NA NA NA NA NA NA NA NA NA NA NA NA NA
"14" "3" 2004-01-15 33.58 "GSW" "" "CLE" "W" 17 0 1.43333333333333 NA NA 0 0 0 0 0 0 NA 0 0 124 0 -7.5
"15" "" 2004-01-16 33.58 "GSW" "@" "PHO" "L" -11 NA NA NA NA NA NA NA NA NA NA NA NA NA NA NA NA
"16" "" 2004-01-19 33.59 "GSW" "" "UTA" "W" 16 NA NA NA NA NA NA NA NA NA NA NA NA NA NA NA NA
"17" "" 2004-01-21 33.6 "GSW" "@" "LAC" "L" -4 NA NA NA NA NA NA NA NA NA NA NA NA NA NA NA NA
"18" "4" 2004-01-22 33.6 "GSW" "@" "SEA" "L" -16 0 3.4 0 0 0 0 0 0 0 0 0 15.1 0 113 -1.1 -21.2
"19" "" 2004-01-24 33.61 "GSW" "@" "POR" "W" 18 NA NA NA NA NA NA NA NA NA NA NA NA NA NA NA NA
"20" "" 2004-01-28 33.62 "GSW" "" "MIN" "W" 7 NA NA NA NA NA NA NA NA NA NA NA NA NA NA NA NA
"21" "5" 2004-01-30 33.62 "GSW" "" "CHI" "W" 20 0 3.68333333333333 0 0 34.3 0 12.8 0 0 0 0 11.6 66 101 0 -11.1
"22" "" 2004-02-02 33.63 "GSW" "@" "MEM" "L" -5 NA NA NA NA NA NA NA NA NA NA NA NA NA NA NA NA
"23" "" 2004-02-03 33.63 "GSW" "@" "DAL" "L" -14 NA NA NA NA NA NA NA NA NA NA NA NA NA NA NA NA
"24" "" 2004-02-06 33.64 "GSW" "" "DEN" "W" 9 NA NA NA NA NA NA NA NA NA NA NA NA NA NA NA NA
"25" "" 2004-02-08 33.65 "GSW" "" "TOR" "L" -3 NA NA NA NA NA NA NA NA NA NA NA NA NA NA NA NA
"26" "" 2004-02-10 33.65 "GSW" "@" "SEA" "W" 9 NA NA NA NA NA NA NA NA NA NA NA NA NA NA NA NA
"27" "" 2004-02-11 33.65 "GSW" "" "PHO" "W" 11 NA NA NA NA NA NA NA NA NA NA NA NA NA NA NA NA
"28" "" 2004-02-18 33.67 "GSW" "" "LAL" "L" -1 NA NA NA NA NA NA NA NA NA NA NA NA NA NA NA NA
"29" "" 2004-02-20 33.68 "GSW" "" "POR" "L" -1 NA NA NA NA NA NA NA NA NA NA NA NA NA NA NA NA
"30" "" 2004-02-21 33.68 "GSW" "" "SEA" "W" 2 NA NA NA NA NA NA NA NA NA NA NA NA NA NA NA NA
"31" "" 2004-02-24 33.69 "GSW" "@" "IND" "L" -11 NA NA NA NA NA NA NA NA NA NA NA NA NA NA NA NA
"32" "" 2004-02-25 33.69 "GSW" "@" "MEM" "W" 7 NA NA NA NA NA NA NA NA NA NA NA NA NA NA NA NA
"33" "" 2004-02-27 33.7 "GSW" "@" "MIN" "L" -10 NA NA NA NA NA NA NA NA NA NA NA NA NA NA NA NA
"34" "" 2004-02-28 33.7 "GSW" "@" "CHI" "L" -6 NA NA NA NA NA NA NA NA NA NA NA NA NA NA NA NA
"35" "" 2004-03-02 33.71 "GSW" "" "IND" "L" -8 NA NA NA NA NA NA NA NA NA NA NA NA NA NA NA NA
"36" "" 2004-03-05 33.72 "GSW" "" "NJN" "L" -4 NA NA NA NA NA NA NA NA NA NA NA NA NA NA NA NA
"37" "" 2004-03-07 33.72 "GSW" "" "MEM" "L" -10 NA NA NA NA NA NA NA NA NA NA NA NA NA NA NA NA
"38" "" 2004-03-09 33.73 "GSW" "@" "SAC" "L" -4 NA NA NA NA NA NA NA NA NA NA NA NA NA NA NA NA
"39" "" 2004-03-10 33.73 "GSW" "@" "UTA" "L" -14 NA NA NA NA NA NA NA NA NA NA NA NA NA NA NA NA
"40" "" 2004-03-12 33.74 "GSW" "@" "SAS" "L" -25 NA NA NA NA NA NA NA NA NA NA NA NA NA NA NA NA
"41" "" 2004-03-13 33.74 "GSW" "@" "NOH" "L" -18 NA NA NA NA NA NA NA NA NA NA NA NA NA NA NA NA
"42" "" 2004-03-15 33.75 "GSW" "" "SAS" "W" 17 NA NA NA NA NA NA NA NA NA NA NA NA NA NA NA NA
"43" "" 2004-03-17 33.75 "GSW" "" "ORL" "W" 25 NA NA NA NA NA NA NA NA NA NA NA NA NA NA NA NA
"44" "" 2004-03-19 33.76 "GSW" "" "HOU" "W" 6 NA NA NA NA NA NA NA NA NA NA NA NA NA NA NA NA
"45" "" 2004-03-21 33.76 "GSW" "@" "LAC" "W" 11 NA NA NA NA NA NA NA NA NA NA NA NA NA NA NA NA
"46" "" 2004-03-24 33.77 "GSW" "" "MIL" "W" 9 NA NA NA NA NA NA NA NA NA NA NA NA NA NA NA NA
"47" "" 2004-03-26 33.78 "GSW" "" "WAS" "W" 21 NA NA NA NA NA NA NA NA NA NA NA NA NA NA NA NA
"48" "" 2004-03-28 33.78 "GSW" "" "LAC" "W" 28 NA NA NA NA NA NA NA NA NA NA NA NA NA NA NA NA
"49" "" 2004-03-30 33.79 "GSW" "@" "PHI" "L" -24 NA NA NA NA NA NA NA NA NA NA NA NA NA NA NA NA
"50" "" 2004-03-31 33.79 "GSW" "@" "TOR" "W" 7 NA NA NA NA NA NA NA NA NA NA NA NA NA NA NA NA
"51" "" 2004-04-02 33.79 "GSW" "@" "BOS" "L" -5 NA NA NA NA NA NA NA NA NA NA NA NA NA NA NA NA
"52" "" 2004-04-03 33.8 "GSW" "@" "CLE" "W" 3 NA NA NA NA NA NA NA NA NA NA NA NA NA NA NA NA
"53" "" 2004-04-06 33.81 "GSW" "" "HOU" "W" 7 NA NA NA NA NA NA NA NA NA NA NA NA NA NA NA NA
"54" "" 2004-04-07 33.81 "GSW" "@" "POR" "L" -6 NA NA NA NA NA NA NA NA NA NA NA NA NA NA NA NA
"55" "" 2004-04-09 33.81 "GSW" "" "MIN" "L" -18 NA NA NA NA NA NA NA NA NA NA NA NA NA NA NA NA
"56" "" 2004-04-11 33.82 "GSW" "" "DAL" "W" 1 NA NA NA NA NA NA NA NA NA NA NA NA NA NA NA NA
"57" "" 2004-04-13 33.82 "GSW" "@" "LAL" "L" -5 NA NA NA NA NA NA NA NA NA NA NA NA NA NA NA NA
"58" "" 2004-04-14 33.83 "GSW" "" "SAC" "W" 6 NA NA NA NA NA NA NA NA NA NA NA NA NA NA NA NA
