"Rk" "G" "Date" "Age" "Tm" "H/A" "Opp" "W/L" "By Amt" "GS" "MP" "TS%" "eFG%" "ORB%" "DRB%" "TRB%" "AST%" "STL%" "BLK%" "TOV%" "USG%" "ORtg" "DRtg" "GmSc" "BPM"
"1" "" 2012-10-31 20.81 "HOU" "@" "DET" "W" 9 NA NA NA NA NA NA NA NA NA NA NA NA NA NA NA NA
"2" "" 2012-11-02 20.82 "HOU" "@" "ATL" "W" 7 NA NA NA NA NA NA NA NA NA NA NA NA NA NA NA NA
"3" "" 2012-11-03 20.82 "HOU" "" "POR" "L" -10 NA NA NA NA NA NA NA NA NA NA NA NA NA NA NA NA
"4" "" 2012-11-07 20.83 "HOU" "" "DEN" "L" -6 NA NA NA NA NA NA NA NA NA NA NA NA NA NA NA NA
"5" "" 2012-11-09 20.84 "HOU" "@" "MEM" "L" -8 NA NA NA NA NA NA NA NA NA NA NA NA NA NA NA NA
"6" "1" 2012-11-10 20.84 "HOU" "" "DET" "W" 14 0 12.4333333333333 0.363 0.25 0 0 0 0 0 12.9 0 24.7 79 91 2.2 -2.6
"7" "2" 2012-11-12 20.84 "HOU" "" "MIA" "L" -3 0 0.516666666666667 NA NA 0 0 0 0 0 0 NA 0 0 130 0 -6.4
"8" "" 2012-11-14 20.85 "HOU" "" "NOH" "W" 4 NA NA NA NA NA NA NA NA NA NA NA NA NA NA NA NA
"9" "" 2012-11-16 20.85 "HOU" "@" "POR" "L" -2 NA NA NA NA NA NA NA NA NA NA NA NA NA NA NA NA
"10" "3" 2012-11-18 20.86 "HOU" "@" "LAL" "L" -11 0 19.9 0.571 0.571 0 24.1 11.6 21.1 4.8 3.7 0 15 129 108 9.9 9.3
"11" "4" 2012-11-19 20.86 "HOU" "@" "UTA" "L" -11 0 29.7833333333333 0.436 0.333 11.5 13.4 12.4 0 0 0 0 19.5 107 109 9.2 -2.2
"12" "" 2012-11-21 20.87 "HOU" "" "CHI" "W" 4 NA NA NA NA NA NA NA NA NA NA NA NA NA NA NA NA
"13" "5" 2012-11-23 20.87 "HOU" "" "NYK" "W" 28 0 6.6 0 0 41.6 0 18.4 0 0 0 33.3 18.9 52 113 -1 -21.8
"14" "6" 2012-11-27 20.88 "HOU" "" "TOR" "W" 16 0 1.05 NA NA 0 0 0 0 0 0 NA 0 0 116 0 -6.3
"15" "7" 2012-11-28 20.89 "HOU" "@" "OKC" "L" -22 0 2.43333333333333 NA NA 0 0 0 0 20.8 30.3 100 17 0 74 0.7 9.3
"16" "" 2012-12-01 20.9 "HOU" "" "UTA" "W" 8 NA NA NA NA NA NA NA NA NA NA NA NA NA NA NA NA
"17" "" 2012-12-04 20.9 "HOU" "" "LAL" "W" 2 NA NA NA NA NA NA NA NA NA NA NA NA NA NA NA NA
"18" "8" 2012-12-07 20.91 "HOU" "@" "SAS" "L" -22 0 7.51666666666667 0.9 0.9 0 58.1 22 100 0 0 0 27.4 174 112 9.4 37
"19" "" 2012-12-08 20.92 "HOU" "" "DAL" "L" -7 NA NA NA NA NA NA NA NA NA NA NA NA NA NA NA NA
"20" "" 2012-12-10 20.92 "HOU" "" "SAS" "L" -8 NA NA NA NA NA NA NA NA NA NA NA NA NA NA NA NA
"21" "" 2012-12-12 20.93 "HOU" "" "WAS" "W" 6 NA NA NA NA NA NA NA NA NA NA NA NA NA NA NA NA
"22" "" 2012-12-14 20.93 "HOU" "" "BOS" "W" 12 NA NA NA NA NA NA NA NA NA NA NA NA NA NA NA NA
"23" "9" 2012-12-16 20.94 "HOU" "@" "TOR" "L" -7 0 4.3 0 0 24.3 0 12.8 0 0 0 50 21.5 34 115 -1 -23.3
"24" "10" 2012-12-17 20.94 "HOU" "@" "NYK" "W" 13 0 2.78333333333333 0 0 0 0 0 0 0 0 0 16.3 0 110 -0.7 -19.9
"25" "11" 2012-12-19 20.95 "HOU" "" "PHI" "W" 22 0 3.23333333333333 NA NA 0 0 0 35.3 0 0 NA 0 226 118 0.7 11.3
"26" "" 2012-12-22 20.95 "HOU" "" "MEM" "W" 25 NA NA NA NA NA NA NA NA NA NA NA NA NA NA NA NA
"27" "" 2012-12-25 20.96 "HOU" "@" "CHI" "W" 23 NA NA NA NA NA NA NA NA NA NA NA NA NA NA NA NA
"28" "" 2012-12-26 20.96 "HOU" "@" "MIN" "W" 3 NA NA NA NA NA NA NA NA NA NA NA NA NA NA NA NA
"29" "" 2012-12-28 20.97 "HOU" "@" "SAS" "L" -6 NA NA NA NA NA NA NA NA NA NA NA NA NA NA NA NA
"30" "" 2012-12-29 20.97 "HOU" "" "OKC" "L" -30 NA NA NA NA NA NA NA NA NA NA NA NA NA NA NA NA
"31" "" 2012-12-31 20.98 "HOU" "" "ATL" "W" 19 NA NA NA NA NA NA NA NA NA NA NA NA NA NA NA NA
"32" "" 2013-01-02 20.98 "HOU" "" "NOH" "W" 12 NA NA NA NA NA NA NA NA NA NA NA NA NA NA NA NA
"33" "" 2013-01-04 20.99 "HOU" "@" "MIL" "W" 14 NA NA NA NA NA NA NA NA NA NA NA NA NA NA NA NA
"34" "" 2013-01-05 20.99 "HOU" "@" "CLE" "W" 8 NA NA NA NA NA NA NA NA NA NA NA NA NA NA NA NA
"35" "" 2013-01-08 21 "HOU" "" "LAL" "W" 13 NA NA NA NA NA NA NA NA NA NA NA NA NA NA NA NA
"36" "" 2013-01-09 21 "HOU" "@" "NOH" "L" -9 NA NA NA NA NA NA NA NA NA NA NA NA NA NA NA NA
"37" "" 2013-01-11 21.01 "HOU" "@" "BOS" "L" -12 NA NA NA NA NA NA NA NA NA NA NA NA NA NA NA NA
"38" "" 2013-01-12 21.01 "HOU" "@" "PHI" "L" -7 NA NA NA NA NA NA NA NA NA NA NA NA NA NA NA NA
"39" "" 2013-01-15 21.02 "HOU" "" "LAC" "L" -8 NA NA NA NA NA NA NA NA NA NA NA NA NA NA NA NA
"40" "" 2013-01-16 21.02 "HOU" "@" "DAL" "L" -5 NA NA NA NA NA NA NA NA NA NA NA NA NA NA NA NA
"41" "" 2013-01-18 21.02 "HOU" "@" "IND" "L" -10 NA NA NA NA NA NA NA NA NA NA NA NA NA NA NA NA
"42" "" 2013-01-19 21.03 "HOU" "@" "MIN" "L" -13 NA NA NA NA NA NA NA NA NA NA NA NA NA NA NA NA
"43" "" 2013-01-21 21.03 "HOU" "@" "CHA" "W" 6 NA NA NA NA NA NA NA NA NA NA NA NA NA NA NA NA
"44" "" 2013-01-23 21.04 "HOU" "" "DEN" "L" -10 NA NA NA NA NA NA NA NA NA NA NA NA NA NA NA NA
"45" "" 2013-01-25 21.04 "HOU" "@" "NOH" "W" 18 NA NA NA NA NA NA NA NA NA NA NA NA NA NA NA NA
"46" "" 2013-01-26 21.05 "HOU" "" "BRK" "W" 13 NA NA NA NA NA NA NA NA NA NA NA NA NA NA NA NA
"47" "" 2013-01-28 21.05 "HOU" "@" "UTA" "W" 45 NA NA NA NA NA NA NA NA NA NA NA NA NA NA NA NA
"48" "" 2013-01-30 21.06 "HOU" "@" "DEN" "L" -8 NA NA NA NA NA NA NA NA NA NA NA NA NA NA NA NA
"49" "" 2013-02-02 21.07 "HOU" "" "CHA" "W" 14 NA NA NA NA NA NA NA NA NA NA NA NA NA NA NA NA
"50" "" 2013-02-05 21.07 "HOU" "" "GSW" "W" 31 NA NA NA NA NA NA NA NA NA NA NA NA NA NA NA NA
"51" "" 2013-02-06 21.08 "HOU" "@" "MIA" "L" -6 NA NA NA NA NA NA NA NA NA NA NA NA NA NA NA NA
"52" "" 2013-02-08 21.08 "HOU" "" "POR" "W" 15 NA NA NA NA NA NA NA NA NA NA NA NA NA NA NA NA
"53" "" 2013-02-10 21.09 "HOU" "@" "SAC" "L" -6 NA NA NA NA NA NA NA NA NA NA NA NA NA NA NA NA
"54" "" 2013-02-12 21.09 "HOU" "@" "GSW" "W" 9 NA NA NA NA NA NA NA NA NA NA NA NA NA NA NA NA
"55" "" 2013-02-13 21.1 "HOU" "@" "LAC" "L" -10 NA NA NA NA NA NA NA NA NA NA NA NA NA NA NA NA
"56" "" 2013-02-20 21.12 "HOU" "" "OKC" "W" 3 NA NA NA NA NA NA NA NA NA NA NA NA NA NA NA NA
"57" "" 2013-02-22 21.12 "HOU" "@" "BRK" "W" 10 NA NA NA NA NA NA NA NA NA NA NA NA NA NA NA NA
"58" "" 2013-02-23 21.12 "HOU" "@" "WAS" "L" -2 NA NA NA NA NA NA NA NA NA NA NA NA NA NA NA NA
"59" "" 2013-02-27 21.13 "HOU" "" "MIL" "L" -3 NA NA NA NA NA NA NA NA NA NA NA NA NA NA NA NA
"60" "" 2013-03-01 21.14 "HOU" "@" "ORL" "W" 8 NA NA NA NA NA NA NA NA NA NA NA NA NA NA NA NA
"61" "" 2013-03-03 21.15 "HOU" "" "DAL" "W" 33 NA NA NA NA NA NA NA NA NA NA NA NA NA NA NA NA
"62" "" 2013-03-06 21.15 "HOU" "@" "DAL" "L" -4 NA NA NA NA NA NA NA NA NA NA NA NA NA NA NA NA
"63" "" 2013-03-08 21.16 "HOU" "@" "GSW" "W" 6 NA NA NA NA NA NA NA NA NA NA NA NA NA NA NA NA
"64" "" 2013-03-09 21.16 "HOU" "@" "PHO" "L" -2 NA NA NA NA NA NA NA NA NA NA NA NA NA NA NA NA
"65" "" 2013-03-13 21.17 "HOU" "" "PHO" "W" 30 NA NA NA NA NA NA NA NA NA NA NA NA NA NA NA NA
"66" "" 2013-03-15 21.18 "HOU" "" "MIN" "W" 8 NA NA NA NA NA NA NA NA NA NA NA NA NA NA NA NA
"67" "" 2013-03-17 21.18 "HOU" "" "GSW" "L" -30 NA NA NA NA NA NA NA NA NA NA NA NA NA NA NA NA
"68" "" 2013-03-20 21.19 "HOU" "" "UTA" "W" 7 NA NA NA NA NA NA NA NA NA NA NA NA NA NA NA NA
"69" "" 2013-03-22 21.2 "HOU" "" "CLE" "W" 38 NA NA NA NA NA NA NA NA NA NA NA NA NA NA NA NA
"70" "" 2013-03-24 21.2 "HOU" "" "SAS" "W" 1 NA NA NA NA NA NA NA NA NA NA NA NA NA NA NA NA
"71" "" 2013-03-27 21.21 "HOU" "" "IND" "L" -9 NA NA NA NA NA NA NA NA NA NA NA NA NA NA NA NA
"72" "" 2013-03-29 21.22 "HOU" "@" "MEM" "L" -9 NA NA NA NA NA NA NA NA NA NA NA NA NA NA NA NA
"73" "" 2013-03-30 21.22 "HOU" "" "LAC" "W" 17 NA NA NA NA NA NA NA NA NA NA NA NA NA NA NA NA
"74" "" 2013-04-01 21.22 "HOU" "" "ORL" "W" 8 NA NA NA NA NA NA NA NA NA NA NA NA NA NA NA NA
"75" "12" 2013-04-03 21.23 "HOU" "@" "SAC" "W" 10 0 29.0333333333333 0.589 0.545 33.9 13.8 22.8 5.2 3.4 0 7.8 18.6 135 101 15.6 3.3
"76" "13" 2013-04-05 21.24 "HOU" "@" "POR" "W" 18 0 13.8666666666667 0 0 0 7.2 3.9 0 0 0 50 13.4 0 110 -3.5 -20.5
"77" "14" 2013-04-06 21.24 "HOU" "@" "DEN" "L" -18 0 28.2166666666667 0.528 0.545 15.5 7.9 11.7 0 1.7 4.6 14 21.2 99 128 9.5 -4.6
"78" "15" 2013-04-09 21.25 "HOU" "" "PHO" "W" 3 0 23.2833333333333 0.619 0.625 9.2 20.6 14.6 15.4 2.1 0 10.1 18.1 125 102 10.2 4.6
"79" "16" 2013-04-12 21.25 "HOU" "" "MEM" "L" -4 0 28.4666666666667 0.5 0.5 17.9 24.6 21.3 18.8 1.9 5.1 22.2 14.3 99 87 9.1 6.4
"80" "17" 2013-04-14 21.26 "HOU" "" "SAC" "W" 21 0 20.2666666666667 0.461 0.375 0 12.9 7.8 6.3 6.9 15.8 9.3 23.1 91 79 10.9 5.7
"81" "18" 2013-04-15 21.26 "HOU" "@" "PHO" "L" -7 0 28.9833333333333 0.545 0.545 4 10.8 7.6 5 0 13.8 8.3 16.8 106 108 11 2
"82" "19" 2013-04-17 21.27 "HOU" "@" "LAL" "L" -4 0 13.0166666666667 1 1 8.3 15.1 11.9 30.3 4.2 0 0 7.6 207 96 6.7 16.5
"1" "" 2013-10-30 21.81 "HOU" "" "CHA" "W" 13 NA NA NA NA NA NA NA NA NA NA NA NA NA NA NA NA
"2" "1" 2013-11-01 21.81 "HOU" "" "DAL" "W" 8 0 3.96666666666667 0.543 0 0 22.4 12.9 0 0 0 0 28.4 130 104 2.2 0.1
"3" "2" 2013-11-02 21.81 "HOU" "@" "UTA" "W" 11 0 6.61666666666667 1.064 1 0 0 0 0 0 0 0 13.6 227 113 2.9 3.9
"4" "3" 2013-11-04 21.82 "HOU" "@" "LAC" "L" -19 0 4.11666666666667 0.347 0 0 0 0 0 0 0 0 29 89 140 0.6 -14.9
"5" "4" 2013-11-05 21.82 "HOU" "@" "POR" "W" 15 0 1.01666666666667 NA NA 0 0 0 0 0 0 NA 0 0 111 0 -0.8
"6" "" 2013-11-07 21.83 "HOU" "" "LAL" "L" -1 NA NA NA NA NA NA NA NA NA NA NA NA NA NA NA NA
"7" "" 2013-11-09 21.83 "HOU" "" "LAC" "L" -13 NA NA NA NA NA NA NA NA NA NA NA NA NA NA NA NA
"8" "5" 2013-11-11 21.84 "HOU" "" "TOR" "W" 6 0 32.1333333333333 0.444 0.429 12.3 19.1 16.4 0 0 8.1 20.2 14 85 90 5.9 -1.8
"9" "6" 2013-11-13 21.84 "HOU" "@" "PHI" "L" -6 1 36.7166666666667 0.417 0.417 9 22.2 15.9 3.9 0 5.6 7.7 14.9 93 111 7.9 -7
"10" "7" 2013-11-14 21.85 "HOU" "@" "NYK" "W" 3 1 33.7333333333333 0.51 0.4 7.7 20.3 14.4 10.1 1.6 0 0 8.3 140 116 7.3 -0.5
"11" "8" 2013-11-16 21.85 "HOU" "" "DEN" "W" 11 1 31.75 0.549 0.591 16.3 22.8 20.2 9.5 1.5 6 19 20.5 103 104 13.4 1.9
"12" "9" 2013-11-19 21.86 "HOU" "" "BOS" "W" 24 1 27.15 0.872 0.875 17.1 17.7 17.5 7.6 0 4.5 6.8 25.7 164 89 24.2 16.7
"13" "10" 2013-11-20 21.86 "HOU" "@" "DAL" "L" -3 1 32.6666666666667 0.67 0.654 4 5.1 4.5 9.7 0 0 13 22.3 118 139 11.7 -3.8
"14" "11" 2013-11-23 21.87 "HOU" "" "MIN" "W" 11 1 31.5 0.827 0.8 16.5 15 15.5 15.1 0 4.1 8.4 16.6 166 105 20.5 11.9
"15" "12" 2013-11-25 21.88 "HOU" "@" "MEM" "W" 7 1 25.5 0.435 0.4 11.8 12.3 12.1 14.2 0 5.5 7.3 26 104 100 8.1 0.9
"16" "13" 2013-11-27 21.88 "HOU" "" "ATL" "W" 29 1 23.85 0.7 0.7 5.9 25.2 16.3 6.5 0 3.8 9.1 22.1 129 92 10.4 2.9
"17" "14" 2013-11-29 21.89 "HOU" "" "BRK" "W" 19 1 25.8833333333333 0.564 0.5 5.2 22.7 15.3 5.9 2 8.3 23.5 24 92 96 9.1 -5.5
"18" "15" 2013-11-30 21.89 "HOU" "@" "SAS" "W" 6 1 30.8333333333333 0.479 0.45 15.2 40.6 28.6 4.6 1.5 0 16.1 16.2 101 103 10.3 -0.9
"19" "16" 2013-12-02 21.9 "HOU" "@" "UTA" "L" -6 1 17.8166666666667 0.184 0.2 6.4 21.8 13.6 0 0 0 0 14.7 56 127 -0.3 -15.9
"20" "17" 2013-12-04 21.9 "HOU" "" "PHO" "L" -9 1 23.6333333333333 0.444 0.444 11.5 19.8 15.1 8.9 0 3.7 18.2 18.9 91 103 5.2 -0.5
"21" "18" 2013-12-06 21.91 "HOU" "" "GSW" "W" 22 1 31.0666666666667 0.621 0.625 9.9 22.5 16.3 5.9 4.6 7.7 0 17.3 139 74 19.2 14.1
"22" "19" 2013-12-08 21.91 "HOU" "" "ORL" "W" 10 1 34.85 0.498 0.538 6.4 25.3 17.4 0 2.9 10.8 5.9 20.9 100 79 15.3 7
"23" "20" 2013-12-12 21.92 "HOU" "@" "POR" "L" -7 1 29.05 0.5 0.5 0 6.9 3.3 10.4 1.7 2.7 9.1 16.1 101 118 5.7 -2.8
"24" "21" 2013-12-13 21.93 "HOU" "@" "GSW" "W" 4 1 34.9833333333333 0.359 0.25 0 24.9 12.5 0 2.8 0 0 12.2 77 107 5.4 -4.5
"25" "22" 2013-12-15 21.93 "HOU" "@" "SAC" "L" -15 1 14.8 0.258 0.333 0 42.7 19.1 0 0 0 20.5 14.6 41 108 -0.4 -10.4
"26" "23" 2013-12-18 21.94 "HOU" "" "CHI" "W" 15 1 26.75 0.296 0.25 5.4 19.4 12.8 26.6 1.9 2.7 0 14.8 107 99 7.2 4.3
"27" "24" 2013-12-20 21.95 "HOU" "@" "IND" "L" -33 1 24.9166666666667 0.536 0.563 7.3 17.5 11.2 0 0 0 17.7 20.1 94 126 4.7 -5.4
"28" "25" 2013-12-21 21.95 "HOU" "@" "DET" "W" 17 1 24.2666666666667 0.8 0.8 0 7.8 4.8 15.6 0 0 16.7 11.5 131 106 7 3.7
"29" "26" 2013-12-23 21.95 "HOU" "" "DAL" "L" -7 1 30.3833333333333 0.625 0.625 4.9 12.8 9.2 5.2 0 0 0 12.7 134 128 7.9 -1.7
"30" "27" 2013-12-25 21.96 "HOU" "@" "SAS" "W" 13 1 42.2333333333333 0.483 0.45 13.2 19.3 16.6 3.3 1.2 4.8 0 23.8 115 100 19.8 1.5
"31" "28" 2013-12-26 21.96 "HOU" "" "MEM" "W" 8 1 31.1666666666667 0.653 0.714 8.6 8.6 8.6 19.7 0 4.1 0 24.2 133 108 18.1 11.7
"32" "29" 2013-12-28 21.97 "HOU" "" "NOP" "W" 9 1 34.2833333333333 0.799 0.75 3.3 20.9 12.6 9.5 0 5.9 0 14.2 172 104 19.7 12.2
"33" "30" 2013-12-29 21.97 "HOU" "@" "OKC" "L" -31 1 21.9 0.2 0.2 7.8 49.5 22.7 0 0 3.7 0 10.2 64 121 2.7 -6.5
"34" "31" 2013-12-31 21.98 "HOU" "" "SAC" "L" -4 1 35.8166666666667 0.6 0.6 6.1 31.7 18 4.3 2.8 8.5 16.7 14.4 110 105 14.2 4.6
"35" "32" 2014-01-03 21.98 "HOU" "" "NYK" "W" 2 1 29.95 0.429 0.429 13 18.9 16.4 16.5 0 0 22.2 14.2 99 113 5.5 -2.5
"36" "33" 2014-01-08 22 "HOU" "" "LAL" "W" 14 1 30.8666666666667 0.504 0.5 19 21.8 20.4 0 0 0 0 19.8 124 102 13.5 -1.2
"37" "34" 2014-01-10 22 "HOU" "@" "ATL" "L" -3 1 26.5666666666667 0.3 0.3 14.6 19.2 17.2 15.3 2.1 0 0 18.9 89 93 6.2 2
"38" "35" 2014-01-11 22.01 "HOU" "@" "WAS" "W" 7 1 30.4 0.586 0.5 12.1 43.3 29.8 5.9 0 6.2 15.6 27.4 109 95 16.9 2.4
"39" "36" 2014-01-13 22.01 "HOU" "@" "BOS" "W" 12 1 36.65 0.505 0.545 14.6 18 16.4 0 2.7 4.7 7.8 16.1 107 89 13.8 1.2
"40" "37" 2014-01-15 22.02 "HOU" "@" "NOP" "W" 3 1 41.4 0.584 0.588 5.8 16.6 11.3 4.6 1.3 12.2 0 24.1 124 105 22.6 6.4
"41" "38" 2014-01-16 22.02 "HOU" "" "OKC" "L" -12 1 40.5333333333333 0.546 0.5 7.6 28.2 17.3 13.7 2.5 2.1 17 19.3 104 101 15.7 5
"42" "39" 2014-01-18 22.02 "HOU" "" "MIL" "W" 10 1 38.2666666666667 0.738 0.725 17.9 14.3 16 5.4 1.3 4.4 0 27.3 160 108 34.8 14.5
"43" "" 2014-01-20 22.03 "HOU" "" "POR" "W" 13 NA NA NA NA NA NA NA NA NA NA NA NA NA NA NA NA
"44" "" 2014-01-22 22.04 "HOU" "" "SAC" "W" 21 NA NA NA NA NA NA NA NA NA NA NA NA NA NA NA NA
"45" "40" 2014-01-24 22.04 "HOU" "" "MEM" "L" -1 1 27.55 0.45 0.45 0 14.9 7.2 13.9 2 0 16.7 21.3 80 102 4.1 -2.3
"46" "41" 2014-01-25 22.04 "HOU" "@" "MEM" "L" -18 1 29.4333333333333 0.481 0.429 3.5 18.5 10.9 19.5 0 2.4 10.7 14.7 104 111 7.1 2.1
"47" "42" 2014-01-28 22.05 "HOU" "" "SAS" "W" 7 1 38.2666666666667 0.677 0.75 8.4 15.4 12 0 1.4 2.1 6.1 18.7 131 100 18 8
"48" "43" 2014-01-29 22.05 "HOU" "@" "DAL" "W" 2 1 31.55 0.68 0.7 8 10.1 9.2 5 3.1 0 14.5 19.6 121 115 12 0.1
"49" "44" 2014-02-01 22.06 "HOU" "" "CLE" "W" 14 1 34.8833333333333 0.571 0.607 3.9 20.1 12.7 0 0 2.4 0 19 118 99 12.8 0.4
"50" "45" 2014-02-05 22.07 "HOU" "" "PHO" "W" 14 1 31.2333333333333 0.713 0.708 19.8 17.9 18.7 11.5 0 7.7 7 21.5 147 112 19.4 8.5
"51" "46" 2014-02-08 22.08 "HOU" "@" "MIL" "W" 6 1 22.8666666666667 0.25 0.25 5.4 18.3 12.3 5.3 0 0 0 8.1 78 103 1.8 -8.4
"52" "47" 2014-02-10 22.09 "HOU" "@" "MIN" "W" 18 1 29 0.636 0.636 0 0 0 6 3.5 0 15.4 20 105 101 8.6 0.5
"53" "48" 2014-02-12 22.09 "HOU" "" "WAS" "W" 1 1 30.5166666666667 0.269 0.286 8.7 18.9 14.6 0 0 4.8 21.2 13.7 61 114 0.9 -9.2
"54" "49" 2014-02-19 22.11 "HOU" "@" "LAL" "W" 26 1 20.5166666666667 0.517 0.563 9.7 17.5 13.3 0 0 0 8.6 21.1 107 111 6.3 -7.5
"55" "50" 2014-02-20 22.12 "HOU" "@" "GSW" "L" -3 1 18.1 0.19 0.143 15.7 16.6 16.1 0 0 0 11.3 21 57 106 -0.7 -15.3
"56" "51" 2014-02-23 22.12 "HOU" "@" "PHO" "W" 3 1 24.35 0.718 0.7 5.6 28.2 17.9 0 1.9 3.3 22.3 23.2 105 106 11.6 2.5
"57" "52" 2014-02-25 22.13 "HOU" "@" "SAC" "W" 26 1 20.0833333333333 1.011 1 7.5 4.8 5.8 8.2 0 3.3 15.5 14.1 168 107 9.7 6
"58" "53" 2014-02-26 22.13 "HOU" "@" "LAC" "L" -8 1 19.2 0.5 0.5 12.5 10.4 11.4 8.6 2.7 0 20 11.6 102 108 3.5 -1.2
"59" "54" 2014-03-01 22.14 "HOU" "" "DET" "W" 8 1 32.2 0.693 0.667 11.2 20.5 16.4 5.5 0 1.8 0 20.9 151 111 20.7 6.3
"60" "55" 2014-03-04 22.15 "HOU" "" "MIA" "W" 3 1 34.8333333333333 0.663 0.654 15.7 25.1 20.9 9.5 0 2.6 0 18.3 152 112 19.6 10.2
"61" "56" 2014-03-05 22.15 "HOU" "@" "ORL" "W" 12 1 38.1833333333333 0.781 0.85 9.7 22.9 16.7 4.2 1.3 3.6 26.9 16.5 110 90 16 6.4
"62" "57" 2014-03-07 22.16 "HOU" "" "IND" "W" 26 1 24.2 0.875 0.875 5.8 17 11.5 5.8 2.2 0 0 8 178 96 7.9 5.2
"63" "58" 2014-03-09 22.16 "HOU" "" "POR" "W" 5 1 19.6666666666667 0.5 0.5 0 18.9 10.4 7.6 0 0 33.3 6.6 79 110 1.1 -5.7
"64" "59" 2014-03-11 22.17 "HOU" "@" "OKC" "L" -8 1 20.5333333333333 0.538 0.571 4.8 10.4 7.5 0 2.4 9.2 11.8 18.4 93 102 5.8 0.8
"65" "60" 2014-03-13 22.17 "HOU" "@" "CHI" "L" -24 1 19.7333333333333 0.143 0.143 15.2 36.5 24.9 9.5 5.6 0 0 15.5 66 112 3.7 -3.1
"66" "61" 2014-03-16 22.18 "HOU" "@" "MIA" "L" -9 1 24.5833333333333 0.806 0.786 11.5 12.6 12 0 4.3 0 11.8 16.1 146 121 11.7 6.2
"67" "62" 2014-03-17 22.18 "HOU" "" "UTA" "W" 38 1 38.2 0.83 0.833 3.8 10.7 7.9 3.9 1.3 7.7 0 20.8 167 85 29.1 13.6
"68" "63" 2014-03-20 22.19 "HOU" "" "MIN" "W" 23 1 23.3333333333333 0.506 0.444 17.6 16.8 17.1 20.2 0 10.5 0 18.8 140 109 12.3 3.2
"69" "64" 2014-03-22 22.2 "HOU" "@" "CLE" "W" 7 1 29.0166666666667 0.866 0.9 8.1 12.7 10.3 10.5 0 4.4 0 12.5 182 115 15.2 4.5
"70" "65" 2014-03-24 22.2 "HOU" "@" "CHA" "W" 11 1 31.5833333333333 0.583 0.6 12.7 13.8 13.3 12 0 0 6.1 24.5 123 107 13.6 2.3
"71" "66" 2014-03-27 22.21 "HOU" "" "PHI" "W" 22 1 29.6 0.567 0.533 7.7 15 11.8 0 6.2 6 5.4 24.2 122 84 19.2 7.6
"72" "67" 2014-03-29 22.22 "HOU" "" "LAC" "L" -11 1 18.5333333333333 0.205 0.25 23 5.5 14.1 0 0 0 0 10.7 85 121 0.3 -9.4
"73" "" 2014-04-01 22.22 "HOU" "@" "BRK" "L" -9 NA NA NA NA NA NA NA NA NA NA NA NA NA NA NA NA
"74" "68" 2014-04-02 22.23 "HOU" "@" "TOR" "L" -4 1 9.8 0 0 11.4 24.5 17.7 0 0 0 20 21.3 15 109 -3.3 -25
"75" "69" 2014-04-04 22.23 "HOU" "" "OKC" "W" 4 1 33.1666666666667 0.621 0.583 6.6 28.3 17.7 12.7 3 5.4 7.2 19.1 125 102 17.9 7.9
"76" "70" 2014-04-06 22.24 "HOU" "" "DEN" "W" 5 1 23.7666666666667 0.415 0.375 4.1 17.8 10.7 0 3.9 8.8 5.6 30.5 87 101 9.8 -4.6
"77" "71" 2014-04-08 22.24 "HOU" "@" "LAL" "W" 15 1 32.5833333333333 0.767 0.75 7.4 14.4 11.3 8 1.3 2.3 0 25.7 163 117 29.6 7.3
"78" "72" 2014-04-09 22.25 "HOU" "@" "DEN" "L" -7 1 17.4 0.652 0.688 12 12.3 12.1 10.5 5.3 3.8 0 19.7 136 109 11.2 7.2
"79" "73" 2014-04-11 22.25 "HOU" "@" "MIN" "L" -2 1 29.2666666666667 0.455 0.455 17.4 8.9 12.9 5.9 0 4 15.4 17.9 98 112 7.6 -4.4
"80" "74" 2014-04-12 22.25 "HOU" "" "NOP" "W" 7 1 24.3166666666667 0.563 0.5 5.3 5.2 5.3 7.3 2.1 12 10.1 18.7 109 104 10.1 2.2
"81" "75" 2014-04-14 22.26 "HOU" "" "SAS" "W" 6 1 39.6166666666667 0.663 0.583 10.5 18 14.3 4.1 2.6 0 6.2 18.8 138 103 20.2 7.3
"82" "76" 2014-04-16 22.27 "HOU" "@" "NOP" "L" -5 1 26.4333333333333 0.623 0.636 20.6 14 17.5 32.6 0 0 6.8 25.2 137 122 16.7 7.6
"1" "1" 2014-10-28 22.8 "HOU" "@" "LAL" "W" 18 1 30.5166666666667 0.487 0.5 24.2 25 24.6 25.6 3.5 4.6 10.8 26.9 111 89 15.8 4.5
"2" "2" 2014-10-29 22.8 "HOU" "@" "UTA" "W" 11 1 26.2166666666667 0.9 0.9 6.3 9.2 8 5.6 0 5.8 16.7 10.9 153 109 7.5 4
"3" "3" 2014-11-01 22.81 "HOU" "" "BOS" "W" 14 1 30.3166666666667 0.722 0.688 15.8 17.9 17 0 0 4.3 10.4 27.7 131 94 20.2 7.9
"4" "4" 2014-11-03 22.82 "HOU" "@" "PHI" "W" 11 1 30.15 0.273 0.273 8.4 8 8.2 11.7 3.4 3.1 21.4 20.4 64 99 1.4 -12.5
"5" "" 2014-11-04 22.82 "HOU" "@" "MIA" "W" 17 NA NA NA NA NA NA NA NA NA NA NA NA NA NA NA NA
"6" "" 2014-11-06 22.82 "HOU" "" "SAS" "W" 17 NA NA NA NA NA NA NA NA NA NA NA NA NA NA NA NA
"7" "" 2014-11-08 22.83 "HOU" "" "GSW" "L" -11 NA NA NA NA NA NA NA NA NA NA NA NA NA NA NA NA
"8" "" 2014-11-12 22.84 "HOU" "@" "MIN" "W" 12 NA NA NA NA NA NA NA NA NA NA NA NA NA NA NA NA
"9" "" 2014-11-14 22.85 "HOU" "" "PHI" "W" 1 NA NA NA NA NA NA NA NA NA NA NA NA NA NA NA NA
"10" "" 2014-11-16 22.85 "HOU" "@" "OKC" "W" 4 NA NA NA NA NA NA NA NA NA NA NA NA NA NA NA NA
"11" "" 2014-11-17 22.85 "HOU" "@" "MEM" "L" -26 NA NA NA NA NA NA NA NA NA NA NA NA NA NA NA NA
"12" "" 2014-11-19 22.86 "HOU" "" "LAL" "L" -6 NA NA NA NA NA NA NA NA NA NA NA NA NA NA NA NA
"13" "" 2014-11-22 22.87 "HOU" "" "DAL" "W" 3 NA NA NA NA NA NA NA NA NA NA NA NA NA NA NA NA
"14" "" 2014-11-24 22.87 "HOU" "" "NYK" "W" 5 NA NA NA NA NA NA NA NA NA NA NA NA NA NA NA NA
"15" "" 2014-11-26 22.88 "HOU" "" "SAC" "W" 13 NA NA NA NA NA NA NA NA NA NA NA NA NA NA NA NA
"16" "" 2014-11-28 22.88 "HOU" "" "LAC" "L" -17 NA NA NA NA NA NA NA NA NA NA NA NA NA NA NA NA
"17" "" 2014-11-29 22.89 "HOU" "@" "MIL" "W" 14 NA NA NA NA NA NA NA NA NA NA NA NA NA NA NA NA
"18" "" 2014-12-03 22.9 "HOU" "" "MEM" "W" 9 NA NA NA NA NA NA NA NA NA NA NA NA NA NA NA NA
"19" "" 2014-12-05 22.9 "HOU" "@" "MIN" "W" 2 NA NA NA NA NA NA NA NA NA NA NA NA NA NA NA NA
"20" "" 2014-12-06 22.91 "HOU" "" "PHO" "W" 5 NA NA NA NA NA NA NA NA NA NA NA NA NA NA NA NA
"21" "" 2014-12-10 22.92 "HOU" "@" "GSW" "L" -12 NA NA NA NA NA NA NA NA NA NA NA NA NA NA NA NA
"22" "" 2014-12-11 22.92 "HOU" "@" "SAC" "W" 4 NA NA NA NA NA NA NA NA NA NA NA NA NA NA NA NA
"23" "" 2014-12-13 22.93 "HOU" "" "DEN" "W" 12 NA NA NA NA NA NA NA NA NA NA NA NA NA NA NA NA
"24" "" 2014-12-17 22.94 "HOU" "@" "DEN" "W" 4 NA NA NA NA NA NA NA NA NA NA NA NA NA NA NA NA
"25" "" 2014-12-18 22.94 "HOU" "" "NOP" "L" -9 NA NA NA NA NA NA NA NA NA NA NA NA NA NA NA NA
"26" "" 2014-12-20 22.95 "HOU" "" "ATL" "L" -7 NA NA NA NA NA NA NA NA NA NA NA NA NA NA NA NA
"27" "" 2014-12-22 22.95 "HOU" "" "POR" "W" 15 NA NA NA NA NA NA NA NA NA NA NA NA NA NA NA NA
"28" "" 2014-12-26 22.96 "HOU" "@" "MEM" "W" 6 NA NA NA NA NA NA NA NA NA NA NA NA NA NA NA NA
"29" "" 2014-12-28 22.97 "HOU" "@" "SAS" "L" -4 NA NA NA NA NA NA NA NA NA NA NA NA NA NA NA NA
"30" "" 2014-12-29 22.97 "HOU" "" "WAS" "L" -1 NA NA NA NA NA NA NA NA NA NA NA NA NA NA NA NA
"31" "" 2014-12-31 22.98 "HOU" "" "CHO" "W" 19 NA NA NA NA NA NA NA NA NA NA NA NA NA NA NA NA
"32" "" 2015-01-02 22.98 "HOU" "@" "NOP" "L" -28 NA NA NA NA NA NA NA NA NA NA NA NA NA NA NA NA
"33" "" 2015-01-03 22.98 "HOU" "" "MIA" "W" 36 NA NA NA NA NA NA NA NA NA NA NA NA NA NA NA NA
"34" "" 2015-01-05 22.99 "HOU" "@" "CHI" "L" -9 NA NA NA NA NA NA NA NA NA NA NA NA NA NA NA NA
"35" "" 2015-01-07 22.99 "HOU" "@" "CLE" "W" 12 NA NA NA NA NA NA NA NA NA NA NA NA NA NA NA NA
"36" "" 2015-01-08 23 "HOU" "@" "NYK" "W" 24 NA NA NA NA NA NA NA NA NA NA NA NA NA NA NA NA
"37" "" 2015-01-10 23 "HOU" "" "UTA" "W" 15 NA NA NA NA NA NA NA NA NA NA NA NA NA NA NA NA
"38" "" 2015-01-12 23.01 "HOU" "@" "BRK" "W" 14 NA NA NA NA NA NA NA NA NA NA NA NA NA NA NA NA
"39" "" 2015-01-14 23.01 "HOU" "@" "ORL" "L" -7 NA NA NA NA NA NA NA NA NA NA NA NA NA NA NA NA
"40" "" 2015-01-15 23.02 "HOU" "" "OKC" "W" 11 NA NA NA NA NA NA NA NA NA NA NA NA NA NA NA NA
"41" "" 2015-01-17 23.02 "HOU" "" "GSW" "L" -25 NA NA NA NA NA NA NA NA NA NA NA NA NA NA NA NA
"42" "" 2015-01-19 23.03 "HOU" "" "IND" "W" 12 NA NA NA NA NA NA NA NA NA NA NA NA NA NA NA NA
"43" "" 2015-01-21 23.03 "HOU" "@" "GSW" "L" -13 NA NA NA NA NA NA NA NA NA NA NA NA NA NA NA NA
"44" "" 2015-01-23 23.04 "HOU" "@" "PHO" "W" 2 NA NA NA NA NA NA NA NA NA NA NA NA NA NA NA NA
"45" "" 2015-01-25 23.04 "HOU" "@" "LAL" "W" 12 NA NA NA NA NA NA NA NA NA NA NA NA NA NA NA NA
"46" "5" 2015-01-28 23.05 "HOU" "" "DAL" "W" 5 0 20.95 0.563 0.563 0 30.1 13.5 8.5 0 8 0 18.4 118 96 8.4 4.3
"47" "6" 2015-01-30 23.06 "HOU" "@" "BOS" "W" 6 0 20.1166666666667 0.518 0.4 5.2 4.6 4.9 0 0 10.8 0 14.8 119 94 5.8 1.4
"48" "7" 2015-01-31 23.06 "HOU" "@" "DET" "L" -13 0 19.2166666666667 0.255 0.2 0 31.2 15 6.8 0 0 14.5 15.9 56 121 -0.5 -14.4
"49" "8" 2015-02-04 23.07 "HOU" "" "CHI" "W" 11 0 14.45 0.34 0.4 0 0 0 10.6 3.6 10.4 0 18.1 76 97 3.6 3
"50" "9" 2015-02-06 23.08 "HOU" "" "MIL" "W" 6 0 20.0666666666667 0.833 0.833 0 16.7 8.6 24.7 0 3.1 14.3 15.1 144 113 9.7 5.2
"51" "10" 2015-02-08 23.08 "HOU" "" "POR" "L" -11 0 14.4166666666667 0.255 0.2 0 23 8.4 0 0 0 0 18.1 60 124 -0.7 -16.1
"52" "" 2015-02-10 23.09 "HOU" "@" "PHO" "W" 9 NA NA NA NA NA NA NA NA NA NA NA NA NA NA NA NA
"53" "" 2015-02-11 23.09 "HOU" "@" "LAC" "L" -15 NA NA NA NA NA NA NA NA NA NA NA NA NA NA NA NA
"54" "11" 2015-02-20 23.12 "HOU" "@" "DAL" "L" -11 0 29.5666666666667 0.514 0.429 9.4 21.6 15.1 10.4 1.6 9.4 10.2 13.3 115 101 12.6 5.5
"55" "12" 2015-02-21 23.12 "HOU" "" "TOR" "W" 22 0 23.5666666666667 0.439 0.333 18.9 21.2 20.1 7.1 0 10.4 7.4 22.8 102 74 9.6 2
"56" "13" 2015-02-23 23.12 "HOU" "" "MIN" "W" 11 1 31.5833333333333 0.67 0.667 22.8 16.9 20 0 1.5 4.1 8.2 14.8 143 98 19 4.1
"57" "14" 2015-02-25 23.13 "HOU" "" "LAC" "W" 5 1 32.3333333333333 0.489 0.462 12.1 12.9 12.5 5.5 0 12.6 6.5 20.6 108 105 12.9 -1
"58" "15" 2015-02-27 23.13 "HOU" "" "BRK" "W" 4 1 36.2833333333333 0.732 0.688 9.9 26.5 18.7 0 0 1.9 10.1 25 132 103 21.9 5.1
"59" "16" 2015-03-01 23.14 "HOU" "" "CLE" "W" 2 1 44.0166666666667 0.681 0.65 9.3 9.6 9.5 0 0 0 0 15.6 146 116 16.1 1.6
"60" "17" 2015-03-03 23.15 "HOU" "@" "ATL" "L" -8 1 36.8666666666667 0.66 0.727 8.1 15.5 11.6 9.1 0 6.9 6.8 18 125 106 16.8 3.4
"61" "18" 2015-03-04 23.15 "HOU" "" "MEM" "L" -2 1 36.45 0.727 0.714 12.3 18.8 15.2 9.1 1.5 3.9 6.5 20.3 146 113 21.9 8.7
"62" "19" 2015-03-06 23.15 "HOU" "" "DET" "W" 10 1 32.2166666666667 0.589 0.571 0 19.5 11.4 0 2.9 6.1 17.2 21.5 96 83 13.1 5.9
"63" "20" 2015-03-07 23.16 "HOU" "@" "DEN" "W" 14 1 27.3166666666667 0.272 0.25 16.3 25.1 21 0 1.7 2.8 7.2 20 72 92 4.2 -8.1
"64" "21" 2015-03-11 23.17 "HOU" "@" "POR" "L" -5 1 35.7833333333333 0.529 0.462 12 21.3 16.1 0 1.4 2.3 5.9 20.4 114 106 15 -1.1
"65" "22" 2015-03-12 23.17 "HOU" "@" "UTA" "L" -18 1 23.3333333333333 0.557 0.5 9.6 32.3 21.9 0 4.6 0 9.2 22.7 108 105 10.7 3.4
"66" "23" 2015-03-15 23.18 "HOU" "@" "LAC" "W" 2 1 32.8833333333333 0.538 0.536 13.8 25.5 18.8 0 0 0 0 19.1 120 99 12.6 2.7
"67" "24" 2015-03-17 23.18 "HOU" "" "ORL" "W" 13 0 30.4166666666667 0.436 0.5 0 10.1 5.4 4.6 1.7 2.4 22.5 13.5 69 104 2.3 -9
"68" "25" 2015-03-19 23.19 "HOU" "" "DEN" "W" 10 1 8.56666666666667 0.85 0.8 12.2 12.5 12.3 0 0 0 0 28.3 174 106 8.7 13.1
"69" "" 2015-03-21 23.19 "HOU" "" "PHO" "L" -15 NA NA NA NA NA NA NA NA NA NA NA NA NA NA NA NA
"70" "" 2015-03-23 23.2 "HOU" "@" "IND" "W" 10 NA NA NA NA NA NA NA NA NA NA NA NA NA NA NA NA
"71" "" 2015-03-25 23.21 "HOU" "@" "NOP" "W" 2 NA NA NA NA NA NA NA NA NA NA NA NA NA NA NA NA
"72" "" 2015-03-27 23.21 "HOU" "" "MIN" "W" 10 NA NA NA NA NA NA NA NA NA NA NA NA NA NA NA NA
"73" "" 2015-03-29 23.22 "HOU" "@" "WAS" "W" 8 NA NA NA NA NA NA NA NA NA NA NA NA NA NA NA NA
"74" "" 2015-03-30 23.22 "HOU" "@" "TOR" "L" -3 NA NA NA NA NA NA NA NA NA NA NA NA NA NA NA NA
"75" "26" 2015-04-01 23.22 "HOU" "" "SAC" "W" 4 1 31.9666666666667 0.633 0.7 8.8 12.5 10.6 14.1 1.5 12.8 13.7 18.8 121 106 18.3 7.4
"76" "27" 2015-04-02 23.23 "HOU" "@" "DAL" "W" 7 1 22.2166666666667 0.509 0.5 4.4 18.4 11.3 15.7 2.2 0 30.4 19 82 103 3.3 -5.1
"77" "28" 2015-04-05 23.24 "HOU" "@" "OKC" "W" 3 1 24.3833333333333 0.444 0.4 4.3 8.4 6.4 11.6 0 9.5 0 11.8 114 117 6.5 -0.1
"78" "29" 2015-04-08 23.24 "HOU" "@" "SAS" "L" -12 1 16.75 0.333 0.333 0 0 0 0 0 0 25 11 49 126 -0.7 -13.4
"79" "30" 2015-04-10 23.25 "HOU" "" "SAS" "L" -1 1 29.95 0.651 0.611 13.4 11.2 12.2 7 0 2.4 21.8 20.2 110 112 9.1 -0.5
"80" "31" 2015-04-12 23.25 "HOU" "" "NOP" "W" 7 1 25.1833333333333 0.6 0.6 16.3 4.3 9.7 11.5 2 0 0 9.1 155 123 7.3 1.5
"81" "32" 2015-04-13 23.26 "HOU" "@" "CHO" "W" 10 1 31.0166666666667 0.455 0.455 10.1 26.9 18.5 11.4 0 12.1 8.3 17.4 101 90 10.8 0.5
"82" "33" 2015-04-15 23.26 "HOU" "" "UTA" "W" 26 1 20.4 0.966 1.083 0 8 5.1 26.3 0 9.5 11.4 18.9 166 89 15.4 15.9
"1" "1" 2015-10-28 23.8 "HOU" "" "DEN" "L" -20 1 28.5333333333333 0.493 0.462 12.2 8.9 10.9 0 1.7 3.2 11.6 25.3 96 111 9 -4.4
"2" "2" 2015-10-30 23.81 "HOU" "" "GSW" "L" -20 1 18.15 0.286 0.286 5.5 16.5 11 10.7 0 3.9 0 16.3 75 114 2.9 -3.8
"3" "" 2015-11-01 23.81 "HOU" "@" "MIA" "L" -20 NA NA NA NA NA NA NA NA NA NA NA NA NA NA NA NA
"4" "" 2015-11-02 23.81 "HOU" "" "OKC" "W" 5 NA NA NA NA NA NA NA NA NA NA NA NA NA NA NA NA
"5" "" 2015-11-04 23.82 "HOU" "" "ORL" "W" 5 NA NA NA NA NA NA NA NA NA NA NA NA NA NA NA NA
"6" "" 2015-11-06 23.82 "HOU" "@" "SAC" "W" 6 NA NA NA NA NA NA NA NA NA NA NA NA NA NA NA NA
"7" "" 2015-11-07 23.83 "HOU" "@" "LAC" "W" 4 NA NA NA NA NA NA NA NA NA NA NA NA NA NA NA NA
"8" "3" 2015-11-11 23.84 "HOU" "" "BRK" "L" -8 0 15.8333333333333 0 0 5.7 17.5 11.5 14.4 0 0 0 10.7 42 116 -0.7 -15
"9" "4" 2015-11-13 23.84 "HOU" "@" "DEN" "L" -9 0 20.85 0.893 0.875 21.9 15.7 18.7 0 0 15.1 13.4 31 146 103 22.3 23.9
"10" "5" 2015-11-14 23.85 "HOU" "" "DAL" "L" -12 1 41.65 0.686 0.7 0 17.7 7.9 5.6 1.2 5.7 10.7 19.6 116 112 17.7 2.5
"11" "6" 2015-11-16 23.85 "HOU" "" "BOS" "L" -16 1 27.95 0.476 0.5 11 17.9 14.5 28.6 1.7 0 6 24.6 108 110 12.4 2.8
"12" "7" 2015-11-18 23.86 "HOU" "" "POR" "W" 5 1 30.2 0.592 0.5 0 7.3 3.5 12.3 0 3 12.9 10.9 115 103 5.4 -1.4
"13" "8" 2015-11-20 23.86 "HOU" "@" "MEM" "L" -12 1 28.75 0.363 0.375 3.5 10.4 7 7.8 1.7 0 6.8 21.8 74 104 3.5 -5
"14" "9" 2015-11-21 23.87 "HOU" "" "NYK" "L" -5 1 36.85 0.501 0.393 18.6 8.7 13.5 0 1.5 0 5.3 23.4 123 129 12.9 -4.5
"15" "10" 2015-11-25 23.88 "HOU" "" "MEM" "L" -9 1 19.4166666666667 0.3 0.3 0 24.7 12.7 9 0 3.9 37.5 19.4 42 110 -0.5 -11.6
"16" "11" 2015-11-27 23.88 "HOU" "" "PHI" "W" 2 0 24.0833333333333 0.5 0.5 5.7 29.7 19.4 5.9 0 4.2 16.7 10.7 102 114 4.3 -4
"17" "12" 2015-11-29 23.89 "HOU" "@" "NYK" "W" 5 0 24.9833333333333 0.41 0.313 11.6 7.9 10.3 5.5 0 3.5 0 17.4 113 117 5.8 -5.1
"18" "13" 2015-11-30 23.89 "HOU" "@" "DET" "L" -11 0 15.1 0.255 0.2 6.6 14.8 10.5 0 0 0 0 16.1 72 127 0.8 -12.4
"19" "14" 2015-12-02 23.9 "HOU" "" "NOP" "W" 7 0 24.7 0.545 0.542 4 11.9 7.9 8 1.9 6.2 0 23.4 114 97 12.9 7.4
"20" "15" 2015-12-04 23.9 "HOU" "@" "DAL" "W" 4 1 32.3 0.638 0.583 9.7 21.7 15.4 5.2 0 0 27.3 24.8 100 108 9.4 -6.4
"21" "16" 2015-12-05 23.9 "HOU" "" "SAC" "W" 7 0 25.6666666666667 0.775 0.722 11.9 8.7 10.4 7.5 0 2.6 16.2 20.2 136 119 13.4 2.1
"22" "17" 2015-12-08 23.91 "HOU" "@" "BRK" "L" -5 0 16.1833333333333 0.5 0.5 7.4 15.6 11.4 17.9 3 0 0 13.2 128 112 5.2 -0.3
"23" "18" 2015-12-09 23.92 "HOU" "@" "WAS" "W" 6 0 20.0333333333333 0.41 0.25 0 15.3 8.1 0 0 3.7 17 12.5 71 100 1.8 -6.4
"24" "19" 2015-12-12 23.92 "HOU" "" "LAL" "W" 29 0 23.4333333333333 0.346 0.346 14 25.6 20 5.3 0 11 7.1 24.2 89 94 6.8 -9
"25" "20" 2015-12-14 23.93 "HOU" "@" "DEN" "L" -6 1 12.5833333333333 0 0 9.1 10.6 9.8 9.3 4 0 0 11.1 49 120 0.2 -11.9
"26" "21" 2015-12-15 23.93 "HOU" "@" "SAC" "L" -10 0 12.6666666666667 0.568 NA 8.4 29.9 18.3 0 0 0 53.2 6.3 78 107 0 -11.3
"27" "22" 2015-12-17 23.94 "HOU" "@" "LAL" "W" 20 0 20.5833333333333 0.83 0.786 0 21.2 9.3 20.9 0 3.9 9.4 20.8 158 97 15 15.8
"28" "23" 2015-12-19 23.94 "HOU" "" "LAC" "W" 10 0 21.2166666666667 0.5 0.5 0 27.7 14.6 0 0 0 11.1 18.1 89 101 4 -2.2
"29" "24" 2015-12-21 23.95 "HOU" "" "CHO" "W" 7 0 24.0833333333333 0.644 0.636 11.4 16.3 14.2 0 0 9.5 0 24.4 135 97 14.5 9.7
"30" "25" 2015-12-23 23.95 "HOU" "@" "ORL" "L" -3 0 11.75 0.621 0.583 20.4 10.8 15.7 0 0 0 0 25.9 138 121 6.7 5.6
"31" "26" 2015-12-25 23.96 "HOU" "" "SAS" "W" 4 0 22.1 0.589 0.545 0 27.1 14.6 0 2.4 0 0 25.2 116 86 11.5 8.8
"32" "27" 2015-12-26 23.96 "HOU" "@" "NOP" "L" -2 0 21.6666666666667 0.444 0.375 10.5 20.1 14.8 7.6 4.9 0 6.4 33.7 99 114 8.6 -4.8
"33" "" 2015-12-29 23.97 "HOU" "" "ATL" "L" -6 NA NA NA NA NA NA NA NA NA NA NA NA NA NA NA NA
"34" "28" 2015-12-31 23.98 "HOU" "" "GSW" "L" -4 0 14.5666666666667 0.167 0.167 9.4 8 8.7 0 3.3 5.4 0 18.7 48 111 -0.3 -15
"35" "29" 2016-01-02 23.98 "HOU" "@" "SAS" "L" -18 0 26.5333333333333 0.508 0.429 0 9.8 4.8 17.2 0 0 27.6 19 84 134 2.4 -9.5
"36" "30" 2016-01-04 23.99 "HOU" "@" "UTA" "W" 2 0 15.2666666666667 0.532 0 0 7.3 4 0 3.7 0 34.7 9.7 74 107 1.6 -4.1
"37" "31" 2016-01-07 23.99 "HOU" "" "UTA" "W" 9 1 32.1166666666667 0.643 0.6 4.2 26.2 15.7 10 0 0 0 15.9 147 106 13.6 4.3
"38" "32" 2016-01-10 24 "HOU" "" "IND" "W" 4 0 18.6 0.333 0.333 6.5 13 9.7 8.6 2.7 4.8 14.3 16.5 73 92 2.9 -2.7
"39" "33" 2016-01-12 24.01 "HOU" "@" "MEM" "W" 16 0 29.8666666666667 0.791 0.75 13.4 4.3 8.8 20.6 5.9 3 13.7 22.9 158 107 20.4 17.1
"40" "34" 2016-01-13 24.01 "HOU" "" "MIN" "W" 3 0 34.0833333333333 0.673 0.682 3.8 25 15.5 5.2 1.5 0 14.4 18.1 116 106 12.3 0.3
"41" "35" 2016-01-15 24.02 "HOU" "" "CLE" "L" -14 0 22.4333333333333 0.218 0.167 10.2 9.1 9.6 17.9 0 4.1 22.5 18.1 55 107 -0.3 -9
"42" "36" 2016-01-17 24.02 "HOU" "@" "LAL" "W" 17 0 21.6833333333333 0.143 0.143 0 10.3 5.1 5.3 2.2 0 22.2 17.4 31 96 -4.2 -18.2
"43" "37" 2016-01-18 24.02 "HOU" "@" "LAC" "L" -8 0 19.65 0.382 0.4 16.9 30 23.2 8.1 0 10 18.7 34.7 77 126 4.5 -13.9
"44" "38" 2016-01-20 24.03 "HOU" "" "DET" "L" -9 0 25.4 0.953 1 0 7.4 3.8 0 0 7.6 17.5 18.6 138 122 13.3 7.9
"45" "39" 2016-01-22 24.04 "HOU" "" "MIL" "W" 4 0 31.95 0.5 0.5 6.1 22 13.4 5.5 0 8.5 6.7 20.1 103 104 11.5 -2.3
"46" "40" 2016-01-24 24.04 "HOU" "" "DAL" "W" 11 0 10.1 0.568 NA 0 0 0 11.1 0 0 0 4 152 123 0.5 -8.2
"47" "41" 2016-01-25 24.04 "HOU" "@" "NOP" "W" 1 0 14.3 0 0 0 7.1 3.8 0 3.6 10.8 0 3.3 0 111 2 -1.1
"48" "42" 2016-01-27 24.05 "HOU" "@" "SAS" "L" -31 0 16.7833333333333 0.435 0.3 5.8 14.3 9.6 0 2.9 0 0 32.6 101 132 7.1 -3.8
"49" "43" 2016-01-29 24.05 "HOU" "@" "OKC" "L" -8 0 13.6 0.515 0.333 0 17.6 7.3 0 0 0 20.5 13.9 84 117 1.9 -8.8
"50" "44" 2016-01-30 24.06 "HOU" "" "WAS" "L" -1 0 5.73333333333333 0.25 0.25 0 0 0 0 0 0 0 30.3 53 130 -0.4 -23.6
"51" "45" 2016-02-02 24.07 "HOU" "" "MIA" "W" 13 0 29.4 0.511 0.444 0 26 13.4 4.4 1.7 0 0 17.2 104 102 8.1 -6.4
"52" "" 2016-02-04 24.07 "HOU" "@" "PHO" "W" 6 NA NA NA NA NA NA NA NA NA NA NA NA NA NA NA NA
"53" "" 2016-02-06 24.08 "HOU" "" "POR" "L" -17 NA NA NA NA NA NA NA NA NA NA NA NA NA NA NA NA
"54" "" 2016-02-09 24.08 "HOU" "@" "GSW" "L" -13 NA NA NA NA NA NA NA NA NA NA NA NA NA NA NA NA
"55" "" 2016-02-10 24.09 "HOU" "@" "POR" "L" -13 NA NA NA NA NA NA NA NA NA NA NA NA NA NA NA NA
"56" "" 2016-02-19 24.11 "HOU" "@" "PHO" "W" 16 NA NA NA NA NA NA NA NA NA NA NA NA NA NA NA NA
"57" "46" 2016-02-23 24.12 "HOU" "@" "UTA" "L" -3 0 11.5166666666667 0.521 0.5 0 14.4 6.1 0 4.5 0 0 11.1 111 113 2.5 -1.9
"58" "47" 2016-02-25 24.13 "HOU" "@" "POR" "W" 14 0 8.86666666666667 0.387 0.333 13.2 0 6.3 0 0 12 20.5 23.3 77 111 0.9 -13.1
"59" "48" 2016-02-27 24.13 "HOU" "" "SAS" "L" -10 0 2.55 1 1 0 0 0 0 0 0 0 17.5 200 117 1.7 14.9
"60" "49" 2016-02-29 24.14 "HOU" "@" "MIL" "L" -7 0 12.4333333333333 0.5 0.5 8 22.1 14 0 0 5.8 0 13 117 127 4 -4.1
"61" "" 2016-03-02 24.15 "HOU" "" "NOP" "W" 5 NA NA NA NA NA NA NA NA NA NA NA NA NA NA NA NA
"62" "" 2016-03-05 24.15 "HOU" "@" "CHI" "L" -8 NA NA NA NA NA NA NA NA NA NA NA NA NA NA NA NA
"63" "" 2016-03-06 24.16 "HOU" "@" "TOR" "W" 6 NA NA NA NA NA NA NA NA NA NA NA NA NA NA NA NA
"64" "" 2016-03-09 24.16 "HOU" "@" "PHI" "W" 14 NA NA NA NA NA NA NA NA NA NA NA NA NA NA NA NA
"65" "" 2016-03-11 24.17 "HOU" "@" "BOS" "W" 4 NA NA NA NA NA NA NA NA NA NA NA NA NA NA NA NA
"66" "" 2016-03-12 24.17 "HOU" "@" "CHO" "L" -16 NA NA NA NA NA NA NA NA NA NA NA NA NA NA NA NA
"67" "" 2016-03-14 24.18 "HOU" "" "MEM" "W" 49 NA NA NA NA NA NA NA NA NA NA NA NA NA NA NA NA
"68" "" 2016-03-16 24.18 "HOU" "" "LAC" "L" -16 NA NA NA NA NA NA NA NA NA NA NA NA NA NA NA NA
"69" "" 2016-03-18 24.19 "HOU" "" "MIN" "W" 5 NA NA NA NA NA NA NA NA NA NA NA NA NA NA NA NA
"70" "" 2016-03-19 24.19 "HOU" "@" "ATL" "L" -12 NA NA NA NA NA NA NA NA NA NA NA NA NA NA NA NA
"71" "" 2016-03-22 24.2 "HOU" "@" "OKC" "L" -4 NA NA NA NA NA NA NA NA NA NA NA NA NA NA NA NA
"72" "" 2016-03-23 24.2 "HOU" "" "UTA" "L" -2 NA NA NA NA NA NA NA NA NA NA NA NA NA NA NA NA
"73" "" 2016-03-25 24.21 "HOU" "" "TOR" "W" 3 NA NA NA NA NA NA NA NA NA NA NA NA NA NA NA NA
"74" "" 2016-03-27 24.21 "HOU" "@" "IND" "L" -3 NA NA NA NA NA NA NA NA NA NA NA NA NA NA NA NA
"75" "" 2016-03-29 24.22 "HOU" "@" "CLE" "W" 6 NA NA NA NA NA NA NA NA NA NA NA NA NA NA NA NA
"76" "" 2016-03-31 24.22 "HOU" "" "CHI" "L" -3 NA NA NA NA NA NA NA NA NA NA NA NA NA NA NA NA
"77" "" 2016-04-03 24.23 "HOU" "" "OKC" "W" 8 NA NA NA NA NA NA NA NA NA NA NA NA NA NA NA NA
"78" "" 2016-04-06 24.24 "HOU" "@" "DAL" "L" -2 NA NA NA NA NA NA NA NA NA NA NA NA NA NA NA NA
"79" "" 2016-04-07 24.24 "HOU" "" "PHO" "L" -9 NA NA NA NA NA NA NA NA NA NA NA NA NA NA NA NA
"80" "" 2016-04-10 24.25 "HOU" "" "LAL" "W" 20 NA NA NA NA NA NA NA NA NA NA NA NA NA NA NA NA
"81" "50" 2016-04-11 24.25 "HOU" "@" "MIN" "W" 24 0 5.48333333333333 0.5 0.5 23 19.5 21.1 0 0 0 33.3 22.9 83 107 -0.2 -22.7
"82" "" 2016-04-13 24.26 "HOU" "" "SAC" "W" 35 NA NA NA NA NA NA NA NA NA NA NA NA NA NA NA NA
"1" "1" 2016-10-26 24.8 "NOP" "" "DEN" "L" -5 0 17.7333333333333 0.436 0.333 5.2 13.9 8.9 8.3 7.6 0 0 16.3 98 92 7.6 2.9
"2" "2" 2016-10-28 24.8 "NOP" "" "GSW" "L" -8 0 12.6333333333333 0.595 0.6 7.3 8.3 7.8 21.3 0 0 0 18.1 134 120 6.3 5.2
"3" "3" 2016-10-29 24.81 "NOP" "@" "SAS" "L" -19 0 14.05 0.286 0.286 0 31.1 14.4 0 3.6 0 12.5 26.9 50 99 1.1 -8
"4" "" 2016-11-01 24.81 "NOP" "" "MIL" "L" -4 NA NA NA NA NA NA NA NA NA NA NA NA NA NA NA NA
"5" "4" 2016-11-02 24.82 "NOP" "@" "MEM" "L" -6 0 28.3166666666667 0.438 0.438 8.5 29.4 19.7 15.4 0 5.6 33.3 20.6 69 84 4.8 -1.7
"6" "5" 2016-11-04 24.82 "NOP" "" "PHO" "L" -1 1 28.0166666666667 0.603 0.679 7.1 19.3 13 43.7 3.6 11 6 27.7 120 94 22.1 18.7
"7" "6" 2016-11-07 24.83 "NOP" "@" "GSW" "L" -10 0 14.8833333333333 0.4 0.4 0 7.7 4 0 3.3 0 37.5 23.3 47 117 -1.2 -16.6
"8" "7" 2016-11-08 24.83 "NOP" "@" "SAC" "L" -8 0 25.9333333333333 0.509 0.5 4.5 19.5 11.7 5.7 6 6.6 12.7 14.3 96 96 8.4 2.5
"9" "8" 2016-11-10 24.84 "NOP" "@" "MIL" "W" 6 1 33.5 0.579 0.333 9 12.2 10.6 0 0 2 0 11.2 141 113 9.8 -3.6
"10" "9" 2016-11-12 24.84 "NOP" "" "LAL" "L" -27 0 21.4166666666667 0.361 0.286 4.6 16.8 10.1 6.5 0 0 10.7 19.3 79 136 2.4 -13
"11" "10" 2016-11-14 24.85 "NOP" "" "BOS" "W" 1 0 29.5166666666667 0.563 0.583 11.9 23.2 18.1 6.9 1.6 6 0 19.5 124 101 15.1 5.4
"12" "11" 2016-11-16 24.85 "NOP" "@" "ORL" "L" -7 1 37.5166666666667 0.563 0.5 0 22.1 11.7 13.8 0 2.1 4.2 28.7 112 95 18.2 5.9
"13" "12" 2016-11-18 24.86 "NOP" "" "POR" "W" 12 0 30.9833333333333 0.689 0.7 0 22.1 12.8 8.7 3.2 11.5 15.5 20.2 107 94 16.3 7
"14" "13" 2016-11-19 24.86 "NOP" "" "CHO" "W" 5 0 20.4666666666667 0.359 0.25 0 20.3 9.9 6.8 2.3 4.8 9.3 23.2 73 101 3.2 -9.2
"15" "14" 2016-11-22 24.87 "NOP" "@" "ATL" "W" 18 0 28.0166666666667 0.576 0.538 0 25.1 12.8 5.2 1.8 3.1 0 25.2 115 98 13.7 -1.5
"16" "15" 2016-11-23 24.87 "NOP" "" "MIN" "W" 21 0 23.6166666666667 0.723 0.7 5.5 24.9 16.5 6.6 1.9 2.9 7.8 23.6 133 88 15.9 7.3
"17" "16" 2016-11-25 24.88 "NOP" "@" "POR" "L" -15 0 30.4666666666667 0.506 0.5 0 10.7 5.5 10.6 0 0 8.4 18.2 94 123 6.5 -4.1
"18" "17" 2016-11-27 24.88 "NOP" "@" "DAL" "L" -10 0 12.9 0 0 0 17.3 8.5 0 8.7 0 0 19 0 91 -1.7 -15.5
"19" "18" 2016-11-29 24.89 "NOP" "" "LAL" "W" 17 0 25.5333333333333 0.381 0.286 3.7 26.3 14.9 0 0 0 11.3 15.6 79 95 2.9 -10.9
"20" "19" 2016-12-02 24.9 "NOP" "" "LAC" "L" -18 0 29.2333333333333 0.535 0.5 7.3 23.5 15.1 5.3 1.8 2.6 0 20.4 119 119 12.6 2
"21" "20" 2016-12-04 24.9 "NOP" "@" "OKC" "L" -9 0 25.05 0.654 0.667 3.2 23 12.2 0 0 3.1 22.5 14.5 100 98 6.4 -2
"22" "21" 2016-12-05 24.91 "NOP" "" "MEM" "L" -2 0 31.6833333333333 0.421 0.364 3.4 21 12.7 5.8 0 2.6 7.8 19.8 84 99 6.7 -5.7
"23" "22" 2016-12-08 24.92 "NOP" "" "PHI" "L" -11 0 18.6666666666667 0.521 0.5 0 16.4 8.3 0 0 0 14.8 16.4 90 109 2.7 -6.7
"24" "23" 2016-12-10 24.92 "NOP" "@" "LAC" "L" -28 1 25.7166666666667 0.836 0.889 4.8 21.3 12.6 0 0 0 21.8 23.3 115 137 11 -1.3
"25" "24" 2016-12-11 24.92 "NOP" "@" "PHO" "W" 1 0 25.0666666666667 0.304 0.278 7.4 17.3 12 18.8 0 3.8 9.2 18.6 83 115 4.5 -5.6
"26" "25" 2016-12-13 24.93 "NOP" "" "GSW" "L" -4 0 21.4333333333333 0.667 0.667 5.3 42 24.9 0 2.2 7.3 14.3 14.5 110 102 10.2 3.6
"27" "26" 2016-12-15 24.93 "NOP" "" "IND" "W" 7 0 25.5833333333333 0.465 0.444 7.5 33.1 20.4 6.6 1.9 5.7 8.5 19.5 97 87 10.7 3.3
"28" "27" 2016-12-16 24.94 "NOP" "@" "HOU" "L" -22 0 28.95 0.481 0.5 8.7 17.6 12.8 5.8 0 5 5.7 24.8 101 121 10.6 -1.7
"29" "28" 2016-12-18 24.94 "NOP" "@" "SAS" "L" -13 0 17.3666666666667 0.589 0.6 6.1 6.7 6.4 0 2.9 8.6 0 20.1 122 114 8.1 2.6
"30" "29" 2016-12-20 24.95 "NOP" "@" "PHI" "W" 15 0 29.9166666666667 0.459 0.4 12.1 20.9 16.2 15.8 0 0 9.7 28.5 102 97 11.6 -2
"31" "30" 2016-12-21 24.95 "NOP" "" "OKC" "L" -11 0 33.6 0.547 0.529 0 7.1 3.5 4.9 1.5 2.4 5 26.9 103 127 13.9 -1.2
"32" "" 2016-12-23 24.96 "NOP" "" "MIA" "W" 4 NA NA NA NA NA NA NA NA NA NA NA NA NA NA NA NA
"33" "31" 2016-12-26 24.96 "NOP" "" "DAL" "W" 7 0 12.4166666666667 0.525 0.333 0 29 15.9 0 0 9 17.4 23.9 90 113 3.5 -7.3
"34" "32" 2016-12-28 24.97 "NOP" "" "LAC" "W" 4 0 22.6333333333333 0.352 0.333 12.7 8 10.3 13.5 2.3 0 0 29.5 90 109 6.3 -6.8
"35" "33" 2016-12-30 24.98 "NOP" "" "NYK" "W" 12 0 18.0666666666667 0.388 0.333 0 21.3 11.6 8.1 0 7.6 13.4 18.7 71 86 3.9 -2
"36" "34" 2017-01-02 24.98 "NOP" "@" "CLE" "L" -8 0 18.2 0.51 0.4 0 16.5 7.8 19.7 2.7 0 14.5 17.2 96 93 5.6 2.3
"37" "35" 2017-01-05 24.99 "NOP" "" "ATL" "L" -5 0 29.95 0.482 0.5 11.1 22.9 16.5 6.6 1.6 7.2 19.4 21.7 88 95 11.3 1.4
"38" "36" 2017-01-07 25 "NOP" "@" "BOS" "L" -9 0 15.9 0.4 0.4 0 6.3 3.4 0 0 0 0 14.2 83 133 1.6 -11
"39" "37" 2017-01-09 25 "NOP" "@" "NYK" "W" 14 0 13.5833333333333 0.709 0.667 8.6 16.4 12.6 0 3.9 12.6 0 27.3 147 96 11.7 13.2
"40" "38" 2017-01-12 25.01 "NOP" "@" "BRK" "W" 9 1 37.9333333333333 0.573 0.618 4.9 26.4 15.2 5 1.2 0 8.7 24.8 107 91 17 1
"41" "39" 2017-01-14 25.01 "NOP" "@" "CHI" "L" -8 1 34.45 0.654 0.667 2.9 17.1 10.6 8.3 0 3.4 0 9.2 137 108 10.8 1.9
"42" "40" 2017-01-16 25.02 "NOP" "@" "IND" "L" -3 0 25.7833333333333 0.493 0.5 15.5 21.3 17.9 22.5 0 6 6.2 28.7 109 100 12.4 4.5
"43" "41" 2017-01-18 25.02 "NOP" "" "ORL" "W" 20 0 18.4666666666667 0.583 0.583 0 30.2 14.1 20.4 2.5 4.6 0 14.5 129 90 8.9 6.4
"44" "42" 2017-01-20 25.03 "NOP" "" "BRK" "L" -29 0 21.8666666666667 0.444 0.333 10.8 28.9 17.7 0 2.1 8.3 6.4 27.7 101 130 10 -6
"45" "43" 2017-01-23 25.04 "NOP" "" "CLE" "W" 2 1 35.75 0.804 0.806 9.8 23.4 17 5.3 2.7 7.2 4.3 29 154 115 35.3 14.2
"46" "44" 2017-01-25 25.04 "NOP" "" "OKC" "L" -9 1 26.9833333333333 0.344 0.353 6.8 7.3 7 5.9 1.7 2.8 0 26.7 78 110 5.7 -7.7
"47" "45" 2017-01-27 25.05 "NOP" "" "SAS" "W" 16 0 24.2 0.648 0.607 8.6 19.4 14.3 12.3 0 0 0 28.4 145 110 17.5 6.8
"48" "46" 2017-01-29 25.05 "NOP" "" "WAS" "L" -13 0 10.2833333333333 0.145 0 10.4 22.2 16.1 12.3 0 0 0 30.7 53 119 -0.2 -19
"49" "47" 2017-01-31 25.06 "NOP" "@" "TOR" "L" -2 0 33.9333333333333 0.416 0.429 5.8 6.6 6.2 20.4 4.7 2.5 0 19.9 106 106 11.9 2.7
"50" "48" 2017-02-01 25.06 "NOP" "@" "DET" "L" -20 1 27.0666666666667 0.583 0.556 0 14.4 6.9 0 0 0 9.6 18.1 99 124 5.8 -7.2
"51" "49" 2017-02-04 25.07 "NOP" "@" "WAS" "L" -14 1 29.9 0.537 0.55 3.3 12 7.3 0 0 6.2 6.7 22.1 103 109 10 1.8
"52" "50" 2017-02-06 25.08 "NOP" "" "PHO" "W" 5 1 23.7 0.282 0.25 0 38 18.8 0 3.8 0 10.1 17.4 53 94 1.1 -12.4
"53" "51" 2017-02-08 25.08 "NOP" "" "UTA" "L" -33 1 35.4 0.606 0.563 6.3 19.4 12.8 5.9 1.5 0 10.4 25.9 112 137 16.3 -0.4
"54" "" 2017-02-10 25.09 "NOP" "@" "MIN" "W" 16 NA NA NA NA NA NA NA NA NA NA NA NA NA NA NA NA
"55" "" 2017-02-12 25.09 "NOP" "@" "SAC" "L" -6 NA NA NA NA NA NA NA NA NA NA NA NA NA NA NA NA
"56" "" 2017-02-13 25.1 "NOP" "@" "PHO" "W" 2 NA NA NA NA NA NA NA NA NA NA NA NA NA NA NA NA
"57" "" 2017-02-15 25.1 "NOP" "@" "MEM" "W" 4 NA NA NA NA NA NA NA NA NA NA NA NA NA NA NA NA
"58" "" 2017-03-04 25.15 "MIL" "" "TOR" "W" 7 NA NA NA NA NA NA NA NA NA NA NA NA NA NA NA NA
"59" "" 2017-03-06 25.15 "MIL" "@" "PHI" "W" 14 NA NA NA NA NA NA NA NA NA NA NA NA NA NA NA NA
"60" "" 2017-03-08 25.16 "MIL" "" "NYK" "W" 11 NA NA NA NA NA NA NA NA NA NA NA NA NA NA NA NA
"61" "" 2017-03-10 25.16 "MIL" "" "IND" "W" 14 NA NA NA NA NA NA NA NA NA NA NA NA NA NA NA NA
"62" "" 2017-03-11 25.17 "MIL" "" "MIN" "W" 7 NA NA NA NA NA NA NA NA NA NA NA NA NA NA NA NA
"63" "52" 2017-03-13 25.17 "MIL" "@" "MEM" "L" -20 0 2.31666666666667 0 0 0 59.2 30 0 0 39.8 0 22.6 0 100 0.3 -6.1
"64" "" 2017-03-15 25.18 "MIL" "@" "LAC" "W" 1 NA NA NA NA NA NA NA NA NA NA NA NA NA NA NA NA
"65" "" 2017-03-17 25.18 "MIL" "@" "LAL" "W" 4 NA NA NA NA NA NA NA NA NA NA NA NA NA NA NA NA
"66" "" 2017-03-18 25.19 "MIL" "@" "GSW" "L" -25 NA NA NA NA NA NA NA NA NA NA NA NA NA NA NA NA
"67" "" 2017-03-21 25.19 "MIL" "@" "POR" "W" 3 NA NA NA NA NA NA NA NA NA NA NA NA NA NA NA NA
"68" "53" 2017-03-22 25.2 "MIL" "@" "SAC" "W" 18 0 2.3 0 0 0 0 0 0 23 0 0 21 0 67 0.3 -6.1
"69" "" 2017-03-24 25.2 "MIL" "" "ATL" "W" 3 NA NA NA NA NA NA NA NA NA NA NA NA NA NA NA NA
"70" "54" 2017-03-26 25.21 "MIL" "" "CHI" "L" -15 0 1.75 0 0 0 100 66.1 0 0 0 0 27.3 0 94 -0.1 -22.3
"71" "" 2017-03-28 25.21 "MIL" "@" "CHO" "W" 10 NA NA NA NA NA NA NA NA NA NA NA NA NA NA NA NA
"72" "" 2017-03-29 25.22 "MIL" "@" "BOS" "W" 3 NA NA NA NA NA NA NA NA NA NA NA NA NA NA NA NA
"73" "" 2017-03-31 25.22 "MIL" "" "DET" "W" 3 NA NA NA NA NA NA NA NA NA NA NA NA NA NA NA NA
"1" NA 2019-02-23 27.12 "HOU" "@" "GSW" "W" 6 NA NA NA NA NA NA NA NA NA NA NA NA NA NA NA NA
"2" NA 2019-02-25 27.13 "HOU" "" "ATL" "W" 8 NA NA NA NA NA NA NA NA NA NA NA NA NA NA NA NA
"3" "1" 2019-02-27 27.13 "HOU" "@" "CHO" "W" 5 0 1.3 0 0 0 0 0 0 0 0 0 33.1 0 120 -0.7 -37.5
"4" NA 2019-02-28 27.14 "HOU" "" "MIA" "W" 3 NA NA NA NA NA NA NA NA NA NA NA NA NA NA NA NA
"5" NA 2019-03-03 27.15 "HOU" "@" "BOS" "W" 11 NA NA NA NA NA NA NA NA NA NA NA NA NA NA NA NA
"6" NA 2019-03-05 27.15 "HOU" "@" "TOR" "W" 12 NA NA NA NA NA NA NA NA NA NA NA NA NA NA NA NA
"7" "2" 2019-03-08 27.16 "HOU" "" "PHI" "W" 16 0 3.8 0.291 0.333 0 87.1 49.5 0 0 0 22.5 51.6 43 50 -0.3 -28.8
"8" NA 2019-03-10 27.16 "HOU" "@" "DAL" "W" 1 NA NA NA NA NA NA NA NA NA NA NA NA NA NA NA NA
"9" NA 2019-03-11 27.17 "HOU" "" "CHO" "W" 12 NA NA NA NA NA NA NA NA NA NA NA NA NA NA NA NA
"10" NA 2019-03-13 27.17 "HOU" "" "GSW" "L" -2 NA NA NA NA NA NA NA NA NA NA NA NA NA NA NA NA
