"Rk" "G" "Date" "Age" "Tm" "H/A" "Opp" "W/L" "By Amt" "GS" "MP" "TS%" "eFG%" "ORB%" "DRB%" "TRB%" "AST%" "STL%" "BLK%" "TOV%" "USG%" "ORtg" "DRtg" "GmSc" "BPM"
"1" "1" 1990-11-21 23.71 "PHO" "" "CHI" "W" 2 0 15 0.426 0.2 7 0 3.5 29.3 3.2 0 0 25.5 111 111 5.9 2.1
"2" "2" 1990-11-23 23.72 "PHO" "" "NJN" "L" -2 0 2 0 0 0 0 0 0 0 0 25 75.9 0 114 -3.1 -76
"3" "3" 1990-11-27 23.73 "PHO" "@" "POR" "W" 14 0 18 0.799 0.833 0 5.1 2.7 52.2 2.6 0 12.7 18.2 148 109 12.9 13.5
"4" "4" 1990-11-29 23.73 "PHO" "" "SEA" "W" 18 0 23 0.777 0.7 0 0 0 27.5 3.8 2.3 18.2 28.8 132 101 18.1 9.8
"5" "5" 1990-12-01 23.74 "PHO" "" "LAL" "L" -10 0 13 0.307 0.25 8.4 0 4.3 40.7 0 0 17 19.7 84 118 2.3 -5.5
"6" "6" 1990-12-04 23.75 "PHO" "@" "CHI" "L" -28 0 19 0.371 0.333 4.8 21.1 11.4 34.1 0 0 9.6 19.2 101 133 5.5 -5.8
"7" "7" 1990-12-05 23.75 "PHO" "@" "IND" "L" -5 0 10 0 0 0 11.2 6.2 11.2 0 0 50 8.3 27 129 -1.5 -16
"8" "8" 1990-12-07 23.76 "PHO" "@" "NJN" "W" 19 0 15 0.5 0.5 12.5 0 5.7 30.8 0 3.3 0 10 148 115 5.7 3.5
"9" "9" 1990-12-11 23.77 "PHO" "" "SAC" "W" 23 0 6 NA NA 0 17.8 9.6 76.2 0 0 100 6.9 96 94 1.7 1.2
"10" "10" 1990-12-13 23.77 "PHO" "" "ORL" "W" 11 0 5 0 0 21.8 0 11 0 0 0 33.3 24.5 29 119 -2.9 -35.3
"11" "11" 1990-12-15 23.78 "PHO" "@" "DEN" "W" 8 0 7 0.8 0.8 14.9 0 6.4 51.6 0 0 0 23.6 172 117 6.6 11.4
"12" "12" 1990-12-18 23.79 "PHO" "@" "DAL" "W" 19 0 2 NA NA 0 0 0 58.5 0 0 100 20.9 41 106 -0.7 -26.9
"13" "13" 1990-12-19 23.79 "PHO" "" "MIN" "W" 16 0 5 0.41 0.5 0 0 0 0 0 0 0 21.6 83 109 0.6 -11
"14" "14" 1990-12-21 23.79 "PHO" "" "SAS" "L" -4 0 1 0 0 0 0 0 0 0 0 0 42.1 0 122 -1.1 -61.9
"15" "15" 1990-12-22 23.8 "PHO" "@" "HOU" "L" -20 0 17 0.414 0.35 0 0 0 44.8 0 0 8.4 26.4 96 119 5.7 -0.7
"16" "16" 1990-12-26 23.81 "PHO" "" "DAL" "W" 27 0 5 0.694 0.75 0 0 0 100 0 0 0 49.2 146 98 6.2 22.9
"17" "17" 1990-12-28 23.81 "PHO" "" "PHI" "W" 19 0 1 1.5 1.5 0 0 0 100 0 0 0 41.3 280 113 3.4 134.8
"18" "18" 1990-12-29 23.82 "PHO" "" "MIA" "W" 39 0 12 0.625 0.625 0 7.7 4.3 20 0 0 50 25.2 65 97 0.3 -12.5
"19" "19" 1991-01-02 23.83 "PHO" "@" "CLE" "W" 22 0 3 1 1 0 0 0 0 16.7 0 0 13.4 200 63 2.7 33.1
"20" "20" 1991-01-04 23.83 "PHO" "@" "BOS" "L" -29 0 17 0.291 0.333 0 0 0 55.9 2.7 0 30.4 23.1 65 127 1.5 -9.3
"21" "21" 1991-01-05 23.84 "PHO" "@" "MIL" "L" -2 0 1 NA NA 0 0 0 0 0 0 NA 0 0 115 0 -6
"22" "22" 1991-01-07 23.84 "PHO" "@" "MIN" "W" 13 0 12 0.5 0.5 0 16.3 8.6 45.5 0 0 33.3 9.9 110 108 3.3 -3.2
"23" "23" 1991-01-09 23.85 "PHO" "" "CLE" "W" 8 0 5 0.667 0.667 0 19.6 10.3 0 0 0 0 25.5 128 109 3 5.2
"24" "24" 1991-01-12 23.85 "PHO" "@" "GSW" "W" 9 0 15 0.2 0.2 0 15.6 7.6 14.6 0 0 28.6 17.5 47 114 -1.9 -17.4
"25" "25" 1991-01-15 23.86 "PHO" "" "WSB" "W" 30 0 18 0.19 0.143 0 10.9 5.8 31.8 2.6 0 11.3 19.7 71 97 2.5 -9.8
"26" "26" 1991-01-19 23.87 "PHO" "@" "SAC" "L" -4 0 9 0 0 0 0 0 27.4 0 0 50 28.4 18 115 -3.7 -28.7
"27" "27" 1991-01-22 23.88 "PHO" "@" "POR" "L" -7 0 16 0.635 0.571 7.1 7.3 7.2 35.3 0 0 20.2 24.4 116 122 7.7 1.5
"28" "28" 1991-01-25 23.89 "PHO" "" "SEA" "W" 15 0 8 0.532 0 0 0 0 0 0 0 61.5 28.1 44 133 -2.1 -31.5
"29" "29" 1991-01-26 23.89 "PHO" "" "NYK" "W" 18 0 4 0.25 0.25 0 0 0 0 0 0 20 52 45 107 -1.4 -35.1
"30" "30" 1991-01-29 23.9 "PHO" "@" "ORL" "L" -2 0 13 0.333 0.333 0 14.8 8.2 22.6 0 0 0 19.1 88 113 2.6 -7.6
"31" "31" 1991-02-01 23.91 "PHO" "@" "PHI" "L" -7 0 12 0 0 0 0 0 63.2 0 0 80 18.5 41 113 -0.5 -13.4
"32" "32" 1991-02-03 23.92 "PHO" "@" "DET" "W" 15 0 3 0 0 0 32 17 37.2 0 0 0 29.3 28 98 -0.4 -21.5
"33" "33" 1991-02-05 23.92 "PHO" "" "DEN" "W" 23 0 20 0.53 0.556 5.5 8.3 7.1 12.6 4.4 0 17.5 21.5 97 93 7.6 -1.6
"34" "34" 1991-02-14 23.95 "PHO" "@" "SAS" "W" 9 0 1 NA NA 0 0 0 0 0 0 NA 0 0 113 0 -8.2
"35" "35" 1991-02-16 23.95 "PHO" "@" "HOU" "L" -9 0 16 0.698 0.643 0 9.8 5.6 24 3.3 0 20.2 26.7 117 105 7.5 6.3
"36" "36" 1991-02-20 23.96 "PHO" "@" "LAC" "W" 20 0 5 0 0 0 0 0 0 0 0 0 7.9 0 109 -0.7 -16.6
"37" "37" 1991-02-22 23.97 "PHO" "@" "POR" "L" -21 0 20 0.661 0.643 0 4.8 2.7 61.1 0 0 10.7 20.1 143 136 11.8 10.6
"38" "38" 1991-02-23 23.97 "PHO" "@" "SEA" "W" 10 0 4 0 0 0 0 0 0 0 0 50 21.8 0 119 -2.1 -34.4
"39" "39" 1991-02-25 23.98 "PHO" "" "CHH" "W" 20 0 5 0.5 0.5 0 0 0 69.6 0 0 0 17.2 153 116 2.7 3.6
"40" "40" 1991-02-27 23.98 "PHO" "" "ORL" "L" -8 0 5 0 0 0 0 0 23.4 0 0 0 15.6 28 129 -0.8 -17.2
"41" "41" 1991-03-01 23.99 "PHO" "" "SAC" "W" 6 0 21 0.611 0.625 11.1 0 5.3 37.2 2.3 2.8 8.6 23 132 108 13.1 11.4
"42" "42" 1991-03-04 23.99 "PHO" "@" "CHH" "W" 33 0 19 0.635 0.714 6.3 10.1 8.4 6.8 5.1 0 11.3 19 115 91 8.5 3.9
"43" "43" 1991-03-05 24 "PHO" "@" "NYK" "W" 5 0 4 0 0 0 0 0 0 0 0 0 11.3 0 117 -1.5 -25.1
"44" "44" 1991-03-08 24.01 "PHO" "@" "WSB" "W" 26 0 6 0.5 0.5 0 13.3 7.7 40 0 8.4 0 13.3 142 89 3.4 15.4
"45" "45" 1991-03-10 24.01 "PHO" "@" "MIN" "W" 14 0 5 NA NA 31 0 12.8 20.4 0 0 100 8.8 81 121 0.4 -5
"46" "46" 1991-03-13 24.02 "PHO" "" "POR" "W" 8 0 12 0.615 0.5 0 18.6 9.8 21.6 0 0 29.1 23.1 99 108 3.6 -3.9
"47" "47" 1991-03-15 24.02 "PHO" "" "HOU" "L" -7 0 6 0 0 0 0 0 15.4 0 0 0 19.7 31 147 -1.8 -26.9
"48" "48" 1991-03-16 24.03 "PHO" "" "ATL" "W" 12 0 6 0 0 0 0 0 51.1 0 0 0 13.5 78 121 0.7 -6.6
"49" "49" 1991-03-18 24.03 "PHO" "" "IND" "W" 8 0 6 0.5 0.5 0 0 0 45.7 0 8.8 50 26.9 68 105 1.1 -1.8
"50" "50" 1991-03-20 24.04 "PHO" "@" "DAL" "W" 14 0 2 0 0 0 0 0 0 0 0 0 22.7 0 112 -0.7 -28.1
"51" "51" 1991-03-22 24.04 "PHO" "" "SEA" "L" -6 0 1 0 0 0 0 0 0 0 0 0 43.1 0 122 -0.7 -43.2
"52" "52" 1991-03-26 24.05 "PHO" "" "MIN" "W" 22 0 4 0.362 0 0 22.2 12.1 26.7 0 0 26.6 38 69 96 0.5 -14.7
"53" "53" 1991-03-28 24.06 "PHO" "" "MIL" "W" 14 0 15 0.429 0.429 13.3 8.2 11 21.1 0 0 12.5 23 93 95 2.8 -5.5
"54" "54" 1991-04-02 24.07 "PHO" "" "UTA" "W" 14 0 3 0 NA 0 48.5 23.9 61.5 0 0 53.2 25.3 47 118 -0.5 -17.9
"55" "55" 1991-04-04 24.08 "PHO" "" "LAL" "L" -4 0 4 0 0 0 0 0 0 0 0 0 21.2 0 116 -1.4 -23.4
"56" "56" 1991-04-05 24.08 "PHO" "@" "GSW" "L" -17 1 43 0.514 0.412 5.2 13.6 9.3 65.9 1.1 1.3 21.9 24.3 112 119 22.4 4.5
"57" "57" 1991-04-07 24.09 "PHO" "@" "LAL" "L" -8 1 44 0.531 0.45 0 11.9 7.1 37.5 1.3 1.4 7.8 29 116 107 20.5 5.7
"58" "58" 1991-04-09 24.09 "PHO" "" "GSW" "W" 14 1 45 0.574 0.575 0 2.5 1.3 36.4 2.1 0 17.5 26.6 107 107 18.5 -0.9
"59" "59" 1991-04-12 24.1 "PHO" "" "DAL" "W" 12 1 43 0.332 0.263 5.4 2.5 3.9 37.9 2.4 0 10.5 28.9 89 102 9.3 -5.2
"60" "60" 1991-04-14 24.11 "PHO" "" "SAS" "L" -8 1 42 0.504 0.48 0 9.7 4.7 21.9 0 0 10.1 28 104 112 14.3 -2.3
"61" "61" 1991-04-16 24.11 "PHO" "@" "DEN" "W" 35 0 21 0.514 0.429 6.3 3.6 4.6 24.9 0 0 25.5 20.7 107 113 5.9 -6.9
"62" "62" 1991-04-17 24.12 "PHO" "" "LAC" "W" 5 1 22 0.387 0.333 0 4.5 2.3 39.9 0 0 0 7.5 117 106 4.6 -2.6
"63" "63" 1991-04-19 24.12 "PHO" "@" "SEA" "L" -11 0 10 0.307 0.25 0 0 0 68.1 4.7 0 17 22.6 81 102 2.6 2.7
"64" "64" 1991-04-21 24.13 "PHO" "" "POR" "W" 17 0 20 0.554 0.6 0 10 5.7 19 0 0 13.7 14.5 110 118 5.2 -2.9
"1" "1" 1991-11-02 24.66 "PHO" "@" "POR" "W" 24 1 39 0.601 0.556 3.2 2.6 2.8 24 1.3 0 20.5 16.1 116 91 12 1.6
"2" "2" 1991-11-05 24.67 "PHO" "" "IND" "L" -6 0 17 0.46 0.5 9.1 0 5.2 0 0 0 0 24.2 105 119 4.8 -3.6
"3" "3" 1991-11-06 24.67 "PHO" "@" "LAC" "L" -24 0 25 0.5 0.5 0 4.8 2.5 15 1.9 0 30 32.9 74 113 2.1 -10.2
"4" "4" 1991-11-08 24.68 "PHO" "" "LAL" "W" 28 0 21 0.595 0.5 10.4 3.9 6.7 19.3 2.4 0 20.3 28.4 114 92 8.8 1.9
"5" "5" 1991-11-09 24.68 "PHO" "@" "HOU" "L" -1 0 25 0.4 0.4 0 3.5 1.9 25.3 1.9 0 0 16.6 93 100 6.7 -0.3
"6" "6" 1991-11-12 24.69 "PHO" "@" "GSW" "L" -3 0 12 0.25 0.25 8 0 4.2 10.3 3.6 0 33.3 18.4 51 108 -1.6 -15.8
"7" "7" 1991-11-16 24.7 "PHO" "@" "DAL" "L" -3 0 5 NA NA 0 0 0 26.7 0 0 100 8.2 33 107 -0.3 -11.2
"8" "8" 1991-11-26 24.73 "PHO" "@" "SAC" "L" -15 0 14 0.145 0.167 0 0 0 10.2 3.3 0 12.7 22.3 34 104 -2.3 -14.3
"9" "9" 1991-11-27 24.73 "PHO" "" "SAC" "W" 41 0 12 0.444 0.429 0 9.5 5.1 55.8 0 5.2 20.2 31.9 98 94 6.1 -0.5
"10" "10" 1991-11-29 24.73 "PHO" "" "CHH" "W" 20 0 15 0.4 0.4 0 10.7 7 25.3 0 0 28.6 18.9 80 107 2.3 -10.7
"11" "11" 1991-11-30 24.74 "PHO" "" "UTA" "W" 9 0 11 0.667 0.667 0 0 0 69.9 0 0 25 14.9 132 119 4.7 3
"12" "12" 1991-12-03 24.75 "PHO" "@" "MIN" "W" 6 0 3 NA NA 0 0 0 39 0 0 100 14.1 35 108 -0.7 -21.4
"13" "13" 1991-12-04 24.75 "PHO" "@" "IND" "W" 6 0 26 0.512 0.5 3.6 8.2 5.8 34 1.8 0 9.3 17.5 112 110 10.3 2.3
"14" "14" 1991-12-06 24.75 "PHO" "@" "ORL" "W" 17 0 22 0.709 0.667 11.5 0 5 34.2 0 0 20.5 19.2 134 120 10.8 1.8
"15" "15" 1991-12-07 24.76 "PHO" "@" "MIA" "W" 1 0 10 0 0 0 0 0 11.7 0 0 50 8.4 24 114 -2.2 -16.8
"16" "16" 1991-12-10 24.76 "PHO" "" "DET" "W" 9 0 13 0.333 0.333 0 7.5 4.1 45.7 0 0 25 14.4 84 113 1.6 -8.2
"17" "17" 1991-12-13 24.77 "PHO" "@" "SAS" "W" 5 0 11 0.694 0.5 0 9.9 4.9 0 0 0 0 11.4 158 119 2.9 -3.7
"18" "18" 1991-12-18 24.79 "PHO" "@" "DEN" "L" -14 0 19 0.2 0.2 0 0 0 25 2.3 2.5 16.7 12.2 65 116 2 -4.2
"19" "19" 1991-12-20 24.79 "PHO" "" "SAS" "W" 25 0 16 0.658 0.5 0 7.1 3.4 33.3 6 0 0 13.9 157 87 9.7 12
"20" "20" 1991-12-22 24.8 "PHO" "@" "LAL" "W" 12 0 21 0.764 0.75 0 5.2 2.9 29.3 0 0 7.4 30.4 140 105 15.2 12.2
"21" "21" 1991-12-26 24.81 "PHO" "" "MIA" "W" 28 0 20 0.5 0.5 0 8 4.9 30.3 0 0 50 12 83 103 2.7 -6.1
"22" "22" 1991-12-28 24.81 "PHO" "" "DAL" "W" 18 0 7 0.667 0.667 0 0 0 43.8 6.6 0 0 17 153 95 4.7 13.9
"23" "23" 1991-12-30 24.82 "PHO" "@" "DET" "W" 7 0 23 0.827 0.8 4.4 5.2 4.8 28.5 4.5 0 15.5 23 147 108 17.6 18.1
"24" "24" 1992-01-02 24.83 "PHO" "@" "ATL" "L" -18 0 20 0 0 0 5.2 2.5 11.4 2.4 0 16.7 13 18 124 -2.6 -17.7
"25" "25" 1992-01-04 24.83 "PHO" "@" "CHH" "L" -5 0 20 0.658 0.611 0 0 0 0 0 0 23.3 26 98 119 4.9 -4.8
"26" "26" 1992-01-05 24.84 "PHO" "@" "NYK" "L" -4 0 6 1 1 0 0 0 0 0 0 50 15.1 75 123 0.7 -6.2
"27" "27" 1992-01-08 24.84 "PHO" "" "DEN" "W" 21 0 21 0.388 0.333 18.5 9.7 13.6 34.4 0 0 7.2 26 104 109 9.1 -2.9
"28" "28" 1992-01-10 24.85 "PHO" "" "ORL" "W" 11 0 10 0.42 0.333 0 0 0 25.1 0 6.1 29.6 30.2 74 116 1.2 -12.9
"29" "29" 1992-01-11 24.85 "PHO" "" "GSW" "W" 12 0 16 0.667 0.667 0 14.3 7.2 7.5 5.5 0 25 10 99 104 4.6 1.1
"30" "30" 1992-01-13 24.86 "PHO" "" "MIN" "W" 20 0 15 0.5 0.5 8 22.3 15.4 21.1 0 0 55.6 23.1 61 114 0.3 -17.2
"31" "31" 1992-01-15 24.86 "PHO" "@" "SAC" "W" 17 0 10 0.644 0.667 0 10.9 5.2 12.5 4.3 0 0 13.8 141 99 4.1 2.1
"32" "32" 1992-01-17 24.87 "PHO" "" "SAC" "W" 40 0 21 0.583 0.556 5.7 3.9 4.6 11 2.1 0 9.6 19 122 94 9.1 -0.8
"33" "33" 1992-01-19 24.87 "PHO" "" "POR" "W" 4 0 11 0.5 0.5 0 0 0 0 0 0 0 7.8 102 131 0.2 -10.5
"34" "34" 1992-01-21 24.88 "PHO" "@" "CHI" "L" -6 0 9 0 0 0 28.8 14.2 12.7 0 0 66.7 15.9 19 119 -1.4 -16.5
"35" "35" 1992-01-22 24.88 "PHO" "@" "NJN" "L" -2 0 19 0.512 0.5 0 4.6 2.6 13.7 5.1 0 38.1 17 73 104 2.9 -2.7
"36" "36" 1992-01-24 24.89 "PHO" "@" "BOS" "W" 7 0 5 0.5 0.5 0 0 0 0 0 0 0 18.1 109 113 1 -4.3
"37" "37" 1992-01-25 24.89 "PHO" "@" "WSB" "W" 6 0 15 0.4 0.4 0 0 0 30.8 3.2 0 0 13.6 120 118 4.3 -1.1
"38" "38" 1992-01-29 24.9 "PHO" "" "NJN" "W" 33 0 20 0.45 0.375 0 0 0 22.4 0 0 18.4 21.3 94 98 3.6 -8.5
"39" "39" 1992-01-31 24.91 "PHO" "@" "UTA" "L" -1 0 7 0.41 0.5 0 0 0 19.2 7.1 0 29.1 22.6 65 103 0.5 -6.6
"40" "40" 1992-02-01 24.91 "PHO" "" "HOU" "W" 14 0 7 0.375 0.375 0 0 0 51.2 7.2 0 20 29.3 95 94 2.3 5.4
"41" "41" 1992-02-03 24.92 "PHO" "" "LAL" "W" 9 0 7 0.5 0.5 0 14 8.1 39 7.4 0 0 19.3 140 102 4 15.3
"42" "42" 1992-02-05 24.92 "PHO" "" "CHI" "W" 12 0 5 0.5 0.5 30 0 11.4 48.7 0 0 0 17.5 143 120 3.1 9.4
"1" "1" 1992-11-07 25.67 "PHO" "" "LAC" "W" 6 1 39 0.229 0.118 2.5 3.5 2.9 27.3 0 0 9.2 22.5 78 113 0.2 -12.6
"2" "2" 1992-11-10 25.68 "PHO" "@" "POR" "L" -11 1 38 0.567 0.467 3.3 5.5 4.5 47.1 0 1.5 22.1 27.4 103 117 14.4 2.7
"3" "3" 1992-11-12 25.69 "PHO" "@" "UTA" "W" 11 1 30 0.579 0.444 7 0 3 15.7 0 0 23.6 23.1 101 98 8.2 -1.2
"4" "4" 1992-11-14 25.69 "PHO" "@" "MIN" "W" 7 1 24 0.441 0.375 4.2 4 4.1 18.2 2 0 28.2 23.9 78 106 1.5 -11.8
"5" "5" 1992-11-16 25.7 "PHO" "" "SEA" "W" 9 1 22 0.478 0.5 0 12.5 6.3 47.1 0 0 29.1 18.5 94 110 5.3 -0.3
"6" "6" 1992-11-18 25.7 "PHO" "" "SAC" "W" 16 1 25 0.34 0.2 4.2 4 4.1 15.6 3.6 2.2 0 8.9 116 105 6.2 0.4
"7" "7" 1992-11-21 25.71 "PHO" "@" "LAC" "L" -4 0 6 NA NA 0 0 0 21.1 0 0 NA 0 218 115 0.7 -2
"8" "8" 1992-11-25 25.72 "PHO" "" "POR" "W" 4 0 7 0.333 0.333 0 0 0 36 0 0 40 27.5 60 115 -1.5 -20.1
"9" "9" 1992-11-27 25.73 "PHO" "" "GSW" "W" 14 0 1 NA NA 0 0 0 0 0 0 NA 0 0 120 0 -4.8
"10" "10" 1992-11-28 25.73 "PHO" "@" "GSW" "L" -3 1 26 0.571 0.429 0 10.5 4.7 22.3 0 0 18.6 16.9 115 131 8 -3.4
"11" "11" 1992-12-01 25.74 "PHO" "" "CHH" "W" 19 1 31 0.47 0.429 0 3.9 1.7 23.2 3.2 0 11.8 21.7 104 96 8.9 -1.5
"12" "12" 1992-12-04 25.75 "PHO" "" "LAL" "W" 10 1 24 0.508 0.429 0 0 0 19.4 2.1 0 33.7 22.9 77 104 3.4 -7.1
"13" "13" 1992-12-06 25.75 "PHO" "@" "MIL" "W" 10 1 30 0.619 0.563 3.4 4.3 3.8 34.4 3 0 0 22 158 108 22.3 9.6
"14" "14" 1992-12-08 25.76 "PHO" "@" "NJN" "W" 5 1 31 0.536 0.556 0 3.7 2 14.9 3.3 0 8.2 17.4 112 110 8.7 0.8
"15" "15" 1992-12-09 25.76 "PHO" "@" "CHH" "W" 9 1 25 0.454 0.462 6.9 10.1 8.2 17.7 3.7 0 21.8 27.6 81 96 6.4 -4.5
"16" "16" 1992-12-11 25.77 "PHO" "@" "ORL" "W" 1 1 28 0.3 0.3 10.5 0 5.8 24.6 3.5 0 16.7 17.3 86 109 4.6 -4.5
"17" "17" 1992-12-12 25.77 "PHO" "@" "MIA" "W" 4 1 21 0.167 0.167 13.1 6.3 9.7 22.5 0 0 25 16.9 73 130 -0.1 -13.6
"18" "18" 1992-12-15 25.78 "PHO" "" "WSB" "W" 15 1 11 0.6 0.6 12.8 0 6.3 0 0 0 16.7 23.9 102 120 1.4 -17.1
"19" "19" 1992-12-18 25.79 "PHO" "@" "LAL" "W" 16 1 24 0.169 0.125 12.5 12.5 12.5 30.4 0 0 18.4 16.7 84 108 3.3 -7.5
"20" "20" 1992-12-22 25.8 "PHO" "" "GSW" "W" 2 1 19 0.167 0.167 5.6 0 3 20.8 5.6 0 0 13.3 83 113 1.4 -6.7
"21" "21" 1992-12-23 25.8 "PHO" "@" "DEN" "W" 15 1 25 0.615 0.5 0 0 0 5.9 0 0 17 18.6 113 104 6.7 -2.7
"22" "22" 1992-12-26 25.81 "PHO" "" "SEA" "W" 3 1 24 0.6 0.6 0 8.7 4.8 29.4 2 2.4 28.6 12.3 107 111 7.5 3.6
"23" "23" 1992-12-27 25.81 "PHO" "" "DEN" "W" 41 1 18 0.512 0.5 0 5 2.9 17.9 2.5 0 0 10.8 128 88 6 2.3
"24" "24" 1993-01-05 25.84 "PHO" "@" "HOU" "W" 2 0 18 0.5 0.5 0 0 0 17.2 0 0 0 15.3 117 121 4.4 -4.6
"25" "25" 1993-01-07 25.84 "PHO" "@" "DAL" "W" 4 1 14 0.2 0.2 0 7.6 4 19.3 3.3 0 28.6 20.3 47 103 -1.6 -14.9
"26" "26" 1993-01-23 25.88 "PHO" "@" "ATL" "W" 19 0 3 1 1 0 0 0 0 0 0 0 14.5 200 105 1.7 9.7
"27" "27" 1993-01-29 25.9 "PHO" "" "SAS" "W" 15 0 3 0.5 0.5 0 0 0 0 0 0 0 55.6 105 121 2 -5.6
"28" "28" 1993-01-30 25.9 "PHO" "" "DAL" "W" 21 0 5 0 0 0 0 0 22.3 0 0 33.3 25.7 22 113 -1.7 -29.8
"29" "29" 1993-02-03 25.92 "PHO" "" "MIN" "W" 20 0 15 0.258 0 7.6 0 3.7 0 0 3.9 0 19.5 80 102 1.2 -9.9
"30" "30" 1993-02-05 25.92 "PHO" "" "LAL" "W" 28 0 12 0.5 0.5 0 7.4 4 7.7 7.9 0 33.3 9.5 85 94 2.6 1.7
"31" "31" 1993-02-07 25.93 "PHO" "" "ORL" "W" 16 0 1 NA NA 0 0 0 96 0 0 NA 0 210 114 0.7 24.3
"32" "32" 1993-02-16 25.95 "PHO" "" "BOS" "W" 13 1 15 0.222 0.222 0 0 0 17.5 0 0 0 25.8 70 117 -0.1 -15.4
"33" "33" 1993-02-18 25.96 "PHO" "" "ATL" "W" 12 1 18 0.333 0.333 0 6.1 3.2 5.6 0 0 0 13.1 101 124 1.2 -10
"34" "34" 1993-02-23 25.97 "PHO" "@" "SAS" "W" 2 1 11 0.667 0.667 0 11.5 6 26.2 0 0 25 17.7 113 124 2.6 -4.4
"35" "35" 1993-02-25 25.98 "PHO" "@" "HOU" "L" -27 1 27 0.638 0.6 0 4.6 2 22 0 0 20.3 23.1 114 148 10.1 -2.3
"36" "36" 1993-02-26 25.98 "PHO" "" "UTA" "W" 7 1 12 0.773 0.667 0 8 4.4 62.5 0 0 43.6 24.6 105 111 4.7 0.3
"37" "37" 1993-02-28 25.98 "PHO" "" "CLE" "L" -7 1 11 0 0 0 0 0 34.4 0 0 50 7.8 58 111 0.4 -7.9
"38" "38" 1993-03-02 25.99 "PHO" "@" "POR" "L" -5 1 24 0.385 0.385 4.8 8.9 6.9 6.5 0 0 7.1 25.4 79 111 3.5 -8.6
"39" "39" 1993-03-03 25.99 "PHO" "" "PHI" "W" 10 0 1 NA NA 0 0 0 0 0 0 NA 0 0 122 0 -8.8
"40" "40" 1993-03-05 26 "PHO" "" "SAC" "W" 8 0 3 NA NA 0 0 0 37.2 0 0 100 13.8 47 126 -0.3 -12.8
"41" "41" 1993-03-09 26.01 "PHO" "@" "SAC" "W" 20 0 3 1 1 0 25 16.2 0 0 0 50 27.2 66 98 1 -5.6
"42" "42" 1993-03-19 26.04 "PHO" "" "DET" "W" 30 0 2 NA NA 0 0 0 96 0 0 NA 0 214 109 1.4 22.8
"43" "43" 1993-03-23 26.05 "PHO" "" "NYK" "W" 29 0 3 1 1 0 37.2 20.3 0 0 0 0 14.3 200 97 2 11.1
"44" "44" 1993-03-24 26.05 "PHO" "@" "LAL" "W" 15 1 13 0.4 0.4 16.1 9.2 12.9 16.6 0 0 16.7 17.7 99 107 3 -6.9
"45" "45" 1993-03-26 26.05 "PHO" "" "MIL" "W" 6 1 8 0.515 0.333 0 0 0 0 0 0 34 28.5 76 106 -0.5 -17.9
"46" "46" 1993-04-09 26.09 "PHO" "" "DEN" "W" 1 1 21 0.286 0.286 0 4.7 2.3 27.4 2.3 0 12.5 16 72 103 1.8 -8.9
"47" "47" 1993-04-12 26.1 "PHO" "@" "LAC" "L" -7 1 17 0.34 0.4 0 7.1 3.1 9 0 0 25.4 18.1 56 114 -0.9 -13.9
"48" "48" 1993-04-17 26.12 "PHO" "@" "UTA" "L" -9 1 26 0.49 0.429 12 4.5 8.5 37 0 0 16.4 29.1 104 115 10.4 -0.1
"49" "49" 1993-04-19 26.12 "PHO" "" "HOU" "L" -14 0 22 0.82 0.75 3.9 5.9 4.7 38.1 2.2 0 0 18 174 114 17.2 15.4
"50" "50" 1993-04-22 26.13 "PHO" "@" "POR" "W" 1 0 11 0 0 0 0 0 27.3 0 0 0 7.5 78 119 -0.1 -9
"51" "51" 1993-04-24 26.13 "PHO" "" "SAS" "W" 2 1 19 0.222 0.222 0 0 0 43.4 0 0 18.2 24.6 62 105 0.7 -10.7
"52" "52" 1993-04-25 26.14 "PHO" "@" "DEN" "L" -2 1 21 0.396 0.3 5.2 0 2.5 12 0 0 19.2 30.2 78 122 2.5 -15.4
"1" "1" 1993-11-07 26.67 "PHO" "" "SAC" "W" 22 0 8 0.25 0.25 0 0 0 0 0 6.5 0 18 65 102 -0.1 -11.9
"2" "2" 1993-11-09 26.68 "SAS" "" "MIN" "W" 15 0 1 NA NA 0 0 0 0 0 0 NA 0 0 114 0 -10.7
"3" "3" 1993-11-10 26.68 "SAS" "@" "PHO" "L" -8 0 7 0.615 0.5 14.3 16.3 15.2 100 0 0 45 57 85 111 2.6 -7.2
"4" "4" 1993-11-12 26.69 "SAS" "@" "SAC" "L" -2 0 23 0.429 0.429 0 0 0 7.5 0 0 12.5 15.8 89 118 1.2 -10.2
"5" "5" 1993-11-13 26.69 "SAS" "@" "LAC" "L" -2 0 35 0.543 0.5 7 12.5 9.5 44.6 3.2 0 13.4 18.9 127 106 16.1 6.9
"6" "6" 1993-11-16 26.7 "SAS" "@" "DEN" "W" 12 1 30 0.613 0 3.6 6.3 5 16.6 0 0 23.5 13.2 113 88 6.1 -1.8
"7" "7" 1993-11-17 26.7 "SAS" "" "NYK" "W" 5 1 27 0.333 0.333 0 13.7 6.3 11.3 0 0 33.3 14.3 60 109 -1.3 -11.6
"8" "8" 1993-11-19 26.71 "SAS" "@" "DET" "L" -9 1 17 0.317 0.286 5.5 20.2 12.1 29.9 0 4.3 11.3 24.2 82 111 3.5 -2.8
"9" "9" 1993-11-20 26.71 "SAS" "@" "MIL" "W" 4 1 36 0.658 0.625 0 7 3.7 7.5 0 0 8.6 15.5 128 119 9.8 -3.1
"10" "10" 1993-11-22 26.72 "SAS" "" "LAC" "W" 12 1 3 0.568 NA 0 36.4 19.5 37.2 0 0 69.4 41.6 49 102 -0.4 -26.2
"11" "11" 1993-11-24 26.72 "SAS" "" "CHI" "W" 25 1 29 0.506 0.444 4.5 3.8 4.1 21 0 0 23.3 19.9 98 98 6.4 -5.3
"12" "12" 1993-11-27 26.73 "SAS" "" "DAL" "W" 24 1 23 0.557 0.556 0 4.2 2 21.2 0 0 0 19.3 124 101 8.3 -0.6
"13" "13" 1993-11-29 26.73 "SAS" "" "MIL" "W" 7 1 28 0.446 0.286 4.2 0 1.9 19.8 0 0 22.9 22.2 88 115 3.8 -10.4
"14" "14" 1993-12-01 26.74 "SAS" "@" "CHH" "W" 4 1 38 0.5 0.5 6.2 13.8 10.5 24.3 2.8 1.8 17.6 20 100 94 12.9 1.9
"15" "15" 1993-12-03 26.75 "SAS" "@" "ORL" "W" 10 1 37 0.568 0.545 6 3 4.5 4.9 1.5 2.2 14 17.7 107 102 8.4 -1.8
"16" "16" 1993-12-04 26.75 "SAS" "@" "PHI" "W" 8 1 23 0.363 0.333 12.3 19.3 16.6 20.3 2.3 0 0 14 110 90 6.8 1.3
"17" "17" 1993-12-08 26.76 "SAS" "" "SEA" "L" -2 1 29 0.484 0.25 0 7.8 4.6 11 1.8 0 32.6 14.8 80 112 2.4 -7.2
"18" "18" 1993-12-09 26.76 "SAS" "@" "ATL" "L" -10 1 29 0.167 0.167 3.2 0 1.9 18.2 1.9 0 0 8.5 89 124 1.5 -6.9
"19" "19" 1993-12-11 26.77 "SAS" "" "DEN" "W" 5 1 40 0.476 0.429 0 6.3 3 27.3 1.4 0 6 19.2 111 117 11.1 -2.1
"20" "20" 1993-12-13 26.77 "SAS" "@" "UTA" "L" -15 1 30 0.574 0.5 0 4 2.1 12.8 1.9 0 19.7 24 102 120 7.1 -2.6
"21" "21" 1993-12-18 26.79 "SAS" "@" "CHI" "L" -12 1 39 0.255 0.2 0 6 2.9 21.4 0 0 14.5 17.5 70 135 1 -13.9
"22" "22" 1993-12-21 26.79 "SAS" "" "HOU" "L" -2 1 34 0.752 0.625 0 18.6 8.5 17.7 0 0 27.3 19 114 105 10 -1.2
"23" "23" 1993-12-23 26.8 "SAS" "" "UTA" "L" -8 1 31 0.269 0.214 0 9.4 4.5 29.6 0 2.1 11.8 25.9 74 116 1.3 -10
"24" "24" 1993-12-26 26.81 "SAS" "" "BOS" "W" 14 0 5 0 0 0 0 0 75.8 0 0 50 19.5 63 107 0.4 -6.6
"25" "25" 1993-12-30 26.82 "SAS" "@" "IND" "W" 25 0 28 0.6 0.6 4.2 8.4 6.7 20.3 2 1.8 9.1 17.2 133 100 12.1 4.9
"26" "26" 1994-01-04 26.83 "SAS" "" "PHI" "W" 23 0 29 0.883 0.9 4.5 0 1.8 23.6 3.6 0 8.1 18.4 167 93 20.3 15.1
"27" "27" 1994-01-06 26.84 "SAS" "@" "GSW" "L" -4 0 15 0.667 0.667 5.5 0 3 31.4 0 0 25 9.8 126 113 3.7 1.4
"28" "28" 1994-01-07 26.84 "SAS" "@" "DEN" "W" 8 0 30 0.556 0.4 0 13.3 6.4 19.5 3.7 0 6.5 25.7 114 88 13.4 7.4
"29" "29" 1994-01-09 26.85 "SAS" "@" "LAL" "W" 6 0 17 0.25 0.25 0 0 0 29.7 0 0 7.7 34.8 69 105 -0.9 -18.9
"30" "30" 1994-01-11 26.85 "SAS" "" "MIN" "W" 10 0 22 0.672 0.714 5.1 0 2.6 34 0 0 0 15.2 150 115 10.1 2.3
"31" "31" 1994-01-13 26.86 "SAS" "" "PHO" "W" 19 0 21 0.5 0.5 0 4.7 2.4 14 5 0 16.7 23.8 99 96 5.9 -1.4
"32" "32" 1994-01-15 26.86 "SAS" "@" "DAL" "W" 17 0 19 0.615 0.5 7.7 0 2.7 34.3 3.1 0 21.5 22.1 130 113 8.1 5.6
"33" "33" 1994-01-17 26.87 "SAS" "@" "WSB" "W" 13 0 32 0.635 0.545 0 4.2 2.5 18.8 0 0 0 23.6 151 113 15.2 3.7
"34" "34" 1994-01-19 26.87 "SAS" "@" "NYK" "L" -12 0 28 0.82 0.75 0 4.4 2.3 10.5 1.8 0 17 19 137 129 13.1 2.8
"35" "35" 1994-01-20 26.88 "SAS" "@" "MIN" "L" -10 0 36 0.543 0.5 0 0 0 22.2 6.6 0 18.9 20.7 101 111 10.6 2.2
"36" "36" 1994-01-22 26.88 "SAS" "" "DAL" "W" 20 0 31 0.644 0.556 4.3 2.9 3.5 19.8 0 0 20.5 20.3 122 104 10.3 -0.8
"37" "37" 1994-01-25 26.89 "SAS" "" "SAC" "W" 16 0 21 0.4 0.4 0 5.2 2.5 25.8 7.1 0 44.4 17.6 61 87 2.2 -5.1
"38" "38" 1994-01-29 26.9 "SAS" "" "ATL" "W" 13 0 22 0.466 0.458 0 4.4 2.4 7.3 0 0 7.2 29.6 102 111 4.4 -7.8
"39" "39" 1994-02-01 26.91 "SAS" "" "LAL" "W" 15 0 14 0.286 0.286 7 6.6 6.8 9 3.8 0 12.5 24.5 74 106 1.2 -11.7
"40" "40" 1994-02-03 26.92 "SAS" "@" "CLE" "W" 1 0 9 0.5 0.5 0 0 0 0 0 0 33.3 15.2 64 118 -0.8 -16.8
"41" "41" 1994-02-04 26.92 "SAS" "@" "BOS" "W" 9 0 7 0.333 0.333 16.3 0 9 0 0 0 25 24.6 68 112 0 -14.4
"42" "42" 1994-02-08 26.93 "SAS" "" "WSB" "W" 20 0 6 0.5 0.5 0 0 0 21.1 9 0 33.3 23.5 81 95 1.7 -1.3
"43" "43" 1994-02-17 26.95 "SAS" "" "DET" "W" 19 0 15 0.4 0.4 0 0 0 8.5 7 3.6 28.6 21.3 62 99 2.3 -7.5
"44" "44" 1994-02-25 26.98 "SAS" "@" "LAL" "W" 16 0 12 0.904 0.75 13.8 7.8 10 10.8 0 0 13.1 29.2 168 121 11.1 9.4
"45" "45" 1994-02-26 26.98 "SAS" "@" "POR" "L" -8 0 9 0.333 0.333 0 0 0 34.8 0 0 0 15.6 104 126 0.9 -4.9
"46" "46" 1994-03-04 26.99 "SAS" "" "LAC" "W" 8 0 12 0.667 0.667 0 7 4.5 39 0 5.2 0 11.1 158 116 6.1 8.4
"47" "47" 1994-03-08 27.01 "SAS" "" "HOU" "W" 16 0 4 0.667 0.667 28.6 0 13.3 0 12.5 0 0 31.5 145 87 4.4 29.7
"48" "48" 1994-03-12 27.02 "SAS" "@" "HOU" "W" 11 0 34 0.706 0.545 0 5.6 3.1 23.9 1.5 0 5.8 23 148 111 21 8.5
"49" "49" 1994-03-14 27.02 "SAS" "@" "DEN" "L" -28 0 20 0.506 0.444 5.5 0 2.7 35 0 0 9.2 23.7 119 132 6.6 -0.5
"50" "50" 1994-03-16 27.03 "SAS" "" "POR" "W" 8 0 13 0.254 0.286 0 0 0 33 0 0 20.2 32.8 57 112 -1.2 -17.6
"51" "51" 1994-03-19 27.04 "SAS" "" "SAC" "W" 7 0 23 0.25 0.25 5 0 2.5 11.3 2.3 0 20 9.5 75 115 0.9 -10.2
"52" "52" 1994-03-22 27.04 "SAS" "@" "SEA" "L" -16 0 8 0.5 0.5 0 0 0 82.8 0 0 50 22.9 81 122 1.8 0.6
"53" "53" 1994-03-24 27.05 "SAS" "@" "SAC" "W" 16 0 19 0.697 0.75 0 5.1 3.1 37.6 0 0 9.7 25.1 129 107 9.1 1.9
"54" "54" 1994-03-26 27.05 "SAS" "@" "GSW" "W" 11 0 33 0.677 0.583 0 4.2 1.7 27.4 0 0 6.1 20.1 150 114 17.3 5.6
"55" "55" 1994-03-27 27.06 "SAS" "@" "POR" "W" 12 0 29 0.58 0.417 0 11.3 6.4 20.9 1.8 0 16.2 29 111 105 12.1 0.6
"56" "56" 1994-03-29 27.06 "SAS" "@" "DAL" "W" 25 0 25 0.51 0.4 0 12.8 6.7 5.1 0 0 7.8 23.1 110 108 6.8 -7.4
"57" "57" 1994-03-31 27.07 "SAS" "" "CLE" "W" 16 0 27 0.805 0.75 5.1 4.1 4.6 12.1 0 2.8 9.7 17.8 155 106 13.5 8.9
"58" "58" 1994-04-02 27.07 "SAS" "" "CHH" "W" 6 0 19 0.815 0.786 0 10.5 5.2 14.7 0 0 0 20.1 167 113 12.1 5.6
"59" "59" 1994-04-05 27.08 "SAS" "" "GSW" "L" -5 0 21 0.697 0.688 0 0 0 21.7 0 2.9 24.4 27 116 126 8 0.1
"60" "60" 1994-04-06 27.08 "SAS" "@" "PHO" "L" -12 0 36 0.648 0.615 3.2 3.3 3.2 36.4 0 0 0 18.1 144 127 17.5 5.5
"61" "61" 1994-04-09 27.09 "SAS" "@" "HOU" "L" -11 0 8 0 0 0 0 0 18.2 0 0 50 11.1 21 113 -1.4 -13.7
"62" "62" 1994-04-16 27.11 "SAS" "" "PHO" "L" -2 0 25 0.558 0.444 0 4.5 2.2 18.4 0 0 14.7 24.3 109 115 7.5 -1.9
"63" "63" 1994-04-19 27.12 "SAS" "" "HOU" "W" 10 0 26 0.508 0.5 0 6.8 3.6 13.7 0 0 0 24.5 121 97 9.5 5.5
"64" "64" 1994-04-22 27.13 "SAS" "@" "SEA" "L" -7 0 7 0.205 0 0 0 0 0 0 0 29.1 43.5 37 116 -3.2 -34.1
"65" "65" 1994-04-24 27.13 "SAS" "@" "LAC" "W" 15 0 24 0.5 0.5 0 0 0 26.3 0 2.6 0 9.8 135 100 6.4 0.1
"1" "1" 1994-12-12 27.77 "POR" "@" "UTA" "L" -12 0 10 0.338 0.25 0 0 0 34 0 0 31.1 26.2 65 117 -0.4 -13.1
"2" "2" 1994-12-14 27.78 "POR" "" "LAC" "W" 48 0 25 0.697 0.625 5.3 6.5 6.1 37.1 1.9 0 17.7 17.8 147 78 14.5 10.9
"3" "3" 1994-12-15 27.78 "POR" "@" "SEA" "L" -11 0 8 0.333 0.333 0 0 0 21.4 0 0 0 15.2 98 125 0.2 -8.4
"4" "4" 1994-12-30 27.82 "DET" "" "BOS" "L" -17 0 4 0.347 0 0 0 0 92.3 0 0 0 34.9 121 148 2.7 2.6
"5" "5" 1995-01-03 27.83 "DET" "@" "LAL" "L" -9 1 16 0.125 0.125 6.1 0 3.8 8.8 3.1 0 11.1 23.2 39 111 -3 -19.5
"6" "6" 1995-01-05 27.84 "DET" "@" "SAC" "L" -6 1 13 0.387 0.5 7.7 0 4.2 20.9 4.2 0 0 13.9 105 109 3.6 3.1
"7" "7" 1995-01-08 27.84 "DET" "" "ORL" "L" -20 0 13 0.2 0.2 0 18.5 7.7 0 0 0 0 16.3 51 118 -0.9 -16.5
"8" "8" 1995-01-10 27.85 "DET" "" "NJN" "W" 14 1 24 0.333 0.333 5.3 4.7 4.9 32.4 0 0 10 19.9 92 103 5.1 -4.4
"9" "9" 1995-01-11 27.85 "DET" "@" "ORL" "L" -17 0 21 0.872 0.917 5.4 13.9 9.1 54.5 2.3 0 22.5 18.2 143 125 14.9 12.9
"10" "10" 1995-01-24 27.89 "DET" "" "PHI" "W" 11 0 17 0.4 0.4 0 0 0 35.9 0 0 28.6 18.9 95 124 1.6 -13.1
"11" "11" 1995-01-26 27.89 "DET" "" "POR" "L" -17 1 21 0.47 0.429 0 0 0 78.4 0 0 11.8 18.5 116 111 9.3 5.6
"12" "12" 1995-01-28 27.9 "DET" "" "MIA" "W" 4 1 14 0.5 0.5 8 0 4 12.2 4 0 20 16.4 97 102 3 -1.5
"13" "13" 1995-01-30 27.9 "DET" "" "LAC" "W" 7 1 12 0 0 0 0 0 0 0 5.7 40 19.3 0 107 -3.8 -22.3
"14" "14" 1995-02-01 27.91 "DET" "@" "MIA" "L" -23 1 12 0.51 0.4 8.5 0 4.6 21.1 0 0 14.5 26.3 102 117 3.3 -0.4
"15" "15" 1995-02-02 27.91 "DET" "" "CLE" "W" 2 1 23 0.607 0.556 0 9.1 6 78.7 4.9 0 23.3 29.3 110 95 10.6 7.1
"16" "16" 1995-02-04 27.92 "DET" "" "ATL" "W" 6 1 27 0.538 0.5 3.8 0 2.1 18.1 0 0 11.8 14.7 108 101 4.6 -1.5
"17" "17" 1995-02-06 27.92 "DET" "@" "NJN" "L" -4 1 25 0.536 0.536 4.1 0 2.2 25.5 0 0 6.7 27 110 119 8.2 -1.7
"18" "18" 1995-02-07 27.93 "DET" "" "WSB" "W" 4 1 17 0 0 0 0 0 13.1 3 0 0 5.2 66 124 0.6 -8.1
"19" "19" 1995-02-08 27.93 "DET" "" "CHH" "L" -28 1 21 0.667 0.667 0 28.6 11.4 36 0 5.2 40 10.3 96 119 4.2 -3.7
"20" "20" 1995-02-14 27.95 "DET" "" "NYK" "W" 12 0 11 1.333 1.333 0 10.1 5.7 0 0 0 25 17.2 156 110 6 11.1
"21" "21" 1995-02-15 27.95 "DET" "@" "IND" "L" -26 0 10 1 1 0 13 6.7 36.6 5.4 6.5 0 5.1 206 118 4.7 14.3
"22" "22" 1995-02-17 27.95 "DET" "@" "CHI" "L" -15 1 8 0 0 0 0 0 0 6.1 0 0 5.5 0 115 -0.1 -6.9
"23" "23" 1995-02-18 27.96 "DET" "@" "CHH" "L" -22 0 3 NA NA 0 0 0 0 0 0 100 13.8 0 120 -1.8 -38.2
"24" "24" 1995-02-20 27.96 "DET" "" "SAC" "W" 6 1 36 0.364 0.364 3.4 3.1 3.3 39.6 4.3 0 15.4 16 101 101 9.7 0.4
"25" "25" 1995-02-23 27.97 "DET" "@" "HOU" "L" -11 1 13 0.25 0.25 0 0 0 12.1 7.7 0 20 35.2 46 109 -0.5 -15.9
"26" "26" 1995-02-24 27.97 "DET" "@" "SAS" "L" -17 0 6 0 0 35.6 0 18.6 21.6 0 0 0 7.6 117 126 1.4 0.3
"27" "27" 1995-02-27 27.98 "DET" "" "MIL" "W" 8 0 12 0.333 0.333 18.6 17.8 18.2 50 4.3 0 25 14.8 104 90 4.7 4.8
"28" "28" 1995-03-01 27.99 "DET" "" "IND" "W" 13 0 8 0 0 14.6 45 29.6 15.8 7 0 50 23.6 29 74 -0.5 -14.6
"29" "29" 1995-03-03 27.99 "DET" "@" "ATL" "L" -16 0 13 1.167 1.167 0 7.4 4 0 0 6.1 0 10.5 233 107 6.7 15.7
"30" "30" 1995-03-04 27.99 "DET" "@" "DAL" "W" 7 0 11 0.5 0.5 0 25.7 14.5 41.9 0 0 0 16.5 125 97 4.6 3.5
"31" "31" 1995-03-07 28 "DET" "@" "CLE" "L" -8 0 6 0 0 0 21.6 11.4 45.7 0 0 0 18.6 56 115 0.3 -10.2
"32" "32" 1995-03-08 28.01 "DET" "@" "WSB" "W" 9 0 5 0.615 0.5 0 22.9 11.9 0 0 0 29.1 29.5 84 105 0.5 -19.8
"33" "33" 1995-03-12 28.02 "DET" "" "SEA" "L" -40 0 20 0.654 0.667 0 5.6 2.8 37.8 2.4 0 12.7 16.7 124 135 7.9 0
"34" "34" 1995-03-14 28.02 "DET" "@" "PHO" "L" -7 1 24 0 0 10.3 16.2 13.2 50 0 0 25 15.2 78 130 1.2 -11.7
"35" "35" 1995-03-15 28.02 "DET" "@" "LAC" "L" -30 1 19 0.25 0.25 6.3 11 8.8 26.6 0 0 33.3 14.3 62 133 0.2 -12
"36" "36" 1995-03-18 28.03 "DET" "@" "SEA" "L" -23 0 13 0.25 0.25 0 0 0 11.1 0 0 20 16.1 57 149 -1.1 -19.6
"37" "37" 1995-03-23 28.05 "DET" "" "DAL" "L" -8 0 11 0.5 0.5 0 9.1 4.6 26.7 4.7 0 33.3 11.8 86 107 2.3 -2
"38" "38" 1995-03-25 28.05 "DET" "" "BOS" "W" 1 0 8 0.333 0.333 0 0 0 18.2 0 0 0 16 97 125 0.6 -11.2
"39" "39" 1995-04-07 28.09 "DET" "" "ORL" "W" 10 0 1 NA NA 0 0 0 0 0 0 NA 0 0 117 0 -9.5
"40" "40" 1995-04-11 28.1 "DET" "@" "MIL" "L" -5 0 12 0.833 0.833 13.4 0 5.3 23.8 4.4 0 0 12.3 176 114 6 9.8
"41" "41" 1995-04-12 28.1 "DET" "" "CHI" "L" -11 0 16 0.667 0.667 0 14.3 7.7 7.9 0 0 0 9 142 136 2.8 -8.9
"42" "42" 1995-04-14 28.11 "DET" "" "CHH" "L" -8 0 13 0.333 0.333 0 0 0 0 0 0 25 29.1 47 111 -1.4 -19.5
"43" "43" 1995-04-15 28.11 "DET" "@" "BOS" "L" -25 0 20 0.307 0.25 0 10.7 5.3 31.9 0 0 38.1 16.6 63 125 0.9 -12.3
"44" "44" 1995-04-18 28.12 "DET" "" "CLE" "W" 9 0 19 0.266 0 0 5.1 2.7 7.9 0 0 0 4.5 88 93 -0.3 -7.9
"45" "45" 1995-04-20 28.12 "DET" "@" "CHI" "L" -15 0 22 0.417 0.417 0 0 0 11.6 0 0 33.3 16.1 65 122 -0.4 -12.4
"46" "46" 1995-04-21 28.13 "DET" "@" "ATL" "L" -17 0 25 0.429 0.429 4.2 4.1 4.1 18.6 1.9 0 22.2 14.9 90 129 5.1 -6.6
"47" "47" 1995-04-23 28.13 "DET" "@" "MIA" "L" -24 0 20 0.463 0.455 4.6 0 2.4 15.8 0 3.7 0 25.7 105 138 5.7 -2.5
"1" "1" 1999-02-18 31.96 "TOR" "" "WAS" "L" -7 0 20.05 0.174 0 0 17.6 8.1 33.1 0 0 41 10.3 51 107 0.1 -8.9
"2" "2" 1999-02-19 31.96 "TOR" "" "MIL" "W" 8 0 6.16666666666667 0 0 0 19 9.4 0 0 0 0 15.2 0 103 -1.5 -26.1
"3" "3" 1999-02-21 31.96 "TOR" "" "VAN" "W" 15 0 8.56666666666667 1 1 0 0 0 41.4 0 0 50 10.9 105 106 1.7 -5.5
"4" "4" 1999-02-23 31.97 "TOR" "@" "DET" "L" -26 0 7.93333333333333 0.568 NA 12.2 0 8.1 19.4 7 0 69.4 16.8 57 117 1 -3.9
"5" NA 1999-02-24 31.97 "TOR" "@" "IND" "L" -20 NA NA NA NA NA NA NA NA NA NA NA NA NA NA NA NA
"6" NA 1999-02-26 31.98 "TOR" "" "MIN" "W" 10 NA NA NA NA NA NA NA NA NA NA NA NA NA NA NA NA
"7" "5" 1999-02-28 31.98 "TOR" "" "CHI" "L" -2 0 7.53333333333333 0.5 0.5 0 0 0 0 0 0 0 13.8 103 111 0.6 -9.4
"8" NA 1999-03-01 31.99 "TOR" "@" "CHH" "L" -3 NA NA NA NA NA NA NA NA NA NA NA NA NA NA NA NA
"9" NA 1999-03-04 31.99 "TOR" "@" "ATL" "W" 9 NA NA NA NA NA NA NA NA NA NA NA NA NA NA NA NA
"10" NA 1999-03-05 32 "TOR" "" "ORL" "L" -5 NA NA NA NA NA NA NA NA NA NA NA NA NA NA NA NA
"11" NA 1999-03-07 32 "TOR" "" "BOS" "W" 13 NA NA NA NA NA NA NA NA NA NA NA NA NA NA NA NA
"12" NA 1999-04-30 32.15 "TOR" "@" "CLE" "L" -8 NA NA NA NA NA NA NA NA NA NA NA NA NA NA NA NA
"13" NA 1999-05-01 32.15 "TOR" "@" "PHI" "L" -7 NA NA NA NA NA NA NA NA NA NA NA NA NA NA NA NA
"14" NA 1999-05-04 32.16 "TOR" "@" "MIL" "L" -13 NA NA NA NA NA NA NA NA NA NA NA NA NA NA NA NA
"15" "6" 1999-05-05 32.16 "TOR" "" "CLE" "W" 9 0 7.3 1 1 0 18.5 8.8 23.5 0 0 66.7 19.4 56 110 0.7 -13.5
