"Rk" "G" "Date" "Age" "Tm" "H/A" "Opp" "W/L" "By Amt" "GS" "MP" "TS%" "eFG%" "ORB%" "DRB%" "TRB%" "AST%" "STL%" "BLK%" "TOV%" "USG%" "ORtg" "DRtg" "GmSc" "BPM"
"1" "" 2017-10-18 20.24 "PHI" "@" "WAS" "L" -5 NA NA NA NA NA NA NA NA NA NA NA NA NA NA NA NA
"2" "" 2017-10-20 20.24 "PHI" "" "BOS" "L" -10 NA NA NA NA NA NA NA NA NA NA NA NA NA NA NA NA
"3" "" 2017-10-21 20.24 "PHI" "@" "TOR" "L" -34 NA NA NA NA NA NA NA NA NA NA NA NA NA NA NA NA
"4" "" 2017-10-23 20.25 "PHI" "@" "DET" "W" 11 NA NA NA NA NA NA NA NA NA NA NA NA NA NA NA NA
"5" "" 2017-10-25 20.25 "PHI" "" "HOU" "L" -1 NA NA NA NA NA NA NA NA NA NA NA NA NA NA NA NA
"6" "" 2017-10-28 20.26 "PHI" "@" "DAL" "W" 2 NA NA NA NA NA NA NA NA NA NA NA NA NA NA NA NA
"7" "" 2017-10-30 20.27 "PHI" "@" "HOU" "W" 8 NA NA NA NA NA NA NA NA NA NA NA NA NA NA NA NA
"8" "" 2017-11-01 20.27 "PHI" "" "ATL" "W" 10 NA NA NA NA NA NA NA NA NA NA NA NA NA NA NA NA
"9" "" 2017-11-03 20.28 "PHI" "" "IND" "W" 11 NA NA NA NA NA NA NA NA NA NA NA NA NA NA NA NA
"10" "" 2017-11-07 20.29 "PHI" "@" "UTA" "W" 7 NA NA NA NA NA NA NA NA NA NA NA NA NA NA NA NA
"11" "" 2017-11-09 20.3 "PHI" "@" "SAC" "L" -1 NA NA NA NA NA NA NA NA NA NA NA NA NA NA NA NA
"12" "1" 2017-11-11 20.3 "PHI" "@" "GSW" "L" -21 0 3 0.5 0.5 33.3 55.2 41.6 0 0 0 0 26.3 120 127 1.6 -4
"13" "" 2017-11-13 20.31 "PHI" "@" "LAC" "W" 4 NA NA NA NA NA NA NA NA NA NA NA NA NA NA NA NA
"14" "" 2017-11-15 20.31 "PHI" "@" "LAL" "W" 6 NA NA NA NA NA NA NA NA NA NA NA NA NA NA NA NA
"15" "" 2017-11-18 20.32 "PHI" "" "GSW" "L" -8 NA NA NA NA NA NA NA NA NA NA NA NA NA NA NA NA
"16" "2" 2017-11-20 20.33 "PHI" "" "UTA" "W" 21 0 0.9 NA NA 0 0 0 0 0 0 NA 0 0 98 0 -2
"17" "3" 2017-11-22 20.33 "PHI" "" "POR" "W" 20 0 2.15 1.136 NA 0 0 0 0 0 0 0 17 250 92 2 18.5
"18" "4" 2017-11-25 20.34 "PHI" "" "ORL" "W" 19 0 1.5 0 0 0 65.3 34 66.7 31.7 0 0 55.7 37 35 0.6 -2
"19" "5" 2017-11-27 20.35 "PHI" "" "CLE" "L" -22 0 4.63333333333333 0 0 0 0 0 0 0 0 0 17.7 0 131 -1.4 -22.2
"20" "" 2017-11-29 20.35 "PHI" "" "WAS" "W" 5 NA NA NA NA NA NA NA NA NA NA NA NA NA NA NA NA
"21" "" 2017-11-30 20.35 "PHI" "@" "BOS" "L" -11 NA NA NA NA NA NA NA NA NA NA NA NA NA NA NA NA
"22" "" 2017-12-02 20.36 "PHI" "" "DET" "W" 5 NA NA NA NA NA NA NA NA NA NA NA NA NA NA NA NA
"23" "" 2017-12-04 20.36 "PHI" "" "PHO" "L" -14 NA NA NA NA NA NA NA NA NA NA NA NA NA NA NA NA
"24" "" 2017-12-07 20.37 "PHI" "" "LAL" "L" -3 NA NA NA NA NA NA NA NA NA NA NA NA NA NA NA NA
"25" "" 2017-12-09 20.38 "PHI" "@" "CLE" "L" -7 NA NA NA NA NA NA NA NA NA NA NA NA NA NA NA NA
"26" "6" 2017-12-10 20.38 "PHI" "@" "NOP" "L" -7 0 19.8 0.417 0.417 4.8 16.2 9.1 6.2 0 0 14.3 13.4 96 134 1.4 -8.4
"27" "" 2017-12-12 20.39 "PHI" "@" "MIN" "W" 6 NA NA NA NA NA NA NA NA NA NA NA NA NA NA NA NA
"28" "" 2017-12-15 20.39 "PHI" "" "OKC" "L" -2 NA NA NA NA NA NA NA NA NA NA NA NA NA NA NA NA
"29" "" 2017-12-18 20.4 "PHI" "@" "CHI" "L" -2 NA NA NA NA NA NA NA NA NA NA NA NA NA NA NA NA
"30" "" 2017-12-19 20.41 "PHI" "" "SAC" "L" -6 NA NA NA NA NA NA NA NA NA NA NA NA NA NA NA NA
"31" "" 2017-12-21 20.41 "PHI" "" "TOR" "L" -5 NA NA NA NA NA NA NA NA NA NA NA NA NA NA NA NA
"32" "" 2017-12-23 20.42 "PHI" "@" "TOR" "L" -16 NA NA NA NA NA NA NA NA NA NA NA NA NA NA NA NA
"33" "" 2017-12-25 20.42 "PHI" "@" "NYK" "W" 7 NA NA NA NA NA NA NA NA NA NA NA NA NA NA NA NA
"34" "" 2017-12-28 20.43 "PHI" "@" "POR" "L" -4 NA NA NA NA NA NA NA NA NA NA NA NA NA NA NA NA
"35" "" 2017-12-30 20.44 "PHI" "@" "DEN" "W" 5 NA NA NA NA NA NA NA NA NA NA NA NA NA NA NA NA
"36" "" 2017-12-31 20.44 "PHI" "@" "PHO" "W" 13 NA NA NA NA NA NA NA NA NA NA NA NA NA NA NA NA
"37" "" 2018-01-03 20.45 "PHI" "" "SAS" "W" 6 NA NA NA NA NA NA NA NA NA NA NA NA NA NA NA NA
"38" "" 2018-01-05 20.45 "PHI" "" "DET" "W" 36 NA NA NA NA NA NA NA NA NA NA NA NA NA NA NA NA
"39" "" 2018-01-11 20.47 "PHI" "" "BOS" "L" -11 NA NA NA NA NA NA NA NA NA NA NA NA NA NA NA NA
"40" "" 2018-01-15 20.48 "PHI" "" "TOR" "W" 6 NA NA NA NA NA NA NA NA NA NA NA NA NA NA NA NA
"41" "" 2018-01-18 20.49 "PHI" "@" "BOS" "W" 9 NA NA NA NA NA NA NA NA NA NA NA NA NA NA NA NA
"42" "" 2018-01-20 20.49 "PHI" "" "MIL" "W" 22 NA NA NA NA NA NA NA NA NA NA NA NA NA NA NA NA
"43" "" 2018-01-22 20.5 "PHI" "@" "MEM" "L" -4 NA NA NA NA NA NA NA NA NA NA NA NA NA NA NA NA
"44" "" 2018-01-24 20.5 "PHI" "" "CHI" "W" 14 NA NA NA NA NA NA NA NA NA NA NA NA NA NA NA NA
"45" "" 2018-01-26 20.51 "PHI" "@" "SAS" "W" 19 NA NA NA NA NA NA NA NA NA NA NA NA NA NA NA NA
"46" "" 2018-01-28 20.52 "PHI" "@" "OKC" "L" -10 NA NA NA NA NA NA NA NA NA NA NA NA NA NA NA NA
"47" "" 2018-01-29 20.52 "PHI" "@" "MIL" "L" -12 NA NA NA NA NA NA NA NA NA NA NA NA NA NA NA NA
"48" "" 2018-01-31 20.52 "PHI" "@" "BRK" "L" -8 NA NA NA NA NA NA NA NA NA NA NA NA NA NA NA NA
"49" "" 2018-02-02 20.53 "PHI" "" "MIA" "W" 6 NA NA NA NA NA NA NA NA NA NA NA NA NA NA NA NA
"50" "" 2018-02-03 20.53 "PHI" "@" "IND" "L" -8 NA NA NA NA NA NA NA NA NA NA NA NA NA NA NA NA
"51" "" 2018-02-06 20.54 "PHI" "" "WAS" "W" 13 NA NA NA NA NA NA NA NA NA NA NA NA NA NA NA NA
"52" "" 2018-02-09 20.55 "PHI" "" "NOP" "W" 18 NA NA NA NA NA NA NA NA NA NA NA NA NA NA NA NA
"53" "" 2018-02-10 20.55 "PHI" "" "LAC" "W" 14 NA NA NA NA NA NA NA NA NA NA NA NA NA NA NA NA
"54" "" 2018-02-12 20.56 "PHI" "" "NYK" "W" 16 NA NA NA NA NA NA NA NA NA NA NA NA NA NA NA NA
"55" "" 2018-02-14 20.56 "PHI" "" "MIA" "W" 2 NA NA NA NA NA NA NA NA NA NA NA NA NA NA NA NA
"56" "" 2018-02-22 20.58 "PHI" "@" "CHI" "W" 1 NA NA NA NA NA NA NA NA NA NA NA NA NA NA NA NA
"57" "" 2018-02-24 20.59 "PHI" "" "ORL" "W" 11 NA NA NA NA NA NA NA NA NA NA NA NA NA NA NA NA
"58" "" 2018-02-25 20.59 "PHI" "@" "WAS" "L" -15 NA NA NA NA NA NA NA NA NA NA NA NA NA NA NA NA
"59" "" 2018-02-27 20.6 "PHI" "@" "MIA" "L" -1 NA NA NA NA NA NA NA NA NA NA NA NA NA NA NA NA
"60" "" 2018-03-01 20.6 "PHI" "@" "CLE" "W" 11 NA NA NA NA NA NA NA NA NA NA NA NA NA NA NA NA
"61" "" 2018-03-02 20.61 "PHI" "" "CHO" "W" 11 NA NA NA NA NA NA NA NA NA NA NA NA NA NA NA NA
"62" "" 2018-03-04 20.61 "PHI" "@" "MIL" "L" -8 NA NA NA NA NA NA NA NA NA NA NA NA NA NA NA NA
"63" "" 2018-03-06 20.62 "PHI" "@" "CHO" "W" 14 NA NA NA NA NA NA NA NA NA NA NA NA NA NA NA NA
"64" "" 2018-03-08 20.62 "PHI" "@" "MIA" "L" -9 NA NA NA NA NA NA NA NA NA NA NA NA NA NA NA NA
"65" "" 2018-03-11 20.63 "PHI" "@" "BRK" "W" 23 NA NA NA NA NA NA NA NA NA NA NA NA NA NA NA NA
"66" "" 2018-03-13 20.64 "PHI" "" "IND" "L" -3 NA NA NA NA NA NA NA NA NA NA NA NA NA NA NA NA
"67" "" 2018-03-15 20.64 "PHI" "@" "NYK" "W" 8 NA NA NA NA NA NA NA NA NA NA NA NA NA NA NA NA
"68" "" 2018-03-16 20.64 "PHI" "" "BRK" "W" 4 NA NA NA NA NA NA NA NA NA NA NA NA NA NA NA NA
"69" "" 2018-03-19 20.65 "PHI" "" "CHO" "W" 14 NA NA NA NA NA NA NA NA NA NA NA NA NA NA NA NA
"70" "" 2018-03-21 20.66 "PHI" "" "MEM" "W" 14 NA NA NA NA NA NA NA NA NA NA NA NA NA NA NA NA
"71" "7" 2018-03-22 20.66 "PHI" "@" "ORL" "W" 20 0 12 0.3 0.3 0 0 0 10.5 0 0 16.7 20.8 62 105 -0.4 -12.7
"72" "8" 2018-03-24 20.67 "PHI" "" "MIN" "W" 12 0 10.45 0.387 0.5 0 8.1 4.4 0 0 6.3 0 15 69 101 0.7 -6.3
"73" "9" 2018-03-26 20.67 "PHI" "" "DEN" "W" 19 0 1.58333333333333 NA NA 0 63.2 33.7 0 0 0 NA 0 0 95 0.3 0.5
"74" "" 2018-03-28 20.68 "PHI" "" "NYK" "W" 17 NA NA NA NA NA NA NA NA NA NA NA NA NA NA NA NA
"75" "10" 2018-03-30 20.68 "PHI" "@" "ATL" "W" 10 0 4.81666666666667 0 0 0 16.9 8.9 0 0 0 0 8.6 0 91 -0.8 -16.7
"76" "11" 2018-04-01 20.69 "PHI" "@" "CHO" "W" 17 0 3.15 1.5 1.5 0 0 0 0 0 0 0 13.6 300 113 2.7 23.3
"77" "12" 2018-04-03 20.69 "PHI" "" "BRK" "W" 26 0 5.48333333333333 1.25 1.25 0 34.3 19.2 0 8.5 0 0 16.1 250 75 5.2 24.1
"78" "" 2018-04-04 20.7 "PHI" "@" "DET" "W" 7 NA NA NA NA NA NA NA NA NA NA NA NA NA NA NA NA
"79" "" 2018-04-06 20.7 "PHI" "" "CLE" "W" 2 NA NA NA NA NA NA NA NA NA NA NA NA NA NA NA NA
"80" "13" 2018-04-08 20.71 "PHI" "" "DAL" "W" 12 0 2.4 0 0 0 0 0 0 0 0 0 37.3 0 109 -1.4 -43.5
"81" "" 2018-04-10 20.71 "PHI" "@" "ATL" "W" 8 NA NA NA NA NA NA NA NA NA NA NA NA NA NA NA NA
"82" "14" 2018-04-11 20.72 "PHI" "" "MIL" "W" 35 0 7.86666666666667 0 0 0 0 0 11.7 0 0 0 9.9 39 103 -1.9 -20
"1" "1" 2018-10-16 21.23 "PHI" "@" "BOS" "L" -18 0 1.45 NA NA 0 0 0 0 0 0 NA 0 0 111 0 -6.9
"2" "2" 2018-10-18 21.24 "PHI" "" "CHI" "W" 19 0 7.75 0 0 0 12.6 6.6 0 0 0 0 5.2 0 107 -0.4 -13.2
"3" "3" 2018-10-20 21.24 "PHI" "" "ORL" "W" 1 0 6.5 NA NA 0 15.7 7.8 0 7.7 0 NA 0 0 106 0.5 -5.9
"4" "" 2018-10-23 21.25 "PHI" "@" "DET" "L" -1 NA NA NA NA NA NA NA NA NA NA NA NA NA NA NA NA
"5" "4" 2018-10-24 21.25 "PHI" "@" "MIL" "L" -15 0 6.06666666666667 0.5 0.5 0 15.5 7.8 0 0 0 0 13.1 93 114 0.9 -7
"6" "" 2018-10-27 21.26 "PHI" "" "CHO" "W" 2 NA NA NA NA NA NA NA NA NA NA NA NA NA NA NA NA
"7" "5" 2018-10-29 21.27 "PHI" "" "ATL" "W" 21 0 4.58333333333333 0.5 0.5 0 36.1 18.9 0 0 0 0 16.6 101 87 1.6 -3.5
"8" "" 2018-10-30 21.27 "PHI" "@" "TOR" "L" -17 NA NA NA NA NA NA NA NA NA NA NA NA NA NA NA NA
"9" "" 2018-11-01 21.27 "PHI" "" "LAC" "W" 9 NA NA NA NA NA NA NA NA NA NA NA NA NA NA NA NA
"10" "" 2018-11-03 21.28 "PHI" "" "DET" "W" 10 NA NA NA NA NA NA NA NA NA NA NA NA NA NA NA NA
"11" "6" 2018-11-04 21.28 "PHI" "@" "BRK" "L" -25 0 3.45 0.5 0.5 0 0 0 0 0 0 0 25.3 102 128 1 -5.3
"12" "" 2018-11-07 21.29 "PHI" "@" "IND" "W" 6 NA NA NA NA NA NA NA NA NA NA NA NA NA NA NA NA
"13" "" 2018-11-09 21.3 "PHI" "" "CHO" "W" 1 NA NA NA NA NA NA NA NA NA NA NA NA NA NA NA NA
"14" "7" 2018-11-10 21.3 "PHI" "@" "MEM" "L" -6 0 22.8833333333333 0.676 0.688 6.1 12.6 10 13.3 4.4 0 18.4 21.9 112 104 10.2 7.3
"15" "8" 2018-11-12 21.3 "PHI" "@" "MIA" "W" 10 0 22.4166666666667 0.775 0.722 5.1 16.1 10.4 0 2.2 0 0 20.2 158 115 12.3 6.4
"16" "9" 2018-11-14 21.31 "PHI" "@" "ORL" "L" -5 0 15.0833333333333 0.571 0.571 0 26.5 12.2 10.1 3.4 0 0 20.9 116 112 6.9 5.9
"17" "10" 2018-11-16 21.32 "PHI" "" "UTA" "W" 6 0 10.5 1 1 11.7 22.3 17.1 12.5 0 0 0 4.1 210 108 3.3 4.2
"18" "11" 2018-11-17 21.32 "PHI" "@" "CHO" "W" 3 0 15.7833333333333 0.307 0.25 6.9 19 13.2 28.3 0 0 0 12.7 99 107 3.5 -2
"19" "12" 2018-11-19 21.32 "PHI" "" "PHO" "W" 5 0 15.7166666666667 0.2 0.2 7.8 13.6 10.9 32.2 0 0 28.6 17.6 68 114 0.6 -8.5
"20" "13" 2018-11-21 21.33 "PHI" "" "NOP" "W" 1 0 4.85 0.25 0.25 0 0 0 29 9.2 0 0 31.6 69 101 0.5 -9.2
"21" "" 2018-11-23 21.33 "PHI" "" "CLE" "L" -9 NA NA NA NA NA NA NA NA NA NA NA NA NA NA NA NA
"22" "14" 2018-11-25 21.34 "PHI" "@" "BRK" "W" 2 0 7.2 0.25 0.25 0 17.1 7.8 0 6.6 0 0 23.3 57 115 0.5 -15.2
"23" "15" 2018-11-28 21.35 "PHI" "" "NYK" "W" 26 0 22.75 0.527 0.5 0 4 2.3 5.5 0 0 0 20 109 100 6.2 -4.8
"24" "16" 2018-11-30 21.35 "PHI" "" "WAS" "W" 25 0 19.8333333333333 0.514 0.35 0 9.9 4.8 33.9 2.3 0 0 24.6 135 97 11.9 6.2
"25" "17" 2018-12-02 21.36 "PHI" "" "MEM" "W" 8 0 15.1333333333333 0.75 0.75 0 7.2 4 21.4 6.4 0 0 12.3 148 86 7.7 17.6
"26" "18" 2018-12-05 21.37 "PHI" "@" "TOR" "L" -11 0 6.78333333333333 0 0 0 0 0 0 0 0 0 12.3 0 121 -1.4 -17.1
"27" "19" 2018-12-07 21.37 "PHI" "@" "DET" "W" 6 0 4.23333333333333 0.25 0.25 25.8 50.4 38.2 0 11.4 18.6 20 49.2 56 68 1.2 -8.5
"28" "20" 2018-12-10 21.38 "PHI" "" "DET" "W" 14 0 25.8 0.75 0.75 3.6 26.6 13.9 7.2 1.9 0 0 19.2 150 103 15.8 9.7
"29" "21" 2018-12-12 21.39 "PHI" "" "BRK" "L" -3 1 34.6666666666667 0.643 0.643 0 12.2 5.6 21.3 4.1 0 17.6 20.5 115 123 15.7 2.7
"30" "22" 2018-12-14 21.39 "PHI" "" "IND" "L" -12 1 29.4 0.3 0.3 0 7.6 3.4 0 0 0 16.7 16.9 56 123 -3.2 -14.5
"31" "23" 2018-12-16 21.4 "PHI" "@" "CLE" "W" 23 0 21.75 0.167 0.167 0 26.3 13.6 9 0 3.8 14.3 14.1 53 108 0.4 -13.2
"32" "24" 2018-12-17 21.4 "PHI" "@" "SAS" "L" -27 0 17.6333333333333 0.313 0.313 10.3 16.5 12.7 7.9 0 0 0 19.6 83 132 2.1 -10.6
"33" "25" 2018-12-19 21.41 "PHI" "" "NYK" "W" 22 0 16.8666666666667 1.014 1 0 18.6 9.9 0 0 0 0 11.7 193 113 7.5 2.9
"34" "26" 2018-12-22 21.41 "PHI" "" "TOR" "W" 25 0 19.3833333333333 0.775 0.778 0 17.4 10.5 0 6.9 0 8.8 25.2 124 85 14.9 12.9
"35" "27" 2018-12-25 21.42 "PHI" "@" "BOS" "L" -7 0 9.61666666666667 0.5 0.5 0 18.4 9.9 0 0 0 0 13.4 96 111 1.1 -5
"36" "28" 2018-12-27 21.43 "PHI" "@" "UTA" "W" 17 0 15.7166666666667 0.515 0.5 0 12.2 6.7 0 3.1 0 0 11.1 105 99 3.5 -0.4
"37" "29" 2018-12-30 21.44 "PHI" "@" "POR" "L" -34 0 21.7 0.388 0.333 0 19.5 7 0 6.2 0 0 24 79 113 5.5 -2.5
"38" "30" 2019-01-01 21.44 "PHI" "@" "LAC" "W" 6 0 11.6666666666667 0.233 0.167 0 16.5 8.6 10.9 0 0 13.4 25.2 59 112 -1.3 -19.9
"39" "31" 2019-01-02 21.44 "PHI" "@" "PHO" "W" 5 1 29.8333333333333 0.556 0.556 0 13.1 7.9 14.4 1.5 0 25 16.8 91 120 5 -6.2
"40" "32" 2019-01-05 21.45 "PHI" "" "DAL" "W" 6 1 27.8166666666667 0.394 0.313 0 20.7 10.6 19.4 0 0 0 14.3 98 103 6.4 -3.5
"41" "33" 2019-01-08 21.46 "PHI" "" "WAS" "W" 17 1 24.3666666666667 0.775 0.722 4.8 4.7 4.7 20.1 0 0 16.2 20.6 140 119 12.3 1.3
"42" "34" 2019-01-09 21.46 "PHI" "@" "WAS" "L" -17 1 25.9 0.707 0.7 12.4 9.3 10.9 13.4 3.6 0 15 20 131 119 13.9 9.1
"43" "35" 2019-01-11 21.47 "PHI" "" "ATL" "L" -2 0 4.46666666666667 0 0 0 0 0 0 0 0 50 18.9 0 136 -2.1 -34
"44" "36" 2019-01-13 21.47 "PHI" "@" "NYK" "W" 3 0 9.16666666666667 0 0 0 0 0 0 0 0 0 4.5 0 113 -0.7 -11.4
"45" "37" 2019-01-15 21.48 "PHI" "" "MIN" "W" 42 0 10.4 0.174 0 0 50.3 31.5 8.4 0 0 25.8 15.4 49 98 -0.1 -16.7
"46" "38" 2019-01-17 21.48 "PHI" "@" "IND" "W" 24 0 1.15 NA NA 0 0 0 90.7 0 0 NA 0 239 108 0.7 24.5
"47" "" 2019-01-19 21.49 "PHI" "" "OKC" "L" -2 NA NA NA NA NA NA NA NA NA NA NA NA NA NA NA NA
"48" "39" 2019-01-21 21.5 "PHI" "" "HOU" "W" 28 0 10.9333333333333 0.75 0.75 0 8.6 4.7 12.8 0 0 20 19 120 102 3.6 2.1
"49" "" 2019-01-23 21.5 "PHI" "" "SAS" "W" 2 NA NA NA NA NA NA NA NA NA NA NA NA NA NA NA NA
"50" "40" 2019-01-26 21.51 "PHI" "@" "DEN" "L" -16 0 9.11666666666667 0.81 0.833 0 12.8 5.7 0 0 0 0 19.8 154 127 5.2 4.6
"51" "41" 2019-01-29 21.52 "PHI" "@" "LAL" "W" 16 0 1.18333333333333 1.5 1.5 0 0 0 0 0 0 0 34.6 300 114 2.7 72.6
"52" "" 2019-01-31 21.52 "PHI" "@" "GSW" "W" 9 NA NA NA NA NA NA NA NA NA NA NA NA NA NA NA NA
"53" "42" 2019-02-02 21.53 "PHI" "@" "SAC" "L" -7 0 3.1 0 0 0 0 0 0 15.2 0 0 26.5 0 89 -0.4 -11.2
"54" "43" 2019-02-05 21.54 "PHI" "" "TOR" "L" -12 0 19.5666666666667 0.517 0.313 0 5.6 3.2 0 2.6 0 8.6 26.9 100 126 4.9 -6.9
"55" "44" 2019-02-08 21.55 "PHI" "" "DEN" "W" 7 0 12.3 1 1 10 9.1 9.5 0 0 0 0 7.2 206 115 3.6 0.9
"56" "45" 2019-02-10 21.55 "PHI" "" "LAL" "W" 23 0 16.5666666666667 0.7 0.7 14.1 26.3 20.5 12.2 2.7 0 16.7 15.3 135 110 8.7 5.1
"57" "46" 2019-02-12 21.56 "PHI" "" "BOS" "L" -3 0 10.7666666666667 0.333 0.333 0 0 0 25.8 0 0 0 12.4 100 126 1.7 -2.6
"58" "" 2019-02-13 21.56 "PHI" "@" "NYK" "W" 15 NA NA NA NA NA NA NA NA NA NA NA NA NA NA NA NA
"59" "" 2019-02-21 21.58 "PHI" "" "MIA" "W" 4 NA NA NA NA NA NA NA NA NA NA NA NA NA NA NA NA
"60" "" 2019-02-23 21.59 "PHI" "" "POR" "L" -15 NA NA NA NA NA NA NA NA NA NA NA NA NA NA NA NA
"61" "" 2019-02-25 21.59 "PHI" "@" "NOP" "W" 1 NA NA NA NA NA NA NA NA NA NA NA NA NA NA NA NA
"62" "" 2019-02-28 21.6 "PHI" "@" "OKC" "W" 4 NA NA NA NA NA NA NA NA NA NA NA NA NA NA NA NA
"63" "" 2019-03-02 21.61 "PHI" "" "GSW" "L" -3 NA NA NA NA NA NA NA NA NA NA NA NA NA NA NA NA
"64" "" 2019-03-05 21.61 "PHI" "" "ORL" "W" 8 NA NA NA NA NA NA NA NA NA NA NA NA NA NA NA NA
"65" "" 2019-03-06 21.62 "PHI" "@" "CHI" "L" -1 NA NA NA NA NA NA NA NA NA NA NA NA NA NA NA NA
"66" "" 2019-03-08 21.62 "PHI" "@" "HOU" "L" -16 NA NA NA NA NA NA NA NA NA NA NA NA NA NA NA NA
"67" "" 2019-03-10 21.63 "PHI" "" "IND" "W" 17 NA NA NA NA NA NA NA NA NA NA NA NA NA NA NA NA
"68" "" 2019-03-12 21.63 "PHI" "" "CLE" "W" 7 NA NA NA NA NA NA NA NA NA NA NA NA NA NA NA NA
"69" "" 2019-03-15 21.64 "PHI" "" "SAC" "W" 9 NA NA NA NA NA NA NA NA NA NA NA NA NA NA NA NA
"70" "" 2019-03-17 21.65 "PHI" "@" "MIL" "W" 5 NA NA NA NA NA NA NA NA NA NA NA NA NA NA NA NA
"71" "" 2019-03-19 21.65 "PHI" "@" "CHO" "W" 4 NA NA NA NA NA NA NA NA NA NA NA NA NA NA NA NA
"72" "" 2019-03-20 21.65 "PHI" "" "BOS" "W" 3 NA NA NA NA NA NA NA NA NA NA NA NA NA NA NA NA
"73" "" 2019-03-23 21.66 "PHI" "@" "ATL" "L" -2 NA NA NA NA NA NA NA NA NA NA NA NA NA NA NA NA
"74" "" 2019-03-25 21.67 "PHI" "@" "ORL" "L" -21 NA NA NA NA NA NA NA NA NA NA NA NA NA NA NA NA
"75" "" 2019-03-28 21.68 "PHI" "" "BRK" "W" 13 NA NA NA NA NA NA NA NA NA NA NA NA NA NA NA NA
"76" "" 2019-03-30 21.68 "PHI" "@" "MIN" "W" 9 NA NA NA NA NA NA NA NA NA NA NA NA NA NA NA NA
"77" "" 2019-04-01 21.69 "PHI" "@" "DAL" "L" -20 NA NA NA NA NA NA NA NA NA NA NA NA NA NA NA NA
"78" "" 2019-04-03 21.69 "PHI" "@" "ATL" "L" -8 NA NA NA NA NA NA NA NA NA NA NA NA NA NA NA NA
"79" "" 2019-04-04 21.7 "PHI" "" "MIL" "L" -6 NA NA NA NA NA NA NA NA NA NA NA NA NA NA NA NA
"80" "" 2019-04-06 21.7 "PHI" "@" "CHI" "W" 20 NA NA NA NA NA NA NA NA NA NA NA NA NA NA NA NA
"81" "47" 2019-04-09 21.71 "PHI" "@" "MIA" "L" -23 0 7.51666666666667 0.333 0.333 0 0 0 0 6.2 0 0 16.1 71 110 0.5 -8.7
"82" "48" 2019-04-10 21.71 "PHI" "" "CHI" "W" 16 1 17.8833333333333 0.45 0.438 0 11.4 6.2 6.1 0 0 0 22.6 100 119 4.1 -13.3
"1" "1" 2019-10-23 22.25 "PHI" "" "BOS" "W" 14 0 19.0333333333333 0.75 0.75 0 16.8 9.8 0 0 0 0 4.4 148 95 2.8 -0.2
"2" "2" 2019-10-26 22.26 "PHI" "@" "DET" "W" 6 0 7.76666666666667 0 0 0 0 0 0 0 10.8 40 25.3 0 97 -4.6 -31.6
"3" "3" 2019-10-28 22.26 "PHI" "@" "ATL" "W" 2 0 12.0333333333333 0.333 0.333 0 8.9 4.2 0 3.7 0 0 10 72 97 1.2 -5.8
"4" "4" 2019-10-30 22.27 "PHI" "" "MIN" "W" 22 0 21.5333333333333 0.697 0.65 0 0 0 14 0 0 7.6 23.3 143 100 11.2 6
"5" "5" 2019-11-02 22.28 "PHI" "@" "POR" "W" 1 0 19.6833333333333 0.611 0.611 0 19.8 8.9 11 0 11.1 0 17.8 132 122 9.6 4
"6" "6" 2019-11-04 22.28 "PHI" "@" "PHO" "L" -5 1 33.6833333333333 0.658 0.615 3.2 16.8 9.1 8.5 0 0 11.6 20.8 122 116 13.8 3.6
"7" "7" 2019-11-06 22.29 "PHI" "@" "UTA" "L" -2 0 24.8 0.75 0.75 0 11.8 6.3 0 0 0 0 7.1 138 113 4.1 -1.8
"8" "8" 2019-11-08 22.29 "PHI" "@" "DEN" "L" -3 0 24.9833333333333 1.02 1.1 0 8.5 4.3 6.3 0 0 25.4 13.7 122 112 8.6 2.5
"9" "9" 2019-11-10 22.3 "PHI" "" "CHO" "W" 8 0 27.95 0.607 0.607 0 11.4 6.4 5.1 0 3.4 0 21.7 127 111 11.1 -1
"10" "10" 2019-11-12 22.3 "PHI" "" "CLE" "W" 1 1 31.35 0.556 0.556 3.3 10.4 6.7 4.5 0 0 18.2 15.5 94 108 5.2 -5.9
"11" "11" 2019-11-13 22.31 "PHI" "@" "ORL" "L" -15 1 27.8666666666667 0.409 0.409 0 0 0 0 1.7 0 0 17 81 113 3.1 -6.3
"12" "12" 2019-11-15 22.31 "PHI" "@" "OKC" "L" -8 0 25.7 0.214 0.214 0 0 0 9.6 0 0 0 12.7 71 133 -0.9 -11.4
"13" "13" 2019-11-17 22.32 "PHI" "@" "CLE" "W" 19 0 18.4333333333333 0.732 0.688 0 20.4 12.1 0 0 4 0 22.1 137 96 9.7 1.3
"14" "14" 2019-11-20 22.33 "PHI" "" "NYK" "W" 5 1 16.25 0.2 0.2 0 0 0 8.2 0 0 16.7 16 45 115 -1.8 -18.2
"15" "15" 2019-11-22 22.33 "PHI" "" "SAS" "W" 11 1 33.7833333333333 0.683 0.667 3.4 10.4 6.8 0 2.9 0 7.4 17 127 105 13.2 2.9
"16" "" 2019-11-23 22.33 "PHI" "" "MIA" "W" 27 NA NA NA NA NA NA NA NA NA NA NA NA NA NA NA NA
"17" "16" 2019-11-25 22.34 "PHI" "@" "TOR" "L" -5 0 15.8833333333333 0.45 0.45 6.6 13.4 10 12.6 0 0 9.1 29.9 92 112 3.8 -5
"18" "17" 2019-11-27 22.35 "PHI" "" "SAC" "W" 6 0 21.35 0.333 0.333 0 9 4.9 6.7 0 0 40 10.8 47 101 -1.2 -12.5
"19" "18" 2019-11-29 22.35 "PHI" "@" "NYK" "W" 6 1 30.6 0.507 0.438 0 20 11.3 6 0 0 10.1 14.7 97 104 5.3 -5.4
"20" "19" 2019-11-30 22.35 "PHI" "" "IND" "W" 3 1 22.2166666666667 0.607 0.611 0 0 0 0 4.3 0 0 20.4 110 115 8.9 1.6
"21" "20" 2019-12-02 22.36 "PHI" "" "UTA" "W" 9 1 23.8166666666667 0.509 0.417 0 9.2 4.5 0 0 0 22.5 15.5 78 98 1 -9.5
"22" "21" 2019-12-05 22.37 "PHI" "@" "WAS" "L" -6 1 19.5333333333333 0.667 0.667 0 5 2.9 7.3 0 0 0 13.6 137 127 6 0
"23" "22" 2019-12-07 22.37 "PHI" "" "CLE" "W" 47 1 18.9833333333333 0.5 0.5 0 19.5 11.8 14.6 2.5 0 16.7 14 107 93 5.6 -3.5
"24" "23" 2019-12-08 22.38 "PHI" "" "TOR" "W" 6 1 26.3666666666667 0.25 0.25 0 7.7 4.4 9.5 1.8 0 0 10.3 72 108 1.4 -6.5
"25" "24" 2019-12-10 22.38 "PHI" "" "DEN" "W" 5 0 16.7833333333333 0.75 0.75 0 20.4 9.9 18.3 0 0 0 10.3 161 101 6.3 7.6
"26" "25" 2019-12-12 22.39 "PHI" "@" "BOS" "W" 6 0 8.45 0.875 0.875 0 37 21.8 0 0 0 0 22 161 117 6.3 11.3
"27" "26" 2019-12-13 22.39 "PHI" "" "NOP" "W" 7 0 16.2666666666667 0.333 0.333 0 5.9 3.2 0 0 0 25 10.6 50 118 -1.2 -15.3
"28" "27" 2019-12-15 22.39 "PHI" "@" "BRK" "L" -20 0 14.5666666666667 0.333 0.333 0 7.7 3.7 10.8 6.5 4.7 0 18.1 74 99 3.5 -0.7
"29" "28" 2019-12-18 22.4 "PHI" "" "MIA" "L" -4 0 7.53333333333333 1 1 0 0 0 0 0 0 0 17.2 178 128 3.9 11
"30" "29" 2019-12-20 22.41 "PHI" "" "DAL" "L" -19 0 13.4 0.5 0.5 0 16.7 7.5 11.6 0 0 0 15.9 106 122 3.6 -2.1
"31" "30" 2019-12-21 22.41 "PHI" "" "WAS" "W" 17 0 18.1166666666667 0.6 0.6 0 6 2.9 0 0 0 0 11.3 131 112 2 -6.7
"32" "31" 2019-12-23 22.42 "PHI" "@" "DET" "W" 16 0 21.7 0.656 0.656 10.8 12 11.3 0 7 0 0 31.6 145 107 18.4 12.1
"33" "32" 2019-12-25 22.42 "PHI" "" "MIL" "W" 12 0 25.1666666666667 0.68 0.7 3.6 4.4 4 0 5.8 3.1 0 19.6 136 104 14.5 10.6
"34" "33" 2019-12-27 22.43 "PHI" "@" "ORL" "L" -1 0 21.5166666666667 0.389 0.389 0 13.9 7.2 0 4.4 0 25 24.1 54 94 1.8 -7.2
"35" "34" 2019-12-28 22.43 "PHI" "@" "MIA" "L" -1 0 18.9666666666667 0.313 0.313 0 23.8 12.4 15.3 2.7 0 20 25.2 60 110 1.4 -9.4
"36" "35" 2019-12-31 22.44 "PHI" "@" "IND" "L" -18 0 13.9166666666667 0.643 0.643 7.3 0 4.1 14.9 0 0 0 21.6 136 127 6.7 5.3
"37" "36" 2020-01-03 22.45 "PHI" "@" "HOU" "L" -10 0 18.5 0.581 0.583 0 6.2 2.9 7.6 2.6 0 0 15.7 117 118 6.6 1.2
"38" "37" 2020-01-06 22.45 "PHI" "" "OKC" "W" 7 0 18.8 0.551 0.5 0 16.3 8.6 6.2 0 0 0 12.9 120 117 4.1 -3.5
"39" "38" 2020-01-09 22.46 "PHI" "" "BOS" "W" 11 0 14.25 0.75 0.75 0 23.5 11.8 0 0 0 14.3 21.9 120 108 5.5 3.9
"40" "39" 2020-01-11 22.47 "PHI" "@" "DAL" "L" -18 0 15.8 0.2 0.2 0 7.6 3.1 17.9 3.3 0 0 14.2 62 119 1.6 -7.8
"41" "40" 2020-01-13 22.47 "PHI" "@" "IND" "L" -6 0 23.2 0.3 0.3 0 7.8 4.1 5.9 4.4 0 0 9.5 75 105 3.2 -1
"42" "41" 2020-01-15 22.48 "PHI" "" "BRK" "W" 11 0 20.85 0.493 0.5 10 0 5 0 0 0 11.6 35.7 94 119 6.1 -8.4
"43" "42" 2020-01-17 22.48 "PHI" "" "CHI" "W" 11 0 26.75 1.01 1 0 17.5 8.9 0 0 3.9 7.8 23.6 161 100 20 16.1
"44" "43" 2020-01-18 22.49 "PHI" "@" "NYK" "W" 3 0 21.5333333333333 0.638 0.625 0 0 0 0 0 0 0 29.9 116 102 9 1.5
"45" "44" 2020-01-20 22.49 "PHI" "@" "BRK" "W" 6 0 24.1166666666667 0.421 0.409 0 9 4.4 16.6 0 0 7.8 21.7 92 115 4 -7.8
"46" "45" 2020-01-22 22.5 "PHI" "@" "TOR" "L" -12 0 27.3333333333333 0.612 0.615 0 7.8 3.6 8.2 0 6.6 0 23.2 113 112 11 4.9
"47" "46" 2020-01-25 22.51 "PHI" "" "LAL" "W" 17 0 23 0.409 0.409 0 0 0 6 0 0 21.4 27.2 69 100 -0.6 -11.9
"48" "47" 2020-01-28 22.52 "PHI" "" "GSW" "W" 11 0 21.9166666666667 0.571 0.571 0 9.1 5.2 12.4 0 9.3 12.5 16.3 99 99 6.3 2.5
"49" "48" 2020-01-30 22.52 "PHI" "@" "ATL" "L" -10 0 21.1833333333333 0 0 0 5.1 2.5 6 2.2 0 0 13.9 10 123 -2.9 -17.1
"50" "49" 2020-02-01 22.53 "PHI" "@" "BOS" "L" -21 0 25.2833333333333 0.651 0.556 4.1 13.2 8.5 16.2 2 0 8.5 20 134 121 11.1 6.8
"51" "50" 2020-02-03 22.53 "PHI" "@" "MIA" "L" -31 0 16.0833333333333 0.375 0.375 0 16.6 7.6 19.9 0 0 11.1 24.9 85 150 0.6 -13.5
"52" "51" 2020-02-06 22.54 "PHI" "@" "MIL" "L" -11 0 28.2333333333333 0.466 0.417 0 10.6 4.6 5.6 0 0 0 18.9 97 113 6.8 -3.1
"53" "52" 2020-02-07 22.54 "PHI" "" "MEM" "W" 12 0 28.7666666666667 0.928 0.971 12.2 10.2 11.1 25.4 0 2.3 9.8 29.1 155 106 31 22.8
"54" "53" 2020-02-09 22.55 "PHI" "" "CHI" "W" 7 0 31.5666666666667 0.889 0.882 3.5 14.1 8.8 12.8 4.7 0 10.3 25.9 151 110 28.2 18.6
"55" "54" 2020-02-11 22.55 "PHI" "" "LAC" "W" 7 1 23.4 0 0 0 4.7 2.2 0 2.1 0 0 9.3 0 107 -2.2 -13.2
"56" "55" 2020-02-20 22.58 "PHI" "" "BRK" "W" 8 0 17.8666666666667 0.4 0.4 6.6 0 3.1 0 0 4.4 0 13 95 109 2.3 -4.5
"57" "56" 2020-02-22 22.58 "PHI" "@" "MIL" "L" -21 0 25.8166666666667 0.607 0.607 0 23.2 9.3 8.5 0 0 0 22.3 120 119 12.2 5.4
"58" "57" 2020-02-24 22.59 "PHI" "" "ATL" "W" 17 0 31.0166666666667 0.677 0.563 0 17.5 10.1 7.7 1.5 0 15.3 18 123 110 12 -0.4
"59" "58" 2020-02-26 22.59 "PHI" "@" "CLE" "L" -14 0 24.7833333333333 0.526 0.5 0 6.1 2.5 13.7 2.1 0 7 26.9 101 123 7.7 -3
"60" "59" 2020-02-27 22.6 "PHI" "" "NYK" "W" 9 0 25.5 0.611 0.611 0 4.5 2.3 10.6 0 0 10 18.3 114 125 7.4 -6.3
"61" "60" 2020-03-01 22.61 "PHI" "@" "LAC" "L" -6 0 28.9666666666667 0.388 0.333 0 10 4.5 11.1 0 3.2 16.2 18.1 84 142 1.9 -11.9
"62" "61" 2020-03-03 22.61 "PHI" "@" "LAL" "L" -13 0 23.5333333333333 0.55 0.55 0 10.2 4.8 13.7 4.3 0 0 18.7 122 123 9.6 4.8
"63" "62" 2020-03-05 22.62 "PHI" "@" "SAC" "W" 17 0 24.7833333333333 0.444 0.357 0 5.5 2.4 13.5 5.9 0 27.6 18.2 83 101 4.5 -3.6
"64" "63" 2020-03-07 22.62 "PHI" "@" "GSW" "L" -4 0 24.3 0.3 0.3 0 16 7.8 5.1 0 0 37.5 15.1 45 132 -2.7 -19.6
"65" "64" 2020-03-11 22.63 "PHI" "" "DET" "W" 18 0 20.95 0.924 0.929 0 21.3 11.2 15 0 0 9.8 21.2 166 116 14.5 9.4
"66" "65" 2020-08-01 23.02 "PHI" "@" "IND" "L" -6 0 14.2833333333333 0.282 0 0 7.5 3.8 14.6 0 0 0 14.3 106 130 1.9 -6.6
"67" "66" 2020-08-03 23.03 "PHI" "" "SAS" "W" 2 0 21.1166666666667 0.685 0.643 0 17 8.6 0 2.2 0 0 17.6 139 125 9.4 2.1
"68" "67" 2020-08-05 23.03 "PHI" "@" "WAS" "W" 9 0 18.5 0.644 0.667 5.8 17.7 11.7 17.2 0 0 11.4 20.9 118 104 8.2 3.4
"69" "68" 2020-08-07 23.04 "PHI" "" "ORL" "W" 7 0 16.55 0.515 0.5 0 6.3 3 0 0 5.2 0 9.7 112 107 1.7 -3.7
"70" "69" 2020-08-09 23.04 "PHI" "@" "POR" "L" -3 0 12.8333333333333 1.094 1.5 0 9.1 4.2 0 3.6 0 23.8 13.1 156 117 6.2 5.6
"71" "70" 2020-08-11 23.05 "PHI" "" "PHO" "L" -13 0 31.5 0.47 0.409 0 0 0 0 1.7 0 7.3 19.6 92 145 4.3 -11.5
"72" "71" 2020-08-12 23.05 "PHI" "" "TOR" "L" -4 0 29.2833333333333 0.831 0.75 3.6 13.4 8.7 21.3 3.1 0 13.7 20.8 148 119 20.3 11.1
"73" "72" 2020-08-14 23.06 "PHI" "@" "HOU" "W" 38 0 16.7333333333333 0.761 0.714 0 32.6 18.4 7.6 0 0 20.2 25.2 119 99 8.5 0.7
"1" "1" 2020-12-23 23.42 "PHI" "" "WAS" "W" 6 0 20.1833333333333 0.611 0.611 0 5.7 2.7 0 2.2 8.2 18.2 22.5 93 97 6.6 3.4
"2" "2" 2020-12-26 23.42 "PHI" "@" "NYK" "W" 20 0 18 0.214 0.214 0 16.7 8.9 7 0 0 30 24.3 39 100 -3.3 -19.5
"3" "3" 2020-12-27 23.43 "PHI" "@" "CLE" "L" -24 0 16.6666666666667 0.225 0.125 0 13.7 6.9 19.1 2.9 0 10.1 25.9 56 116 0.8 -13.2
"4" "" 2020-12-29 23.43 "PHI" "" "TOR" "W" 7 NA NA NA NA NA NA NA NA NA NA NA NA NA NA NA NA
"5" "" 2020-12-31 23.44 "PHI" "@" "ORL" "W" 24 NA NA NA NA NA NA NA NA NA NA NA NA NA NA NA NA
"6" "" 2021-01-02 23.44 "PHI" "" "CHO" "W" 15 NA NA NA NA NA NA NA NA NA NA NA NA NA NA NA NA
"7" "" 2021-01-04 23.45 "PHI" "" "CHO" "W" 17 NA NA NA NA NA NA NA NA NA NA NA NA NA NA NA NA
"8" "" 2021-01-06 23.45 "PHI" "" "WAS" "W" 5 NA NA NA NA NA NA NA NA NA NA NA NA NA NA NA NA
"9" "" 2021-01-07 23.46 "PHI" "@" "BRK" "L" -13 NA NA NA NA NA NA NA NA NA NA NA NA NA NA NA NA
"10" "" 2021-01-09 23.46 "PHI" "" "DEN" "L" -12 NA NA NA NA NA NA NA NA NA NA NA NA NA NA NA NA
"11" "" 2021-01-11 23.47 "PHI" "@" "ATL" "L" -18 NA NA NA NA NA NA NA NA NA NA NA NA NA NA NA NA
"12" "" 2021-01-12 23.47 "PHI" "" "MIA" "W" 3 NA NA NA NA NA NA NA NA NA NA NA NA NA NA NA NA
"13" "" 2021-01-14 23.48 "PHI" "" "MIA" "W" 17 NA NA NA NA NA NA NA NA NA NA NA NA NA NA NA NA
"14" "" 2021-01-16 23.48 "PHI" "@" "MEM" "L" -2 NA NA NA NA NA NA NA NA NA NA NA NA NA NA NA NA
"15" "4" 2021-01-20 23.49 "PHI" "" "BOS" "W" 8 0 19.6333333333333 0.554 0.5 0 6.1 2.8 0 2.5 0 0 14.5 117 115 4.8 -3
"16" "5" 2021-01-22 23.5 "PHI" "" "BOS" "W" 12 0 17.7 0.333 0.333 0 6 3.5 13.7 0 0 10 24.5 82 122 0.8 -13
"17" "6" 2021-01-23 23.5 "PHI" "@" "DET" "W" 4 0 13.0666666666667 1.031 1 0 32.7 16 0 0 0 0 12.4 212 110 7.5 11.7
"18" "7" 2021-01-25 23.51 "PHI" "@" "DET" "L" -15 0 14.2833333333333 0.438 0.438 6.9 29.7 16.2 11.2 3.6 0 0 24 106 122 5.5 0.9
"19" "8" 2021-01-27 23.51 "PHI" "" "LAL" "W" 1 0 10.6166666666667 0.8 0.8 0 0 0 0 4.6 0 0 21 145 107 6.3 14
"20" "9" 2021-01-29 23.52 "PHI" "@" "MIN" "W" 24 0 28.0333333333333 0.667 0.667 3.7 8 5.8 0 3.4 0 0 9 141 94 8.3 2.6
"21" "10" 2021-01-31 23.52 "PHI" "@" "IND" "W" 9 0 22.95 0.66 0.625 0 16.1 7.4 12.9 0 0 7.2 24.7 133 116 11.1 3.4
"22" "11" 2021-02-03 23.53 "PHI" "@" "CHO" "W" 7 0 16.0833333333333 0.667 0.667 0 7.5 3.9 0 3 0 40 13.4 70 114 2 -5.2
"23" "12" 2021-02-04 23.53 "PHI" "" "POR" "L" -16 1 37.8333333333333 0.437 0.393 3 10.6 7 7.8 2.6 0 11.8 19.5 87 123 8.1 -6
"24" "13" 2021-02-06 23.54 "PHI" "" "BRK" "W" 16 0 22.9666666666667 0.591 0.591 5.4 9.1 7.4 5.6 0 0 0 19.4 135 114 8.5 -1.1
"25" "14" 2021-02-09 23.55 "PHI" "@" "SAC" "W" 8 0 17.05 0.825 0.857 0 15.4 8.6 0 0 0 0 18.9 158 108 9.8 7.7
"26" "15" 2021-02-11 23.55 "PHI" "@" "POR" "L" -4 0 23.9333333333333 0.47 0.429 0 20.1 10.8 0 2.1 0 11.8 15.7 86 122 3.6 -9.2
"27" "16" 2021-02-13 23.56 "PHI" "@" "PHO" "L" -9 0 15.65 0.17 0 0 19.8 9.2 0 0 0 14.5 21 34 132 -2.3 -22.3
"28" "17" 2021-02-15 23.56 "PHI" "@" "UTA" "L" -11 0 20.8 0 0 0 12.5 5.9 9.8 2.3 0 28.6 13.9 19 132 -2.5 -14.4
"29" "18" 2021-02-17 23.57 "PHI" "" "HOU" "W" 5 0 15.85 0.417 0.417 0 18.5 10.6 9.2 2.8 0 14.3 18.4 78 106 2.8 -6.3
"30" "19" 2021-02-19 23.58 "PHI" "" "CHI" "W" 7 0 11.45 0.333 0.333 0 0 0 0 4.3 0 40 18.3 40 108 -1.5 -16.5
"31" "20" 2021-02-21 23.58 "PHI" "@" "TOR" "L" -7 0 2.21666666666667 0 0 0 0 0 0 0 0 0 39.2 0 123 -1.4 -44
"32" "21" 2021-02-23 23.59 "PHI" "@" "TOR" "W" 7 1 28.3 0.745 0.682 0 23.7 12.9 13.8 0 0 7.3 21 143 108 15 7.2
"33" "22" 2021-02-25 23.59 "PHI" "" "DAL" "W" 14 0 18.9833333333333 0.571 0.571 0 6.2 2.8 16.1 0 0 0 18.4 119 113 5.8 -0.9
"34" "23" 2021-02-27 23.6 "PHI" "" "CLE" "L" -3 1 19.5666666666667 0.388 0.389 5.8 15.9 11.1 9.1 0 0 8.8 26.1 79 109 3 -10.4
"35" "24" 2021-03-01 23.6 "PHI" "" "IND" "W" 16 0 22.6833333333333 0.638 0.643 0 10.3 5.8 11.3 2 6.8 11.8 31.3 113 103 13.2 6.1
"36" "25" 2021-03-03 23.61 "PHI" "" "UTA" "W" 8 0 12.45 0.752 0.625 0 7.9 4.2 0 0 0 15.8 22.5 126 119 4.5 -1.6
"37" "26" 2021-03-11 23.63 "PHI" "@" "CHI" "W" 22 0 24.3833333333333 0.538 0.536 4.6 0 2.4 20.1 5.9 0 11.8 27.8 111 101 12.7 3.8
"38" "27" 2021-03-12 23.63 "PHI" "@" "WAS" "W" 26 0 24.5333333333333 0.705 0.636 5.4 8.7 7.2 15 3.8 0 7.3 23.6 146 99 16.3 9.6
"39" "28" 2021-03-14 23.64 "PHI" "" "SAS" "W" 35 0 15.0666666666667 1.015 1 0 6.2 3.7 15.9 0 0 0 22.1 209 110 14 20.3
"40" "29" 2021-03-16 23.64 "PHI" "" "NYK" "W" 3 0 23.2333333333333 0.423 0.375 8.3 4.4 6.4 0 4.3 0 6.6 28.7 90 101 7.1 -1.9
"41" "30" 2021-03-17 23.65 "PHI" "" "MIL" "L" -4 0 19.65 0.751 0.75 0 9.3 4.6 15.5 0 4.4 21.5 19 115 98 8.3 7.9
"42" "31" 2021-03-20 23.65 "PHI" "" "SAC" "W" 24 0 18.0833333333333 0.421 0.357 0 0 0 12.4 0 0 10.7 22.7 91 112 2.1 -11.8
"43" "32" 2021-03-21 23.66 "PHI" "@" "NYK" "W" 1 1 28.2166666666667 0.607 0.611 0 0 0 6.2 3.7 0 0 16.7 126 104 8.8 3.4
"44" "33" 2021-03-23 23.66 "PHI" "@" "GSW" "W" 10 1 26.5 0.615 0.625 4 0 2 5.7 0 0 0 15.5 137 107 8.2 3.7
"45" "34" 2021-03-25 23.67 "PHI" "@" "LAL" "W" 8 0 15.6166666666667 0.51 0.5 0 7.9 3.8 0 3 0 14.5 19.4 84 102 2.8 -6.1
"46" "35" 2021-03-27 23.67 "PHI" "@" "LAC" "L" -10 0 12.4833333333333 0 0 0 19.7 10.1 9.9 0 0 0 14.3 19 127 -1.9 -16.5
"47" "36" 2021-03-30 23.68 "PHI" "@" "DEN" "L" -9 0 19.15 0.381 0.286 0 0 0 16.7 7.9 10 0 19.8 89 96 7.7 7.7
"48" "37" 2021-04-01 23.69 "PHI" "@" "CLE" "W" 20 0 19.3166666666667 0.394 0.313 0 5.3 2.6 21.3 2.5 0 0 19.5 103 97 4.8 -5.5
"49" "38" 2021-04-03 23.69 "PHI" "" "MIN" "W" 9 0 13.2 0.5 0.5 0 0 0 21.6 0 0 14.3 23.3 97 126 2.6 -5.8
"50" "39" 2021-04-04 23.7 "PHI" "" "MEM" "L" -16 0 14.35 0.336 0.357 0 15.2 6.8 33.1 3.5 0 11.8 25.4 78 117 2.8 -4.3
"51" "40" 2021-04-06 23.7 "PHI" "@" "BOS" "W" 10 0 13.5333333333333 0.571 0.5 9.3 22.2 15.2 0 3.8 0 10.2 33.6 111 102 7.2 4.2
"52" "41" 2021-04-09 23.71 "PHI" "@" "NOP" "L" -7 0 17.1666666666667 0.667 0.667 0 10.6 5.4 25.6 0 0 18.2 28.3 101 102 6.1 5
"53" "42" 2021-04-10 23.71 "PHI" "@" "OKC" "W" 24 1 30.6 0.678 0.692 3 11.8 6.8 9.5 7.9 2.8 6.3 21.7 131 83 20.2 13.8
"54" "43" 2021-04-12 23.72 "PHI" "@" "DAL" "W" 18 0 18.3666666666667 0.883 0.9 0 11.6 6.1 12.6 5.5 0 8.1 31.1 143 95 17.3 23.6
"55" "44" 2021-04-14 23.72 "PHI" "" "BRK" "W" 6 0 22.8 0.571 0.571 0 16.2 8.4 16.3 4.2 0 0 15.4 125 113 9.5 4.6
"56" "45" 2021-04-16 23.73 "PHI" "" "LAC" "W" 3 1 38.4833333333333 0.583 0.567 0 8.7 4.2 18.1 3.9 0 0 17.8 129 108 15.8 5.6
"57" "46" 2021-04-19 23.74 "PHI" "" "GSW" "L" -11 1 25.1833333333333 0.455 0.455 0 0 0 13.9 2 0 8.3 20.8 87 114 4.5 -5.3
"58" "47" 2021-04-21 23.74 "PHI" "" "PHO" "L" -3 1 21.3833333333333 0.949 0.9 0 11.2 5.8 6.6 0 0 24 17.4 142 135 9 2.9
"59" "" 2021-04-22 23.75 "PHI" "@" "MIL" "L" -7 NA NA NA NA NA NA NA NA NA NA NA NA NA NA NA NA
"60" "" 2021-04-24 23.75 "PHI" "@" "MIL" "L" -38 NA NA NA NA NA NA NA NA NA NA NA NA NA NA NA NA
"61" "48" 2021-04-26 23.76 "PHI" "" "OKC" "W" 31 1 20.5166666666667 0.556 0.556 0 0 0 18.6 2.3 0 0 18.5 131 96 7.6 -0.9
"62" "49" 2021-04-28 23.76 "PHI" "" "ATL" "W" 44 0 16.35 1 1 0 5.6 3.2 0 6.5 0 14.3 19.4 145 91 10.3 15.4
"63" "50" 2021-04-30 23.77 "PHI" "" "ATL" "W" 22 0 17.45 0.611 0.611 10.6 18.8 14.3 30.6 0 0 0 20.6 152 111 11 12.2
"64" "51" 2021-05-02 23.77 "PHI" "@" "SAS" "W" 2 0 13.5 0.19 0.143 7.7 8.5 8.1 41.2 3.8 6 0 26.4 77 102 3.6 0.3
"65" "52" 2021-05-03 23.78 "PHI" "@" "CHI" "W" 12 0 4.61666666666667 0 0 0 21.2 12.4 26 0 0 0 10.4 61 105 -0.1 -12.3
"66" "" 2021-05-05 23.78 "PHI" "@" "HOU" "W" 20 NA NA NA NA NA NA NA NA NA NA NA NA NA NA NA NA
"67" "" 2021-05-07 23.79 "PHI" "" "NOP" "W" 2 NA NA NA NA NA NA NA NA NA NA NA NA NA NA NA NA
"68" "" 2021-05-08 23.79 "PHI" "" "DET" "W" 14 NA NA NA NA NA NA NA NA NA NA NA NA NA NA NA NA
"69" "" 2021-05-11 23.8 "PHI" "@" "IND" "L" -9 NA NA NA NA NA NA NA NA NA NA NA NA NA NA NA NA
"70" "53" 2021-05-13 23.8 "PHI" "@" "MIA" "L" -12 0 21.4666666666667 0.233 0.167 0 0 0 13.2 0 0 13.4 16.8 57 130 -0.4 -12.5
"71" "54" 2021-05-14 23.81 "PHI" "" "ORL" "W" 25 0 20.6833333333333 0.556 0.556 5.3 25.2 15.5 13.4 2.4 0 0 19.1 122 99 9.9 2
"72" "55" 2021-05-16 23.81 "PHI" "" "ORL" "W" 11 1 18.6833333333333 0.333 0.333 5.5 0 2.9 25.1 0 0 18.2 24.5 80 124 0.4 -17.3
