"Rk" "G" "Date" "Age" "Tm" "H/A" "Opp" "W/L" "By Amt" "GS" "MP" "TS%" "eFG%" "ORB%" "DRB%" "TRB%" "AST%" "STL%" "BLK%" "TOV%" "USG%" "ORtg" "DRtg" "GmSc" "BPM"
"1" "1" 1988-11-04 22.35 "PHO" "@" "POR" "L" -15 0 8 0.532 0.5 31.6 15 24.7 0 0 0 0 17.2 132 108 3.4 -0.6
"2" "2" 1988-11-05 22.36 "PHO" "@" "GSW" "L" -13 0 3 0 0 32.7 30.8 31.7 0 0 0 50 25.3 28 102 -1.1 -29.5
"3" "3" 1988-11-11 22.37 "PHO" "" "GSW" "W" 38 0 7 1.064 1 16.3 14.6 15.4 0 0 7.7 34.7 15.8 140 97 3.2 0
"4" "4" 1988-11-12 22.38 "PHO" "@" "LAC" "L" -11 0 1 NA NA 0 0 0 0 0 0 NA 0 0 121 0 -5.3
"5" "5" 1988-11-15 22.38 "PHO" "@" "SAC" "W" 30 0 4 NA NA 0 0 0 0 23.8 0 NA 0 0 46 1.2 13.4
"6" "6" 1988-11-16 22.39 "PHO" "" "IND" "W" 19 0 1 NA NA 0 100 63.2 0 0 0 NA 0 0 76 0.3 2.7
"7" "7" 1988-11-19 22.39 "PHO" "@" "UTA" "L" -13 0 1 NA NA 0 0 0 0 0 0 NA 0 0 121 -0.4 -21.1
"8" "8" 1988-11-25 22.41 "PHO" "" "SEA" "W" 5 1 22 0.266 0 6.2 17.8 13 6.1 0 7.2 0 7.2 91 104 2.9 1.2
"9" "9" 1988-11-26 22.41 "PHO" "@" "SAS" "L" -13 1 12 0 0 17.4 20.5 18.8 0 0 4.5 50 6.7 53 104 -0.6 -11
"10" "10" 1988-11-29 22.42 "PHO" "@" "HOU" "W" 17 1 5 NA NA 0 0 0 40 0 0 NA 0 206 105 1.4 14.1
"11" "11" 1988-12-02 22.43 "PHO" "" "HOU" "W" 15 1 12 0.167 0.167 34 26.7 30.4 0 0 9.4 0 19.6 83 90 2.5 -8.6
"12" "12" 1988-12-03 22.43 "PHO" "" "LAC" "W" 8 1 10 0 0 0 10.6 5.5 0 0 6.2 0 4.1 0 92 -1.7 -12.9
"13" "13" 1988-12-06 22.44 "PHO" "" "WSB" "W" 38 1 13 0.5 0.5 0 13.4 7.5 0 0 8 50 11.4 44 80 -1.4 -9.8
"14" "14" 1988-12-07 22.44 "PHO" "@" "LAL" "L" -14 1 19 0.683 0.667 11.7 23 16.2 0 2.4 8.9 0 13.8 149 110 12.6 8.2
"15" "15" 1988-12-09 22.45 "PHO" "" "GSW" "W" 5 1 7 0 0 0 15.6 7.2 0 0 0 50 11.5 0 105 -1.8 -15.9
"16" "16" 1988-12-13 22.46 "PHO" "@" "SEA" "L" -10 1 8 1.064 1 30 32.1 31.3 0 5.8 0 34.7 14.7 149 100 5.2 7.6
"17" "17" 1988-12-16 22.47 "PHO" "" "POR" "W" 7 1 14 0.515 0.333 13.7 0 7.2 0 0 4.1 20.5 13.1 106 118 2.2 -7.7
"18" "18" 1988-12-17 22.47 "PHO" "@" "POR" "L" -18 1 15 0.515 0.333 7.8 0 3.8 0 9.5 3.7 0 10.7 130 100 5.1 3.1
"19" "19" 1988-12-20 22.48 "PHO" "" "SAS" "W" 18 1 10 1 1 0 0 0 0 0 5.9 40 18.2 82 105 3 -2.7
"20" "20" 1988-12-22 22.48 "PHO" "@" "DEN" "W" 8 1 4 NA NA 0 53.7 28.8 0 0 12.1 100 8.7 0 76 -0.6 -11.6
"21" "21" 1988-12-23 22.49 "PHO" "" "DEN" "W" 12 1 12 0.667 0.667 0 23.5 13.6 0 4 4.7 25 13.7 94 93 3.9 5.6
"22" "22" 1988-12-26 22.5 "PHO" "" "LAL" "W" 15 1 6 0 0 0 0 0 0 7.9 0 0 6.8 0 88 0.3 -0.7
"23" "23" 1988-12-28 22.5 "PHO" "@" "DET" "L" -6 1 6 1 1 0 16 7.5 0 0 0 50 13 72 107 0.2 -7.2
"24" "24" 1988-12-30 22.51 "PHO" "@" "NJN" "W" 7 1 6 0 0 0 15.4 8.6 0 0 16 0 6.7 0 94 0.6 0.1
"25" "25" 1989-01-02 22.52 "PHO" "@" "WSB" "W" 3 1 8 1.025 1 29.3 0 12.1 0 5.5 5.6 0 11.3 210 107 5.5 10
"26" "26" 1989-01-04 22.52 "PHO" "@" "BOS" "W" 2 1 20 0.5 0.5 5.7 25.5 16.2 7 4.8 0 0 8.3 122 95 6.1 5.3
"27" "27" 1989-01-06 22.53 "PHO" "" "DAL" "W" 9 1 5 0 0 0 0 0 0 0 0 0 8.9 0 125 -0.7 -16.4
"28" "28" 1989-01-07 22.53 "PHO" "" "MIA" "W" 8 1 14 0.347 0 8 21 14.9 0 0 7.4 51 16.2 45 93 0.2 -12.6
"29" "29" 1989-01-09 22.53 "PHO" "@" "GSW" "L" -6 1 8 0 0 11.8 36 23.8 0 0 13.6 33.3 13.4 23 101 -0.6 -11
"30" "30" 1989-01-11 22.54 "PHO" "" "CLE" "L" -3 1 8 0 0 0 30.8 15.2 0 0 0 0 5.2 0 122 -0.5 -9.8
"31" "31" 1989-01-13 22.55 "PHO" "" "SAC" "W" 21 0 4 0 0 0 0 0 0 11.3 13.8 0 10 0 56 -0.6 -9.7
"32" "32" 1989-01-16 22.55 "PHO" "@" "CLE" "L" -16 0 1 NA NA 0 100 59.3 0 0 0 NA 0 0 104 0.3 5.3
"33" "33" 1989-01-30 22.59 "PHO" "" "DEN" "W" 26 0 3 1 1 0 0 0 0 0 0 0 13.3 200 100 0.5 -7.4
"34" "34" 1989-02-04 22.61 "PHO" "" "ATL" "L" -2 0 2 0 0 0 100 50.5 0 0 29.1 0 20.7 0 61 0.6 1.5
"35" "35" 1989-02-06 22.61 "PHO" "" "UTA" "W" 17 0 4 0 0 28.6 31.6 30 0 0 0 25 41.4 16 92 -2.5 -44.3
"36" "36" 1989-02-15 22.64 "PHO" "" "SEA" "W" 23 0 4 1 1 70.6 0 24.2 0 0 11.9 25 40 140 113 5.8 16.6
"37" "37" 1989-02-18 22.64 "PHO" "@" "SAC" "W" 19 0 3 0.676 0.75 39 0 16.2 0 0 0 18.4 73.9 120 108 3.7 3.1
"38" "38" 1989-02-20 22.65 "PHO" "@" "UTA" "L" -26 1 19 0.608 0.5 13.3 11.8 12.6 0 0 2.8 14.8 13.9 120 119 6.2 -1.8
"39" "39" 1989-02-21 22.65 "PHO" "" "GSW" "W" 18 0 2 1.136 NA 0 0 0 0 0 25.8 0 8 250 105 1.7 22.7
"40" "40" 1989-02-24 22.66 "PHO" "" "PHI" "W" 25 0 2 NA NA 0 51.1 26.4 0 0 0 NA 0 0 90 0.3 0.4
"41" "41" 1989-02-26 22.67 "PHO" "@" "LAL" "L" -12 0 4 1 1 0 0 0 0 0 25 0 10 200 113 2.7 14.5
"42" "42" 1989-03-02 22.68 "PHO" "" "SAC" "W" 20 0 4 0 NA 0 20.7 11.5 0 0 0 69.4 14.9 0 93 -1.1 -18.8
"43" "43" 1989-03-04 22.68 "PHO" "" "LAC" "W" 42 0 3 0.5 0.5 0 29.6 15.7 0 0 17.2 0 24.4 124 71 1.6 5.7
"44" "44" 1989-03-14 22.71 "PHO" "@" "ATL" "W" 2 0 17 0.5 0.5 5.9 9.3 7.8 0 0 3 0 4.7 122 109 1 -5
"45" "45" 1989-03-17 22.72 "PHO" "" "POR" "W" 5 0 13 0 0 13.9 7.7 11 0 0 4 0 5.6 67 116 -0.6 -10.2
"46" "46" 1989-03-18 22.72 "PHO" "" "SEA" "W" 18 0 13 0.904 1 11.5 9 10.1 0 0 0 0 11.1 186 110 5.2 1.2
"47" "47" 1989-03-20 22.73 "PHO" "" "MIA" "W" 18 0 18 0.427 0.5 20 15.4 17.4 0 2.5 9.1 19.6 22.6 80 86 5.7 -2.5
"48" "48" 1989-03-22 22.73 "PHO" "" "CHI" "L" -1 0 3 1.136 NA 0 65.3 34.8 0 0 0 0 12.6 250 100 2.6 17.7
"49" "49" 1989-03-23 22.73 "PHO" "@" "GSW" "W" 30 0 1 NA NA 0 88.9 52.7 0 0 0 100 36.8 0 78 -0.7 -35.8
"50" "50" 1989-03-25 22.74 "PHO" "@" "LAC" "W" 20 0 6 1 1 0 29.6 16.2 0 0 0 0 13.1 200 96 3.6 7.2
"51" "51" 1989-03-28 22.75 "PHO" "" "LAL" "W" 23 0 4 0.667 0.667 36.4 19.7 25.5 0 0 0 0 32.8 144 105 3.7 6.7
"52" "52" 1989-03-30 22.75 "PHO" "@" "SAC" "L" -12 0 7 0.5 0.5 0 62.3 31.9 0 0 17.6 0 10.7 107 101 3.2 6.6
"53" "53" 1989-03-31 22.76 "PHO" "" "MIL" "W" 18 0 14 1 1 18.5 26.9 23.4 9.2 0 0 0 6.3 209 105 5.5 5.6
"54" "54" 1989-04-06 22.77 "PHO" "@" "SEA" "W" 7 0 8 NA NA 0 0 0 0 0 6.7 NA 0 0 116 -0.1 -2.9
"55" "55" 1989-04-08 22.78 "PHO" "@" "LAC" "W" 18 0 2 0 0 53.3 54.5 53.9 0 0 28.2 50 41.6 36 63 -0.8 -40.4
"56" "56" 1989-04-12 22.79 "PHO" "@" "DAL" "W" 15 0 7 NA NA 31.2 21.4 25.4 15.2 0 14 NA 0 200 80 3.7 15.7
"57" "57" 1989-04-13 22.79 "PHO" "@" "HOU" "W" 8 0 10 0.852 NA 20.9 0 10.1 10.2 0 0 0 7.3 194 124 3.9 4.7
"58" "58" 1989-04-15 22.8 "PHO" "" "SAS" "W" 46 0 14 0.387 0.333 9.8 20.2 15.9 0 0 4 0 10.4 101 81 3.2 -1.7
"59" "59" 1989-04-17 22.8 "PHO" "" "SAC" "W" 55 0 13 0.633 0.6 19.4 7.5 12.7 9.2 0 0 0 19.3 154 96 7.7 4.5
"60" "60" 1989-04-19 22.81 "PHO" "@" "MIA" "W" 26 0 5 0.568 NA 19.6 34.9 27.7 20.9 0 10.5 53.2 15.4 92 73 1.5 4
"61" "61" 1989-04-21 22.81 "PHO" "" "HOU" "L" -11 0 21 0.81 1 0 17.1 6.9 0 2.2 0 18.8 9.7 107 106 5 -0.5
"62" "62" 1989-04-22 22.82 "PHO" "@" "SAS" "W" 10 1 26 0.653 0.615 12.9 27 19.8 0 3.7 4.3 0 23.6 149 102 19.6 8.9
"1" "1" 1989-11-03 23.35 "PHO" "" "GSW" "W" 30 0 5 0 0 21.3 100 62.6 0 0 0 0 14.6 43 67 0.8 -9
"2" "2" 1989-11-07 23.36 "PHO" "@" "LAL" "L" -4 0 5 1 1 19.6 21.3 20.4 0 8.9 0 0 7.8 200 88 3.3 11.9
"3" "3" 1989-11-10 23.37 "PHO" "" "SAC" "W" 21 0 4 1 1 28.6 43.6 37.1 0 0 13.2 33.3 30.2 115 81 3.6 8.1
"4" "4" 1989-11-17 23.39 "PHO" "@" "POR" "L" -1 0 15 0.347 0.5 15.6 20.9 18.4 0 0 14.5 25.8 10.4 74 98 3.5 1
"5" "5" 1989-11-21 23.4 "PHO" "@" "SAS" "L" -9 0 13 1 1 8.4 8.4 8.4 10.8 0 8.4 0 3.3 204 104 4.4 8.6
"6" "6" 1989-11-22 23.4 "PHO" "" "CHI" "L" -5 0 6 NA NA 19 0 9 0 0 0 NA 0 205 115 -0.1 -10.1
"7" "7" 1989-11-24 23.41 "PHO" "" "ORL" "W" 27 0 6 0 0 16.7 0 7.2 0 0 15.7 50 11.9 28 86 0.4 -4.7
"8" "8" 1989-12-01 23.43 "PHO" "" "LAC" "W" 21 0 3 0.2 0.2 71.1 0 33 0 0 0 16.7 78.9 59 101 -0.7 -51.1
"9" "9" 1989-12-07 23.44 "PHO" "@" "LAL" "L" -4 0 4 0 0 0 0 0 0 0 0 0 10.9 0 117 -1.5 -24
"10" "10" 1989-12-08 23.45 "PHO" "" "MIL" "W" 25 0 9 0 0 0 9.9 5.2 0 0 6.3 33.3 11.8 0 89 -3 -17.3
"11" "11" 1989-12-12 23.46 "PHO" "@" "HOU" "L" -22 0 15 0.387 0.333 10.2 43.1 25 11.5 0 7 0 10 103 86 5.7 5.8
"12" "12" 1989-12-13 23.46 "PHO" "@" "UTA" "L" -7 0 5 NA NA 0 24 11 0 9.2 0 NA 0 0 83 1.3 5.8
"13" "13" 1989-12-15 23.47 "PHO" "" "HOU" "W" 25 0 12 0.387 0.333 40 12.9 23.5 0 0 4.3 0 12.4 125 91 4.2 -2.3
"14" "14" 1989-12-17 23.47 "PHO" "@" "SAC" "W" 12 0 1 NA NA 0 0 0 0 0 0 NA 0 0 123 0 -5.5
"15" "15" 1989-12-22 23.48 "PHO" "" "SAS" "L" -4 0 1 NA NA 0 0 0 0 0 56.5 NA 0 0 79 0.7 29.8
"16" "16" 1989-12-26 23.5 "PHO" "" "POR" "W" 16 0 22 1 1 0 11.3 6.9 5.1 0 16.8 66.7 5.3 64 90 6.1 9.2
"17" "17" 1989-12-29 23.5 "PHO" "@" "MIN" "W" 17 0 12 0.376 0.5 19.5 41.7 31.5 0 3.9 8.7 15.8 20.4 78 80 4.3 0
"18" "18" 1989-12-30 23.51 "PHO" "@" "CLE" "L" -8 0 14 0.521 0.5 19 19.8 19.5 10.2 0 4.2 0 9.2 139 112 4.5 3.4
"19" "19" 1990-01-02 23.52 "PHO" "@" "NYK" "W" 14 0 5 1 1 0 32.5 19.2 0 0 0 0 8.4 200 95 1.9 5.7
"20" "20" 1990-01-04 23.52 "PHO" "" "DAL" "W" 17 0 10 NA NA 0 11.7 6.1 0 0 6.3 100 4.4 0 106 -0.4 -5.6
"21" "21" 1990-01-06 23.53 "PHO" "@" "SEA" "L" -10 0 8 NA NA 0 13.3 6.7 14.3 0 0 NA 0 207 122 0.6 1
"22" "22" 1990-01-09 23.53 "PHO" "" "LAL" "W" 3 0 5 0 0 22.6 0 10.7 0 10.4 25.2 0 8.4 66 82 1.6 5.9
"23" "23" 1990-01-12 23.54 "PHO" "" "SAC" "W" 15 0 21 0.694 0.5 14.3 22.3 18 14.7 0 5.9 0 16.6 167 94 13.5 10.2
"24" "24" 1990-01-13 23.55 "PHO" "@" "DEN" "W" 8 0 11 1.025 1 9.5 7.3 8.2 0 3.8 4.7 0 8.3 210 91 6.3 13.3
"25" "25" 1990-01-15 23.55 "PHO" "" "CHH" "W" 10 0 10 0 0 10.8 11 10.9 0 0 5.5 33.3 12.6 22 102 -1.1 -14.4
"26" "26" 1990-01-17 23.56 "PHO" "@" "DAL" "W" 20 0 13 0.694 0.5 9.5 23.6 17.2 0 4.1 14.2 0 10 169 78 6.9 11.6
"27" "27" 1990-01-18 23.56 "PHO" "" "MIN" "W" 17 0 24 0.193 0.167 13.3 14.8 14.3 4.9 0 8.9 20.5 19.4 55 99 0.5 -11.3
"28" "28" 1990-01-20 23.56 "PHO" "" "SEA" "W" 19 0 15 0.5 0.5 13.3 26.7 19 0 0 4.4 20 13.2 97 97 2.8 -6.3
"29" "29" 1990-01-22 23.57 "PHO" "@" "ORL" "W" 23 0 10 NA NA 0 43.6 24.7 0 4.5 5.2 100 4 0 77 0.2 -5.2
"30" "30" 1990-01-23 23.57 "PHO" "@" "MIA" "W" 19 0 14 1.042 1 0 20.6 10.7 0 0 3.7 0 3.9 217 93 3.1 1.1
"31" "31" 1990-01-25 23.58 "PHO" "@" "CHH" "W" 27 0 23 0.25 0.25 0 31.5 18.8 0 0 5.2 0 7.4 54 89 1.4 -4.8
"32" "32" 1990-01-26 23.58 "PHO" "@" "DET" "L" -4 0 14 1 1 0 12.5 7.5 0 0 8.3 0 3.1 200 106 2.9 4.1
"33" "33" 1990-01-28 23.59 "PHO" "@" "BOS" "L" -8 0 7 NA NA 14 20.2 16.5 0 0 0 NA 0 208 133 0.6 -7.2
"34" "34" 1990-01-30 23.59 "PHO" "" "NJN" "W" 25 0 23 0.525 0.333 0 17.4 9.2 4.9 0 14.6 0 8.3 129 90 7.8 3.9
"35" "35" 1990-02-01 23.6 "PHO" "" "ATL" "W" 12 0 28 0.75 0.75 0 11.7 6.3 0 3.6 11.6 20 8.2 105 86 8.2 5.2
"36" "36" 1990-02-03 23.6 "PHO" "" "HOU" "W" 25 0 20 0.51 0.4 13.7 43.6 30.4 5 2.3 9 14.5 14.5 114 89 8.7 1.6
"37" "37" 1990-02-04 23.61 "PHO" "@" "POR" "L" -2 0 29 0.595 0.571 22.1 12.7 17.1 0 0 10.7 9 15.7 131 118 14.9 6
"38" "38" 1990-02-07 23.61 "PHO" "@" "SEA" "W" 4 0 15 0.694 0.5 0 7.4 4.4 0 0 7.1 25.8 11.2 109 126 2.1 -4.3
"39" "39" 1990-02-13 23.63 "PHO" "@" "LAC" "W" 22 0 27 0.669 0.625 16.5 11.1 13.7 4.7 0 2 7.7 18.8 143 100 14.1 4.1
"40" "40" 1990-02-14 23.63 "PHO" "" "UTA" "W" 11 0 16 0.644 0.667 16.7 7.5 11.8 0 0 3.8 20.5 14.1 115 117 3.1 -7.3
"41" "41" 1990-02-16 23.64 "PHO" "" "GSW" "W" 21 0 4 1 1 0 24 12.2 50 0 27.9 0 17.9 202 83 5.4 39.1
"42" "42" 1990-02-18 23.64 "PHO" "@" "GSW" "W" 18 0 18 0.5 0.5 5.9 16.3 11.3 0 0 8.5 33.3 6.4 82 99 3.3 -0.2
"43" "43" 1990-02-20 23.65 "PHO" "" "BOS" "W" 21 0 29 1 1 4.6 22.3 15 3.7 1.6 3.6 0 3 202 93 7.3 4.4
"44" "44" 1990-02-22 23.65 "PHO" "@" "SAC" "W" 6 0 12 0.512 0.5 37.2 9.3 23.3 0 0 0 0 17.8 135 116 4.9 -4.3
"45" "45" 1990-02-24 23.66 "PHO" "" "PHI" "W" 27 0 17 0.644 0.667 0 27.7 15.9 7.2 2.7 3.4 0 9.3 135 84 5.2 3.7
"46" "46" 1990-02-27 23.67 "PHO" "" "DEN" "W" 19 0 22 0.654 0.667 21.3 12.3 16.2 5.9 2.1 6.9 0 12.7 149 90 12.3 9.5
"47" "47" 1990-03-01 23.67 "PHO" "@" "HOU" "L" -8 0 17 0.68 0.6 10.9 20.9 16 0 0 9.2 14.5 15.6 127 104 7.4 3
"48" "48" 1990-03-02 23.68 "PHO" "@" "DAL" "L" -6 0 10 0.798 1 0 20.4 11.2 0 0 17.1 0 8.3 159 102 4.6 11.4
"49" "49" 1990-03-04 23.68 "PHO" "" "CLE" "W" 12 0 24 0.563 0.5 14.6 8.5 11.4 0 2 13.5 18.4 9.1 113 89 7.6 5.1
"50" "50" 1990-03-06 23.69 "PHO" "@" "ATL" "W" 2 0 19 1 1 0 16.8 9 0 0 9 0 6.8 200 113 7.3 5.7
"51" "51" 1990-03-07 23.69 "PHO" "@" "WSB" "W" 2 0 9 0.904 1 0 22.7 12.3 0 0 5.6 23.1 21.4 129 109 4.9 5.9
"52" "52" 1990-03-09 23.7 "PHO" "@" "IND" "W" 4 0 15 0.25 0.25 0 0 0 0 0 4.3 20 15.4 42 140 -0.7 -15
"53" "53" 1990-03-10 23.7 "PHO" "@" "MIN" "W" 3 0 11 1.042 1 0 0 0 0 0 0 25.8 17.5 144 118 3.6 0
"54" "54" 1990-03-13 23.71 "PHO" "@" "UTA" "W" 8 0 16 1 1 0 33.3 13.4 0 0 14.1 0 2.7 200 101 3.1 3.1
"55" "55" 1990-03-14 23.71 "PHO" "" "DEN" "W" 30 0 18 1 1 0 19 12.1 0 0 8.2 66.7 6.5 49 96 3 2.8
"56" "56" 1990-03-16 23.72 "PHO" "" "MIA" "W" 26 0 28 0.521 0.25 11.2 47.8 28.9 3.7 1.7 3.7 0 8.3 147 91 10.4 1.4
"57" "57" 1990-03-19 23.72 "PHO" "" "SAS" "L" -11 0 15 0.521 0.5 6.7 7.8 7.2 0 0 3.8 41 13.4 68 113 -0.3 -12.8
"58" "58" 1990-03-21 23.73 "PHO" "" "CHH" "L" -1 0 15 1 1 22.6 0 12.6 0 3.3 9.3 0 2.9 202 100 6.2 6.6
"59" "59" 1990-03-23 23.73 "PHO" "" "MIN" "W" 21 0 13 0.532 0 0 17.2 10 7.4 0 12.3 0 6.4 156 95 3.9 7.5
"60" "60" 1990-03-24 23.74 "PHO" "" "SEA" "W" 26 0 15 1 1 10 24.6 19 16.6 0 3.9 0 5.9 204 92 5.8 9.2
"61" "61" 1990-03-26 23.74 "PHO" "@" "CHI" "L" -29 0 23 0.518 0.4 9.7 28.5 19.2 0 2.1 6.6 12.9 14.3 105 113 8.8 1.2
"62" "62" 1990-03-27 23.75 "PHO" "@" "MIL" "L" -6 0 4 NA NA 0 0 0 0 0 0 100 10 0 126 -2.6 -31.9
"63" "63" 1990-03-29 23.75 "PHO" "@" "CHH" "W" 13 0 21 0.717 0.75 6.9 38.1 25.4 7.1 0 8.4 17 12.2 126 84 8.7 8
"64" "64" 1990-03-30 23.75 "PHO" "@" "NJN" "W" 7 0 16 0.773 0.667 7.3 12.5 10.1 0 3 10.5 20.5 12.7 130 109 6.9 4.5
"65" "65" 1990-04-01 23.76 "PHO" "@" "PHI" "L" -29 0 17 0.644 0.667 6.4 33.2 18.1 0 0 3.5 34 13.8 87 136 3.5 -6.4
"66" "66" 1990-04-03 23.76 "PHO" "" "DAL" "W" 6 0 15 1.031 1 10 0 5 0 0 7.7 20.5 14.8 157 110 7 3.9
"67" "67" 1990-04-06 23.77 "PHO" "" "LAL" "L" -4 0 10 1 1 0 0 0 0 0 6.7 0 4.9 200 120 2 2.7
"68" "68" 1990-04-07 23.78 "PHO" "@" "LAC" "W" 7 0 25 1 1 10.7 22.2 17.5 0 2 6.5 50 7.1 98 104 5.3 0.3
"69" "69" 1990-04-09 23.78 "PHO" "" "UTA" "W" 4 0 9 0.568 NA 0 0 0 0 0 0 53.2 9.2 53 118 -1.6 -13.4
"70" "70" 1990-04-14 23.79 "PHO" "@" "SEA" "L" -7 0 9 0.387 0.333 28.8 11.9 19.5 0 0 6.8 0 21.1 105 111 2.1 -5.7
"71" "71" 1990-04-16 23.8 "PHO" "@" "GSW" "W" 12 0 7 0.532 1 0 0 0 0 6.1 0 0 10 85 109 1.1 -3.1
"72" "72" 1990-04-18 23.81 "PHO" "" "POR" "L" -8 0 6 0 0 0 0 0 0 0 0 50 12.6 0 115 -2.1 -18.6
"73" "73" 1990-04-20 23.81 "PHO" "" "GSW" "W" 17 0 15 0.726 0.75 19.6 25.1 22.4 8.6 2.8 15.2 0 15.6 160 79 14 19.3
"74" "74" 1990-04-22 23.82 "PHO" "@" "SAS" "L" -15 0 7 NA NA 14 13.7 13.9 0 7 0 NA 0 205 96 0.8 -2.5
"1" "1" 1990-11-16 24.39 "PHO" "" "LAC" "W" 11 0 3 NA NA 0 0 0 0 0 38.8 NA 0 0 73 0.6 7.1
"2" "2" 1990-11-17 24.39 "PHO" "@" "SAS" "L" -14 0 4 NA NA 0 0 0 0 0 0 NA 0 0 117 -0.4 -8.1
"3" "3" 1990-11-23 24.41 "PHO" "" "NJN" "L" -2 0 9 NA NA 0 26.7 12.5 0 0 6.4 NA 0 0 104 1.3 0.4
"4" "4" 1990-11-27 24.42 "PHO" "@" "POR" "W" 14 0 3 NA NA 0 0 0 0 0 0 NA 0 0 114 -0.8 -15.9
"5" "5" 1990-11-29 24.42 "PHO" "" "SEA" "W" 18 0 20 1.042 1 0 17.1 9.9 22.5 0 10.4 0 2.9 209 98 6.8 10.3
"6" "6" 1990-12-04 24.44 "PHO" "@" "CHI" "L" -28 0 8 1.064 1 22.6 0 13.5 0 0 0 51.5 17 109 136 3.1 -4.8
"7" "7" 1990-12-26 24.5 "PHO" "" "DAL" "W" 27 0 24 0.595 0.6 15.8 10.3 13 4.9 2.1 5.6 14.5 12.3 120 85 8.3 2.8
"8" "8" 1990-12-28 24.5 "PHO" "" "PHI" "W" 19 0 16 0.667 0.667 23.7 14 18.5 0 3.2 4.4 25 10.3 120 98 6.1 3.1
"9" "9" 1990-12-29 24.5 "PHO" "" "MIA" "W" 39 0 24 0.579 0.5 25 15.4 19.6 4.8 0 6.4 10.4 15.2 134 89 11.1 2
"10" "10" 1991-01-02 24.52 "PHO" "@" "CLE" "W" 22 0 21 0.5 0.5 15.6 14 14.7 0 0 14.5 14.3 13.4 105 81 6.5 2
"11" "11" 1991-01-04 24.52 "PHO" "@" "BOS" "L" -29 0 28 0.333 0.333 10.7 16.1 12.9 0 1.6 2 14.3 9.9 78 126 3.1 -8.1
"12" "12" 1991-01-05 24.52 "PHO" "@" "MIL" "L" -2 0 2 NA NA 0 0 0 0 0 0 NA 0 0 114 -0.4 -13
"13" "13" 1991-01-07 24.53 "PHO" "@" "MIN" "W" 13 0 10 0 0 0 19.6 10.3 0 0 5.3 0 4 0 102 -0.2 -9.4
"14" "14" 1991-01-09 24.53 "PHO" "" "CLE" "W" 8 0 6 NA NA 0 16.3 8.6 0 0 0 100 7.1 0 109 -1.9 -21.5
"15" "15" 1991-01-11 24.54 "PHO" "" "HOU" "W" 4 0 8 1 1 16.2 27.3 22.2 0 0 0 0 5.4 201 113 2.6 0.8
"16" "16" 1991-01-15 24.55 "PHO" "" "WSB" "W" 30 0 15 0.258 0.333 14.9 13.1 13.9 0 0 3.5 20.5 13 67 98 0 -15
"17" "17" 1991-01-18 24.56 "PHO" "" "DET" "W" 1 0 5 0.532 0 25.3 0 13.3 0 0 0 0 17.2 150 122 2 -2.5
"18" "18" 1991-01-19 24.56 "PHO" "@" "SAC" "L" -4 0 8 0.333 0.333 26.1 14.6 20.7 0 0 0 0 16 104 111 1.2 -9.2
"19" "19" 1991-01-22 24.57 "PHO" "@" "POR" "L" -7 0 13 0.887 1 17.6 18 17.8 11.8 0 5.5 24.4 24.9 128 115 8.8 7.1
"20" "20" 1991-01-25 24.58 "PHO" "" "SEA" "W" 15 0 20 1.014 1 19.2 9.4 12.6 0 2.6 5.3 0 10.2 208 119 10.2 4.7
"21" "21" 1991-01-26 24.58 "PHO" "" "NYK" "W" 18 0 16 0.51 0.4 7.1 21.4 14.3 0 0 3.8 14.5 17.9 103 99 3.8 -5.4
"22" "22" 1991-01-29 24.59 "PHO" "@" "ORL" "L" -2 0 21 0.452 0.5 5.7 27.4 17.8 0 2.2 9.4 23.1 8.5 80 97 6.1 2.4
"23" "23" 1991-01-30 24.59 "PHO" "@" "MIA" "W" 11 0 16 1.064 1 21.4 17 18.9 8.3 2.8 5.9 21 11.4 174 91 10.9 10.7
"24" "24" 1991-02-01 24.6 "PHO" "@" "PHI" "L" -7 0 8 NA NA 0 27.9 13 0 0 7.3 NA 0 0 97 0.5 -4.1
"25" "25" 1991-02-03 24.6 "PHO" "@" "DET" "W" 15 0 27 0.512 0.5 8.1 0 3.8 4.5 0 9 0 8 127 114 5.9 -0.6
"26" "26" 1991-02-05 24.61 "PHO" "" "DEN" "W" 23 0 20 0.481 0.429 10.9 24.8 18.8 0 0 2.5 19.4 19.4 91 91 4.2 -10.3
"27" "27" 1991-02-06 24.61 "PHO" "@" "UTA" "L" -4 0 14 0 0 15.2 9 12.4 8.8 0 5.4 50 6.3 69 106 -0.6 -9
"28" "28" 1991-02-12 24.63 "PHO" "" "LAL" "W" 4 0 13 1 1 10.9 10.3 10.5 0 0 0 0 7.4 202 114 4 2.9
"29" "29" 1991-02-14 24.63 "PHO" "@" "SAS" "W" 9 0 19 0.666 0.6 28.7 12.3 20.8 0 2.7 0 22.8 19.1 120 103 7.4 -1.8
"30" "30" 1991-02-16 24.64 "PHO" "@" "HOU" "L" -9 0 29 0.654 0.667 17.6 13.6 15.3 5.4 1.8 9 12.7 11.8 131 102 14 8.7
"31" "31" 1991-02-19 24.65 "PHO" "" "BOS" "W" 4 0 13 0.532 0 0 7.1 3.6 0 3.7 8.1 34.7 8.7 77 98 2.2 0.1
"32" "32" 1991-02-20 24.65 "PHO" "@" "LAC" "W" 20 0 20 0.868 1 5.3 22.6 14.7 6.1 0 2.8 0 5.7 176 93 5.6 1.5
"33" "33" 1991-02-22 24.65 "PHO" "@" "POR" "L" -21 0 16 0.5 0.5 22.5 12 16.7 8.6 0 3.4 0 10.8 138 131 5.7 3
"34" "34" 1991-02-23 24.66 "PHO" "@" "SEA" "W" 10 0 13 0.947 NA 10.5 7.1 8.5 0 0 3.8 0 8.8 208 113 4.7 0.7
"35" "35" 1991-02-25 24.66 "PHO" "" "CHH" "W" 20 0 21 1 1 6.7 25.4 16.3 4.9 0 8.2 50 8.2 95 104 5.3 0.3
"36" "36" 1991-02-27 24.67 "PHO" "" "ORL" "L" -8 0 27 0.952 1 14 16.9 15.6 0 0 15.4 0 6.4 201 113 12.8 6.6
"37" "37" 1991-03-01 24.67 "PHO" "" "SAC" "W" 6 1 32 0.551 0.667 18.3 6.5 12.1 10 0 12.8 9.9 13.1 120 102 13.2 5.8
"38" "38" 1991-03-04 24.68 "PHO" "@" "CHH" "W" 33 1 13 1.025 1 27.7 22.2 24.6 8.7 3.7 9 0 7.6 208 81 8.9 14.4
"39" "39" 1991-03-05 24.68 "PHO" "@" "NYK" "W" 5 1 20 0.615 0.5 5.9 9.2 7.7 0 2.6 0 0 11 141 108 4.7 0.2
"40" "40" 1991-03-07 24.69 "PHO" "@" "ATL" "W" 2 1 17 0.4 0.4 19.3 13 15.5 0 2.7 3 28.6 17.3 76 97 2 -9.1
"41" "41" 1991-03-08 24.69 "PHO" "@" "WSB" "W" 26 0 26 0.51 0.4 16.8 24.6 21.3 4.2 0 3.9 25.4 12.1 106 89 8.6 0.5
"42" "42" 1991-03-10 24.7 "PHO" "@" "MIN" "W" 14 1 32 0.634 0 14.5 20.5 18 3.2 0 0 0 7.6 169 116 8.6 -0.5
"43" "43" 1991-03-13 24.71 "PHO" "" "POR" "W" 8 1 29 0.41 0.5 12.7 15.4 14.1 0 0 8.4 17 8.2 90 101 4.3 -2
"44" "44" 1991-03-15 24.71 "PHO" "" "HOU" "L" -7 1 22 0.773 1 9.5 18.7 13.5 4.8 0 3.2 0 7 159 140 6.4 0.5
"45" "45" 1991-03-16 24.72 "PHO" "" "ATL" "W" 12 1 24 0.833 0.8 4.9 25 15.7 0 2 9.8 0 12.2 178 102 14.8 10.5
"46" "46" 1991-03-18 24.72 "PHO" "" "IND" "W" 8 1 24 1.025 1 11.1 25.9 20 0 0 6.6 45 7.5 109 93 6.4 1
"47" "47" 1991-03-20 24.73 "PHO" "@" "DAL" "W" 14 1 24 1.025 1 10.5 14.3 12.5 0 0 0 17 11.1 167 108 9.7 4.4
"48" "48" 1991-03-22 24.73 "PHO" "" "SEA" "L" -6 1 25 0.5 0.5 5.2 23.4 14.8 6.4 0 4.5 20 8.6 90 112 4.9 -0.5
"49" "49" 1991-03-23 24.73 "PHO" "@" "SAC" "W" 5 1 27 0.615 0.5 4.6 23.7 14.8 9.2 0 8.6 17 9.9 121 98 8.5 6.1
"50" "50" 1991-03-25 24.74 "PHO" "@" "LAC" "L" -12 1 32 0.451 0.333 7 25 15.9 0 0 7.1 11.4 12.2 95 104 7.7 0.1
"51" "51" 1991-03-26 24.74 "PHO" "" "MIN" "W" 22 1 24 0.694 0.5 8.9 22.2 16.2 0 0 10 25.8 6.5 123 87 8.7 5.2
"52" "52" 1991-03-28 24.75 "PHO" "" "MIL" "W" 14 1 33 0.794 0.857 3 22.4 11.7 4.7 1.5 10.5 0 13.2 160 82 18.8 13.3
"53" "53" 1991-04-02 24.76 "PHO" "" "UTA" "W" 14 1 25 0.902 1 11.3 29.1 20.1 0 1.9 4.9 20.5 7.9 140 110 9.2 6.1
"54" "54" 1991-04-04 24.77 "PHO" "" "LAL" "L" -4 1 30 0.322 0.333 19 21.1 20 8.5 1.7 4.4 0 11 102 103 7.2 1
"55" "55" 1991-04-05 24.77 "PHO" "@" "GSW" "L" -17 1 20 0.543 0 0 11.7 5.7 0 2.3 8.2 52.1 11 55 112 1 -7.8
"56" "56" 1991-04-07 24.78 "PHO" "@" "LAL" "L" -8 0 12 1.064 1 0 17.4 10.4 12.5 0 5.1 34.7 12 139 105 4.3 8.1
"57" "57" 1991-04-09 24.78 "PHO" "" "GSW" "W" 14 0 11 0.615 0.5 11.2 20.8 16.2 0 0 17.9 17 22.4 111 90 4.8 -0.9
"58" "58" 1991-04-12 24.79 "PHO" "" "DAL" "W" 12 0 20 0.773 0.667 29.3 5.5 16.9 0 0 6.8 34 12.8 120 101 7.5 -0.4
"59" "59" 1991-04-14 24.79 "PHO" "" "SAS" "L" -8 0 17 0.5 0.5 0 12 5.8 0 0 15.3 0 4.7 110 101 4.7 4.2
"60" "60" 1991-04-16 24.8 "PHO" "@" "DEN" "W" 35 0 22 0.276 0.2 12.1 27.3 21.8 0 0 10.6 0 9.1 98 93 6.4 -0.2
"61" "61" 1991-04-17 24.8 "PHO" "" "LAC" "W" 5 0 17 1.064 1 0 23.5 11.9 0 0 3.1 0 4.7 228 98 4.8 1.8
"62" "62" 1991-04-19 24.81 "PHO" "@" "SEA" "L" -11 0 17 0.129 0 5.1 12.5 8.5 0 0 0 0 8.8 48 109 -0.2 -8.2
"63" "63" 1991-04-21 24.81 "PHO" "" "POR" "W" 17 0 17 0.785 0.6 7.8 17.6 13.4 0 0 3.7 11.6 20.1 151 113 9.8 3.7
"1" "1" 1991-11-01 25.35 "PHO" "@" "SEA" "W" 4 1 24 0.532 0 4.9 28 17.6 0 0 7.6 34.7 5.3 90 92 3.2 -3.1
"2" "2" 1991-11-02 25.35 "PHO" "@" "POR" "W" 24 1 34 0.643 0.6 10.9 17.6 14.6 0 1.5 7.5 15.5 16.3 118 79 13.1 3.7
"3" "3" 1991-11-05 25.36 "PHO" "" "IND" "L" -6 1 25 0.434 0.25 6.2 37.6 19.6 9.3 0 8 25.8 11.7 90 102 5.8 -2.5
"4" "4" 1991-11-06 25.36 "PHO" "@" "LAC" "L" -24 1 27 0.509 0.5 4.9 22.2 14 5.3 0 5.9 12.7 12 102 109 7.2 2.9
"5" "5" 1991-11-08 25.36 "PHO" "" "LAL" "W" 28 1 24 0.375 0.375 18.2 20.3 19.4 0 0 6.6 27.3 18.5 76 84 5.3 -3.5
"6" "6" 1991-11-09 25.37 "PHO" "@" "HOU" "L" -1 1 32 0.752 0.667 18.8 19.1 18.9 0 1.5 6.8 25.8 15.1 122 89 15.5 4.3
"7" "7" 1991-11-12 25.38 "PHO" "@" "GSW" "L" -3 1 15 0.602 0.5 0 20.9 10 0 0 3.9 0 8.1 132 108 3 -3.1
"8" "8" 1991-11-13 25.38 "PHO" "" "BOS" "L" -6 1 23 0.521 0.25 0 35.8 13.9 0 0 0 0 9.8 121 114 5 -2.2
"9" "9" 1991-11-15 25.38 "PHO" "" "ATL" "L" -4 1 29 0.6 0.6 21.6 10.6 16 0 1.7 3.4 16.7 17.6 115 117 11.3 -3
"10" "10" 1991-11-16 25.39 "PHO" "@" "DAL" "L" -3 0 24 0.436 0.333 24.5 20.5 22.7 12.5 4.2 8.2 12.7 13.4 113 85 10.5 7.8
"11" "11" 1991-11-19 25.39 "PHO" "@" "LAL" "L" -8 1 32 0.623 0.6 12.5 15.3 13.9 0 1.6 3.5 16.1 16.1 113 104 10.7 -0.3
"12" "12" 1991-11-20 25.4 "PHO" "" "DEN" "W" 16 1 20 0.515 0.333 0 22.9 11.2 0 0 8.6 11.4 18.2 100 94 4.9 -3
"13" "13" 1991-11-22 25.4 "PHO" "" "LAC" "W" 8 1 30 0.598 0.429 9.4 23.8 17.8 4.8 1.7 6.7 17.9 16.7 114 95 11 2.9
"14" "14" 1991-11-26 25.41 "PHO" "@" "SAC" "L" -15 1 31 0.454 0.385 6.5 15.5 10.6 5.3 0 8.5 12.3 20.8 91 100 8 -1.7
"15" "15" 1991-11-27 25.42 "PHO" "" "SAC" "W" 41 1 19 0.667 0.667 6.8 36.1 22.4 0 0 6.6 25 8.2 105 88 4.4 -2
"16" "16" 1991-11-29 25.42 "PHO" "" "CHH" "W" 20 1 30 0 0 0 10.7 7 2.8 1.5 9.1 66.7 4.1 21 97 2 -2.7
"17" "17" 1991-11-30 25.42 "PHO" "" "UTA" "W" 9 1 37 0.882 0.857 6.5 31.3 17 3.4 1.3 7.4 9.4 11.8 164 107 19.5 7.7
"18" "18" 1991-12-03 25.43 "PHO" "@" "MIN" "W" 6 1 31 0.788 0.75 0 12.9 6.7 0 4.9 8.1 10.1 13.5 144 89 15.5 9.9
"19" "19" 1991-12-04 25.44 "PHO" "@" "IND" "W" 6 1 22 0.608 0.5 8.6 14.5 11.4 0 2.2 7.7 0 11.1 140 101 8 1.9
"20" "20" 1991-12-06 25.44 "PHO" "@" "ORL" "W" 17 1 46 0.576 0.538 22 23.4 22.8 0 2.2 6.8 6.3 14.8 133 100 22.8 2.2
"21" "21" 1991-12-07 25.44 "PHO" "@" "MIA" "W" 1 1 36 0.354 0.333 11.9 6.8 9.5 3.6 0 1.7 9.2 12.8 91 112 2.9 -6.6
"22" "22" 1991-12-10 25.45 "PHO" "" "DET" "W" 9 1 27 0.363 0.333 13.3 7.3 10 5.5 2 4 0 11.9 105 107 5.8 -2.9
"23" "23" 1991-12-13 25.46 "PHO" "@" "SAS" "W" 5 1 22 0.557 0.556 14.5 9.9 12.3 0 2.3 2.9 16.8 23.4 104 111 6.3 -6.2
"24" "24" 1991-12-18 25.47 "PHO" "@" "DEN" "L" -14 1 34 0.427 0.417 8.5 16 12.3 0 0 11.1 13.4 17 87 108 10.1 -1.5
"25" "25" 1991-12-20 25.48 "PHO" "" "SAS" "W" 25 1 25 0.286 0.286 8.5 9.1 8.8 0 0 2.3 0 11.7 81 97 1 -10.6
"26" "26" 1991-12-22 25.48 "PHO" "@" "LAL" "W" 12 1 30 1 1 4.4 14.5 10 0 0 2.1 0 3.2 201 99 4.4 0.4
"27" "27" 1991-12-26 25.5 "PHO" "" "MIA" "W" 28 1 23 0.375 0.375 5.6 20.9 15.1 0 3.8 7.3 11.1 15.6 74 85 6.4 -3.1
"28" "28" 1991-12-28 25.5 "PHO" "" "DAL" "W" 18 1 32 0.685 0.571 17.9 22.8 20.5 3.8 1.5 1.7 18.6 13.3 132 98 13.9 2.4
"29" "29" 1991-12-30 25.51 "PHO" "@" "DET" "W" 7 1 23 0.2 0.2 4.4 10.4 7.2 0 2.2 2.8 0 8.9 68 109 0.3 -7.6
"30" "30" 1992-01-04 25.52 "PHO" "@" "CHH" "L" -5 1 21 0.84 0.667 21.8 20.8 21.3 6.1 0 3 17.4 11.1 158 114 10 6.1
"31" "31" 1992-01-05 25.52 "PHO" "@" "NYK" "L" -4 1 14 1.042 1 8.8 21.8 15.9 0 0 0 31.6 20.4 133 110 6.5 4.3
"32" "32" 1992-01-08 25.53 "PHO" "" "DEN" "W" 21 1 26 1 1 5 27.5 17.6 0 1.7 4.1 33.3 4.5 128 97 5.6 -0.5
"33" "33" 1992-01-10 25.54 "PHO" "" "ORL" "W" 11 1 28 0.717 0.75 4.8 30 18 5.2 0 6.5 9.3 17.2 129 106 13.8 2.3
"34" "34" 1992-01-11 25.54 "PHO" "" "GSW" "W" 12 1 28 0.508 0.429 12.5 28.6 20.7 8.4 3.2 8.6 20.2 14 105 98 10.7 2.5
"35" "35" 1992-01-13 25.55 "PHO" "" "MIN" "W" 20 1 31 0.709 0.667 11.6 18 14.9 0 1.5 11.6 0 12.3 160 105 18.1 6.6
"36" "36" 1992-01-15 25.55 "PHO" "@" "SAC" "W" 17 1 24 0.258 0 4.1 31.8 17.2 0 0 4.9 20.5 7.2 63 99 1.5 -7.3
"37" "37" 1992-01-17 25.56 "PHO" "" "SAC" "W" 40 1 25 0.6 0.6 0 19.5 11.6 4.1 1.8 6.1 0 7.6 135 83 8.5 3.5
"38" "38" 1992-01-19 25.56 "PHO" "" "POR" "W" 4 1 13 1 1 0 42.5 22.9 0 0 0 0 3.3 200 111 1.2 -4.8
"39" "39" 1992-01-21 25.57 "PHO" "@" "CHI" "L" -6 1 21 0.254 0.143 12 12.4 12.2 0 2.5 0 0 17.9 76 117 0.5 -12
"40" "40" 1992-01-22 25.57 "PHO" "@" "NJN" "L" -2 1 22 0.667 0.667 9.9 27.8 19.8 0 0 7.4 33.3 16.8 91 97 6.4 -0.6
"41" "41" 1992-01-24 25.58 "PHO" "@" "BOS" "W" 7 0 23 0.322 0.3 22 37.6 30.8 0 2.3 6.7 15.5 25.4 76 85 6.6 -4.4
"42" "42" 1992-01-25 25.58 "PHO" "@" "WSB" "W" 6 0 18 0.563 0.5 25.4 5.9 15.3 0 5.3 3 10.1 22.4 124 109 8.4 -2.9
"43" "43" 1992-01-29 25.59 "PHO" "" "NJN" "W" 33 1 22 0.77 0.75 0 20.2 13.6 0 2 4.8 10.6 16.8 132 82 10.7 4.2
"44" "44" 1992-01-31 25.59 "PHO" "@" "UTA" "L" -1 1 17 0.735 0.8 0 21.8 10.8 0 2.9 11.3 15.5 17.5 106 98 6.7 4.7
"45" "45" 1992-02-01 25.6 "PHO" "" "HOU" "W" 14 1 39 0.615 0.583 14 15.4 14.8 0 1.3 7.9 6.4 16.4 132 93 20.2 5.9
"46" "46" 1992-02-03 25.6 "PHO" "" "LAL" "W" 9 1 18 0.714 0.714 0 10.9 6.3 9.3 0 14.7 0 17.5 151 104 10.3 11
"47" "47" 1992-02-05 25.61 "PHO" "" "CHI" "W" 12 1 27 0.888 0.833 0 23.9 14.8 0 3.5 2 21.5 15.1 128 102 13.2 6.4
"48" "48" 1992-02-12 25.63 "PHO" "" "POR" "L" -10 1 24 0.434 0.25 4.8 37.5 22.2 5.7 2.1 11.5 14.8 12.2 93 93 8.2 3.5
"49" "49" 1992-02-14 25.63 "PHO" "@" "LAC" "L" -7 1 37 0.513 0.467 13 26.6 18.9 5 0 3.1 5.1 21.7 114 103 15.1 2.3
"50" "50" 1992-02-15 25.64 "PHO" "" "WSB" "W" 26 1 24 0.436 0.333 9.1 12.5 10.9 0 2 4.5 0 11.6 115 94 6.9 -1.6
"51" "51" 1992-02-17 25.64 "PHO" "@" "SEA" "L" -2 1 18 0.608 0.75 7.2 16 12.3 0 0 10 0 14.1 122 103 5.5 2.2
"52" "52" 1992-02-18 25.64 "PHO" "@" "POR" "L" -13 1 23 1 1 0 36.5 17.4 0 0 4.4 50 6.9 79 116 3.3 -3.1
"53" "53" 1992-02-21 25.65 "PHO" "@" "GSW" "L" -8 1 13 1 1 25.2 7.9 16.2 0 0 4.3 0 6.1 204 119 4.9 1
"54" "54" 1992-02-22 25.65 "PHO" "" "LAC" "W" 18 1 16 0.788 0.75 10.7 6.4 8 8.6 0 13.8 0 11.4 172 105 7.5 6.9
"55" "55" 1992-02-24 25.66 "PHO" "" "NYK" "W" 9 1 16 0 0 15.4 0 8 8.3 0 8.5 0 8.5 63 106 0.2 -6
"56" "56" 1992-02-26 25.67 "PHO" "" "CLE" "W" 3 1 27 0 0 4 21.5 13.8 0 0 4 25 6.4 19 99 0.3 -6.7
"57" "57" 1992-02-28 25.67 "PHO" "@" "DAL" "L" -8 1 14 1 1 8.6 8 8.3 0 0 4.2 20 15.3 149 126 6.3 2.1
"58" "58" 1992-03-01 25.68 "PHO" "" "UTA" "W" 5 0 24 0.507 0.5 11.1 10.8 11 11.4 0 2.6 0 16.4 122 118 6.3 -2.7
"59" "59" 1992-03-03 25.68 "PHO" "" "HOU" "W" 5 0 21 0.518 0.4 17.6 16.1 16.8 0 0 6.1 12.9 16.5 115 108 5.7 -3.7
"60" "60" 1992-03-05 25.69 "PHO" "" "SEA" "W" 13 0 24 0.536 0.5 18.6 18.9 18.8 11.8 2 7 9.7 17.6 121 97 11.4 6.3
"61" "61" 1992-03-07 25.69 "PHO" "@" "SAS" "L" -13 0 12 0 0 0 30 15.6 19.5 0 8.8 50 7 48 109 1.6 2.1
"62" "62" 1992-03-10 25.7 "PHO" "@" "CLE" "L" -2 0 17 0 0 6.6 0 3 0 0 3.8 0 5 34 115 -2 -11.7
"63" "63" 1992-03-12 25.71 "PHO" "@" "MIL" "W" 6 0 14 0.2 0.2 32.7 23.4 27.9 10.5 0 0 16.7 17.5 77 105 1.5 -10.5
"64" "64" 1992-03-13 25.71 "PHO" "@" "PHI" "W" 4 1 24 0.5 0.5 5.9 22.7 15.4 5.4 4.6 4.9 0 8.1 127 107 7.1 3.1
"65" "65" 1992-03-15 25.72 "PHO" "@" "MIN" "W" 5 1 16 0.5 0.5 0 22 11.4 0 3.1 3.7 33.3 7.6 65 107 1 -5.8
"66" "66" 1992-03-17 25.72 "PHO" "" "DAL" "W" 11 1 21 0.509 0.5 8.6 5.2 7.1 0 0 0 12.7 16.1 98 95 3.1 -5.9
"67" "67" 1992-03-20 25.73 "PHO" "" "LAC" "L" -13 0 6 NA NA 0 0 0 22.9 0 0 NA 0 206 125 0.3 -2.8
"68" "68" 1992-03-21 25.73 "PHO" "" "MIN" "W" 16 1 19 0.888 0.8 13 18 15.6 0 0 5.8 12.9 17.4 161 108 11.2 4.9
"69" "69" 1992-03-25 25.74 "PHO" "" "MIL" "W" 28 1 26 0.258 0 27.1 35.5 32.2 0 0 12.2 43.6 10.7 77 86 6 -4.5
"70" "70" 1992-03-27 25.75 "PHO" "" "PHI" "W" 4 1 22 0.694 0.6 12.5 11.8 12.1 0 0 15.2 0 13.8 162 111 10.8 5.3
"71" "71" 1992-03-28 25.75 "PHO" "@" "DEN" "W" 20 1 23 0 0 6.7 16.1 12.6 4.3 0 11.5 50 4 61 99 2.4 0.5
"72" "72" 1992-03-31 25.76 "PHO" "" "POR" "W" 17 1 31 1 1 0 23.2 12.7 3.8 0 4.1 0 8.7 201 112 13.3 5.9
"73" "73" 1992-04-02 25.76 "PHO" "" "GSW" "W" 4 1 33 0.691 0.692 14.3 34.2 22.2 5 1.5 4.1 11.6 19.9 133 105 20.1 8.4
"74" "74" 1992-04-03 25.77 "PHO" "@" "UTA" "L" -19 1 25 0.735 0.8 9.4 8.9 9.1 0 2 6.9 35.5 15.6 91 113 6.6 1.6
"75" "75" 1992-04-05 25.77 "PHO" "@" "LAL" "L" -5 1 25 0.254 0.143 4.7 32.8 18.7 5.2 3.9 2.2 11.3 15.4 64 100 3.1 -6
"76" "76" 1992-04-07 25.78 "PHO" "" "SAC" "W" 2 1 21 0.509 0.5 10.4 29.8 20.3 0 0 8.6 12.7 15.7 100 99 6.3 -4.8
"77" "77" 1992-04-09 25.78 "PHO" "@" "SEA" "L" -15 1 27 0.6 0.6 4.1 17.1 11.2 4.8 1.7 3.7 44.4 13.6 71 112 3.4 -6.3
"78" "78" 1992-04-11 25.79 "PHO" "@" "GSW" "L" -9 1 14 0.798 1 18 14.9 16.3 15.4 0 0 34.7 8.3 131 131 3.1 0.2
"79" "79" 1992-04-14 25.8 "PHO" "" "SEA" "W" 22 1 30 0.564 0.5 9.4 18.8 15.1 9.2 1.6 7.7 8.6 15.7 123 92 13.4 8.2
"80" "80" 1992-04-16 25.8 "PHO" "" "SAS" "W" 20 1 20 0.644 0.625 10.2 26.2 18.8 0 0 0 9.7 19.2 123 94 9 -0.6
"81" "81" 1992-04-19 25.81 "PHO" "@" "HOU" "W" 3 1 34 0.597 0.6 13.6 16.7 15.3 12.3 1.4 3.4 8.4 14.1 128 95 15.1 6.5
"1" "1" 1992-11-06 26.36 "PHI" "" "NJN" "L" -3 1 27 0.868 1 9.4 4 6.4 14.2 0 5.9 63.5 12.2 78 110 2.9 -3.8
"2" "2" 1992-11-07 26.36 "PHI" "@" "NYK" "L" -4 1 40 0.347 0 2.5 18.7 10.3 0 0 1.6 34.2 9.6 54 92 0.1 -6.3
"3" "3" 1992-11-11 26.37 "PHI" "@" "IND" "L" -6 1 15 0.361 0.286 5.6 0 3.6 0 0 0 0 20.9 91 121 0.6 -15
"4" "4" 1992-11-13 26.38 "PHI" "@" "BOS" "W" 11 1 33 0.167 0.167 4.2 26.8 15.9 6.4 3 3.6 0 8.2 72 112 4.6 -4.5
"5" "5" 1992-11-18 26.39 "PHI" "" "ORL" "L" -10 1 20 0.25 0.25 0 25.3 11.7 0 4.5 5.9 0 8.4 49 103 2.2 -6.5
"6" "6" 1992-11-20 26.4 "PHI" "" "MIA" "W" 1 1 45 0.699 0.667 15.6 35 25.5 10.3 2.3 7.1 0 11.7 161 92 26.4 11.4
"7" "7" 1992-11-21 26.4 "PHI" "@" "NJN" "W" 9 1 36 0.425 0.4 12.3 21.8 17.1 3.7 1.4 3.1 25.4 8.8 93 91 7.2 -2.2
"8" "8" 1992-11-24 26.41 "PHI" "@" "CHH" "L" -8 1 22 0.2 0.2 9.1 26.6 17.2 9.3 0 5 16.7 10.8 69 113 1.6 -8.8
"9" "9" 1992-11-25 26.41 "PHI" "" "ATL" "L" -6 1 37 0.41 0.25 9.5 7.6 8.5 6.5 2.7 8.6 0 5.8 126 112 11 2.1
"10" "10" 1992-11-27 26.42 "PHI" "" "MIL" "L" -4 1 30 0.621 0.333 7.3 27.4 16.2 0 1.6 9.4 26.2 10.6 107 107 8.3 -3
"11" "11" 1992-11-28 26.42 "PHI" "" "BOS" "L" -8 1 33 0.333 0.333 8.1 28.4 18.9 3.7 0 3.4 25 10.9 71 116 2.9 -7.2
"12" "12" 1992-12-02 26.43 "PHI" "" "SAS" "L" -16 1 28 0.25 0.25 3.6 7.8 5.7 5.5 1.7 4.3 42.9 10.9 40 93 -0.6 -7.4
"13" "13" 1992-12-04 26.44 "PHI" "" "DET" "L" -2 1 25 0.455 0.444 4.4 17.1 11.5 6.8 0 0 16.8 20.3 85 106 3.6 -7.1
"14" "14" 1992-12-05 26.44 "PHI" "@" "DET" "L" -24 1 25 0 0 0 7.7 3.8 10.7 1.9 2.3 41 8 16 110 -1.7 -10.1
"15" "15" 1992-12-09 26.45 "PHI" "" "SEA" "W" 11 1 17 0 0 7.8 25.7 17.6 12.5 5.8 17.4 0 2.5 125 83 6.5 12.2
"16" "16" 1992-12-11 26.45 "PHI" "" "LAC" "L" -15 1 27 0.906 1 4.1 7.7 6 0 0 5.3 42 7.1 103 123 3.7 -5.6
"17" "17" 1992-12-12 26.46 "PHI" "@" "ATL" "W" 7 1 34 0.72 0.6 16.3 18 17.1 0 1.4 4.2 11.6 10.4 147 94 14.9 4.7
"18" "18" 1992-12-15 26.47 "PHI" "@" "ORL" "L" -12 1 27 0.391 0.125 16.2 4.8 11.6 10.1 1.7 7.3 14.8 19.4 96 113 8.1 -3
"19" "19" 1992-12-16 26.47 "PHI" "" "CLE" "L" -18 1 14 0 0 0 9 4.1 0 0 4.2 50 16.8 0 115 -5.3 -21.8
"20" "20" 1992-12-18 26.47 "PHI" "" "UTA" "L" -14 1 21 0 0 4.7 18.5 10.6 5.7 0 0 50 7.7 24 117 -2.3 -13
"21" "21" 1993-01-12 26.54 "PHI" "@" "IND" "L" -19 0 5 NA NA 0 25.9 11 0 0 0 100 8.1 0 115 -1.1 -18.7
"22" "22" 1993-01-13 26.55 "PHI" "" "GSW" "W" 7 0 7 0 0 15.9 26.4 21.7 14 0 0 0 5.5 97 112 1.3 -2.8
"23" "23" 1993-01-15 26.55 "PHI" "@" "NJN" "L" -5 0 17 0.5 0.5 0 5 2.9 8.9 0 6.2 60 12.2 46 98 -1.2 -6.7
"24" "24" 1993-01-16 26.55 "PHI" "" "DET" "W" 15 0 16 0.515 0.333 15 5.1 9.1 12.5 3.2 8.8 20.5 13 120 112 6.7 2
"25" "25" 1993-01-18 26.56 "PHI" "" "ORL" "W" 6 0 26 0 0 5 12 8.9 4.4 1.9 6.3 25 6.6 33 105 0.3 -6.2
"26" "26" 1993-01-20 26.56 "PHI" "@" "MIA" "W" 3 0 29 1.125 1.125 16.6 25.1 21.2 12.3 1.8 2.2 0 6.3 226 104 14.2 9.3
"27" "27" 1993-01-22 26.57 "PHI" "" "NYK" "L" -18 0 17 1 1 13.4 24.8 20 0 2.9 11.9 66.7 7.5 65 92 4.8 2
"28" "28" 1993-01-23 26.57 "PHI" "@" "MIL" "W" 9 0 7 0 0 0 29.8 16.9 0 0 0 0 6.1 0 105 -0.5 -12.7
"29" "29" 1993-01-26 26.58 "PHI" "@" "NYK" "L" -8 0 22 0 0 0 4.6 2.3 23.4 0 13.1 25 7.7 34 99 1.6 -0.7
"30" "30" 1993-01-27 26.58 "PHI" "" "IND" "L" -2 0 23 0.85 0.8 7 26.6 19 5.9 0 2.7 33.8 18 108 120 7.4 -4
"31" "31" 1993-01-29 26.59 "PHI" "" "WSB" "W" 6 0 19 0.368 0.4 8.7 23.4 15.8 8.4 0 9.1 26.9 16.2 67 83 3.8 -3.7
"32" "32" 1993-01-30 26.59 "PHI" "@" "ATL" "L" -26 0 18 0.571 0.571 5.9 36 19.5 7 0 11.5 0 15.6 124 128 9.6 2.3
"33" "33" 1993-02-03 26.6 "PHI" "" "CHH" "L" -11 0 20 0.557 0.556 10.2 37.9 22.6 0 0 2.8 9.2 22.3 112 128 8 -6.8
"34" "34" 1993-02-05 26.61 "PHI" "@" "BOS" "L" -12 0 33 0.598 0.429 6.6 23 14.2 0 1.5 6.8 0 11.8 136 102 13.5 3.5
"35" "35" 1993-02-08 26.62 "PHI" "" "NYK" "L" -5 1 36 0.571 0.429 6.3 28.6 16 8.5 4.2 4.9 0 10.5 138 104 13.9 4.8
"36" "36" 1993-02-10 26.62 "PHI" "" "HOU" "L" -8 1 38 0.294 0.294 14 16.6 15 4.6 0 1.5 5.6 18.5 82 103 4.9 -8.5
"37" "37" 1993-02-12 26.63 "PHI" "@" "DEN" "L" -4 1 18 1.136 NA 12.1 19.8 16.3 20.5 0 0 69.4 6 114 115 3.5 0.1
"38" "38" 1993-02-13 26.63 "PHI" "@" "DAL" "W" 23 1 22 0.592 0.6 14.5 31.2 23.2 0 2.1 0 0 11.6 140 87 8.1 -3.2
"39" "39" 1993-02-16 26.64 "PHI" "@" "HOU" "L" -38 1 18 1 1 10.7 21.3 14.2 7.1 2.5 0 33.3 6.5 137 136 4.5 -4
"40" "40" 1993-02-18 26.64 "PHI" "@" "SAS" "L" -5 1 37 0.615 0.5 0 13.5 7.2 7.1 0 7.7 0 6.2 137 109 8.4 1.4
"41" "41" 1993-02-23 26.66 "PHI" "@" "DET" "L" -12 1 26 0.333 0.333 3.7 15.1 9.3 11.1 1.9 6.5 40 8.3 61 102 2.3 -3.8
"42" "42" 1993-02-24 26.66 "PHI" "" "ATL" "L" -25 1 24 1.011 1 9.1 10.3 9.6 0 0 2.7 35.5 15 114 137 8.4 -3.7
"43" "43" 1993-02-26 26.67 "PHI" "" "MIL" "W" 3 1 23 0.551 0.6 6.7 4.5 5.4 12.4 0 5.3 15.5 12.3 113 118 4.1 -2.5
"44" "44" 1993-03-01 26.67 "PHI" "@" "GSW" "L" -13 1 29 0.5 0.5 0 15.9 9.1 7.4 0 8.4 20 7.3 92 119 6.2 -1.5
"45" "45" 1993-03-03 26.68 "PHI" "@" "PHO" "L" -10 1 6 0.266 0 0 0 0 0 0 9.4 0 13 62 127 -0.2 -13.3
"46" "46" 1993-03-05 26.68 "PHI" "@" "LAL" "L" -4 1 16 0.5 0.5 0 10.4 5.6 0 0 0 0 10.2 103 97 1 -7
"47" "47" 1993-03-06 26.69 "PHI" "@" "SEA" "L" -56 1 12 0.333 0.333 15.1 32.4 22.2 0 0 0 40 16.1 56 139 -0.2 -16.2
"48" "48" 1993-03-08 26.69 "PHI" "@" "MIN" "W" 9 1 24 0.512 0.5 10.5 13.3 12 0 0 2.8 17 11.7 97 98 3 -10.4
"49" "49" 1993-03-10 26.7 "PHI" "" "BOS" "L" -4 1 26 0.579 0.333 11.3 25.6 17.4 0 0 0 10.4 16.3 125 113 7.6 -5.1
"50" "50" 1993-03-12 26.7 "PHI" "" "LAL" "L" -6 1 34 0.359 0.25 11.1 15.3 13.4 4.3 0 4 0 13.3 103 110 5.5 -4.8
"51" "51" 1993-03-16 26.72 "PHI" "@" "CLE" "L" -12 1 33 0.5 0.5 7.1 20.2 13.2 11.5 0 4 0 5.6 136 117 7.2 0.7
"52" "52" 1993-03-17 26.72 "PHI" "" "WSB" "L" -5 1 20 0.509 0.5 10.4 19.5 14.5 0 0 6.3 12.7 18 97 106 5.5 -5
"53" "53" 1993-03-19 26.72 "PHI" "" "DAL" "L" -2 1 30 0.205 0 9.7 13.9 12.2 4.8 0 4.3 17 9.3 65 98 1.3 -8.1
"54" "54" 1993-03-20 26.73 "PHI" "@" "MIL" "L" -26 1 33 0.85 0.8 7.9 0 3.6 0 1.6 2 25.4 11.5 123 130 8.4 -2
"55" "55" 1993-03-23 26.73 "PHI" "" "DEN" "W" 8 1 29 0.51 0.4 3.2 9.9 6.5 11.5 1.7 11.3 0 8.7 125 80 8.8 3.6
"56" "56" 1993-03-24 26.74 "PHI" "" "CHI" "L" -13 1 20 0.521 0.25 0 26.7 13.2 14.7 5.4 2.9 14.8 16.3 109 113 7.1 4.6
"57" "57" 1993-03-26 26.74 "PHI" "" "CLE" "L" -19 1 24 0.375 0.375 13.3 22.6 17.7 0 0 4.6 0 13.9 96 104 6.4 -2.9
"58" "58" 1993-03-28 26.75 "PHI" "" "PHO" "L" -10 1 37 0.714 0.714 7.8 22.1 14.3 8 1.4 5.8 36.4 12.8 96 113 9.4 -1.6
"59" "59" 1993-03-30 26.75 "PHI" "@" "NJN" "L" -14 1 33 0.515 0.333 6.5 8.8 7.5 5.7 4.9 2.1 0 5.5 131 96 8.3 2.8
"60" "60" 1993-03-31 26.76 "PHI" "@" "BOS" "L" -6 1 33 1 1 0 20.2 10.1 0 0 5.5 0 8.6 200 121 11.8 3.3
"61" "61" 1993-04-02 26.76 "PHI" "" "POR" "L" -5 1 32 0 0 3.2 10.9 7.4 0 3.5 8.5 55.6 12.8 6 104 -2.4 -13
"62" "62" 1993-04-04 26.77 "PHI" "" "SAC" "W" 10 1 22 0.225 0.25 5.2 17.8 12 0 4.6 5.8 18.4 10.8 53 97 1.5 -8.8
"63" "63" 1993-04-06 26.77 "PHI" "@" "ORL" "L" -26 1 38 0.487 0.545 13.2 18.6 15.4 8.6 1.3 0 7.5 15.5 106 124 10.3 -4.2
"64" "64" 1993-04-07 26.78 "PHI" "@" "WSB" "W" 8 1 45 0.414 0.4 9.3 26.7 17.4 10.4 2.2 0 21.6 13 89 95 8.9 -3.8
"65" "65" 1993-04-09 26.78 "PHI" "" "CHH" "L" -9 1 35 0.333 0.333 11.7 31 19.3 3.6 0 3.4 10 12.3 89 126 5.7 -10
"66" "66" 1993-04-10 26.78 "PHI" "@" "MIA" "L" -5 1 24 1 1 8.3 0 4.7 5.6 0 8.5 0 3.8 209 134 5.6 -0.9
"67" "67" 1993-04-12 26.79 "PHI" "@" "CHH" "L" -19 1 24 0.532 0 4.9 19 12 5.4 0 2.4 51.5 7.1 75 118 0.6 -8.5
"68" "68" 1993-04-15 26.8 "PHI" "" "ORL" "W" 16 1 27 0.429 0.429 9.4 7.9 8.6 11.2 4 0 0 12.2 115 96 6.1 -0.4
"69" "69" 1993-04-18 26.81 "PHI" "" "MIN" "W" 27 1 30 0.451 0.333 4.2 24.6 16 12.4 3.5 1.9 34 18 76 77 5.9 -3.2
"70" "70" 1993-04-20 26.81 "PHI" "@" "CHI" "L" -29 1 19 0.6 0.6 17.6 34.1 25.3 0 0 0 0 11.8 134 126 6.9 -0.6
"71" "71" 1993-04-21 26.81 "PHI" "" "MIA" "W" 10 1 18 0.394 0.375 5.7 26.7 16.5 0 0 0 0 20.8 91 97 3.6 -9.6
"72" "72" 1993-04-23 26.82 "PHI" "" "NYK" "L" -15 1 29 0.466 0.5 9.5 16.6 13 6.6 0 3.9 0 9.8 109 101 7.1 -0.2
"73" "73" 1993-04-25 26.82 "PHI" "@" "CLE" "L" -4 1 22 0.41 0.25 5.6 4.7 5.1 11.9 0 5.6 17 11.6 98 116 2.8 -5.1
"1" "1" 1993-11-05 27.36 "ATL" "" "IND" "W" 6 0 17 0.387 0.333 16.6 21.7 19.3 0 2.9 0 34 15.1 72 110 -0.2 -13.4
"2" "2" 1993-11-08 27.36 "ATL" "@" "CHI" "L" -26 0 27 0.506 0.444 10.3 13.3 11.6 0 1.9 4.6 16.8 18.3 95 113 7.1 -3.8
"3" "3" 1993-11-10 27.37 "ATL" "@" "UTA" "L" -3 0 13 0.333 0.333 20 19.1 19.4 0 0 4.3 25 14.4 75 99 0.7 -10.6
"4" "4" 1993-11-12 27.38 "ATL" "@" "POR" "L" -10 0 29 0.286 0.286 7.2 14.1 10.7 0 0 2 0 9.9 77 97 1.2 -3.5
"5" "5" 1993-11-13 27.38 "ATL" "@" "SEA" "L" -8 0 36 0.5 0.5 3.1 7.5 5.1 5.5 0 2 33.3 12.2 72 113 1.1 -5.7
"6" "6" 1993-11-16 27.39 "ATL" "" "SAC" "W" 23 0 28 0.375 0.375 6.5 11.7 8.8 4.7 1.7 2.1 20 14.3 77 97 3.1 -9.5
"7" "7" 1993-11-17 27.39 "ATL" "@" "PHI" "W" 2 0 22 0.644 0.667 8.9 13.9 11.4 0 0 3.1 0 7.3 145 101 5.1 -2.3
"8" "8" 1993-11-19 27.39 "ATL" "@" "MIA" "W" 3 0 14 0.5 0.5 17.6 0 8.7 0 3.8 0 0 12.8 125 104 4.4 2.9
"9" "9" 1993-11-20 27.4 "ATL" "" "CHH" "W" 5 0 19 0.444 0.429 9.9 10.5 10.2 0 0 3.4 20.2 21.9 81 102 1.2 -11.7
"10" "10" 1993-11-23 27.41 "ATL" "" "LAL" "W" 9 0 24 0.658 0.667 8.3 17.5 13.3 6.5 0 2.5 23.3 21.7 103 97 9.6 1.6
"11" "11" 1993-11-24 27.41 "ATL" "@" "MIL" "W" 4 0 25 0.707 0.714 8.9 16.8 13.4 18.8 3.9 7.5 17.9 19.7 119 77 14.1 12.3
"12" "12" 1993-11-26 27.41 "ATL" "" "WSB" "W" 16 0 28 0.66 0.667 17.1 5.2 11.7 9.4 0 0 7.2 20.2 144 120 14.5 1.9
"13" "13" 1993-11-27 27.42 "ATL" "" "PHI" "W" 32 0 29 0.628 0.571 12 19.1 15.5 4.2 3.3 4.5 0 10.9 157 74 14.4 7
"14" "14" 1993-11-30 27.42 "ATL" "" "BOS" "W" 8 0 26 0.571 0.429 12.3 0 6.5 8.5 1.8 4.4 9.4 16.7 126 109 10.6 0.5
"15" "15" 1993-12-03 27.43 "ATL" "" "HOU" "W" 22 0 23 0.51 0.6 17.9 14.9 16.3 5.1 0 2.9 0 10.7 135 123 5.3 -6.1
"16" "16" 1993-12-08 27.45 "ATL" "@" "DET" "W" 8 0 32 0.519 0.429 9.8 12.5 11.2 8.5 0 0 0 13.1 127 106 9 -2.2
"17" "17" 1993-12-09 27.45 "ATL" "" "SAS" "W" 10 0 34 0.72 0.692 11.4 8.3 9.6 16.1 0 3.6 12.6 21.1 139 114 18.2 7.2
"18" "18" 1993-12-11 27.45 "ATL" "@" "WSB" "W" 8 0 23 0 0 0 12.5 7.5 4.5 2.2 2.5 0 3.9 36 112 1.1 -2.7
"19" "19" 1993-12-14 27.46 "ATL" "@" "CLE" "W" 11 0 21 0.333 0.333 6.5 6 6.3 14.4 2.6 3.3 25 8.9 86 106 2.6 -1.2
"20" "20" 1993-12-16 27.47 "ATL" "" "IND" "L" -18 0 39 0.349 0.333 14.4 14.7 14.5 5.1 1.5 5.1 0 14.5 104 116 10.8 -0.6
"21" "21" 1993-12-18 27.47 "ATL" "" "DEN" "W" 6 0 19 0.571 0.571 10.5 7 9 25.4 5.4 3.1 0 15.8 136 96 10 12.1
"22" "22" 1993-12-22 27.48 "ATL" "@" "BOS" "W" 5 0 14 NA NA 0 0 0 0 0 3.6 100 3.1 0 121 -0.7 -10
"23" "23" 1993-12-23 27.49 "ATL" "@" "NYK" "L" -9 0 11 0.333 0.333 9.7 0 5 0 5.1 0 40 20.1 46 100 -0.8 -13.6
"24" "24" 1993-12-26 27.5 "ATL" "@" "NJN" "L" -4 0 26 0.625 0.625 3.6 18 10 0 2.1 7.5 20 18.1 98 99 8.2 2.9
"25" "25" 1993-12-28 27.5 "ATL" "" "DET" "W" 18 0 27 0.595 0.5 5.2 28.8 17.5 0 1.9 2.5 7.8 20.8 118 103 11.8 -3.3
"26" "26" 1993-12-29 27.5 "ATL" "@" "ORL" "W" 2 0 21 0.193 0 5 13.9 8.7 0 0 0 20.5 19.3 42 100 -3.5 -17.4
"27" "27" 1994-01-04 27.52 "ATL" "" "CHH" "W" 39 0 22 0.5 0.5 10.6 12.6 11.7 8.9 2.1 5.4 11.1 16 117 91 8.7 1.1
"28" "28" 1994-01-07 27.53 "ATL" "" "POR" "W" 15 0 17 0.338 0.25 0 6.4 3.4 0 2.8 6.8 0 11.6 73 82 2.5 -1.8
"29" "29" 1994-01-08 27.53 "ATL" "" "CLE" "W" 13 0 26 0.455 0.455 11.3 8.4 9.9 5.6 0 2.6 0 18.5 115 106 8 -0.8
"30" "30" 1994-01-12 27.54 "ATL" "" "CHI" "W" 11 0 20 0.418 0.333 15.7 5.7 10.9 0 2.5 7 15.7 26.5 89 83 5.5 -0.7
"31" "31" 1994-01-14 27.55 "ATL" "" "DAL" "W" 17 0 20 0.5 0.5 11.7 16.4 14.1 0 0 2.8 11.1 18.8 102 105 5.6 -7
"32" "32" 1994-01-15 27.55 "ATL" "@" "IND" "L" -3 0 22 1.087 1 4.4 10.9 7.3 7.3 0 0 26.6 7.1 163 110 5.1 -2.5
"33" "33" 1994-01-17 27.56 "ATL" "" "MIL" "W" 4 0 30 0.381 0.286 13.6 14.2 13.9 4.7 0 4.4 0 11.6 115 110 6 -5.5
"34" "34" 1994-01-19 27.56 "ATL" "" "GSW" "L" -1 0 20 0.222 0.2 4.9 21.8 11.7 10.3 6.9 0 22.8 16.9 56 109 2.3 -7.7
"35" "35" 1994-01-21 27.57 "ATL" "" "NJN" "L" -2 0 26 0.167 0.167 8 9.7 8.8 4.6 2.1 4.9 0 10.3 71 115 1.3 -9
"36" "36" 1994-01-22 27.57 "ATL" "@" "MIN" "W" 17 0 18 0.333 0.333 31.7 6.3 19 0 0 3.5 14.3 17.3 92 96 3.3 -8.8
"37" "37" 1994-01-25 27.58 "ATL" "@" "MIL" "W" 5 0 21 0.85 0.8 10.9 20.2 15 8.8 2.5 3.4 14.5 14.7 152 96 11 9.7
"38" "38" 1994-01-26 27.58 "ATL" "" "PHO" "W" 9 0 22 0.4 0.4 5 16 10.3 0 0 3.2 16.7 12.3 80 122 2.2 -11.4
"39" "39" 1994-01-28 27.59 "ATL" "@" "CHH" "W" 12 0 15 0.333 0.333 0 39 19 0 0 0 0 8.2 98 108 1 -9.5
"40" "40" 1994-01-29 27.59 "ATL" "@" "SAS" "L" -13 0 18 0.2 0.2 0 6.7 3 0 6.4 3.6 16.7 15.7 38 111 -0.7 -10.7
"41" "41" 1994-01-31 27.59 "ATL" "@" "DAL" "W" 5 0 16 NA NA 0 20 10.1 0 0 3.9 100 10.9 0 91 -2.4 -13.6
"42" "42" 1994-02-02 27.6 "ATL" "" "ORL" "W" 19 0 20 0.761 0.714 0 27.4 12.6 0 0 0 11.3 18.2 134 104 7.7 -0.9
"43" "43" 1994-02-04 27.61 "ATL" "" "NYK" "W" 12 0 35 0.369 0.3 13.7 11.9 12.8 4 1.4 3.6 7.6 15.7 97 106 7.7 -2.6
"44" "44" 1994-02-05 27.61 "ATL" "@" "CLE" "L" -16 0 19 0.5 0.5 10.1 14.9 12 8.5 2.8 3.6 11.1 21.2 99 117 6.6 0.5
"45" "45" 1994-02-07 27.61 "ATL" "" "DET" "W" 44 0 17 0.735 0.667 25.7 20.2 22.2 0 0 3.2 29.6 15.8 121 94 6.9 -0.9
"46" "46" 1994-02-09 27.62 "ATL" "@" "ORL" "L" -17 0 22 0.145 0.167 4.2 11.5 7.3 0 2.4 0 0 13 44 113 -1.9 -14.5
"47" "47" 1994-02-10 27.62 "ATL" "" "MIA" "W" 16 0 27 0.666 0.6 9.6 7.6 8.5 4.8 0 2.3 42.5 19.2 83 113 3.5 -7.5
"48" "48" 1994-02-15 27.64 "ATL" "@" "HOU" "L" -4 0 30 0.697 0.667 15.7 4 10.5 5.6 0 2.2 0 15 160 119 15.1 5.4
"49" "49" 1994-02-17 27.64 "ATL" "@" "GSW" "L" -4 0 14 0.425 0.4 0 16.3 7.8 0 0 0 0 16.7 90 117 2.1 -8.5
"50" "50" 1994-02-18 27.64 "ATL" "@" "LAC" "W" 6 0 11 0 0 16.8 19.4 18 0 0 0 25 15.5 30 99 -1.9 -21.8
"51" "51" 1994-02-20 27.65 "ATL" "@" "DEN" "L" -5 0 24 0.444 0.429 4.8 9.3 7.1 6.9 0 8.1 11.3 17.2 89 105 4.8 0.1
"52" "52" 1994-02-23 27.66 "ATL" "" "SEA" "W" 7 0 11 0.25 0.25 9.3 9.9 9.6 0 0 0 20 19.9 55 104 -1.6 -18.8
"53" "53" 1994-02-25 27.66 "ATL" "" "MIL" "W" 11 0 9 0.563 0.5 28.8 24.2 26.3 0 0 0 40.3 36.8 77 106 1.6 -16.9
"54" "54" 1994-02-26 27.67 "ATL" "@" "PHI" "W" 16 0 13 0.786 0.786 0 0 0 0 3.9 10.3 0 25.2 144 99 9.7 12.6
"55" "55" 1994-03-01 27.67 "ATL" "" "MIN" "W" 3 0 20 0.625 0.625 7.3 8.6 7.9 0 2.5 0 20 23.2 99 109 5.2 -6.9
"56" "56" 1994-03-03 27.68 "ATL" "@" "WSB" "W" 11 0 23 0.667 0.667 5.4 14.6 10.2 0 0 3.1 0 11.1 149 109 6.1 -2.3
"57" "57" 1994-03-05 27.68 "ATL" "" "IND" "W" 2 0 10 0 0 0 12.3 5.3 0 0 0 50 8.5 0 102 -1.8 -15.8
"58" "58" 1994-03-08 27.69 "ATL" "@" "CHI" "L" -21 0 11 0 0 0 14.5 6.7 11.5 0 6.9 50 8.2 25 123 -0.4 -7.5
"59" "59" 1994-03-09 27.7 "ATL" "" "NYK" "L" -7 0 15 0 0 0 65.9 27 0 0 10 50 5.9 0 86 1.4 -4
"60" "60" 1994-03-11 27.7 "ATL" "" "CHI" "W" 31 0 16 0.317 0.286 6.7 0 3.5 0 0 0 11.3 23.1 75 98 -0.2 -13.7
"61" "61" 1994-03-12 27.7 "ATL" "@" "DET" "W" 12 0 6 NA NA 0 0 0 20.5 0 0 NA 0 205 109 0.3 -2.8
"62" "62" 1994-03-16 27.72 "ATL" "@" "CHH" "L" -13 0 12 0.75 0.75 0 0 0 0 4.4 0 0 14.2 151 102 4.6 6.6
"63" "63" 1994-03-18 27.72 "ATL" "@" "IND" "W" 3 0 10 NA NA 0 0 0 0 0 7.5 100 4.6 0 91 -1.5 -11.8
"64" "64" 1994-03-20 27.73 "ATL" "@" "BOS" "W" 21 0 11 0.5 0.5 29.1 7 16.3 26.2 0 9.6 0 15.5 140 85 6 10.6
"65" "65" 1994-03-21 27.73 "ATL" "" "UTA" "W" 4 0 15 0.333 0.333 7.4 12.4 10.1 0 0 0 0 9.5 88 101 1.6 -6.5
"66" "66" 1994-03-23 27.73 "ATL" "" "CHH" "W" 8 0 20 0.286 0.286 18.1 4.9 11.8 0 0 3.2 0 14.8 95 107 2.5 -9.5
"67" "67" 1994-03-25 27.74 "ATL" "" "LAC" "L" -3 0 9 0.25 0.25 0 11.6 5.7 0 0 0 20 23.2 45 106 -2.3 -23.8
"68" "68" 1994-03-26 27.74 "ATL" "" "MIA" "W" 10 0 10 1 1 0 0 0 16.3 0 0 33.3 13.5 110 115 2.7 0.3
"69" "69" 1994-03-29 27.75 "ATL" "" "NJN" "W" 3 0 19 0.333 0.333 5.1 0 2.7 7 0 0 14.3 14.9 80 113 1 -8.3
"70" "70" 1994-03-31 27.76 "ATL" "@" "SAC" "W" 4 0 11 0.333 0.333 0 26.7 13.9 0 4.2 11.3 14.3 26.8 58 84 2.5 -4.6
"71" "71" 1994-04-01 27.76 "ATL" "@" "PHO" "L" -6 0 18 0.636 0.667 14.4 11.3 12.7 0 0 7.3 9.6 26 110 95 9.3 7.4
"72" "72" 1994-04-03 27.76 "ATL" "@" "LAL" "L" -13 0 20 0.508 0.429 12 10.9 11.4 0 0 2.8 0 17.2 124 113 5.4 -3.7
"73" "73" 1994-04-06 27.77 "ATL" "" "BOS" "W" 4 0 9 0.333 0.333 0 12.7 6.2 0 0 20.5 0 14.4 74 106 2.7 -0.2
"74" "74" 1994-04-07 27.78 "ATL" "@" "NJN" "L" -6 0 19 0.488 0.333 0 15.5 8.2 0 2.7 11.2 0 19.5 108 89 8.1 7.3
"75" "75" 1994-04-09 27.78 "ATL" "" "WSB" "W" 14 0 25 0.689 0.7 6 21.8 15.2 15.8 0 5.3 8.4 20.4 145 110 14.7 8.2
"76" "76" 1994-04-13 27.79 "ATL" "" "CLE" "W" 15 0 14 0.5 0.5 0 6.1 4 0 0 13.4 33.3 18.6 62 95 1.2 -7
"77" "77" 1994-04-15 27.8 "ATL" "@" "MIL" "W" 9 0 10 1 1 27.4 18.8 22.3 0 0 0 0 4.4 203 105 3.7 2.9
"78" "78" 1994-04-16 27.8 "ATL" "" "PHI" "W" 29 0 28 0.769 0.769 4.2 15.9 10.8 14 3.5 2.2 7.1 21.4 145 92 19.3 8.2
"79" "79" 1994-04-18 27.81 "ATL" "@" "CHI" "L" -17 0 12 0.399 0 0 21.1 9.4 0 4.6 11.8 34.7 22.2 57 87 1.8 -0.6
"80" "80" 1994-04-19 27.81 "ATL" "@" "NYK" "W" 3 0 25 0.375 0.375 3.7 11.3 7.5 7.6 0 3.3 20 17.6 68 95 2.2 -3.7
"81" "81" 1994-04-21 27.81 "ATL" "@" "MIA" "L" -5 0 4 0 0 0 0 0 0 0 0 0 10.9 0 114 -1.1 -20.1
"82" "82" 1994-04-23 27.82 "ATL" "" "ORL" "W" 4 0 14 0.6 0.6 0 24.5 11.7 11.2 0 0 0 15.9 124 96 3.7 0.9
"1" "1" 1994-11-04 28.35 "ATL" "" "IND" "L" -2 1 32 0.785 0.6 9 0 4.6 12.8 0 12.7 11.6 11.6 155 110 15.3 9.4
"2" "2" 1994-11-05 28.36 "ATL" "" "DET" "L" -5 1 25 0.333 0.333 8.3 0 4.5 11.5 0 3.1 0 10.1 98 113 3.7 -5
"3" "3" 1994-11-07 28.36 "ATL" "@" "UTA" "L" -18 1 39 0.571 0.571 10.5 11.7 11.1 9.8 0 0 6.3 19 117 118 12.4 -0.7
"4" "4" 1994-11-09 28.37 "ATL" "@" "PHO" "L" -4 1 35 0.549 0.455 13.4 9.8 11.9 8 1.5 4.2 13.6 18.5 117 118 11.9 -1.6
"5" "5" 1994-11-10 28.37 "ATL" "@" "LAC" "W" 17 1 28 0.738 0.625 5.7 18 12.6 0 3.6 7.5 8 20.3 146 88 16.4 9
"6" "6" 1994-11-12 28.38 "ATL" "@" "SAC" "L" -8 1 32 0.571 0.571 4.2 11.5 8 24 1.7 0 12.5 11.5 123 119 7.1 1.5
"7" "7" 1994-11-15 28.38 "ATL" "" "BOS" "W" 16 0 19 0.333 0.333 6 11.5 8.8 6.6 0 6.5 25 9.6 76 102 1.1 -8.2
"8" "8" 1994-11-18 28.39 "ATL" "" "MIL" "L" -4 0 19 0.5 0.5 5.9 17.4 11.7 0 0 0 20 12.2 88 105 0.6 -11.4
"9" "9" 1994-11-19 28.39 "ATL" "@" "NYK" "L" -13 1 36 0.44 0.273 8.5 30.3 19 16.7 0 4 22.7 21.3 87 98 8.1 -1
"10" "10" 1994-11-22 28.4 "ATL" "" "PHI" "W" 3 1 22 0.888 0.833 5.6 41.3 23 0 0 4 0 15.2 189 110 12.3 7.8
"11" "11" 1994-11-23 28.41 "ATL" "@" "MIN" "W" 12 1 42 0.325 0.222 5.1 19.5 12 12.4 2.5 6 8.5 12.6 85 82 8.6 -0.1
"12" "12" 1994-11-25 28.41 "ATL" "" "LAL" "L" -5 1 31 0.509 0.5 0 10.8 5.4 5.5 0 2.3 30.4 13.6 73 105 0.9 -9.2
"13" "13" 1994-11-29 28.42 "ATL" "" "CHH" "L" -5 1 22 0.4 0.4 0 6.4 3.1 7.1 0 3.8 16.7 13.9 71 114 1.2 -9
"14" "14" 1994-12-02 28.43 "ATL" "@" "CHI" "W" 11 0 26 0.68 0.6 0 5.6 2.8 0 0 3.1 14.5 26.9 115 101 10 2
"15" "15" 1994-12-03 28.43 "ATL" "" "ORL" "W" 2 0 29 0.607 0.556 8.9 14.2 11.5 0 1.8 2.4 16.8 18.8 108 111 8.1 -3.9
"16" "16" 1994-12-06 28.44 "ATL" "@" "NJN" "W" 3 0 24 0.222 0.222 14.7 11 13 0 2.3 3.6 10 19.7 60 95 1.5 -9.9
"17" "17" 1994-12-07 28.44 "ATL" "@" "BOS" "L" -13 0 23 0.6 0.6 0 5.8 2.5 0 0 8.9 0 9.9 118 100 5.7 2.1
"18" "18" 1994-12-09 28.45 "ATL" "" "NYK" "W" 4 0 23 0.528 0.2 0 26.6 13.3 0 2.3 7.3 0 16.2 128 83 7.7 3.2
"19" "19" 1994-12-10 28.45 "ATL" "@" "ORL" "L" -11 0 23 0.286 0.286 4.7 13 9.1 12.7 0 2.5 30 18.8 58 119 -1.4 -13.4
"20" "20" 1994-12-13 28.46 "ATL" "" "MIN" "W" 2 0 27 0.676 0.625 7.4 10.6 8.7 16.9 0 2.9 10.1 16.6 135 93 10.7 6.9
"21" "21" 1994-12-14 28.46 "ATL" "@" "IND" "L" -2 0 27 0.276 0.2 4.3 9.1 6.7 0 0 0 35.5 16.3 43 105 -3 -15.1
"22" "22" 1994-12-16 28.47 "ATL" "" "CHI" "L" -5 0 26 0.788 0.75 9.2 21.1 14.8 0 0 3.3 25.3 21.9 115 107 9.9 2.8
"23" "23" 1994-12-17 28.47 "ATL" "@" "MIA" "L" -11 0 21 0.512 0.5 0 18 8.8 0 0 3.7 50.6 21.4 46 102 -2 -14.1
"24" "24" 1994-12-20 28.48 "ATL" "" "MIL" "W" 18 0 29 0.366 0.167 9.2 20.7 15.8 0 1.8 7.6 10.9 14.3 92 100 5.5 -6.4
"25" "25" 1994-12-22 28.48 "ATL" "" "UTA" "L" -9 0 25 0.61 0.5 13.4 37.2 23.4 0 0 8.7 10.9 17.3 127 111 11.2 3
"26" "26" 1994-12-23 28.49 "ATL" "@" "DET" "W" 20 0 9 0.5 0.5 13.3 12.4 12.9 0 0 17.5 0 10.8 126 89 2.6 1.4
"27" "27" 1994-12-27 28.5 "ATL" "@" "HOU" "L" -12 0 23 0.359 0.25 4.6 24.6 13.2 0 2.3 3.2 17 22.7 70 110 3 -9.8
"28" "28" 1994-12-29 28.5 "ATL" "" "SAS" "W" 6 0 17 1 1 6.9 8.4 7.6 0 0 0 50 5.2 101 121 -0.3 -10.9
"29" "29" 1994-12-30 28.51 "ATL" "@" "CLE" "L" -2 0 12 0.333 0.333 9.8 10.3 10 0 0 0 25 16.3 64 119 -0.1 -15.6
"30" "30" 1995-01-03 28.52 "ATL" "" "POR" "L" -5 0 14 0.317 0.286 8.4 13.2 11.1 0 0 4.5 11.3 28.3 67 111 0.7 -13
"31" "31" 1995-01-04 28.52 "ATL" "@" "NYK" "L" -9 1 34 0.508 0.429 14.1 6.6 10.2 12.4 1.7 0 11.3 12.9 114 109 7.1 -1.3
"32" "32" 1995-01-06 28.53 "ATL" "" "WSB" "W" 22 1 28 0.666 0.6 7.6 7.5 7.5 9.8 0 2.5 12.9 12.4 134 102 8.2 -1.4
"33" "33" 1995-01-07 28.53 "ATL" "" "NJN" "W" 17 1 14 0.5 0.5 6.9 22.4 14.3 8.9 0 10.7 33.3 9.3 90 89 1.7 -6.2
"34" "34" 1995-01-10 28.54 "ATL" "@" "WSB" "W" 3 1 25 0.333 0.333 0 12.5 7 5.8 4.2 2.6 14.3 12.4 74 99 3.1 -3.5
"35" "35" 1995-01-13 28.55 "ATL" "" "ORL" "L" -5 1 13 0 0 15.4 9.5 12.7 9.7 0 0 40 16.3 30 117 -2.9 -23
"36" "36" 1995-01-16 28.55 "ATL" "" "MIA" "W" 4 1 26 0.379 0.364 7.5 27.1 15.6 0 0 0 20.2 23.5 76 108 1.6 -11.9
"37" "37" 1995-01-18 28.56 "ATL" "" "PHI" "L" -12 1 27 0.444 0.444 11.3 21.5 15.6 19.8 2.2 8.9 0 16.4 113 104 10.6 6.6
"38" "38" 1995-01-20 28.56 "ATL" "@" "IND" "L" -10 1 4 1.136 NA 0 0 0 0 0 18.8 69.4 16.7 68 116 -0.1 -11.7
"39" "39" 1995-01-21 28.57 "ATL" "" "BOS" "W" 5 1 21 0.167 0.167 5.4 0 2.8 0 5.3 9.8 14.3 16.7 41 90 1.2 -7.5
"40" "40" 1995-01-25 28.58 "ATL" "@" "CHH" "W" 7 1 33 0.543 0.5 3.5 7.1 5.3 4.7 1.6 2.6 13.4 19.9 105 104 7.7 -2.1
"41" "41" 1995-01-26 28.58 "ATL" "" "CLE" "L" -9 1 36 0.51 0.4 0 25.8 11.6 6 0 7.1 40.5 14.8 63 97 2.7 -5.8
"42" "42" 1995-01-28 28.59 "ATL" "" "CHH" "L" -9 1 37 0.46 0.4 4.6 39.9 15.8 0 1.4 2.4 0 18.5 112 113 10 -3.9
"43" "43" 1995-01-30 28.59 "ATL" "@" "MIA" "W" 3 1 19 1 1 6.5 0 3 0 0 12.4 0 7.2 203 98 7.1 6.3
"44" "44" 1995-02-01 28.6 "ATL" "" "GSW" "W" 12 1 32 0.556 0.556 17.1 17.1 17.1 10.5 0 7.6 18.2 16.4 119 116 10 -0.2
"45" "45" 1995-02-03 28.6 "ATL" "" "SEA" "L" -23 1 30 0.463 0.409 6.5 12.6 9.2 0 0 13.3 7.8 17.9 103 124 7.7 -2.4
"46" "46" 1995-02-04 28.61 "ATL" "@" "DET" "L" -6 1 28 0.444 0.444 0 14.6 8.1 0 4 8.9 10 17.6 80 89 6 0.1
"47" "47" 1995-02-06 28.61 "ATL" "@" "PHI" "W" 15 1 38 0.551 0.533 14.4 11.1 12.8 0 0 8.7 11.5 21.4 112 111 13 -5.9
"48" "48" 1995-02-08 28.62 "ATL" "" "NJN" "W" 23 1 31 0.606 0.5 4.8 19.4 12.9 0 1.6 4.9 18.1 16.1 106 92 7.8 -3.4
"49" "49" 1995-02-14 28.63 "ATL" "@" "DEN" "W" 11 1 40 0.636 0.636 9 19.1 14.3 8.7 2.7 3.6 21.4 15.9 114 94 13.1 3.1
"50" "50" 1995-02-17 28.64 "ATL" "@" "DAL" "W" 20 1 39 0.551 0.55 10.3 13.4 12 6.3 2.8 1.8 15.5 15.9 116 102 11.5 -0.7
"51" "51" 1995-02-18 28.64 "ATL" "@" "SAS" "L" -14 1 26 0.4 0.4 3.7 20.1 11.5 0 0 2.5 0 16.6 95 121 3.5 -7.9
"52" "52" 1995-02-21 28.65 "ATL" "" "CHI" "L" -17 1 35 0.666 0.636 14.4 7.8 11.3 6.1 6.2 3.9 7.3 18.5 137 110 18.6 10.5
"53" "53" 1995-02-23 28.66 "ATL" "" "DAL" "W" 18 1 31 0.619 0.625 3.6 16.3 10.8 8.3 1.7 5.5 10.1 14.3 126 98 11.8 3.9
"54" "54" 1995-02-24 28.66 "ATL" "@" "WSB" "W" 15 1 39 0.466 0.417 10.5 10.9 10.6 9.8 2.7 6.3 7.2 15.4 118 98 13.3 0.8
"55" "55" 1995-02-27 28.67 "ATL" "" "SAC" "W" 19 1 38 0.581 0.533 3.3 25.3 13.8 10 1.3 6.1 0 19.1 135 100 19.5 4.3
"56" "56" 1995-03-02 28.68 "ATL" "@" "MIL" "L" -9 1 35 0.254 0.143 4.3 2.9 3.4 7.9 0 6.9 0 11.8 78 126 3.2 -5.9
"57" "57" 1995-03-03 28.68 "ATL" "" "DET" "W" 16 1 30 0.512 0.462 12.8 15.2 13.9 6.1 1.8 2.7 6 24.3 114 89 12.3 1
"58" "58" 1995-03-05 28.68 "ATL" "@" "ORL" "L" -2 1 29 0.543 0.5 0 0 0 6.1 0 3.4 0 19.4 119 117 7 -2.6
"59" "59" 1995-03-08 28.69 "ATL" "" "DEN" "W" 11 1 31 0.436 0.333 0 16.3 7.3 4.4 1.7 0 12.7 11 97 99 3.3 -4.6
"60" "60" 1995-03-10 28.7 "ATL" "" "NYK" "W" 27 1 31 0.508 0.429 11.6 27.5 20 0 0 0 11.3 12.6 111 91 6.6 -5
"61" "61" 1995-03-12 28.7 "ATL" "@" "BOS" "W" 6 1 29 0.676 0.667 16.9 0 9.2 0 3.8 2.5 13.1 23.2 128 112 15 3.9
"62" "62" 1995-03-13 28.71 "ATL" "" "HOU" "L" -11 1 37 0.666 0.625 2.4 21.6 10.2 5.5 0 0 9.3 13.3 126 114 10 -1.8
"63" "63" 1995-03-15 28.71 "ATL" "@" "CHI" "L" -13 1 34 0.526 0.462 3.2 24.1 13.3 0 0 9.8 0 21.2 117 111 14.4 3.4
"64" "64" 1995-03-18 28.72 "ATL" "" "PHO" "W" 5 1 20 0.571 0.571 0 16.7 7.6 0 0 0 30 20.4 73 118 0.2 -14.3
"65" "65" 1995-03-20 28.73 "ATL" "" "LAC" "W" 4 1 26 0.405 0.333 4.9 15.8 10.1 5.9 0 3 0 17.9 107 116 4.3 -7.6
"66" "66" 1995-03-22 28.73 "ATL" "" "MIA" "L" -14 1 19 0.364 0.364 28.1 12.3 20.6 0 0 0 0 27.4 99 122 4.4 -10.9
"67" "67" 1995-03-24 28.74 "ATL" "@" "CLE" "L" -1 1 35 0.557 0.556 11.4 23.9 18.4 0 1.6 9.9 9.2 16.1 108 80 13.5 7.7
"68" "68" 1995-03-25 28.74 "ATL" "" "CHI" "L" -1 1 38 0.53 0.455 11.5 16.6 13.9 0 1.4 5.6 23.3 20.4 95 107 10.5 -1.6
"69" "69" 1995-03-28 28.75 "ATL" "@" "POR" "W" 11 1 34 0.553 0.5 7.1 14.9 10.9 9.4 1.6 6.1 7.8 17.6 119 99 12.9 3.6
"70" "70" 1995-03-30 28.75 "ATL" "@" "GSW" "W" 28 1 33 0.658 0.625 5.7 25.7 15.7 0 0 2.2 8.6 13.8 129 81 12.2 0.2
"71" "71" 1995-03-31 28.76 "ATL" "@" "LAL" "L" -14 1 33 0.444 0.429 15.5 31.4 22.5 4.1 0 10.9 0 20 114 120 15.1 0.7
"72" "72" 1995-04-02 28.76 "ATL" "@" "SEA" "L" -22 1 30 0.304 0.222 10.7 14.9 12.7 0 0 5 16.8 17.6 65 112 2 -9.9
"73" "73" 1995-04-05 28.77 "ATL" "" "CLE" "W" 9 1 33 0.699 0.667 14.1 34.6 25.9 21.3 0 0 13.4 22.6 135 102 16.7 6
"74" "74" 1995-04-07 28.78 "ATL" "" "IND" "W" 12 1 36 0.574 0.5 12.1 19 15.5 4.4 0 4.1 7.6 16.2 124 99 13.1 0.6
"75" "75" 1995-04-09 28.78 "ATL" "@" "MIL" "L" -3 1 34 0.568 0.545 11.4 23 17.6 4.6 1.6 0 19.6 19.7 104 111 8.8 -4.8
"76" "76" 1995-04-11 28.79 "ATL" "@" "PHI" "W" 4 1 47 0.733 0.692 9 10.5 9.7 0 0 9.1 6.5 14.9 146 115 20.7 3.5
"77" "77" 1995-04-12 28.79 "ATL" "" "WSB" "W" 8 1 34 0.4 0.4 4 7.4 5.8 4.7 1.5 4.8 16.7 16.8 76 90 4.2 -5
"78" "78" 1995-04-14 28.79 "ATL" "@" "CLE" "L" -13 1 34 0.603 0.583 0 9.8 5.4 0 0 6.2 13.9 24.4 94 111 10 -0.1
"79" "79" 1995-04-16 28.8 "ATL" "@" "CHH" "W" 1 1 44 0.466 0.417 13.6 12.1 12.9 3.6 2.5 5.1 7.2 15.1 109 103 11.8 -1.4
"80" "80" 1995-04-19 28.81 "ATL" "@" "NJN" "W" 5 1 24 0.467 0.429 4.8 5.3 5 0 0 0 9.4 20 92 114 2.5 -10.7
"81" "81" 1995-04-21 28.81 "ATL" "" "DET" "W" 17 1 28 0.547 0.545 0 7.5 3.7 9.3 0 4.4 0 17.5 121 113 9.9 -1.1
"82" "82" 1995-04-23 28.82 "ATL" "@" "IND" "L" -16 1 18 0.5 0.5 10.5 16.7 13.5 0 0 7.2 0 9.6 116 105 4.1 -2.3
"1" "1" 1995-11-03 29.35 "ATL" "" "IND" "L" -5 1 39 0.512 0.5 12 11.7 11.9 4.5 0 4.8 6.4 18.2 115 130 11.1 -4.1
"2" "2" 1995-11-04 29.35 "ATL" "" "ORL" "W" 33 1 24 0.167 0.167 5.4 9.3 7.5 8.9 2.2 6.5 25 14.8 55 99 0.9 -8.3
"3" "3" 1995-11-06 29.36 "ATL" "@" "UTA" "L" -9 1 35 0.721 0.583 9.4 8.1 8.8 11.2 0 2.1 11.1 23.2 145 126 18.6 7.7
"4" "4" 1995-11-08 29.36 "ATL" "@" "LAC" "W" 8 1 34 0.551 0.364 3.4 18.8 11.4 0 0 15.4 0 19.2 133 96 15.3 4.4
"5" "5" 1995-11-09 29.37 "ATL" "@" "GSW" "W" 4 1 40 0.683 0.667 0 24.6 14.3 6.4 3.9 1.8 0 16.4 147 123 19.9 3
"6" "6" 1995-11-11 29.37 "ATL" "@" "DAL" "W" 13 1 34 0.514 0.5 5.2 17.3 11 13.7 3 0 4.7 25.8 121 102 16.1 3
"7" "7" 1995-11-14 29.38 "ATL" "" "CHH" "W" 7 1 28 0.505 0.5 9.3 19 14.1 5.6 4.1 0 13.4 23.8 107 118 9.1 -4.6
"8" "8" 1995-11-17 29.39 "ATL" "" "MIA" "L" -3 1 42 0.588 0.588 5.6 10.1 7.6 0 0 1.9 5.6 20.3 116 110 12.5 0.5
"9" "9" 1995-11-19 29.39 "ATL" "@" "SAC" "W" 14 1 40 0.529 0.529 18.3 10.7 14.5 0 1.3 6 15 20.7 109 102 14.3 -0.7
"10" "10" 1995-11-21 29.4 "ATL" "@" "DEN" "L" -8 1 35 0.615 0.588 7 12.5 9.9 0 0 1.9 14.4 25.6 111 115 12.4 -1.1
"11" "11" 1995-11-22 29.4 "ATL" "@" "PHO" "L" -5 1 42 0.59 0.563 9 19.7 12.9 9.6 2.4 0 13.9 21.7 117 120 17.8 -0.5
"12" "12" 1995-11-25 29.41 "ATL" "" "TOR" "W" 12 1 30 0.225 0.125 0 18.8 8.1 4.3 1.8 2.7 10.1 14 63 113 -0.2 -13.1
"13" "13" 1995-11-28 29.42 "ATL" "@" "NYK" "W" 5 1 44 0.355 0.313 5 15.1 10 3.9 0 1.8 0 17.5 92 104 5.8 -6.8
"14" "14" 1995-11-29 29.42 "ATL" "" "PHI" "W" 25 1 34 0.658 0.667 4.3 5.9 5.2 16.8 0 3.9 9.2 14.4 141 96 11.6 3.8
"15" "15" 1995-12-01 29.43 "ATL" "" "DAL" "L" -8 1 36 0.25 0.25 8.9 12.1 10.5 4.2 0 0 7.7 16.1 71 121 -0.6 -13.6
"16" "16" 1995-12-02 29.43 "ATL" "@" "DET" "L" -8 1 35 0.324 0.308 3.1 26.8 14.5 4.8 0 4.2 12.6 21.2 68 115 3.1 -9.7
"17" "17" 1995-12-06 29.44 "ATL" "@" "WSB" "L" -17 1 33 0.425 0.3 3.5 0 2 6.7 1.5 4.8 20.3 19.4 80 101 2.6 -3.8
"18" "18" 1995-12-07 29.44 "ATL" "" "SAS" "L" -2 1 35 0.468 0.421 4.6 26.1 13.6 0 2.9 2.5 4.7 24.5 104 107 12.8 -1.8
"19" "19" 1995-12-09 29.45 "ATL" "" "NYK" "L" -9 1 35 0.721 0.714 6.5 14.4 10.3 15.7 1.7 0 26.5 16 115 121 9.4 0.6
"20" "20" 1995-12-10 29.45 "ATL" "@" "BOS" "W" 5 1 29 0.407 0.308 7.4 16.9 12.3 5.3 0 2.4 6.3 23.6 95 111 7 -7.4
"21" "21" 1995-12-12 29.46 "ATL" "" "MIN" "L" -7 1 44 0.473 0.333 2.6 25.2 13.5 5.3 0 6.1 20.5 16.8 83 98 7.8 -3.2
"22" "22" 1995-12-14 29.46 "ATL" "" "CHI" "L" -19 1 31 0.394 0.375 3.5 13.7 7.9 3.9 1.6 0 10.1 13.1 92 137 3.7 -7.6
"23" "23" 1995-12-16 29.47 "ATL" "" "DEN" "W" 9 1 42 0.477 0.444 6.7 5.3 6.1 8.8 1.2 3.9 5 20.4 108 96 13.3 2.3
"24" "24" 1995-12-22 29.48 "ATL" "" "NJN" "W" 3 1 27 0.618 0.6 16.8 14 15.6 7 1.9 0 26.1 23 101 99 9.1 -0.8
"25" "25" 1995-12-23 29.49 "ATL" "@" "MIL" "L" -4 1 42 0.609 0.545 5.9 13.4 9.4 3.3 0 1.7 0 13.3 133 125 13.3 -2.7
"26" "26" 1995-12-26 29.5 "ATL" "" "LAC" "W" 6 1 37 0.392 0.273 5.6 10.2 7.7 7.8 0 4 0 15.5 108 102 7 -4.5
"27" "27" 1995-12-29 29.5 "ATL" "" "GSW" "L" -21 1 30 0.388 0.333 3 10 5.6 0 0 2.7 7.2 19.8 83 129 3 -11
"28" "28" 1995-12-30 29.51 "ATL" "@" "CHI" "L" -2 1 24 0.357 0.357 7.8 16.7 12.1 0 0 2.9 6.7 25.7 86 104 2.1 -9.3
"29" "29" 1996-01-02 29.52 "ATL" "" "SEA" "L" -23 1 36 0.729 0.737 5.8 17.1 11 15.4 0 2.6 13.1 27.4 126 120 21.7 8.3
"30" "30" 1996-01-04 29.52 "ATL" "" "TOR" "W" 3 1 43 0.326 0.286 12.6 14.1 13.2 7.5 1.2 2.1 28.1 21.3 67 103 1.2 -12.7
"31" "31" 1996-01-06 29.53 "ATL" "@" "CHH" "L" -6 1 33 0.533 0.533 18.8 4 10.9 6.8 0 7.8 6.3 24.6 113 121 12.4 2.7
"32" "32" 1996-01-09 29.53 "ATL" "" "SAC" "W" 16 1 30 0.474 0.385 0 22.9 11.6 5.7 1.6 2.7 0 21.3 103 85 10.7 3.2
"33" "33" 1996-01-11 29.54 "ATL" "@" "TOR" "W" 8 1 35 0.628 0.571 6.9 22.9 15.1 10.3 1.6 0 31.3 18 95 88 8 -2.7
"34" "34" 1996-01-13 29.55 "ATL" "" "BOS" "W" 3 1 42 0.429 0.429 0 11.8 5.3 0 1.3 4.2 17.6 18.9 73 120 3.3 -9.7
"35" "35" 1996-01-15 29.55 "ATL" "" "DET" "W" 8 1 30 0.184 0.1 9.4 7.1 8.1 4.5 0 5.2 35.5 25.7 39 107 -6.5 -21.9
"36" "36" 1996-01-17 29.56 "ATL" "" "IND" "W" 9 1 36 0.666 0.636 21.5 12.5 16.9 0 0 6 23.9 22.8 114 112 13.4 -0.6
"37" "37" 1996-01-19 29.56 "ATL" "@" "PHI" "W" 5 1 42 0.667 0.667 2.6 10.2 6.4 13.1 2.7 11.8 25 13.8 102 87 14.5 5.1
"38" "38" 1996-01-20 29.56 "ATL" "" "MIA" "W" 20 1 35 0.523 0.5 10.5 26.1 18.6 4.8 3.1 4.4 0 16.7 127 80 14.8 6.2
"39" "39" 1996-01-22 29.57 "ATL" "" "HOU" "W" 9 1 45 0.295 0.273 0 18.4 7.3 3.1 2.3 4.2 20.2 14.2 55 101 1.5 -8.8
"40" "40" 1996-01-23 29.57 "ATL" "@" "CLE" "W" 12 1 29 0.5 0.5 0 3 1.9 0 0 5.1 20 9.7 72 97 2.3 -1.1
"41" "41" 1996-01-26 29.58 "ATL" "" "ORL" "W" 12 1 40 0.286 0.286 2.9 22.1 12 7.5 0 5.3 12.5 18.8 67 100 1.8 -10.9
"42" "42" 1996-01-30 29.59 "ATL" "@" "IND" "L" -17 1 26 0.444 0.444 12.3 5.4 9.3 0 0 6.2 18.2 18.4 84 122 3.1 -9.8
"43" "43" 1996-01-31 29.59 "ATL" "" "PHO" "L" -36 1 34 0.706 0.714 2.9 9.1 5.3 6.8 0 3.7 0 19.7 146 134 17 6.2
"44" "44" 1996-02-02 29.6 "ATL" "@" "ORL" "L" -13 1 35 0.333 0.333 3 20.6 11.2 3.9 0 0 0 11.3 88 122 2.5 -7.8
"45" "45" 1996-02-04 29.61 "ATL" "" "CHH" "W" 2 1 30 0.333 0.333 8.9 13 11 8.2 0 5.2 14.3 10.4 96 117 3.1 -6.3
"46" "46" 1996-02-07 29.61 "ATL" "@" "MIA" "L" -12 1 38 0.396 0.385 5.5 31.6 16.9 0 2.9 0 17.8 19.7 78 110 4.2 -7
"47" "47" 1996-02-08 29.62 "ATL" "" "WSB" "W" 6 1 44 0.5 0.5 2.8 7.6 5.3 9 1.3 5.1 10 21.5 104 110 11.9 0.4
"48" "48" 1996-02-14 29.63 "ATL" "@" "LAL" "L" -1 1 35 0.438 0.438 11.6 7.2 9.9 16.9 0 12.5 15.8 22.1 93 95 10.7 2.9
"49" "49" 1996-02-16 29.64 "ATL" "@" "VAN" "W" 10 1 44 0.506 0.444 12.5 25.7 19 6.1 2.3 3.8 28.8 14.6 93 104 10.1 -5.3
"50" "50" 1996-02-18 29.64 "ATL" "@" "POR" "W" 3 1 39 0.564 0.5 8.8 28 18.6 0 0 1.8 8.6 14.4 119 103 10.4 0.2
"51" "51" 1996-02-19 29.65 "ATL" "@" "SEA" "L" -8 1 33 0.5 0.5 18.2 30.1 23.2 0 1.6 5.3 0 16.9 121 111 13.3 3.5
"52" "52" 1996-02-23 29.66 "MIN" "" "DET" "W" 1 0 8 0.25 0.25 0 37.5 18.2 0 0 23.1 20 31 47 97 0.2 -16.8
"53" "53" 1996-02-25 29.66 "MIN" "" "ATL" "L" -16 0 20 0.41 0.25 4.9 34.3 17.1 0 0 9.1 0 11.6 102 102 3.6 -4.7
"54" "54" 1996-02-27 29.67 "MIN" "@" "CHI" "L" -21 1 28 0.595 0.5 4.1 3.9 4 0 3.6 0 7.8 20.1 119 127 9 -1.9
"55" "55" 1996-02-28 29.67 "MIN" "" "PHO" "L" -24 1 34 0.503 0.5 18.4 14.6 16.9 0 1.5 2.1 10.1 25 104 122 12.9 -1.3
"56" "56" 1996-03-01 29.68 "MIN" "" "CHH" "W" 4 1 32 0.533 0.4 17.6 17.9 17.8 0 0 2.6 14.1 20.7 112 111 9.4 -4.7
"57" "57" 1996-03-03 29.68 "MIN" "" "MIA" "W" 2 1 35 0.421 0.364 3.6 28.1 16.7 0 0 15.9 14.4 17.3 85 82 8.9 1.7
"58" "58" 1996-03-05 29.69 "MIN" "@" "MIA" "L" -41 1 28 0.111 0.111 6.9 4.5 5.8 0 0 0 18.2 17.1 28 120 -6.2 -17.8
"59" "59" 1996-03-06 29.69 "MIN" "@" "PHI" "W" 13 1 42 0.836 0.875 9.7 21.6 16 3.2 0 10.7 14.3 15 147 91 25 8.4
"60" "60" 1996-03-08 29.7 "MIN" "" "SEA" "L" -20 1 15 0.549 0 0 9.7 4.3 0 3 4.6 45.2 18.3 62 118 1.1 -11.3
"61" "61" 1996-04-02 29.76 "MIN" "@" "DEN" "L" -8 1 37 0.326 0.313 6.8 18.5 13 0 0 1.9 5.6 25.7 72 107 3.5 -9.7
"62" "62" 1996-04-03 29.77 "MIN" "@" "VAN" "L" -2 1 16 0.25 0.25 0 15.4 9 0 3.3 0 0 11.7 59 111 0 -10.2
"63" "63" 1996-04-05 29.77 "MIN" "@" "UTA" "W" 4 1 20 0.4 0.4 25.9 5.5 14.8 0 0 7.3 0 11.5 123 114 4.6 -2.9
"64" "64" 1996-04-06 29.78 "MIN" "@" "GSW" "L" -5 1 26 0.333 0.333 0 15.4 7.7 0 0 2.8 0 5.2 76 125 0.3 -9.2
"65" "65" 1996-04-08 29.78 "MIN" "" "TOR" "W" 14 1 29 0.551 0.5 13.5 15.4 14.4 4.4 0 2.3 8.4 15.9 126 105 10.6 -2.4
"66" "66" 1996-04-10 29.79 "MIN" "" "LAL" "L" -21 1 27 0.333 0.333 11.1 17.2 13.5 0 1.9 9 18.2 17.4 70 116 3.8 -9.2
"67" "67" 1996-04-12 29.79 "MIN" "@" "WSB" "L" -10 1 35 0.661 0.667 12.8 16.1 14.2 0 0 4.6 11.2 21.5 127 124 15.9 -0.4
"68" "68" 1996-04-14 29.8 "MIN" "" "DEN" "L" -7 1 38 0.388 0.333 9.5 18.6 13.7 0 0 5.3 13.4 18 80 102 5.3 -7.8
"69" "69" 1996-04-17 29.81 "MIN" "" "GSW" "L" -6 1 19 0.4 0.4 6.5 25.8 17.2 0 0 10.7 28.6 15.6 65 108 1.6 -10.3
"70" "70" 1996-04-19 29.81 "MIN" "@" "SEA" "L" -8 1 32 0.286 0.286 4.2 23.7 14.2 4.7 0 0 30 15.6 51 108 -1.5 -11.2
"71" "71" 1996-04-20 29.81 "MIN" "@" "LAL" "L" -24 1 29 0.545 0.545 3.1 11 6.8 0 1.7 7.3 15.4 17.8 96 103 8.6 1.4
"1" "1" 1996-11-01 30.35 "MIL" "@" "PHI" "W" 8 1 27.1666666666667 0.558 0.556 19.8 7.9 13.8 6.1 0 4.9 0 16.3 139 112 11.5 1.5
"2" "2" 1996-11-02 30.35 "MIL" "" "BOS" "W" 22 1 24.5333333333333 0.5 0.5 10.5 17 14.1 0 2.1 5.9 0 7.4 132 102 6.2 0.3
"3" "3" 1996-11-06 30.36 "MIL" "" "VAN" "W" 16 1 20.3666666666667 0.25 0.25 6.9 38.2 24.3 0 2.5 0 20 10.7 58 84 1.2 -7
"4" "4" 1996-11-08 30.36 "MIL" "@" "MIA" "L" -12 1 32.1666666666667 0.667 0.667 3.9 30 18.1 0 1.6 2.3 14.3 10.1 112 103 7.9 0.6
"5" "5" 1996-11-09 30.37 "MIL" "@" "CHH" "W" 2 1 27.9666666666667 0.25 0.25 19 24.5 21.7 5.2 0 0 20 8.6 92 115 1.2 -8.3
"6" "6" 1996-11-12 30.38 "MIL" "" "PHO" "W" 10 1 15.6166666666667 0.2 0.2 13.6 7.4 10.6 10 0 0 16.7 17.3 63 96 0.3 -8.4
"7" "7" 1996-11-14 30.38 "MIL" "@" "GSW" "L" -9 1 18.1833333333333 1 1 0 14 6.8 0 0 0 0 2.6 200 114 2.3 -2
"8" "" 1996-11-15 30.38 "MIL" "@" "SAC" "L" -4 NA NA NA NA NA NA NA NA NA NA NA NA NA NA NA NA
"9" "8" 1996-11-27 30.42 "MIL" "" "CLE" "W" 17 1 19 0.667 0.667 21.7 6.5 13.7 0 0 4.1 40 13.8 98 92 3 -3.6
"10" "9" 1996-11-30 30.42 "MIL" "" "CHH" "L" -7 1 31 0.508 0.429 9.4 4.7 7 5.7 3.6 0 27.6 18 86 108 5.3 -2.7
"11" "10" 1996-12-03 30.43 "MIL" "" "CHI" "L" -3 1 25 0.75 0.75 11.3 16 13.7 6.6 0 0 33.3 10.4 107 121 5 0.3
"12" "11" 1996-12-07 30.44 "MIL" "@" "WSB" "W" 8 1 21.2 0.333 0.333 6.3 28.6 18 5.7 0 6.1 0 17.7 102 118 4.8 -5.4
"13" "12" 1996-12-08 30.45 "MIL" "" "BOS" "W" 13 1 35.8833333333333 0.612 0.636 24.6 23.3 23.9 3.7 4.5 6.9 14.9 16 122 88 18.7 8.6
"14" "13" 1996-12-10 30.45 "MIL" "" "DET" "L" -8 1 30.3166666666667 0.541 0.571 0 22.9 12.9 6.3 0 10.5 10.7 18.1 99 114 7.3 -0.8
"15" "14" 1996-12-12 30.46 "MIL" "" "SEA" "W" 3 1 11.8666666666667 1.136 NA 12.5 28.6 22.7 0 0 0 53.2 7.5 123 97 1.3 -5.4
"16" "15" 1996-12-14 30.46 "MIL" "" "NJN" "W" 10 1 15.4 0.333 0.333 0 5.8 3.4 0 0 4 0 9 76 103 -0.3 -9.3
"17" "16" 1996-12-16 30.47 "MIL" "@" "BOS" "W" 16 1 23.0166666666667 0.545 0.545 32.5 25.6 28.9 0 0 0 0 19.6 142 96 12.6 2.7
"18" "17" 1996-12-18 30.47 "MIL" "" "LAL" "L" -6 1 19.2166666666667 0 0 16.1 23.7 19.2 6 2.6 0 40 10.8 43 114 -1.8 -13.6
"19" "18" 1996-12-19 30.48 "MIL" "@" "TOR" "L" -3 1 31.7166666666667 0.669 0.667 18.2 10.5 13.8 0 0 4.4 0 21.4 146 113 15.7 4.3
"20" "19" 1996-12-21 30.48 "MIL" "" "ORL" "W" 18 1 25.8333333333333 0.709 0.333 0 17.6 9.3 4.7 0 6 0 10.2 174 98 8 3
"21" "20" 1996-12-23 30.49 "MIL" "@" "HOU" "W" 5 1 42.2833333333333 0.286 0.286 2.7 19.8 12.2 0 2.7 3.2 22.2 11.4 50 82 3.1 -4.8
"22" "21" 1996-12-26 30.5 "MIL" "" "HOU" "L" -11 1 26.2833333333333 0.6 0.6 5.4 22.2 12.5 0 4.2 0 28.6 13.4 83 113 4.5 -4
"23" "22" 1996-12-27 30.5 "MIL" "@" "CLE" "L" -8 1 14.4166666666667 0.311 0.333 9.8 0 4.8 0 0 0 13.4 28.1 59 120 -0.5 -16.9
"24" "23" 1996-12-29 30.5 "MIL" "" "MIA" "L" -1 1 35.85 0.694 0.5 0 25 15.4 3.5 0 5 25.8 11.1 107 108 8.4 -0.3
"25" "24" 1997-01-04 30.52 "MIL" "" "MIN" "L" -6 1 22.1666666666667 0.82 0.75 4.2 16 9.4 0 2.4 0 17 11.4 138 105 7.6 3.6
"26" "25" 1997-01-05 30.52 "MIL" "@" "NYK" "L" -5 1 27.4333333333333 0.228 0.143 15.7 13.7 14.6 0 5.9 5.3 0 15.7 72 96 4.9 -2.3
"27" "26" 1997-01-07 30.53 "MIL" "@" "DET" "W" 10 1 28.4166666666667 0.515 0.333 9.5 7.6 8.5 5.5 2.2 2.8 34 11.4 92 99 3.5 -2.6
"28" "27" 1997-01-08 30.53 "MIL" "" "UTA" "W" 7 1 20.35 0.266 0 0 13.3 7.4 0 0 0 0 4.8 59 118 -1.9 -10
"29" "28" 1997-01-10 30.54 "MIL" "" "CHI" "L" -15 1 38.4166666666667 0.387 0.333 16.3 8.1 11.3 0 0 1.6 0 5.1 126 131 3.7 -1.8
"30" "29" 1997-01-12 30.54 "MIL" "" "GSW" "W" 18 1 21.55 1 1 10.6 12 11.3 0 2.5 0 0 11.8 201 105 12 7.6
"31" "30" 1997-01-17 30.56 "MIL" "@" "CHI" "L" -27 1 13.55 0 0 0 35.7 15.4 0 0 5.6 0 3.7 0 111 0.5 -2.6
"32" "31" 1997-01-18 30.56 "MIL" "@" "ATL" "L" -23 1 34.9333333333333 0.4 0.4 6.5 11.9 9.4 0 1.4 4.1 44.4 11.4 51 100 0.7 -6
"33" "32" 1997-01-20 30.56 "MIL" "@" "PHI" "W" 10 1 19.2 0.46 0.4 6.3 20.2 14 0 0 0 0 12.4 112 111 2.6 -8
"34" "33" 1997-01-21 30.57 "MIL" "" "IND" "L" -3 1 27.5333333333333 0.333 0.333 12.7 17.8 14.8 6.7 0 5.8 14.3 12.5 86 110 2.7 -5.4
"35" "" 1997-01-23 30.57 "MIL" "@" "ORL" "L" -4 NA NA NA NA NA NA NA NA NA NA NA NA NA NA NA NA
"36" "34" 1997-01-25 30.58 "MIL" "@" "IND" "W" 2 1 31.1166666666667 0.45 0.375 4 28.8 17 0 0 0 10.1 15.7 91 97 4.5 -5
"37" "35" 1997-01-26 30.58 "MIL" "" "SAS" "W" 18 1 17.9333333333333 0.5 0.5 0 14.8 8.1 0 3.1 0 0 5.8 102 92 2.2 -2.7
"38" "36" 1997-01-28 30.59 "MIL" "" "DET" "L" -9 1 23.8 0.5 0.5 10 18.8 13.9 0 2.4 7.7 14.3 14.3 98 105 6.3 1.9
"39" "37" 1997-01-31 30.59 "MIL" "@" "CHH" "L" -7 1 36.6333333333333 0.788 0.75 5.5 23.2 12.1 0 0 5.2 0 11 168 113 13.5 5
"40" "38" 1997-02-01 30.6 "MIL" "" "PHI" "L" -9 1 22.6 0.75 0.75 5.1 23.9 13.7 0 0 6.5 20 9.2 117 115 5.5 -3
"41" "39" 1997-02-04 30.61 "MIL" "" "CLE" "L" -1 1 26.2666666666667 0.25 0.25 5.3 16.8 10.9 0 0 0 0 8.2 73 105 0.4 -5.6
"42" "40" 1997-02-06 30.61 "MIL" "@" "MIA" "L" -12 1 7.7 0 0 40 0 23.4 40 0 0 0 29.1 57 130 0 -13.6
"43" "" 1997-02-11 30.62 "MIL" "" "TOR" "W" 5 NA NA NA NA NA NA NA NA NA NA NA NA NA NA NA NA
"44" "" 1997-02-14 30.63 "MIL" "@" "TOR" "W" 4 NA NA NA NA NA NA NA NA NA NA NA NA NA NA NA NA
"45" "" 1997-02-15 30.64 "MIL" "" "DEN" "W" 5 NA NA NA NA NA NA NA NA NA NA NA NA NA NA NA NA
"46" "" 1997-02-17 30.64 "MIL" "@" "WSB" "L" -2 NA NA NA NA NA NA NA NA NA NA NA NA NA NA NA NA
"47" "" 1997-02-20 30.65 "MIL" "@" "DAL" "W" 2 NA NA NA NA NA NA NA NA NA NA NA NA NA NA NA NA
"48" "41" 1997-03-30 30.75 "MIL" "@" "DEN" "L" -2 1 27.7666666666667 0.595 0.6 17.5 19.5 18.4 11.5 1.8 3.1 14.5 10 125 102 9.4 0.2
"49" "42" 1997-04-01 30.76 "MIL" "@" "VAN" "W" 11 1 32.45 0.521 0.375 18.2 22 20.1 14.2 0 2.6 8 20.2 126 113 12.5 0.1
"50" "43" 1997-04-03 30.76 "MIL" "@" "SEA" "L" -23 1 12.8666666666667 0.798 1 0 10.9 4.4 0 4 5.7 0 6.3 157 106 3.5 3.3
"51" "44" 1997-04-04 30.77 "MIL" "@" "POR" "L" -15 1 27.6 0.51 0.4 0 17.6 8.4 0 3.5 2.5 14.5 11.2 88 107 5.8 0.3
"52" "45" 1997-04-08 30.78 "MIL" "" "ORL" "L" -15 1 12.9166666666667 0 0 0 26.4 13.2 0 0 0 0 14.9 0 112 -2.3 -14.9
"53" "46" 1997-04-10 30.78 "MIL" "@" "NJN" "L" -5 1 17.5666666666667 0.266 0 5.6 18.2 11.6 7.6 0 14.6 0 4.8 100 96 3.8 2
"54" "47" 1997-04-11 30.79 "MIL" "" "PHI" "W" 8 1 9.75 0.667 0.667 11.7 11.4 11.6 0 0 0 0 12.2 153 126 3.7 -1.1
"55" "48" 1997-04-13 30.79 "MIL" "" "NJN" "W" 9 1 8.9 0.5 0.5 14.8 16.7 15.7 0 0 0 0 10.2 132 136 0.4 -16.2
"56" "49" 1997-04-15 30.8 "MIL" "" "TOR" "W" 7 1 8.88333333333333 1 1 0 11.6 7.3 0 0 0 0 11.3 200 102 2.9 3.8
"57" "50" 1997-04-16 30.8 "MIL" "@" "DET" "L" -7 1 11.35 0.333 0.333 13.2 31.2 23.3 0 0 0 0 13.7 86 102 1.1 -7.4
"58" "51" 1997-04-18 30.81 "MIL" "@" "MIN" "L" -10 1 18.0666666666667 0 0 18.4 39.2 29.6 7 0 0 33.3 7.6 63 132 0 -11.6
"59" "52" 1997-04-20 30.81 "MIL" "" "CHH" "W" 20 1 16.2166666666667 0.5 0.5 25.7 30 28 20.9 0 0 0 16.4 141 105 6.8 2.9
"1" "1" 1997-11-18 31.39 "MIL" "" "DET" "W" 8 0 9.78333333333333 0.347 0 0 12 5.5 0 0 7.2 0 13.4 90 87 0 -9.3
"2" "2" 1997-11-20 31.4 "MIL" "" "IND" "L" -26 0 15.1833333333333 0.347 0 0 10.3 3.6 0 0 5.1 0 16.6 83 120 1.4 -8.2
"3" "3" 1997-11-22 31.4 "MIL" "@" "DAL" "W" 21 0 11.2833333333333 0.333 0.333 0 8.4 4.5 0 0 0 0 12.1 76 79 -0.6 -10.6
"4" "4" 1997-11-26 31.41 "MIL" "" "VAN" "W" 19 0 5.46666666666667 NA NA 0 37.6 21.6 0 0 12.8 100 9 0 77 0.3 -2.9
"5" "5" 1997-11-28 31.42 "MIL" "@" "ORL" "L" -4 0 28.6333333333333 0.814 0.8 12.7 20.7 16.8 6.8 2 0 22.8 14 133 108 11.2 5.2
"6" "6" 1997-11-29 31.42 "MIL" "@" "MIA" "W" 6 0 18.9833333333333 0.667 0.667 7.2 12.6 10.1 8.2 2.8 5 40 12.3 89 93 4 5.3
"7" "7" 1997-12-02 31.43 "MIL" "" "PHO" "L" -4 0 4.73333333333333 0 0 0 25.9 12.5 0 0 0 0 18.9 0 101 -1.1 -19.6
"8" "8" 1997-12-04 31.44 "MIL" "" "CHH" "W" 10 0 17.25 0.258 0.333 14.9 31.4 22.9 0 0 0 34 15.6 52 104 -0.7 -13.2
"9" "9" 1997-12-05 31.44 "MIL" "@" "CHI" "L" -22 0 16.5166666666667 0.694 0.5 7 16.4 12.2 15.8 0 0 25.8 12.1 115 98 3.1 1.5
"10" "10" 1997-12-07 31.44 "MIL" "" "SEA" "W" 6 0 6.46666666666667 0 0 0 0 0 18.5 0 0 50 12.7 25 114 -1.4 -12.5
"11" "" 1997-12-10 31.45 "MIL" "@" "BOS" "L" -5 NA NA NA NA NA NA NA NA NA NA NA NA NA NA NA NA
"12" "11" 1997-12-11 31.45 "MIL" "" "CLE" "L" -2 0 22.9 1 1 13.9 6.1 9.8 9.6 0 3.9 20 10.7 148 95 7.7 8
"13" "12" 1997-12-13 31.46 "MIL" "" "MIA" "L" -3 0 13.8666666666667 0.453 0 0 16.7 9.5 0 0 12.2 26.6 28.1 71 94 0.8 -11.5
"14" "13" 1997-12-17 31.47 "MIL" "@" "CHH" "L" -9 0 4.6 0 0 0 0 0 0 0 0 0 10 0 115 -1.5 -22.3
"15" "" 1997-12-19 31.48 "MIL" "@" "TOR" "L" -1 NA NA NA NA NA NA NA NA NA NA NA NA NA NA NA NA
"16" "14" 1997-12-20 31.48 "MIL" "" "NYK" "W" 20 0 11.5833333333333 0.5 0.5 11.5 9.7 10.5 0 5.1 0 0 17.6 119 85 2.8 -1.6
"17" "15" 1997-12-22 31.48 "MIL" "" "WAS" "L" -31 0 10.7166666666667 0.521 0.5 9.5 48.5 23.9 17 4.7 0 25.8 15.1 93 111 3.9 5.6
"18" "16" 1997-12-26 31.5 "MIL" "" "ATL" "W" 5 0 16.05 0.429 0.429 32.3 23.1 27.6 11.4 0 9.6 0 20.9 131 100 7.7 7.9
"19" "17" 1997-12-27 31.5 "MIL" "@" "NJN" "L" -8 0 4.28333333333333 0 0 0 0 0 0 0 0 0 11.6 0 117 -1.1 -17.9
"20" "18" 1997-12-30 31.51 "MIL" "" "DAL" "W" 7 0 12.8166666666667 0 0 0 17 8.7 0 4.2 0 0 6.9 0 95 0.2 -5.3
"21" "19" 1998-01-02 31.52 "MIL" "@" "CHI" "L" -14 0 12.4666666666667 0 0 0 11.4 5.3 0 0 0 22.5 16.7 0 125 -4.4 -24.1
"22" "20" 1998-01-03 31.52 "MIL" "" "BOS" "L" -7 0 6.7 0 0 0 0 0 0 0 11.1 0 13.5 0 115 -0.7 -10.6
"23" "21" 1998-01-05 31.52 "MIL" "@" "POR" "W" 6 0 6.93333333333333 0 0 0 0 0 0 0 11.4 66.7 20.2 0 104 -2.4 -25.2
"24" "22" 1998-01-07 31.53 "MIL" "@" "LAL" "L" -12 0 21 0.556 0.556 6 25.4 15.4 0 0 0 25 23.3 82 115 2.6 -9.9
"25" "23" 1998-01-08 31.53 "MIL" "@" "UTA" "L" -7 0 18.6166666666667 0.528 0.455 30.1 19.4 26 0 2.7 0 7.5 28.8 125 122 10.2 0.4
"26" "24" 1998-01-10 31.54 "MIL" "" "POR" "W" 5 0 35.2166666666667 1.042 1 7 13.2 10.2 8.7 3.1 2 25.8 5.3 162 89 10.3 7
"27" "25" 1998-01-12 31.54 "MIL" "" "LAC" "W" 15 0 16.8666666666667 0.388 0.333 13.1 30.7 22.2 0 5.7 9.1 0 15.3 105 78 5.9 1.3
"28" "26" 1998-01-14 31.55 "MIL" "" "GSW" "W" 6 0 23.7833333333333 0.42 0 17.1 24.4 21.1 0 0 0 17.4 11.1 104 108 3.7 -6.4
"29" "27" 1998-01-16 31.55 "MIL" "" "CHI" "L" -10 0 4.41666666666667 1 1 0 32.4 15.8 0 0 20.7 0 12.1 200 97 2.7 18.1
"30" "28" 1998-01-18 31.56 "MIL" "" "SAS" "L" -6 0 14.25 0.333 0.333 13.8 35.2 23.2 0 0 0 0 9.4 105 102 1.7 -6.2
"31" "29" 1998-01-20 31.56 "MIL" "@" "ATL" "L" -10 0 16.7333333333333 0.773 0.667 8.1 0 4.2 0 0 4.1 20.5 14.3 128 130 4.3 -1.8
"32" "30" 1998-01-21 31.57 "MIL" "@" "ORL" "W" 7 0 14.2833333333333 0.174 0 10.1 38.1 24.5 0 0 0 0 9.5 67 97 -0.5 -12.1
"33" "" 1998-01-24 31.58 "MIL" "" "SAC" "W" 4 NA NA NA NA NA NA NA NA NA NA NA NA NA NA NA NA
"34" "31" 1998-01-27 31.58 "MIL" "" "DET" "W" 2 0 2.98333333333333 NA NA 0 0 0 0 0 0 NA 0 0 107 -0.4 -12.5
"35" "" 1998-01-29 31.59 "MIL" "@" "NYK" "W" 3 NA NA NA NA NA NA NA NA NA NA NA NA NA NA NA NA
"36" "32" 1998-02-01 31.6 "MIL" "@" "MIN" "W" 8 0 2.53333333333333 0 0 0 0 0 0 0 0 0 14.6 0 131 -1.1 -33.4
"37" "" 1998-02-03 31.6 "MIL" "" "NYK" "W" 4 NA NA NA NA NA NA NA NA NA NA NA NA NA NA NA NA
"38" "33" 1998-02-05 31.61 "MIL" "" "MIA" "L" -4 0 12.05 0 0 11.8 0 5.3 11.8 0 0 0 4.2 93 123 0.7 -1.2
"39" "34" 1998-02-10 31.62 "MIL" "" "ATL" "L" -8 0 9.73333333333333 1 1 12 13.3 12.6 0 5.6 0 25 18.7 133 116 5.7 10.4
"40" "35" 1998-02-11 31.62 "MIL" "@" "DET" "L" -12 0 6.46666666666667 0 0 0 0 0 0 0 12.9 0 7.7 0 105 0 -3.2
"41" "36" 1998-02-14 31.63 "MIL" "@" "CLE" "W" 6 0 5.21666666666667 0 0 0 0 0 0 0 15.2 0 9.3 0 109 0 -7.2
"42" "37" 1998-02-16 31.64 "MIL" "@" "NJN" "L" -11 0 19.55 1 1 8.3 17.6 13.7 7.4 0 3.8 66.7 6.7 73 117 1.1 -2.8
"43" "38" 1998-02-18 31.64 "MIL" "@" "WAS" "W" 10 0 7.63333333333333 NA NA 18.8 42.9 32.4 0 0 8.5 100 6 56 99 1.3 -0.3
"44" "39" 1998-02-20 31.65 "MIL" "" "TOR" "W" 5 0 10.9333333333333 1 1 0 8.4 4.7 0 0 0 0 7.8 200 99 3.3 5.2
"45" "" 1998-02-22 31.65 "MIL" "" "CLE" "W" 8 NA NA NA NA NA NA NA NA NA NA NA NA NA NA NA NA
"46" "40" 1998-02-24 31.66 "MIL" "" "LAL" "L" -17 0 26.3833333333333 0.25 0.25 13.4 23.6 18.1 11.1 0 2.7 20 8.6 83 108 4.1 -5.8
"47" "41" 1998-02-26 31.67 "MIL" "@" "NYK" "L" -12 0 16.9 0.75 0.75 0 16.6 8.4 0 6.7 0 0 11.5 155 109 5.8 5.5
"48" "" 1998-03-04 31.68 "MIL" "@" "PHI" "L" -7 NA NA NA NA NA NA NA NA NA NA NA NA NA NA NA NA
"49" "42" 1998-03-05 31.68 "MIL" "" "DEN" "W" 17 0 4.08333333333333 1 1 0 0 0 0 0 0 0 10.9 200 109 0.9 -2.2
"50" "43" 1998-03-07 31.69 "MIL" "" "UTA" "L" -18 0 20.2 0.307 0.25 12 25.7 17.6 0 2.7 0 0 11.1 94 122 1.5 -8.8
"51" "" 1998-03-10 31.7 "MIL" "" "WAS" "L" -16 NA NA NA NA NA NA NA NA NA NA NA NA NA NA NA NA
"52" "44" 1998-03-11 31.7 "MIL" "@" "CLE" "L" -12 0 8.35 0.532 0 16.2 0 9.1 0 0 9.2 0 10.8 141 108 2.3 0.4
"53" "45" 1998-03-13 31.71 "MIL" "@" "IND" "L" -20 0 3.76666666666667 NA NA 0 40 17.6 0 0 0 NA 0 0 118 0.3 -2.2
"54" "46" 1998-03-14 31.71 "MIL" "" "PHI" "L" -4 0 2.28333333333333 NA NA 0 0 0 0 0 0 NA 0 0 112 0 -4.6
"55" "47" 1998-03-16 31.72 "MIL" "@" "SAS" "L" -11 0 7.63333333333333 NA NA 0 20 7.3 38.7 7 0 NA 0 216 104 2.7 13.8
"56" "" 1998-03-17 31.72 "MIL" "@" "HOU" "L" -5 NA NA NA NA NA NA NA NA NA NA NA NA NA NA NA NA
"57" "48" 1998-03-19 31.72 "MIL" "@" "ATL" "L" -3 0 10 0.25 0.25 16 21.8 18.5 0 0 16.3 0 17.5 78 90 1.8 -5.5
"58" "49" 1998-03-22 31.73 "MIL" "" "IND" "L" -2 0 3.78333333333333 0 0 0 0 0 41.4 13.5 0 0 24 24 78 0.3 3.3
"59" "50" 1998-03-24 31.74 "MIL" "" "HOU" "W" 10 0 3.66666666666667 NA NA 0 0 0 0 0 0 100 11.2 0 120 -1.8 -28.8
"60" "51" 1998-03-26 31.74 "MIL" "@" "CHH" "L" -14 0 2.31666666666667 NA NA 0 0 0 0 0 0 NA 0 0 116 0 -5.2
"61" "52" 1998-03-27 31.75 "MIL" "@" "MIA" "L" -25 0 29.55 0.376 0.25 14.3 31.5 21.5 0 3.5 3 17 26.8 77 99 7.4 -2.9
"62" "" 1998-03-29 31.75 "MIL" "" "CHI" "L" -17 NA NA NA NA NA NA NA NA NA NA NA NA NA NA NA NA
"63" "53" 1998-03-31 31.76 "MIL" "@" "GSW" "W" 5 0 10.35 0.543 0 9.4 9.6 9.5 0 0 6.4 0 11.4 136 93 3.6 3.6
"64" "54" 1998-04-01 31.76 "MIL" "@" "DEN" "W" 6 0 6.26666666666667 0 0 26.7 0 11 0 0 0 0 8.3 75 121 -0.8 -19.5
"65" "" 1998-04-03 31.76 "MIL" "@" "SAC" "W" 1 NA NA NA NA NA NA NA NA NA NA NA NA NA NA NA NA
"66" "" 1998-04-05 31.77 "MIL" "@" "IND" "L" -1 NA NA NA NA NA NA NA NA NA NA NA NA NA NA NA NA
"67" "" 1998-04-07 31.78 "MIL" "" "TOR" "W" 9 NA NA NA NA NA NA NA NA NA NA NA NA NA NA NA NA
"68" "" 1998-04-08 31.78 "MIL" "@" "TOR" "W" 7 NA NA NA NA NA NA NA NA NA NA NA NA NA NA NA NA
"69" "" 1998-04-11 31.79 "MIL" "" "NJN" "L" -7 NA NA NA NA NA NA NA NA NA NA NA NA NA NA NA NA
"70" "55" 1998-04-14 31.79 "MIL" "" "CHH" "L" -22 0 13.6666666666667 0.266 0 7.1 20.8 12.7 0 0 0 34.7 8.8 51 116 -0.6 -12.3
"71" "" 1998-04-15 31.8 "MIL" "@" "BOS" "W" 8 NA NA NA NA NA NA NA NA NA NA NA NA NA NA NA NA
"72" "56" 1998-04-17 31.8 "MIL" "@" "DET" "L" -6 0 12.7833333333333 0 0 10 9.2 9.6 0 0 5.8 0 3.5 66 120 0.2 -6.8
"73" "57" 1998-04-18 31.81 "MIL" "" "MIN" "L" -2 0 11.0166666666667 0.515 0.333 23.6 0 11.5 0 0 0 0 15.1 143 128 2.9 -9.4
"1" "1" 1999-02-05 32.61 "CHI" "@" "UTA" "L" -8 1 23.7166666666667 0.333 0.333 4.7 23.1 11.6 5.7 2.3 0 0 5.6 104 118 2.4 -4.6
"2" "2" 1999-02-07 32.61 "CHI" "@" "LAC" "W" 5 1 33.8333333333333 0.277 0.2 21 24.7 22.7 0 0 4.2 19.2 20.6 72 99 3 -12.7
"3" "3" 1999-02-09 32.62 "CHI" "" "ATL" "L" -16 1 33.9666666666667 0.308 0.308 16.9 17.1 17 5.4 0 4.5 7.1 19 81 106 5.8 -5.3
"4" "4" 1999-02-11 32.62 "CHI" "" "NYK" "L" -5 1 26.5666666666667 0.202 0.111 16.8 30.4 22.7 9.2 0 6.5 16.8 19.8 56 82 2.2 -6.9
"5" "5" 1999-02-14 32.63 "CHI" "" "SAS" "L" -13 1 28.5833333333333 0.2 0.2 3.7 27.4 16.1 6 0 0 0 17.5 53 98 -0.4 -13.5
"6" "6" 1999-02-16 32.64 "CHI" "" "ATL" "L" -16 1 25.7833333333333 0.25 0.25 10.9 16.4 13.5 0 0 2.9 20 26.6 50 99 -0.6 -13.7
"7" "7" 1999-02-17 32.64 "CHI" "@" "MIL" "L" -8 1 17.9333333333333 0.5 0.5 7.6 6.2 6.8 12.1 0 3.9 14.3 20.1 91 111 3.6 -3.2
"8" "8" 1999-02-19 32.65 "CHI" "@" "WAS" "L" -2 0 9.78333333333333 NA NA 15 0 6.7 15 0 0 100 5.1 82 115 0.4 -4.1
"9" "9" 1999-02-21 32.65 "CHI" "@" "NYK" "L" -16 1 11.3333333333333 0.667 0.667 0 12.5 6 57.1 0 0 40 22.5 85 101 1.6 -1.6
"10" "10" 1999-02-22 32.65 "CHI" "@" "ATL" "W" 9 0 30 0.25 0.25 4.7 3.3 3.9 0 0 2.4 20 8.5 52 92 -0.9 -8.5
"11" "11" 1999-02-23 32.66 "CHI" "" "MIL" "L" -2 0 13.4666666666667 0.694 0.5 0 16.7 8.6 0 0 0 25.8 13.2 105 110 2.6 -4.7
"12" "12" 1999-02-25 32.66 "CHI" "" "PHI" "L" -18 0 7.25 0 0 0 18 8.7 22.1 7.5 0 0 18.9 21 97 -0.9 -12
"13" "13" 1999-02-27 32.67 "CHI" "" "CHH" "W" 17 1 31.95 0.854 0.833 10.2 30 19 10.5 0 2.7 0 12.7 183 95 16.9 8.5
"14" "14" 1999-02-28 32.67 "CHI" "@" "TOR" "W" 2 1 10.8166666666667 0 0 8.9 19.3 13.9 0 5.3 0 0 16.3 14 87 -2.2 -20.2
"15" "15" 1999-03-02 32.68 "CHI" "" "DET" "L" -30 1 21.35 0.615 0.5 4.7 25.4 13.4 0 0 0 17 12.7 110 125 4.5 -6.3
"16" "16" 1999-03-03 32.68 "CHI" "@" "PHI" "L" -16 1 17.9333333333333 0.307 0.25 6.7 7.4 7 0 3 3.6 17 14.4 66 113 1.1 -9.5
"17" "" 1999-03-08 32.69 "CHI" "@" "MIL" "L" -5 NA NA NA NA NA NA NA NA NA NA NA NA NA NA NA NA
"18" "17" 1999-03-09 32.7 "CHI" "" "NJN" "W" 16 0 5.45 NA NA 0 0 0 25.9 0 0 NA 0 214 103 0.7 3.5
"19" "18" 1999-03-11 32.7 "CHI" "" "SEA" "L" -9 0 6.3 0 0 0 20.5 9.8 25.8 0 15.4 0 8.1 44 98 0.2 -3.5
"20" "19" 1999-03-12 32.7 "CHI" "" "NYK" "W" 13 0 15.2833333333333 0.694 0.5 0 21.8 11.9 0 0 0 0 9.4 154 76 3.1 -0.5
"21" "20" 1999-03-15 32.71 "CHI" "" "CLE" "L" -4 0 6.18333333333333 1 1 0 42.1 19.6 0 9.2 0 0 7.6 200 73 3.3 15.1
"22" "21" 1999-03-17 32.72 "CHI" "@" "ORL" "L" -9 1 8.48333333333333 0.667 0.667 11.6 14 12.7 0 0 0 0 14.5 145 120 3.7 2.9
"1" "" 1999-11-02 33.35 "NYK" "" "CLE" "W" 8 NA NA NA NA NA NA NA NA NA NA NA NA NA NA NA NA
"2" "" 1999-11-03 33.35 "NYK" "@" "CHI" "W" 10 NA NA NA NA NA NA NA NA NA NA NA NA NA NA NA NA
"3" "" 1999-11-05 33.36 "NYK" "@" "DET" "W" 12 NA NA NA NA NA NA NA NA NA NA NA NA NA NA NA NA
"4" "1" 1999-11-06 33.36 "NYK" "@" "CLE" "L" -9 0 5.85 NA NA 0 40 19 0 0 0 100 7.6 0 103 -2 -22.6
"5" "" 1999-11-08 33.36 "NYK" "" "MIL" "W" 10 NA NA NA NA NA NA NA NA NA NA NA NA NA NA NA NA
"6" "" 1999-11-11 33.37 "NYK" "@" "MIN" "L" -3 NA NA NA NA NA NA NA NA NA NA NA NA NA NA NA NA
"7" "" 1999-11-12 33.38 "NYK" "@" "BOS" "L" -6 NA NA NA NA NA NA NA NA NA NA NA NA NA NA NA NA
"8" "" 1999-11-14 33.38 "NYK" "" "MIA" "L" -6 NA NA NA NA NA NA NA NA NA NA NA NA NA NA NA NA
"9" "" 1999-11-16 33.39 "NYK" "@" "DEN" "W" 7 NA NA NA NA NA NA NA NA NA NA NA NA NA NA NA NA
"10" "2" 1999-11-17 33.39 "NYK" "@" "UTA" "L" -8 0 7.01666666666667 0 0 0 0 0 0 0 0 0 6.8 0 116 -1.9 -17.2
"11" "3" 1999-11-19 33.39 "NYK" "@" "PHO" "L" -15 1 16.8833333333333 0.512 0.5 7.2 14.9 11 0 0 0 0 13.7 110 114 3.5 -1.4
"12" "4" 1999-11-20 33.4 "NYK" "@" "GSW" "W" 7 1 24.1 0 0 18.6 21.4 20.2 0 0 5.7 25 7.5 47 82 2.1 -2.7
"13" "5" 1999-11-23 33.41 "NYK" "@" "LAC" "L" -5 1 26.6333333333333 0.714 0.714 0 8.9 4.4 6.8 0 0 0 11.7 148 114 6.4 1.8
"14" "6" 1999-11-27 33.42 "NYK" "" "ORL" "W" 3 1 19.85 0.75 0.75 6.5 22.9 15.2 0 0 3.6 0 9.9 150 103 5.8 1.8
"15" "7" 1999-11-29 33.42 "NYK" "" "DAL" "W" 25 1 21.1666666666667 0.556 0.556 17.6 26.9 22.9 6.6 5 0 10 20.8 119 77 10.1 4.5
"16" "8" 1999-11-30 33.42 "NYK" "@" "PHI" "L" -4 1 24 0.2 0.2 8.9 21.3 15.2 0 0 2.9 0 9.9 61 83 2.5 -1.7
"17" "9" 1999-12-02 33.43 "NYK" "@" "MIL" "W" 4 1 12.1666666666667 0 0 10 18.2 14.3 0 0 0 0 11.7 21 99 -1.2 -13.8
"18" "10" 1999-12-04 33.44 "NYK" "@" "NJN" "W" 10 1 17.9333333333333 0.4 0.4 6.2 24.2 16.3 0 3 0 16.7 15 78 81 3.1 -0.2
"19" "11" 1999-12-05 33.44 "NYK" "" "DEN" "L" -2 1 12.2333333333333 0.429 0.429 8.9 8 8.4 0 0 0 12.5 32.5 76 96 1.5 -7.8
"20" "12" 1999-12-07 33.44 "NYK" "" "GSW" "W" 6 1 6.28333333333333 0.694 1 0 15.4 8.1 27.6 8.7 10.5 0 10.6 140 74 4 25.5
"21" "" 1999-12-10 33.45 "NYK" "" "PHI" "W" 7 NA NA NA NA NA NA NA NA NA NA NA NA NA NA NA NA
"22" "" 1999-12-12 33.46 "NYK" "" "BOS" "W" 2 NA NA NA NA NA NA NA NA NA NA NA NA NA NA NA NA
"23" "" 1999-12-14 33.46 "NYK" "@" "HOU" "W" 11 NA NA NA NA NA NA NA NA NA NA NA NA NA NA NA NA
"24" "" 1999-12-16 33.47 "NYK" "@" "DAL" "W" 7 NA NA NA NA NA NA NA NA NA NA NA NA NA NA NA NA
"25" "" 1999-12-18 33.47 "NYK" "" "WAS" "L" -12 NA NA NA NA NA NA NA NA NA NA NA NA NA NA NA NA
"26" "" 1999-12-20 33.48 "NYK" "" "CHH" "W" 3 NA NA NA NA NA NA NA NA NA NA NA NA NA NA NA NA
"27" "" 1999-12-22 33.48 "NYK" "" "TOR" "W" 1 NA NA NA NA NA NA NA NA NA NA NA NA NA NA NA NA
"28" "" 1999-12-25 33.49 "NYK" "@" "IND" "L" -11 NA NA NA NA NA NA NA NA NA NA NA NA NA NA NA NA
"29" "" 1999-12-28 33.5 "NYK" "@" "NJN" "L" -6 NA NA NA NA NA NA NA NA NA NA NA NA NA NA NA NA
"30" "" 1999-12-30 33.51 "NYK" "@" "WAS" "W" 3 NA NA NA NA NA NA NA NA NA NA NA NA NA NA NA NA
"31" "" 2000-01-04 33.52 "NYK" "" "BOS" "W" 8 NA NA NA NA NA NA NA NA NA NA NA NA NA NA NA NA
"32" "" 2000-01-07 33.53 "NYK" "@" "ORL" "W" 8 NA NA NA NA NA NA NA NA NA NA NA NA NA NA NA NA
"33" "" 2000-01-08 33.53 "NYK" "" "CLE" "L" -3 NA NA NA NA NA NA NA NA NA NA NA NA NA NA NA NA
"34" "" 2000-01-11 33.54 "NYK" "" "CHI" "W" 7 NA NA NA NA NA NA NA NA NA NA NA NA NA NA NA NA
"35" "" 2000-01-12 33.54 "NYK" "@" "DET" "L" -6 NA NA NA NA NA NA NA NA NA NA NA NA NA NA NA NA
"36" "" 2000-01-15 33.55 "NYK" "" "CHH" "W" 12 NA NA NA NA NA NA NA NA NA NA NA NA NA NA NA NA
"37" "" 2000-01-17 33.56 "NYK" "" "DET" "W" 11 NA NA NA NA NA NA NA NA NA NA NA NA NA NA NA NA
"38" "" 2000-01-19 33.56 "NYK" "" "NJN" "W" 1 NA NA NA NA NA NA NA NA NA NA NA NA NA NA NA NA
"39" "" 2000-01-22 33.57 "NYK" "@" "SAS" "L" -13 NA NA NA NA NA NA NA NA NA NA NA NA NA NA NA NA
"40" "" 2000-01-24 33.58 "NYK" "" "SEA" "W" 6 NA NA NA NA NA NA NA NA NA NA NA NA NA NA NA NA
"41" "" 2000-02-09 33.62 "NYK" "@" "MIL" "W" 6 NA NA NA NA NA NA NA NA NA NA NA NA NA NA NA NA
"42" "13" 2000-02-15 33.64 "NYK" "@" "TOR" "L" -21 0 4.08333333333333 1 1 0 0 0 0 0 0 0 12.5 200 118 1.3 3.3
"43" "" 2000-02-16 33.64 "NYK" "" "MIN" "W" 4 NA NA NA NA NA NA NA NA NA NA NA NA NA NA NA NA
"44" "14" 2000-02-21 33.65 "NYK" "" "LAC" "W" 11 0 10 0 0 12.6 25.9 19.2 0 5.6 0 0 5 61 80 0.8 -4.6
"45" "15" 2000-02-23 33.66 "NYK" "" "TOR" "L" -11 0 11.7333333333333 0.25 0.25 0 33.3 17.6 0 0 0 0 17.3 52 114 0.1 -10.5
"46" "" 2000-02-25 33.66 "NYK" "" "PHO" "W" 5 NA NA NA NA NA NA NA NA NA NA NA NA NA NA NA NA
"47" "" 2000-02-27 33.67 "NYK" "" "PHI" "W" 1 NA NA NA NA NA NA NA NA NA NA NA NA NA NA NA NA
"48" "" 2000-02-28 33.67 "NYK" "@" "MIA" "L" -9 NA NA NA NA NA NA NA NA NA NA NA NA NA NA NA NA
"49" "" 2000-03-02 33.68 "NYK" "" "MIL" "W" 15 NA NA NA NA NA NA NA NA NA NA NA NA NA NA NA NA
"50" "" 2000-03-03 33.68 "NYK" "@" "ATL" "L" -13 NA NA NA NA NA NA NA NA NA NA NA NA NA NA NA NA
"51" "" 2000-03-05 33.69 "NYK" "" "UTA" "L" -9 NA NA NA NA NA NA NA NA NA NA NA NA NA NA NA NA
"52" "" 2000-03-07 33.69 "NYK" "" "VAN" "W" 25 NA NA NA NA NA NA NA NA NA NA NA NA NA NA NA NA
"53" "" 2000-03-08 33.7 "NYK" "@" "WAS" "L" -5 NA NA NA NA NA NA NA NA NA NA NA NA NA NA NA NA
"54" "" 2000-03-10 33.7 "NYK" "@" "PHI" "W" 5 NA NA NA NA NA NA NA NA NA NA NA NA NA NA NA NA
"55" "" 2000-03-12 33.71 "NYK" "" "SAS" "W" 13 NA NA NA NA NA NA NA NA NA NA NA NA NA NA NA NA
"56" "" 2000-03-14 33.71 "NYK" "" "HOU" "W" 6 NA NA NA NA NA NA NA NA NA NA NA NA NA NA NA NA
"57" "16" 2000-03-17 33.72 "NYK" "@" "CHH" "W" 19 0 2.98333333333333 NA NA 0 0 0 0 0 0 NA 0 0 114 0 -1.5
"58" "" 2000-03-19 33.73 "NYK" "" "LAL" "L" -7 NA NA NA NA NA NA NA NA NA NA NA NA NA NA NA NA
"59" "" 2000-03-21 33.73 "NYK" "@" "IND" "L" -4 NA NA NA NA NA NA NA NA NA NA NA NA NA NA NA NA
"60" "" 2000-03-22 33.73 "NYK" "" "CHI" "W" 11 NA NA NA NA NA NA NA NA NA NA NA NA NA NA NA NA
"61" "" 2000-03-24 33.74 "NYK" "" "ATL" "W" 12 NA NA NA NA NA NA NA NA NA NA NA NA NA NA NA NA
"62" "" 2000-03-26 33.75 "NYK" "@" "POR" "W" 4 NA NA NA NA NA NA NA NA NA NA NA NA NA NA NA NA
"63" "" 2000-03-28 33.75 "NYK" "@" "SAC" "L" -8 NA NA NA NA NA NA NA NA NA NA NA NA NA NA NA NA
"64" "" 2000-03-29 33.75 "NYK" "@" "SEA" "W" 15 NA NA NA NA NA NA NA NA NA NA NA NA NA NA NA NA
"65" "" 2000-03-31 33.76 "NYK" "@" "VAN" "W" 6 NA NA NA NA NA NA NA NA NA NA NA NA NA NA NA NA
"66" "17" 2000-04-02 33.76 "NYK" "@" "LAL" "L" -24 0 3.41666666666667 0.333 0.333 0 0 0 0 0 0 0 47.3 68 130 0.3 -11
"67" "" 2000-04-06 33.78 "NYK" "" "WAS" "W" 9 NA NA NA NA NA NA NA NA NA NA NA NA NA NA NA NA
"68" "" 2000-04-07 33.78 "NYK" "@" "ORL" "W" 7 NA NA NA NA NA NA NA NA NA NA NA NA NA NA NA NA
"69" "" 2000-04-09 33.78 "NYK" "@" "MIA" "L" -1 NA NA NA NA NA NA NA NA NA NA NA NA NA NA NA NA
"70" "" 2000-04-10 33.79 "NYK" "" "IND" "W" 2 NA NA NA NA NA NA NA NA NA NA NA NA NA NA NA NA
"71" "" 2000-04-12 33.79 "NYK" "" "NJN" "W" 2 NA NA NA NA NA NA NA NA NA NA NA NA NA NA NA NA
"72" "18" 2000-04-14 33.8 "NYK" "@" "TOR" "L" -15 0 5.83333333333333 0.667 0.667 18.6 0 9.2 0 0 11.6 0 23.9 138 98 4.1 18.9
"73" "" 2000-04-15 33.8 "NYK" "@" "CLE" "L" -10 NA NA NA NA NA NA NA NA NA NA NA NA NA NA NA NA
"74" "" 2000-04-18 33.81 "NYK" "" "DET" "W" 12 NA NA NA NA NA NA NA NA NA NA NA NA NA NA NA NA
"75" "19" 2000-04-19 33.81 "NYK" "@" "BOS" "L" -27 0 12 0.42 0.333 0 38.7 15.4 0 12.7 0 0 16.6 96 90 4.6 6.8
