"Rk" "G" "Date" "Age" "Tm" "H/A" "Opp" "W/L" "By Amt" "GS" "MP" "TS%" "eFG%" "ORB%" "DRB%" "TRB%" "AST%" "STL%" "BLK%" "TOV%" "USG%" "ORtg" "DRtg" "GmSc" "BPM"
"1" "1" 2003-02-21 22.45 "CHI" "@" "ORL" "L" -14 0 2.95 0 0 0 34 19.3 0 0 0 0 14.2 0 105 -0.4 -15.1
"2" "2" 2003-02-22 22.45 "CHI" "@" "MIA" "L" -10 0 0.566666666666667 NA NA 0 0 0 0 0 0 NA 0 0 120 -0.4 -40.7
"3" "" 2003-02-24 22.46 "CHI" "" "PHO" "W" 3 NA NA NA NA NA NA NA NA NA NA NA NA NA NA NA NA
"4" "" 2003-02-26 22.46 "CHI" "" "TOR" "W" 8 NA NA NA NA NA NA NA NA NA NA NA NA NA NA NA NA
"5" "3" 2003-02-28 22.47 "CHI" "" "ATL" "L" -22 0 7.03333333333333 0 0 0 0 0 42.9 7.7 0 33.3 20 30 113 0 -7.3
"6" "4" 2003-03-01 22.47 "CHI" "@" "WAS" "L" -8 0 8.31666666666667 0.515 0.333 13.6 16.2 14.8 0 6.6 0 20.5 27.2 96 100 1.7 -7.1
"7" "5" 2003-03-03 22.48 "CHI" "" "ORL" "L" -15 0 4.13333333333333 0 0 0 24.5 12.9 37.5 0 0 0 11.2 47 109 -0.1 -9.6
"8" "" 2003-03-06 22.48 "CHI" "" "GSW" "W" 14 NA NA NA NA NA NA NA NA NA NA NA NA NA NA NA NA
"9" "" 2003-03-08 22.49 "CHI" "" "LAC" "L" -6 NA NA NA NA NA NA NA NA NA NA NA NA NA NA NA NA
"10" "" 2003-03-11 22.5 "CHI" "" "LAL" "W" 17 NA NA NA NA NA NA NA NA NA NA NA NA NA NA NA NA
"11" "6" 2003-03-12 22.5 "CHI" "@" "MEM" "L" -29 0 8.35 0 0 0 37.5 16 0 0 0 50 10.8 0 126 -1.5 -19
"12" "7" 2003-03-14 22.51 "CHI" "@" "HOU" "L" -30 0 17.0833333333333 1 1 0 19.5 7.6 18 5.7 0 40 12.1 113 114 6.3 8.5
"13" "" 2003-03-16 22.51 "CHI" "@" "SAS" "L" -11 NA NA NA NA NA NA NA NA NA NA NA NA NA NA NA NA
"14" "8" 2003-03-18 22.52 "CHI" "" "ATL" "W" 25 0 12.6166666666667 0.3 0.3 0 9.5 4.5 0 0 0 0 17.3 71 94 -1.4 -17.3
"15" "9" 2003-03-22 22.53 "CHI" "" "NYK" "W" 2 0 4.16666666666667 1 1 0 0 0 0 0 0 0 11.9 200 115 1.7 3.7
"16" "10" 2003-03-23 22.53 "CHI" "@" "DET" "L" -23 0 14.3333333333333 0.75 0.75 0 0 0 11.6 0 0 0 7 153 128 1.9 -0.9
"17" "" 2003-03-26 22.54 "CHI" "" "MIA" "W" 8 NA NA NA NA NA NA NA NA NA NA NA NA NA NA NA NA
"18" "11" 2003-03-28 22.55 "CHI" "@" "IND" "L" -51 0 15.5 0.4 0.4 0 9.4 3.7 10.8 0 0 0 14.3 85 143 1.1 -11.4
"19" "12" 2003-03-29 22.55 "CHI" "" "SAC" "L" -15 0 2.11666666666667 0 0 0 0 0 0 0 0 0 20.7 0 118 -0.7 -24
"20" "13" 2003-04-01 22.56 "CHI" "" "SEA" "L" -7 0 4.38333333333333 0.75 0.75 0 0 0 0 0 0 0 22.8 137 112 2 12.5
"21" "14" 2003-04-02 22.56 "CHI" "@" "PHI" "L" -7 0 5.16666666666667 1.5 1.5 27.4 0 13.7 100 0 0 0 9.1 254 126 5.5 39.8
"22" "" 2003-04-05 22.57 "CHI" "" "MIL" "W" 2 NA NA NA NA NA NA NA NA NA NA NA NA NA NA NA NA
"23" "" 2003-04-08 22.58 "CHI" "" "IND" "W" 12 NA NA NA NA NA NA NA NA NA NA NA NA NA NA NA NA
"24" "15" 2003-04-09 22.58 "CHI" "@" "DET" "L" -9 0 0.566666666666667 NA NA 0 0 0 0 0 0 NA 0 0 119 -0.4 -40.6
"25" "" 2003-04-11 22.58 "CHI" "" "NJN" "W" 9 NA NA NA NA NA NA NA NA NA NA NA NA NA NA NA NA
"26" "16" 2003-04-13 22.59 "CHI" "@" "MIN" "L" -24 0 6.4 0.333 0.333 0 19 9.1 59.3 0 0 0 23.4 88 121 1.2 -7.5
"27" "17" 2003-04-15 22.59 "CHI" "" "PHI" "W" 9 0 0.566666666666667 NA NA 0 0 0 0 0 0 NA 0 0 124 0 -5.9
"1" "1" 2003-10-29 23.13 "CHI" "" "WAS" "L" -25 0 10.4666666666667 0 0 0 0 0 18.5 0 0 0 16.9 12 114 -2.9 -21
"2" "" 2003-10-31 23.14 "CHI" "" "ATL" "W" 6 NA NA NA NA NA NA NA NA NA NA NA NA NA NA NA NA
"3" "2" 2003-11-01 23.14 "CHI" "@" "MIL" "L" -30 0 10.0333333333333 0 0 0 10.9 4.8 0 0 0 50 17.4 0 113 -3.5 -25.6
"4" "3" 2003-11-03 23.15 "CHI" "" "HOU" "L" -32 0 23.2333333333333 0.3 0.3 0 13.9 5 22.1 2.3 0 0 9.7 78 107 2.1 -3.1
"5" "" 2003-11-05 23.15 "CHI" "@" "ORL" "W" 6 NA NA NA NA NA NA NA NA NA NA NA NA NA NA NA NA
"6" "" 2003-12-17 23.27 "TOR" "@" "SAS" "L" -3 NA NA NA NA NA NA NA NA NA NA NA NA NA NA NA NA
"7" "" 2003-12-19 23.27 "TOR" "" "NYK" "W" 6 NA NA NA NA NA NA NA NA NA NA NA NA NA NA NA NA
"8" "" 2003-12-21 23.28 "TOR" "" "ORL" "L" -11 NA NA NA NA NA NA NA NA NA NA NA NA NA NA NA NA
"9" "" 2003-12-26 23.29 "TOR" "@" "UTA" "L" -3 NA NA NA NA NA NA NA NA NA NA NA NA NA NA NA NA
"10" "" 2003-12-28 23.3 "TOR" "@" "LAC" "W" 6 NA NA NA NA NA NA NA NA NA NA NA NA NA NA NA NA
"11" "" 2003-12-30 23.3 "TOR" "@" "DEN" "W" 7 NA NA NA NA NA NA NA NA NA NA NA NA NA NA NA NA
"12" "" 2004-01-02 23.31 "TOR" "" "NOH" "L" -12 NA NA NA NA NA NA NA NA NA NA NA NA NA NA NA NA
"13" "" 2004-01-04 23.32 "TOR" "" "PHO" "W" 10 NA NA NA NA NA NA NA NA NA NA NA NA NA NA NA NA
"14" "" 2004-01-07 23.33 "TOR" "" "CLE" "W" 6 NA NA NA NA NA NA NA NA NA NA NA NA NA NA NA NA
"15" "4" 2004-01-09 23.33 "TOR" "" "LAC" "L" -10 0 7.95 1.25 1.25 0 0 0 35.3 0 0 0 13.5 244 109 4.3 18
"16" "" 2004-01-11 23.34 "TOR" "" "POR" "W" 11 NA NA NA NA NA NA NA NA NA NA NA NA NA NA NA NA
"17" "" 2004-01-14 23.35 "TOR" "@" "DET" "L" -4 NA NA NA NA NA NA NA NA NA NA NA NA NA NA NA NA
"18" "5" 2004-01-15 23.35 "TOR" "@" "NOH" "W" 4 0 3.86666666666667 1.5 1.5 0 40.8 22.1 0 0 0 50 22.2 69 74 1.9 13.1
"19" "6" 2004-01-17 23.35 "TOR" "@" "ATL" "L" -5 0 0.5 NA NA 0 0 0 0 0 0 NA 0 0 88 -0.8 -95.6
"20" "7" 2004-01-19 23.36 "TOR" "@" "NYK" "L" -11 0 17.85 0.222 0.222 0 0 0 10.4 3 0 0 24.3 53 103 -0.6 -11.2
"21" "" 2004-01-21 23.36 "TOR" "" "MIN" "L" -11 NA NA NA NA NA NA NA NA NA NA NA NA NA NA NA NA
"22" "8" 2004-01-23 23.37 "TOR" "@" "MIL" "L" -12 0 0.283333333333333 NA NA 0 0 0 0 0 0 NA 0 0 121 0 -10.3
"23" "" 2004-01-25 23.38 "TOR" "@" "CHI" "L" -7 NA NA NA NA NA NA NA NA NA NA NA NA NA NA NA NA
"24" "" 2004-01-28 23.38 "TOR" "" "PHI" "W" 10 NA NA NA NA NA NA NA NA NA NA NA NA NA NA NA NA
"25" "" 2004-01-30 23.39 "TOR" "" "DET" "L" -1 NA NA NA NA NA NA NA NA NA NA NA NA NA NA NA NA
"26" "" 2004-02-01 23.39 "TOR" "" "LAL" "L" -1 NA NA NA NA NA NA NA NA NA NA NA NA NA NA NA NA
"27" "9" 2004-02-03 23.4 "TOR" "@" "PHI" "W" 13 0 4.33333333333333 NA NA 0 0 0 0 0 13.3 NA 0 0 101 0.7 6.4
"28" "10" 2004-02-04 23.4 "TOR" "" "ORL" "W" 20 0 6.61666666666667 0.5 0.5 0 15.6 8.7 19 0 0 33.3 20.5 78 105 -0.6 -22.6
"29" "" 2004-02-06 23.41 "TOR" "" "IND" "L" -6 NA NA NA NA NA NA NA NA NA NA NA NA NA NA NA NA
"30" "" 2004-02-08 23.41 "TOR" "@" "GSW" "W" 3 NA NA NA NA NA NA NA NA NA NA NA NA NA NA NA NA
"31" "" 2004-02-10 23.42 "TOR" "@" "PHO" "W" 7 NA NA NA NA NA NA NA NA NA NA NA NA NA NA NA NA
"32" "11" 2004-02-12 23.42 "TOR" "@" "SEA" "L" -20 0 4.26666666666667 0 0 0 0 0 0 14.6 0 66.7 38.2 0 95 -1.7 -29.6
"33" "12" 2004-02-17 23.44 "TOR" "@" "CHI" "L" -2 0 2.23333333333333 0.568 NA 0 0 0 0 0 0 53.2 28.6 53 98 -0.8 -30.7
"34" "" 2004-02-18 23.44 "TOR" "" "SAS" "L" -4 NA NA NA NA NA NA NA NA NA NA NA NA NA NA NA NA
"35" "13" 2004-02-20 23.45 "TOR" "" "NJN" "L" -19 0 5.4 0.258 0 0 24.6 12 0 0 0 0 39 62 105 -0.2 -16.9
"36" "14" 2004-02-22 23.45 "TOR" "" "SAC" "L" -15 0 17.9166666666667 0.667 0.667 0 0 0 10.3 3.1 0 14.3 19.5 110 115 5.3 5.8
"37" "15" 2004-02-24 23.46 "TOR" "@" "NJN" "L" -12 1 44.3 0.56 0.462 0 12.5 5.8 11.2 1.3 3.1 5.9 20.6 109 105 12.9 3.4
"38" "16" 2004-02-25 23.46 "TOR" "" "WAS" "L" -2 1 33.2166666666667 0.556 0.556 0 12.5 6.2 39.3 5.2 0 10 16.2 110 88 11.6 7.1
"39" "17" 2004-02-27 23.47 "TOR" "@" "BOS" "L" -13 1 37.8166666666667 0.34 0.2 0 13.7 5.9 22.5 1.5 2.2 7.8 16.3 77 102 4.9 -3.9
"40" "18" 2004-02-29 23.47 "TOR" "" "BOS" "L" -9 0 9.85 0.2 0.2 0 0 0 55 0 0 0 22.4 70 107 0.6 -7.1
"41" "19" 2004-03-02 23.48 "TOR" "@" "MIA" "W" 3 0 24.2333333333333 0.714 0.714 0 16.2 8.6 7.7 2.4 0 30 22.9 93 104 6.3 -0.7
"42" "20" 2004-03-03 23.48 "TOR" "@" "WAS" "L" -14 0 9.46666666666667 0.25 0.25 0 11.7 4.8 0 0 8.4 0 19.4 52 101 0.6 -7.2
"43" "" 2004-03-05 23.48 "TOR" "" "NYK" "L" -6 NA NA NA NA NA NA NA NA NA NA NA NA NA NA NA NA
"44" "" 2004-03-07 23.49 "TOR" "" "NOH" "W" 8 NA NA NA NA NA NA NA NA NA NA NA NA NA NA NA NA
"45" "" 2004-03-09 23.5 "TOR" "@" "IND" "L" -10 NA NA NA NA NA NA NA NA NA NA NA NA NA NA NA NA
"46" "21" 2004-03-10 23.5 "TOR" "" "CLE" "L" -14 0 12.5166666666667 0.484 0.25 0 21.1 9.3 12.5 0 0 0 25.1 113 124 4.5 -3.7
"47" "22" 2004-03-14 23.51 "TOR" "" "ATL" "W" 17 0 0.8 NA NA 0 0 0 0 0 0 NA 0 0 106 0 -8.3
"48" "23" 2004-04-07 23.58 "TOR" "" "IND" "L" -4 0 3.48333333333333 0.5 0.5 0 0 0 0 0 0 0 24.1 99 117 1 -1.7
"49" "" 2004-04-09 23.58 "TOR" "@" "DET" "L" -8 NA NA NA NA NA NA NA NA NA NA NA NA NA NA NA NA
"50" "24" 2004-04-11 23.59 "TOR" "" "CHI" "L" -6 0 9.46666666666667 0.5 0.5 12.3 12.3 12.3 0 0 0 25 19.7 84 107 -1.1 -16.7
"51" "25" 2004-04-13 23.59 "TOR" "" "DET" "W" 9 0 13.2833333333333 0.595 0.5 0 16.4 9.1 15.6 4.2 0 14.5 26.4 107 86 5.6 7.9
"52" "26" 2004-04-14 23.59 "TOR" "@" "MIL" "W" 2 0 11.1333333333333 0 0 0 24 13.5 11.8 0 5.3 80 21.5 11 97 -2.4 -18.9
"1" "" 2006-11-01 26.14 "WAS" "@" "CLE" "L" -3 NA NA NA NA NA NA NA NA NA NA NA NA NA NA NA NA
"2" "1" 2006-11-04 26.15 "WAS" "" "BOS" "W" 7 0 11.3166666666667 1 1 0 15.1 6 0 0 0 0 3.8 200 127 1.2 -5.8
"3" "2" 2006-11-06 26.16 "WAS" "@" "ORL" "L" -3 0 3.26666666666667 0 0 0 0 0 0 0 0 0 27.5 0 128 -1.4 -33.2
"4" "3" 2006-11-08 26.16 "WAS" "" "IND" "W" 26 0 6.68333333333333 0.5 0.5 0 0 0 0 0 0 0 12.8 100 103 0.6 -9.3
"5" "" 2006-11-10 26.17 "WAS" "" "MIL" "W" 5 NA NA NA NA NA NA NA NA NA NA NA NA NA NA NA NA
"6" "4" 2006-11-12 26.17 "WAS" "" "NJN" "L" -12 0 4.31666666666667 0.5 0.5 0 0 0 0 0 0 0 31.8 101 111 0.9 0
"7" "5" 2006-11-15 26.18 "WAS" "@" "NYK" "L" -20 0 3.5 0 0 0 0 0 0 0 0 0 25.5 0 119 -1.4 -24.2
"8" "" 2006-11-17 26.19 "WAS" "@" "DET" "L" -9 NA NA NA NA NA NA NA NA NA NA NA NA NA NA NA NA
"9" "6" 2006-11-18 26.19 "WAS" "" "CLE" "W" 12 0 3.7 0 0 0 0 0 0 0 0 50 23.9 0 120 -1.7 -32.3
"10" "7" 2006-11-21 26.2 "WAS" "@" "DAL" "L" -27 0 8.91666666666667 0.2 0.2 0 10 5.4 24.9 0 0 16.7 30.8 42 123 -1.5 -18.2
"11" "" 2006-11-22 26.2 "WAS" "@" "HOU" "L" -4 NA NA NA NA NA NA NA NA NA NA NA NA NA NA NA NA
"12" "8" 2006-11-24 26.21 "WAS" "@" "MEM" "L" -15 0 1.7 0 0 0 0 0 0 0 0 0 26 0 113 -0.7 -26
"13" "9" 2006-11-25 26.21 "WAS" "" "DET" "L" -4 0 0.316666666666667 NA NA 0 0 0 0 0 0 NA 0 0 129 0 -3.9
"14" "" 2006-11-28 26.22 "WAS" "" "ATL" "W" 1 NA NA NA NA NA NA NA NA NA NA NA NA NA NA NA NA
"15" "" 2006-12-01 26.22 "WAS" "" "CHA" "W" 12 NA NA NA NA NA NA NA NA NA NA NA NA NA NA NA NA
"16" "10" 2006-12-02 26.23 "WAS" "@" "CHI" "L" -18 0 12.6 0.333 0.333 0 9.3 4.5 14 0 0 0 10.9 82 129 0.9 -7.3
"17" "" 2006-12-04 26.23 "WAS" "" "DAL" "W" 9 NA NA NA NA NA NA NA NA NA NA NA NA NA NA NA NA
"18" "11" 2006-12-06 26.24 "WAS" "@" "NYK" "W" 11 0 1.9 0 0 0 0 0 0 0 0 0 24.5 0 121 -0.7 -30.6
"19" "12" 2006-12-08 26.24 "WAS" "@" "PHI" "W" 15 0 13.65 1 1 0 10.7 4.9 23.9 7.7 0 20 17 160 98 8.3 18.6
"20" "13" 2006-12-09 26.25 "WAS" "" "HOU" "L" -5 0 9.26666666666667 0.515 0.5 0 19.9 6.8 0 0 0 20.5 22 84 128 0.4 -11.9
"21" "14" 2006-12-13 26.26 "WAS" "" "DEN" "W" 29 0 2.7 0 0 0 0 0 0 0 0 0 16 0 102 -0.7 -20.7
"22" "15" 2006-12-15 26.26 "WAS" "" "MIA" "W" 11 0 0.983333333333333 0 0 0 0 0 0 0 0 0 47 0 121 -0.7 -57.1
"23" "16" 2006-12-17 26.27 "WAS" "@" "LAL" "W" 6 0 4 0.5 0.5 0 0 0 0 0 0 0 32.5 99 133 0.9 -9.8
"24" "17" 2006-12-18 26.27 "WAS" "@" "DEN" "L" -9 0 8.46666666666667 0.5 0.5 9.4 0 5.4 17.4 0 0 0 21.8 121 120 2.9 0.7
"25" "" 2006-12-21 26.28 "WAS" "@" "SAC" "W" 7 NA NA NA NA NA NA NA NA NA NA NA NA NA NA NA NA
"26" "" 2006-12-22 26.28 "WAS" "@" "PHO" "W" 5 NA NA NA NA NA NA NA NA NA NA NA NA NA NA NA NA
"27" "18" 2006-12-26 26.29 "WAS" "" "MEM" "W" 15 0 6.01666666666667 0.333 0.333 0 0 0 0 0 0 0 21.3 71 112 -0.5 -19.6
"28" "19" 2006-12-27 26.3 "WAS" "@" "CHA" "W" 7 0 2.93333333333333 NA NA 0 0 0 45.5 0 0 NA 0 219 117 0.3 4.5
"29" "" 2006-12-29 26.3 "WAS" "" "ORL" "W" 1 NA NA NA NA NA NA NA NA NA NA NA NA NA NA NA NA
"30" "20" 2006-12-30 26.3 "WAS" "@" "MIL" "L" -17 0 2.15 1.5 1.5 0 0 0 0 0 0 0 20.1 300 138 2.7 44.1
"31" "" 2007-01-03 26.32 "WAS" "" "MIL" "W" 3 NA NA NA NA NA NA NA NA NA NA NA NA NA NA NA NA
"32" "21" 2007-01-05 26.32 "WAS" "" "LAC" "W" 11 0 1.98333333333333 0 0 0 0 0 0 0 0 0 21.5 0 116 -0.7 -28.2
"33" "22" 2007-01-07 26.33 "WAS" "@" "TOR" "L" -5 0 7.41666666666667 0.75 0.75 0 0 0 29.3 0 0 0 23.7 157 126 3.5 10
"34" "23" 2007-01-10 26.33 "WAS" "" "CHI" "W" 10 0 4.1 0 0 0 31.6 14.6 0 0 0 0 10.8 0 113 -0.4 -15.1
"35" "24" 2007-01-12 26.34 "WAS" "@" "NOK" "L" -7 0 0.766666666666667 NA NA 0 0 0 0 0 0 NA 0 0 127 0 -7.6
"36" "25" 2007-01-13 26.34 "WAS" "@" "SAS" "L" -13 0 3.03333333333333 0.798 1 0 87.9 32.6 0 33 0 0 25.3 157 13 4.9 64.6
"37" "" 2007-01-15 26.35 "WAS" "" "UTA" "W" 3 NA NA NA NA NA NA NA NA NA NA NA NA NA NA NA NA
"38" "" 2007-01-17 26.35 "WAS" "" "NYK" "W" 1 NA NA NA NA NA NA NA NA NA NA NA NA NA NA NA NA
"39" "26" 2007-01-19 26.36 "WAS" "@" "ORL" "W" 21 0 2.88333333333333 0 0 0 0 0 0 0 0 0 14.6 0 110 -1.1 -28.4
"40" "27" 2007-01-20 26.36 "WAS" "" "BOS" "W" 5 0 6.56666666666667 0.667 0.667 0 0 0 55.9 0 0 0 20.8 152 121 3.7 8.9
"41" "28" 2007-01-23 26.37 "WAS" "" "PHO" "L" -22 0 5.91666666666667 0 0 0 0 0 19.8 0 0 0 14.9 30 139 -1.5 -20.7
"42" "" 2007-01-26 26.38 "WAS" "@" "DET" "W" 3 NA NA NA NA NA NA NA NA NA NA NA NA NA NA NA NA
"43" "29" 2007-01-28 26.38 "WAS" "@" "BOS" "W" 14 0 18.5166666666667 0 0 5.8 12.1 8.8 12.6 0 0 0 6.9 64 104 -0.2 -10
"44" "30" 2007-01-30 26.39 "WAS" "" "DET" "W" 5 0 4.03333333333333 0 0 0 100 51.7 31.3 0 0 33.3 34.9 21 101 -1.2 -31
"45" "31" 2007-01-31 26.39 "WAS" "@" "TOR" "L" -10 0 9.88333333333333 0.375 0.375 0 0 0 0 5.1 0 0 19.3 75 119 1.2 -4.8
"46" "32" 2007-02-03 26.4 "WAS" "" "LAL" "L" -16 0 2.43333333333333 0.75 0.75 0 0 0 0 0 0 0 33.4 143 131 1.6 16
"47" "33" 2007-02-05 26.41 "WAS" "" "SEA" "W" 10 0 5.2 0.5 0.5 0 0 0 0 0 0 0 24.1 117 123 1.3 -3.8
"48" "34" 2007-02-07 26.41 "WAS" "" "SAS" "L" -27 0 6.45 0 0 0 0 0 0 0 0 0 6.6 0 137 -0.7 -15
"49" "35" 2007-02-11 26.42 "WAS" "" "POR" "L" -21 0 10.35 0.615 0.5 0 27.3 12.7 41.5 0 0 0 11.6 148 106 2.8 4.4
"50" "" 2007-02-14 26.43 "WAS" "@" "PHI" "W" 7 NA NA NA NA NA NA NA NA NA NA NA NA NA NA NA NA
"51" "" 2007-02-20 26.45 "WAS" "" "MIN" "W" 12 NA NA NA NA NA NA NA NA NA NA NA NA NA NA NA NA
"52" "36" 2007-02-22 26.45 "WAS" "" "SAC" "W" 3 0 5.08333333333333 0 0 0 23 12.3 0 0 0 0 8 0 105 -1.2 -17.5
"53" "37" 2007-02-23 26.45 "WAS" "@" "CHI" "L" -15 0 0.866666666666667 0 0 0 0 0 0 0 0 0 53.4 0 123 -0.7 -49.3
"54" "38" 2007-02-25 26.46 "WAS" "@" "MIN" "L" -4 0 18.6166666666667 0.742 0.643 0 5.9 2.8 21.3 0 3.3 0 20.6 165 113 11.3 16.2
"55" "39" 2007-02-27 26.47 "WAS" "@" "NJN" "L" -12 0 20.55 0.818 0.818 0 5.8 2.8 22.6 2.5 0 0 24.3 158 125 15 16.9
"56" "40" 2007-02-28 26.47 "WAS" "" "MIA" "L" -9 0 18.8166666666667 0.688 0.688 5.5 11.1 8.3 13.6 0 0 11.1 22.4 120 114 6.8 4.6
"57" "41" 2007-03-02 26.47 "WAS" "" "ATL" "W" 1 0 5.85 NA NA 0 20 9.3 0 0 0 NA 0 0 107 0.3 -5.9
"58" "42" 2007-03-04 26.48 "WAS" "" "GSW" "W" 1 0 12.25 0.833 0.833 0 0 0 0 3.9 0 25 13.8 111 108 3.3 2
"59" "43" 2007-03-06 26.48 "WAS" "" "TOR" "W" 20 0 19.4 0.25 0.25 0 12.1 6.5 11.6 0 3.9 14.3 14.4 79 116 0.5 -9.8
"60" "44" 2007-03-07 26.49 "WAS" "@" "ATL" "L" -3 0 6.18333333333333 0.333 0.333 18.1 20.4 19.2 0 0 0 0 20.3 90 108 0.9 -7.4
"61" "" 2007-03-10 26.5 "WAS" "" "NYK" "L" -1 NA NA NA NA NA NA NA NA NA NA NA NA NA NA NA NA
"62" "45" 2007-03-11 26.5 "WAS" "@" "MIA" "L" -2 0 5.48333333333333 0 0 0 0 0 0 0 0 50 16.7 0 127 -1.7 -21.2
"63" "46" 2007-03-14 26.51 "WAS" "@" "IND" "W" 16 0 5.71666666666667 0 0 0 19.5 10.1 0 0 0 0 16 0 104 -1.1 -19
"64" "47" 2007-03-17 26.52 "WAS" "" "NOK" "W" 22 0 12.3 0.438 0.438 10.8 10 10.4 9.7 4.2 0 0 29.5 113 108 4.5 -4.2
"65" "48" 2007-03-20 26.52 "WAS" "@" "POR" "L" -2 0 14.3 0.714 0.714 7.8 7.6 7.7 0 3.4 0 0 21.6 131 99 8.7 13.4
"66" "49" 2007-03-21 26.53 "WAS" "@" "SEA" "W" 2 0 14.0833333333333 0.25 0.25 0 7.4 3.8 0 0 0 14.3 22.3 45 120 -2.3 -21
"67" "50" 2007-03-23 26.53 "WAS" "@" "GSW" "L" -7 0 18.0666666666667 0.167 0.167 0 7.4 3.3 17.6 2.4 0 14.3 14.6 66 126 -0.2 -12.9
"68" "51" 2007-03-24 26.53 "WAS" "@" "LAC" "L" -6 0 8.53333333333333 0.5 0.5 0 0 0 0 0 0 0 15.3 103 124 0.5 -8.8
"69" "" 2007-03-26 26.54 "WAS" "@" "UTA" "L" -6 NA NA NA NA NA NA NA NA NA NA NA NA NA NA NA NA
"70" "" 2007-03-28 26.55 "WAS" "" "PHI" "W" 3 NA NA NA NA NA NA NA NA NA NA NA NA NA NA NA NA
"71" "52" 2007-03-30 26.55 "WAS" "" "TOR" "L" -5 0 0.45 NA NA 0 0 0 0 0 0 NA 0 0 119 0 -8.8
"72" "53" 2007-04-01 26.56 "WAS" "@" "MIL" "W" 14 0 1.56666666666667 0 0 0 72.9 39.8 0 0 0 0 28.6 0 102 -0.4 -33.9
"73" "54" 2007-04-03 26.56 "WAS" "@" "CHA" "L" -20 0 11.5833333333333 0 0 0 0 0 0 0 0 50 21.3 0 130 -5.9 -33
"74" "55" 2007-04-04 26.56 "WAS" "" "CHA" "L" -8 0 8.53333333333333 0.375 0.375 0 0 0 0 0 8.8 0 21.6 82 120 0.9 -5.2
"75" "56" 2007-04-06 26.57 "WAS" "" "CLE" "L" -5 0 8.31666666666667 0 0 0 0 0 15.2 0 0 0 10.8 35 115 -1.1 -11
"76" "57" 2007-04-07 26.57 "WAS" "@" "NJN" "L" -6 0 11.7333333333333 0.5 0.5 0 0 0 14.1 4.4 0 0 19.6 104 116 2.8 -4.1
"77" "58" 2007-04-10 26.58 "WAS" "" "NJN" "L" -4 0 12.1166666666667 0.25 0.25 0 11.7 5.4 29.3 4.5 0 20 19.7 58 103 0.5 -6.6
"78" "59" 2007-04-11 26.58 "WAS" "@" "MIA" "L" -3 0 19.1 0.394 0.313 0 31.4 12.9 35.9 2.9 5.1 18.4 26.3 87 90 4.7 3.1
"79" "60" 2007-04-13 26.59 "WAS" "@" "ATL" "W" 13 0 2.48333333333333 0 0 0 0 0 0 0 0 0 19.2 0 106 -1.1 -34.8
"80" "61" 2007-04-15 26.59 "WAS" "" "CHI" "L" -33 0 26.0666666666667 0.417 0.417 3.2 13.2 7.4 7.9 0 5.7 25 14.1 70 117 2.1 -5.2
"81" "" 2007-04-17 26.6 "WAS" "" "ORL" "L" -6 NA NA NA NA NA NA NA NA NA NA NA NA NA NA NA NA
"82" "62" 2007-04-18 26.6 "WAS" "@" "IND" "W" 3 0 6.43333333333333 1.136 NA 0 0 0 0 0 0 0 17.2 250 114 5 13.2
"1" "1" 2007-10-31 27.14 "WAS" "@" "IND" "L" -9 0 7.66666666666667 0.5 0.5 0 14.7 6.2 0 0 0 0 10.1 112 114 1.3 -3.6
"2" "2" 2007-11-02 27.15 "WAS" "@" "BOS" "L" -20 0 4.61666666666667 0 0 0 0 0 0 0 0 0 9 0 114 -0.7 -11.4
"3" "3" 2007-11-03 27.15 "WAS" "" "ORL" "L" -12 0 21.8666666666667 0.429 0.429 0 10.7 4.6 16.5 4.9 0 0 13.6 109 101 5.5 6.6
"4" "4" 2007-11-08 27.16 "WAS" "@" "NJN" "L" -2 0 5.35 0 0 0 0 0 0 0 0 0 27.1 0 107 -2.9 -34.8
"5" "5" 2007-11-09 27.16 "WAS" "" "DEN" "L" -26 0 4.93333333333333 0.333 0.333 0 0 0 0 0 0 0 24.6 75 127 -0.1 -14.9
"6" "6" 2007-11-11 27.17 "WAS" "@" "ATL" "W" 11 0 0.3 NA NA 0 0 0 0 0 0 NA 0 0 109 0 -7.1
"7" "7" 2007-11-14 27.18 "WAS" "" "IND" "W" 13 0 4.18333333333333 0 0 0 0 0 0 0 0 0 11.3 0 111 -1.5 -27.1
"8" "" 2007-11-16 27.18 "WAS" "@" "MIN" "W" 16 NA NA NA NA NA NA NA NA NA NA NA NA NA NA NA NA
"9" "8" 2007-11-17 27.19 "WAS" "" "POR" "W" 19 0 19.05 0.5 0.5 0 7 3 0 0 0 0 18.9 109 110 3.1 -5.6
"10" "9" 2007-11-20 27.19 "WAS" "" "PHI" "W" 15 0 14.2 0 0 0 7.2 4.3 7.2 3.8 0 20 16.7 16 114 -1.8 -19.8
"11" "10" 2007-11-21 27.2 "WAS" "@" "CHA" "W" 3 0 13.0833333333333 0.5 0.5 0 16.9 8.7 23.2 0 0 33.3 10.2 90 114 1.6 -6.1
"12" "11" 2007-11-23 27.2 "WAS" "" "GSW" "L" -8 0 7.26666666666667 0 0 0 0 0 0 0 0 0 6 0 143 -0.7 -14.8
"13" "12" 2007-11-24 27.21 "WAS" "@" "MEM" "L" -6 0 15.0333333333333 0.625 0.625 0 9.1 4 0 0 0 11.1 24.4 111 133 3.7 -7.7
"14" "13" 2007-11-26 27.21 "WAS" "@" "DAL" "W" 12 0 5.11666666666667 NA NA 0 0 0 0 0 0 100 9.2 0 116 -1.4 -17.8
"15" "14" 2007-11-28 27.22 "WAS" "@" "SAS" "L" -15 0 10.7833333333333 0.5 0.5 0 0 0 34.1 0 8.1 0 23.7 112 122 4 6.6
"16" "" 2007-11-30 27.22 "WAS" "@" "PHI" "L" -1 NA NA NA NA NA NA NA NA NA NA NA NA NA NA NA NA
"17" "15" 2007-12-01 27.22 "WAS" "" "TOR" "W" 4 0 24.65 0.682 0.682 6.3 4.5 5.3 14.3 2.2 0 8.3 25.1 126 112 11.7 6.2
"18" "16" 2007-12-05 27.24 "WAS" "" "CLE" "W" 19 0 19.05 0.621 0.583 0 6.6 3.4 20.7 0 0 0 15.9 151 109 7.4 3
"19" "17" 2007-12-07 27.24 "WAS" "" "PHO" "L" -15 0 30.0333333333333 0.625 0.625 0 12.6 5.6 4.4 3.3 0 7.7 18.1 122 122 10.8 3.5
"20" "18" 2007-12-09 27.25 "WAS" "" "NJN" "W" 15 0 19.4833333333333 1.042 1 0 7.2 3.2 8.8 5.6 0 18.8 12.6 168 96 8.9 11.8
"21" "19" 2007-12-11 27.25 "WAS" "" "MIN" "W" 14 0 25.1833333333333 0.833 0.75 8.5 8.1 8.3 12.9 0 0 8.9 19.2 169 109 15 10.5
"22" "20" 2007-12-13 27.26 "WAS" "@" "MIA" "W" 13 0 20.7 0.424 0.389 0 17 8.3 20.4 0 0 17.5 25 88 108 3.1 -7.9
"23" "21" 2007-12-15 27.26 "WAS" "" "SAC" "W" 13 0 35.85 0.542 0.542 3 6.7 4.7 0 1.5 0 7.7 17.3 101 94 7.5 -1.6
"24" "22" 2007-12-19 27.27 "WAS" "" "CHI" "L" -11 0 22.25 0.5 0.5 0 4.5 2.3 7.8 2.3 2.9 11.1 17.4 92 102 3.3 -2.4
"25" "23" 2007-12-21 27.28 "WAS" "" "ATL" "L" -5 1 20.35 0.25 0.25 0 0 0 7.7 0 3.9 0 15.3 62 124 -1.4 -12.8
"26" "24" 2007-12-22 27.28 "WAS" "@" "IND" "L" -8 1 42.3333333333333 0.758 0.682 0 11.1 5.8 19.7 0 0 7 15.6 151 108 18 5.9
"27" "25" 2007-12-26 27.29 "WAS" "@" "CHA" "W" 4 1 46.15 0.75 0.75 0 11.6 6.3 17 1.1 1.6 15.8 18.9 130 113 19.7 6.8
"28" "26" 2007-12-28 27.3 "WAS" "@" "NJN" "L" -3 1 34.55 0.403 0.357 0 9.7 5 12.8 0 0 6.3 20.5 103 133 4.6 -8.7
"29" "27" 2007-12-29 27.3 "WAS" "" "MIA" "W" 22 1 34.6666666666667 0.6 0.6 0 6.8 3.6 23.8 6.4 2.4 16.7 17.9 108 80 13.4 7.8
"30" "28" 2008-01-02 27.31 "WAS" "" "DET" "L" -13 0 16.45 0.515 0.5 0 7.7 4.1 10.8 0 5.4 20.5 15 91 124 1.8 -1.9
"31" "29" 2008-01-04 27.32 "WAS" "@" "MIL" "W" 24 0 23.4166666666667 0.571 0.571 0 4.3 2.5 23.5 0 0 12.5 17.3 115 98 6.4 1.5
"32" "30" 2008-01-06 27.32 "WAS" "" "SEA" "W" 22 0 18.25 0.429 0.429 0 5.4 2.8 7.7 2.8 0 0 17 93 96 3.9 -4.7
"33" "31" 2008-01-08 27.33 "WAS" "" "HOU" "L" -8 0 27.3333333333333 0.558 0.444 0 5.3 2.4 7.1 0 0 0 19.3 121 115 7.5 1.7
"34" "32" 2008-01-11 27.34 "WAS" "@" "ATL" "W" 4 0 14.9833333333333 0.5 0.5 0 14.7 7.3 0 3.9 0 0 16.4 110 105 3.9 1.7
"35" "33" 2008-01-12 27.34 "WAS" "" "BOS" "W" 7 0 12.9333333333333 0.338 0.25 0 10.3 4.7 0 0 0 0 15.4 97 104 0.1 -9.5
"36" "34" 2008-01-14 27.35 "WAS" "@" "BOS" "W" 5 0 20.7833333333333 0.3 0.3 0 5.9 3.1 9.4 0 0 28.6 16.5 51 105 -3.1 -13.5
"37" "35" 2008-01-15 27.35 "WAS" "@" "NYK" "L" -12 1 31.4 0.672 0.643 0 4.5 1.9 0 0 0 6.3 23.9 132 135 12.3 1.7
"38" "36" 2008-01-18 27.36 "WAS" "" "NYK" "W" 13 0 21.8 0.714 0.714 0 15.4 9 17.8 2.3 0 12.5 16.7 135 105 8.5 5.2
"39" "37" 2008-01-21 27.36 "WAS" "" "DAL" "W" 18 0 5.2 0 0 0 0 0 23.7 0 0 33.3 27.7 21 112 -1.7 -28
"40" "38" 2008-01-23 27.37 "WAS" "@" "CLE" "L" -36 0 26.7333333333333 0.556 0.556 0 5.4 2.2 7.2 0 2.9 0 16.2 109 144 7 -1.2
"41" "39" 2008-01-25 27.38 "WAS" "" "MEM" "W" 11 0 17.15 0.563 0.563 0 6.7 3.4 28.2 2.9 0 0 19.6 136 101 7.6 6.9
"42" "40" 2008-01-27 27.38 "WAS" "@" "MIL" "L" -3 0 14.0666666666667 0.75 0.75 8.2 0 4.2 13.7 0 0 20 17.1 128 125 3.6 -0.5
"43" "41" 2008-01-29 27.39 "WAS" "" "TOR" "W" 4 0 30.35 0.5 0.5 0 10.5 5.2 33.5 0 0 7.1 20.9 122 116 8.4 2.8
"44" "42" 2008-01-30 27.39 "WAS" "@" "TOR" "L" -39 0 27.5666666666667 0.709 0.667 0 5.3 2.4 9.1 0 0 16.8 20.6 118 144 7.9 -0.9
"45" "43" 2008-02-01 27.39 "WAS" "" "UTA" "L" -9 0 15.3166666666667 0.167 0.167 0 0 0 0 3.6 0 14.3 21.5 33 114 -2.2 -16.6
"46" "44" 2008-02-03 27.4 "WAS" "" "LAL" "L" -12 0 26.7833333333333 0.636 0.636 0 6.4 2.6 7.7 0 0 0 20.2 134 129 9.3 2.9
"47" "45" 2008-02-05 27.41 "WAS" "@" "PHI" "L" -5 0 31.4666666666667 0.577 0.577 0 10.9 4.1 23.6 0 0 18.8 22.5 102 112 7.1 -0.3
"48" "46" 2008-02-06 27.41 "WAS" "" "SAS" "L" -8 0 21.7166666666667 0.375 0.375 4.7 11.3 7.7 9.4 0 0 11.1 20 83 113 1.4 -5.6
"49" "47" 2008-02-08 27.41 "WAS" "@" "DEN" "L" -11 0 26.2 0.313 0.313 0 5.7 2.5 25.2 1.9 2.9 0 13.5 94 117 5.3 -1.5
"50" "48" 2008-02-10 27.42 "WAS" "@" "PHO" "L" -1 1 41.0333333333333 0.643 0.643 0 16.7 7.1 3.9 1.3 0 12.5 16.9 117 117 11.4 -0.3
"51" "49" 2008-02-11 27.42 "WAS" "@" "GSW" "L" -3 1 40.8666666666667 0.766 0.775 2.6 2.9 2.7 26.4 1.2 0 8.7 23.5 148 127 25.4 9.7
"52" "50" 2008-02-13 27.43 "WAS" "@" "LAC" "W" 2 0 16.4166666666667 0.3 0.3 6.4 8.1 7.1 8.6 0 0 0 13.4 105 110 0 -9.5
"53" "51" 2008-02-19 27.44 "WAS" "" "NYK" "L" -13 0 25.95 0.568 0.455 0 10 4.7 14.7 0 0 13.2 28.1 109 125 8.1 -2.5
"54" "52" 2008-02-22 27.45 "WAS" "@" "CLE" "L" -1 0 20.2666666666667 0.307 0.25 0 5.8 3.2 8 5.7 0 0 12.7 71 105 3.2 -2.6
"55" "53" 2008-02-23 27.45 "WAS" "" "CHA" "W" 15 0 14.1166666666667 0.389 0.389 0 10 4.1 9.8 0 0 10 31.2 91 119 1.5 -15.5
"56" "54" 2008-02-25 27.46 "WAS" "@" "NOH" "W" 3 0 24.1833333333333 0.761 0.714 0 5.5 2.6 22.8 2.3 0 0 16 167 112 12.1 12.9
"57" "55" 2008-02-26 27.46 "WAS" "@" "HOU" "L" -25 0 22.1666666666667 0.161 0 0 0 0 0 0 0 13.9 15.9 30 120 -3 -17.4
"58" "56" 2008-02-29 27.47 "WAS" "@" "CHI" "W" 6 0 31.4 0.525 0.464 0 3.7 1.7 5.7 3.2 0 15.6 25.3 97 101 9.2 0
"59" "57" 2008-03-02 27.48 "WAS" "" "NOH" "W" 17 0 16.4833333333333 0.6 0.6 0 0 0 0 0 0 0 14.3 127 114 3.3 -5.1
"60" "58" 2008-03-05 27.48 "WAS" "" "ORL" "L" -30 0 28.5 0.563 0.542 0 14.9 6.6 19 1.8 9.2 7.4 21.8 111 122 12.3 6.6
"61" "59" 2008-03-07 27.49 "WAS" "@" "TOR" "W" 4 0 24.4666666666667 0.872 0.889 0 16.3 10 15.5 2.2 0 8.8 21.8 156 107 15.1 13.5
"62" "60" 2008-03-08 27.49 "WAS" "" "CHA" "L" -3 0 28.6166666666667 0.588 0.5 0 8.6 4.1 19.9 0 3.4 13.6 24.7 108 118 8.7 -2.4
"63" "61" 2008-03-11 27.5 "WAS" "" "MIL" "W" 8 0 17.45 0.625 0.625 0 0 0 15.1 0 0 0 10 142 113 4 -1.9
"64" "62" 2008-03-13 27.51 "WAS" "" "CLE" "W" 2 0 7.35 0 0 0 13.9 7.5 36.3 0 0 0 6.7 84 115 0.6 -4.5
"65" "63" 2008-03-15 27.51 "WAS" "" "LAC" "W" 10 0 22.7166666666667 0.683 0.583 0 5.6 2.6 7.8 2.3 0 0 14.6 153 111 8.2 1.6
"66" "64" 2008-03-17 27.52 "WAS" "" "ATL" "L" -9 0 26.9333333333333 0.875 0.875 0 0 0 0 2.2 0 0 14.4 174 132 10.6 5
"67" "65" 2008-03-19 27.52 "WAS" "@" "ORL" "W" 1 0 20.7666666666667 0.125 0.125 0 21 10.3 14.1 2.7 11 0 18.4 44 91 0.6 -5.1
"68" "66" 2008-03-21 27.53 "WAS" "@" "MIA" "W" 17 0 24.35 0.611 0.611 0 18.5 8.6 6 2.3 4.8 25 24.3 89 100 6.2 -2.3
"69" "67" 2008-03-23 27.53 "WAS" "" "DET" "W" 12 0 22.5666666666667 0.429 0.429 0 0 0 6.3 0 7 0 16.6 95 107 2.4 -0.2
"70" "68" 2008-03-25 27.54 "WAS" "@" "POR" "L" -20 0 21.8 0.688 0.688 0 5.4 2.4 21.8 0 3.7 0 18.2 138 128 8.2 7.4
"71" "69" 2008-03-26 27.54 "WAS" "@" "SEA" "W" 5 0 21.9 0.846 0.846 0 11 5.4 10.7 0 0 0 28.6 154 119 16.2 16
"72" "70" 2008-03-28 27.55 "WAS" "@" "SAC" "W" 6 0 16.25 0.389 0.389 0 0 0 27.6 0 0 25 30.5 72 115 -0.2 -13
"73" "71" 2008-03-30 27.55 "WAS" "@" "LAL" "L" -6 0 26.9666666666667 0.357 0.357 4.5 13.7 9 15.9 4 0 22.2 16.4 79 125 4.2 -7.1
"74" "72" 2008-03-31 27.56 "WAS" "@" "UTA" "L" -42 1 43.4333333333333 0.727 0.727 3.2 11.8 7 29.8 0 0 8.3 14 146 158 15.1 0.6
"75" "73" 2008-04-02 27.56 "WAS" "" "MIL" "L" -1 0 21.6166666666667 0.711 0.688 6 5.8 5.9 13.9 2.3 0 0 18.2 153 118 10.2 3.8
"76" "74" 2008-04-04 27.57 "WAS" "" "MIA" "W" 14 0 8.06666666666667 1 1 0 17 9.2 0 0 0 25 25.4 113 124 4 5.9
"77" "75" 2008-04-05 27.57 "WAS" "@" "CHI" "W" 12 0 17.35 0.788 0.75 7.3 12.9 10.2 33 6.4 0 25.3 30.6 128 91 12.4 20.4
"78" "76" 2008-04-09 27.58 "WAS" "" "BOS" "W" 14 0 11.1333333333333 0.75 0.75 0 0 0 12.1 0 0 0 8.6 157 117 2.3 1.1
"79" "77" 2008-04-11 27.59 "WAS" "@" "DET" "L" -28 0 15.8666666666667 0.354 0.278 5.4 0 3.4 35.7 0 0 9.2 31.2 83 128 2.2 -3.1
"80" "78" 2008-04-12 27.59 "WAS" "" "PHI" "W" 16 0 18.1833333333333 0.6 0.6 0 13.2 6.3 0 0 0 16.7 15.1 104 113 0.9 -11.2
"81" "79" 2008-04-14 27.59 "WAS" "" "IND" "W" 7 0 37.4 0.873 0.844 8.4 9 8.7 17 0 0 18.4 23.2 152 117 24.4 12.6
"82" "80" 2008-04-16 27.6 "WAS" "@" "ORL" "L" -20 0 32.5166666666667 0.46 0.45 3.9 9.6 7 4.9 1.8 0 0 17.1 107 125 7.1 -4.9
"1" "1" 2008-10-29 28.13 "SAS" "" "PHO" "L" -5 0 30.1833333333333 0.806 0.786 0 15.9 8.3 14.2 0 5 11.8 14.1 145 114 11.6 8.1
"2" "2" 2008-10-31 28.14 "SAS" "@" "POR" "L" -1 0 29.3166666666667 1 1 0 8.4 4.8 23.2 0 0 12.5 14.8 170 124 12.3 9.3
"3" "3" 2008-11-04 28.15 "SAS" "" "DAL" "L" -17 0 29.9666666666667 0.652 0.625 0 9.2 4.1 13.6 4 0 19.2 19 108 120 8.2 2.2
"4" "4" 2008-11-05 28.15 "SAS" "@" "MIN" "W" 4 0 44.4333333333333 0.697 0.625 5.9 5.3 5.6 6.8 0 0 0 20.1 150 117 20.2 3.9
"5" "5" 2008-11-07 28.16 "SAS" "" "MIA" "L" -16 1 37.8166666666667 0.503 0.5 0 16.3 7.1 31.2 1.4 0 10.1 24.1 101 112 12 4.5
"6" "6" 2008-11-11 28.17 "SAS" "" "NYK" "W" 12 1 38.4 0.382 0.2 2.9 15.3 9.5 14.9 4.2 0 13.3 18.3 91 86 9.3 -1.3
"7" "7" 2008-11-12 28.17 "SAS" "@" "MIL" "L" -4 1 31.1833333333333 0.3 0.3 3.8 14 9.2 21.3 2 0 9.1 19 75 103 3.7 -4.1
"8" "8" 2008-11-14 28.18 "SAS" "" "HOU" "W" 2 1 37.85 0.507 0.5 0 27.8 15.2 9.7 1.6 0 18.4 16 87 88 6.1 -0.8
"9" "9" 2008-11-16 28.18 "SAS" "@" "SAC" "W" 2 1 38.8 0.587 0.536 0 6.7 3.3 4.7 2.8 0 6.1 21.4 110 101 11.7 0.1
"10" "10" 2008-11-17 28.19 "SAS" "@" "LAC" "W" 3 1 34.8333333333333 0.656 0.656 0 9.2 5 0 1.5 0 11.1 25.4 102 98 12.5 0.6
"11" "11" 2008-11-19 28.19 "SAS" "" "DEN" "L" -10 1 25.15 0.474 0.438 0 12.3 4.9 8.2 2.1 3.7 32.2 23.2 64 102 1.8 -8
"12" "12" 2008-11-21 28.2 "SAS" "" "UTA" "W" 25 1 30.3833333333333 0.811 0.794 0 20.4 8.8 12.1 0 0 14.4 32 135 108 20.7 10.9
"13" "13" 2008-11-24 28.21 "SAS" "@" "MEM" "W" 13 1 38.8 0.723 0.708 0 5.6 3.1 14 0 0 28.7 23.1 98 100 8.5 -1.1
"14" "14" 2008-11-26 28.21 "SAS" "" "CHI" "W" 10 1 36.2333333333333 0.338 0.25 3.2 15.4 9.4 12.7 1.4 0 13.1 19.7 76 96 3.5 -6.5
"15" "15" 2008-11-28 28.22 "SAS" "" "MEM" "W" 11 1 35.1833333333333 0.769 0.769 0 11.7 6 21.3 0 0 0 18.2 160 116 18.1 8.5
"16" "16" 2008-11-29 28.22 "SAS" "@" "HOU" "L" -19 1 21.7166666666667 0.571 0.571 0 19.5 9.1 21.9 0 0 0 15 120 114 5.8 0.2
"17" "17" 2008-12-02 28.23 "SAS" "" "DET" "L" -12 0 30.7333333333333 0.466 0.417 3.9 4.1 4 6.3 0 0 43.7 18.5 57 108 -1.5 -11.7
"18" "18" 2008-12-04 28.23 "SAS" "@" "DEN" "W" 17 0 29.45 0.381 0.357 0 14.5 8.1 9.5 0 0 0 22.9 98 105 5.4 -5.3
"19" "19" 2008-12-06 28.24 "SAS" "" "GSW" "W" 35 0 18.3166666666667 0.714 0.714 0 5.1 2.8 0 0 0 30 24.8 81 100 4 -6.2
"20" "20" 2008-12-09 28.25 "SAS" "@" "DAL" "W" 7 0 27.2666666666667 0.652 0.5 0 9.9 4.7 5 0 0 0 16.5 139 122 8 -2.4
"21" "21" 2008-12-10 28.25 "SAS" "" "ATL" "W" 6 1 25.6 0.556 0.556 4.9 22.9 14.2 13.6 0 0 10 17.9 122 105 7.5 3
"22" "22" 2008-12-12 28.25 "SAS" "@" "MIN" "W" 12 1 21.0666666666667 0.417 0.417 0 9.3 5 14 2.6 0 14.3 16.2 85 100 3.6 -3.1
"23" "23" 2008-12-14 28.26 "SAS" "" "OKC" "W" 5 1 28.3166666666667 0.829 0.875 0 4.5 2.3 10.4 0 0 10.6 15.8 134 119 10.7 4.8
"24" "24" 2008-12-17 28.27 "SAS" "@" "NOH" "L" -7 1 24.5166666666667 0.336 0.357 4.4 0 2.3 7.2 0 0 28.7 20.7 56 116 -1.5 -13
"25" "25" 2008-12-18 28.27 "SAS" "@" "ORL" "L" -12 1 27.1166666666667 0.714 0.714 3.9 27.9 14.9 0 3.8 0 22.2 15.8 104 92 8.8 6.6
"26" "26" 2008-12-20 28.28 "SAS" "" "TOR" "W" 10 1 30.0666666666667 0.727 0.727 0 18.1 9.3 14.8 0 0 0 17.3 155 113 13.9 8.2
"27" "27" 2008-12-22 28.28 "SAS" "" "SAC" "W" 16 1 18.3666666666667 0.854 0.833 0 0 0 0 2.9 0 23.7 22.8 113 97 6.6 3.5
"28" "28" 2008-12-23 28.28 "SAS" "" "MIN" "W" 6 1 32.1666666666667 0.6 0.6 0 8.3 4.1 4.9 0 0 0 15.5 118 110 7.5 -2
"29" "29" 2008-12-25 28.29 "SAS" "@" "PHO" "W" 1 1 26.6833333333333 0.5 0.5 0 16.4 7.7 0 0 0 0 12.2 97 101 4.1 -3.8
"30" "30" 2008-12-27 28.3 "SAS" "" "MEM" "W" 3 1 31.1333333333333 0 0 0 13 6.5 0 0 2.5 0 7 0 109 -2.4 -14
"31" "31" 2008-12-30 28.3 "SAS" "" "MIL" "L" -2 1 34 0.718 0.75 0 11.8 5.9 5.1 0 0 8.7 16.6 113 119 9 -0.6
"32" "32" 2009-01-02 28.31 "SAS" "@" "MEM" "W" 11 1 28.8333333333333 0.131 0.091 0 7.6 4.5 10.3 0 0 0 20.6 40 102 -2.3 -18
"33" "33" 2009-01-03 28.32 "SAS" "" "PHI" "W" 2 1 32.35 0.873 0.85 0 9 4.1 13.4 0 0 8.4 18.1 159 132 14.9 6.7
"34" "34" 2009-01-05 28.32 "SAS" "@" "MIA" "W" 7 1 27.7666666666667 0.458 0.458 0 16.9 8.5 0 0 0 7.7 24 82 101 3.6 -8.6
"35" "35" 2009-01-08 28.33 "SAS" "" "LAC" "W" 22 1 30.8166666666667 0.6 0.6 5 14.8 10.7 14.1 0 0 0 23.7 131 103 13.5 2.5
"36" "36" 2009-01-11 28.34 "SAS" "" "ORL" "L" -7 1 32.55 0.625 0.625 0 15.5 8.3 12.3 1.7 0 0 6.2 139 120 6.9 1.3
"37" "37" 2009-01-14 28.35 "SAS" "" "LAL" "W" 1 1 36.2833333333333 0.787 0.773 0 4.1 2.1 0 0 0 8 16.9 140 133 11.6 -1.2
"38" "38" 2009-01-16 28.35 "SAS" "@" "PHI" "L" -22 1 23.75 0.5 0.5 0 0 0 8.1 0 2.8 0 15.1 107 124 5 1
"39" "39" 2009-01-17 28.35 "SAS" "@" "CHI" "W" 5 1 25.5333333333333 0.225 0.125 0 4.3 2.1 5.7 0 2.5 0 16.5 58 103 0.1 -10.3
"40" "40" 2009-01-19 28.36 "SAS" "@" "CHA" "W" 2 1 29.2333333333333 0.558 0.556 3.9 11.5 7.7 0 0 0 0 19 115 107 6.1 -1.7
"41" "41" 2009-01-20 28.36 "SAS" "" "IND" "W" 18 1 22.5333333333333 0.333 0.333 0 28.4 13.7 7 0 3.3 10 19.5 72 87 1.9 -8.8
"42" "42" 2009-01-23 28.37 "SAS" "" "NJN" "W" 3 1 27.7666666666667 0.651 0.556 0 8 4.3 18.5 0 0 0 19.1 148 117 11.6 6.6
"43" "43" 2009-01-25 28.38 "SAS" "@" "LAL" "L" -14 1 18.7333333333333 0.317 0.214 0 14.2 6.2 8.4 0 0 27.6 25.8 52 113 -2.8 -18.3
"44" "44" 2009-01-27 28.38 "SAS" "@" "UTA" "W" 6 1 36.4833333333333 0.825 0.786 0 10.1 4.9 12.4 1.5 0 11.3 11.8 146 114 12.3 4.8
"45" "45" 2009-01-29 28.39 "SAS" "@" "PHO" "W" 10 1 32.1666666666667 0.558 0.444 0 3.6 1.8 0 0 0 0 15.8 122 120 6.4 -2.9
"46" "46" 2009-01-31 28.39 "SAS" "" "NOH" "W" 13 1 34.6666666666667 0.352 0.25 4 7.5 5.8 7.3 6.2 0 6.6 22.2 79 97 8.1 -4
"47" "47" 2009-02-02 28.4 "SAS" "@" "GSW" "W" 5 1 34.9833333333333 0.438 0.438 0 6.2 3.2 16.6 1.4 0 11.1 11 97 100 6 0.8
"48" "48" 2009-02-03 28.4 "SAS" "@" "DEN" "L" -8 1 35 0.56 0.5 0 17.6 8 29.4 1.4 0 25.6 38.1 89 111 11.6 -2.2
"49" "49" 2009-02-08 28.41 "SAS" "@" "BOS" "W" 6 1 30.6 0.533 0.444 0 11.8 6 4.6 0 0 8.8 17.4 104 111 4.9 -3.6
"50" "50" 2009-02-10 28.42 "SAS" "@" "NJN" "W" 15 1 29.05 0.563 0.542 4.5 12.1 8.5 5 0 0 0 22.1 121 114 8.7 -2.9
"51" "51" 2009-02-11 28.42 "SAS" "@" "TOR" "L" -2 1 37.3666666666667 0.409 0.409 0 9.4 4.5 0 0 0 8.3 14.9 75 105 2.4 -9.4
"52" "52" 2009-02-17 28.44 "SAS" "@" "NYK" "L" -5 1 45.35 0.546 0.5 2.4 12.7 7.5 7.3 0 0 0 18.3 122 112 13.3 0.6
"53" "53" 2009-02-19 28.44 "SAS" "@" "DET" "W" 4 1 32.3 0.364 0.364 0 6.1 3.2 11.9 0 0 15.4 20.7 69 102 1.1 -9.6
"54" "54" 2009-02-21 28.45 "SAS" "@" "WAS" "W" 31 1 29.9166666666667 0.787 0.767 0 9.6 5.8 35.6 3.7 0 0 26.8 161 77 23.3 21.4
"55" "55" 2009-02-24 28.46 "SAS" "" "DAL" "W" 17 1 29.75 0.322 0.3 3.9 12.4 8.7 15.1 0 0 15.5 21.6 71 92 1.2 -9.9
"56" "56" 2009-02-25 28.46 "SAS" "" "POR" "W" 15 1 27.1333333333333 0.318 0.278 0 3.6 2.1 9.2 2.2 0 9.6 21.1 69 105 1.4 -9.7
"57" "57" 2009-02-27 28.47 "SAS" "" "CLE" "L" -11 1 21.55 0.833 0.833 0 0 0 9.2 0 0 14.3 15.8 129 123 7.1 3.4
"58" "58" 2009-03-01 28.47 "SAS" "@" "POR" "L" -18 1 26.0333333333333 0.658 0.611 0 20.5 9.6 6.9 0 0 9.2 20.4 125 122 8.4 3.4
"59" "59" 2009-03-02 28.47 "SAS" "@" "LAC" "W" 28 1 31.3833333333333 0.111 0.111 0 28.7 15.5 18.4 0 4.8 0 13.2 61 87 3.3 -6.6
"60" "60" 2009-03-04 28.48 "SAS" "@" "DAL" "L" -5 1 37.15 0.757 0.692 0 16.7 7.1 12.9 0 0 16.5 23.4 134 132 16.6 6.6
"61" "61" 2009-03-06 28.48 "SAS" "" "WAS" "W" 22 1 18.3 0.41 0.25 0 18.3 10.4 14.4 2.9 0 17 15.5 88 85 3.9 -2.5
"62" "62" 2009-03-08 28.49 "SAS" "" "PHO" "W" 5 1 37.8 0.537 0.5 0 11.8 6.4 12.5 1.4 1.8 0 21.7 117 106 13.3 2.4
"63" "63" 2009-03-10 28.5 "SAS" "" "CHA" "W" 14 1 33.7333333333333 0.656 0.656 0 3.8 1.9 24.9 0 2.5 0 23.6 141 106 17.1 11.5
"64" "64" 2009-03-12 28.5 "SAS" "" "LAL" "L" -7 1 33.4333333333333 0.389 0.389 0 3.5 1.9 12.8 0 0 10 14.9 82 120 1.3 -9.1
"65" "65" 2009-03-14 28.51 "SAS" "@" "HOU" "W" 3 1 29.6666666666667 0.833 0.833 0 0 0 5.3 3.6 0 40 8.2 92 96 2.8 -2.3
"66" "66" 2009-03-16 28.51 "SAS" "@" "OKC" "L" -2 1 35.2833333333333 0.4 0.4 0 11.1 6.1 18 0 0 44.4 12.3 58 93 0.5 -7.3
"67" "67" 2009-03-17 28.52 "SAS" "" "MIN" "W" 7 1 31.1166666666667 0.609 0.545 0 8.1 3.6 11.7 1.8 0 14 23 107 102 9.5 -0.7
"68" "68" 2009-03-20 28.52 "SAS" "" "BOS" "L" -3 1 32.7666666666667 0.474 0.438 0 6.2 3.2 10.6 0 0 26.2 18.1 73 100 1.4 -7.6
"69" "69" 2009-03-22 28.53 "SAS" "" "HOU" "L" -2 1 35.0666666666667 0.455 0.444 0 14.8 6.7 9.2 1.6 0 16.8 15.9 85 102 4.3 -2.3
"70" "70" 2009-03-24 28.53 "SAS" "" "GSW" "W" 1 1 34.4333333333333 0.711 0.719 0 5.7 3.4 10.3 0 0 0 23.6 141 119 17.2 4.6
"71" "71" 2009-03-25 28.54 "SAS" "@" "ATL" "W" 10 1 24.7166666666667 0.827 0.8 0 0 0 0 0 0 21.6 29.6 124 119 10.4 3.6
"72" "72" 2009-03-27 28.54 "SAS" "" "LAC" "W" 13 1 27.0333333333333 0.424 0.389 5.2 31.1 19.2 26.2 2.1 0 0 18.7 122 115 10.5 -2.1
"73" "73" 2009-03-29 28.55 "SAS" "@" "NOH" "L" -4 1 22.6666666666667 0 0 0 19.7 9.7 6.8 0 0 0 8.9 15 110 -1.3 -11.7
"74" "74" 2009-03-31 28.55 "SAS" "" "OKC" "L" -1 0 29.3833333333333 0.442 0.35 0 9.1 4.3 9.9 1.9 0 15 22.2 90 115 4.8 -4.8
"75" "75" 2009-04-03 28.56 "SAS" "@" "IND" "W" 5 0 22.3166666666667 0 0 0 9.6 5.2 4.8 0 0 0 4 38 129 -0.5 -8.7
"76" "76" 2009-04-05 28.57 "SAS" "@" "CLE" "L" -20 0 21.55 0.405 0.333 0 7.2 2.9 18.3 2.7 4 0 22.6 96 119 5.9 4
"77" "77" 2009-04-07 28.57 "SAS" "@" "OKC" "W" 10 1 28.8333333333333 0.464 0.464 0 4.1 2 16.3 0 0 0 23.3 108 112 7.2 -0.9
"78" "78" 2009-04-08 28.58 "SAS" "" "POR" "L" -12 1 39.1 0.551 0.5 0 11.5 5.3 17.8 1.5 0 0 22.7 118 118 13.4 5.8
"79" "79" 2009-04-10 28.58 "SAS" "" "UTA" "W" 6 1 36.4666666666667 0.643 0.625 0 3.8 1.9 4.9 1.4 0 7.4 18.1 118 110 11 3.7
"80" "80" 2009-04-12 28.59 "SAS" "@" "SAC" "W" 3 1 34.15 0.566 0.553 0 16.7 8.3 5.9 1.7 0 4.9 27.5 118 109 12.9 4.2
"81" "81" 2009-04-13 28.59 "SAS" "@" "GSW" "W" 29 1 18.75 0.875 0.875 0 4.8 2.5 23.7 0 0 0 19.1 176 87 11.3 15.8
"82" "82" 2009-04-15 28.59 "SAS" "" "NOH" "W" 7 1 37.4333333333333 0.292 0.292 0 10.6 5.4 18.8 0 0 7.7 17.4 77 108 2.4 -6.3
"1" "1" 2009-10-28 29.13 "SAS" "" "NOH" "W" 17 0 22.3833333333333 0.5 0.5 0 17.9 8.6 0 0 0 15.4 26.6 82 107 3.4 -10.2
"2" "2" 2009-10-29 29.13 "SAS" "@" "CHI" "L" -7 0 17.65 0 0 0 5.3 2.8 16.5 0 0 0 10.8 26 109 -1.5 -10.2
"3" "3" 2009-10-31 29.14 "SAS" "" "SAC" "W" 19 0 24.55 0.429 0.429 0 4.5 2.7 10 0 0 22.2 17.3 80 111 0.8 -9.2
"4" "4" 2009-11-05 29.15 "SAS" "@" "UTA" "L" -14 0 17.7 0.583 0.583 0 8 3.5 10.1 3.1 0 14.3 18 112 128 3.8 -0.3
"5" "5" 2009-11-06 29.16 "SAS" "@" "POR" "L" -12 0 22.7166666666667 0.357 0.357 0 10.8 5 32.8 2.4 0 0 14.9 92 112 4.1 1.4
"6" "6" 2009-11-09 29.16 "SAS" "" "TOR" "W" 7 0 17.3833333333333 0 0 6.9 9.2 7.9 13.1 0 4.7 0 9.8 63 134 0.3 -11
"7" "7" 2009-11-11 29.17 "SAS" "" "DAL" "W" 9 0 16.9833333333333 0.202 0.214 0 0 0 36.3 0 0 11.8 23.5 64 106 -0.9 -11.4
"8" "8" 2009-11-14 29.18 "SAS" "" "OKC" "L" -3 0 3.55 NA NA 0 0 0 36.5 0 0 NA 0 208 115 0.3 0
"9" "9" 2009-11-18 29.19 "SAS" "@" "DAL" "L" -5 0 23.4833333333333 0.441 0.25 0 3.8 2.3 15.3 0 0 16.4 25.8 86 111 3.1 -7.9
"10" "10" 2009-11-19 29.19 "SAS" "" "UTA" "L" -7 0 20.0833333333333 0.667 0.667 0 6.1 3.1 0 0 3.5 10 24.9 111 108 7.7 8.1
"11" "11" 2009-11-21 29.2 "SAS" "" "WAS" "W" 22 0 23.0166666666667 0.688 0.688 0 10.8 6.1 39.5 0 0 0 16.2 153 95 11.3 10.3
"12" "12" 2009-11-23 29.2 "SAS" "" "MIL" "W" 14 0 23.15 0.652 0.625 0 9.9 5.5 21 2.4 0 10.6 18.6 134 111 9.7 3.5
"13" "13" 2009-11-25 29.21 "SAS" "" "GSW" "W" 14 0 26.05 0.781 0.8 0 28.3 14.7 29.6 1.8 0 15.5 21 131 101 16.3 8.5
"14" "14" 2009-11-27 29.21 "SAS" "@" "HOU" "W" 8 0 12.4333333333333 0.75 0.75 0 14 8.4 47.7 4.3 5.2 42.9 27 94 85 5 14.6
"15" "" 2009-11-29 29.22 "SAS" "" "PHI" "W" 8 NA NA NA NA NA NA NA NA NA NA NA NA NA NA NA NA
"16" "15" 2009-12-03 29.23 "SAS" "" "BOS" "L" -7 0 16.8666666666667 0 0 0 7.7 3.3 23.1 0 0 25 10 38 102 -1.9 -10.6
"17" "16" 2009-12-05 29.24 "SAS" "" "DEN" "L" -7 0 2.76666666666667 0 0 0 0 0 0 0 0 50 33.8 0 120 -2.5 -51.3
"18" "17" 2009-12-07 29.24 "SAS" "@" "UTA" "L" -3 0 21.4166666666667 0.3 0.3 0 12.8 6.9 0 0 0 16.7 13.6 53 123 -0.5 -10.3
"19" "18" 2009-12-09 29.25 "SAS" "" "SAC" "W" 12 0 4.9 0.75 0.75 0 0 0 55.6 9.9 0 0 36.4 147 94 6.1 27.2
"20" "19" 2009-12-11 29.25 "SAS" "" "CHA" "W" 19 0 7.26666666666667 1.5 1.5 0 0 0 20.4 0 0 0 6.3 269 98 3.4 16.8
"21" "20" 2009-12-13 29.26 "SAS" "@" "LAC" "W" 25 0 15.8333333333333 0.8 0.8 9.5 7.1 8.1 8.9 0 0 16.7 18.3 137 108 6.4 4.8
"22" "21" 2009-12-15 29.26 "SAS" "@" "PHO" "L" -12 0 33.65 0.731 0.731 0 15.5 8 0 1.5 0 18.8 21.4 111 123 11.4 2.8
"23" "22" 2009-12-16 29.27 "SAS" "@" "GSW" "W" 12 0 21.6833333333333 0.167 0.167 0 23.1 12.6 18.1 0 0 0 12 67 97 1.4 -6.7
"24" "23" 2009-12-19 29.27 "SAS" "" "IND" "W" 1 0 23.0333333333333 0.375 0.375 0 0 0 7 0 0 0 15.2 94 119 1.5 -9.9
"25" "24" 2009-12-21 29.28 "SAS" "" "LAC" "W" 16 0 19.7666666666667 0.676 0.625 13.1 5.9 9.3 45.2 5.8 0 0 22.6 157 99 15.2 20.3
"26" "25" 2009-12-23 29.28 "SAS" "" "POR" "L" -4 0 26.6 0.727 0.727 0 23.7 13.1 28.7 0 0 0 21.9 148 118 14.6 13.5
"27" "26" 2009-12-26 29.29 "SAS" "@" "MIL" "W" 15 0 21.95 0.9 0.9 0 4.9 3 0 0 0 0 10.7 177 116 7 2.5
"28" "27" 2009-12-27 29.3 "SAS" "@" "NYK" "W" 7 0 28.6166666666667 0.5 0.5 0 9.3 4.5 14.7 0 0 0 15.2 118 104 6.6 -1
"29" "28" 2009-12-29 29.3 "SAS" "" "MIN" "W" 18 0 31.35 0.643 0.643 0 15.6 8.1 15.2 0 1.9 6.7 20.4 121 104 12.7 2
"30" "29" 2009-12-31 29.31 "SAS" "" "MIA" "W" 30 0 20.2833333333333 0.5 0.5 0 29.6 16.7 31.8 0 0 28.6 15.4 96 87 4.9 1.9
"31" "30" 2010-01-02 29.31 "SAS" "@" "WAS" "W" 11 0 26.7333333333333 0.919 0.9 0 9 4.9 22 2 0 8.4 23 158 97 18.5 20.4
"32" "31" 2010-01-03 29.32 "SAS" "@" "TOR" "L" -5 0 27.0333333333333 0.425 0.3 3.6 22.2 12 5.7 0 0 14.5 11.9 89 102 3 -4
"33" "32" 2010-01-06 29.32 "SAS" "" "DET" "W" 20 0 24.3833333333333 0.625 0.625 7 4.5 5.5 5.6 2.2 0 11.1 18.3 118 106 6.5 -1.6
"34" "33" 2010-01-08 29.33 "SAS" "" "DAL" "L" -9 0 23.8 0.735 0.8 0 5.2 2.8 11.9 0 2.7 15.5 13.4 122 129 6.7 4.2
"35" "34" 2010-01-10 29.33 "SAS" "" "NJN" "W" 12 0 20.6833333333333 0.438 0.438 0 10.1 5.6 0 2.6 0 11.1 20.9 77 97 2.4 -6.9
"36" "35" 2010-01-12 29.34 "SAS" "" "LAL" "W" 20 0 17.4666666666667 0.5 0.5 7.9 6.5 7.1 7.6 0 0 10 28.4 97 104 5 -4.6
"37" "36" 2010-01-13 29.34 "SAS" "@" "OKC" "W" 1 1 27.65 0.313 0.313 0 12.8 6.1 9.8 1.9 0 20 16.2 66 110 1.1 -7.2
"38" "37" 2010-01-15 29.35 "SAS" "@" "CHA" "L" -16 0 20.2166666666667 0.368 0.4 0 17.4 8.4 9.9 0 0 0 25.9 79 110 2.6 -1.9
"39" "38" 2010-01-16 29.35 "SAS" "@" "MEM" "L" -6 0 19.3666666666667 0.607 0.607 0 5.1 2.6 0 2.7 0 6.7 34.3 113 101 9.5 11.1
"40" "39" 2010-01-18 29.36 "SAS" "@" "NOH" "W" 7 0 14.0666666666667 0.417 0.417 14.8 16.2 15.5 0 0 0 0 19.7 111 106 3.2 -0.5
"41" "40" 2010-01-20 29.36 "SAS" "" "UTA" "L" -7 0 7.06666666666667 0.5 0.5 0 36.7 14.9 0 0 0 0 17.5 106 110 1.9 2.8
"42" "41" 2010-01-22 29.37 "SAS" "" "HOU" "L" -7 0 6.53333333333333 0 0 0 0 0 38.7 0 0 0 6.3 84 124 0.3 -3.9
"43" "42" 2010-01-25 29.38 "SAS" "" "CHI" "L" -5 0 25.6 0.5 0.5 0 33.1 12.9 16.9 2.1 0 11.1 15.2 107 107 7.1 3.1
"44" "43" 2010-01-27 29.38 "SAS" "" "ATL" "W" 15 0 13.3333333333333 0.333 0.333 0 6.8 3.4 0 0 5.3 0 19.2 77 100 1.6 -5.2
"45" "44" 2010-01-29 29.39 "SAS" "" "MEM" "W" 7 0 27.8166666666667 0.957 1 0 5.8 2.5 5.5 1.9 2.7 25.3 18.8 123 106 12.7 10
"46" "45" 2010-01-31 29.39 "SAS" "" "DEN" "L" -14 1 20.3833333333333 0.167 0.167 0 7.6 3.2 14.9 2.6 0 25 18.2 38 116 -1.5 -12.6
"47" "46" 2010-02-03 29.4 "SAS" "@" "SAC" "W" 2 0 10.6666666666667 0 0 0 11.8 6.3 0 0 0 50 8.2 0 125 -1.4 -14.3
"48" "" 2010-02-04 29.4 "SAS" "@" "POR" "L" -3 NA NA NA NA NA NA NA NA NA NA NA NA NA NA NA NA
"49" "47" 2010-02-06 29.41 "SAS" "@" "LAC" "W" 17 0 20.9333333333333 0.254 0.143 0 23.5 11.1 26.4 0 3.5 0 17.1 81 89 3 -5.9
"50" "48" 2010-02-08 29.41 "SAS" "@" "LAL" "L" -12 0 5.68333333333333 0 0 0 19.2 9.7 0 0 0 0 8.2 0 113 -0.4 -10.8
"51" "49" 2010-02-11 29.42 "SAS" "@" "DEN" "W" 19 1 33.6333333333333 0.583 0.583 0 6.6 3.7 16.9 3 0 7.7 17.3 128 98 10.4 5.9
"52" "50" 2010-02-17 29.44 "SAS" "@" "IND" "W" 3 0 22.4666666666667 0.389 0.389 0 4.5 2.1 14.9 0 0 10 18 84 99 1.4 -5
"53" "51" 2010-02-19 29.44 "SAS" "@" "PHI" "L" -12 0 16.8666666666667 0.47 0.25 0 15.4 6.7 0 0 0 0 14.4 106 118 2.8 -6.1
"54" "52" 2010-02-21 29.45 "SAS" "@" "DET" "L" -8 1 30.5 0.167 0.167 0 0 0 10.8 0 0 0 9.9 52 127 -1.6 -12.3
"55" "53" 2010-02-24 29.46 "SAS" "" "OKC" "W" 8 0 4.68333333333333 1.5 1.5 0 0 0 0 0 0 0 10.1 300 109 2.7 20.1
"56" "54" 2010-02-26 29.46 "SAS" "@" "HOU" "L" -5 0 30.95 0.446 0.423 0 7.2 3.7 19.5 0 0 13 21 99 121 4.7 -3.6
"57" "55" 2010-02-28 29.47 "SAS" "" "PHO" "W" 3 0 6.71666666666667 0 0 0 0 0 0 0 10.4 0 6.6 0 114 0 -3.3
"58" "56" 2010-03-01 29.47 "SAS" "@" "NOH" "W" 14 0 5.5 0 0 0 0 0 0 0 0 0 8.8 0 116 -0.7 -15.7
"59" "" 2010-03-05 29.48 "SAS" "" "NOH" "W" 11 NA NA NA NA NA NA NA NA NA NA NA NA NA NA NA NA
"60" "57" 2010-03-06 29.48 "SAS" "@" "MEM" "W" 10 0 20.95 0.571 0.571 0 11.5 5.9 21.4 2.6 0 22.2 20.4 99 107 5.6 1.4
"61" "58" 2010-03-08 29.49 "SAS" "@" "CLE" "L" -2 0 25.3833333333333 0.096 0.1 0 0 0 17.1 0 3.1 8.7 20.1 36 108 -3.2 -13.8
"62" "59" 2010-03-10 29.5 "SAS" "" "NYK" "W" 10 0 15.4333333333333 0 0 0 20.7 10.7 25.9 3.5 0 25 12.1 43 95 0.5 -5.4
"63" "60" 2010-03-12 29.5 "SAS" "@" "MIN" "W" 18 0 19.3333333333333 0.276 0.2 0 22.6 11.5 6.3 2.7 0 0 13.1 73 92 2.4 -6.3
"64" "61" 2010-03-13 29.5 "SAS" "" "LAC" "W" 30 0 15.7166666666667 0.619 0.563 0 27.8 16.1 23.6 0 0 0 26.6 139 97 10.3 5.3
"65" "62" 2010-03-16 29.51 "SAS" "@" "MIA" "W" 12 0 5.98333333333333 0.5 0.5 0 0 0 30.9 0 0 0 23.4 119 92 2 10
"66" "63" 2010-03-17 29.52 "SAS" "@" "ORL" "L" -26 0 14.0666666666667 0.375 0.375 0 32 13.3 11.2 3.9 0 0 14 88 119 2.8 1
"67" "64" 2010-03-19 29.52 "SAS" "" "GSW" "W" 31 0 20.5166666666667 0.286 0.286 5.8 11.1 8.6 4.1 2.2 0 22.2 17.7 65 110 0.5 -14.2
"68" "65" 2010-03-21 29.53 "SAS" "@" "ATL" "L" -5 0 5.05 0.5 0.5 0 20.6 11.4 0 11 0 0 19.7 104 99 1.9 5.3
"69" "66" 2010-03-22 29.53 "SAS" "@" "OKC" "W" 3 0 32.55 0.591 0.591 3.7 12 7.7 19.9 0 0 0 15.5 133 108 10.9 6.9
"70" "67" 2010-03-24 29.53 "SAS" "" "LAL" "L" -9 0 21.9333333333333 0.436 0.333 0 21.4 9.8 0 0 0 0 22.5 100 110 4.7 -4.6
"71" "68" 2010-03-26 29.54 "SAS" "" "CLE" "W" 5 0 10.1 0 0 0 11.1 5.8 0 0 0 50 9.1 0 108 -1.8 -15.1
"72" "69" 2010-03-28 29.55 "SAS" "@" "BOS" "W" 21 0 13.0333333333333 0.347 0 0 17.1 8.7 10.8 0 0 0 5.1 114 91 1.6 0
"73" "70" 2010-03-29 29.55 "SAS" "@" "NJN" "L" -6 0 8.91666666666667 0.7 0.7 0 11.5 5.6 60.3 0 0 0 25.2 151 107 6.4 21.2
"74" "71" 2010-03-31 29.55 "SAS" "" "HOU" "W" 17 0 16.4333333333333 0.6 0.6 0 5.8 3.3 7.3 3 4.1 0 13.5 127 103 5.2 6.1
"75" "72" 2010-04-02 29.56 "SAS" "" "ORL" "W" 12 0 26.2333333333333 0.3 0.3 0 4.4 2.3 4.4 0 3.3 16.7 10.7 61 115 0.2 -6.1
"76" "73" 2010-04-04 29.56 "SAS" "@" "LAL" "W" 19 0 21.0666666666667 0 0 0 11.4 6.1 12.3 0 0 0 9.2 34 97 -2.8 -11.6
"77" "74" 2010-04-06 29.57 "SAS" "@" "SAC" "W" 9 0 15.3166666666667 0 0 0 7.5 4.1 0 3.5 0 33.3 9.6 0 95 -1.5 -11.4
"78" "75" 2010-04-07 29.57 "SAS" "@" "PHO" "L" -11 0 31.3 0.643 0.643 0 24.2 11 5.4 0 0 0 19.1 150 125 12.3 5.2
"79" "76" 2010-04-09 29.58 "SAS" "" "MEM" "L" -8 0 16.3333333333333 0.143 0.143 0 6.1 3.4 0 3.2 3.7 0 20.4 31 114 -0.9 -13.9
"80" "77" 2010-04-10 29.58 "SAS" "@" "DEN" "W" 19 0 14.95 0.333 0.333 0 0 0 0 3.4 5.6 40 14.6 40 89 0 -4.6
"81" "78" 2010-04-12 29.59 "SAS" "" "MIN" "W" 22 0 29.1333333333333 0.722 0.722 0 4.6 2.2 12.8 1.6 0 18.2 16.5 120 113 9.7 0.1
"82" "79" 2010-04-14 29.59 "SAS" "@" "DAL" "L" -7 1 37.0166666666667 0.111 0.111 0 15.3 7.9 21.8 0 0 10 11.7 48 104 0.3 -8.8
"1" "1" 2010-10-27 30.13 "NYK" "@" "TOR" "W" 5 0 6.96666666666667 0.145 0 0 28.7 14.7 18.1 0 0 0 21.5 53 96 0.2 -10.1
"2" "2" 2010-10-29 30.13 "NYK" "@" "BOS" "L" -4 0 6.48333333333333 0 0 15.1 17.2 16.1 20 0 0 0 6.9 92 112 1 -3.3
"3" "3" 2010-10-30 30.14 "NYK" "" "POR" "L" -5 0 5.41666666666667 NA NA 0 0 0 0 0 0 100 7.6 0 114 -1.4 -18.5
"4" "" 2010-11-04 30.15 "NYK" "@" "CHI" "W" 8 NA NA NA NA NA NA NA NA NA NA NA NA NA NA NA NA
"5" "" 2010-11-05 30.15 "NYK" "" "WAS" "W" 21 NA NA NA NA NA NA NA NA NA NA NA NA NA NA NA NA
"6" "" 2010-11-07 30.16 "NYK" "" "PHI" "L" -10 NA NA NA NA NA NA NA NA NA NA NA NA NA NA NA NA
"7" "4" 2010-11-09 30.16 "NYK" "@" "MIL" "L" -27 0 14.9 0 0 0 26.1 12.2 0 3.6 0 0 7.6 0 112 -0.3 -8.6
"8" "" 2010-11-10 30.17 "NYK" "" "GSW" "L" -5 NA NA NA NA NA NA NA NA NA NA NA NA NA NA NA NA
"9" "" 2010-11-12 30.17 "NYK" "@" "MIN" "L" -9 NA NA NA NA NA NA NA NA NA NA NA NA NA NA NA NA
"10" "5" 2010-11-14 30.18 "NYK" "" "HOU" "L" -8 0 10.75 0.184 0.2 0 40.6 20.1 0 0 0 0 22.2 40 103 -1.1 -16.6
"11" "6" 2010-11-16 30.18 "NYK" "@" "DEN" "L" -2 0 5.96666666666667 0 0 0 17.5 8.5 18.7 0 0 0 6.5 55 116 -0.1 -8.7
"12" "" 2010-11-17 30.19 "NYK" "@" "SAC" "W" 7 NA NA NA NA NA NA NA NA NA NA NA NA NA NA NA NA
"13" "" 2010-11-19 30.19 "NYK" "@" "GSW" "W" 6 NA NA NA NA NA NA NA NA NA NA NA NA NA NA NA NA
"14" "" 2010-11-20 30.19 "NYK" "@" "LAC" "W" 9 NA NA NA NA NA NA NA NA NA NA NA NA NA NA NA NA
"15" "" 2010-11-23 30.2 "NYK" "" "CHA" "W" 3 NA NA NA NA NA NA NA NA NA NA NA NA NA NA NA NA
"16" "" 2010-11-24 30.21 "NYK" "@" "CHA" "W" 4 NA NA NA NA NA NA NA NA NA NA NA NA NA NA NA NA
"17" "" 2010-11-27 30.21 "NYK" "" "ATL" "L" -9 NA NA NA NA NA NA NA NA NA NA NA NA NA NA NA NA
"18" "7" 2010-11-28 30.22 "NYK" "@" "DET" "W" 9 0 8.16666666666667 0 0 0 0 0 0 0 0 0 5.9 0 119 -0.7 -12.1
"19" "" 2010-11-30 30.22 "NYK" "" "NJN" "W" 11 NA NA NA NA NA NA NA NA NA NA NA NA NA NA NA NA
"20" "" 2010-12-03 30.23 "NYK" "@" "NOH" "W" 8 NA NA NA NA NA NA NA NA NA NA NA NA NA NA NA NA
"21" "" 2010-12-05 30.24 "NYK" "@" "TOR" "W" 17 NA NA NA NA NA NA NA NA NA NA NA NA NA NA NA NA
"22" "" 2010-12-06 30.24 "NYK" "" "MIN" "W" 7 NA NA NA NA NA NA NA NA NA NA NA NA NA NA NA NA
"23" "" 2010-12-08 30.24 "NYK" "" "TOR" "W" 3 NA NA NA NA NA NA NA NA NA NA NA NA NA NA NA NA
"24" "" 2010-12-10 30.25 "NYK" "@" "WAS" "W" 6 NA NA NA NA NA NA NA NA NA NA NA NA NA NA NA NA
"25" "" 2010-12-12 30.25 "NYK" "" "DEN" "W" 4 NA NA NA NA NA NA NA NA NA NA NA NA NA NA NA NA
"26" "" 2010-12-15 30.26 "NYK" "" "BOS" "L" -2 NA NA NA NA NA NA NA NA NA NA NA NA NA NA NA NA
"27" "" 2010-12-17 30.27 "NYK" "" "MIA" "L" -22 NA NA NA NA NA NA NA NA NA NA NA NA NA NA NA NA
"28" "" 2010-12-18 30.27 "NYK" "@" "CLE" "L" -7 NA NA NA NA NA NA NA NA NA NA NA NA NA NA NA NA
"29" "8" 2010-12-22 30.28 "NYK" "" "OKC" "W" 14 0 2.75 NA NA 0 0 0 0 0 0 NA 0 0 112 0 -5.9
"30" "" 2010-12-25 30.29 "NYK" "" "CHI" "W" 8 NA NA NA NA NA NA NA NA NA NA NA NA NA NA NA NA
"31" "" 2010-12-28 30.3 "NYK" "@" "MIA" "L" -8 NA NA NA NA NA NA NA NA NA NA NA NA NA NA NA NA
"32" "" 2010-12-30 30.3 "NYK" "@" "ORL" "L" -9 NA NA NA NA NA NA NA NA NA NA NA NA NA NA NA NA
"33" "" 2011-01-02 30.31 "NYK" "" "IND" "W" 6 NA NA NA NA NA NA NA NA NA NA NA NA NA NA NA NA
"34" "" 2011-01-04 30.32 "NYK" "" "SAS" "W" 13 NA NA NA NA NA NA NA NA NA NA NA NA NA NA NA NA
"35" "9" 2011-01-07 30.33 "NYK" "@" "PHO" "W" 25 0 6.71666666666667 0 0 16.2 0 7.7 0 0 0 0 6.1 69 101 0 -6.7
"36" "" 2011-01-09 30.33 "NYK" "@" "LAL" "L" -22 NA NA NA NA NA NA NA NA NA NA NA NA NA NA NA NA
"37" "" 2011-01-11 30.34 "NYK" "@" "POR" "W" 14 NA NA NA NA NA NA NA NA NA NA NA NA NA NA NA NA
"38" "10" 2011-01-12 30.34 "NYK" "@" "UTA" "L" -6 0 13.9833333333333 0.205 0 10.4 0 5.5 8.8 0 0 29.1 11 71 145 -0.4 -11.1
"39" "" 2011-01-14 30.35 "NYK" "" "SAC" "L" -10 NA NA NA NA NA NA NA NA NA NA NA NA NA NA NA NA
"40" "" 2011-01-17 30.35 "NYK" "" "PHO" "L" -8 NA NA NA NA NA NA NA NA NA NA NA NA NA NA NA NA
"41" "" 2011-01-19 30.36 "NYK" "@" "HOU" "L" -15 NA NA NA NA NA NA NA NA NA NA NA NA NA NA NA NA
"42" "" 2011-01-21 30.36 "NYK" "@" "SAS" "L" -9 NA NA NA NA NA NA NA NA NA NA NA NA NA NA NA NA
"43" "" 2011-01-22 30.37 "NYK" "@" "OKC" "L" -3 NA NA NA NA NA NA NA NA NA NA NA NA NA NA NA NA
"44" "" 2011-01-24 30.37 "NYK" "" "WAS" "W" 9 NA NA NA NA NA NA NA NA NA NA NA NA NA NA NA NA
"45" "" 2011-01-27 30.38 "NYK" "" "MIA" "W" 5 NA NA NA NA NA NA NA NA NA NA NA NA NA NA NA NA
"46" "" 2011-01-28 30.38 "NYK" "@" "ATL" "L" -9 NA NA NA NA NA NA NA NA NA NA NA NA NA NA NA NA
"47" "" 2011-01-30 30.39 "NYK" "" "DET" "W" 18 NA NA NA NA NA NA NA NA NA NA NA NA NA NA NA NA
"48" "" 2011-02-02 30.4 "NYK" "" "DAL" "L" -16 NA NA NA NA NA NA NA NA NA NA NA NA NA NA NA NA
"49" "" 2011-02-04 30.4 "NYK" "@" "PHI" "L" -2 NA NA NA NA NA NA NA NA NA NA NA NA NA NA NA NA
"50" "" 2011-02-06 30.41 "NYK" "" "PHI" "W" 14 NA NA NA NA NA NA NA NA NA NA NA NA NA NA NA NA
"51" "" 2011-02-09 30.42 "NYK" "" "LAC" "L" -8 NA NA NA NA NA NA NA NA NA NA NA NA NA NA NA NA
"52" "" 2011-02-11 30.42 "NYK" "" "LAL" "L" -17 NA NA NA NA NA NA NA NA NA NA NA NA NA NA NA NA
"53" "" 2011-02-12 30.42 "NYK" "@" "NJN" "W" 10 NA NA NA NA NA NA NA NA NA NA NA NA NA NA NA NA
"54" "" 2011-02-16 30.44 "NYK" "" "ATL" "W" 12 NA NA NA NA NA NA NA NA NA NA NA NA NA NA NA NA
"55" "" 2011-02-23 30.45 "NYK" "" "MIL" "W" 6 NA NA NA NA NA NA NA NA NA NA NA NA NA NA NA NA
"56" "" 2011-02-25 30.46 "NYK" "@" "CLE" "L" -6 NA NA NA NA NA NA NA NA NA NA NA NA NA NA NA NA
"57" "" 2011-02-27 30.47 "NYK" "@" "MIA" "W" 5 NA NA NA NA NA NA NA NA NA NA NA NA NA NA NA NA
"58" "" 2011-03-01 30.47 "NYK" "@" "ORL" "L" -6 NA NA NA NA NA NA NA NA NA NA NA NA NA NA NA NA
"59" "11" 2011-03-02 30.47 "NYK" "" "NOH" "W" 19 0 4.01666666666667 1.25 1.25 0 0 0 66 0 0 0 23.5 243 106 5.1 43.1
"60" "" 2011-03-04 30.48 "NYK" "" "CLE" "L" -4 NA NA NA NA NA NA NA NA NA NA NA NA NA NA NA NA
"61" "12" 2011-03-06 30.48 "NYK" "@" "ATL" "W" 13 0 25.0833333333333 0.5 0.5 0 15.1 8 0 0 6.7 0 9.9 100 92 4.2 -1.2
"62" "13" 2011-03-07 30.49 "NYK" "" "UTA" "W" 22 0 25.25 0.654 0.667 0 15.8 10 9.4 5.9 0 12.7 13.6 124 102 9 2.8
"63" "14" 2011-03-09 30.49 "NYK" "@" "MEM" "W" 2 0 20.6333333333333 0.714 0.714 6.5 18.6 11.4 0 5.1 0 0 15.4 145 112 8.8 5.5
"64" "15" 2011-03-10 30.5 "NYK" "@" "DAL" "L" -18 0 18.9666666666667 0 0 0 11.8 6 0 0 0 0 2.3 0 138 -0.5 -10.3
"65" "16" 2011-03-13 30.5 "NYK" "" "IND" "L" -13 0 10.8333333333333 0 0 0 39.1 17.3 0 0 0 0 11.9 0 117 -1.2 -13.8
"66" "17" 2011-03-15 30.51 "NYK" "@" "IND" "L" -2 0 9.25 0.375 0.375 0 0 0 29.8 0 0 0 18 107 124 1.2 -5.7
"67" "18" 2011-03-17 30.52 "NYK" "" "MEM" "W" 21 0 18.85 0.75 0.75 0 26.8 13.4 7.1 0 0 0 10.4 149 112 5.9 4.1
"68" "19" 2011-03-18 30.52 "NYK" "@" "DET" "L" -4 0 15.8166666666667 0.875 0.875 0 0 0 0 0 0 0 11.7 173 120 4.2 0.3
"69" "20" 2011-03-20 30.52 "NYK" "@" "MIL" "L" -5 0 16.05 0.205 0 0 0 0 17.6 0 0 0 7 79 121 1 -4.9
"70" "21" 2011-03-21 30.53 "NYK" "" "BOS" "L" -10 0 10.4833333333333 1 1 0 11.7 5.3 43.9 0 0 0 14 193 115 5.6 17.8
"71" "22" 2011-03-23 30.53 "NYK" "" "ORL" "L" -12 0 14.6666666666667 0.68 0.6 0 18.2 7.8 0 0 0 0 18.2 139 127 5.9 4.7
"72" "23" 2011-03-25 30.54 "NYK" "" "MIL" "L" -6 0 2.35 NA NA 0 0 0 0 0 0 NA 0 0 120 0 -5.1
"73" "24" 2011-03-26 30.54 "NYK" "@" "CHA" "L" -8 0 4.78333333333333 0 0 0 0 0 0 0 0 0 9.1 0 134 -1.1 -20.8
"74" "" 2011-03-28 30.55 "NYK" "" "ORL" "W" 7 NA NA NA NA NA NA NA NA NA NA NA NA NA NA NA NA
"75" "" 2011-03-30 30.55 "NYK" "" "NJN" "W" 4 NA NA NA NA NA NA NA NA NA NA NA NA NA NA NA NA
"76" "" 2011-04-03 30.56 "NYK" "" "CLE" "W" 16 NA NA NA NA NA NA NA NA NA NA NA NA NA NA NA NA
"77" "" 2011-04-05 30.57 "NYK" "" "TOR" "W" 13 NA NA NA NA NA NA NA NA NA NA NA NA NA NA NA NA
"78" "" 2011-04-06 30.57 "NYK" "@" "PHI" "W" 5 NA NA NA NA NA NA NA NA NA NA NA NA NA NA NA NA
"79" "25" 2011-04-08 30.58 "NYK" "@" "NJN" "W" 23 0 8.83333333333333 0.3 0.3 12.6 12.6 12.6 28.9 0 0 28.6 34.2 70 102 0.3 -14.5
"80" "" 2011-04-10 30.58 "NYK" "@" "IND" "W" 1 NA NA NA NA NA NA NA NA NA NA NA NA NA NA NA NA
"81" "" 2011-04-12 30.59 "NYK" "" "CHI" "L" -13 NA NA NA NA NA NA NA NA NA NA NA NA NA NA NA NA
"82" "26" 2011-04-13 30.59 "NYK" "@" "BOS" "L" -10 0 31.05 0.424 0.389 0 25.8 10 18 0 0 9.6 14.6 96 119 5 -7.1
"1" "1" 2011-12-26 31.29 "WAS" "" "NJN" "L" -6 0 4.95 1 1 0 0 0 45.5 0 0 0 9.7 201 113 2.4 9.1
"2" "2" 2011-12-28 31.3 "WAS" "@" "ATL" "L" -18 0 3.46666666666667 NA NA 0 0 0 0 0 0 NA 0 0 121 -0.4 -14.2
"3" "3" 2012-01-01 31.31 "WAS" "" "BOS" "L" -8 0 10.7833333333333 0.375 0.375 0 0 0 0 0 0 33.3 26.2 49 113 -1.8 -18.2
"4" "4" 2012-01-02 31.31 "WAS" "@" "BOS" "L" -8 0 13.0333333333333 0.625 0.625 0 0 0 26.7 0 0 0 14.1 146 122 4 2.1
"5" "5" 2012-01-04 31.32 "WAS" "@" "ORL" "L" -18 0 13.2 0.34 0.2 0 0 0 12 0 0 14.5 22.8 71 122 0.6 -10.9
"6" "" 2012-01-06 31.32 "WAS" "" "NYK" "L" -3 NA NA NA NA NA NA NA NA NA NA NA NA NA NA NA NA
"7" "6" 2012-01-08 31.33 "WAS" "" "MIN" "L" -21 0 10.6833333333333 0.375 0.375 0 34.6 15.1 0 0 0 0 16.5 88 106 1.5 -4.5
"8" "" 2012-01-10 31.33 "WAS" "" "TOR" "W" 15 NA NA NA NA NA NA NA NA NA NA NA NA NA NA NA NA
"9" "" 2012-01-11 31.34 "WAS" "@" "CHI" "L" -14 NA NA NA NA NA NA NA NA NA NA NA NA NA NA NA NA
"10" "7" 2012-01-13 31.34 "WAS" "@" "PHI" "L" -31 0 13.8333333333333 0.3 0.3 0 0 0 10.7 0 0 0 16.1 75 134 0.6 -8.7
"11" "8" 2012-01-14 31.35 "WAS" "" "PHI" "L" -13 0 7.8 0.333 0.333 0 0 0 0 0 0 25 21.7 55 117 -1.1 -17.6
"12" "9" 2012-01-16 31.35 "WAS" "" "HOU" "L" -8 0 12.3 0.205 0 0 0 0 10 0 0 0 8.8 74 132 0.3 -9.6
"13" "10" 2012-01-18 31.36 "WAS" "" "OKC" "W" 3 0 0.283333333333333 0 0 0 0 0 0 0 0 0 100 0 108 -0.7 -117.9
"14" "11" 2012-01-20 31.36 "WAS" "" "DEN" "L" -4 0 0.166666666666667 NA NA 0 0 0 0 0 0 NA 0 0 121 0 -12.4
"15" "12" 2012-01-22 31.37 "WAS" "" "BOS" "L" -6 0 2.7 1 1 0 0 0 0 0 0 0 17.2 200 114 1.7 11.1
"16" "13" 2012-01-23 31.37 "WAS" "@" "PHI" "L" -20 0 15.9 0 0 0 0 0 28.3 0 0 0 6.4 56 126 0.7 -6.6
"17" "" 2012-01-25 31.38 "WAS" "" "CHA" "W" 17 NA NA NA NA NA NA NA NA NA NA NA NA NA NA NA NA
"18" "14" 2012-01-27 31.38 "WAS" "@" "HOU" "L" -27 0 10.05 0.3 0.3 0 20.3 9.6 0 4.9 0 0 20.1 73 99 1.5 0.5
"19" "15" 2012-01-28 31.38 "WAS" "@" "CHA" "W" 3 0 0.2 NA NA 0 0 0 0 0 0 NA 0 0 119 0 -11.8
"20" "16" 2012-01-30 31.39 "WAS" "" "CHI" "L" -10 0 10.1 0 0 0 25 11.3 12.8 0 0 50 16.7 12 111 -2.1 -21.2
"21" "17" 2012-02-01 31.39 "WAS" "@" "ORL" "L" -6 0 2.21666666666667 0 0 0 54.1 26.4 0 0 0 0 19.3 0 112 -0.4 -24
"22" "18" 2012-02-03 31.4 "WAS" "@" "TOR" "L" -17 0 3.91666666666667 0.4 0.4 0 25 12.5 0 13.4 0 0 57.3 79 84 2.6 13.9
"23" "19" 2012-02-04 31.4 "WAS" "" "LAC" "L" -26 0 5.78333333333333 0.5 0.5 16.9 0 9.8 0 0 0 0 32.2 108 127 2.7 2.5
"24" "" 2012-02-06 31.41 "WAS" "" "TOR" "W" 3 NA NA NA NA NA NA NA NA NA NA NA NA NA NA NA NA
"25" "20" 2012-02-08 31.41 "WAS" "" "NYK" "L" -14 0 8.68333333333333 0.515 0.333 0 13.2 6.6 0 6.1 0 0 20.8 118 111 3.6 5.4
"26" "21" 2012-02-10 31.42 "WAS" "" "MIA" "L" -17 0 0.45 NA NA 0 0 0 0 0 0 NA 0 0 115 0 -7.8
"27" "" 2012-02-12 31.42 "WAS" "@" "DET" "W" 21 NA NA NA NA NA NA NA NA NA NA NA NA NA NA NA NA
"28" "" 2012-02-14 31.43 "WAS" "@" "POR" "W" 15 NA NA NA NA NA NA NA NA NA NA NA NA NA NA NA NA
"29" "22" 2012-02-15 31.43 "WAS" "@" "LAC" "L" -18 0 0.683333333333333 0 0 0 0 0 0 0 0 0 68.7 0 128 -0.7 -57.9
"30" "23" 2012-02-17 31.44 "WAS" "@" "UTA" "L" -14 0 2.93333333333333 0 0 0 39.9 19.5 0 0 0 0 14.8 0 115 -0.4 -18.2
"31" "24" 2012-02-20 31.45 "WAS" "@" "PHO" "L" -16 0 22.4333333333333 0.625 0.625 0 5.2 2.5 7.8 2.3 0 11.1 17.8 113 112 6.6 3.2
"32" "25" 2012-02-22 31.45 "WAS" "" "SAC" "L" -8 0 14.1333333333333 0.667 0.667 0 13.6 7.5 22 0 0 14.3 20.9 124 122 6 3.6
"33" "26" 2012-02-28 31.47 "WAS" "@" "MIL" "L" -1 0 17.25 1 1 0 11.1 6.3 9.9 0 4.2 12.5 20 162 127 11.3 15.1
"34" "27" 2012-02-29 31.47 "WAS" "" "ORL" "L" -7 0 7.96666666666667 0.581 0.5 0 15.1 7.2 0 0 0 0 19.1 130 122 2.6 1.7
"35" "28" 2012-03-03 31.48 "WAS" "" "CLE" "W" 3 0 13.9166666666667 0.739 0.714 0 21.6 10.9 0 0 0 21.2 28.5 104 106 6.2 -0.1
"36" "29" 2012-03-05 31.48 "WAS" "" "GSW" "L" -20 0 21.3333333333333 0.444 0.429 0 11.8 4.8 14.3 4.8 0 0 15.4 109 124 6.5 0.6
"37" "30" 2012-03-07 31.49 "WAS" "" "LAL" "W" 5 0 12.2833333333333 0.875 0.875 0 9.1 4.2 0 0 0 0 27.6 165 112 10.3 22.3
"38" "31" 2012-03-10 31.5 "WAS" "" "POR" "L" -11 0 15.25 0.8 0.8 7.2 26.2 15.7 21.3 0 0 0 15.6 173 127 8.7 14.2
"39" "32" 2012-03-12 31.5 "WAS" "@" "SAS" "L" -15 0 12.9833333333333 0.2 0.2 0 0 0 20.9 0 0 0 17.9 66 129 -0.5 -15.1
"40" "33" 2012-03-13 31.51 "WAS" "@" "DAL" "L" -9 0 11.6166666666667 0 0 0 10.3 4.6 23.6 4.4 0 25 15.5 24 111 -0.8 -11.3
"41" "34" 2012-03-15 31.51 "WAS" "@" "NOH" "W" 10 0 19.1666666666667 1.006 1 0 12.8 7.3 11.7 2.9 0 0 24.5 194 104 17.8 27.9
"42" "35" 2012-03-16 31.52 "WAS" "@" "ATL" "L" -14 0 25.2 0.667 0.667 0 4.9 2.6 6.7 2.1 0 10 18.7 122 117 7.9 2.9
"43" "36" 2012-03-18 31.52 "WAS" "@" "MEM" "L" -5 0 16.1666666666667 0.333 0.333 0 5.8 3.2 19.1 0 0 10 27.9 73 112 0 -12
"44" "37" 2012-03-21 31.53 "WAS" "@" "NJN" "W" 19 0 22.8666666666667 0.727 0.727 0 4.4 2.3 0 2.3 3.3 8.3 23.4 135 102 10.1 8.9
"45" "38" 2012-03-22 31.53 "WAS" "" "IND" "L" -2 0 15.0333333333333 0 0 0 7.3 4.3 0 0 0 16.7 20.1 0 106 -4.6 -24.4
"46" "39" 2012-03-24 31.54 "WAS" "" "ATL" "L" -3 0 12.4833333333333 0.833 0.833 0 0 0 0 0 0 0 11.6 173 123 3.7 3.5
"47" "40" 2012-03-25 31.54 "WAS" "@" "BOS" "L" -12 0 16.15 0.5 0.5 5.6 9.6 7.1 0 0 0 20 13.6 87 103 2 -4.6
"48" "41" 2012-03-26 31.54 "WAS" "" "DET" "L" -2 0 27.05 0.398 0.35 0 15.1 8 6.7 0 0 8.1 21.8 78 93 3.3 -5.5
"49" "42" 2012-03-29 31.55 "WAS" "@" "IND" "L" -4 0 17.45 0.3 0.3 0 20.6 9.7 27.3 0 0 0 13 99 111 2.9 -0.9
"50" "43" 2012-03-30 31.55 "WAS" "" "PHI" "W" 21 0 16.3666666666667 0.788 0.75 0 17.6 9.8 24.3 0 0 31.1 18.4 116 90 5.6 5.1
"51" "44" 2012-04-01 31.56 "WAS" "@" "TOR" "L" -7 0 27.3666666666667 0.615 0.5 0 9.5 4.7 12.2 0 5.8 9.3 20.3 117 118 10 4.4
"52" "45" 2012-04-02 31.56 "WAS" "" "MIL" "L" -14 0 23.8 0.583 0.611 0 4.9 2.4 7.2 0 0 0 17.8 116 121 6.5 0.1
"53" "46" 2012-04-04 31.57 "WAS" "" "IND" "L" -13 0 18.9333333333333 0.282 0.25 0 35 15.4 22.4 0 0 10.1 24 72 122 1.7 -11.4
"54" "47" 2012-04-05 31.57 "WAS" "@" "DET" "L" -5 0 28.3833333333333 0.55 0.55 4 0 2.2 19.3 1.8 0 23.1 20.2 96 111 4.8 -1.6
"55" "48" 2012-04-06 31.57 "WAS" "@" "NJN" "L" -12 0 20.1166666666667 0.727 0.778 0 7 3.1 0 2.7 0 16.2 26.8 114 124 9.2 3.7
"56" "49" 2012-04-09 31.58 "WAS" "@" "CHA" "W" 28 0 26.6166666666667 0.708 0.708 4.7 14.7 10.4 12.4 0 0 7.7 22 129 96 12.5 4.8
"57" "50" 2012-04-10 31.58 "WAS" "" "ORL" "W" 8 0 16.5333333333333 0.25 0.25 0 5.6 3.3 8 0 0 0 11.9 64 101 0.6 -8.3
"58" "51" 2012-04-13 31.59 "WAS" "@" "NYK" "L" -38 0 31.0833333333333 0.486 0.4 6.4 15.8 10.6 8.9 0 0 26.1 21.7 81 121 4.5 -6.5
"59" "52" 2012-04-14 31.59 "WAS" "" "CLE" "L" -9 0 12.4833333333333 0.25 0.25 0 14.2 5.7 11.3 4.4 6.6 0 22.6 68 104 1.9 -2.5
"1" "1" 2012-10-31 32.14 "NOH" "" "SAS" "L" -4 0 27.05 0.571 0.571 0 4 2.1 12 0 0 0 12 118 112 4 -2.9
"2" "2" 2012-11-02 32.15 "NOH" "" "UTA" "W" 2 0 15.8166666666667 0.347 0 0 13.2 7.1 0 0 0 0 8.8 88 107 1.2 -8.4
"3" "3" 2012-11-03 32.15 "NOH" "@" "CHI" "W" 7 0 21.1166666666667 1.031 1 0 9.1 5.3 8.3 0 0 0 8.7 214 100 7.6 8.2
"4" "4" 2012-11-07 32.16 "NOH" "" "PHI" "L" -15 0 17.9166666666667 0 0 6 6 6 11.6 0 0 50 11.2 20 97 -2.1 -15.6
"5" "5" 2012-11-09 32.16 "NOH" "" "CHA" "W" 8 0 15.25 0.579 0.333 0 7.5 3.9 0 0 0 18.8 16.5 104 121 2.2 -12.4
"6" "6" 2012-11-14 32.18 "NOH" "@" "HOU" "L" -4 0 6.48333333333333 0 0 0 20.6 9.5 21.8 0 0 0 7.2 49 115 0.3 -7.2
"7" "7" 2012-11-16 32.18 "NOH" "" "OKC" "L" -15 0 18.0833333333333 0.698 0.643 0 8.3 3.5 23.7 0 0 0 20.6 154 135 9.4 7.5
"8" "8" 2012-11-17 32.19 "NOH" "@" "MIL" "L" -4 0 29.3 0.625 0.625 0 7.4 4.3 9.5 3.5 0 11.1 14 112 121 7.8 0.2
"9" "9" 2012-11-20 32.19 "NOH" "" "NYK" "L" -22 0 18.4 0.145 0 0 23.7 12.3 18 0 0 22.5 12.7 46 117 0.1 -10.3
"10" "10" 2012-11-21 32.2 "NOH" "@" "IND" "L" -8 0 18.6 0.872 0.833 0 0 0 0 0 0 0 8.7 184 134 4.7 1.7
"11" "11" 2012-11-23 32.2 "NOH" "@" "PHO" "L" -3 1 37.1 0.375 0.375 0 22.2 13.2 8 1.5 0 0 16.5 86 116 4.3 -8.7
"12" "12" 2012-11-25 32.21 "NOH" "@" "DEN" "L" -18 1 14.5333333333333 0.375 0.375 7 0 4.1 0 3.7 0 20 15.3 70 115 0.5 -8.6
"13" "13" 2012-11-26 32.21 "NOH" "@" "LAC" "W" 7 1 22.2 0.644 0.5 0 17.5 9.5 6.4 0 0 0 8.7 148 117 4.5 -0.7
"14" "14" 2012-11-28 32.22 "NOH" "" "UTA" "L" -12 1 19.5 0.5 0.5 0 0 0 20.8 0 0 0 17 116 114 4.3 2.5
"15" "15" 2012-12-01 32.22 "NOH" "" "OKC" "L" -21 1 26.25 0.739 0.714 0 14.4 6.2 8.1 2.1 2.9 11.8 14.9 131 113 10 7.7
"16" "16" 2012-12-03 32.23 "NOH" "" "MIL" "W" 21 1 26.3 0.417 0.417 0 17 9.5 18.6 2.3 0 14.3 13.5 103 101 4.8 -2.8
"17" "17" 2012-12-05 32.24 "NOH" "" "LAL" "L" -16 1 23.5333333333333 0.233 0.167 0 14.2 6.7 6.2 0 3.9 23.7 16.4 44 116 -1.7 -15.4
"18" "18" 2012-12-07 32.24 "NOH" "" "MEM" "L" -7 1 18.2166666666667 1 1 0 15.1 7 18.8 3.1 0 20 14.3 147 112 8 8.9
"19" "19" 2012-12-08 32.24 "NOH" "@" "MIA" "L" -16 1 15.35 0.551 0.5 0 11.6 4.7 0 0 0 35.5 26.2 69 120 -0.2 -12.8
"20" "20" 2012-12-11 32.25 "NOH" "" "WAS" "L" -7 0 16.6333333333333 0.47 0.375 0 11.1 5.6 0 0 0 27.3 20.2 70 91 -0.4 -10.2
"21" "" 2012-12-12 32.25 "NOH" "@" "OKC" "L" -4 NA NA NA NA NA NA NA NA NA NA NA NA NA NA NA NA
"22" "" 2012-12-14 32.26 "NOH" "" "MIN" "L" -11 NA NA NA NA NA NA NA NA NA NA NA NA NA NA NA NA
"23" "21" 2012-12-16 32.27 "NOH" "@" "POR" "L" -1 0 17.85 0.375 0.375 0 19.7 10.2 8.1 3.4 0 0 10.7 111 112 2.8 -2.2
"24" "22" 2012-12-18 32.27 "NOH" "@" "GSW" "L" -7 0 16.7166666666667 0.34 0.2 0 0 0 8.9 6.6 4.8 14.5 20.5 70 113 2.9 -3.4
"25" "23" 2012-12-19 32.27 "NOH" "@" "LAC" "L" -16 0 15.5 0.621 0.583 0 16.7 7.8 0 0 5.7 23.7 25 94 107 3.5 2.1
"26" "24" 2012-12-21 32.28 "NOH" "@" "SAS" "L" -5 0 21.4333333333333 0.46 0.4 5 19.2 11.2 22.4 0 0 15.5 27.5 93 110 5.5 -2.5
"27" "25" 2012-12-22 32.28 "NOH" "" "IND" "L" -6 0 15.5 0.667 0.667 0 15.5 7.2 11.6 3.8 0 50 19.1 63 98 1.2 -9
"28" "26" 2012-12-26 32.29 "NOH" "@" "ORL" "W" 3 0 16.3 0 0 0 7.6 4 0 0 0 0 3.2 0 120 -0.8 -12.4
"29" "27" 2012-12-28 32.3 "NOH" "" "TOR" "L" -7 0 11.2 NA NA 0 0 0 12.8 0 0 NA 0 214 115 0.3 -5.3
"30" "28" 2012-12-29 32.3 "NOH" "@" "CHA" "W" 3 0 21.3333333333333 1.195 1.2 0 36.5 16.9 26 0 0 15.5 13.5 183 107 13.2 14.9
"31" "29" 2013-01-01 32.31 "NOH" "" "ATL" "L" -9 0 27.35 1.5 1.5 0 20.9 10.2 5.7 0 0 25 7 184 117 9.3 7.2
"32" "30" 2013-01-02 32.31 "NOH" "@" "HOU" "L" -12 0 14.2166666666667 0 0 0 0 0 17.8 0 0 50 12.4 23 120 -2 -14.7
"33" "31" 2013-01-05 32.32 "NOH" "@" "DAL" "W" 3 0 5.16666666666667 0.5 0.5 0 0 0 35.7 0 0 0 19.9 115 110 1.7 1.9
"34" "" 2013-01-07 32.33 "NOH" "" "SAS" "W" 7 NA NA NA NA NA NA NA NA NA NA NA NA NA NA NA NA
"35" "32" 2013-01-09 32.33 "NOH" "" "HOU" "W" 9 0 16.1833333333333 1.079 1.071 0 37.1 17.4 17.2 3.3 6.2 0 21.8 212 79 18 38.5
"36" "33" 2013-01-11 32.34 "NOH" "" "MIN" "W" 12 0 21.4833333333333 0.833 0.833 0 17.6 8.9 6.4 0 0 0 13.4 168 108 8.6 6.1
"37" "34" 2013-01-13 32.34 "NOH" "@" "NYK" "L" -13 0 22.4 0.605 0.571 0 9.5 4.7 8.1 2.4 0 0 15.2 132 112 6.8 5.4
"38" "35" 2013-01-15 32.35 "NOH" "@" "PHI" "W" 12 0 26.6666666666667 0.875 0.875 0 12.6 6.8 14 0 3 20 8.6 151 114 6.9 2.3
"39" "36" 2013-01-16 32.35 "NOH" "@" "BOS" "W" 12 1 25.75 0.25 0.25 0 0 0 6.4 0 3.3 20 9.2 53 91 -0.8 -5
"40" "37" 2013-01-19 32.36 "NOH" "" "GSW" "L" -4 0 19.5333333333333 0.857 0.857 0 13.7 7 0 2.6 0 22.2 21 113 126 7.1 -2
"41" "38" 2013-01-21 32.36 "NOH" "" "SAC" "W" 9 0 6.78333333333333 0.615 0.5 0 69 33.3 0 0 0 0 15.2 148 102 2.4 -3.4
"42" "39" 2013-01-23 32.37 "NOH" "@" "SAS" "L" -4 0 16.0833333333333 0.5 0.5 0 14.2 7 8.5 9.7 0 0 8.6 115 100 5.6 9.3
"43" "40" 2013-01-25 32.38 "NOH" "" "HOU" "L" -18 0 16.9166666666667 0 0 6.6 16.2 10.9 9.2 0 5.7 50 5.5 42 115 0.2 -7.7
"44" "" 2013-01-27 32.38 "NOH" "@" "MEM" "W" 8 NA NA NA NA NA NA NA NA NA NA NA NA NA NA NA NA
"45" "41" 2013-01-29 32.39 "NOH" "@" "LAL" "L" -5 0 3.3 0 0 0 0 0 0 0 0 0 13.2 0 121 -0.7 -17.8
"46" "42" 2013-01-30 32.39 "NOH" "@" "UTA" "L" -5 1 30.8833333333333 0.563 0.563 0 0 0 14.4 1.7 2.8 11.1 13.7 110 113 5.4 0.1
"47" "43" 2013-02-01 32.39 "NOH" "@" "DEN" "L" -15 0 4.1 0.347 0 0 30.8 17.2 0 0 0 0 16.5 80 123 0.6 -8.8
"48" "44" 2013-02-02 32.4 "NOH" "@" "MIN" "L" -29 1 19.5833333333333 0.375 0.375 0 21.6 10.2 0 5.2 0 33.3 13.7 50 116 1.5 -5.3
"49" "" 2013-02-06 32.41 "NOH" "" "PHO" "W" 9 NA NA NA NA NA NA NA NA NA NA NA NA NA NA NA NA
"50" "45" 2013-02-08 32.41 "NOH" "@" "ATL" "W" 11 0 20.5166666666667 0.5 0.5 0 6.2 3 0 0 0 0 8.8 106 111 1.1 -7.9
"51" "46" 2013-02-10 32.42 "NOH" "@" "TOR" "L" -13 0 10.4166666666667 0 0 0 0 0 13.6 0 0 50 9.5 27 126 -1.4 -13.7
"52" "47" 2013-02-11 32.42 "NOH" "@" "DET" "W" 19 0 21.6666666666667 0.742 0.722 0 20.9 12.3 7.4 0 0 24.1 26.7 105 96 8.1 0.5
"53" "48" 2013-02-13 32.43 "NOH" "" "POR" "W" 36 0 20.6833333333333 0.429 0.429 5.3 10.8 8 13.6 0 0 0 16.1 111 81 5 -1.8
"54" "49" 2013-02-19 32.44 "NOH" "" "CHI" "L" -9 0 3.73333333333333 0 0 0 0 0 0 0 0 0 11.9 0 115 -0.7 -17.9
"55" "50" 2013-02-20 32.45 "NOH" "@" "CLE" "L" -5 0 20.7666666666667 0.9 0.9 7 11.6 9.5 0 0 0 0 11.7 186 126 7.2 3.4
"56" "" 2013-02-22 32.45 "NOH" "" "DAL" "L" -4 NA NA NA NA NA NA NA NA NA NA NA NA NA NA NA NA
"57" "51" 2013-02-24 32.46 "NOH" "" "SAC" "W" 15 0 16.7166666666667 0.825 0.786 0 13.7 6.8 0 0 4.5 11.3 24.4 140 111 10 10.9
"58" "52" 2013-02-26 32.46 "NOH" "" "BRK" "L" -4 0 17.6666666666667 0.546 0.5 0 14.3 6.9 8.5 0 0 0 19.8 122 126 4.3 -7
"59" "53" 2013-02-27 32.47 "NOH" "@" "OKC" "L" -45 0 13.75 0.543 0.583 8.3 22.5 14.3 21.1 0 0 0 23.2 111 142 5.6 5.2
"60" "54" 2013-03-01 32.47 "NOH" "" "DET" "W" 5 0 14.85 0.625 0.625 0 8.1 3.7 11.3 0 0 20 15.3 109 116 2.6 -3.8
"61" "55" 2013-03-04 32.48 "NOH" "" "ORL" "L" -3 0 14.7 0.579 0.5 0 16.3 8.2 9.7 0 0 0 13.8 134 121 3.8 -1.5
"62" "56" 2013-03-06 32.48 "NOH" "" "LAL" "L" -6 0 18.75 0.875 0.875 0 0 0 0 0 0 20 11.2 123 121 3.2 -4
"63" "57" 2013-03-09 32.49 "NOH" "@" "MEM" "L" -11 0 13.65 0.25 0.25 0 7.8 4.1 0 0 0 0 14.3 58 117 -0.9 -12.6
"64" "58" 2013-03-10 32.5 "NOH" "" "POR" "W" 2 0 20.2 0.625 0.625 0 6.8 3 7.8 2.9 0 20 23.1 106 117 5.2 -2.8
"65" "59" 2013-03-12 32.5 "NOH" "@" "BRK" "L" -10 0 24.3833333333333 0.583 0.583 0 15.1 8.1 11.5 0 3.1 14.3 14.1 112 133 5.6 -1
"66" "60" 2013-03-15 32.51 "NOH" "@" "WAS" "L" -9 0 14.8166666666667 0 0 0 17.1 8.2 0 3.9 0 33.3 9.8 0 108 -1.6 -13.2
"67" "61" 2013-03-17 32.52 "NOH" "@" "MIN" "L" -2 0 22.8 0.286 0.286 5.3 0 3.1 12.1 0 0 0 13.4 102 122 0.8 -9.3
"68" "62" 2013-03-18 32.52 "NOH" "" "GSW" "L" -21 1 19.7 0.214 0.214 4.8 7.2 5.7 9.5 5.7 0 0 16.8 60 104 1.8 -3.8
"69" "" 2013-03-20 32.52 "NOH" "" "BOS" "W" 1 NA NA NA NA NA NA NA NA NA NA NA NA NA NA NA NA
"70" "" 2013-03-22 32.53 "NOH" "" "MEM" "W" 7 NA NA NA NA NA NA NA NA NA NA NA NA NA NA NA NA
"71" "63" 2013-03-25 32.54 "NOH" "" "DEN" "W" 24 0 27.8 0.875 0.875 4.5 8.9 6.7 16 2.1 0 11.1 15 164 109 11.8 8.8
"72" "64" 2013-03-27 32.54 "NOH" "" "LAC" "L" -14 0 11.3 0.904 0.75 12.9 0 6.1 0 0 0 0 15.2 198 141 5.3 8.7
"73" "65" 2013-03-29 32.55 "NOH" "" "MIA" "L" -19 0 12.6166666666667 0 0 0 0 0 22.4 0 0 20 18.8 25 133 -2.4 -18.4
"74" "" 2013-03-31 32.55 "NOH" "" "CLE" "W" 20 NA NA NA NA NA NA NA NA NA NA NA NA NA NA NA NA
"75" "" 2013-04-03 32.56 "NOH" "@" "GSW" "L" -10 NA NA NA NA NA NA NA NA NA NA NA NA NA NA NA NA
"76" "66" 2013-04-05 32.57 "NOH" "@" "UTA" "L" -12 0 4.18333333333333 0 0 0 0 0 0 13.3 0 0 11.3 0 90 0.3 1.6
"77" "" 2013-04-07 32.57 "NOH" "@" "PHO" "W" 3 NA NA NA NA NA NA NA NA NA NA NA NA NA NA NA NA
"78" "" 2013-04-09 32.58 "NOH" "@" "LAL" "L" -8 NA NA NA NA NA NA NA NA NA NA NA NA NA NA NA NA
"79" "" 2013-04-10 32.58 "NOH" "@" "SAC" "L" -11 NA NA NA NA NA NA NA NA NA NA NA NA NA NA NA NA
"80" "67" 2013-04-12 32.59 "NOH" "" "LAC" "L" -3 0 15.7666666666667 0 0 0 7.8 3.4 26.1 0 0 50 11.2 36 111 -2.2 -12.4
"81" "68" 2013-04-14 32.59 "NOH" "" "DAL" "L" -18 0 7.5 0 0 0 17.8 7.3 19.4 0 0 0 12.2 33 129 -0.4 -14.5
"82" "69" 2013-04-17 32.6 "NOH" "@" "DAL" "L" -12 0 9.75 0.75 0.75 0 12.3 5.2 18.9 0 0 0 8.5 188 115 3 7.8
"1" "" 2013-10-29 33.13 "MIA" "" "CHI" "W" 12 NA NA NA NA NA NA NA NA NA NA NA NA NA NA NA NA
"2" "1" 2013-10-30 33.14 "MIA" "@" "PHI" "L" -4 1 14.6333333333333 0.5 0.5 0 0 0 16.9 0 0 40 14.9 75 121 0.3 -8.7
"3" "" 2013-11-01 33.14 "MIA" "@" "BRK" "L" -1 NA NA NA NA NA NA NA NA NA NA NA NA NA NA NA NA
"4" "" 2013-11-03 33.15 "MIA" "" "WAS" "W" 10 NA NA NA NA NA NA NA NA NA NA NA NA NA NA NA NA
"5" "" 2013-11-05 33.15 "MIA" "@" "TOR" "W" 9 NA NA NA NA NA NA NA NA NA NA NA NA NA NA NA NA
"6" "" 2013-11-07 33.16 "MIA" "" "LAC" "W" 5 NA NA NA NA NA NA NA NA NA NA NA NA NA NA NA NA
"7" "" 2013-11-09 33.16 "MIA" "" "BOS" "L" -1 NA NA NA NA NA NA NA NA NA NA NA NA NA NA NA NA
"8" "2" 2013-11-12 33.17 "MIA" "" "MIL" "W" 23 0 9.81666666666667 0 0 0 11.4 6.6 21.3 0 0 0 4.8 98 107 0.6 -5.9
"9" "" 2013-11-15 33.18 "MIA" "" "DAL" "W" 6 NA NA NA NA NA NA NA NA NA NA NA NA NA NA NA NA
"10" "3" 2013-11-16 33.18 "MIA" "@" "CHA" "W" 16 0 20.1 0.712 0.6 0 20.3 12.1 7.9 0 0 24 21.1 111 97 5.4 -0.5
"11" "4" 2013-11-19 33.19 "MIA" "" "ATL" "W" 16 0 2.46666666666667 0.75 0.75 0 0 0 0 0 0 0 37.3 137 109 1.6 11.6
"12" "5" 2013-11-20 33.19 "MIA" "@" "ORL" "W" 28 0 4.85 0.75 0.75 0 0 0 35.2 0 0 0 18.1 180 111 2.7 12
"13" "" 2013-11-23 33.2 "MIA" "" "ORL" "W" 2 NA NA NA NA NA NA NA NA NA NA NA NA NA NA NA NA
"14" "6" 2013-11-25 33.21 "MIA" "" "PHO" "W" 15 0 18.15 0 0 0 0 0 0 5.7 5.2 0 7.7 0 95 -0.6 -4.7
"15" "" 2013-11-27 33.21 "MIA" "@" "CLE" "W" 11 NA NA NA NA NA NA NA NA NA NA NA NA NA NA NA NA
"16" "" 2013-11-29 33.22 "MIA" "@" "TOR" "W" 7 NA NA NA NA NA NA NA NA NA NA NA NA NA NA NA NA
"17" "" 2013-12-01 33.22 "MIA" "" "CHA" "W" 1 NA NA NA NA NA NA NA NA NA NA NA NA NA NA NA NA
"18" "" 2013-12-03 33.23 "MIA" "" "DET" "L" -10 NA NA NA NA NA NA NA NA NA NA NA NA NA NA NA NA
"19" "7" 2013-12-05 33.24 "MIA" "@" "CHI" "L" -20 0 18.6666666666667 0.438 0.438 6.1 15.1 10.2 0 2.9 0 0 21.3 92 121 4.5 -2.9
"20" "8" 2013-12-07 33.24 "MIA" "@" "MIN" "W" 21 0 4.55 0.9 0.9 0 0 0 0 0 0 0 49.6 165 98 6.3 28.8
"21" "9" 2013-12-08 33.24 "MIA" "@" "DET" "W" 15 0 23.4833333333333 0.857 0.857 0 4.5 2.7 12.8 0 0 30 20.8 107 111 6.6 1.1
"22" "" 2013-12-10 33.25 "MIA" "@" "IND" "L" -6 NA NA NA NA NA NA NA NA NA NA NA NA NA NA NA NA
"23" "" 2013-12-14 33.26 "MIA" "" "CLE" "W" 7 NA NA NA NA NA NA NA NA NA NA NA NA NA NA NA NA
"24" "10" 2013-12-16 33.27 "MIA" "" "UTA" "W" 23 0 2.36666666666667 1 1 0 44.1 27.4 82.1 0 0 0 21 204 101 2.7 27.1
"25" "" 2013-12-18 33.27 "MIA" "" "IND" "W" 3 NA NA NA NA NA NA NA NA NA NA NA NA NA NA NA NA
"26" "11" 2013-12-20 33.28 "MIA" "" "SAC" "W" 19 0 5.1 0 0 0 24.1 13.3 0 9.6 0 0 8.9 0 93 0.6 -3.1
"27" "12" 2013-12-23 33.28 "MIA" "" "ATL" "W" 2 0 18.5333333333333 0.571 0.571 0 26 12.7 7.6 0 0 0 17.1 128 118 5.4 -0.3
"28" "" 2013-12-25 33.29 "MIA" "@" "LAL" "W" 6 NA NA NA NA NA NA NA NA NA NA NA NA NA NA NA NA
"29" "13" 2013-12-27 33.3 "MIA" "@" "SAC" "L" -5 1 22.7833333333333 0.368 0.3 0 17 8.1 13 2.2 0 0 11.4 88 103 2.2 -4.3
"30" "" 2013-12-28 33.3 "MIA" "@" "POR" "W" 1 NA NA NA NA NA NA NA NA NA NA NA NA NA NA NA NA
"31" "14" 2013-12-30 33.3 "MIA" "@" "DEN" "W" 3 0 5.86666666666667 0 0 0 24.1 12 0 9.4 0 0 8.9 0 91 0.6 -1.9
"32" "" 2014-01-02 33.31 "MIA" "" "GSW" "L" -9 NA NA NA NA NA NA NA NA NA NA NA NA NA NA NA NA
"33" "15" 2014-01-04 33.32 "MIA" "@" "ORL" "W" 16 0 1.26666666666667 NA NA 0 84.2 46.8 0 0 0 NA 0 0 81 0.3 1.4
"34" "16" 2014-01-05 33.32 "MIA" "" "TOR" "W" 5 0 5.88333333333333 0.75 0.75 0 0 0 0 0 0 0 15.9 159 117 2 7.7
"35" "17" 2014-01-07 33.33 "MIA" "" "NOP" "W" 19 0 15.8833333333333 0 0 0 0 0 15.1 0 0 0 6 60 107 -0.8 -8.3
"36" "18" 2014-01-09 33.33 "MIA" "@" "NYK" "L" -10 0 5.15 0 0 0 0 0 50.4 0 0 0 20.2 55 127 0 -10.5
"37" "19" 2014-01-10 33.33 "MIA" "@" "BRK" "L" -9 0 20.6333333333333 0.347 0 0 13.7 6.4 8.3 0 0 18.8 14.1 71 116 1.2 -8.1
"38" "20" 2014-01-15 33.35 "MIA" "@" "WAS" "L" -17 0 6.75 NA NA 0 0 0 0 0 0 100 6.9 0 131 -1 -15.3
"39" "21" 2014-01-17 33.35 "MIA" "@" "PHI" "W" 15 0 2.16666666666667 1.5 1.5 0 0 0 0 0 0 0 20.9 300 104 2.7 41.2
"40" "22" 2014-01-18 33.36 "MIA" "@" "CHA" "W" 8 0 6.91666666666667 1 1 0 0 0 0 0 0 0 7.4 200 108 0.9 -3.2
"41" "23" 2014-01-20 33.36 "MIA" "@" "ATL" "L" -7 0 12.9666666666667 0 0 0 0 0 9.7 0 0 0 6.9 37 132 -1.1 -13.2
"42" "" 2014-01-21 33.36 "MIA" "" "BOS" "W" 7 NA NA NA NA NA NA NA NA NA NA NA NA NA NA NA NA
"43" "24" 2014-01-23 33.37 "MIA" "" "LAL" "W" 7 0 6.41666666666667 0 0 0 0 0 16.6 0 0 0 7 70 118 -0.4 -9.9
"44" "25" 2014-01-26 33.38 "MIA" "" "SAS" "W" 12 0 4.56666666666667 0.75 0.75 0 0 0 0 0 0 0 21.7 139 120 2 5.7
"45" "" 2014-01-29 33.39 "MIA" "" "OKC" "L" -17 NA NA NA NA NA NA NA NA NA NA NA NA NA NA NA NA
"46" "" 2014-02-01 33.39 "MIA" "@" "NYK" "W" 15 NA NA NA NA NA NA NA NA NA NA NA NA NA NA NA NA
"47" "" 2014-02-03 33.4 "MIA" "" "DET" "W" 6 NA NA NA NA NA NA NA NA NA NA NA NA NA NA NA NA
"48" "" 2014-02-05 33.41 "MIA" "@" "LAC" "W" 4 NA NA NA NA NA NA NA NA NA NA NA NA NA NA NA NA
"49" "" 2014-02-08 33.41 "MIA" "@" "UTA" "L" -5 NA NA NA NA NA NA NA NA NA NA NA NA NA NA NA NA
"50" "" 2014-02-11 33.42 "MIA" "@" "PHO" "W" 6 NA NA NA NA NA NA NA NA NA NA NA NA NA NA NA NA
"51" "" 2014-02-12 33.42 "MIA" "@" "GSW" "W" 1 NA NA NA NA NA NA NA NA NA NA NA NA NA NA NA NA
"52" "" 2014-02-18 33.44 "MIA" "@" "DAL" "W" 11 NA NA NA NA NA NA NA NA NA NA NA NA NA NA NA NA
