"Rk" "G" "Date" "Age" "Tm" "H/A" "Opp" "W/L" "By Amt" "GS" "MP" "TS%" "eFG%" "ORB%" "DRB%" "TRB%" "AST%" "STL%" "BLK%" "TOV%" "USG%" "ORtg" "DRtg" "GmSc" "BPM"
"1" "1" 1988-11-05 23.15 "SAS" "" "LAL" "W" 15 0 8 0.868 0.75 0 13.6 6.7 0 0 0 25.8 36.4 122 105 6.3 3.2
"2" "2" 1988-11-08 23.16 "SAS" "@" "HOU" "L" -18 0 10 0 0 9.6 0 4.7 11.2 4.1 0 57.1 24.1 13 106 -4.5 -26.1
"3" "3" 1988-11-09 23.16 "SAS" "" "MIA" "W" 24 0 23 0.583 0.583 0 15.3 8 6.1 4.2 0 7.7 23.2 118 93 10.6 0
"4" "4" 1988-11-11 23.16 "SAS" "@" "DAL" "L" -13 0 13 0.167 0.167 0 18 7.8 9.4 0 0 0 17.1 65 122 -0.5 -15.6
"5" "5" 1988-11-12 23.17 "SAS" "" "UTA" "L" -9 0 1 NA NA 0 0 0 0 0 0 NA 0 0 114 0 -9.3
"6" "6" 1988-11-17 23.18 "SAS" "@" "DEN" "L" -27 0 16 0.5 0.5 0 8.3 3.9 25.7 2.8 0 33.3 22.8 73 128 2.2 -10.3
"7" "7" 1988-11-19 23.19 "SAS" "" "CHH" "L" -2 0 2 NA NA 0 0 0 0 0 0 NA 0 0 110 0 -6.3
"8" "8" 1988-11-23 23.2 "SAS" "" "ATL" "W" 10 0 3 0.266 0 0 0 0 0 0 0 0 26.2 67 123 -0.1 -17.6
"9" "9" 1988-11-25 23.2 "SAS" "@" "UTA" "L" -20 0 7 0.333 0.333 0 14.9 7.9 19.5 0 0 25 25.1 62 115 -0.5 -18.2
"10" "10" 1988-11-26 23.21 "SAS" "" "PHO" "W" 13 0 1 NA NA 0 0 0 0 0 0 100 35.5 0 103 -1 -46.7
"11" "11" 1988-11-29 23.21 "SAS" "@" "ATL" "L" -16 0 16 0.337 0.364 0 0 0 0 0 0 7.8 31.3 67 126 -1.5 -19.1
"12" "12" 1988-11-30 23.22 "SAS" "@" "MIA" "W" 4 0 9 0.524 0.2 0 14.8 7.5 15 5.5 0 0 34.2 149 100 6.5 6.1
"13" "13" 1988-12-03 23.22 "SAS" "" "NYK" "W" 13 0 9 0.595 0.6 0 21.3 12 0 0 0 0 26.3 117 105 4.5 -2.8
"14" "14" 1988-12-06 23.23 "SAS" "" "SEA" "L" -5 0 4 0.5 0.5 0 24.5 12.5 0 0 0 0 19.3 118 108 1.3 -2.7
"15" "15" 1988-12-08 23.24 "SAS" "" "CLE" "L" -9 0 12 0.51 0.5 0 0 0 23.5 4.2 0 0 20.8 122 109 5.3 10.4
"16" "16" 1988-12-11 23.25 "SAS" "@" "POR" "L" -5 0 7 0.5 0.5 0 17.2 8.3 23.8 0 0 33.3 32.1 74 117 0.6 -14.8
"17" "17" 1988-12-13 23.25 "SAS" "@" "SAC" "L" -19 0 9 0.25 0.25 0 0 0 0 0 0 42.9 29.6 30 113 -3.4 -25.9
"18" "18" 1988-12-15 23.26 "SAS" "@" "SEA" "L" -15 0 2 1.33 1.5 0 0 0 0 0 0 51.5 68.8 86 117 2.3 17.8
"19" "19" 1988-12-18 23.27 "SAS" "@" "HOU" "L" -11 0 12 0.354 0.333 7.5 9.5 8.4 0 0 0 9.2 34.1 75 118 1.1 -13
"20" "20" 1988-12-20 23.27 "SAS" "@" "PHO" "L" -18 0 20 0.344 0.4 5.6 14.1 10.2 7.6 2.2 0 13.3 27.6 69 114 1.3 -10.5
"21" "21" 1988-12-21 23.27 "SAS" "" "SAC" "W" 18 0 16 0.972 0.9 0 7.1 3.7 37.5 0 0 35.7 26.2 130 105 11.9 8.2
"22" "22" 1988-12-23 23.28 "SAS" "" "LAC" "L" -6 0 5 0 0 0 0 0 25.3 0 0 0 7.2 46 111 0 -11.1
"23" "23" 1988-12-26 23.29 "SAS" "@" "MIA" "L" -2 1 30 0.493 0.357 4.1 7.4 5.9 13.7 3.1 0 13.5 27.6 113 110 12 -3.4
"24" "24" 1988-12-27 23.29 "SAS" "@" "DAL" "L" -9 1 31 0.487 0.364 3.8 9.1 6.2 8.9 0 0 16.3 25.7 91 120 5.4 -12.5
"25" "25" 1988-12-30 23.3 "SAS" "" "BOS" "L" -13 1 40 0.34 0.286 0 5 2.7 21.1 1.2 0 11 19.5 79 122 5.8 -8.6
"26" "26" 1989-01-03 23.31 "SAS" "" "DEN" "W" 24 1 39 0.509 0.417 0 13 7.5 12.9 0 0 22.5 16.9 99 99 6.9 -7.9
"27" "27" 1989-01-05 23.32 "SAS" "" "PHI" "W" 15 1 34 0.654 0.636 3.3 17.2 10.1 29.6 4.2 0 6.4 18.9 141 100 21.9 9.2
"28" "28" 1989-01-07 23.32 "SAS" "@" "GSW" "W" 2 1 33 0.557 0.5 0 7.5 4.6 47.3 1.5 0 18.2 27.7 111 108 17.4 5.8
"29" "29" 1989-01-08 23.32 "SAS" "@" "LAL" "L" -30 1 28 0.235 0.214 3.3 9.3 5.8 34.4 0 0 6.3 21.2 68 127 0.5 -12
"30" "30" 1989-01-11 23.33 "SAS" "" "HOU" "L" -5 1 45 0.678 0.618 4.8 13.9 9.4 14.2 2 0 21.9 23.8 115 108 22.3 4
"31" "31" 1989-01-12 23.33 "SAS" "@" "UTA" "L" -24 1 24 0.273 0.273 6.9 15.8 10.4 32.3 1.9 0 15.4 21.1 69 112 2.7 -8.4
"32" "32" 1989-01-14 23.34 "SAS" "" "POR" "L" -4 1 33 0.533 0.533 0 0 0 33.5 1.4 0 21.1 22.9 97 103 10.2 0.5
"33" "33" 1989-01-16 23.35 "SAS" "@" "NYK" "L" -10 1 29 0.389 0.389 0 15 7.7 28.2 1.5 0 35.7 17.8 70 105 3.6 -5.1
"34" "34" 1989-01-17 23.35 "SAS" "@" "NJN" "L" -5 1 28 0.666 0.625 0 11.7 5.8 21.7 4.6 0 38.1 21.2 88 102 8.8 -2.7
"35" "35" 1989-01-19 23.35 "SAS" "@" "WSB" "L" -3 1 22 0 0 0 0 0 27.3 3.9 0 51 9.8 42 104 0.2 -8.4
"36" "36" 1989-01-23 23.36 "SAS" "" "MIA" "W" 18 1 35 0.559 0.577 5.8 7.6 6.6 33.9 3.8 0 11.6 18 118 97 18.1 5.4
"37" "37" 1989-01-25 23.37 "SAS" "" "UTA" "L" -4 1 28 0.563 0.5 0 13.5 6.5 10 1.6 0 31.1 18.8 81 105 4.1 -7.7
"38" "38" 1989-01-27 23.38 "SAS" "@" "DAL" "L" -44 1 29 0.51 0.4 3.2 7.7 5.2 12.9 0 0 40.5 14 70 133 1.2 -13.5
"39" "39" 1989-01-28 23.38 "SAS" "" "HOU" "L" -5 1 41 0.751 0.75 3 3.3 3.1 33.1 1.2 0 28.1 23.3 115 107 17.6 5.2
"40" "40" 1989-01-31 23.39 "SAS" "" "DEN" "W" 6 0 40 0.714 0.688 4.5 7.3 5.9 16 0 0 9.9 17.4 141 103 21.1 7.2
"41" "41" 1989-02-03 23.39 "SAS" "@" "LAC" "W" 5 0 42 0.403 0.326 6.5 8 7.1 12.7 2.1 1.3 13.3 26.3 92 99 10.6 -6.3
"42" "42" 1989-02-04 23.4 "SAS" "@" "POR" "L" -37 0 39 0.379 0.364 2.7 10.5 6.1 23 0 0 20.2 14.5 81 134 3.7 -8.9
"43" "43" 1989-02-07 23.41 "SAS" "@" "SAC" "L" -15 1 38 0.33 0.262 2.7 10.3 6.6 4.3 2.5 0 4.2 26 75 115 4.7 -10.8
"44" "44" 1989-02-09 23.41 "SAS" "" "CHI" "L" -5 0 31 0.598 0.567 3.9 9.7 6.5 5.1 0 0 5.9 23.7 131 122 11.5 -2.1
"45" "45" 1989-02-14 23.42 "SAS" "@" "SEA" "L" -16 0 27 0.253 0.273 3.4 8.7 5.7 4 3.4 2.1 14.4 19.4 58 120 0.2 -11.9
"46" "46" 1989-02-15 23.43 "SAS" "@" "GSW" "L" -37 0 32 0.461 0.375 2.9 3.3 3.1 9.5 3.8 0 33.9 15.5 70 112 3 -8.2
"47" "47" 1989-02-18 23.44 "SAS" "@" "UTA" "L" -14 1 40 0.5 0.5 2.1 13.3 6.5 15.3 0 1.6 11.1 16.6 110 113 9.1 -0.5
"48" "48" 1989-02-20 23.44 "SAS" "" "DAL" "L" -12 0 36 0.492 0.472 5.4 0 3 14.1 0 0 4.9 25.5 102 121 10.9 -4.3
"49" "49" 1989-02-22 23.45 "SAS" "" "GSW" "L" -11 1 42 0.475 0.441 0 4.7 2.1 9.5 3.1 0 0 14.7 124 110 13.2 -0.2
"50" "50" 1989-02-24 23.45 "SAS" "@" "IND" "L" -19 0 39 0.533 0.472 0 10.5 4.3 24.5 1.2 0 8.8 23.2 110 113 14 1.9
"51" "51" 1989-02-25 23.45 "SAS" "@" "CHH" "L" -11 1 41 0.354 0.263 0 5.3 2.3 16.2 1.1 0 8.6 20.4 85 118 6.4 -6.8
"52" "52" 1989-02-27 23.46 "SAS" "@" "MIL" "L" -9 1 22 0.338 0.333 5.6 8.9 7.4 50.5 2.1 0 23.1 29.9 78 106 4.2 -4.1
"53" "53" 1989-02-28 23.46 "SAS" "@" "CHI" "L" -19 0 22 0.504 0.462 6.1 6.2 6.1 22.6 2.1 2.6 12.6 29.2 104 118 9.7 -1
"54" "54" 1989-03-02 23.47 "SAS" "@" "CLE" "L" -28 1 38 0.378 0.333 5.2 11.8 8.2 39.6 2.6 0 20.1 21.3 83 114 9.6 -1.7
"55" "55" 1989-03-04 23.47 "SAS" "" "DEN" "W" 17 0 35 0.581 0.583 6.5 14.7 11.2 8.5 1.3 0 6.8 17.1 121 87 14.2 2.9
"56" "56" 1989-03-07 23.48 "SAS" "" "POR" "L" -13 0 19 0.415 0.375 0 12.6 5.7 7.6 2.6 0 0 17.4 105 116 4.5 -3.2
"57" "57" 1989-03-09 23.49 "SAS" "" "NJN" "W" 14 0 20 0.583 0.556 0 20 10.4 12.5 4.6 0 9.6 20.9 119 91 8.8 3.5
"58" "58" 1989-03-11 23.49 "SAS" "" "DAL" "W" 7 0 20 0.333 0.333 0 11.4 5.5 22 0 0 18.2 23 67 96 1.6 -9.4
"59" "59" 1989-03-13 23.5 "SAS" "" "LAC" "L" -12 0 17 0.286 0.286 0 8.1 3.6 15.1 0 3.4 0 15.6 84 111 2.3 -5.4
"60" "60" 1989-03-15 23.5 "SAS" "" "MIL" "W" 2 0 26 0.768 0.75 3.9 8.4 6.1 15.5 3.6 2.6 0 14.9 168 103 16.3 14.5
"61" "61" 1989-03-16 23.51 "SAS" "@" "DEN" "L" -17 0 31 0.5 0.5 3 5.6 4.3 17.8 4.1 0 17.4 25.9 93 104 11.3 1.2
"62" "62" 1989-03-18 23.51 "SAS" "" "UTA" "W" 16 1 37 0.586 0.588 0 9.7 4.5 18.5 2.6 0 5.1 21.6 124 101 17.9 3.6
"63" "63" 1989-03-20 23.52 "SAS" "@" "BOS" "L" -11 1 39 0.51 0.406 2.3 2.9 2.6 23.4 2.3 0 27.3 25.3 82 115 8.8 -6.6
"64" "64" 1989-03-22 23.52 "SAS" "@" "DET" "L" -21 1 38 0.318 0.318 0 6.5 2.9 28.3 1.2 0 21.4 14.8 69 116 2.8 -8.6
"65" "65" 1989-03-24 23.53 "SAS" "@" "PHI" "L" -13 0 31 0.735 0.591 0 13.7 6 32 1.6 0 0 18.7 176 138 23.8 10.1
"66" "66" 1989-03-25 23.53 "SAS" "@" "MIA" "L" -2 1 43 0.559 0.462 0 11.4 5.1 13.4 2.1 1.3 11.6 15.2 116 104 14.2 -0.5
"67" "67" 1989-03-28 23.54 "SAS" "" "WSB" "W" 16 1 37 0.524 0.5 0 15.1 7.1 13.9 4.7 0 30.4 16 88 99 9.9 -1.4
"68" "68" 1989-03-30 23.55 "SAS" "@" "LAL" "L" -40 1 25 0.486 0.4 0 18.6 6.9 25.3 1.8 0 8.1 18.8 111 129 8.1 -3
"69" "69" 1989-03-31 23.55 "SAS" "@" "LAC" "L" -3 1 39 0.309 0.214 7.7 0 4.2 33.3 0 0 15.6 18.6 94 120 7.7 -7.3
"70" "70" 1989-04-04 23.56 "SAS" "" "MIA" "W" 22 1 35 0.644 0.625 0 2.9 1.7 36 2.6 0 0 10.9 159 90 17.3 8
"71" "71" 1989-04-06 23.56 "SAS" "" "SAC" "W" 6 1 44 0.794 0.767 0 6.2 2.7 16.7 2 0 18.5 18.3 139 111 23.5 5.8
"72" "72" 1989-04-08 23.57 "SAS" "" "IND" "L" -2 1 44 0.658 0.639 5.1 7.9 6.5 23.6 2.3 0 16.8 21.4 126 123 21.7 3.1
"73" "73" 1989-04-10 23.58 "SAS" "" "SEA" "L" -13 1 34 0.476 0.429 0 0 0 41 1.5 0 11.3 22.9 106 114 10.6 1
"74" "74" 1989-04-12 23.58 "SAS" "" "LAL" "L" -7 1 41 0.446 0.364 5.4 6.3 5.9 25.9 1.3 0 10.9 29.6 104 125 13.9 -3.6
"75" "75" 1989-04-14 23.59 "SAS" "" "DAL" "L" -8 1 33 0.424 0.385 0 0 0 19.8 0 0 5.7 21.7 101 134 7 -9.2
"76" "76" 1989-04-17 23.59 "SAS" "@" "HOU" "L" -8 0 6 0 0 0 20.5 9.6 0 0 0 50 13.8 0 106 -1.8 -24
"77" "77" 1989-04-19 23.6 "SAS" "" "HOU" "L" -15 0 31 0.363 0.292 0 4 1.6 34.6 6.2 0 26.7 24.5 66 94 6.6 0.9
"78" "78" 1989-04-20 23.6 "SAS" "@" "DEN" "L" -23 0 30 0.54 0.538 6 8.9 7.5 16.9 6.7 1.5 26.5 22.2 89 107 12.9 -0.1
"79" "79" 1989-04-22 23.61 "SAS" "" "PHO" "L" -10 0 27 0.638 0.607 13 4.1 8.5 52 0 0 6.3 25.5 140 127 19.3 8.8
"1" "1" 1989-11-04 24.15 "SAS" "" "LAL" "W" 8 0 30 0.216 0.231 10.2 6.4 8.2 5.1 0 0 17.8 22.1 55 108 -3.1 -14.3
"2" "2" 1989-11-08 24.16 "SAS" "" "POR" "L" -4 0 28 0.45 0.375 0 3.6 2 16.1 5.3 1.9 10.1 15.3 96 107 7.5 2.7
"3" "3" 1989-11-10 24.16 "SAS" "@" "UTA" "L" -14 0 15 0.615 0.5 0 11 4.2 20.9 0 0 0 13 156 112 4.5 2.6
"4" "4" 1989-11-11 24.16 "SAS" "" "DEN" "W" 14 0 22 0.694 0.667 0 11.5 6.7 14.7 0 0 18.8 9.1 125 101 4.7 -1.6
"5" "5" 1989-11-14 24.17 "SAS" "@" "MIL" "L" -11 0 20 0 0 0 11.7 6.7 21.2 2.5 0 33.3 6.9 42 113 0.1 -7.2
"6" "6" 1989-11-15 24.18 "SAS" "@" "MIN" "W" 10 1 41 0.619 0.625 6.2 13.8 10.5 36.2 0 0 25.3 13.1 115 91 13.1 5.6
"7" "7" 1989-11-17 24.18 "SAS" "@" "PHI" "L" -7 0 28 0.697 0.625 0 20.2 8.1 19.9 0 0 9.7 15.3 140 117 12 5.4
"8" "8" 1989-11-18 24.18 "SAS" "@" "NJN" "W" 15 0 27 0.732 0.667 0 20.5 11.9 27 1.7 0 19.6 15.2 132 91 12.1 5.8
"9" "9" 1989-11-21 24.19 "SAS" "" "PHO" "W" 9 0 34 0.788 0.813 0 12.8 6.4 40.9 0 0 10.1 12 155 102 16.8 10
"10" "10" 1989-11-24 24.2 "SAS" "@" "LAC" "W" 1 0 15 0.644 0.667 0 0 0 24.1 3.2 0 0 10.6 143 91 5.3 9.2
"11" "11" 1989-11-26 24.21 "SAS" "@" "LAL" "L" -20 0 21 0.519 0.571 0 0 0 27 0 0 9.4 20.5 110 138 5.3 -5.3
"12" "12" 1989-11-28 24.21 "SAS" "" "SEA" "W" 13 0 16 0.694 0.625 0 5.8 3.5 15.8 9.1 0 25.8 20.8 113 93 7.5 9.3
"13" "13" 1989-11-30 24.22 "SAS" "" "DAL" "W" 4 0 16 0.63 0.667 14.6 14.3 14.5 9.7 0 0 29.6 18.8 98 101 4.6 -0.6
"14" "14" 1989-12-02 24.22 "SAS" "" "CHH" "W" 8 0 19 0.63 0.5 0 11.8 6.2 11.6 2.4 0 17.4 11.7 128 107 5.5 1.7
"15" "15" 1989-12-06 24.23 "SAS" "" "GSW" "W" 2 0 19 0 0 0 0 0 16.8 0 0 25 16.4 25 118 -4.5 -17.8
"16" "16" 1989-12-08 24.24 "SAS" "@" "DAL" "W" 6 0 10 0 0 0 0 0 0 0 0 33.3 14.1 0 117 -2.8 -23
"17" "17" 1989-12-09 24.24 "SAS" "" "NJN" "W" 17 0 20 0.717 0.75 0 0 0 0 2.6 0 29.1 15.3 90 108 3.6 -5.3
"18" "18" 1989-12-12 24.25 "SAS" "@" "ATL" "L" -8 0 12 0.4 0.4 0 0 0 0 4.2 0 0 18.1 84 106 2.3 -2.5
"19" "19" 1989-12-14 24.25 "SAS" "" "HOU" "W" 4 0 20 0.922 1 0 5.7 2.9 55.3 4.8 3.1 29.1 14.7 135 99 12.9 16.2
"20" "20" 1989-12-16 24.26 "SAS" "" "ORL" "W" 9 0 23 0.676 0.688 0 17 9.6 17.1 3.8 0 18.4 18.4 117 102 9.7 3
"21" "21" 1989-12-20 24.27 "SAS" "" "SAC" "W" 3 0 21 0.644 0.5 0 6.2 2.9 31.1 0 0 34 12.6 107 116 5.1 0.3
"22" "22" 1989-12-22 24.28 "SAS" "@" "PHO" "W" 4 0 29 0.768 0.75 8.5 21.8 15 12.2 1.6 0 9.3 15.4 152 112 15.2 9
"23" "23" 1989-12-23 24.28 "SAS" "" "UTA" "W" 17 0 24 0.457 0.429 5.1 21.6 13.2 23.8 4.4 0 0 16.2 128 103 10.9 3.7
"24" "24" 1989-12-26 24.29 "SAS" "@" "CHH" "W" 25 0 29 0.333 0.333 9.2 3.6 6.1 26.1 1.7 0 18.2 15.5 89 92 5 -4.2
"25" "25" 1989-12-27 24.29 "SAS" "@" "WSB" "W" 10 0 27 0.455 0.5 3.6 11.9 7.5 29.7 5.7 2 23.3 19.4 89 96 9.6 7.1
"26" "26" 1989-12-29 24.3 "SAS" "@" "CHI" "L" -4 0 25 0.45 0.438 8.3 5.5 7.1 16.8 0 0 25.3 19.8 85 115 3.6 -5.5
"27" "27" 1990-01-03 24.31 "SAS" "" "PHI" "W" 9 0 24 0.296 0.2 4.9 16.2 10.3 12.1 2.2 0 12.9 14.3 77 104 2.3 -4.6
"28" "28" 1990-01-06 24.32 "SAS" "" "MIN" "W" 13 0 25 0.761 0.714 0 9.8 4.9 0 0 0 20.2 15.8 120 106 6.9 -3.4
"29" "29" 1990-01-08 24.32 "SAS" "@" "ORL" "L" -9 1 42 0.55 0.55 2.6 13.6 8 18.4 6.9 0 23.1 12.9 98 100 13.4 4.8
"30" "30" 1990-01-09 24.33 "SAS" "@" "MIA" "W" 5 0 31 0.381 0.429 3.4 9.3 6.5 0 1.5 0 11.3 11.2 80 106 2.7 -7.7
"31" "31" 1990-01-12 24.33 "SAS" "@" "BOS" "W" 7 0 33 0.394 0.375 0 5.8 3.3 10.9 1.6 0 18.4 15.5 74 105 2.8 -8.8
"32" "32" 1990-01-13 24.34 "SAS" "@" "NYK" "L" -6 0 30 0.276 0.2 3.7 0 2 16.9 0 0 15.5 18.6 69 120 0.1 -11.9
"33" "33" 1990-01-15 24.34 "SAS" "@" "CLE" "L" -3 0 26 0.628 0.643 11.8 10.3 11 40.1 4 0 18.6 18.2 117 96 12.9 11.2
"34" "34" 1990-01-17 24.35 "SAS" "" "NYK" "W" 4 0 26 0.286 0.286 0 10.3 4.2 38.8 0 0 12.5 12.2 87 109 4.4 -1.3
"35" "35" 1990-01-19 24.35 "SAS" "" "CLE" "W" 3 0 34 0.338 0.25 3.3 8.6 6.1 16.5 1.4 0 0 10.6 101 107 5.4 -2.9
"36" "36" 1990-01-20 24.36 "SAS" "@" "DEN" "L" -27 0 26 0.41 0.375 0 20.1 9.3 5.4 1.7 0 17 8.4 80 113 3.4 -4.3
"37" "37" 1990-01-22 24.36 "SAS" "" "WSB" "W" 9 0 25 0.385 0.385 4 9.1 6.4 15.8 0 0 0 19.4 109 117 5.9 -6.4
"38" "38" 1990-01-24 24.37 "SAS" "" "LAC" "W" 8 0 15 0.258 0.333 0 0 0 16.5 0 0 20.5 13.7 57 105 -0.1 -10.5
"39" "39" 1990-01-26 24.37 "SAS" "@" "POR" "L" -6 0 21 0.717 0.625 12.7 12.7 12.7 14.5 0 2.4 29.1 14.1 117 110 6.6 5.2
"40" "40" 1990-01-27 24.38 "SAS" "@" "SEA" "L" -11 0 17 0.304 0.222 14.9 0 6.9 0 0 0 0 26.2 101 136 1.1 -13.5
"41" "41" 1990-01-29 24.38 "SAS" "@" "LAL" "W" 2 0 9 0.25 0.25 0 11.9 6 36 0 0 33.3 27 45 94 -0.7 -12.4
"42" "42" 1990-01-31 24.39 "SAS" "" "CHH" "W" 34 0 19 0.333 0.333 0 21.8 12.1 24.4 4.7 0 25 23.9 69 83 4.2 -6
"43" "43" 1990-02-02 24.39 "SAS" "@" "CHH" "W" 11 0 28 0.735 0.7 15.6 9.4 12.1 8.8 0 0 15.5 18.5 132 110 13.7 0.2
"44" "44" 1990-02-03 24.39 "SAS" "" "CHI" "W" 1 0 18 0.5 0.5 8.1 12.7 10.7 0 0 0 20 11.8 94 119 1.9 -6.5
"45" "45" 1990-02-06 24.4 "SAS" "" "ATL" "W" 11 0 24 0.425 0.4 6.5 8 7.4 20 4.6 0 14.5 13.6 107 105 6.6 -0.4
"46" "46" 1990-02-08 24.41 "SAS" "" "IND" "L" -5 0 24 0.507 0.438 0 8.5 4.3 14.3 2 0 18.4 18.7 94 110 4.4 -3.6
"47" "47" 1990-02-13 24.42 "SAS" "@" "DAL" "L" -7 0 18 0.357 0.357 5.7 18.2 11.7 7.9 2.8 0 0 16.2 95 107 3.4 -2.4
"48" "48" 1990-02-14 24.42 "SAS" "" "BOS" "L" -11 0 9 0.333 0.333 0 13.3 6.4 0 0 6.8 50 29.7 30 108 -1.7 -19.1
"49" "49" 1990-02-16 24.43 "SAS" "" "UTA" "W" 14 0 3 0.266 0 0 0 0 0 0 0 0 27.1 72 107 -0.1 -16.6
"50" "50" 1990-02-23 24.45 "HOU" "@" "NJN" "W" 10 0 18 0.5 0.5 5.4 0 2.9 7.9 2.3 0 0 20.6 112 105 7 -0.5
"51" "51" 1990-02-24 24.45 "HOU" "@" "ATL" "L" -8 0 23 0.272 0.25 7.6 13 10.1 28.1 0 0 7.2 24.3 77 112 2.3 -9.1
"52" "52" 1990-02-27 24.46 "HOU" "@" "DET" "L" -4 0 22 0.171 0.143 0 16.1 9.3 0 0 2.6 31.3 24.7 25 93 -6.4 -19.2
"53" "53" 1990-03-01 24.47 "HOU" "" "PHO" "W" 8 0 21 0.285 0.143 0 8.8 4.3 32.9 0 0 10.2 18.6 84 109 3.5 -6.4
"54" "54" 1990-03-03 24.47 "HOU" "" "GSW" "W" 20 0 19 0.697 0.611 4.9 27.1 16.4 31.3 2.2 0 8.5 22.6 145 96 16.3 10.9
"55" "55" 1990-03-05 24.48 "HOU" "@" "SAS" "W" 4 0 12 0.4 0.4 0 0 0 11.4 3.8 0 37.5 26.9 54 103 -0.4 -15
"56" "56" 1990-03-06 24.48 "HOU" "" "LAL" "W" 17 0 22 0.571 0.429 0 16.8 9.3 29.1 4.2 0 17.2 21 114 90 11.2 6.2
"57" "57" 1990-03-08 24.48 "HOU" "" "SEA" "W" 14 0 33 0.571 0.571 0 0 0 29 2.8 0 34.2 18.4 94 100 7.9 -3
"58" "58" 1990-03-10 24.49 "HOU" "" "DAL" "W" 10 0 16 0.511 0.444 6.8 0 3.3 46.2 5.7 0 8.5 30 111 91 10.4 11.9
"59" "59" 1990-03-13 24.5 "HOU" "@" "DEN" "L" -3 0 36 0.731 0.738 3 12.1 8.1 46.2 2.3 0 12.1 25.4 133 103 28.8 12.6
"60" "60" 1990-03-15 24.5 "HOU" "@" "SAC" "W" 6 0 30 0.51 0.433 3.1 17.8 10.6 18.2 3.2 2 5.4 25.6 110 85 15.4 9.1
"61" "61" 1990-03-16 24.51 "HOU" "@" "LAC" "L" -23 0 31 0.505 0.455 2.8 7.7 4.9 14.9 4.5 0 29.6 20.7 82 111 5.7 -5.5
"62" "62" 1990-03-18 24.51 "HOU" "@" "POR" "L" -13 0 27 0.418 0.333 0 6.5 3.1 17.4 1.7 0 27.1 20.4 72 106 2.4 -6
"63" "63" 1990-03-20 24.52 "HOU" "" "POR" "L" -10 0 29 0.45 0.45 3.1 3 3 20.8 1.5 0 9.1 28.4 93 112 8.4 -1.8
"64" "64" 1990-03-22 24.52 "HOU" "" "DET" "W" 5 0 29 0.396 0.45 0 8.7 4.4 27.3 3.5 0 13.7 22.7 86 116 6.6 -4.7
"65" "65" 1990-03-24 24.53 "HOU" "" "GSW" "L" -5 0 27 0.547 0.5 0 0 0 6.8 0 0 7.8 21.2 119 119 5.4 -5.6
"66" "66" 1990-03-26 24.53 "HOU" "" "SAS" "W" 18 0 13 0 0 0 0 0 0 3.6 0 29.1 21.1 0 99 -5.4 -25.7
"67" "67" 1990-03-29 24.54 "HOU" "" "MIL" "W" 26 0 21 0.68 0.7 10.9 4 6.9 5.6 4.6 0 25.4 15.4 109 96 6.5 -1.6
"68" "68" 1990-03-31 24.55 "HOU" "" "MIN" "W" 8 0 22 0.635 0.643 0 16.4 8.5 19.7 0 0 11.3 16.7 131 106 6.7 -0.9
"69" "69" 1990-04-03 24.56 "HOU" "@" "PHI" "L" -21 0 33 0.771 0.727 0 11.9 6 33.7 2.7 1.6 19.6 17.9 133 120 20.9 9.7
"70" "70" 1990-04-06 24.56 "HOU" "@" "WSB" "L" -11 1 31 0.367 0.182 0 3.4 1.7 34.9 6.1 0 12.8 20.4 95 114 10.5 1.7
"71" "71" 1990-04-08 24.57 "HOU" "@" "ORL" "W" 23 1 34 0.505 0.5 0 9.7 5.7 27.3 2.4 0 18.9 16.1 105 104 11.9 -1.7
"72" "72" 1990-04-10 24.58 "HOU" "@" "CHH" "W" 3 1 43 0.557 0.5 0 7.6 3.8 25.4 1.1 0 14.3 20.4 109 112 15.5 -2.7
"73" "73" 1990-04-12 24.58 "HOU" "" "CHH" "W" 7 1 36 0.403 0.25 0 8.7 4.9 30.8 0 0 24.4 18.9 89 108 7.1 -5.5
"74" "74" 1990-04-14 24.59 "HOU" "@" "UTA" "W" 4 1 38 0.414 0.4 0 13.7 6.9 24.6 2.6 1.8 21.6 15 87 98 8.5 0.6
"75" "75" 1990-04-15 24.59 "HOU" "@" "LAL" "L" -11 1 39 0.651 0.647 0 2.8 1.4 21.6 1.2 0 13.5 22.7 115 114 18.1 3.9
"76" "76" 1990-04-17 24.59 "HOU" "" "SAC" "W" 15 1 40 0.581 0.542 3.2 6 4.6 16.3 5.1 0 17.9 17.8 115 102 14.6 1.2
"77" "77" 1990-04-19 24.6 "HOU" "" "DEN" "L" -3 1 47 0.393 0.364 0 8.7 4.8 21.4 1 0 25.9 13 85 119 6.2 -7
"78" "78" 1990-04-20 24.6 "HOU" "@" "DAL" "L" -1 1 32 0.423 0.25 10 10.7 10.3 22.3 0 2 15.8 15.7 116 125 9.2 -2.8
"79" "79" 1990-04-22 24.61 "HOU" "" "UTA" "W" 12 1 41 0.531 0.5 0 2.9 1.2 21.4 2.3 0 3.8 24.7 120 92 18.7 7.1
"1" "1" 1990-11-02 25.14 "HOU" "@" "POR" "L" -1 0 22 0.106 0.111 0 9.1 4.6 26.6 0 0 24.1 22.1 35 92 -4.7 -12
"2" "2" 1990-11-03 25.14 "HOU" "@" "SEA" "L" -12 0 32 0.592 0.45 4.2 12.2 8.2 9.7 0 0 12.9 20.5 121 127 10.8 -1.5
"3" "3" 1990-11-06 25.15 "HOU" "" "DEN" "W" 10 0 29 0.715 0.731 0 10.2 5.9 13.2 1.3 0 15.7 20.9 121 105 15.6 2.4
"4" "4" 1990-11-08 25.16 "HOU" "" "ORL" "W" 4 1 33 0.474 0.469 6.1 10.8 8.6 0 0 0 19.2 25.7 82 106 5.4 -6.7
"5" "5" 1990-11-10 25.16 "HOU" "@" "SAS" "L" -1 1 38 0.447 0.4 5.5 8.1 6.6 4.2 4 0 10.7 20.5 98 117 9.8 -2.1
"6" "6" 1990-11-11 25.16 "HOU" "" "UTA" "W" 20 1 42 0.395 0.406 0 2.1 1.2 18 1.1 0 5.7 17.1 96 97 7.5 -1.9
"7" "7" 1990-11-13 25.17 "HOU" "" "MIN" "W" 2 1 45 0.425 0.367 2.4 5.3 3.8 28 2.5 0 5.4 19.2 108 108 12.5 1.5
"8" "8" 1990-11-15 25.18 "HOU" "" "LAL" "L" -5 1 48 0.511 0.474 0 6.1 2.8 16.6 3.1 0 11.8 23.9 97 103 15 2.2
"9" "9" 1990-11-17 25.18 "HOU" "" "MIA" "W" 17 1 29 0.337 0.273 4.1 9.9 7.4 17.4 3.3 0 14.4 18.5 91 97 5.5 -3.8
"10" "10" 1990-11-20 25.19 "HOU" "@" "NYK" "W" 27 1 30 0.581 0.583 0 15.7 9.1 27.7 4.8 0 6.8 21.4 123 83 16.8 10.7
"11" "11" 1990-11-21 25.19 "HOU" "@" "BOS" "L" -13 1 35 0.479 0.479 2.2 10.8 6 11.8 1.3 0 0 26.9 102 105 13.3 4.3
"12" "12" 1990-11-23 25.2 "HOU" "@" "IND" "L" -1 1 43 0.551 0.567 3.4 3 3.2 18.1 3.5 1.4 15.5 20.3 106 116 14.2 -0.3
"13" "13" 1990-11-25 25.2 "HOU" "@" "MIN" "W" 16 1 35 0.492 0.35 4.2 5.8 5.1 24.7 2.9 0 19.7 19.3 106 95 9.8 1.7
"14" "14" 1990-11-27 25.21 "HOU" "" "LAC" "W" 5 1 36 0.594 0.5 0 3.6 1.6 24 2.7 0 5.6 20.4 130 106 17.1 5.6
"15" "15" 1990-11-28 25.21 "HOU" "@" "UTA" "L" -11 1 36 0.5 0.5 2.4 0 1.5 7.7 4 1.9 16.7 12.9 98 105 6.8 0.2
"16" "16" 1990-12-01 25.22 "HOU" "" "SAC" "W" 24 1 30 0.509 0.417 0 3.2 1.7 8.9 1.6 0 0 9.9 121 101 5.9 -1
"17" "17" 1990-12-04 25.23 "HOU" "" "ATL" "L" -3 1 36 0.836 0.833 0 0 0 3.7 2.6 0 21.8 16.6 123 114 11.4 3.3
"18" "18" 1990-12-06 25.23 "HOU" "" "CHH" "W" 6 1 40 0.327 0.208 2.6 2.1 2.3 20.2 2.5 0 12.7 16.2 89 120 6.2 -5.4
"19" "19" 1990-12-08 25.24 "HOU" "@" "DAL" "W" 6 1 30 0.497 0.364 0 4.4 2 8.2 3.5 0 0 19.4 135 116 9.2 -0.3
"20" "20" 1990-12-10 25.24 "HOU" "" "BOS" "L" -12 1 38 0.632 0.632 0 16.8 7.6 18.5 3.8 0 13.6 23.6 106 103 19.3 9.3
"21" "21" 1990-12-12 25.25 "HOU" "@" "PHI" "W" 8 1 41 0.437 0.429 0 2.5 1.3 15.3 0 0 0 15.4 114 113 8.2 -3.2
"22" "22" 1990-12-14 25.25 "HOU" "@" "WSB" "L" -13 1 24 0.072 0 0 3.8 2.1 16.2 2 0 17.8 29.9 24 108 -7.5 -23.5
"23" "23" 1990-12-15 25.26 "HOU" "@" "CHH" "W" 3 1 28 0.45 0.438 4.5 8.4 6.5 21.5 0 0 31.1 19.8 81 106 3.2 -6.2
"24" "24" 1990-12-18 25.27 "HOU" "" "SAS" "L" -1 1 34 0.542 0.475 3.1 12 7.6 29.8 6.1 0 8 32.6 114 98 20 12.9
"25" "25" 1990-12-20 25.27 "HOU" "" "ORL" "W" 2 1 45 0.434 0.395 0 12.8 5.8 13.4 1.1 0 12.6 21.3 97 121 8.5 -8.5
"26" "26" 1990-12-22 25.28 "HOU" "" "PHO" "W" 20 1 24 0.527 0.5 0 15.1 8.1 26.1 0 0 16.1 18.4 119 96 8.2 2.3
"27" "27" 1990-12-26 25.29 "HOU" "@" "ORL" "L" -6 1 34 0.588 0.588 0 6.3 3.1 10.2 0 0 10.5 22.6 109 113 9.7 0.2
"28" "28" 1990-12-28 25.29 "HOU" "@" "NJN" "W" 2 1 34 0.627 0.591 5.3 4.2 4.7 24.5 5 0 13.6 16.3 123 90 16.9 9.2
"29" "29" 1990-12-29 25.3 "HOU" "@" "DET" "L" -15 1 35 0.436 0.417 2.4 20.1 9.8 17.8 1.4 0 12.7 19.3 85 104 7.6 -1.6
"30" "30" 1991-01-03 25.31 "HOU" "" "CHI" "W" 22 1 27 0.583 0.583 0 12.3 7.5 9.5 3.7 0 14.3 21.9 109 91 9.8 4
"31" "31" 1991-01-05 25.32 "HOU" "" "IND" "W" 13 1 22 0.333 0.333 0 5.6 2.4 15.7 4.1 0 14.3 11.7 82 93 4 -1.8
"32" "32" 1991-01-08 25.32 "HOU" "" "POR" "L" -26 1 24 0.466 0.417 0 4.5 2 22.2 3.8 0 13.4 24.6 90 116 7.2 -1.7
"33" "33" 1991-01-10 25.33 "HOU" "@" "DEN" "W" 23 1 35 0.594 0.571 6.5 9 8 15.5 0 0 8.4 23 131 118 19 -1.4
"34" "34" 1991-01-11 25.33 "HOU" "@" "PHO" "L" -4 1 33 0.581 0.548 0 11.8 5.4 13.9 3 0 11.1 34.6 115 117 17.3 4.6
"35" "35" 1991-01-13 25.34 "HOU" "@" "LAL" "L" -19 1 31 0.531 0.5 0 0 0 0 1.7 0 10.1 26.1 107 127 7.7 -2.9
"36" "36" 1991-01-14 25.34 "HOU" "@" "LAC" "L" -4 1 41 0.663 0.609 2.2 14.4 7.5 16.1 3.2 0 13.5 27.1 122 106 26.7 7.4
"37" "37" 1991-01-17 25.35 "HOU" "" "DET" "L" -6 1 48 0.409 0.368 0 8.7 4.7 21 2.3 0 8.8 22.2 93 101 10.8 2
"38" "38" 1991-01-19 25.35 "HOU" "" "LAC" "W" 11 1 33 0.375 0.35 2.6 7.7 4.6 23.3 0 0 8.6 26.9 86 100 5.6 -4.7
"39" "39" 1991-01-21 25.36 "HOU" "@" "SAC" "L" -3 1 23 0.31 0.313 0 11.6 4.9 0 4.8 0 10.1 37.3 66 106 0 -12.2
"40" "40" 1991-01-22 25.36 "HOU" "@" "GSW" "L" -7 1 35 0.521 0.333 0 3.6 1.8 0 0 0 25.8 13.1 88 126 0.9 -11.6
"41" "41" 1991-01-24 25.37 "HOU" "" "MIN" "W" 24 1 36 0.644 0.654 0 6.5 3.1 32.8 0 0 6.3 17.8 148 104 17.7 7
"42" "42" 1991-01-26 25.37 "HOU" "" "CLE" "W" 6 1 46 0.735 0.64 0 14.1 6.8 4.3 2 0 12.6 35.4 135 97 37.1 12.4
"43" "43" 1991-01-29 25.38 "HOU" "" "SAS" "W" 2 1 30 0.125 0.125 4.4 4.7 4.6 4.6 3.4 0 5.9 26.5 35 95 -4.5 -15.2
"44" "44" 1991-01-31 25.39 "HOU" "" "SEA" "L" -3 1 39 0.552 0.6 0 5.5 2.8 13.6 1.4 0 5.5 20.8 115 113 12.4 2.8
"45" "45" 1991-02-02 25.39 "HOU" "@" "SAS" "W" 6 1 18 0.414 0.4 6 24.5 13.9 0 3 0 15.5 32.5 75 92 3.8 -4.3
"46" "46" 1991-02-03 25.39 "HOU" "" "GSW" "W" 8 1 48 0.668 0.682 5.3 13.2 9.6 21.6 2 0 21.1 24.5 111 114 20 2.1
"47" "47" 1991-02-06 25.4 "HOU" "@" "MIL" "W" 2 1 44 0.47 0.417 7.4 0 4.5 18.8 2.5 0 15.8 17.9 115 124 11.4 -0.4
"48" "48" 1991-02-07 25.41 "HOU" "@" "CLE" "W" 4 1 26 0.759 0.722 0 5.3 2.5 6.4 0 0 0 18.1 154 110 11.3 1.7
"49" "49" 1991-02-12 25.42 "HOU" "@" "UTA" "L" -21 1 39 0.775 0.722 0 0 0 15 1.2 1.9 8.8 25.7 135 114 24.4 12.6
"50" "50" 1991-02-14 25.42 "HOU" "" "WSB" "W" 12 1 37 0.727 0.735 0 3.7 1.7 3.6 1.3 3.2 10.1 21.3 142 118 19.1 5.6
"51" "51" 1991-02-16 25.43 "HOU" "" "PHO" "W" 9 1 36 0.539 0.464 0 0 0 21.5 1.4 0 30.8 23.8 91 106 6.3 -4
"52" "52" 1991-02-19 25.44 "HOU" "" "LAL" "L" -9 1 39 0.472 0.48 2.6 2.9 2.8 11.7 4.1 0 0 28.2 115 125 16.2 6.8
"53" "53" 1991-02-21 25.44 "HOU" "" "MIL" "W" 2 1 39 0.395 0.395 0 5.4 2.7 27.3 1.3 0 17.4 24.8 92 103 5.8 -3.9
"54" "54" 1991-02-24 25.45 "HOU" "@" "MIN" "W" 9 1 35 0.6 0.6 0 7.6 4.4 30 0 3.1 6.3 21.4 125 105 15 7.4
"55" "55" 1991-02-26 25.46 "HOU" "@" "DEN" "W" 30 1 30 0.535 0.531 0 5 2.7 12.4 4 0 5.3 21.1 111 84 14.1 6.4
"56" "56" 1991-02-28 25.46 "HOU" "@" "LAC" "L" -3 1 38 0.386 0.386 2.4 7.7 5 12.1 5.5 0 8.3 26.1 85 87 9 4.5
"57" "57" 1991-03-03 25.47 "HOU" "@" "LAL" "W" 9 1 39 0.477 0.364 0 5.6 2.7 10.5 5.5 0 0 15.5 129 102 11.6 5.6
"58" "58" 1991-03-05 25.48 "HOU" "" "NJN" "W" 12 1 41 0.588 0.5 0 12.7 7.1 17.9 0 2.9 13.6 15.9 129 114 12.8 0
"59" "59" 1991-03-07 25.48 "HOU" "" "DAL" "W" 32 1 30 0.545 0.545 0 12.3 7.8 27.3 1.6 1.9 8.3 17.1 129 93 12.7 6.8
"60" "60" 1991-03-09 25.49 "HOU" "" "PHI" "W" 17 1 34 0.359 0.35 2.4 5.5 3.9 9 6 0 8.7 26.5 85 82 6.9 0.7
"61" "61" 1991-03-12 25.5 "HOU" "" "SEA" "W" 2 1 35 0.317 0.214 0 3.3 1.6 10.2 1.6 0 6 22 79 110 1.9 -10.2
"62" "62" 1991-03-14 25.5 "HOU" "" "ORL" "W" 24 1 36 0.5 0.5 0 9.2 5 43.3 2.7 0 6.3 18.4 123 97 18.2 8.3
"63" "63" 1991-03-15 25.5 "HOU" "@" "PHO" "W" 7 1 29 0.538 0.538 0 3.6 2 8.1 0 0 23.5 24.7 95 140 4.6 -10
"64" "64" 1991-03-17 25.51 "HOU" "" "GSW" "W" 4 1 37 0.73 0.75 0 10.2 5.3 14.6 2.7 1.8 11.3 20.2 140 121 18.8 9
"65" "65" 1991-03-19 25.52 "HOU" "@" "MIN" "W" 13 1 43 0.414 0.375 0 6.4 3.4 10.4 3.7 1.3 4.4 23.3 98 93 10.5 0.8
"66" "66" 1991-03-21 25.52 "HOU" "" "SAC" "W" 11 1 36 0.295 0.219 0 5.8 2.9 23.5 2.8 0 13.9 25.1 75 95 3.2 -8.2
"67" "67" 1991-03-23 25.53 "HOU" "" "NYK" "W" 13 1 38 0.508 0.475 0 6.8 3.3 14.8 2.6 0 15 28.6 106 103 12 1.9
"68" "68" 1991-03-25 25.53 "HOU" "@" "CHI" "W" 10 1 40 0.528 0.528 3.3 7.2 5.6 8.2 0 0 0 20.2 126 109 12.2 0.1
"69" "69" 1991-03-28 25.54 "HOU" "@" "ATL" "W" 1 1 38 0.539 0.438 0 2.5 1.3 17.3 4 0 0 22.9 129 118 18 5.3
"70" "70" 1991-03-30 25.55 "HOU" "@" "ORL" "L" -32 1 25 0.271 0.263 0 0 0 9 5.9 0 4.7 31.8 67 111 0.4 -4
"71" "71" 1991-03-31 25.55 "HOU" "@" "MIA" "W" 20 1 30 0.533 0.531 0 3 1.7 11.8 1.6 0 5.6 24.3 121 110 10.8 -0.5
"72" "72" 1991-04-03 25.56 "HOU" "" "DAL" "W" 16 1 41 0.548 0.5 2.9 2.2 2.5 24.9 1.2 0 10.9 27.6 122 95 16.5 4.1
"73" "73" 1991-04-05 25.56 "HOU" "@" "DEN" "W" 6 1 44 0.765 0.72 5.6 12.7 9.9 26.6 0 0 6.4 29.1 147 113 37.9 11.5
"74" "74" 1991-04-06 25.56 "HOU" "" "UTA" "W" 9 1 26 0.201 0.167 3.8 13.5 8.2 16.1 4 0 19.4 25.1 52 94 0.1 -9.4
"75" "75" 1991-04-09 25.57 "HOU" "" "POR" "L" -10 1 41 0.574 0.55 0 11.3 6.3 13.8 1.2 1.4 11.7 26.4 104 104 15.1 6.7
"76" "76" 1991-04-11 25.58 "HOU" "@" "GSW" "L" -12 1 35 0.418 0.395 2.7 0 1.5 4.7 0 0 4.7 24.6 98 123 4.1 -7.2
"77" "77" 1991-04-13 25.58 "HOU" "@" "SAC" "W" 1 1 35 0.36 0.346 7 14.9 11.3 8.4 3.1 0 17.8 22.4 76 104 4.2 -7.5
"78" "78" 1991-04-15 25.59 "HOU" "@" "SEA" "W" 4 1 37 0.396 0.346 3.5 6.2 4.9 9.3 0 1.8 26.5 22.5 74 106 0.7 -8.9
"79" "79" 1991-04-16 25.59 "HOU" "@" "POR" "L" -19 1 28 0.418 0.278 2.9 9.7 6.1 17.4 3.1 0 21.8 18.4 80 104 5 -1.6
"80" "80" 1991-04-18 25.6 "HOU" "" "SAS" "L" -7 1 42 0.395 0.381 0 3.2 1.4 11.4 1.2 0 0 22.6 100 111 7.9 0
"81" "81" 1991-04-19 25.6 "HOU" "@" "DAL" "L" -6 1 44 0.737 0.737 0 5 2.3 9.7 0 1.4 5 19.2 147 122 20.7 6.1
"82" "82" 1991-04-21 25.61 "HOU" "" "DEN" "W" 6 1 28 0.588 0.545 0 7.7 4.7 7.7 4.4 0 13.6 19.7 105 107 11.8 -0.8
"1" "1" 1991-11-01 26.14 "HOU" "" "LAL" "W" 5 1 24 0.358 0.3 0 4.4 2.4 13.1 2.2 0 5.6 31.9 91 113 4 -8.8
"2" "2" 1991-11-02 26.14 "HOU" "@" "DEN" "L" -8 1 44 0.728 0.676 5.2 7.5 6.4 5.5 2.3 0 11.1 27.6 137 108 25.9 10.5
"3" "3" 1991-11-05 26.15 "HOU" "" "POR" "W" 7 1 41 0.423 0.333 0 7 3.5 30.6 1.2 0 6.6 30.2 95 103 12.5 -2.8
"4" "4" 1991-11-07 26.15 "HOU" "" "CLE" "W" 19 1 27 0.45 0.45 0 0 0 23 0 4.8 23.1 21.3 88 99 4.3 -1.6
"5" "5" 1991-11-09 26.16 "HOU" "" "PHO" "W" 1 1 27 0.307 0.208 0 7.4 3.5 5.7 3.5 0 25.5 28.2 54 93 -2.3 -12.3
"6" "6" 1991-11-12 26.17 "HOU" "@" "DAL" "W" 6 1 38 0.603 0.548 0 13.5 7.7 0 0 1.5 7.9 32.3 110 107 16.6 0.1
"7" "7" 1991-11-15 26.18 "HOU" "@" "LAL" "L" -12 1 36 0.318 0.318 2.4 5.6 3.8 19.8 0 1.6 31.3 17.6 59 101 -0.1 -7
"8" "8" 1991-11-16 26.18 "HOU" "@" "SAC" "W" 9 1 36 0.488 0.5 0 14 8.4 8.6 2.7 2.9 9.8 24 97 90 12.4 0.8
"9" "9" 1991-11-19 26.19 "HOU" "" "NYK" "W" 11 1 34 0.533 0.5 0 7.7 4.5 11.2 3 1.5 8.8 32.1 97 88 14 3.7
"10" "10" 1991-11-21 26.19 "HOU" "" "MIN" "W" 4 1 31 0.521 0.467 0 16.1 9 13 0 3.3 23.5 29.5 91 110 8.1 -6.9
"11" "11" 1991-11-23 26.2 "HOU" "@" "MIN" "L" -13 1 34 0.498 0.455 0 7.4 3.5 27.9 1.6 0 0 32.7 117 117 16.7 4.5
"12" "12" 1991-11-26 26.21 "HOU" "" "NJN" "W" 9 1 40 0.738 0.735 3.5 11.4 8.3 23.7 2.5 0 16.9 26.6 133 114 25 6
"13" "13" 1991-11-29 26.21 "HOU" "@" "IND" "L" -20 1 41 0.455 0.432 2.5 3.4 2.9 14.8 3.3 0 4 24.5 100 131 14.7 -5.3
"14" "14" 1991-12-01 26.22 "HOU" "@" "DET" "L" -7 1 34 0.426 0.406 3 11.8 6.8 14.8 4.8 0 15.4 26 85 102 7.7 -0.6
"15" "15" 1991-12-03 26.22 "HOU" "" "DEN" "L" -10 1 35 0.54 0.433 3.1 7.6 5.1 10.3 1.4 0 5.1 23.4 121 118 14.2 -0.1
"16" "16" 1991-12-05 26.23 "HOU" "" "ATL" "L" -12 1 14 0.635 0.643 8.9 0 4.4 29.7 3.8 0 0 25.2 146 118 9 14.5
"17" "17" 1991-12-07 26.24 "HOU" "" "UTA" "L" -5 1 38 0.533 0.531 0 23.9 9.7 53.8 1.5 1.9 15.1 23.2 113 109 16.6 8.5
"18" "18" 1991-12-10 26.24 "HOU" "@" "POR" "W" 2 1 38 0.44 0.389 2.9 8.8 5.9 17.8 2.5 0 13.4 24.8 92 107 8.9 -4.3
"19" "19" 1991-12-12 26.25 "HOU" "@" "GSW" "W" 3 1 35 0.508 0.464 0 7.8 4.4 14.8 1.5 0 6 21.7 103 106 9.2 -2.1
"20" "20" 1991-12-14 26.25 "HOU" "" "SAS" "L" -7 1 44 0.671 0.609 4.6 17.2 9.6 5.6 4.7 0 7.1 28.1 132 110 28.5 12.1
"21" "21" 1991-12-17 26.26 "HOU" "" "WSB" "W" 3 1 41 0.556 0.528 2.5 5 3.8 11.5 1.2 0 17.5 24.5 95 102 10.4 -3.5
"22" "22" 1991-12-19 26.27 "HOU" "" "SAC" "W" 7 1 37 0.382 0.324 0 14.6 8.5 19.2 0 0 13.3 26.2 86 111 5.8 -10.7
"23" "23" 1991-12-20 26.27 "HOU" "@" "CHH" "W" 4 1 33 0.286 0.286 0 2.3 1.3 35.2 2.9 0 6.7 18.4 79 100 5.8 -4.5
"24" "24" 1991-12-22 26.28 "HOU" "@" "ORL" "W" 5 1 42 0.444 0.393 0 7.1 4.2 19.4 1.2 0 16 19.8 93 106 6.6 -6.1
"25" "25" 1991-12-23 26.28 "HOU" "" "DAL" "L" -20 1 23 0.36 0.308 0 9.9 5.2 53.7 0 0 17.8 35.1 80 121 2.2 -11.4
"26" "26" 1991-12-26 26.29 "HOU" "@" "NJN" "L" -6 1 37 0.533 0.5 0 7.8 4.3 9.7 1.4 0 12.7 30.2 98 109 11.7 -0.3
"27" "27" 1991-12-27 26.29 "HOU" "@" "WSB" "W" 7 1 40 0.667 0.667 4 7.7 6.2 26.7 2.5 0 18.2 25.1 119 104 19.4 4.4
"28" "28" 1991-12-29 26.3 "HOU" "@" "MIL" "L" -10 1 36 0.583 0.583 0 3.3 1.8 29.2 1.5 1.8 7.7 17.8 122 128 12.3 3.7
"29" "29" 1991-12-30 26.3 "HOU" "@" "CLE" "L" -32 1 8 0 0 0 0 0 16.2 6 0 17 29.8 8 115 -3.7 -27.6
"30" "30" 1992-01-04 26.31 "HOU" "@" "SAS" "W" 2 1 45 0.423 0.423 2.4 4 3.3 23.4 2.3 0 7.1 28.8 86 102 10.9 -2.6
"31" "31" 1992-01-06 26.32 "HOU" "@" "ATL" "L" -12 1 37 0.394 0.344 0 8.5 4.1 28.5 4.1 0 14.5 23.4 89 111 8.2 -1.2
"32" "32" 1992-01-08 26.32 "HOU" "@" "PHI" "L" -10 1 38 0.523 0.433 3.2 5.9 4.6 28.5 0 0 14.9 24.2 105 123 13.4 -2.8
"33" "33" 1992-01-10 26.33 "HOU" "@" "MIA" "W" 4 1 40 0.625 0.625 2.7 5.4 4.1 7.5 2.7 1.4 0 17.3 144 110 17.4 9.2
"34" "34" 1992-01-11 26.33 "HOU" "" "SEA" "W" 4 1 37 0.71 0.643 0 9.3 3.9 21.9 1.4 0 11 21.6 138 121 19 5.3
"35" "35" 1992-01-14 26.34 "HOU" "" "DEN" "W" 17 1 24 0.361 0.286 0 0 0 20 2 2.5 19.4 18 80 101 3.6 -7.1
"36" "36" 1992-01-16 26.35 "HOU" "" "GSW" "L" -7 1 31 0.35 0.341 0 6.5 3.2 34.2 1.5 1.8 17.9 36.3 71 101 4.1 -6.4
"37" "37" 1992-01-18 26.35 "HOU" "@" "UTA" "L" -28 1 28 0.417 0.417 3 20.9 10.4 49.7 3.6 2.1 7.7 19.8 103 109 10.4 7.6
"38" "38" 1992-01-21 26.36 "HOU" "" "MIL" "W" 10 1 31 0.667 0.667 9.4 6.1 7.4 24.8 0 0 10 14.7 147 127 12.8 0
"39" "39" 1992-01-23 26.36 "HOU" "" "LAC" "W" 13 1 33 0.542 0.577 0 0 0 25.8 1.5 1.7 11.9 21.8 105 109 11.2 0.2
"40" "40" 1992-01-25 26.37 "HOU" "@" "CHI" "L" -14 1 23 0.543 0.423 0 5.8 2.9 0 4.5 2.7 16.1 35.5 103 116 7.5 -2.4
"41" "41" 1992-01-30 26.38 "HOU" "" "CHI" "W" 3 1 37 0.645 0.577 3.6 2.5 2.9 11.5 1.5 0 21.9 28.3 110 120 13 -2.5
"42" "42" 1992-02-01 26.39 "HOU" "@" "PHO" "L" -14 1 30 0.295 0.188 5.7 10.9 8 18.2 0 0 9.7 28.2 74 116 2.5 -10.8
"43" "43" 1992-02-03 26.39 "HOU" "" "IND" "W" 11 1 34 0.71 0.643 0 4.5 2.7 24 6.7 0 11 21.4 137 100 24.2 11.8
"44" "44" 1992-02-05 26.4 "HOU" "@" "BOS" "L" -13 1 37 0.304 0.222 0 15.1 6.5 31.5 0 1.6 13.2 25.4 70 108 3.9 -6.7
"45" "45" 1992-02-06 26.4 "HOU" "@" "NYK" "L" -17 1 27 0.577 0.5 3.9 5.4 4.5 0 0 0 0 30.5 126 122 13.2 7.1
"46" "46" 1992-02-11 26.42 "HOU" "@" "SEA" "L" -6 1 44 0.295 0.188 7.3 0 3.7 6.7 0 0 5.1 18.4 89 124 1.9 -8.5
"47" "47" 1992-02-12 26.42 "HOU" "@" "LAC" "L" -2 1 30 0.551 0.469 0 10 5.3 21.1 1.6 0 9.1 31.3 110 102 13.6 4.1
"48" "48" 1992-02-14 26.42 "HOU" "" "BOS" "W" 6 1 42 0.682 0.618 0 6.9 3.8 7.4 1.2 0 4.6 22.7 143 113 20.8 4.9
"49" "49" 1992-02-15 26.43 "HOU" "@" "DAL" "L" -4 1 39 0.602 0.579 0 6.3 2.8 27.7 2.5 0 16.2 27.5 107 108 16.1 2
"50" "50" 1992-02-17 26.43 "HOU" "" "MIN" "L" -2 1 46 0.567 0.567 0 15 7.8 8.7 1.1 1.2 11.8 15 120 117 11.7 -2.2
"51" "51" 1992-02-20 26.44 "HOU" "" "PHI" "W" 9 1 35 0.938 0.938 0 3.8 2 16.2 3.2 2.2 27.3 14.7 126 118 13.8 8
"52" "52" 1992-02-21 26.44 "HOU" "@" "UTA" "L" -27 1 24 0.113 0 0 6.7 2.4 5.4 4.1 2.5 0 15.3 35 124 -1.1 -11.8
"53" "53" 1992-02-23 26.45 "HOU" "" "SAS" "W" 7 1 44 0.563 0.525 5.6 15.9 11.3 27.1 0 0 15.3 28.1 109 98 16.7 3.3
"54" "54" 1992-02-26 26.46 "HOU" "" "GSW" "W" 2 1 44 0.625 0.625 0 22.6 10.4 13.9 1.1 0 20 19.2 108 124 13.9 -3.1
"55" "55" 1992-02-28 26.46 "HOU" "@" "DEN" "W" 3 1 27 0.093 0 4.7 3.7 4.1 11.5 4.3 0 0 19 42 99 -0.7 -8.8
"56" "56" 1992-03-01 26.47 "HOU" "@" "LAL" "W" 8 1 35 0.606 0.609 3.5 8.8 5.9 21.2 3.1 0 10.8 38 112 108 20.6 6.6
"57" "57" 1992-03-03 26.47 "HOU" "@" "PHO" "L" -5 1 39 0.612 0.577 2.9 6.3 4.5 3.9 1.4 0 0 16.3 134 119 12.1 0.2
"58" "58" 1992-03-05 26.48 "HOU" "" "MIA" "W" 21 1 32 0.893 0.893 0 8.6 4.3 28.6 1.5 0 0 19 169 100 23.8 16
"59" "59" 1992-03-07 26.48 "HOU" "@" "GSW" "L" -10 1 35 0.474 0.423 0 13.7 7.1 16.1 0 1.7 16.9 22.5 91 117 7 -6.6
"60" "60" 1992-03-08 26.49 "HOU" "@" "SAC" "W" 1 1 37 0.633 0.633 0 3.3 1.6 10.3 4.6 1.8 6.3 18.7 151 123 16 8.9
"61" "61" 1992-03-10 26.49 "HOU" "" "DAL" "W" 23 1 26 0.873 0.85 0 3.9 2.3 24.6 0 0 0 18.5 170 100 17.1 9.8
"62" "62" 1992-03-12 26.5 "HOU" "@" "SAS" "L" -6 1 37 0.621 0.583 0 15.3 6.7 13.6 1.4 0 9.4 25 129 114 16.1 8.1
"63" "63" 1992-03-13 26.5 "HOU" "" "CHH" "W" 18 1 26 0.375 0.375 0 0 0 8.7 1.8 0 0 12.8 99 107 2.8 -6.9
"64" "64" 1992-03-15 26.51 "HOU" "" "UTA" "W" 9 1 37 0.631 0.571 3.7 13.5 9.4 19.1 1.4 1.7 19.4 25 111 104 14.7 4.8
"65" "65" 1992-03-17 26.51 "HOU" "" "LAC" "W" 8 1 34 0.653 0.607 0 10.9 6.3 37.8 4.3 1.8 16.4 24.8 114 90 19 9.5
"66" "66" 1992-03-19 26.52 "HOU" "" "SEA" "L" -21 1 22 0.46 0.4 0 0 0 23.8 0 0 31.5 33 70 127 0.1 -15.7
"67" "67" 1992-03-21 26.52 "HOU" "" "SAC" "L" -3 1 35 0.477 0.477 0 9.8 4.5 14.4 1.4 0 4.3 27.5 105 107 11.4 0.5
"68" "68" 1992-03-24 26.53 "HOU" "@" "SEA" "L" -22 1 28 0.586 0.571 5.5 4 4.6 14.9 1.9 0 11 30.3 112 145 11 -5.7
"69" "69" 1992-03-26 26.54 "HOU" "@" "LAC" "L" -14 1 34 0.53 0.476 7.2 5.6 6.3 29.8 0 1.7 14 36.2 106 113 15.5 4.5
"70" "70" 1992-03-28 26.54 "HOU" "@" "POR" "L" -20 1 30 0.385 0.385 0 4.2 2.1 26 1.7 0 27.8 26.1 68 127 0 -11.4
"71" "71" 1992-03-31 26.55 "HOU" "" "LAL" "L" -6 1 27 0.273 0.273 0 6.8 3.9 23.6 1.8 0 8.3 18.9 75 114 3.2 -8
"72" "72" 1992-04-02 26.56 "HOU" "" "DEN" "W" 23 1 24 0.888 0.857 0 17.2 10.4 18.2 5.3 2.2 27.6 16.9 133 92 14.9 12.3
"73" "73" 1992-04-04 26.56 "HOU" "" "ORL" "W" 9 1 38 0.667 0.667 0 9.4 5.8 19.5 5.1 0 0 20.7 139 99 23.3 11.1
"74" "74" 1992-04-07 26.57 "HOU" "@" "SAS" "W" 3 1 32 0.357 0.357 8.3 6.3 7.1 15 1.7 0 22.2 26.6 74 106 2.9 -9.5
"75" "75" 1992-04-09 26.58 "HOU" "@" "MIN" "W" 15 1 28 0.5 0.5 0 6.9 3.9 11.7 3.8 0 9.5 33.9 102 112 9.7 -6.6
"76" "76" 1992-04-11 26.58 "HOU" "" "DAL" "L" -7 1 34 0.233 0.233 0 0 0 13.8 1.6 0 11.8 21.9 55 117 -2 -16.4
"77" "77" 1992-04-14 26.59 "HOU" "" "POR" "W" 12 1 33.7166666666667 0.615 0.588 0 2.7 1.6 25.9 3 0 10.1 26.1 117 104 17.8 7.9
"78" "78" 1992-04-15 26.59 "HOU" "@" "UTA" "L" -32 1 28 0.305 0.308 0 13.5 6.5 22 3.4 2 11.9 26 66 125 3.9 -7.5
"79" "79" 1992-04-17 26.6 "HOU" "@" "DAL" "L" -3 1 31 0.563 0.563 0 30.1 14.5 17.1 1.7 0 0 23.6 122 115 13.8 3.7
"80" "80" 1992-04-19 26.6 "HOU" "" "PHO" "L" -3 1 42.3 0.343 0.357 0 6.6 3.1 20.8 0 0 4.4 22.3 80 110 5.6 -7.6
"1" "1" 1992-11-06 27.15 "HOU" "" "SEA" "L" -17 1 33 0.595 0.567 3.2 5.5 4.5 15.9 3.1 0 0 24.5 130 119 17.1 8.1
"2" "2" 1992-11-07 27.15 "HOU" "@" "SEA" "L" -4 1 30 0.444 0.333 0 12.5 7.3 22.6 0 2.4 12 26.8 90 104 5 -4.8
"3" "3" 1992-11-11 27.16 "HOU" "" "ATL" "W" 19 1 41 0.635 0.571 0 9.4 4.9 22.4 5.1 0 7.8 27 134 89 26 12
"4" "4" 1992-11-14 27.17 "HOU" "@" "SAS" "W" 6 1 20 0.37 0.393 0 5.1 2.7 0 0 0 6.3 35.8 72 103 1.3 -7.6
"5" "5" 1992-11-17 27.18 "HOU" "" "SAC" "W" 7 1 8 0.5 0.5 0 0 0 15 0 0 0 17 115 126 1.6 -6.3
"6" "6" 1992-11-25 27.2 "HOU" "@" "ORL" "L" -13 0 8 0.102 0 0 0 0 46.2 0 0 0 25.3 54 119 -0.1 -11.1
"7" "7" 1992-12-05 27.23 "HOU" "@" "DAL" "W" 21 0 22 0.285 0.143 0 0 0 9.7 2.4 0 0 17.5 85 109 2.1 -8.5
"8" "8" 1992-12-08 27.24 "HOU" "" "MIN" "W" 8 0 25 0.611 0.438 0 9.6 5.9 30.4 4.6 0 8.6 23.9 132 109 12.6 8.2
"9" "9" 1992-12-11 27.25 "HOU" "@" "CHI" "W" 14 1 40 0.603 0.607 0 8 4.5 9.9 2.7 0 11.3 20.7 113 110 13.8 0.1
"10" "10" 1992-12-12 27.25 "HOU" "@" "MIN" "W" 17 1 29 0.457 0.5 4.2 8.9 6.5 9.2 0 0 0 14.7 114 113 5.8 -3.5
"11" "11" 1992-12-15 27.26 "HOU" "@" "CLE" "L" -27 1 28 0.298 0.143 0 0 0 8.7 7.2 0 16.6 18.7 64 123 2.9 -7.1
"12" "12" 1992-12-17 27.26 "HOU" "" "SAS" "W" 12 1 32 0.523 0.467 0 12 6.7 16.2 1.6 0 5.5 24.2 124 116 13.1 -0.2
"13" "13" 1992-12-19 27.27 "HOU" "" "DAL" "W" 19 1 28 0.444 0.393 0 21.4 10.7 21.8 5 0 16 26.6 88 84 9.6 -0.6
"14" "14" 1992-12-22 27.28 "HOU" "@" "DET" "L" -14 1 38 0.458 0.458 3.2 13.7 8.3 27.1 3 0 25 19.9 92 112 8.2 0
"15" "15" 1992-12-23 27.28 "HOU" "@" "BOS" "L" -4 1 33 0.324 0.269 3.3 3.7 3.5 8.6 1.6 0 6.7 19.5 81 110 2.7 -5.8
"16" "16" 1992-12-26 27.29 "HOU" "" "DEN" "W" 8 1 20 0.292 0.292 0 14.4 7 8.3 0 0 14.3 29.6 57 92 -1.4 -15
"17" "17" 1992-12-29 27.3 "HOU" "" "GSW" "L" -20 1 37 0.469 0.425 0 26.8 10.7 11.9 2.4 0 12.3 27.1 88 124 10.9 -7
"18" "18" 1992-12-30 27.3 "HOU" "@" "PHO" "L" -23 1 28 0.68 0.667 3.6 19.5 11.3 11.7 3.1 0 6.1 21.9 137 119 17.1 10.7
"19" "19" 1993-01-02 27.31 "HOU" "@" "GSW" "L" -6 1 40 0.35 0.326 2.4 11.7 6.7 23.5 0 3.1 7.6 27 87 120 8 -4.9
"20" "20" 1993-01-03 27.31 "HOU" "@" "POR" "L" -2 1 40 0.227 0.227 0 6.7 4 15 0 0 15.4 15.7 56 115 -0.6 -11.1
"21" "21" 1993-01-05 27.32 "HOU" "" "PHO" "L" -2 1 29 0.471 0.471 4.6 4.2 4.4 16.3 0 0 0 27.1 102 124 9.2 -3
"22" "22" 1993-01-07 27.32 "HOU" "" "POR" "L" -22 1 30 0.455 0.389 0 10.9 5 15.9 0 0 23.3 17.6 78 114 3.9 -6.6
"23" "23" 1993-01-08 27.32 "HOU" "@" "DEN" "L" -25 1 29 0.543 0.423 0 3.9 1.7 12.4 1.7 0 11.3 26.4 103 121 10.6 0.1
"24" "24" 1993-01-10 27.33 "HOU" "" "UTA" "W" 7 1 26 0.405 0.389 5.3 9 7.3 25.9 4.2 2.4 9.2 20.8 94 97 7.1 1
"25" "25" 1993-01-12 27.33 "HOU" "@" "LAC" "W" 10 1 33 0.557 0.556 0 0 0 28.9 3 0 9.2 15.2 124 108 10.6 3.6
"26" "26" 1993-01-14 27.34 "HOU" "" "CHH" "W" 12 1 37 0.574 0.525 3.1 10.2 7 42.8 2.6 0 4.4 24.8 141 103 25.2 13.6
"27" "27" 1993-01-16 27.35 "HOU" "" "NYK" "W" 2 1 28 0.477 0.313 0 3.5 2 15.8 0 2.2 20.7 24.5 89 117 4.3 -7.8
"28" "28" 1993-01-18 27.35 "HOU" "@" "LAL" "W" 20 1 29 0.857 0.857 0 10.6 6.3 29.4 0 0 12.5 27 142 105 18.6 12
"29" "29" 1993-01-19 27.35 "HOU" "@" "SAC" "W" 6 1 36 0.511 0.444 3.3 2.5 2.8 12.1 4.3 0 15.7 15.5 102 104 9.2 0.9
"30" "30" 1993-01-21 27.36 "HOU" "" "DET" "W" 6 1 35 0.709 0.708 0 22.9 13.4 18.8 2.8 0 11.4 22.2 136 118 20.7 4.4
"31" "31" 1993-01-23 27.36 "HOU" "@" "IND" "W" 13 1 33 0.553 0.45 0 3.1 1.7 14.8 1.5 0 14.5 18.7 107 106 8.9 -1.8
"32" "32" 1993-01-24 27.37 "HOU" "@" "NJN" "L" -17 1 37 0.638 0.607 5.5 11.1 7.9 5.4 0 0 11.8 19.6 120 111 11.4 3.3
"33" "33" 1993-01-26 27.37 "HOU" "@" "MIL" "L" -14 1 34 0.214 0.214 2.8 8.3 5 19.6 0 0 22.2 22.3 51 114 -3.3 -14.9
"34" "34" 1993-01-28 27.38 "HOU" "" "CHI" "W" 11 1 42 0.682 0.682 0 5 2.9 12.2 0 1.4 27.5 20.4 99 97 9.5 -0.6
"35" "35" 1993-01-30 27.38 "HOU" "" "NJN" "W" 3 1 31 0.436 0.5 0 11.9 6.7 23.6 3.3 1.8 22.5 12.9 90 109 6.7 -2
"36" "36" 1993-02-02 27.39 "HOU" "" "IND" "W" 11 1 32 0.571 0.536 2.9 9.8 6.1 20.8 0 0 6 21 129 116 13.5 2.2
"37" "37" 1993-02-03 27.39 "HOU" "@" "DAL" "W" 17 1 31 0.553 0.526 3.4 12.4 8.1 19 1.6 0 4.8 28.7 122 110 15.4 1.8
"38" "38" 1993-02-05 27.4 "HOU" "" "MIN" "L" -7 1 27 0.313 0.313 0 6.1 2.6 20.1 5.8 0 20 16.1 79 116 4.3 -3
"39" "39" 1993-02-08 27.41 "HOU" "" "WSB" "L" -6 1 34 0.203 0.154 0 9.4 4.8 18 0 0 6.3 20.2 63 116 -1.7 -15.2
"40" "40" 1993-02-10 27.41 "HOU" "@" "PHI" "W" 8 1 31 0.55 0.55 4.1 7.4 6.1 33.2 0 0 9.1 15.4 120 102 12.2 4.4
"41" "41" 1993-02-11 27.42 "HOU" "@" "NYK" "L" -30 1 25 0.35 0.35 0 4.8 2.2 13.6 1.9 0 16.7 21 63 128 1.1 -11.9
"42" "42" 1993-02-13 27.42 "HOU" "@" "MIN" "W" 9 1 29 0.55 0.55 0 6.6 3.5 20.2 0 0 16.7 17.6 102 100 7 -1.5
"43" "43" 1993-02-16 27.43 "HOU" "" "PHI" "W" 38 1 11 0.5 0.5 0 0 0 8.3 0 0 20 18.8 89 109 1.7 -10.8
"44" "44" 1993-02-18 27.44 "HOU" "" "BOS" "W" 35 1 26 0.551 0.55 0 13.7 8.4 18.1 3.7 0 0 17.6 133 84 12.6 7.5
"45" "45" 1993-02-23 27.45 "HOU" "@" "UTA" "W" 27 1 26 0.615 0.625 0 17.4 10.3 22.5 0 0 0 16.5 142 84 10.7 5.4
"46" "46" 1993-02-25 27.45 "HOU" "" "PHO" "W" 27 1 31 0.679 0.679 0 9.7 5.3 18.8 1.7 0 12.5 21.9 135 117 14.6 3.6
"47" "47" 1993-02-27 27.46 "HOU" "" "DEN" "W" 5 1 41 0.47 0.444 0 4.8 2.6 7.1 3.5 0 9 22.4 92 103 9.8 -2.5
"48" "48" 1993-03-02 27.47 "HOU" "@" "LAC" "W" 16 1 34 0.628 0.615 7.6 18.4 13.6 20.1 4.5 0 12.3 20.9 130 83 18.3 12.3
"49" "49" 1993-03-03 27.47 "HOU" "@" "SAC" "W" 3 1 28 0.092 0 0 10.9 6.2 20.8 1.9 0 0 17.5 48 95 -0.7 -9.7
"50" "50" 1993-03-05 27.48 "HOU" "@" "DAL" "W" 19 1 28 0.39 0.364 7.5 14 10.8 30.5 3.6 0 6.1 25.8 94 90 10.2 -0.8
"51" "51" 1993-03-06 27.48 "HOU" "" "SAC" "W" 17 1 31 0.708 0.708 0 6 3.5 22.7 2.9 0 25 21.2 106 98 13.5 4.4
"52" "52" 1993-03-09 27.49 "HOU" "" "MIA" "W" 10 1 38 0.393 0.393 3.7 9.5 6.8 33.3 1.5 0 22.2 23.3 91 112 7.2 -3.4
"53" "53" 1993-03-11 27.49 "HOU" "" "POR" "W" 13 1 31 0.36 0.308 0 0 0 30.2 1.6 2 12.6 22.8 80 103 6 -5
"54" "54" 1993-03-13 27.5 "HOU" "" "UTA" "W" 9 1 39 0.66 0.545 0 6.2 3.3 25.6 1.4 0 12.8 19.2 136 111 15.3 5
"55" "55" 1993-03-16 27.51 "HOU" "" "ORL" "W" 1 1 18 0 0 0 0 0 21.6 6.3 0 22.2 22.8 22 106 -3.6 -19.9
"56" "56" 1993-03-18 27.51 "HOU" "@" "GSW" "W" 13 1 44 0.84 0.857 2.7 5.2 3.9 36.1 4.9 0 6.3 17.7 155 96 28.2 16.9
"57" "57" 1993-03-19 27.52 "HOU" "@" "POR" "L" -8 1 46 0.385 0.342 0 2.3 1.3 12.7 4.7 0 8.8 23.6 78 107 7.9 -0.9
"58" "58" 1993-03-21 27.52 "HOU" "" "SEA" "L" -11 1 30 0.485 0.464 3.7 9.7 6.3 18.2 1.8 0 12.2 23.9 104 118 8.2 0.4
"59" "59" 1993-03-23 27.53 "HOU" "@" "CHH" "W" 8 1 31 0.359 0.313 0 6.9 3.7 15.5 0 0 29.1 19.3 64 109 0.4 -11.2
"60" "60" 1993-03-25 27.53 "HOU" "@" "ATL" "L" -10 1 36 0.429 0.433 2.7 10.9 6.7 25.8 0 0 5.8 21.1 97 120 9.4 -3.2
"61" "61" 1993-03-26 27.53 "HOU" "@" "WSB" "W" 21 1 31 0.592 0.615 3.9 10.9 8 18.5 3.4 0 11.6 25.1 113 78 14.1 9.3
"62" "62" 1993-03-28 27.54 "HOU" "@" "MIN" "L" -1 1 38 0.648 0.615 0 12.3 6.6 38.2 1.4 0 26.5 22.6 106 115 14.1 3.2
"63" "63" 1993-04-01 27.55 "HOU" "" "MIL" "W" 6 1 37 0.593 0.375 3.6 16.6 10.9 31.7 1.4 0 14.5 24.9 130 122 19.4 0.1
"64" "64" 1993-04-03 27.56 "HOU" "" "GSW" "W" 7 1 37 0.667 0.667 0 14.7 8.9 17.2 1.4 0 14.3 18.3 117 119 12.9 -0.8
"65" "65" 1993-04-06 27.56 "HOU" "" "LAC" "W" 13 1 32 0.893 0.85 3.7 12.2 7.7 17.6 0 0 25.4 21.1 132 109 16.4 6.7
"66" "66" 1993-04-08 27.57 "HOU" "@" "UTA" "W" 5 1 35 0.631 0.536 0 15.2 8.1 30 3.1 0 15.3 26.1 124 100 18.3 10
"67" "67" 1993-04-10 27.58 "HOU" "" "SAS" "W" 10 1 43 0.567 0.567 0 6.6 3.1 15.8 0 0 11.8 18.4 115 109 9.5 -0.3
"68" "68" 1993-04-13 27.58 "HOU" "" "LAL" "W" 19 1 27 0.381 0.286 0 7.4 4.3 12.9 1.8 0 27.6 17.1 74 110 2.6 -9.2
"69" "69" 1993-04-14 27.59 "HOU" "@" "DEN" "W" 11 1 40 0.796 0.786 0 6.2 3.1 21.3 5.3 0 9.6 23.3 155 105 28.3 16.6
"70" "70" 1993-04-16 27.59 "HOU" "@" "LAL" "W" 16 1 43 0.504 0.5 6.8 4.2 5.2 32.3 0 0 26.2 23.3 93 102 10.1 -4
"71" "71" 1993-04-17 27.59 "HOU" "@" "SEA" "W" 5 1 41 0.6 0.591 0 13 7.5 4.9 0 0 24 24.1 90 94 7.7 -2
"1" "1" 1993-11-05 28.15 "HOU" "" "NJN" "W" 22 1 29 0.581 0.542 4 9.2 7 40 5.1 0 6.8 21.9 132 90 18.4 13.1
"2" "2" 1993-11-07 28.15 "HOU" "@" "POR" "W" 14 1 17 0.357 0.357 0 0 0 24.7 0 0 22.2 23.5 79 110 -0.6 -14.5
"3" "3" 1993-11-09 28.16 "HOU" "@" "GSW" "W" 9 1 43 0.611 0.529 2.9 13 8.2 30.6 6 0 16.9 24.8 114 95 22.9 9.3
"4" "4" 1993-11-11 28.16 "HOU" "" "MIN" "W" 8 1 43 0.656 0.607 0 18.6 10.8 13.5 0 1.7 10.2 22.5 131 118 17.7 0.1
"5" "5" 1993-11-13 28.17 "HOU" "" "PHO" "W" 4 1 41 0.575 0.55 2.7 12 7.1 13.4 1.3 0 4.6 24.7 119 106 17.6 3.3
"6" "6" 1993-11-15 28.18 "HOU" "@" "PHI" "W" 4 1 28 0.472 0.375 0 9 4.2 32.8 0 0 12.7 25.3 104 102 7.5 -2.2
"7" "7" 1993-11-16 28.18 "HOU" "@" "NJN" "W" 6 1 32 0.347 0.125 0 18 9.4 14.3 1.6 1.9 20.7 20 69 88 4.2 -4.1
"8" "8" 1993-11-18 28.18 "HOU" "@" "IND" "W" 16 1 32 0.6 0.6 4.2 7.5 6.3 42.9 3.3 0 16.7 26.2 121 92 14.6 7.7
"9" "9" 1993-11-20 28.19 "HOU" "" "LAC" "W" 22 1 24 0.551 0.55 0 8.5 4.4 6.1 2.1 0 21.6 24.4 90 92 5.9 -3.8
"10" "10" 1993-11-23 28.2 "HOU" "" "CHI" "W" 7 1 35 0.417 0.417 0 4.7 2.8 35.6 2.9 0 0 15.4 117 102 12.4 3.4
"11" "11" 1993-11-24 28.2 "HOU" "@" "UTA" "W" 2 1 39 0.367 0.367 0 11.6 5.5 32.2 2.8 0 16.7 21.6 81 98 6.8 -0.8
"12" "12" 1993-11-26 28.21 "HOU" "@" "SAC" "W" 3 1 24 0.4 0.4 0 0 0 21.4 0 0 28.6 13.3 73 106 0.6 -10
"13" "13" 1993-11-27 28.21 "HOU" "@" "LAC" "W" 2 1 42 0.515 0.423 0 9.1 5.1 20.5 3.5 0 15.4 21.2 96 83 12.3 2.5
"14" "14" 1993-11-30 28.22 "HOU" "" "MIL" "W" 11 1 35 0.545 0.529 3.7 2.5 3 10.1 2.8 0 18.7 26.7 94 102 10.3 -2.4
"15" "15" 1993-12-02 28.22 "HOU" "@" "NYK" "W" 9 1 39 0.479 0.406 0 8 4.4 24.9 2.7 1.9 10.1 22.8 108 95 14 4.2
"16" "16" 1993-12-03 28.22 "HOU" "@" "ATL" "L" -22 1 34 0.727 0.765 3.4 4 3.7 0 1.5 3.7 14.4 26.2 125 145 17.7 7.6
"17" "17" 1993-12-05 28.23 "HOU" "@" "CLE" "W" 1 1 28 0.45 0.45 0 10.9 6.2 33 3.8 2 9.1 19.5 101 106 10 3.8
"18" "18" 1993-12-07 28.24 "HOU" "" "CHH" "W" 19 1 29 0.392 0.318 0 14.7 8.3 27.6 6.3 0 19 23.2 85 91 10.2 1.4
"19" "19" 1993-12-09 28.24 "HOU" "" "MIA" "W" 6 1 35 0.612 0.591 0 3.1 1.8 20.6 1.5 0 14.9 17.8 113 115 10 1.9
"20" "20" 1993-12-11 28.25 "HOU" "" "SEA" "W" 7 1 24 0.765 0.8 0 7.7 4.7 40 2.2 0 40.5 20 90 87 7 6
"21" "21" 1993-12-14 28.25 "HOU" "@" "MIA" "W" 9 1 41 0.625 0.625 2.7 10.9 6.7 24.8 7.6 1.6 4.8 22.9 126 87 26 16.6
"22" "22" 1993-12-18 28.27 "HOU" "" "DAL" "W" 11 1 20 0.167 0.167 0 0 0 31.1 0 0 0 12.3 82 107 0.5 -10.8
"23" "23" 1993-12-21 28.27 "HOU" "@" "SAS" "W" 2 1 48 0.703 0.688 0 6.7 3.6 30 3.3 0 16.7 31.4 113 100 26.5 10.2
"24" "24" 1993-12-23 28.28 "HOU" "" "DEN" "L" -13 1 41 0.369 0.3 2 7.6 4.5 26.2 3.3 1.3 17.4 21.4 75 99 8.1 -0.8
"25" "25" 1993-12-25 28.28 "HOU" "@" "PHO" "L" -20 1 36 0.418 0.333 2.7 3.4 3 9 2.8 0 15.2 24.3 77 120 6.1 -6.5
"26" "26" 1993-12-26 28.29 "HOU" "@" "LAL" "W" 25 1 32 0.353 0.227 0 15 8.4 22.5 2.9 0 19 20.2 80 90 5.2 -6.8
"27" "27" 1993-12-28 28.29 "HOU" "@" "SEA" "L" -15 1 43 0.324 0.269 0 6.2 3.1 16.9 2.3 0 22.4 18.5 72 118 2.3 -7.6
"28" "28" 1993-12-30 28.3 "HOU" "@" "MIN" "W" 6 1 37 0.454 0.367 0 5 2.7 26.3 0 0 14.5 24.8 94 117 8.8 -8.4
"29" "29" 1994-01-04 28.31 "HOU" "" "POR" "W" 11 1 37 0.282 0.25 3.3 6.4 5.2 34.5 1.3 0 25.3 14.1 89 103 6.3 -3.8
"30" "30" 1994-01-05 28.32 "HOU" "@" "DAL" "W" 12 1 22 0 0 0 5 2.5 14.2 0 0 27.3 21.3 20 111 -6.2 -23.8
"31" "31" 1994-01-13 28.34 "HOU" "@" "WSB" "L" -18 0 20 0.46 0.45 0 0 0 24.5 4.6 0 15.5 26.1 89 112 4.3 -4.3
"32" "32" 1994-01-15 28.34 "HOU" "@" "CHI" "L" -6 1 29 0.333 0.333 3.6 21.2 11.7 33.1 7.4 0 14.3 23 74 82 7.3 5.5
"33" "33" 1994-01-18 28.35 "HOU" "" "BOS" "L" -12 1 38 0.361 0.361 7.6 5.5 6.6 32.9 2.6 1.6 18.2 24.6 77 98 8.6 1.1
"34" "34" 1994-01-20 28.36 "HOU" "@" "DEN" "L" -5 1 44 0.453 0.452 3 11.7 7.4 21.2 3.7 0 11.5 27.6 96 101 12.5 2
"35" "35" 1994-01-22 28.36 "HOU" "" "UTA" "W" 5 1 41 0.514 0.429 7.3 14.6 11.4 22.5 1.2 0 31.3 14.4 98 110 9.3 -1.4
"36" "36" 1994-01-25 28.37 "HOU" "" "CLE" "W" 3 1 44 0.506 0.447 2.5 2.3 2.4 35.9 0 0 4.6 22.7 112 110 17.5 3.4
"37" "37" 1994-01-27 28.38 "HOU" "" "SAC" "W" 16 1 31 0.583 0.583 0 2.9 1.6 30.7 1.6 0 25 11.1 115 102 8.9 1.7
"38" "38" 1994-01-29 28.38 "HOU" "" "IND" "L" -11 1 24 0.9 0.9 0 14.3 6 23.5 0 2.7 37.5 14.5 112 130 7 -0.1
"39" "39" 1994-02-01 28.39 "HOU" "@" "UTA" "L" -16 1 46 0.402 0.368 2.3 3.1 2.6 22.6 2.3 0 16.8 23.1 82 118 7.9 -3.7
"40" "40" 1994-02-03 28.39 "HOU" "" "LAL" "W" 11 1 37 0.5 0.5 7.6 0 2.8 18.6 2.9 0 10 12.2 118 103 9.8 3.4
"41" "41" 1994-02-06 28.4 "HOU" "" "MIN" "W" 11 1 27 0.4 0.4 4.3 7.3 5.9 12.3 3.8 0 9.1 18.8 87 95 4.7 -4.8
"42" "42" 1994-02-08 28.41 "HOU" "@" "MIL" "L" -8 1 31 0.437 0.429 0 5 2.2 5 3.3 0 11.8 25.2 80 111 4.6 -6.6
"43" "43" 1994-02-10 28.41 "HOU" "@" "DET" "W" 23 1 32 0.589 0.636 0 2.9 1.6 26.5 4.7 0 14.4 19.8 106 83 12.6 4.6
"44" "44" 1994-02-15 28.43 "HOU" "" "ATL" "W" 4 1 31 0.504 0.464 0 6.1 3.4 4.6 0 2.1 16.8 26.1 86 115 5.8 -6.6
"45" "45" 1994-02-16 28.43 "HOU" "@" "CHH" "L" -5 1 33 0.389 0.389 0 7.5 3.6 25.9 0 0 10 13.9 93 113 4.1 -5.2
"46" "46" 1994-02-19 28.44 "HOU" "" "PHO" "W" 18 1 40 0.574 0.525 0 7.5 3.7 15.9 1.2 0 8.4 24.7 115 95 17.3 5.4
"47" "47" 1994-02-22 28.45 "HOU" "" "DEN" "W" 1 1 40 0.468 0.462 2.7 3 2.9 29.1 2.7 3.3 26.5 20.9 89 111 9.3 0.2
"48" "48" 1994-02-24 28.45 "HOU" "" "NYK" "W" 20 1 32 0.51 0.4 0 7.5 3.8 34 1.8 0 5.4 27.7 122 91 13.5 6.6
"49" "49" 1994-02-26 28.46 "HOU" "" "UTA" "L" -10 1 35 0.25 0.25 0 10.3 5 25.5 0 0 17.6 21.8 55 109 -1.4 -10.8
"50" "50" 1994-02-28 28.46 "HOU" "@" "UTA" "L" -4 1 30 0.46 0.4 4.6 10.9 8.1 16.4 3.9 0 8.4 21.2 99 105 7.3 2.2
"51" "51" 1994-03-01 28.47 "HOU" "" "ORL" "W" 12 1 31 0.33 0.318 3.9 5.5 4.8 25.6 0 0 12.8 22.7 84 100 4 -6.4
"52" "52" 1994-03-05 28.48 "HOU" "" "LAC" "W" 17 1 37 0.396 0.346 3.8 7.5 6 24.4 3.7 1.6 6.7 16.5 110 104 13.3 0
"53" "53" 1994-03-08 28.48 "HOU" "@" "SAS" "L" -16 1 29 0.429 0.429 0 7.9 3.7 34.2 3.5 0 6.7 22.5 97 118 10.4 2.3
"54" "54" 1994-03-10 28.49 "HOU" "" "SEA" "W" 5 1 30 0.167 0.167 0 3.4 2 37.2 0 2.1 14.3 23.3 48 104 -1.2 -11
"55" "55" 1994-03-12 28.5 "HOU" "" "SAS" "L" -11 1 43 0.51 0.45 2.2 5.3 3.6 28 1.2 0 7.8 24.5 117 121 17.2 3.4
"56" "56" 1994-03-13 28.5 "HOU" "@" "DAL" "W" 7 1 45 0.624 0.605 0 5.1 3.2 33.6 4.8 1.1 8.5 25.2 128 104 25.7 12.8
"57" "57" 1994-03-15 28.5 "HOU" "" "POR" "W" 6 0 24 0.318 0.318 0 4.5 2.6 16.7 0 0 8.3 21.7 79 106 0.7 -10.6
"58" "58" 1994-03-17 28.51 "HOU" "" "GSW" "W" 13 1 43 0.615 0.605 4.9 9.8 7.6 25.6 3.3 0 25.6 25 105 97 18.6 4.7
"59" "59" 1994-03-19 28.52 "HOU" "" "DET" "W" 18 1 36 0.412 0.357 6.7 7.4 7.1 15.1 1.4 1.9 20.2 24.3 83 97 7.2 -5.3
"60" "60" 1994-03-21 28.52 "HOU" "" "WSB" "W" 16 1 21 0 0 0 11.7 6.4 18.3 4.7 0 42.9 14.6 37 112 -0.8 -13.2
"61" "61" 1994-03-26 28.53 "HOU" "" "UTA" "W" 15 1 42 0.439 0.429 2.5 4.7 3.6 13.9 3.8 1.5 8.1 26.3 93 94 12.8 0.4
"62" "62" 1994-03-27 28.54 "HOU" "@" "PHO" "L" -15 1 28 0.113 0 8.8 13.9 11.3 4.5 0 0 18.4 17.1 40 124 -3 -18.4
"63" "63" 1994-03-29 28.54 "HOU" "@" "SAC" "W" 21 1 22 0.455 0.455 0 4.6 2.6 13.2 0 0 8.3 24.5 94 110 4.6 -9.9
"64" "64" 1994-03-30 28.55 "HOU" "@" "GSW" "W" 10 1 44 0.756 0.7 2.5 9.3 6.1 13.6 2.2 0 17.8 21.8 126 105 21.8 4.3
"65" "65" 1994-04-01 28.55 "HOU" "@" "LAL" "L" -13 1 40 0.45 0.469 5.6 2.3 3.8 9.4 6.4 0 14.5 23.2 81 106 10.7 0.2
"66" "66" 1994-04-03 28.56 "HOU" "@" "LAC" "W" 8 1 30 0.563 0.563 0 20 9.6 27 6.3 0 27.3 16.1 93 88 11.3 5.3
"67" "67" 1994-04-07 28.57 "HOU" "" "GSW" "W" 32 1 31 0.526 0.458 0 19 11.1 13.2 1.5 0 18.4 21.8 104 100 8.6 -5.6
"68" "68" 1994-04-09 28.57 "HOU" "" "SAS" "W" 11 1 45 0.563 0.5 0 8 3.9 22.7 4.6 0 11.1 29.2 105 93 20 6.1
"69" "69" 1994-04-10 28.58 "HOU" "@" "DEN" "W" 1 1 23 0 0 0 21.4 9.3 20.9 0 0 11.1 17.5 18 110 -3.7 -18.9
"70" "70" 1994-04-12 28.58 "HOU" "" "MIN" "W" 9 1 42 0.524 0.5 5.4 2.9 4.2 26.7 0 0 14.9 14.2 114 104 10.8 -1
"71" "71" 1994-04-14 28.59 "HOU" "" "SAC" "W" 5 1 30 0.218 0.167 0 3.1 1.9 16.2 5 1.9 30.4 14.6 57 101 1 -8.1
"72" "72" 1994-04-16 28.59 "HOU" "@" "SEA" "L" -3 1 45 0.628 0.609 0 5.8 2.8 9.2 2.3 0 17.3 28.6 105 114 16.5 0.4
"73" "73" 1994-04-17 28.59 "HOU" "@" "POR" "W" 9 1 48 0.668 0.667 2.6 8.2 5.7 23.5 1 0 0 18.2 148 114 24.5 7
"74" "74" 1994-04-19 28.6 "HOU" "@" "SAS" "L" -10 1 45 0.306 0.306 2 8.7 5.2 7.4 1.2 1.3 14.3 20.5 62 103 2 -6.1
"75" "75" 1994-04-21 28.61 "HOU" "" "DAL" "W" 26 1 22 0.917 0.917 5.5 3.6 4.3 37 2 0 14.3 12.2 165 99 13.9 13.1
"1" "1" 1994-11-04 29.15 "HOU" "" "NJN" "W" 4 1 39 0.504 0.5 2.9 14.2 9.1 15.3 2.5 1.8 5.6 20.8 102 88 14.5 3.6
"2" "2" 1994-11-05 29.15 "HOU" "@" "MIN" "W" 30 1 28 0.666 0.727 5 8 6.7 33.3 3.5 2.3 7.3 21.8 137 85 17.6 11.9
"3" "3" 1994-11-08 29.16 "HOU" "@" "CLE" "W" 2 1 40 0.472 0.472 0 8.6 4.7 23.5 1.3 0 10 24.1 96 111 10.1 -4
"4" "4" 1994-11-09 29.16 "HOU" "@" "IND" "W" 5 1 32 0.405 0.389 0 8.5 4.7 19.7 3.1 0 9.2 14.7 90 108 5.6 -2
"5" "5" 1994-11-11 29.16 "HOU" "@" "BOS" "W" 20 1 34 0.553 0.553 0 15.4 8.6 27.5 4.4 0 24 31 92 80 12.4 4.4
"6" "6" 1994-11-12 29.17 "HOU" "@" "NJN" "W" 16 1 29 0.764 0.792 0 2.9 1.7 16.7 3.7 0 13.9 23.4 131 101 14.2 7.4
"7" "7" 1994-11-15 29.18 "HOU" "" "SAC" "W" 6 1 43 0.503 0.471 7.1 9.1 8.1 34 2.3 0 14.4 19.7 107 104 14 0.5
"8" "8" 1994-11-17 29.18 "HOU" "" "CHI" "W" 23 1 33 0.171 0 0 0 0 32.3 3.1 0 31.3 17.6 70 96 0.5 -9
"9" "9" 1994-11-19 29.19 "HOU" "@" "DEN" "W" 8 1 43 0.447 0.441 0 9.8 5 0 3.6 0 14.4 21.4 85 106 6.2 -4.8
"10" "10" 1994-11-22 29.19 "HOU" "" "POR" "L" -8 1 35 0.842 0.818 0 5.6 3.4 29.6 0 0 20.2 21.8 136 127 14.9 6.5
"11" "11" 1994-11-23 29.2 "HOU" "@" "ORL" "L" -23 1 32 0.36 0.346 0 0 0 34.6 1.6 0 26.5 25.4 68 127 0.7 -10.3
"12" "12" 1994-11-26 29.21 "HOU" "" "SEA" "L" -4 1 44 0.518 0.475 5 6.7 5.9 17.3 3.5 5 15.3 26.9 99 104 17.2 6.2
"13" "13" 1994-11-29 29.21 "HOU" "" "DEN" "W" 15 1 37 0.597 0.55 0 0 0 4.1 1.4 0 0 13 131 94 8.1 -0.2
"14" "14" 1994-12-01 29.22 "HOU" "@" "GSW" "W" 4 1 33 0.5 0.5 7.5 0 3.5 0 3.2 0 11.8 22.8 96 122 7.5 -7
"15" "15" 1994-12-02 29.22 "HOU" "@" "LAL" "L" -18 1 25 0.425 0.4 0 7.7 4 22.8 0 0 14.5 24.6 81 118 3.3 -6.4
"16" "16" 1994-12-06 29.23 "HOU" "@" "SEA" "L" -13 1 46 0.482 0.447 0 7.8 3.8 16.9 2.3 0 4.6 21.7 103 116 13.4 0.3
"17" "17" 1994-12-08 29.24 "HOU" "" "CHH" "W" 6 1 32 0.381 0.321 0 5.9 3.3 10 3.1 0 0 22.4 88 102 6.2 -7.1
"18" "18" 1994-12-10 29.24 "HOU" "" "SAS" "L" -12 1 30 0.385 0.385 0 6.7 3.6 36.1 0 0 7.1 20.8 92 119 7 -5.7
"19" "19" 1994-12-13 29.25 "HOU" "" "WSB" "W" 8 1 38 0.601 0.444 0 7.2 4.3 32.5 1.3 0 34 20.6 95 97 7.7 -2.7
"20" "20" 1994-12-15 29.26 "HOU" "" "LAL" "L" -3 1 29 0.615 0.615 0 3.6 1.7 26.4 0 0 23.5 24.7 94 112 6.8 -1.3
"21" "21" 1994-12-17 29.26 "HOU" "" "BOS" "L" -3 1 44 0.568 0.568 0 5.9 2.6 20.3 0 0 12 25 112 130 14.6 0.3
"22" "22" 1994-12-22 29.28 "HOU" "" "PHO" "W" 8 1 28 0.464 0.464 0 11.4 6.6 34.9 0 0 12.5 24.9 103 117 9.3 -1.9
"23" "23" 1994-12-23 29.28 "HOU" "@" "SAS" "L" -2 1 36 0.65 0.605 0 0 0 5.2 1.4 0 16.2 30.9 109 112 13.8 1.5
"24" "24" 1994-12-26 29.29 "HOU" "@" "MIA" "W" 13 1 27 0.282 0.188 0 10.9 6 23.9 1.8 0 31.1 21.4 60 95 1.2 -11.6
"25" "25" 1994-12-27 29.29 "HOU" "" "ATL" "W" 12 1 21 0.167 0.167 0 0 0 5.8 0 0 14.3 16.1 38 114 -3.7 -21.3
"26" "26" 1994-12-29 29.3 "HOU" "" "GSW" "W" 2 1 39 0.582 0.542 0 14.3 7.7 21.7 1.2 0 18.9 17.3 110 122 13 -1.3
"27" "27" 1994-12-30 29.3 "HOU" "@" "UTA" "W" 8 1 18 0.901 0.938 0 0 0 28.1 2.9 0 10.1 26.3 143 116 13 15.6
"28" "28" 1995-01-03 29.31 "HOU" "@" "DAL" "W" 12 1 36 0.3 0.3 4.3 2.7 3.3 20.5 7.6 0 23.1 17.2 83 108 6.6 -4
"29" "29" 1995-01-05 29.32 "HOU" "" "DAL" "W" 9 1 31 0.563 0.458 4.3 9.7 7.4 40.7 1.6 2 12.3 23.2 122 106 15.2 5.6
"30" "30" 1995-01-07 29.32 "HOU" "" "IND" "L" -5 1 36 0.604 0.611 3.4 7 5.2 14.5 1.6 0 27.1 20.6 94 110 6.7 -3.5
"31" "31" 1995-01-11 29.33 "HOU" "" "MIA" "W" 11 1 45 0.628 0.588 3.6 4.4 4.1 27.2 1.1 0 9.8 20.5 132 109 19.1 4.2
"32" "32" 1995-01-13 29.34 "HOU" "" "SAS" "W" 3 1 29 0.787 0.773 0 14.2 6.8 17.3 1.7 0 25.9 23.9 108 105 11.5 1.8
"33" "33" 1995-01-14 29.34 "HOU" "@" "DEN" "L" -14 1 43 0.51 0.5 3.5 6.4 5 17.9 0 0 5.1 21.2 113 134 12 -4
"34" "34" 1995-01-16 29.35 "HOU" "@" "MIN" "L" -19 1 28 0.25 0.25 0 17.6 8.1 6.5 2 2.8 33.3 24.3 37 107 -4.6 -20.8
"35" "35" 1995-01-19 29.35 "HOU" "" "NYK" "L" -16 1 33 0.273 0.273 0 10.9 5 26.3 1.7 0 15.4 19.1 64 109 2.1 -8.1
"36" "36" 1995-01-20 29.36 "HOU" "@" "DET" "W" 10 1 28 0.55 0.55 0 17.1 8.6 11.4 0 0 0 15.7 123 109 7.8 -1.4
"37" "37" 1995-01-22 29.36 "HOU" "@" "CHI" "L" -19 1 38 0.652 0.625 0 9.5 4.2 31.7 2.8 0 26.2 13.3 106 110 10.4 3.8
"38" "38" 1995-01-24 29.37 "HOU" "@" "MIL" "W" 16 1 37 0.84 0.821 0 22.1 13.4 23.4 2.9 0 16.8 23 148 106 23.7 9.8
"39" "39" 1995-01-26 29.37 "HOU" "@" "SAS" "L" -3 1 35 0.429 0.429 3.4 3 3.2 20.7 0 1.7 0 18.7 114 123 8.6 -0.4
"40" "40" 1995-01-28 29.38 "HOU" "" "MIN" "W" 21 1 30 0.45 0.45 0 28.7 15.1 44.2 0 0 28.6 20.3 98 104 7.2 -5.7
"41" "41" 1995-01-31 29.39 "HOU" "" "DEN" "W" 12 1 29 0.326 0.321 0 3.7 1.9 27.2 3.7 0 16.4 30.5 66 88 3.4 -7.5
"42" "42" 1995-02-02 29.39 "HOU" "" "UTA" "W" 20 1 35 0.5 0.5 4.2 6.9 5.6 34.2 4.5 0 7.7 18.2 125 109 15.5 6.1
"43" "43" 1995-02-05 29.4 "HOU" "@" "PHO" "W" 24 1 33 0.731 0.731 3.6 9.3 6.7 29.2 4.5 2.2 13.3 20.6 132 100 19.3 12.5
"44" "44" 1995-02-06 29.4 "HOU" "@" "POR" "L" -38 1 21 0.425 0.3 0 13.2 7 15.4 2.4 5.4 46 22.8 52 120 0 -11.9
"45" "45" 1995-02-28 29.46 "HOU" "@" "DAL" "L" -1 0 25 0.387 0.417 0 0 0 5.3 0 0 0 13.7 86 117 0.9 -9.7
"46" "46" 1995-03-02 29.47 "HOU" "" "ORL" "L" -11 0 30 0.486 0.4 0 12.3 5.5 5.3 1.7 0 5.1 28.4 102 117 9.5 -2
"47" "47" 1995-03-03 29.47 "HOU" "@" "MIN" "L" -3 0 26 0.726 0.786 0 5.4 2.8 30 2.1 2.5 17.2 20.5 129 120 11.5 6.8
"48" "48" 1995-03-05 29.48 "HOU" "@" "SAS" "L" -21 1 30 0.369 0.3 0 7.6 3.7 19.5 0 0 7.6 19.6 89 138 2.8 -9.5
"49" "49" 1995-03-07 29.48 "HOU" "" "PHO" "L" -11 1 38 0.391 0.382 0 3.3 1.5 11.7 0 0 5.3 22.4 88 131 4.3 -10.3
"50" "50" 1995-03-11 29.49 "HOU" "" "DAL" "W" 7 1 24 0.25 0.25 0 3.8 2.2 20 2.1 0 25 15 65 113 0.5 -9.3
"51" "51" 1995-03-13 29.5 "HOU" "@" "ATL" "W" 11 1 32 0.409 0.409 0 5.7 3.4 28.1 0 0 8.3 18.3 100 108 6.7 -3.2
"52" "52" 1995-03-14 29.5 "HOU" "@" "PHI" "W" 29 1 26 0.458 0.458 0 10.3 5.1 22.7 5.4 0 20 23.7 96 102 7.1 -5.4
"53" "53" 1995-03-16 29.51 "HOU" "" "MIN" "W" 7 1 32 0.43 0.278 0 12.2 6 20.3 4.9 0 20.5 19.9 101 103 6.9 -4.5
"54" "54" 1995-03-19 29.52 "HOU" "" "PHI" "W" 11 1 36 0.61 0.577 3.5 3.3 3.4 14 0 1.7 0 19.6 140 123 15 1.1
"55" "55" 1995-03-21 29.52 "HOU" "" "SEA" "L" -2 1 41 0.434 0.395 0 3.7 1.6 14.1 2.6 0 8.8 25.9 88 116 8.2 -3.3
"56" "56" 1995-03-23 29.53 "HOU" "" "UTA" "L" -8 1 30 0.455 0.455 0 9.1 4.6 10.8 0 0 8.3 20.7 85 136 4.5 -9
"57" "57" 1995-03-24 29.53 "HOU" "@" "PHO" "W" 2 1 26 0.638 0.625 0 0 0 42.7 2.1 0 7 27.7 127 117 13.2 8.3
"58" "58" 1995-03-26 29.53 "HOU" "@" "LAL" "L" -11 0 23 0.347 0.375 0 9.9 4.9 12.7 0 0 25.8 14.3 67 120 -0.4 -11.1
"59" "59" 1995-04-13 29.58 "HOU" "" "POR" "W" 13 0 5 0.333 0.333 0 0 0 61.1 0 0 25 36.1 77 117 0.7 -12.5
"60" "60" 1995-04-15 29.59 "HOU" "" "SAC" "W" 14 0 16 0.389 0.389 0 29.3 12.9 27.3 0 0 0 23.1 95 93 4.1 -0.9
"61" "61" 1995-04-17 29.59 "HOU" "" "LAC" "W" 10 0 31 0.576 0.577 0 9.1 4.6 13 1.6 0 6.3 23.2 115 118 11 -3.9
"62" "62" 1995-04-19 29.6 "HOU" "@" "UTA" "L" -19 0 18 0.143 0.143 0 0 0 18.8 2.8 0 12.5 21.3 40 125 -1.1 -13.5
"63" "63" 1995-04-20 29.6 "HOU" "@" "SEA" "L" -10 0 33 0.66 0.625 0 14.5 7.7 15.7 0 0 7.2 18.2 128 115 11.2 3.5
"64" "64" 1995-04-23 29.61 "HOU" "" "UTA" "L" -6 0 34 0.482 0.435 0 10.9 4.9 23.8 2.9 0 0 35.2 107 104 16.8 8.1
"1" "1" 1995-11-03 30.14 "PHI" "" "WSB" "W" 2 1 44 0.469 0.412 0 16.6 8.2 48.6 5.6 1.5 23.8 23.2 104 98 18.9 4.3
"2" "2" 1995-11-04 30.15 "PHI" "@" "CHH" "L" -11 1 43 0.636 0.618 6.2 9.5 8.1 43.3 2.1 0 23.4 23.7 117 112 22.9 6.8
"3" "3" 1995-11-07 30.15 "PHI" "" "SAC" "L" -3 1 41 0.38 0.179 2.1 26 12.8 26.3 1.1 0 13.2 21.7 89 106 9.1 -7.3
"4" "4" 1995-11-10 30.16 "PHI" "" "CHH" "W" 14 1 45 0.586 0.536 0 8.1 4.8 39 2.4 0 15.6 19 130 102 19.7 6.8
"5" "5" 1995-11-14 30.17 "PHI" "" "SEA" "L" -8 1 42 0.498 0.452 2.3 9 5.7 32.8 2.1 0 11.1 24.6 105 108 17 0.2
"6" "6" 1995-11-15 30.18 "PHI" "@" "WSB" "L" -32 1 30 0.425 0.3 0 18.3 7.7 30.1 3.1 0 25.4 31.4 77 120 6 -6.9
"7" "7" 1995-11-17 30.18 "PHI" "" "CLE" "L" -32 1 21 0.354 0.278 0 5.9 3 9.4 0 0 23.3 28.2 62 131 -1.3 -17.5
"8" "8" 1995-12-01 30.22 "PHI" "@" "TOR" "L" -3 1 31 0.554 0.467 3.2 0 1.9 29.9 1.7 0 9.2 32.3 111 120 12.8 -3.4
"9" "9" 1995-12-02 30.22 "PHI" "" "NYK" "L" -9 1 42 0.376 0.375 0 8.2 3.9 34.8 3.7 0 42.9 17.2 61 102 3 -7.3
"10" "10" 1995-12-05 30.23 "PHI" "@" "IND" "L" -17 1 42 0.692 0.625 3.5 6.3 5 48.7 1.3 0 16.5 34.6 129 127 25.2 9
"11" "11" 1995-12-06 30.23 "PHI" "" "DAL" "W" 21 1 35 0.84 0.857 0 0 0 28.7 4.3 0 21.2 23.4 120 96 19.6 7.6
"12" "12" 1995-12-08 30.24 "PHI" "@" "CLE" "L" -28 1 35 0.368 0.3 4.4 14.4 9.9 14.8 0 2.4 42.4 26.1 52 123 -2.7 -18.9
"13" "13" 1995-12-09 30.24 "PHI" "" "BOS" "L" -26 1 33 0.37 0.2 0 19.1 8 19.3 2.6 0 27 21.2 65 110 3.9 -8.7
"14" "14" 1995-12-11 30.25 "PHI" "" "DEN" "L" -13 1 20 0.338 0.25 4.7 17.6 10.4 27.5 0 0 0 20.5 94 121 4.1 -6.4
"15" "15" 1995-12-13 30.25 "PHI" "@" "BOS" "L" -11 1 36 0.523 0.542 0 9.8 5.2 24.7 0 0 19.4 19.5 94 121 6.8 -5.6
"16" "16" 1995-12-17 30.26 "PHI" "@" "MIN" "W" 2 1 41 0.635 0.595 0 26 14.5 10.5 1.3 0 7.8 30.1 120 104 21.1 2.2
"17" "17" 1995-12-20 30.27 "PHI" "" "UTA" "W" 4 1 33 0.487 0.227 0 9.7 4.3 20.7 0 2.3 6.1 22.6 119 116 9.2 -3.4
"18" "18" 1995-12-22 30.28 "PHI" "" "MIL" "L" -5 1 40 0.437 0.393 0 7.5 3.3 24.8 2.7 0 6.3 19.1 97 111 10.6 -3.2
"19" "19" 1995-12-23 30.28 "PHI" "" "NJN" "L" -13 1 36 0.882 0.867 3.1 7.8 5.2 16.3 0 0 5.9 23.3 152 114 22.8 12.7
"20" "20" 1995-12-27 30.29 "PHI" "@" "PHO" "L" -15 1 41 0.689 0.65 3.3 10.4 7.2 38.4 4.2 1.7 8.4 29.7 134 120 26.2 13.5
"21" "21" 1995-12-29 30.3 "PHI" "@" "SAC" "L" -20 1 35 0.3 0.292 0 5.3 1.8 14.2 2.9 0 18.4 21.1 60 123 0.6 -13.7
"22" "22" 1995-12-30 30.3 "PHI" "@" "DEN" "L" -8 1 10 0 0 0 13.7 6.6 14.1 5.4 0 0 17.7 17 114 -0.8 -13.9
"23" "23" 1996-01-02 30.31 "PHI" "@" "LAL" "W" 1 1 45 0.624 0.533 0 8.9 4.8 11.6 2.4 0 22.1 23.2 103 102 13.4 -1.4
"24" "24" 1996-01-03 30.31 "PHI" "@" "GSW" "L" -11 0 22 0.416 0.393 6.1 5.5 5.7 6.8 2.1 0 29.4 37.9 66 121 0.5 -17
"25" "25" 1996-01-05 30.32 "PHI" "@" "VAN" "L" -1 1 50 0.471 0.471 0 3.8 2.2 10.4 0 0 26.1 20.5 76 106 2 -10.2
"26" "26" 1996-01-10 30.33 "PHI" "" "WSB" "L" -5 0 35 0.648 0.571 0 2.4 1.4 29.3 1.5 1.9 19.8 24.9 113 112 14.7 4.9
"27" "27" 1996-01-12 30.33 "PHI" "@" "NJN" "W" 27 0 30 0.577 0.563 4.1 2.9 3.4 27.4 3.4 0 9.9 29.4 119 89 15.9 8.3
"28" "28" 1996-01-13 30.34 "PHI" "" "CHI" "L" -27 0 14 0.225 0.125 9 0 4 21.1 0 0 0 28.6 69 138 0.5 -15.3
"29" "29" 1996-01-16 30.35 "PHI" "@" "CHI" "L" -12 0 30 0.535 0.469 3.9 11.2 7.6 15.8 0 0 10.1 29.1 112 129 10.7 -1
"30" "30" 1996-01-17 30.35 "PHI" "" "MIL" "L" -11 0 25 0.635 0.607 0 11.6 6.1 21.6 2.1 0 11.3 33.5 119 124 13.1 0.2
"31" "31" 1996-01-19 30.35 "PHI" "" "ATL" "L" -5 0 29 0.653 0.607 11 3.8 7.4 27 1.9 0 0 24.3 153 100 18.5 20
"32" "32" 1996-01-21 30.36 "PHI" "" "SAS" "L" -30 0 29 0.394 0.344 5.1 13.8 8.2 14 0 0 18.4 30.3 78 132 3.3 -13
"33" "33" 1996-01-23 30.36 "PHI" "@" "ORL" "L" -15 0 32 0.62 0.571 0 16.2 6.9 7.7 1.7 0 16.4 24.4 112 120 11.1 -0.1
"34" "34" 1996-01-24 30.37 "PHI" "" "CLE" "L" -3 0 26 0.595 0.5 5.3 11.5 8.3 7.8 2.3 0 14.5 28.4 110 114 8 -0.8
"35" "35" 1996-01-26 30.37 "PHI" "" "LAL" "L" -12 0 33 0.571 0.548 0 3.6 1.8 19.9 3.3 0 4.2 36.4 103 114 17.1 6.6
"36" "36" 1996-01-27 30.38 "PHI" "@" "CHH" "L" -5 1 36 0.381 0.393 3 3.1 3 50 1.5 0 16 23.7 96 125 8.9 -5.1
"37" "37" 1996-02-01 30.39 "PHI" "@" "MIA" "L" -20 0 21 0.313 0.313 0 6.3 3 18 2.5 0 11.1 19.5 70 133 1.1 -11.4
"38" "38" 1996-02-03 30.39 "PHI" "" "POR" "L" -11 0 27 0.641 0.556 0 4.1 2 38.8 1.9 0 20.4 32.3 112 106 13.7 8.1
"39" "39" 1996-02-07 30.41 "PHI" "" "IND" "W" 1 0 22 0.282 0.125 0 9.3 5.3 45.2 2.6 0 15.8 28.1 84 119 3.3 -12.2
"40" "40" 1996-02-13 30.42 "PHI" "@" "MIL" "W" 3 0 33 0.779 0.773 0 16.2 8.7 14 1.5 0 11.5 23.2 140 102 19.7 7.7
"41" "41" 1996-02-14 30.42 "PHI" "" "DET" "L" -19 0 35 0.691 0.643 0 20.2 7.7 53.2 1.5 0 15.3 25.4 123 113 19.2 8.3
"42" "42" 1996-02-16 30.43 "PHI" "@" "NYK" "L" -32 0 22 0.341 0.318 4.6 6.2 5.3 17.1 11.3 3.6 0 27.7 77 103 9 9.1
"43" "43" 1996-02-17 30.43 "PHI" "@" "CLE" "L" -15 1 38 0.669 0.658 0 11.5 5.3 14.5 3.2 0 4.9 28.8 126 123 19.6 9
"44" "44" 1996-02-20 30.44 "PHI" "@" "ORL" "L" -19 1 26 0.25 0.25 0 0 0 20.3 1.9 0 0 13 84 128 1.8 -9.1
"45" "45" 1996-02-21 30.44 "PHI" "" "MIA" "L" -9 1 43 0.369 0.233 2.2 10.1 5.9 35.9 7.8 1.7 9.5 24.1 84 69 13.5 11.2
"46" "46" 1996-02-23 30.45 "PHI" "@" "IND" "L" -7 1 30 0.649 0.5 0 0 0 6.7 0 0 6.1 25.9 134 129 13.6 2.1
"47" "47" 1996-02-25 30.45 "PHI" "@" "MIA" "L" -7 1 30 0.462 0.462 0 3.9 2 15 5.2 0 23.5 24.7 84 118 5.1 -7.3
"48" "48" 1996-02-27 30.46 "PHI" "@" "DAL" "W" 6 1 30 0.854 0.833 3.5 9.2 6.5 10.6 1.6 0 17 24 143 115 18.8 6.9
"49" "49" 1996-02-29 30.47 "PHI" "@" "HOU" "L" -14 1 31 0.375 0.375 3.2 7.4 5.2 17 1.7 2.6 11.1 24.5 84 121 5.1 -5.2
"50" "50" 1996-03-02 30.47 "PHI" "@" "SAS" "L" -14 1 20 0.508 0.5 0 11.4 6.2 32.2 0 0 27.6 23.5 88 122 3.9 -7.1
"51" "51" 1996-03-04 30.48 "PHI" "" "ORL" "L" -13 1 32 0.5 0.5 0 3.3 1.6 16.1 1.6 0 15.4 17.3 102 124 5.9 -4
"52" "52" 1996-03-06 30.48 "PHI" "" "MIN" "L" -13 1 34 0.134 0.107 8 9 8.5 23.2 0 0 16.8 21.9 51 115 -2.4 -15.2
"53" "53" 1996-03-08 30.49 "PHI" "" "NYK" "W" 8 1 41 0.528 0.5 0 6.2 3.2 28.3 1.3 0 9.1 25.4 117 110 13.1 -1.4
"54" "54" 1996-03-10 30.49 "PHI" "" "LAC" "L" -2 1 26 0.359 0.25 0 9.2 4.4 36.5 2 0 9.3 18.6 93 114 5.8 -5.9
"55" "55" 1996-03-12 30.5 "PHI" "" "TOR" "W" 8 1 27 0.524 0.462 0 15.7 6.7 36.5 0 0 21.8 27.1 110 120 9.3 -4.3
"56" "56" 1996-03-13 30.5 "PHI" "@" "BOS" "L" -10 1 41 0.449 0.368 0 5.2 2.5 32.1 3.7 0 14.6 27.5 99 115 12.5 0.8
"57" "57" 1996-03-15 30.51 "PHI" "" "PHO" "L" -26 1 34 0.338 0.292 0 9.4 3.4 20.3 1.4 0 13.1 18.4 80 132 2.9 -12.1
"58" "58" 1996-03-16 30.51 "PHI" "@" "NYK" "L" -6 1 27 0.658 0.611 0 13.9 9.4 7.7 2.1 0 28.8 26.5 95 106 6.8 -3.4
"59" "59" 1996-03-18 30.52 "PHI" "" "CHI" "L" -4 1 29 0.545 0.5 0 4 1.9 31.9 0 2.4 19.5 32.9 96 115 7.9 -0.4
"60" "60" 1996-03-20 30.52 "PHI" "@" "UTA" "L" -23 1 16 0.429 0.429 0 0 0 15 0 0 12.5 22 87 125 1.6 -5.3
"61" "61" 1996-03-22 30.53 "PHI" "@" "LAC" "L" -14 1 44 0.507 0.479 0 8.6 3.9 14.8 0 0 10.1 28.4 107 122 12.6 -2.5
"62" "62" 1996-03-23 30.53 "PHI" "@" "SEA" "L" -40 1 29 0.407 0.294 0 0 0 20.1 3.5 0 9.2 32.1 88 139 7 -6.2
"63" "63" 1996-03-25 30.53 "PHI" "@" "POR" "L" -23 1 24 0.182 0.182 4.2 9.3 6.6 9.1 2.3 0 15.4 25.1 42 109 -2.3 -15
"64" "64" 1996-03-27 30.54 "PHI" "" "TOR" "W" 9 1 37 0.688 0.688 5 10.5 8.2 35.9 5.7 0 38.5 17.5 104 98 12.3 -0.2
"65" "65" 1996-03-29 30.55 "PHI" "" "BOS" "L" -6 1 19 0.183 0 0 11.2 5.6 13.3 0 3.9 19.6 23.8 45 115 -2.5 -22.2
"66" "66" 1996-03-30 30.55 "PHI" "@" "WSB" "L" -2 1 48 0.496 0.476 5.3 11.1 8.1 25 1.1 1.5 14.7 26.2 105 123 16.2 -2.6
"67" "67" 1996-04-03 30.56 "PHI" "" "IND" "L" -15 0 24 0.368 0.35 5.7 9.8 7.9 28.6 0 2.6 26.9 31.8 69 125 1 -14.1
"68" "68" 1996-04-05 30.56 "PHI" "" "DET" "L" -21 1 19 0.676 0.688 0 7.7 3.2 12.7 0 0 18.4 26.6 104 131 5.8 -0.6
"69" "69" 1996-04-06 30.57 "PHI" "@" "ATL" "W" 1 1 48 0.632 0.593 3 11.8 7.5 27.3 2.3 0 23 39 106 115 22.2 1.6
"70" "70" 1996-04-08 30.57 "PHI" "" "NJN" "W" 3 1 48 0.561 0.561 0 7.1 3.3 7.1 0 0 2.7 36.9 111 99 22.1 7.3
"71" "71" 1996-04-10 30.58 "PHI" "@" "DET" "L" -16 1 45 0.383 0.35 2.4 13.7 7.6 16.4 1.3 0 0 24.1 87 113 8.9 -4.7
"72" "72" 1996-04-12 30.58 "PHI" "@" "CHI" "L" -30 1 40 0.448 0.441 3.3 10.9 7 30.5 4.4 0 16.6 30.1 91 130 10.9 -0.9
"73" "73" 1996-04-14 30.59 "PHI" "" "CHH" "L" -16 1 47 0.263 0.263 2.5 5.1 3.8 22 1.2 0 17.4 24.9 59 118 -0.4 -12.8
"74" "74" 1996-04-17 30.6 "PHI" "" "MIA" "W" 4 1 45 0.489 0.404 6.1 5.9 6 25.3 2.4 0 5.9 36.9 103 105 21 1.4
"75" "75" 1996-04-19 30.6 "PHI" "" "ORL" "L" -20 1 23 0.412 0.393 0 6.5 2.7 40.6 2.4 0 11.3 35.9 87 127 6.1 -5.3
"1" "1" 1996-11-01 31.14 "SAS" "@" "MIN" "L" -4 0 30.9 0.514 0.429 0 3.9 2 5.9 3.5 0 31.3 20.4 73 95 3.5 -6.8
"2" "2" 1996-11-03 31.14 "SAS" "" "DEN" "L" -9 0 26.5666666666667 0.202 0.111 0 12.1 5.6 8 0 0 23.3 21.1 39 103 -4.9 -20.5
"3" "3" 1996-11-05 31.15 "SAS" "@" "CLE" "W" 6 0 26.35 0.368 0.35 0 4.7 2.7 17.2 2.3 0 21.6 29.4 62 89 0.7 -9.1
"4" "4" 1996-11-06 31.15 "SAS" "@" "WSB" "L" -10 0 28.2 0.455 0.455 3.3 3.9 3.6 0 1.9 0 15.4 21.1 79 113 3.1 -9.5
"5" "5" 1996-11-08 31.16 "SAS" "" "SEA" "L" -12 0 27.15 0.356 0.3 0 4 2.1 7.5 0 2.9 13.7 26.6 67 113 0.5 -12
"6" "6" 1996-11-10 31.16 "SAS" "@" "POR" "L" -13 0 36.3 0.438 0.333 0 11.4 5 10.4 3.4 0 4.9 28.2 101 116 9 -1.7
"7" "7" 1996-11-13 31.17 "SAS" "" "LAL" "W" 12 1 40.1166666666667 0.527 0.525 0 0 0 4.4 0 0 4.6 25.4 113 108 10.1 -6.3
"8" "8" 1996-11-15 31.18 "SAS" "" "IND" "L" -15 1 41.9333333333333 0.381 0.381 0 17.3 7.3 21.8 0 0 4.5 25.7 79 113 5.8 -7.1
"9" "9" 1996-11-17 31.18 "SAS" "" "GSW" "L" -10 1 33.65 0.472 0.472 2.9 17.6 8.8 15.9 0 0 18.2 28.7 86 124 5.6 -11.5
"10" "10" 1996-11-20 31.19 "SAS" "" "LAC" "L" -12 0 25.2166666666667 0.505 0.5 0 11.3 5 0 7 0 7.2 26.2 103 105 8 4.6
"11" "11" 1996-11-22 31.19 "SAS" "@" "LAL" "L" -10 1 43 0.381 0.393 0 2.9 1.5 3.7 3.9 2.1 10.5 20.9 78 109 5.9 -2.9
"12" "12" 1996-11-24 31.2 "SAS" "@" "VAN" "L" -5 0 31.5166666666667 0.125 0.125 3.4 19.4 10.1 10.9 1.8 0 0 11.4 58 111 0.3 -10.8
"13" "13" 1996-11-26 31.21 "SAS" "@" "DAL" "L" -4 0 33.0833333333333 0.543 0.528 3.7 0 2.2 17.6 1.8 2.9 0 27.5 142 133 13.3 4.8
"14" "14" 1996-11-27 31.21 "SAS" "" "POR" "L" -11 0 25.5 0.5 0.5 0 14.4 7.5 0 2.2 0 0 18.1 112 134 6.1 -3.4
"15" "15" 1996-11-30 31.22 "SAS" "" "CHI" "L" -9 0 31.95 0.223 0.231 0 7.1 3.5 0 1.7 2.1 13 21.8 45 109 -2.8 -12.5
"16" "16" 1996-12-04 31.23 "SAS" "" "PHI" "W" 10 0 24.6833333333333 0.547 0.5 4.8 12 8.7 18.3 4 0 25.2 28.5 91 106 8.2 -5.9
"17" "17" 1996-12-06 31.23 "SAS" "" "VAN" "L" -16 0 27.35 0.568 0.591 3.8 5.6 4.5 35.1 2.1 2.7 14.9 22.9 109 124 11.1 3.9
"18" "18" 1996-12-08 31.24 "SAS" "@" "GSW" "L" -26 0 30.2166666666667 0.285 0.143 3.9 14.5 8.6 10.9 1.8 0 25.5 17.9 61 130 0.7 -14.5
"19" "19" 1996-12-10 31.24 "SAS" "@" "PHO" "L" -17 0 26.8666666666667 0.286 0.286 0 8.1 4.6 0 0 0 41.7 21.5 34 112 -4.9 -19.1
"20" "20" 1996-12-12 31.25 "SAS" "@" "LAC" "L" -3 0 23.1 0.705 0.636 0 13.9 6.2 10.7 0 0 13.6 31.3 124 114 10.4 1.9
"21" "21" 1996-12-14 31.25 "SAS" "" "DAL" "W" 1 0 19.9166666666667 0.405 0.333 0 0 0 6.9 5.5 0 0 24.3 93 118 4.8 -8.3
"22" "22" 1996-12-19 31.27 "SAS" "@" "HOU" "W" 14 0 23.2833333333333 0.427 0.458 0 0 0 24.2 11.4 0 0 25.3 107 95 11.2 9.7
"23" "23" 1996-12-21 31.27 "SAS" "" "PHO" "W" 13 0 21.8833333333333 0.125 0.125 5.1 5 5 25.1 0 0 20 21.3 51 104 -1.8 -16.2
"24" "24" 1996-12-23 31.28 "SAS" "" "MIA" "L" -11 0 13.6666666666667 0.41 0.5 0 8.6 4.6 32.4 4.4 0 29.1 26.1 68 110 1.1 -6.8
"25" "25" 1996-12-26 31.29 "SAS" "@" "SEA" "L" -8 0 27.1 0.709 0.667 0 4.9 2.7 0 0 0 28.8 27.2 91 118 4 -7.3
"26" "26" 1996-12-29 31.3 "SAS" "@" "POR" "L" -24 1 22.4833333333333 0.254 0.286 0 0 0 0 4.7 0 27.6 21.6 39 118 -3.1 -16.1
"27" "27" 1996-12-30 31.3 "SAS" "@" "VAN" "W" 7 1 40.2666666666667 0.724 0.7 0 10.9 6.2 9.9 2.9 0 11.2 23.5 123 105 17.9 2.3
"28" "28" 1997-01-02 31.31 "SAS" "" "UTA" "W" 3 1 42.8166666666667 0.342 0.214 0 14.3 7.3 17.4 4.9 1.9 22.2 24.7 67 85 5.4 -5.4
"29" "29" 1997-01-03 31.31 "SAS" "@" "DEN" "W" 2 1 40.1833333333333 0.551 0.5 0 14.6 7 8.8 0 0 0 25 130 109 14.9 3
"30" "30" 1997-01-05 31.32 "SAS" "" "LAC" "L" -9 1 38 0.505 0.452 0 6.5 3.2 7.1 0 0 8.1 31.4 104 117 9.2 -4.3
"31" "31" 1997-01-07 31.32 "SAS" "@" "NJN" "L" -16 1 40.3333333333333 0.458 0.542 5.6 12.5 9.2 11.5 2.6 3.6 33 24.3 64 98 4.5 -5.3
"32" "32" 1997-01-08 31.32 "SAS" "@" "BOS" "L" -24 1 48 0.302 0.263 2.6 13.5 7.9 25.9 2.2 0 4.8 19.4 90 119 8.4 -4.1
"33" "33" 1997-01-10 31.33 "SAS" "@" "DET" "L" -6 1 39.2 0.54 0.526 3.1 13.7 8.1 26 3.1 0 4.9 27.3 113 106 16.6 8.9
"34" "34" 1997-01-11 31.33 "SAS" "@" "ATL" "L" -5 1 43.45 0.328 0.3 4.3 21.6 11.4 18 1.4 0 7.2 30.6 79 97 6 -4.1
"35" "35" 1997-01-15 31.34 "SAS" "" "NYK" "L" -17 1 35.6 0.619 0.563 0 0 0 6.5 1.6 5 5.3 26.9 119 114 14.9 8.8
"36" "36" 1997-01-17 31.35 "SAS" "" "SAC" "W" 20 1 25.85 0.667 0.667 5.3 3.9 4.5 17.6 2.2 0 14.3 13.9 126 98 8.1 2
"37" "37" 1997-01-20 31.36 "SAS" "@" "MIN" "L" -13 1 28.2166666666667 0.182 0.182 0 8 4.3 31.1 0 0 8.3 21.3 57 117 -0.2 -12.7
"38" "38" 1997-01-22 31.36 "SAS" "" "NJN" "L" -8 1 28.7833333333333 0.667 0.667 0 0 0 7.3 1.9 4.8 0 26.3 126 125 14.6 8.7
"39" "39" 1997-01-24 31.37 "SAS" "" "DAL" "W" 10 1 13.8 0.667 0.667 0 18 9.9 0 9.1 0 0 22.2 155 97 7.6 16.6
"40" "40" 1997-01-26 31.37 "SAS" "@" "MIL" "L" -18 1 24.7333333333333 0.46 0.4 0 19.2 8.7 25.8 0 0 15.5 24.6 89 115 4.4 -5.1
"41" "41" 1997-01-29 31.38 "SAS" "" "LAL" "L" -7 1 15.6666666666667 0.688 0.688 0 7.3 3.6 15.8 0 0 11.1 27.7 120 114 5.8 4.9
"42" "42" 1997-01-31 31.39 "SAS" "" "MIN" "L" -2 1 35.15 0.687 0.618 0 6.2 3.6 0 7.9 1.8 0 28.7 134 103 23.4 14.5
"43" "43" 1997-02-03 31.39 "SAS" "" "SAC" "L" -6 1 25.5833333333333 0.476 0.393 0 5.1 2.3 23.6 0 0 0 30.8 109 113 8.4 0.1
"44" "44" 1997-02-05 31.4 "SAS" "@" "PHI" "L" -16 1 31.4333333333333 0.563 0.531 0 18.2 7.4 16.2 7.2 0 0 24.1 135 120 17.1 10.9
"45" "45" 1997-02-06 31.4 "SAS" "@" "NYK" "L" -12 1 27.15 0.35 0.35 0 4.3 1.9 15.7 2.2 0 16.7 19.4 77 121 1.1 -9.2
"46" "46" 1997-02-11 31.42 "SAS" "@" "DAL" "W" 14 1 35.3833333333333 0.743 0.75 0 6.2 3 15.1 3.2 0 4.2 31.9 143 113 26.7 17
"47" "47" 1997-02-12 31.42 "SAS" "" "VAN" "L" -5 1 32.8166666666667 0.522 0.438 0 9.1 3.9 24.5 1.7 2.4 0 24.9 142 126 14.4 2.8
"48" "48" 1997-02-14 31.42 "SAS" "" "GSW" "L" -14 1 31.15 0.421 0.357 0 8.4 3.4 5.8 1.7 0 5.7 24.5 95 126 5.5 -7
"49" "49" 1997-02-15 31.43 "SAS" "" "ATL" "L" -20 1 33.1166666666667 0.636 0.639 3.4 4.3 3.8 26.6 0 2.3 0 27.4 140 137 17.5 9.8
"50" "50" 1997-02-18 31.44 "SAS" "@" "UTA" "L" -8 1 16.7666666666667 0.184 0.2 0 0 0 0 0 0 0 29.8 44 130 -3 -24.4
"51" "" 1997-02-19 31.44 "SAS" "" "TOR" "L" -33 NA NA NA NA NA NA NA NA NA NA NA NA NA NA NA NA
"52" "" 1997-02-21 31.44 "SAS" "" "MIL" "W" 5 NA NA NA NA NA NA NA NA NA NA NA NA NA NA NA NA
"53" "" 1997-02-23 31.45 "SAS" "@" "HOU" "L" -10 NA NA NA NA NA NA NA NA NA NA NA NA NA NA NA NA
"54" "" 1997-02-24 31.45 "SAS" "" "CHH" "L" -12 NA NA NA NA NA NA NA NA NA NA NA NA NA NA NA NA
"55" "" 1997-02-26 31.46 "SAS" "" "MIN" "L" -19 NA NA NA NA NA NA NA NA NA NA NA NA NA NA NA NA
"56" "" 1997-02-28 31.46 "SAS" "@" "ORL" "L" -21 NA NA NA NA NA NA NA NA NA NA NA NA NA NA NA NA
"57" "" 1997-03-02 31.47 "SAS" "@" "MIA" "L" -7 NA NA NA NA NA NA NA NA NA NA NA NA NA NA NA NA
"58" "51" 1997-03-04 31.47 "SAS" "@" "CHH" "L" -7 0 21.4 0.568 0.5 6.3 15.2 10.4 15.5 0 0 7.5 30.7 122 127 8.8 -0.5
"59" "52" 1997-03-05 31.48 "SAS" "@" "CHI" "L" -42 0 31.4166666666667 0.298 0.2 2.7 2.9 2.8 20.3 0 0 29.8 22.6 54 132 -2.3 -15.9
"60" "53" 1997-03-07 31.48 "SAS" "@" "TOR" "W" 3 1 41.45 0.661 0.525 3.4 5.9 4.7 31 1.4 1.9 3.7 31.7 148 126 29.3 8.8
"61" "54" 1997-03-08 31.48 "SAS" "@" "IND" "W" 4 1 38.8166666666667 0.291 0.2 3.2 2.9 3 11.4 5.5 0 14.9 24.9 63 106 2.8 -10.3
"62" "" 1997-03-11 31.49 "SAS" "" "HOU" "L" -24 NA NA NA NA NA NA NA NA NA NA NA NA NA NA NA NA
"63" "" 1997-03-14 31.5 "SAS" "" "BOS" "W" 11 NA NA NA NA NA NA NA NA NA NA NA NA NA NA NA NA
"64" "" 1997-03-15 31.5 "SAS" "@" "DEN" "L" -16 NA NA NA NA NA NA NA NA NA NA NA NA NA NA NA NA
"65" "55" 1997-03-17 31.51 "SAS" "" "WSB" "L" -24 0 31.4833333333333 0.416 0.308 0 5.5 2.2 32.8 6.5 0 11.3 25 96 111 10.8 2.4
"66" "56" 1997-03-20 31.52 "SAS" "@" "PHO" "L" -7 0 28.8666666666667 0.623 0.6 0 12.4 6.6 13.4 3.7 0 0 35.2 127 123 20.3 6.1
"67" "57" 1997-03-21 31.52 "SAS" "@" "SAC" "L" -4 0 35.9833333333333 0.504 0.5 0 10.5 5.1 9.4 3 0 11.2 24.1 93 114 8.6 -3.1
"68" "58" 1997-03-23 31.53 "SAS" "@" "LAC" "L" -15 0 22.55 0.307 0.125 0 0 0 12.3 0 0 23.5 25.4 65 126 -2.4 -20.7
"69" "59" 1997-03-25 31.53 "SAS" "" "CLE" "W" 5 0 21.2166666666667 0.46 0.4 5.2 9.1 7.3 0 0 0 15.5 33.1 89 88 2.7 -3.4
"70" "60" 1997-03-27 31.54 "SAS" "" "ORL" "W" 4 0 26.1666666666667 0.576 0.577 11.9 4.7 7.9 13.2 4.3 0 11.9 31.3 113 106 12.6 5.8
"71" "61" 1997-03-29 31.54 "SAS" "" "UTA" "L" -13 0 24.7666666666667 0.414 0.35 0 0 0 0 4.1 3.6 8.4 20.7 88 119 4.1 -2.7
"72" "62" 1997-04-02 31.55 "SAS" "" "DET" "L" -7 0 15.2 0.357 0.357 0 18.3 8.3 9.2 0 0 12.5 24.3 81 125 0.8 -11.4
"73" "63" 1997-04-04 31.56 "SAS" "@" "LAL" "W" 11 0 10.9333333333333 0.5 0.5 0 9.7 5.3 13.8 0 0 0 8.8 119 102 1.2 -6.5
"74" "64" 1997-04-05 31.56 "SAS" "@" "GSW" "L" -17 0 24.4333333333333 0.5 0.5 0 0 0 13.3 0 0 16.7 32.6 89 138 4.1 -14
"75" "65" 1997-04-07 31.57 "SAS" "@" "UTA" "L" -23 0 22.7833333333333 0.53 0.45 0 5.2 2.5 8.5 4.3 0 15 25.8 95 118 5.2 -5.3
"76" "66" 1997-04-08 31.57 "SAS" "" "DEN" "W" 6 0 26.1166666666667 0.433 0.433 0 0 0 11.3 4.2 0 0 22.5 121 106 7.1 1.2
"77" "67" 1997-04-10 31.58 "SAS" "" "POR" "L" -17 0 16.5666666666667 0.24 0.143 0 7.6 3.1 10 0 4 26.5 28.3 46 109 -2.2 -16.2
"78" "68" 1997-04-12 31.58 "SAS" "" "SEA" "L" -5 0 32.4333333333333 0.472 0.472 2.9 3.5 3.2 17.6 0 2.5 14.3 27.8 95 118 6 -5.4
"79" "69" 1997-04-14 31.59 "SAS" "@" "SAC" "L" -14 0 20.7166666666667 0.542 0.5 4 0 2.6 17.4 7.4 0 11.9 31 120 121 11.2 7.7
"80" "70" 1997-04-15 31.59 "SAS" "@" "SEA" "L" -20 0 24.7 0.385 0.385 5.5 5.5 5.5 0 0 0 7.1 28.2 74 128 1.3 -14.9
"81" "71" 1997-04-18 31.6 "SAS" "" "PHO" "L" -11 0 27.5833333333333 0.292 0.292 3.4 9 5.8 24.6 1.9 0 0 18.1 96 119 4.4 -4.5
"82" "72" 1997-04-20 31.6 "SAS" "" "HOU" "L" -4 0 11.4166666666667 0.333 0.333 0 9.7 4.7 25.2 0 0 25 16.3 71 120 0.6 -9.8
"1" "1" 1998-01-05 32.32 "ORL" "" "SAS" "L" -5 0 0.316666666666667 NA NA 0 0 0 0 0 0 NA 0 0 100 0 -9.2
"2" "2" 1998-01-07 32.32 "ORL" "@" "TOR" "W" 2 0 20.8333333333333 0.583 0.567 5.2 10.6 7.9 0 0 0 6.1 36.9 111 101 10.2 2.6
"3" "3" 1998-01-08 32.32 "ORL" "@" "NJN" "L" -2 0 29 0.447 0.4 0 12.7 5.9 13.8 2 0 0 26.9 106 106 7.8 -0.8
"4" "4" 1998-01-10 32.33 "ORL" "" "BOS" "W" 8 0 14.4666666666667 0.34 0.2 0 6 3.7 0 0 0 14.5 20.7 74 100 -0.2 -14.7
"5" "5" 1998-01-13 32.34 "ORL" "@" "DEN" "W" 14 0 10.1666666666667 0.515 0.333 0 0 0 0 0 0 20.5 25.1 92 113 1.3 -15.3
"6" "6" 1998-01-14 32.34 "ORL" "@" "SAC" "L" -12 0 19.8666666666667 0.337 0.318 0 0 0 16.7 0 0 14.4 31.5 66 125 -1.5 -19.8
"7" "7" 1998-01-16 32.35 "ORL" "@" "PHO" "L" -25 0 23.5 0.145 0 0 0 0 24.6 0 0 12.7 16.1 54 140 -0.4 -12
"8" "8" 1998-01-17 32.35 "ORL" "@" "UTA" "L" -14 0 13.9333333333333 0.606 0.35 7.1 0 4.4 55 4.2 5.7 11.9 55.8 128 125 13.5 24
"9" "9" 1998-01-19 32.35 "ORL" "@" "LAL" "L" -3 0 15.15 0.375 0.375 18.8 13.9 16 0 0 0 33.3 16.8 66 104 -0.6 -10.7
"10" "10" 1998-01-21 32.36 "ORL" "" "MIL" "L" -7 0 16.2833333333333 0.571 0.571 8.3 0 4.3 16.7 0 0 20.2 28.9 95 117 3.9 -0.1
"11" "11" 1998-01-23 32.36 "ORL" "@" "MIA" "L" -12 0 4.53333333333333 0 0 0 0 0 0 0 0 0 17.8 0 131 -1.4 -25.1
"12" "12" 1998-02-03 32.39 "CHH" "" "BOS" "W" 4 0 26.6 0.582 0.542 4.6 14.8 10.2 23.1 0 0 23.7 28.6 95 102 7.8 -1.5
"13" "13" 1998-02-05 32.4 "CHH" "" "VAN" "W" 15 0 15.3 0.25 0.25 0 15.2 7.5 40.5 3.4 0 11.1 25.8 73 100 2.2 -8.3
"14" "14" 1998-02-10 32.41 "CHH" "@" "NYK" "L" -8 0 29.5833333333333 0.751 0.792 0 18.8 8.3 0 0 0 0 23.5 153 122 15.2 8.5
"15" "15" 1998-02-11 32.42 "CHH" "" "CHI" "L" -2 0 22.4833333333333 0.254 0.143 0 0 0 7.5 0 0 11.3 18.5 58 116 -2.8 -17
"16" "16" 1998-02-13 32.42 "CHH" "" "PHI" "W" 7 0 24.0833333333333 0.8 0.773 0 12.9 5.6 32 2.4 3.6 7.8 26.6 149 112 17 20
"17" "17" 1998-02-16 32.43 "CHH" "@" "UTA" "L" -6 0 24.0333333333333 0.073 0 5 15 10 11.1 0 0 22.5 17.3 32 110 -5 -18.9
"18" "18" 1998-02-18 32.44 "CHH" "@" "GSW" "L" -11 0 28.4333333333333 0.583 0.583 0 4.5 2 13.3 0 0 33.3 14.8 80 106 1.5 -6.7
"19" "19" 1998-02-20 32.44 "CHH" "@" "PHO" "L" -16 0 5.55 0.902 0.833 0 0 0 36.4 0 0 0 30.6 179 129 6.4 28.2
"20" "20" 1998-02-21 32.44 "CHH" "@" "LAC" "W" 13 0 32.8333333333333 0.739 0.786 0 3.2 1.9 8.1 3.3 0 0 10.8 160 112 10.2 4.9
"21" "21" 1998-02-23 32.45 "CHH" "@" "DEN" "W" 20 0 9.45 0.25 0.25 16.2 0 7.7 29.1 0 7.4 14.3 37.8 82 115 1 -13.6
"22" "22" 1998-02-25 32.45 "CHH" "@" "DET" "W" 10 0 22.9166666666667 0.595 0.6 0 5 2.7 7.8 2.6 0 0 14.2 123 112 5.1 -2
"23" "23" 1998-02-28 32.46 "CHH" "" "ORL" "W" 10 0 5.66666666666667 0.615 0.5 0 0 0 0 0 0 0 21.5 134 113 2 -2.3
"24" "24" 1998-03-02 32.47 "CHH" "" "GSW" "W" 29 0 13.2 0.333 0.333 0 8.8 4.5 17.9 7.7 0 25 13.2 73 79 2.6 0.3
"25" "25" 1998-03-04 32.47 "CHH" "" "MIN" "W" 10 0 16.6 0.628 0.5 7.6 17.1 12.1 0 3.4 0 10.2 27.5 136 120 8.2 1.9
"26" "26" 1998-03-06 32.48 "CHH" "" "SEA" "W" 6 0 20.4833333333333 0.762 0.75 6.9 7.3 7.1 14.3 2.7 0 6.5 34.2 158 112 16.7 19.5
"27" "27" 1998-03-08 32.48 "CHH" "@" "NJN" "W" 9 0 12.45 0.5 0.5 14.3 9.5 11.4 0 0 5.3 50 16.5 64 115 -0.5 -10.6
"28" "28" 1998-03-11 32.49 "CHH" "" "NYK" "W" 7 0 11.0833333333333 0.375 0.375 0 9.3 4.7 0 0 0 20 22.3 58 97 -0.5 -10.8
"29" "29" 1998-03-13 32.5 "CHH" "@" "ORL" "W" 18 0 5.01666666666667 0.333 0.333 0 0 0 0 0 0 25 36.7 50 104 -0.7 -23.1
"30" "30" 1998-03-14 32.5 "CHH" "" "WAS" "L" -3 0 9.5 0 0 0 26 12.3 32.3 0 0 0 10.4 51 100 -0.6 -13.6
"31" "31" 1998-03-16 32.51 "CHH" "" "DEN" "W" 22 0 14 0.425 0.5 7.8 16.7 12.1 31 3.7 0 25.4 23.6 85 92 3.5 -1.8
"32" "32" 1998-03-18 32.51 "CHH" "" "UTA" "W" 26 0 14.2333333333333 0.778 0.778 0 12.9 8 14 0 0 0 31.2 140 94 9.8 8.6
"33" "33" 1998-03-20 32.52 "CHH" "@" "SAS" "W" 10 0 5.91666666666667 NA NA 0 0 0 0 0 0 100 8.4 0 101 -1.4 -16.1
"34" "34" 1998-03-24 32.53 "CHH" "@" "TOR" "W" 17 0 14.8833333333333 0.424 0.389 12.8 6.2 9.4 30.6 3.1 0 0 26.7 108 91 7.7 6
"35" "" 1998-03-26 32.53 "CHH" "" "MIL" "W" 14 NA NA NA NA NA NA NA NA NA NA NA NA NA NA NA NA
"36" "35" 1998-03-27 32.54 "CHH" "@" "IND" "L" -37 0 23.55 0.5 0.5 0 0 0 16 4.4 0 30 16.5 77 140 2.1 -6.1
"37" "36" 1998-03-29 32.54 "CHH" "@" "CLE" "L" -15 0 5.6 0 0 0 0 0 0 0 0 0 16.5 0 121 -1.4 -22.3
"38" "37" 1998-03-31 32.55 "CHH" "" "PHI" "W" 8 0 4.6 0.75 0.75 0 0 0 0 0 0 0 19.6 137 110 1.6 2.9
"39" "38" 1998-04-03 32.56 "CHH" "" "IND" "W" 7 0 2.78333333333333 0 0 0 0 0 0 0 0 50 31.4 0 112 -1.7 -39.7
"40" "39" 1998-04-04 32.56 "CHH" "@" "MIA" "L" -13 0 20.3 0.583 0.583 0 10.9 5.2 23.3 2.5 0 7.7 30.2 104 103 9.6 9.1
"41" "40" 1998-04-06 32.56 "CHH" "@" "NJN" "L" -10 0 11.4 0.405 0.389 0 12.5 5.9 33.7 0 0 0 37.9 102 129 4.2 -3.5
"42" "41" 1998-04-08 32.57 "CHH" "@" "PHI" "L" -8 0 6.68333333333333 0.725 0 0 18 9 0 0 0 0 17.9 169 124 3.6 5
"43" "42" 1998-04-10 32.58 "CHH" "" "ATL" "L" -12 0 7.36666666666667 0.333 0.333 0 0 0 0 0 0 0 20 77 128 0.3 -11.4
"44" "" 1998-04-12 32.58 "CHH" "" "DET" "W" 2 NA NA NA NA NA NA NA NA NA NA NA NA NA NA NA NA
"45" "" 1998-04-14 32.59 "CHH" "@" "MIL" "W" 22 NA NA NA NA NA NA NA NA NA NA NA NA NA NA NA NA
"46" "" 1998-04-15 32.59 "CHH" "" "NJN" "W" 6 NA NA NA NA NA NA NA NA NA NA NA NA NA NA NA NA
"47" "" 1998-04-17 32.59 "CHH" "@" "ATL" "L" -17 NA NA NA NA NA NA NA NA NA NA NA NA NA NA NA NA
"48" "" 1998-04-19 32.6 "CHH" "" "ORL" "W" 13 NA NA NA NA NA NA NA NA NA NA NA NA NA NA NA NA
"1" "1" 1999-02-05 33.4 "SAC" "@" "SAS" "L" -18 0 7.26666666666667 0.5 0.5 0 0 0 0 7 0 0 11.1 114 99 1.2 -1
"2" "" 1999-02-07 33.41 "SAC" "" "VAN" "W" 22 NA NA NA NA NA NA NA NA NA NA NA NA NA NA NA NA
"3" "" 1999-02-09 33.41 "SAC" "@" "PHO" "W" 17 NA NA NA NA NA NA NA NA NA NA NA NA NA NA NA NA
"4" "" 1999-02-10 33.41 "SAC" "@" "HOU" "L" -10 NA NA NA NA NA NA NA NA NA NA NA NA NA NA NA NA
"5" "" 1999-02-15 33.43 "SAC" "@" "UTA" "L" -8 NA NA NA NA NA NA NA NA NA NA NA NA NA NA NA NA
"6" "2" 1999-02-16 33.43 "SAC" "" "BOS" "W" 3 0 18.6 0.143 0.143 0 4.9 2.7 26.3 0 0 22.2 19.1 52 107 -2.6 -14.6
"7" "3" 1999-02-17 33.43 "SAC" "@" "SEA" "W" 3 0 7.38333333333333 0.945 0.833 0 11.5 7.1 0 0 0 29.6 45 122 106 4.4 2.3
"8" "4" 1999-02-19 33.44 "SAC" "" "CHH" "W" 11 0 22.1666666666667 0.727 0.727 0 8.6 4.8 15.1 4.2 0 8.3 22.2 137 92 12.9 12.5
"9" "5" 1999-02-21 33.44 "SAC" "@" "MIN" "L" -12 0 21.2333333333333 0.4 0.375 0 8 4.2 9.6 0 2.5 6.8 26.8 87 108 3.6 -4.8
"10" "6" 1999-02-22 33.45 "SAC" "@" "ORL" "L" -11 0 25.7333333333333 0.381 0.286 0 9 4.8 4.8 0 0 11.3 15.2 80 119 1 -12
"11" "7" 1999-02-24 33.45 "SAC" "@" "PHI" "L" -13 0 15.6333333333333 0.347 0.25 0 11.8 6.1 0 0 0 18.8 27.7 63 100 -0.8 -11.2
"12" "8" 1999-02-25 33.45 "SAC" "@" "WAS" "W" 10 0 20.4 0.813 0.813 5.5 5.3 5.4 23.2 0 0 33.3 24.5 106 113 6.1 -2.3
"13" "9" 1999-02-27 33.46 "SAC" "@" "DAL" "L" -7 0 26.2166666666667 0.557 0.5 0 5.8 3.3 12.5 3.9 0 9.2 17.7 118 101 7.7 3.6
"14" "10" 1999-03-01 33.47 "SAC" "" "SEA" "L" -3 0 15.25 0.269 0.286 0 14.9 7.3 40.5 0 0 11.8 23 70 103 0.3 -9.2
"15" "11" 1999-03-02 33.47 "SAC" "@" "VAN" "W" 10 0 21.7833333333333 0.409 0.409 5.2 17.2 10.9 18 4.6 0 15.4 25.3 91 104 6.6 -2.3
"16" "12" 1999-03-03 33.47 "SAC" "" "POR" "L" -4 0 27.05 0.583 0.583 0 8.2 3.8 7.8 0 0 14.3 23.2 101 104 5.7 0.8
"17" "13" 1999-03-06 33.48 "SAC" "@" "PHO" "W" 12 0 19.05 0.732 0.75 0 0 0 8.6 5.1 0 10.1 22.4 131 100 10.3 9.2
"18" "14" 1999-03-07 33.48 "SAC" "" "DAL" "W" 5 0 28.9666666666667 0.564 0.625 0 3.1 1.7 21.1 3.6 0 0 15.4 128 100 9.3 4.3
"19" "15" 1999-03-09 33.49 "SAC" "@" "POR" "L" -5 0 23.5166666666667 0.313 0.313 0 0 0 29.4 0 0 0 14.4 94 115 2.9 -3.8
"20" "16" 1999-03-11 33.49 "SAC" "@" "LAC" "L" -14 0 23.0333333333333 0.536 0.438 4.3 9.5 6.7 23.4 0 0 9.7 20.8 112 121 6.8 -1.3
"21" "17" 1999-03-12 33.5 "SAC" "" "MIN" "L" -6 0 26.9666666666667 0.509 0.417 4.1 8.9 6.4 24.2 0 2.3 30.4 15.9 92 114 5 -0.8
"22" "18" 1999-03-14 33.5 "SAC" "" "LAL" "W" 4 0 20.05 0.6 0.6 0 5 2.8 15.4 2.4 0 28.6 15.3 91 103 2.8 -2
"23" "19" 1999-03-15 33.5 "SAC" "@" "GSW" "W" 6 0 17.8833333333333 0.375 0.375 0 0 0 7 0 0 0 9.7 91 116 0.9 -10
"24" "20" 1999-03-16 33.51 "SAC" "" "SAS" "L" -12 0 18.0666666666667 0.881 0.833 0 8.3 3.1 0 0 0 9.9 21.3 162 124 10.7 8.8
"25" "21" 1999-03-18 33.51 "SAC" "" "POR" "L" -10 0 20.4666666666667 0.431 0.4 4.1 11.2 7.1 0 2.5 0 22.3 27.4 71 95 2.1 -3.7
"26" "22" 1999-03-20 33.52 "SAC" "@" "DAL" "L" -14 0 17.5666666666667 0.581 0.5 0 0 0 9.3 3.1 0 12.7 22.5 104 118 3.7 -2.2
"27" "23" 1999-03-22 33.52 "SAC" "@" "HOU" "L" -10 0 28.2833333333333 0.762 0.667 0 4.3 1.9 6.2 1.7 0 15.5 29.1 128 114 16.8 8.2
"28" "24" 1999-03-24 33.53 "SAC" "" "NYK" "W" 1 0 26.9166666666667 0.552 0.5 0 17.3 8.7 0 0 0 10.4 32.7 96 99 8.5 -1.9
"29" "25" 1999-03-26 33.53 "SAC" "@" "LAL" "W" 2 0 15.8666666666667 0.676 0.688 0 8.3 3.8 9.1 0 0 25.3 32.9 93 119 4.8 -4.7
"30" "26" 1999-03-28 33.54 "SAC" "" "HOU" "L" -14 0 24.8833333333333 0.356 0.25 7 9.1 7.9 6 0 0 7.3 21.7 91 119 2.1 -8.8
"31" "27" 1999-03-30 33.55 "SAC" "" "UTA" "W" 3 0 39.7666666666667 0.685 0.714 0 3.8 1.6 6.9 4.2 0 7.7 31.5 122 107 21.5 9.2
"32" "28" 1999-03-31 33.55 "SAC" "@" "POR" "L" -14 0 20.05 0.5 0.5 5 0 2.5 0 0 0 0 19 119 117 4.2 -0.8
"33" "29" 1999-04-03 33.56 "SAC" "@" "MIN" "L" -9 0 20.2833333333333 0.768 0.813 0 0 0 17.8 2.6 0 9.3 23.7 133 115 11.6 12.5
"34" "30" 1999-04-06 33.56 "SAC" "@" "SEA" "W" 6 0 24.0333333333333 0.324 0.269 0 8.8 5 5.8 0 0 22.4 34.5 56 109 -2.4 -22.8
"35" "31" 1999-04-07 33.57 "SAC" "" "LAL" "L" -15 1 31.6833333333333 0.282 0.25 0 10.7 5.4 13.6 1.5 0 18.4 14.3 63 108 0.2 -9.4
"36" "32" 1999-04-10 33.58 "SAC" "" "DEN" "W" 6 0 20.9333333333333 0.786 0.786 0 4.5 2.5 0 0 0 12.5 16.3 129 113 6.2 0.3
"37" "33" 1999-04-11 33.58 "SAC" "@" "VAN" "W" 3 0 27.9 0.611 0.611 4.5 9.3 6.9 22 1.9 0 18.2 18.4 109 101 8.6 3.3
"38" "34" 1999-04-13 33.58 "SAC" "" "UTA" "L" -5 0 10.6166666666667 0 0 0 21.4 10.7 0 0 0 25 15.9 0 110 -2.5 -21
"39" "35" 1999-04-15 33.59 "SAC" "" "SEA" "L" -1 0 24.3166666666667 0.615 0.615 0 4.1 2 7.7 2.2 0 7.1 24.8 115 101 9.5 7.8
"40" "36" 1999-04-17 33.59 "SAC" "" "DEN" "W" 22 0 12.3833333333333 0.515 0.5 0 14.5 8.4 9.5 0 0 20.5 17.2 93 104 2.2 -5.9
"41" "37" 1999-04-19 33.6 "SAC" "@" "LAC" "W" 4 0 12 0.394 0.313 0 0 0 11.8 0 0 0 32.1 101 111 2.9 -5.1
"42" "38" 1999-04-21 33.61 "SAC" "" "GSW" "W" 9 0 25.3166666666667 0.55 0.409 6.9 18.8 12.6 21.9 2 0 6.8 23.8 127 98 13.5 8
"43" "39" 1999-04-23 33.61 "SAC" "" "MIN" "W" 8 0 26.1166666666667 0.311 0.278 3.8 4.3 4 7.2 3.8 0 0 29.6 85 103 3.5 -8.2
"44" "40" 1999-04-24 33.61 "SAC" "" "DAL" "W" 3 0 24.9 0.699 0.682 0 4.2 2.1 6.5 0 0 0 20.4 146 118 10.9 5.6
"45" "41" 1999-04-26 33.62 "SAC" "@" "GSW" "L" -25 0 9.28333333333333 0.5 0.5 0 13 6 55.8 0 0 0 14.8 135 126 1.7 -2.1
"46" "42" 1999-04-27 33.62 "SAC" "" "SAS" "W" 4 0 33.8833333333333 0.494 0.429 0 15.1 8.2 5.3 1.4 0 19.8 25.9 81 90 6.1 -2.3
"47" "43" 1999-04-29 33.63 "SAC" "" "LAC" "W" 22 0 20.75 0.735 0.7 4.2 0 2.2 0 2.2 0 21.6 25.1 111 86 8.5 6.6
"48" "44" 1999-05-02 33.64 "SAC" "" "PHO" "W" 11 0 22.6833333333333 0.454 0.333 0 9.3 4.3 26.4 2.2 3 5.4 33.5 107 108 10 0.5
"49" "45" 1999-05-03 33.64 "SAC" "@" "DEN" "W" 8 0 33.35 0.349 0.346 0 10.4 5.6 12.1 1.5 0 6.5 20.8 76 112 4.7 -9.6
"50" "46" 1999-05-05 33.64 "SAC" "" "VAN" "W" 4 0 27.7 0.34 0.267 0 7.5 3.5 5.9 1.7 0 10.2 27.8 78 100 1.8 -8.3
"1" "1" 1999-11-02 34.14 "SEA" "@" "LAC" "W" 12 0 28.05 0.726 0.625 0 7.5 3.5 7.4 0 0 9.1 31.9 140 104 19.1 11.1
"2" "2" 1999-11-04 34.15 "SEA" "" "DAL" "W" 10 0 30.55 0.59 0.531 2.9 3.6 3.2 15.6 0 0 0 24.9 140 104 15.9 6.5
"3" "3" 1999-11-06 34.15 "SEA" "" "UTA" "W" 5 0 27.6 0.615 0.583 5.2 8.9 7.2 11.7 0 0 6.4 28.4 126 118 12.1 2
"4" "4" 1999-11-08 34.16 "SEA" "@" "PHI" "L" -19 0 25.8166666666667 0.328 0.3 0 8 3.8 6.2 0 0 0 27.5 78 127 0.6 -14.4
"5" "5" 1999-11-10 34.16 "SEA" "@" "WAS" "W" 14 0 25.6833333333333 0.756 0.733 5.1 0 2.4 19.5 0 0 15.9 31.8 124 103 16.5 8.7
"6" "6" 1999-11-11 34.16 "SEA" "@" "CLE" "W" 6 0 31.5166666666667 0.282 0.25 3 8.4 5.8 21.6 1.6 3.6 5.3 24.6 78 103 5.7 -4.3
"7" "7" 1999-11-13 34.17 "SEA" "@" "DET" "L" -8 0 22.2833333333333 0.295 0.318 0 5.2 2.4 21.5 0 0 7.8 23.7 70 112 -0.5 -10.7
"8" "8" 1999-11-15 34.18 "SEA" "@" "NJN" "W" 8 0 29.45 0.589 0.423 0 8.3 5.2 12.4 1.8 0 5.3 28.2 134 102 15.4 6
"9" "9" 1999-11-17 34.18 "SEA" "" "GSW" "W" 3 0 24.0833333333333 0.551 0.5 5.4 5.6 5.5 28.6 4.1 0 15.5 24.1 109 110 10.7 0.8
"10" "10" 1999-11-18 34.18 "SEA" "@" "VAN" "W" 2 0 29.8666666666667 0.672 0.647 0 4.2 1.8 7.1 3.4 0 4.7 31.1 128 116 18.7 8.2
"11" "11" 1999-11-20 34.19 "SEA" "" "HOU" "W" 3 0 31.2 0.594 0.528 3.3 3.4 3.3 15.7 4.8 0 4.7 29.4 123 110 18.9 7.9
"12" "12" 1999-11-21 34.19 "SEA" "@" "PHO" "L" -13 0 33.6666666666667 0.46 0.45 0 5.8 2.8 11.2 4.4 0 15.5 31 86 102 9 2.7
"13" "13" 1999-11-26 34.21 "SEA" "" "LAC" "W" 5 0 31 0.344 0.333 0 16.7 8.3 9.9 3.3 0 5 28.2 80 97 4.4 -8
"14" "14" 1999-11-28 34.21 "SEA" "" "IND" "W" 11 0 7.71666666666667 0.258 0 0 0 0 0 0 0 20.5 25.7 48 107 -2.3 -25.8
"15" "15" 1999-11-30 34.22 "SEA" "" "LAL" "L" -24 0 25.2666666666667 0.213 0.1 0 16 6.7 13.2 0 3 7.8 24.4 52 118 -0.4 -11.7
"16" "" 1999-12-02 34.22 "SEA" "@" "GSW" "W" 9 NA NA NA NA NA NA NA NA NA NA NA NA NA NA NA NA
"17" "16" 1999-12-04 34.23 "SEA" "@" "LAC" "W" 13 0 12.05 0.595 0.5 0 0 0 13.8 0 0 0 22.7 141 113 4.6 1.9
"18" "17" 1999-12-05 34.23 "SEA" "" "CHH" "L" -22 0 26.7333333333333 0.358 0.367 6.3 8.9 7.4 0 1.9 0 5.6 29.1 72 111 2.3 -5.7
"19" "18" 1999-12-08 34.24 "SEA" "" "MIN" "W" 16 0 5.38333333333333 0 0 0 24 11.2 0 0 0 0 25 0 103 -1.8 -27.3
"20" "19" 1999-12-10 34.24 "SEA" "@" "UTA" "L" -18 0 21.7333333333333 0.418 0.333 5.3 0 2.6 0 2.4 0 31.7 31.7 61 114 -0.2 -11.3
"21" "20" 1999-12-11 34.25 "SEA" "" "MIA" "W" 4 0 28.1166666666667 0.472 0.346 0 0 0 6.8 3.6 3.2 15 32 83 90 6.9 -0.1
"22" "21" 1999-12-14 34.25 "SEA" "" "DEN" "W" 25 0 14.1833333333333 0.214 0.214 0 13.4 7.4 16.9 0 0 12.5 23 57 90 -0.5 -12.9
"23" "22" 1999-12-16 34.26 "SEA" "" "POR" "L" -26 0 19.5 0.45 0.45 0 6 2.9 0 0 3.8 16.7 28.8 74 119 2.2 -3.9
"24" "23" 1999-12-18 34.27 "SEA" "" "VAN" "W" 23 0 17.3833333333333 0.558 0.444 0 13.7 6.9 36.8 2.9 4.4 8.5 29.5 124 92 9.8 9.3
"25" "24" 1999-12-20 34.27 "SEA" "@" "CHI" "W" 9 0 22.0833333333333 0.507 0.438 5.6 14.2 10.3 23.8 2.4 0 10.1 22.3 106 94 8.3 2.5
"26" "25" 1999-12-21 34.27 "SEA" "@" "IND" "L" -10 0 29.5666666666667 0.535 0.5 3.6 4.2 3.9 0 3.5 0 5.9 25.5 109 119 10.5 1
"27" "26" 1999-12-23 34.28 "SEA" "@" "MIN" "L" -7 0 21 0.463 0.464 0 9.5 4.9 9.4 0 0 0 35.5 97 122 7.3 -4.4
"28" "27" 1999-12-26 34.29 "SEA" "" "PHI" "L" -6 0 13.3666666666667 0.309 0.2 0 0 0 0 3.6 0 0 35.4 71 96 1.4 -5.4
"29" "28" 1999-12-28 34.29 "SEA" "@" "POR" "L" -5 0 27.3666666666667 0.483 0.5 0 8.5 3.8 7.1 0 0 0 25.4 103 110 6.7 -1.8
"30" "" 1999-12-29 34.3 "SEA" "" "SAC" "L" -9 NA NA NA NA NA NA NA NA NA NA NA NA NA NA NA NA
"31" "29" 2000-01-04 34.31 "SEA" "@" "HOU" "W" 7 0 31.3666666666667 0.21 0.136 0 3.3 1.6 18.7 6.5 0 14.4 19.5 60 95 3.1 -5
"32" "30" 2000-01-05 34.32 "SEA" "@" "SAS" "W" 3 0 5.43333333333333 0 0 0 24.6 11.3 22.9 0 0 0 27.8 22 110 -1.1 -22.6
"33" "31" 2000-03-10 34.49 "SEA" "" "GSW" "W" 14 0 9 0.375 0.375 0 0 0 16.8 0 0 0 19.1 93 101 1.3 -3.4
"34" "32" 2000-03-12 34.5 "SEA" "" "TOR" "L" -2 0 22.6 0.384 0.308 4 9.5 6.5 6.6 0 0 6.5 28.2 87 110 2.5 -9
"35" "33" 2000-03-13 34.5 "SEA" "@" "VAN" "W" 10 0 15.9166666666667 0.543 0.5 0 8.3 3.8 0 0 0 17.9 30.5 94 120 3.8 -8.2
"36" "34" 2000-03-16 34.51 "SEA" "" "VAN" "W" 14 0 18.0166666666667 0.571 0.5 0 8.1 4 13.7 8.4 0 20.2 24.2 101 100 7.6 2.8
"37" "35" 2000-03-18 34.52 "SEA" "" "POR" "L" -1 0 23.1333333333333 0.556 0.556 0 0 0 7 4.7 0 10 20.8 99 107 5.8 1.5
"38" "36" 2000-03-21 34.52 "SEA" "" "DET" "L" -10 0 24.75 0.359 0.313 0 5.1 2.2 6.2 4.2 0 9.3 18.1 79 111 2.2 -6.5
"39" "37" 2000-03-24 34.53 "SEA" "" "UTA" "L" -3 0 26.05 0.537 0.533 5.3 4.3 4.7 8.4 4 2.5 5.6 33.3 98 103 10.9 5.1
"40" "38" 2000-03-27 34.54 "SEA" "" "SAS" "L" -8 0 26.7666666666667 0.3 0.3 0 13 6 11.6 0 2.4 0 16.9 77 107 2.8 -5.7
"41" "39" 2000-03-29 34.55 "SEA" "" "NYK" "L" -15 0 14.65 0.438 0.438 6.4 17.3 11 26.2 3.5 0 11.1 27.7 89 119 4.9 -1.5
"42" "40" 2000-03-31 34.55 "SEA" "" "SAC" "W" 15 0 14.2666666666667 0.218 0.167 0 0 0 22.6 0 0 12.7 23.1 63 113 -0.5 -16.1
"43" "41" 2000-04-02 34.56 "SEA" "@" "POR" "L" -13 0 21.3333333333333 0.571 0.571 0 16.3 7.7 9.1 0 3.6 22.2 19.1 87 105 3 0
"44" "42" 2000-04-04 34.56 "SEA" "" "DEN" "W" 13 0 15.7 0.313 0.313 0 12.5 6.7 17.1 0 0 11.1 24.9 71 104 0.4 -12.4
"45" "" 2000-04-07 34.57 "SEA" "" "HOU" "L" -3 NA NA NA NA NA NA NA NA NA NA NA NA NA NA NA NA
"46" "" 2000-04-08 34.57 "SEA" "@" "DEN" "L" -8 NA NA NA NA NA NA NA NA NA NA NA NA NA NA NA NA
"47" "43" 2000-04-10 34.58 "SEA" "@" "LAL" "L" -3 0 3.2 0 0 0 0 0 90.6 0 0 0 59.7 29 115 -1.8 -34
"48" "44" 2000-04-12 34.58 "SEA" "" "MIN" "W" 27 0 19.95 0.791 0.7 0 0 0 0 0 0 0 27.5 166 99 14.2 15.4
"49" "45" 2000-04-14 34.59 "SEA" "@" "DAL" "L" -14 0 18.1666666666667 0.387 0.278 0 12.1 5.4 7.9 2.8 0 7.9 28.8 86 119 3.2 -7.2
"50" "46" 2000-04-16 34.59 "SEA" "@" "HOU" "W" 9 0 14.0833333333333 0.237 0.25 7 8.8 7.8 7.9 0 0 19.2 28.6 54 117 -2.3 -22.8
"51" "47" 2000-04-18 34.6 "SEA" "@" "SAC" "W" 7 0 3.73333333333333 0.333 0.333 0 25.5 12.5 0 0 0 0 30.7 74 108 0.6 -13.7
"52" "" 2000-04-19 34.6 "SEA" "" "LAC" "L" -8 NA NA NA NA NA NA NA NA NA NA NA NA NA NA NA NA
"1" "1" 2000-10-31 35.13 "PHI" "@" "NYK" "W" 29 0 22.2833333333333 0 0 0 5.1 2.9 5.7 0 0 33.3 14.2 12 95 -5.8 -20.3
"2" "2" 2000-11-01 35.14 "PHI" "" "TOR" "W" 6 0 12.0166666666667 0.5 0.5 9.8 0 4.8 0 0 0 0 28.7 125 121 4.3 2
"3" "3" 2000-11-03 35.14 "PHI" "@" "ORL" "W" 7 0 18.1333333333333 0.666 0.5 0 15.1 7.8 45.1 2.6 0 0 15.3 158 78 9.8 15.2
"4" "4" 2000-11-04 35.15 "PHI" "@" "MIA" "W" 2 0 29.85 0.116 0.083 0 11.4 5.6 0 1.9 0 0 21.1 27 99 -4.3 -15.8
"5" "5" 2000-11-08 35.16 "PHI" "" "DET" "W" 9 0 24.7166666666667 0.697 0.667 5.6 12 9.4 30.2 4.1 0 21.8 24.7 117 96 12.5 8.7
"6" "6" 2000-11-09 35.16 "PHI" "@" "MIN" "W" 2 0 12.6 0.543 0 0 0 0 13.2 0 0 0 9.5 141 100 1.8 1.6
"7" "7" 2000-11-11 35.16 "PHI" "" "BOS" "W" 2 0 6.33333333333333 0 0 0 17 8.6 0 0 0 0 29 0 92 -2.5 -23.6
"8" "8" 2000-11-15 35.18 "PHI" "" "CLE" "W" 9 0 7.03333333333333 0 0 0 0 0 0 0 0 0 6.4 0 117 -0.7 -11.2
"9" "9" 2000-11-17 35.18 "PHI" "" "MIA" "W" 21 0 13.0833333333333 0.5 0.5 0 9.2 5.1 13.7 0 0 12.5 30.9 89 96 3.3 -3.2
"10" "10" 2000-11-20 35.19 "PHI" "@" "BOS" "W" 24 0 13.8 0.333 0.333 0 28 14.4 9.5 0 0 14.3 21.3 67 91 1.1 -12.2
"11" "11" 2000-11-22 35.19 "PHI" "@" "CHH" "L" -15 0 14.8666666666667 0.727 0.667 0 7 3.2 17.4 0 0 0 21.7 147 106 8 16.7
"12" "12" 2000-11-24 35.2 "PHI" "@" "ATL" "W" 9 0 16.7833333333333 0.417 0.417 6.6 12 9.4 12.6 3.2 0 0 16.1 105 78 4.6 7.5
"13" "13" 2000-11-25 35.2 "PHI" "@" "SAS" "L" -20 0 18.1833333333333 0.363 0.333 0 24.8 11.9 24.6 2.8 0 12.7 18.9 78 99 3.4 2
"14" "14" 2000-11-29 35.21 "PHI" "" "WAS" "W" 6 0 13.8666666666667 0.34 0.3 0 0 0 12 0 0 0 18.7 83 101 0.8 -7.2
"15" "15" 2000-12-01 35.22 "PHI" "" "CHH" "W" 21 0 6.91666666666667 0 0 0 0 0 0 7.9 0 33.3 19.5 0 84 -1.4 -13.7
"16" "" 2000-12-02 35.22 "PHI" "@" "CLE" "W" 34 NA NA NA NA NA NA NA NA NA NA NA NA NA NA NA NA
"17" "16" 2000-12-04 35.23 "PHI" "@" "DEN" "L" -7 0 3.53333333333333 0.5 0.5 0 0 0 0 0 0 0 30.7 102 118 1.3 6.4
"18" "17" 2000-12-05 35.23 "PHI" "@" "LAL" "L" -11 0 5.5 NA NA 0 19.5 9.3 0 0 0 NA 0 0 110 0.3 -3.7
"19" "18" 2000-12-08 35.24 "PHI" "@" "POR" "W" 13 1 16.5833333333333 0.7 0.7 0 7.1 3.7 26.9 0 0 28.6 18.8 104 106 3.5 -2.9
"20" "19" 2000-12-09 35.24 "PHI" "@" "VAN" "W" 4 1 21.4833333333333 0.25 0.25 0 11.4 5.5 7.2 7.6 0 0 8.8 65 80 2.7 1
"21" "20" 2000-12-11 35.25 "PHI" "" "MIN" "L" -5 1 22.05 0.444 0.5 0 4.6 2.5 19.4 2.4 0 20.2 21.2 75 99 3.2 -0.2
"22" "21" 2000-12-13 35.25 "PHI" "@" "WAS" "W" 20 1 20.4333333333333 0.45 0.45 0 10.9 5.3 23.4 0 0 0 20.9 111 91 3.9 -2
"23" "22" 2000-12-15 35.26 "PHI" "" "DAL" "L" -18 1 26.9333333333333 0.714 0.714 0 11.3 6.1 13.7 1.9 0 41.7 20.1 81 121 4.6 -2.9
"24" "23" 2000-12-16 35.26 "PHI" "@" "CHI" "W" 8 1 16.0333333333333 1.125 1.125 0 0 0 10.7 0 0 0 12.3 224 116 7.3 14
"25" "24" 2000-12-20 35.27 "PHI" "" "UTA" "L" -2 0 11.15 0 0 0 11.2 5.3 0 0 0 0 12.3 0 109 -1.8 -13.7
"26" "25" 2001-03-03 35.47 "DAL" "" "HOU" "W" 5 0 22.2833333333333 0.317 0.286 0 9.5 5 12.2 2.3 0 11.3 18.7 67 103 2.1 -7
"27" "26" 2001-03-05 35.48 "DAL" "@" "ORL" "L" -14 0 21.5 0.424 0.389 0 28.6 14.1 0 0 0 17.5 23.6 68 93 1.1 -5.7
"28" "27" 2001-03-07 35.48 "DAL" "@" "MIA" "W" 7 0 11.9666666666667 0.2 0.2 0 0 0 12.5 4.5 0 0 22.2 52 97 -1 -15.2
"29" "28" 2001-03-09 35.49 "DAL" "" "GSW" "W" 29 0 18.3833333333333 0.5 0.5 0 4.8 2.5 17.8 5.6 3.9 22.2 20.7 84 74 5.3 5.9
"30" "29" 2001-03-11 35.49 "DAL" "" "LAC" "W" 18 0 17 0.125 0.125 0 13.4 6.9 6.7 0 0 11.1 23.5 32 105 -3.7 -24.5
"31" "30" 2001-03-13 35.5 "DAL" "" "NJN" "W" 24 0 17.6166666666667 0.698 0.714 0 6.4 3.3 17.3 0 0 20.2 24.7 107 104 6.2 -0.2
"32" "31" 2001-03-15 35.5 "DAL" "" "MIN" "W" 20 0 6.08333333333333 0 0 0 14 8.3 0 0 0 0 7.7 0 95 -0.4 -8.4
"33" "32" 2001-03-17 35.51 "DAL" "" "PHO" "W" 10 0 5.91666666666667 0.75 0.75 0 0 0 0 0 0 0 14.7 150 117 2 6.8
"34" "33" 2001-03-20 35.52 "DAL" "" "POR" "L" -8 0 5.61666666666667 0 0 0 0 0 0 0 0 0 31.1 0 116 -3.2 -36.9
"35" "34" 2001-03-21 35.52 "DAL" "@" "MIN" "L" -12 0 20.85 0.342 0.286 0 13.4 6.3 7.5 2.5 3 10.2 20.5 72 117 2.7 -5.4
"36" "" 2001-03-24 35.53 "DAL" "" "CHH" "W" 3 NA NA NA NA NA NA NA NA NA NA NA NA NA NA NA NA
"37" "35" 2001-03-26 35.53 "DAL" "@" "UTA" "W" 8 0 6.73333333333333 0 0 0 12.5 6.8 21.4 0 10.2 0 13.1 25 96 -0.5 -6.2
"38" "" 2001-03-28 35.54 "DAL" "@" "POR" "W" 10 NA NA NA NA NA NA NA NA NA NA NA NA NA NA NA NA
"39" "" 2001-03-30 35.55 "DAL" "@" "LAL" "L" -9 NA NA NA NA NA NA NA NA NA NA NA NA NA NA NA NA
"40" "36" 2001-04-01 35.55 "DAL" "@" "SAC" "W" 12 0 11.2333333333333 0.875 0.875 10.1 0 5.2 12.2 0 0 0 15 180 114 6.4 10.9
"41" "37" 2001-04-03 35.56 "DAL" "@" "HOU" "W" 12 0 32.95 0.4 0.4 0 8.7 4.8 14.7 1.5 0 9.1 15.2 91 104 4.3 -0.5
"42" "38" 2001-04-05 35.56 "DAL" "" "ATL" "W" 14 0 10.0833333333333 0.75 0.75 0 11.2 5.3 0 0 0 0 17.6 132 102 3.9 6.2
"43" "39" 2001-04-07 35.57 "DAL" "" "UTA" "L" -13 0 22.3166666666667 0.667 0.667 0 0 0 0 4.7 0 0 13.1 119 122 6.2 5.5
"44" "40" 2001-04-10 35.58 "DAL" "@" "SAS" "L" -12 0 7.71666666666667 0 0 0 27.3 12.9 0 0 0 25 22.6 0 102 -2.5 -22.6
"45" "" 2001-04-11 35.58 "DAL" "@" "PHO" "L" -5 NA NA NA NA NA NA NA NA NA NA NA NA NA NA NA NA
"46" "" 2001-04-13 35.58 "DAL" "" "SAC" "W" 4 NA NA NA NA NA NA NA NA NA NA NA NA NA NA NA NA
"47" "41" 2001-04-15 35.59 "DAL" "@" "SEA" "W" 8 0 21.9833333333333 0.7 0.7 0 13.9 6.9 16.7 2.3 0 28.6 13.8 100 95 5.6 3.3
"48" "42" 2001-04-16 35.59 "DAL" "@" "GSW" "W" 9 0 6.11666666666667 0 0 0 0 0 22.2 0 0 50 15.1 30 112 -2.2 -22.3
"49" "43" 2001-04-18 35.6 "DAL" "" "MIN" "W" 20 0 20.05 0.078 0 0 13.6 7.7 9.6 0 0 31.8 19.9 24 102 -4.3 -21.1
