"Rk" "G" "Date" "Age" "Tm" "H/A" "Opp" "W/L" "By Amt" "GS" "MP" "TS%" "eFG%" "ORB%" "DRB%" "TRB%" "AST%" "STL%" "BLK%" "TOV%" "USG%" "ORtg" "DRtg" "GmSc" "BPM"
"1" "1" 1986-03-04 23.62 "CLE" "@" "LAC" "L" -5 0 3 NA NA 0 0 0 0 0 0 NA 0 0 114 -0.4 -10.1
"2" "2" 1986-03-05 23.62 "CLE" "@" "PHO" "W" 15 0 23 0.507 0.5 9.3 16.7 13.2 0 0 0 18.4 18.4 93 97 4.4 -6.3
"3" "3" 1986-03-07 23.63 "CLE" "@" "SEA" "L" -14 0 9 1 1 11.1 0 6.7 16 0 0 33.3 12.6 125 122 3.4 1.1
"4" "4" 1986-03-08 23.63 "CLE" "@" "GSW" "L" -10 0 23 0.75 0.75 0 0 0 0 0 0 0 6.6 156 137 3.6 -3.4
"5" "5" 1986-03-11 23.64 "CLE" "@" "NYK" "W" 5 0 15 0.25 0.25 6.4 38.1 20.9 9.5 0 0 0 10.5 83 105 2.1 -6
"6" "6" 1986-03-12 23.64 "CLE" "" "WSB" "L" -14 0 7 0.102 0 16.7 0 8.7 0 6.8 0 0 28 44 118 -0.9 -20.9
"7" "7" 1986-03-14 23.65 "CLE" "@" "PHI" "L" -9 0 13 0.5 0.5 8.4 0 4.2 10.1 0 0 0 12.4 118 112 2.2 -4.1
"8" "8" 1986-03-15 23.65 "CLE" "" "NJN" "L" -2 0 17 1 1 0 11.8 6.1 0 0 0 25 9.7 126 106 4.7 0.2
"9" "9" 1986-03-17 23.66 "CLE" "" "PHI" "L" -6 0 17 0.5 0.5 0 16 7.5 6.5 0 0 0 5 120 112 1.9 -2.8
"10" "10" 1986-03-18 23.66 "CLE" "@" "BOS" "L" -30 0 19 0 0 4.4 0 2.7 0 4.7 0 66.7 6.3 20 114 -1.2 -9.4
"11" "11" 1986-03-20 23.67 "CLE" "" "NYK" "L" -6 0 8 0 0 0 14 6.3 0 0 0 0 5.3 0 102 -0.4 -9.3
"12" "12" 1986-03-26 23.68 "CLE" "@" "NJN" "W" 2 0 1 NA NA 0 0 0 0 0 0 NA 0 0 120 0 -3.7
"13" "13" 1986-03-29 23.69 "CLE" "@" "ATL" "W" 18 0 3 0.532 0 53.3 0 20.3 0 0 0 0 28.9 147 120 2 -0.8
"14" "14" 1986-04-01 23.7 "CLE" "" "BOS" "L" -18 0 16 0.5 0.5 0 0 0 0 3 0 33.3 8.2 63 125 -0.2 -7
"15" "15" 1986-04-03 23.7 "CLE" "@" "MIL" "L" -21 0 19 0.556 0.556 19.4 5.7 13.2 18.5 0 0 0 20.2 136 124 8.6 5.1
"16" "16" 1986-04-04 23.71 "CLE" "@" "PHI" "L" -20 0 22 0.333 0.333 9.9 12.8 11.5 6 0 0 14.3 13.9 81 130 1.8 -10.5
"17" "17" 1986-04-06 23.71 "CLE" "@" "WSB" "L" -11 0 4 1 1 23.5 0 12.8 41.4 0 0 0 9.9 202 120 2.7 15.9
"18" "18" 1986-04-07 23.72 "CLE" "@" "DET" "L" -24 0 9 0.129 0 0 11.9 6.2 0 10 0 0 17.4 31 103 0 -6.6
"19" "19" 1986-04-10 23.72 "CLE" "" "MIL" "L" -1 0 7 NA NA 0 0 0 0 0 0 100 6.2 0 122 -1 -10.5
"20" "20" 1986-04-11 23.73 "CLE" "@" "BOS" "L" -13 0 15 1 1 0 18.8 8.8 0 3.2 0 0 2.8 200 114 2.9 2.7
"21" "21" 1986-04-13 23.73 "CLE" "" "CHI" "W" 7 0 16 1 1 0 17.1 8.1 8.6 0 4.3 33.3 8 120 107 3.6 2.5
"1" "1" 1986-11-01 24.28 "GSW" "" "DEN" "W" 22 0 7 0 0 0 12 7.3 0 0 0 50 10 0 96 -3 -18.9
"2" "2" 1986-11-21 24.34 "GSW" "@" "BOS" "L" -15 0 15 0.2 0.2 6.5 32 16.2 15 0 0 0 12.7 78 130 0.7 -10.7
"3" "3" 1986-11-22 24.34 "GSW" "@" "NYK" "W" 4 1 19 0.654 0.667 6.5 0 3.2 9.4 0 0 12.7 16.9 118 99 5.2 0
"4" "4" 1986-11-25 24.35 "GSW" "" "UTA" "W" 5 1 23 0.667 0.667 0 10.2 5.4 12.8 0 0 14.3 13.1 120 112 4 -4.5
"5" "5" 1986-11-28 24.36 "GSW" "@" "SAC" "W" 6 1 29 0.75 0.75 0 3.9 2.1 15.5 0 0 0 12.4 164 115 9.6 1.7
"6" "6" 1986-11-29 24.36 "GSW" "" "CHI" "W" 7 1 34 0.667 0.667 8.6 14.5 11.8 4.6 0 0 0 15.5 143 112 12.5 3.1
"7" "7" 1986-12-02 24.37 "GSW" "" "HOU" "W" 5 1 32 0.4 0.4 12.2 11.3 11.7 4.8 1.6 0 44.4 12.1 63 106 0.7 -7.6
"8" "8" 1986-12-04 24.38 "GSW" "" "LAL" "W" 10 1 33 0.4 0.4 0 9.9 5.1 0 1.4 0 0 12.7 84 108 2.5 -8.6
"9" "9" 1986-12-06 24.38 "GSW" "" "DAL" "L" -5 1 32 0.383 0.3 8.3 6.7 7.6 4.6 0 0 7.8 15.7 94 118 4 -8.2
"10" "10" 1986-12-07 24.38 "GSW" "@" "LAL" "L" -32 1 26 0.167 0.167 11.3 8.8 10.1 14.9 1.8 0 14.3 10.3 71 128 1 -7.5
"11" "11" 1986-12-09 24.39 "GSW" "" "PHO" "L" -15 1 25 0.487 0.5 17.1 24 20 8.1 1.9 2.2 10.8 29.4 96 103 11.8 2.5
"12" "12" 1986-12-11 24.39 "GSW" "@" "HOU" "W" 7 1 29 0.338 0.25 3.7 13.1 8 8.1 0 0 0 11.9 98 108 3 -7.9
"13" "13" 1986-12-13 24.4 "GSW" "@" "SAS" "W" 15 1 26 0.354 0.333 0 8.4 4.1 22.1 1.9 2.4 0 15.7 94 105 6.2 -1.2
"14" "14" 1986-12-16 24.41 "GSW" "@" "LAC" "W" 2 1 36 0.455 0.455 6.8 16.7 12.3 3.4 1.4 0 8.3 14 102 118 6.2 -6.7
"15" "15" 1986-12-18 24.41 "GSW" "" "WSB" "L" -18 1 28 0.6 0.6 3.6 9.3 6.1 0 0 0 0 15.1 126 137 6.3 -6.7
"16" "16" 1986-12-20 24.42 "GSW" "@" "DEN" "L" -16 1 35 0.4 0.4 9.1 8.2 8.7 4.5 0 0 6.3 17.1 93 120 4.6 -6.6
"17" "17" 1986-12-21 24.42 "GSW" "@" "SEA" "W" 9 1 22 0.333 0.333 0 9.1 5.2 17.3 0 0 25 6.5 87 104 0 -5.4
"18" "18" 1987-01-04 24.46 "GSW" "" "PHO" "L" -3 0 19 0.25 0.25 10.3 11.8 11 7.8 5.4 0 0 8.8 97 102 3.5 1.3
"19" "19" 1987-01-06 24.47 "GSW" "" "HOU" "W" 18 1 23 0.5 0.5 9.7 14.6 12.1 5.1 0 0 0 9.7 124 100 5.6 -0.5
"20" "20" 1987-01-08 24.47 "GSW" "" "SEA" "L" -7 1 24 0.354 0.333 16.3 11.3 13.7 11.8 0 0 9.2 17.4 92 112 3.6 -6.5
"21" "21" 1987-01-10 24.48 "GSW" "" "LAL" "W" 15 1 24 0.51 0.4 4.2 8.9 6.5 9.1 3.9 0 14.5 10.7 116 106 5 -0.2
"22" "22" 1987-01-13 24.48 "GSW" "" "SAS" "W" 2 1 29 0.769 0.769 0 2.9 1.7 0 0 0 23.5 23.8 100 113 9.6 -4.2
"23" "23" 1987-01-15 24.49 "GSW" "@" "LAL" "L" -20 1 27 0.4 0.4 7.3 17.3 11.9 20.1 0 0 0 7.2 119 123 6.3 1.1
"24" "24" 1987-01-16 24.49 "GSW" "" "LAC" "W" 12 1 23 0.368 0.4 4.5 0 2.4 5.1 2 0 15.5 10.8 80 104 1.1 -7.8
"25" "25" 1987-01-18 24.5 "GSW" "@" "POR" "W" 13 1 24 0.436 0.333 0 15.1 8.9 5.3 0 0 0 11.3 98 96 2.1 -3.8
"26" "26" 1987-01-20 24.5 "GSW" "@" "SAC" "L" -9 1 32 0.571 0.571 0 3.9 1.9 4.2 4.3 0 0 8.7 126 116 6.3 -0.1
"27" "27" 1987-01-21 24.51 "GSW" "@" "DEN" "L" -17 1 32 0.5 0.5 0 14.7 8.6 4.3 0 0 27.3 13.9 71 117 2 -7.2
"28" "28" 1987-01-23 24.51 "GSW" "@" "UTA" "L" -23 1 19 0.5 0.5 4.6 10.3 7.3 0 0 5.4 0 7.9 112 111 3.5 -1.9
"29" "29" 1987-01-27 24.52 "GSW" "" "MIL" "L" -4 1 8 0 0 13 11.1 12 14 0 0 0 9.6 60 114 -1.3 -14.3
"30" "30" 1987-01-28 24.53 "GSW" "@" "PHO" "L" -27 1 22 0.667 0.667 4.5 0 2.8 0 0 2.9 0 11.9 143 144 5.2 -4.8
"31" "31" 1987-01-30 24.53 "GSW" "" "SEA" "W" 8 1 28 0.4 0.4 20.2 9.5 14.7 3.7 0 0 16.7 9.4 111 130 3.2 -7.2
"32" "32" 1987-02-01 24.54 "GSW" "" "NJN" "W" 3 0 23 0.333 0.333 4.8 4.3 4.5 0 0 0 40 9.1 51 116 -1.9 -13.4
"33" "33" 1987-02-03 24.54 "GSW" "@" "SAS" "L" -8 0 6 0 0 0 0 0 0 0 0 0 6.6 0 119 -1.1 -15.8
"34" "34" 1987-02-05 24.55 "GSW" "@" "HOU" "L" -10 0 27 0.429 0.429 4.1 12.1 8.2 4.5 0 0 0 10.6 112 131 3.4 -7.4
"35" "35" 1987-02-10 24.56 "GSW" "" "IND" "L" -1 1 17 0.4 0.4 7.1 6.8 6.9 0 5.9 0 0 13.2 94 113 2.7 -5.2
"36" "36" 1987-02-12 24.57 "GSW" "" "BOS" "L" -22 1 22 0.625 0.625 0 16 7.2 13.2 0 0 11.1 16 109 125 6.1 -2.7
"37" "37" 1987-02-14 24.57 "GSW" "" "ATL" "W" 7 1 14 0.063 0 14.7 18.7 16.5 0 0 0 11.3 24.8 34 98 -2.3 -19.5
"38" "38" 1987-02-16 24.58 "GSW" "@" "IND" "L" -19 1 16 0.8 0.8 0 15.8 6.7 0 3.1 0 28.6 18.8 96 113 3.7 -3.6
"39" "39" 1987-02-18 24.58 "GSW" "@" "PHI" "L" -11 1 10 0.333 0.333 0 13.3 5.5 13.6 0 6.9 0 12.6 95 125 1.6 -3
"40" "40" 1987-02-23 24.6 "GSW" "" "DAL" "L" -26 0 22 0.333 0.333 4.8 13.2 8.4 7.1 0 0 25 15.5 62 129 -1.4 -13.8
"41" "41" 1987-02-26 24.61 "GSW" "" "LAC" "W" 21 0 4 0.667 0.667 28.6 0 13.2 0 33 0 0 28.2 148 39 5.6 37.9
"42" "42" 1987-02-27 24.61 "GSW" "@" "LAL" "L" -12 0 9 0 0 13.7 16.2 14.8 11.1 0 0 0 5 93 125 0.6 -6
"43" "43" 1987-03-03 24.62 "GSW" "" "LAL" "L" -5 0 4 0 0 0 0 0 0 0 0 0 9.8 0 124 -0.7 -14.3
"44" "44" 1987-03-05 24.62 "GSW" "" "HOU" "W" 9 0 1 1 1 0 0 0 0 0 0 0 44.7 200 112 1.7 41.8
"45" "45" 1987-03-08 24.63 "GSW" "" "SAS" "W" 26 0 20 0.5 0.5 7.3 10.4 9.1 9.4 0 0 0 20.5 127 115 6.5 -6.8
"46" "46" 1987-03-10 24.64 "GSW" "" "SAC" "W" 11 0 11 0.5 0.5 0 0 0 0 0 0 33.3 11.6 65 125 -1.2 -13.9
"47" "47" 1987-03-11 24.64 "GSW" "@" "LAC" "W" 10 0 19 0.368 0.4 6.8 5.4 6 0 0 0 15.5 13.7 72 111 -1.1 -13.1
"48" "48" 1987-03-15 24.65 "GSW" "@" "POR" "L" -11 0 9 0 0 10.3 0 6.1 13 0 0 66.7 12.1 27 118 -1.7 -14
"49" "49" 1987-03-17 24.66 "GSW" "@" "UTA" "L" -15 1 32 0.253 0.222 7 16.7 10.5 3.8 1.5 0 9.2 12.4 69 116 2.3 -7.9
"50" "50" 1987-03-19 24.66 "GSW" "" "POR" "W" 1 0 5 NA NA 0 0 0 22.3 0 0 NA 0 202 127 -0.1 -4.1
"51" "51" 1987-03-21 24.67 "GSW" "@" "PHO" "W" 3 0 12 0 0 0 0 0 10 4.2 0 0 11.6 21 107 -2.4 -16.2
"52" "52" 1987-03-25 24.68 "GSW" "" "DET" "W" 12 0 7 0.5 0.5 0 0 0 0 0 0 0 10.8 115 120 0.6 -7.1
"53" "53" 1987-03-27 24.68 "GSW" "@" "SEA" "W" 1 0 4 1 1 0 0 0 0 0 0 0 10.6 200 118 1.3 1.1
"54" "54" 1987-03-28 24.69 "GSW" "" "UTA" "W" 6 0 15 0.667 0.667 21.8 7.1 14.4 0 3 0 0 15.1 155 102 8 7.5
"55" "55" 1987-04-02 24.7 "GSW" "@" "DEN" "L" -36 0 29 0.258 0.333 0 10.3 5 32.8 0 1.7 20.5 6.3 82 121 4.2 -1.2
"56" "56" 1987-04-03 24.7 "GSW" "@" "DAL" "L" -20 0 21 0.592 0.6 0 10.9 5.5 6.3 0 0 22.8 17.6 92 144 2.6 -10.9
"57" "57" 1987-04-05 24.71 "GSW" "@" "SAS" "W" 1 0 17 1.025 1 0 6.6 3.2 7.5 2.8 0 0 5.9 211 107 4.8 2
"58" "58" 1987-04-07 24.72 "GSW" "" "DEN" "L" -3 0 26 0.643 0.643 4.2 18.5 11 16.6 1.8 2.2 0 11 146 112 9 5.9
"59" "59" 1987-04-09 24.72 "GSW" "" "DAL" "L" -25 0 25 0.597 0.6 0 5.8 2.6 6.7 0 0 0 18.2 126 132 8.6 0
"60" "60" 1987-04-14 24.73 "GSW" "@" "LAC" "W" 9 0 18 0.644 0.5 0 13.7 6.4 36 2.6 0 0 16.9 164 107 12.1 11.5
"61" "61" 1987-04-15 24.74 "GSW" "" "PHO" "L" -3 0 19 0.333 0.333 0 15.8 8.7 17.8 0 0 0 6.1 116 115 2.5 -1.3
"62" "62" 1987-04-18 24.75 "GSW" "@" "SEA" "W" 5 0 10 0.515 0.333 0 12.6 6.4 31.9 4.6 0 0 15.7 144 116 3.7 2
"63" "63" 1987-04-19 24.75 "GSW" "" "LAC" "W" 20 0 25 0.2 0.2 0 12.5 6.3 26.1 0 0 28.6 11.8 65 90 0.8 -6.9
"1" "1" 1987-11-06 25.3 "GSW" "@" "SAC" "L" -28 0 19 0.625 0.625 19.1 18.9 19 8.1 0 0 11.1 18.3 126 124 7.4 -2.5
"2" "2" 1987-11-07 25.3 "GSW" "" "DEN" "L" -4 1 36 0.676 0.625 9.1 10.5 9.8 5.3 0 0 0 9.9 150 103 10.4 2.7
"3" "3" 1987-11-10 25.31 "GSW" "@" "PHO" "L" -14 1 31 0.808 0.75 6.7 9.1 7.7 5 1.5 0 7.8 16 154 121 15.5 3.5
"4" "4" 1987-11-11 25.31 "GSW" "" "PHO" "W" 15 1 43 0.689 0.667 23.9 14.7 19.5 11.1 0 0 17.5 10.2 143 113 16.1 2.5
"5" "5" 1987-11-13 25.32 "GSW" "@" "LAC" "L" -3 1 32 0.601 0.542 6.8 9.8 8.3 0 0 0 7 18.7 120 105 9.3 -2.6
"6" "6" 1987-11-14 25.32 "GSW" "" "LAL" "L" -8 1 26 0.455 0.455 9 0 5.1 0 1.8 0 15.4 20.8 86 119 2.7 -9.4
"7" "7" 1987-11-17 25.33 "GSW" "@" "MIL" "L" -12 0 28 0.182 0.182 13.7 13.4 13.6 16.9 1.7 0 0 15.1 77 116 3.7 -6.9
"8" "8" 1987-11-18 25.33 "GSW" "@" "ATL" "L" -3 1 18 0.563 0.563 12.1 28.4 20.5 11.4 0 0 31.1 29.1 82 97 3.2 -5.6
"9" "9" 1987-11-20 25.34 "GSW" "@" "DET" "L" -23 1 32 0.444 0.444 3.9 14.3 9.4 7.9 0 0 18.2 13.8 83 127 2.6 -9.2
"10" "10" 1987-11-21 25.34 "GSW" "@" "NYK" "L" -8 1 28 0.444 0.444 16.7 0 8.2 10.7 3.6 0 18.2 16.5 94 106 5.9 -3.2
"11" "11" 1987-11-24 25.35 "GSW" "" "LAC" "L" -3 1 50 0.168 0.182 6.3 3.3 5.2 5.1 1 0 0 9.9 59 110 -0.9 -11.4
"12" "12" 1987-11-27 25.36 "GSW" "" "PHI" "W" 6 1 23 0.621 0.333 14.6 11.6 12.9 6.8 2.1 0 0 10.7 154 103 8 2.5
"13" "13" 1987-12-01 25.37 "GSW" "" "CHI" "L" -1 1 42 0.547 0.545 2.3 5.3 3.7 3.4 0 0 14.4 13.8 96 106 6.5 -3.5
"14" "14" 1987-12-04 25.38 "GSW" "@" "DAL" "L" -21 1 33 0.51 0.6 0 3.5 1.7 0 1.6 0 0 8.2 96 129 3.4 -5.9
"15" "15" 1987-12-05 25.38 "GSW" "@" "HOU" "L" -25 1 26 0.6 0.6 8.4 7.4 8 5.2 0 0 0 8.6 136 130 5.7 -2.8
"16" "16" 1987-12-09 25.39 "GSW" "" "CLE" "W" 1 0 18 0.788 0.75 6.3 7.6 6.9 12.1 2.5 0 18.4 23.5 127 106 9.9 4.4
"17" "17" 1987-12-11 25.39 "GSW" "" "ATL" "L" -16 0 26 0.81 0.667 0 13.8 6.6 21.1 2 0 0 7.4 181 117 8.1 5
"18" "18" 1987-12-12 25.4 "GSW" "@" "UTA" "L" -34 0 29 0.581 0.5 3.6 10 6.3 16 1.8 0 0 21.1 136 138 13.6 3
"19" "19" 1987-12-17 25.41 "GSW" "" "LAL" "L" -7 0 24 0.436 0.333 0 8.3 4.8 4.9 0 0 0 18.7 101 117 3.2 -9.8
"20" "20" 1987-12-19 25.42 "GSW" "" "SEA" "L" -27 0 24 0.375 0.375 13.6 14.6 14.1 17.1 1.9 0 0 12.7 115 121 7.7 0.5
"21" "21" 1987-12-22 25.42 "GSW" "@" "POR" "L" -45 0 31 0.25 0.25 2.5 8.4 4.6 4.3 1.4 0 0 9.7 64 122 1 -10.2
"22" "22" 1987-12-23 25.43 "GSW" "" "DEN" "W" 12 0 26 0.799 0.833 15 18 16.6 8.4 0 0 12.7 11.9 149 114 10.5 1.7
"23" "23" 1987-12-26 25.44 "GSW" "@" "SAS" "L" -9 0 32 0.7 0.7 3.3 9.6 6.5 4.8 0 0 9.1 14.6 125 110 10.7 -0.5
"24" "24" 1987-12-30 25.45 "GSW" "@" "UTA" "L" -1 0 19 0.5 0.5 0 16.5 8.8 7.4 0 0 20 10.4 89 102 0.2 -6.8
"25" "25" 1988-01-02 25.45 "GSW" "" "BOS" "L" -5 0 14 0.129 0 9.5 24.5 17.6 0 0 0 0 11.2 48 111 -0.3 -11.2
"26" "26" 1988-01-05 25.46 "GSW" "" "SAS" "W" 10 0 18 0.25 0.25 0 18.6 9.3 5.5 2.5 0 20 10.9 56 109 0.8 -9.2
"27" "27" 1988-01-07 25.47 "GSW" "" "HOU" "L" -7 0 13 0.3 0.3 6.5 23.6 14.2 0 0 0 16.7 16.6 65 108 -0.7 -12.8
"28" "28" 1988-01-09 25.47 "GSW" "" "DAL" "L" -16 0 16 0.333 0.333 0 8.3 3.3 0 0 0 40 12.7 41 122 -3.4 -18.7
"29" "29" 1988-01-12 25.48 "GSW" "@" "LAL" "L" -4 0 20 0.5 0.5 0 18.8 8.6 18.1 0 0 0 14 121 113 5 -0.4
"30" "30" 1988-01-13 25.48 "GSW" "@" "SEA" "L" -29 0 23 0.467 0.286 3.8 5.5 4.5 12.3 0 2.3 9.4 16.3 110 134 6.2 -2.4
"31" "31" 1988-01-15 25.49 "GSW" "" "LAC" "W" 7 0 25 0.778 0.778 0 4.3 2.1 11.4 1.8 2.2 18.2 17.1 125 111 10.3 2.1
"32" "32" 1988-01-16 25.49 "GSW" "@" "DEN" "L" -21 0 32 0.448 0.346 16.4 10.2 13.9 0 1.4 0 20.4 21.8 89 112 8.5 -4
"33" "33" 1988-01-18 25.5 "GSW" "@" "BOS" "L" -20 0 31 0.339 0.333 3.1 12.9 6.3 15.7 1.5 0 8.8 14.2 83 122 4.4 -6.7
"34" "34" 1988-01-22 25.51 "GSW" "@" "WSB" "L" -24 0 10 0.425 0.4 30.6 10.4 20.6 31.6 4.9 0 14.5 27.9 100 110 4.9 5.2
"35" "35" 1988-01-23 25.51 "GSW" "@" "CHI" "L" -27 0 22 0.2 0.2 0 0 0 19.4 4.8 0 16.7 12.4 56 128 0.8 -6.8
"36" "36" 1988-01-25 25.52 "GSW" "" "MIL" "L" -3 1 40 0.5 0.5 8.2 6.2 7.2 6.5 0 0 20 10 96 113 3.7 -6.2
"37" "37" 1988-01-27 25.52 "GSW" "" "POR" "W" 5 1 43 0.506 0.444 2.5 13 7.7 7.9 2.2 0 16.8 11.4 99 109 8.4 -4.3
"38" "38" 1988-01-29 25.53 "GSW" "" "UTA" "W" 2 1 23 0.714 0.714 0 9.5 4.7 0 0 0 22.2 16.7 98 104 4.1 -5.9
"39" "39" 1988-02-01 25.54 "GSW" "@" "IND" "L" -2 1 24 0 0 0 32.3 13.3 5.3 0 0 0 9.8 11 100 -2.1 -12.1
"40" "40" 1988-02-03 25.54 "GSW" "@" "PHI" "L" -12 1 30 0.333 0.333 0 3.9 2 4.5 1.7 0 25 12.4 54 106 -0.6 -10.4
"41" "41" 1988-02-04 25.55 "GSW" "@" "CLE" "W" 6 0 30 0.75 0.75 4.4 21.2 13.7 14.8 0 2.2 0 5.9 163 88 8.5 3.6
"42" "42" 1988-02-09 25.56 "GSW" "" "SAC" "W" 18 0 17 0 0 0 11.5 6.3 11.8 0 0 50 4.9 48 105 -0.1 -6.6
"43" "43" 1988-02-11 25.56 "GSW" "" "IND" "L" -1 0 22 0.667 0.667 0 8.1 5.4 5.5 2.2 0 40 10 79 112 1.8 -6.3
"44" "44" 1988-02-13 25.57 "GSW" "" "SEA" "W" 14 1 29 0.575 0.6 0 4.1 2.4 10.7 3.3 0 16.1 18.6 100 96 8.7 0.9
"45" "45" 1988-02-15 25.58 "GSW" "@" "SAS" "W" 4 1 29 0.436 0.333 13.4 10.3 11.7 3.6 1.6 0 12.7 11.1 108 118 5.1 -7.8
"46" "46" 1988-02-16 25.58 "GSW" "@" "HOU" "L" -5 1 18 0 0 0 11.1 6.3 10.7 0 0 0 4.3 68 124 -0.6 -7.8
"47" "47" 1988-02-19 25.59 "GSW" "@" "DAL" "L" -13 0 11 0 0 0 9.3 5 19.4 0 0 0 3.7 80 114 -0.2 -6.6
"48" "48" 1988-02-22 25.59 "GSW" "" "SAS" "W" 12 0 15 0.258 0 11.6 42.3 26.7 29.1 2.8 0 43.6 17.2 68 88 3.4 -3.7
"49" "49" 1988-02-24 25.6 "GSW" "" "DET" "L" -14 0 14 0.25 0.25 6.6 14.6 10.4 9.4 0 0 0 11.6 80 113 0.8 -8.1
"50" "50" 1988-02-26 25.61 "GSW" "" "NYK" "L" -6 0 5 1 1 0 0 0 24.4 0 0 50 15.6 98 140 1 -2.1
"51" "51" 1988-02-27 25.61 "GSW" "@" "SEA" "L" -3 0 22 0.667 0.667 11.8 10.4 11 11.7 4.4 0 14.3 13.2 127 109 9 5.5
"52" "52" 1988-02-29 25.61 "GSW" "" "WSB" "L" -5 0 28 0.286 0.286 15.9 27.1 20.5 9.1 0 0 12.5 11.6 90 111 3.6 -8.1
"53" "53" 1988-03-02 25.62 "GSW" "" "HOU" "L" -7 0 21 0.2 0.2 8.5 15.2 11.5 6.4 6.5 0 28.6 12.8 49 92 0.9 -6.1
"54" "54" 1988-03-04 25.62 "GSW" "@" "LAL" "L" -13 1 32 0.483 0.375 6.3 11.3 8.5 4.2 0 0 17.7 13.8 93 119 4.4 -9.3
"55" "55" 1988-03-05 25.63 "GSW" "@" "POR" "L" -6 1 33 0.381 0.286 3.6 25.5 14.5 10.6 0 0 11.3 10.9 92 119 4.6 -6.1
"56" "56" 1988-03-08 25.64 "GSW" "" "SEA" "L" -5 1 39 0.778 0.778 6 9.9 7.9 12.5 0 0 10 11.4 145 124 12.3 0
"57" "57" 1988-03-10 25.64 "GSW" "" "NJN" "W" 16 1 29 0.545 0.5 5.2 8.1 6.8 11.8 0 0 0 19.8 121 112 9.7 -6.6
"58" "58" 1988-03-11 25.64 "GSW" "@" "LAC" "W" 5 1 36 0.7 0.7 3.7 8.9 6.6 8.4 0 0 16.7 14.9 114 108 9.6 -4.4
"59" "59" 1988-03-13 25.65 "GSW" "@" "HOU" "L" -13 1 18 0.333 0.333 5.8 0 2.8 0 0 0 0 12.9 85 122 1.3 -7.5
"60" "60" 1988-03-14 25.65 "GSW" "@" "DAL" "L" -20 0 23 0.658 0.625 4.3 4.1 4.2 13.2 0 0 15.8 21.9 117 126 8.8 -2.1
"61" "61" 1988-03-16 25.66 "GSW" "" "PHO" "L" -6 0 19 0.102 0 5.4 27.3 15 5.5 2.4 0 0 10.3 49 107 0.2 -10.4
"62" "62" 1988-03-18 25.66 "GSW" "" "POR" "L" -5 1 31 0.405 0.333 5.5 11.9 8.1 7.9 0 0 0 12.6 112 129 5.8 -6
"63" "63" 1988-03-20 25.67 "GSW" "" "LAL" "L" -3 1 36 0.751 0.667 10.3 10.8 10.5 0 1.3 0 12 18.3 147 135 17.2 -2.1
"64" "64" 1988-03-23 25.68 "GSW" "" "SAC" "W" 8 1 18 0.712 0.6 9.9 6.3 7.7 7 0 0 32.2 22.8 103 127 3.4 -13.4
"65" "65" 1988-03-25 25.68 "GSW" "@" "LAC" "L" -15 1 21 0.658 0.5 0 12.9 6.5 15.5 0 0 15.8 11.8 127 115 5.1 -2.8
"66" "66" 1988-03-26 25.68 "GSW" "" "DEN" "L" -23 0 15 0.4 0.4 0 0 0 8.3 0 0 28.6 18.6 62 132 -1.6 -16.4
"67" "67" 1988-03-30 25.7 "GSW" "@" "PHO" "L" -18 0 23 0.7 0.7 5 24.3 14.7 13.6 0 2.5 37.5 14.2 88 117 5.2 -3.5
"68" "68" 1988-03-31 25.7 "GSW" "@" "UTA" "L" -23 0 9 0.5 0.5 0 0 0 0 0 6.7 0 9.1 101 112 -0.7 -10.8
"69" "69" 1988-04-02 25.7 "GSW" "@" "DEN" "L" -16 0 29 0.542 0.5 12.5 13.1 12.7 14.2 0 0 11.9 21.3 116 123 12.3 1.6
"70" "70" 1988-04-05 25.71 "GSW" "" "SAS" "L" -13 0 21 0.4 0.4 13.4 0 8.2 12.1 0 3.1 0 18.6 120 136 6.4 -3.2
"71" "71" 1988-04-06 25.72 "GSW" "@" "SEA" "L" -12 1 28 0.607 0.611 14.3 8.6 11.3 16.9 0 0 16.8 18.2 116 121 9.3 -0.7
"72" "72" 1988-04-08 25.72 "GSW" "" "PHO" "W" 1 1 18 0.5 0.5 11.6 5.9 8.8 13.2 0 0 50 9.4 84 122 1.7 -6.7
"73" "73" 1988-04-10 25.73 "GSW" "@" "SAC" "L" -6 1 19 0.2 0.2 0 21.5 11 5.8 0 0 16.7 12.2 43 113 -1 -13.7
"74" "74" 1988-04-11 25.73 "GSW" "" "UTA" "L" -11 1 17 0.5 0.5 6.4 32.1 19.3 29.4 0 0 0 9.6 139 110 6.6 7.5
"75" "75" 1988-04-13 25.73 "GSW" "" "DAL" "W" 2 1 24 0.5 0.5 18.6 8.5 13.3 17.1 0 2.5 20 17.8 109 124 6.6 -3.8
"76" "76" 1988-04-15 25.74 "GSW" "@" "POR" "L" -34 1 20 0.25 0.25 0 8.6 3.4 5.8 0 0 0 8.1 69 146 -0.6 -14.8
"77" "77" 1988-04-16 25.74 "GSW" "" "LAC" "W" 3 1 27 0.714 0.714 0 5.9 3.2 5.4 1.7 0 0 10.1 149 105 8.6 0.9
"78" "78" 1988-04-19 25.75 "GSW" "@" "PHO" "L" -15 1 24 0.4 0.4 0 9.8 4.8 4.8 0 0 37.5 12.9 53 118 -1.2 -11.7
"79" "79" 1988-04-20 25.75 "GSW" "" "POR" "L" -14 0 26 0.258 0.167 14.8 10 12.7 8.6 1.7 2.2 27.9 15.3 67 122 1.7 -10.3
"80" "80" 1988-04-22 25.76 "GSW" "" "SAC" "L" -8 1 29 0.5 0.5 3.7 3.6 3.6 8.9 1.6 0 14.3 9.5 101 121 4.6 -6.1
"81" "81" 1988-04-24 25.76 "GSW" "@" "LAL" "L" -36 1 34 0.77 0.727 22.6 12.3 17.6 27.6 1.3 0 0 15.4 173 127 26.1 13.5
"1" "1" 1989-03-05 26.62 "GSW" "@" "SAC" "L" -14 0 7 0.82 1 0 0 0 0 0 0 0 13 152 119 3 4.2
"2" "2" 1989-03-07 26.63 "GSW" "" "LAC" "W" 26 0 1 0.568 NA 0 0 0 0 0 0 0 30.3 122 112 0.6 -3
"3" "3" 1989-03-10 26.64 "GSW" "@" "UTA" "L" -14 0 7 NA NA 0 0 0 0 0 0 NA 0 0 126 -0.8 -14.4
"4" "4" 1989-03-12 26.64 "GSW" "" "LAL" "L" -11 0 6 0.5 0.5 12.9 0 7.8 21.6 0 0 33.3 17.4 91 127 0.6 -8.3
"5" "5" 1989-03-14 26.65 "GSW" "@" "POR" "L" -29 0 20 0.888 0.8 0 19.6 9.1 15.8 0 0 0 11.8 190 124 12.3 7.3
"6" "6" 1989-03-15 26.65 "GSW" "" "DAL" "W" 13 0 7 0 NA 0 0 0 0 7.4 0 0 5.4 0 100 -0.6 -8.5
"7" "7" 1989-03-23 26.67 "GSW" "" "PHO" "L" -30 0 6 0.521 0.5 29.6 21.6 26.4 0 0 0 0 16.6 134 139 3.3 0.7
"8" "8" 1989-03-25 26.68 "GSW" "@" "HOU" "L" -40 0 10 0.5 0.5 6.8 0 4.2 0 0 0 0 6.5 121 128 1.3 -7.1
"9" "9" 1989-04-02 26.7 "GSW" "@" "WSB" "L" -17 0 11 1 1 0 0 0 13.5 0 0 0 6.7 201 113 3.7 3
"10" "10" 1989-04-21 26.75 "GSW" "" "DEN" "L" -18 0 3 0.798 1 0 0 0 0 13.7 0 0 22.5 156 98 3.3 23.1
"11" "11" 1989-04-22 26.76 "GSW" "@" "UTA" "L" -16 0 25 0.515 0.333 0 16.5 7 4.8 3.9 0 34 9.6 77 110 3.1 -7.9
