"Rk" "G" "Date" "Age" "Tm" "H/A" "Opp" "W/L" "By Amt" "GS" "MP" "TS%" "eFG%" "ORB%" "DRB%" "TRB%" "AST%" "STL%" "BLK%" "TOV%" "USG%" "ORtg" "DRtg" "GmSc" "BPM"
"1" "1" 1990-12-01 22.95 "DEN" "" "LAC" "L" -16 0 3 0 0 0 0 0 0 0 15.8 0 11 0 106 0 -7.4
"2" "2" 1990-12-13 22.98 "DEN" "@" "UTA" "L" -15 0 4 0 0 0 0 0 24 10.3 0 50 17.7 23 107 -0.4 -10.7
"3" "3" 1990-12-19 22.99 "DEN" "@" "SAS" "L" -35 0 19 0.363 0.333 10.5 24.1 15.5 0 2 0 0 22.9 87 111 5.5 -5.6
"4" "4" 1990-12-22 23 "DEN" "" "DAL" "L" -9 0 16 0.533 0.5 17.6 29.3 22.8 0 0 4.1 0 20.5 127 110 7.4 -1.3
"5" "5" 1990-12-23 23.01 "DEN" "@" "POR" "L" -31 0 26 0.311 0.25 6.4 23.6 14.1 5.1 1.6 0 7.2 19.4 70 111 3.9 -7.6
"6" "6" 1990-12-26 23.01 "DEN" "@" "SAC" "W" 16 0 25 0.45 0.375 12.3 13.7 13 15.9 5.1 0 0 13.2 130 95 11.1 1.8
"7" "7" 1990-12-27 23.02 "DEN" "" "MIA" "L" -10 0 26 0.609 0.545 6.7 17.1 11.9 11.2 5.3 1.9 0 18.3 138 107 15.7 6.2
"8" "8" 1990-12-29 23.02 "DEN" "@" "WSB" "L" -28 0 22 0.394 0.375 3.7 20.8 10.8 0 3.3 2.1 10.1 13.9 84 118 3.8 -8.5
"9" "9" 1990-12-30 23.02 "DEN" "@" "ORL" "L" -39 0 21 0.421 0.364 10.7 26 16.9 0 1.8 0 14.4 21.4 86 122 4.9 -9.6
"10" "10" 1991-01-02 23.03 "DEN" "@" "DET" "L" -11 0 22 0.592 0.6 4.4 13.4 8.8 6.5 2.1 0 22.8 16.5 96 111 5 -4.3
"11" "11" 1991-01-03 23.04 "DEN" "@" "NYK" "L" -27 0 29 0.6 0.6 7.8 25.5 14.5 4.7 0 3.6 9.1 13.2 123 122 11.2 -1.2
"12" "12" 1991-01-05 23.04 "DEN" "" "PHI" "L" -16 0 8 0.333 0.333 0 12.2 4.7 0 0 0 40 19.7 42 109 -1.8 -20.5
"13" "13" 1991-01-08 23.05 "DEN" "@" "GSW" "L" -22 0 13 0.7 0.7 7.4 36.9 20.5 28.2 3.1 9.2 9.1 28.4 127 110 14.5 19.6
"14" "14" 1991-01-10 23.05 "DEN" "" "HOU" "L" -23 0 7 0 0 11.2 32.7 20 12.5 0 0 40 23 22 130 -2.9 -29.9
"15" "15" 1991-01-12 23.06 "DEN" "" "CLE" "W" 8 0 10 0.5 0.5 0 33.5 15.8 0 0 6 0 7.7 112 112 1.8 -6.4
"16" "16" 1991-01-15 23.07 "DEN" "@" "SEA" "L" -47 0 14 0.765 0.8 6.5 28.6 17 0 5.9 0 33.8 23.1 95 113 6 -0.7
"17" "17" 1991-01-21 23.08 "DEN" "" "MIN" "W" 5 0 14 0.7 0.7 48 11.4 28.1 49 0 0 16.7 33.2 134 112 15 16.2
"18" "18" 1991-01-26 23.1 "NJN" "@" "MIA" "W" 22 0 18 0.798 1 6.1 8.1 6.9 0 2.8 0 21 10.5 121 114 4.4 -5.4
"19" "19" 1991-01-28 23.1 "NJN" "@" "SAC" "L" -18 0 18 0.145 0 14 20.5 16.7 21.3 0 3.3 12.7 17.9 56 105 1.5 -7.7
"20" "20" 1991-01-29 23.11 "NJN" "@" "LAL" "L" -21 0 23 0.726 0.75 11 30.4 20.5 25.3 6.2 2.4 0 10.6 160 89 16.9 18
"21" "21" 1991-01-31 23.11 "NJN" "@" "DEN" "L" -4 0 7 0.5 0.5 12 45.7 29.3 0 0 7.5 50 20 57 92 1.6 -7.1
"22" "22" 1991-02-02 23.12 "NJN" "@" "UTA" "L" -8 0 7 1 1 15.2 0 9.5 0 0 0 0 19.1 201 127 5.4 11.2
"23" "23" 1991-02-04 23.12 "NJN" "@" "POR" "L" -15 0 9 1.042 1 11.9 13.3 12.5 15.1 0 0 0 12.4 216 121 6.7 14.1
"24" "24" 1991-02-06 23.13 "NJN" "" "MIA" "L" -15 0 3 0.515 0.333 51.6 47.1 50 0 0 0 0 44.3 149 127 4 12.4
"25" "25" 1991-02-07 23.13 "NJN" "@" "WSB" "L" -7 0 15 0.872 0.833 6.8 0 3.7 0 3 0 0 17.1 185 118 11.1 12.6
"26" "26" 1991-02-13 23.15 "NJN" "" "ATL" "W" 34 0 15 0.571 0.571 24 19.2 21.3 7.4 3.1 0 12.5 21.2 125 99 7.2 -2.5
"27" "27" 1991-02-15 23.15 "NJN" "" "DEN" "W" 28 0 19 0.717 0.625 16.1 19.8 18 12.8 2.2 5.1 9.3 20.3 148 93 15.3 9.2
"28" "28" 1991-02-16 23.16 "NJN" "@" "CHI" "L" -12 0 7 0.521 0.5 13.4 0 7.3 0 6.7 8 25.8 22.3 84 89 2.6 3.8
"29" "29" 1991-02-19 23.16 "NJN" "" "SAC" "W" 14 0 8 1 1 0 0 0 0 0 0 50 9.8 82 97 -0.5 -12.7
"30" "30" 1991-02-22 23.17 "NJN" "@" "BOS" "L" -12 0 4 0.174 0 0 0 0 0 0 0 0 27.7 50 127 -0.8 -20.5
"31" "31" 1991-02-23 23.18 "NJN" "" "PHI" "L" -13 0 8 0.333 0.333 15.8 0 6.8 18.8 0 14 0 16 107 113 2.7 6.1
"32" "32" 1991-02-26 23.18 "NJN" "" "IND" "W" 25 0 2 NA NA 0 42.1 23.8 0 0 0 NA 0 0 88 0.3 -3.9
"33" "33" 1991-03-04 23.2 "NJN" "@" "DAL" "L" -2 0 3 0.568 NA 37.2 34.8 36 0 0 0 53.2 28.6 76 107 0.6 -15.6
"34" "34" 1991-03-05 23.2 "NJN" "@" "HOU" "L" -12 0 1 NA NA 0 100 57.8 0 0 0 NA 0 0 86 0.3 2
"35" "35" 1991-03-07 23.21 "NJN" "@" "SAS" "L" -12 0 18 0.41 0.25 5.8 12.7 9.1 8 5.1 3.3 0 11.5 101 99 5.1 1.6
"36" "36" 1991-03-10 23.22 "NJN" "@" "MIA" "L" -13 1 21 0.4 0.4 10.2 18.5 13.9 0 4.8 0 16.7 12 82 98 3.8 -2.8
"37" "37" 1991-03-16 23.23 "NJN" "" "WSB" "W" 24 0 4 0 0 0 20 11.5 0 0 0 50 20.9 0 92 -1.4 -28.4
"38" "38" 1991-03-17 23.24 "NJN" "" "CHH" "L" -13 0 15 0.6 0.6 14.8 46.8 27.2 0 2.9 3.8 16.7 13.4 117 98 6.7 2.5
"39" "39" 1991-03-20 23.24 "NJN" "" "MIN" "W" 7 0 4 0 0 26 0 13.8 0 0 15.2 0 31.5 27 109 -0.7 -24.8
"40" "40" 1991-03-22 23.25 "NJN" "@" "DET" "L" -16 0 13 0.425 0.4 7.2 24.6 15.4 0 0 0 14.5 22.4 81 111 1.3 -10.1
"41" "41" 1991-03-23 23.25 "NJN" "@" "CLE" "L" -26 0 12 0.333 0.333 0 20.5 8.5 0 0 0 0 10.5 71 114 -0.3 -14.1
"42" "42" 1991-03-25 23.26 "NJN" "@" "WSB" "L" -7 0 11 0.667 0.667 0 34.4 17.2 0 0 0 0 11.6 136 115 3.6 -0.7
"43" "43" 1991-03-26 23.26 "NJN" "" "PHI" "W" 3 0 31 0.405 0.444 7 20.5 13.8 10 0 0 23.3 17.8 76 97 3.3 -5.7
"44" "44" 1991-03-28 23.27 "NJN" "" "CHI" "L" -34 0 19 0.286 0.286 0 20.6 10.5 0 0 5.4 12.5 17.6 58 131 0.7 -11.9
"45" "45" 1991-03-30 23.27 "NJN" "" "NYK" "L" -13 0 25 0.613 0.6 15.1 22.2 17.5 0 0 7.5 15.5 29.3 116 125 14.3 0.1
"46" "46" 1991-04-02 23.28 "NJN" "" "BOS" "L" -17 0 15 0.2 0.2 5.3 23.3 13.9 0 0 0 0 14.4 56 98 0.8 -8
"47" "47" 1991-04-04 23.28 "NJN" "@" "BOS" "L" -19 0 13 0.25 0.25 14.2 25.8 19.4 0 7.1 0 20 14.8 63 108 2.9 -6.7
"48" "48" 1991-04-06 23.29 "NJN" "@" "MIL" "L" -19 0 26 0 0 0 16.3 7.5 0 0 0 25 6.1 0 133 -3.4 -16.4
"49" "49" 1991-04-09 23.3 "NJN" "@" "MIN" "L" -20 1 37 0.5 0.5 2.6 5.6 4.1 7 0 1.4 11.1 10.4 97 118 5.2 -7.1
"50" "50" 1991-04-12 23.31 "NJN" "" "CLE" "W" 1 0 6 0 0 0 18.2 9.5 0 0 0 0 13.7 0 112 -1.2 -17.8
"51" "51" 1991-04-13 23.31 "NJN" "@" "CLE" "L" -4 0 19 0.258 0 14 0 8.1 6.2 5.1 6.3 20.5 9.9 81 96 3.5 -3
"52" "52" 1991-04-16 23.32 "NJN" "" "IND" "L" -6 0 24 0.6 0.6 15.1 27 20 5.4 0 0 0 21.5 138 123 14.9 3
"53" "53" 1991-04-18 23.32 "NJN" "@" "WSB" "W" 5 0 23 0.82 0.75 4.9 15.3 9.9 0 4.4 0 0 17.9 176 103 16.4 12.5
"54" "54" 1991-04-20 23.33 "NJN" "" "MIA" "W" 15 0 24 0.2 0.2 11.4 22.2 18 0 0 2.5 0 8.3 78 99 2 -6.8
"55" "55" 1991-04-21 23.33 "NJN" "@" "ORL" "L" -10 0 13 0.2 0.2 8.4 20.5 13.8 0 0 0 16.7 19.1 50 128 -1.2 -20.9
"1" "1" 1991-11-02 23.87 "NJN" "@" "CHH" "W" 8 0 19 0.5 0.5 5.4 9.5 7.6 0 2.4 8 20 9.9 89 97 4.2 -1.3
"2" "2" 1991-11-06 23.88 "NJN" "@" "PHI" "L" -2 0 13 0.667 0.667 0 22.4 10.3 10.4 0 0 0 10 139 115 2 -6.4
"3" "3" 1991-11-07 23.88 "NJN" "" "MIA" "L" -22 0 13 0.429 0.429 12.1 16.4 13.9 0 3.8 4.4 30 27.4 71 105 2.6 -4.5
"4" "4" 1991-11-09 23.88 "NJN" "" "DET" "L" -10 0 21 0.615 0.5 5.3 11.1 8.2 0 2.3 2.6 0 9.2 152 110 5.4 -1.2
"5" "5" 1991-11-12 23.89 "NJN" "@" "NYK" "L" -2 0 16 0.442 0.417 30.6 14 22.8 0 0 0 7.4 35 107 114 6.1 -5.2
"6" "6" 1991-11-13 23.9 "NJN" "" "UTA" "L" -6 0 7 0.2 0.2 12.5 28.6 20 21.3 0 0 0 28.6 73 102 0.5 -7.2
"7" "7" 1991-11-15 23.9 "NJN" "" "WSB" "L" -5 0 27 0.742 0.714 15.4 33.3 25 5.4 0 1.9 36.3 19.9 100 102 11.1 -0.2
"8" "8" 1991-11-16 23.9 "NJN" "@" "ORL" "L" -2 1 32 0.551 0.5 6.8 16.3 11.7 4.5 1.5 2 8.4 15 118 105 10.9 0.5
"9" "9" 1991-11-19 23.91 "NJN" "" "SAC" "W" 4 1 28 0.67 0.65 0 4.9 2.6 14.4 0 0 0 16.5 137 124 9.8 -2.4
"10" "10" 1991-11-21 23.92 "NJN" "@" "CLE" "L" -4 1 31 0.538 0.538 8.4 15.1 11.9 4.1 1.6 2 13.3 20.9 102 119 9.1 -4.6
"11" "11" 1991-11-23 23.92 "NJN" "" "BOS" "L" -18 1 19 0.255 0.2 0 30.6 11.4 6.6 4.9 0 25.4 15.9 48 112 -0.6 -12.2
"12" "12" 1991-11-26 23.93 "NJN" "@" "HOU" "L" -9 1 28 0.673 0.636 9.7 15.1 11.8 4.8 3.6 2.2 7.8 18.1 141 120 16.1 5.1
"13" "13" 1991-11-27 23.93 "NJN" "@" "SAS" "L" -6 1 32 0.344 0.222 7.8 22 13.6 12.9 2.9 0 14.7 16.6 82 100 6.1 -5.8
"14" "14" 1991-11-29 23.94 "NJN" "@" "DAL" "W" 6 1 40 0.506 0.5 9.4 11.3 10.4 13 2.6 0 15.5 13.4 108 98 11.9 1
"15" "15" 1991-11-30 23.94 "NJN" "@" "DEN" "L" -10 1 26 0.556 0.571 6.3 26.4 14.6 14.6 0 2.3 5.5 26.4 117 109 14.3 6.4
"16" "16" 1991-12-03 23.95 "NJN" "" "PHI" "W" 2 1 24 0.509 0.417 19.6 17 18.4 7.4 2.1 5.3 6.8 23.3 125 89 14 7.9
"17" "17" 1991-12-05 23.96 "NJN" "@" "MIL" "W" 8 1 32 0.372 0.385 13.3 12 12.6 8 0 0 13 19.3 92 111 4.7 -11.8
"18" "18" 1991-12-06 23.96 "NJN" "" "LAL" "L" -9 1 22 0.455 0.455 9.9 29.1 19.6 0 2.3 0 8.3 23.4 93 97 7.1 0.2
"19" "19" 1991-12-10 23.97 "NJN" "" "NYK" "L" -26 0 19 0.761 0.714 5.5 0 3 12.4 0 0 0 17.4 163 124 10.1 8.5
"20" "20" 1991-12-12 23.98 "NJN" "" "DEN" "W" 40 0 19 0.556 0.556 20.2 12.6 16.1 24.4 2.5 2.6 0 18.6 145 81 13.5 12
"21" "21" 1991-12-14 23.98 "NJN" "" "CHH" "L" -7 0 14 0.25 0.25 19.8 7.3 13.9 0 0 0 0 21 80 112 1.2 -10.6
"22" "22" 1991-12-17 23.99 "NJN" "@" "NYK" "L" -8 0 28 0.636 0.636 3.7 11.1 6.7 6.3 0 0 8.3 18.8 119 116 8.9 -0.4
"23" "23" 1991-12-18 23.99 "NJN" "" "CLE" "W" 9 0 20 0.557 0.556 21.3 17.8 19.4 0 2.4 0 9.2 21.7 119 93 9.1 0.9
"24" "24" 1991-12-20 24 "NJN" "" "CHI" "L" -17 0 23 0.7 0.7 8.9 16.4 12.8 0 0 2.2 9.1 18.5 137 118 11.3 5.7
"25" "25" 1991-12-21 24 "NJN" "@" "IND" "L" -9 0 22 0.588 0.545 9.3 15.7 12.3 0 0 0 0 23.6 123 109 11.2 4.4
"26" "26" 1991-12-23 24.01 "NJN" "" "ATL" "W" 12 0 15 0.338 0.25 31.2 16 23.7 0 10.5 4.4 25.3 33.8 74 82 4.1 -6.4
"27" "27" 1991-12-26 24.01 "NJN" "" "HOU" "W" 6 0 14 0.19 0.143 6.9 8.4 7.5 0 0 0 20.2 29.3 43 104 -3.7 -25.1
"28" "28" 1991-12-27 24.02 "NJN" "@" "CHH" "W" 16 0 11 0.5 0.5 0 9.9 5.7 0 0 10 0 22 107 110 3.1 -8.8
"29" "29" 1991-12-30 24.02 "NJN" "" "ORL" "W" 10 0 11 0 0 0 22.4 11.2 17.1 4.4 0 37.5 29.6 18 106 -4.7 -29.8
"30" "30" 1992-01-03 24.04 "NJN" "" "WSB" "L" -4 0 5 0.5 0.5 20.9 0 11.6 0 0 0 0 16.1 130 130 0.5 -15.5
"31" "31" 1992-01-04 24.04 "NJN" "@" "CHI" "L" -44 0 26 0.727 0.667 0 22.6 11.2 5.3 0 0 0 11.2 152 133 7.5 -2.3
"32" "32" 1992-01-06 24.04 "NJN" "" "LAC" "W" 15 1 38 0.638 0.583 15 16.4 15.8 3.8 0 0 13.1 17.8 124 97 14.5 0.3
"33" "33" 1992-01-08 24.05 "NJN" "" "MIN" "W" 6 0 13 0.333 0.333 22.6 19.4 21.2 9.6 0 0 25 23.8 77 105 0.4 -17.2
"34" "34" 1992-01-10 24.05 "NJN" "" "MIL" "W" 7 1 43 0.538 0.5 13.6 14.6 14.1 10.7 2.5 1.6 0 15.3 142 108 17.5 3.1
"35" "35" 1992-01-11 24.06 "NJN" "@" "DET" "L" -2 1 39 0.769 0.769 13.7 32 24.3 9.2 0 0 7.1 16.7 146 92 21.2 9.9
"36" "36" 1992-01-14 24.07 "NJN" "" "DAL" "W" 9 1 26 0.286 0.286 7.9 10.5 9 17.1 6 2.6 12.5 12.9 84 91 6.7 0.8
"37" "37" 1992-01-15 24.07 "NJN" "@" "BOS" "W" 10 1 18 0.388 0.333 11.9 14 12.9 0 0 0 0 14.7 110 127 3.2 -10
"38" "38" 1992-01-18 24.08 "NJN" "@" "MIN" "W" 12 0 18 0.5 0.5 6.7 19.5 13.2 0 2.8 0 9.1 26.9 94 102 5 -9.6
"39" "39" 1992-01-22 24.09 "NJN" "" "PHO" "W" 2 0 14 0.5 0.5 6.2 7.8 6.9 0 3.5 0 20 13.6 89 106 2.2 -7.3
"40" "40" 1992-01-24 24.09 "NJN" "" "MIA" "W" 6 0 9 0.41 0.25 15.2 25.4 20.8 11.9 0 0 17 28 101 126 1.4 -18.5
"41" "41" 1992-01-25 24.1 "NJN" "@" "PHI" "L" -21 0 16 0.143 0.143 0 23.1 9.4 7.9 0 0 0 16.7 55 125 -1.7 -16.7
"42" "42" 1992-01-28 24.1 "NJN" "@" "SAC" "L" -6 0 18 0.732 0.688 13.1 19.5 15.7 8.4 2.6 3 10.1 19.6 152 117 13.4 12.7
"43" "43" 1992-01-29 24.11 "NJN" "@" "PHO" "L" -33 0 24 0.512 0.5 7.4 7.7 7.5 6.9 1.8 2.6 9.3 16.9 106 117 7.5 -0.1
"44" "44" 1992-01-31 24.11 "NJN" "@" "POR" "L" -5 0 12 0.694 0.5 9.3 0 4.7 0 0 0 14.8 22.1 131 113 5.3 0.5
"45" "45" 1992-02-01 24.12 "NJN" "@" "LAC" "L" -11 0 14 0.619 0.563 7.1 20.6 14 16.1 0 0 0 25.6 148 109 8.5 13.9
"46" "46" 1992-02-05 24.13 "NJN" "" "SEA" "L" -10 0 16 0.167 0.167 12.5 19.1 15.8 0 3.1 3.8 14.3 16.9 50 94 0 -11.4
"47" "47" 1992-02-06 24.13 "NJN" "@" "WSB" "L" -16 0 11 0.556 0.556 19 19.8 19.4 0 0 0 0 33.2 125 125 5.3 -5.3
"48" "48" 1992-02-11 24.14 "NJN" "@" "CHI" "L" -20 0 18 0.254 0.286 17.4 16.2 16.9 12.8 8 0 20.2 21.3 71 121 3.8 -5
"49" "49" 1992-02-12 24.15 "NJN" "@" "PHI" "W" 15 0 9 0 0 0 24.8 12.9 0 0 6.9 0 9.9 0 90 -0.5 -10.1
"50" "50" 1992-02-14 24.15 "NJN" "" "PHI" "W" 8 0 8 0 0 12.5 13.6 13 0 0 0 0 10.2 37 110 -0.4 -13.6
"51" "51" 1992-02-15 24.15 "NJN" "@" "CLE" "L" -36 0 24 0.735 0.7 0 18.2 9.2 13.8 0 2.3 15.5 22.6 122 130 12.3 5
"52" "52" 1992-02-19 24.16 "NJN" "" "DET" "W" 4 0 14 0.457 0.429 6 21.4 13.1 0 0 4.6 0 25.4 108 106 5.4 -1.4
"53" "53" 1992-02-21 24.17 "NJN" "" "IND" "W" 4 0 14 0.322 0.25 29.8 24.9 27.2 0 0 0 0 25 97 98 4.4 -7
"54" "54" 1992-02-22 24.17 "NJN" "@" "ATL" "L" -12 0 21 0.507 0.5 6 0 3.2 7 4.5 3 25.3 23.8 81 113 4.9 -5.8
"55" "55" 1992-02-25 24.18 "NJN" "" "BOS" "W" 14 0 10 0.25 0.25 0 23.6 13 26.5 0 0 0 15.6 84 92 1.5 -2.4
"56" "56" 1992-02-27 24.19 "NJN" "" "POR" "W" 2 1 45 0.405 0.389 20.5 19.2 19.9 10.1 2.2 1.4 13.2 19.6 102 97 16.1 0.3
"57" "57" 1992-02-29 24.19 "NJN" "@" "DET" "W" 9 1 38 0.64 0.563 10.8 8.4 9.6 0 1.4 1.7 4.9 23.1 138 105 21 8
"58" "58" 1992-03-01 24.19 "NJN" "" "NYK" "W" 15 1 29 0.505 0.455 15.6 33.1 22.6 0 0 4.9 14.4 20.5 115 92 10.5 1.8
"59" "59" 1992-03-04 24.2 "NJN" "@" "LAL" "L" -9 1 19 0.615 0.688 24.1 5.5 14.4 0 0 0 9.3 24.6 118 123 8.1 -0.7
"60" "60" 1992-03-06 24.21 "NJN" "@" "UTA" "L" -21 0 17 0.725 0 5.3 7.4 6.2 0 0 3.7 42 11 96 119 0.6 -11
"61" "61" 1992-03-07 24.21 "NJN" "@" "SEA" "L" -11 0 24 0.505 0.417 10 0 6 0 0 2.2 0 26.7 119 111 11 0.9
"62" "62" 1992-03-10 24.22 "NJN" "@" "GSW" "L" -7 0 20 0.87 0.8 11.4 27.4 18.7 7.2 0 0 0 12.2 187 121 11.2 4.6
"63" "63" 1992-03-13 24.23 "NJN" "@" "BOS" "W" 2 0 18 0.258 0.167 13.3 6.2 9.6 6.2 0 3.6 11.4 20.3 72 116 -0.5 -16.2
"64" "64" 1992-03-14 24.23 "NJN" "@" "NYK" "W" 2 0 14 0.291 0.333 0 21 10.9 34.2 7.5 0 0 11.4 90 79 4.1 9.2
"65" "65" 1992-03-17 24.24 "NJN" "" "CHI" "L" -11 1 31 0.463 0.409 8.6 19.4 13.2 6.5 0 4 20.2 20.3 89 105 6 -3.3
"66" "66" 1992-03-20 24.25 "NJN" "" "WSB" "W" 3 0 18 0 0 20.5 25 22.2 13.3 2.9 0 25 9 66 105 2.6 -7.2
"67" "67" 1992-03-22 24.25 "NJN" "@" "MIA" "L" -7 0 19 0.381 0.286 10.8 19.9 14.9 7.2 0 3.1 20.2 20.3 79 102 2 -7.8
"68" "68" 1992-03-23 24.25 "NJN" "" "CHH" "W" 3 0 18 0.25 0.25 11.3 5.9 8.7 0 0 0 0 8.6 97 127 0.1 -14.4
"69" "69" 1992-03-25 24.26 "NJN" "" "BOS" "L" -8 0 11 0.167 0.167 18.6 25.7 21.5 10.7 0 0 0 21.5 80 128 -0.3 -18.3
"70" "70" 1992-03-28 24.27 "NJN" "" "GSW" "L" -5 0 27 0.663 0.65 4.1 7.5 5.9 12 0 0 0 14.9 157 129 12.2 3.9
"71" "71" 1992-03-30 24.27 "NJN" "" "SAS" "W" 8 0 16 0.875 0.875 22 6 13.2 20.7 0 0 0 20.4 189 125 13 13.2
"72" "72" 1992-04-01 24.28 "NJN" "@" "MIL" "W" 4 0 20 0.368 0.3 27.2 34.3 30.6 6.9 0 2.8 0 19.8 120 105 9.1 -1.9
"73" "73" 1992-04-03 24.28 "NJN" "" "MIL" "W" 19 0 18 0.571 0.571 19.5 16.7 18 6.5 0 3.1 12.5 18 122 104 6.5 -3.2
"74" "74" 1992-04-05 24.29 "NJN" "@" "IND" "W" 8 0 28 0.625 0.625 0 13.4 8.3 0 0 0 0 12.3 121 120 7.2 -3.8
"75" "75" 1992-04-07 24.3 "NJN" "" "ATL" "L" -7 0 24 0.462 0.462 7.8 26.7 16.7 6.9 2.1 0 0 22 113 104 9.8 0.6
"76" "76" 1992-04-08 24.3 "NJN" "@" "WSB" "W" 6 1 29 0.666 0.625 8.1 12.3 10.5 4.9 0 0 23.5 18.8 112 113 8.1 -4.1
"77" "77" 1992-04-10 24.3 "NJN" "" "CLE" "W" 24 1 31 0.507 0.467 14.3 14.6 14.5 13.2 1.6 6 10.7 22.7 122 88 15.9 6.2
"78" "78" 1992-04-11 24.31 "NJN" "@" "ATL" "L" -20 1 30 0.538 0.5 5.8 27.3 15 0 3 0 11.8 21.9 99 105 10.9 -2
"79" "79" 1992-04-13 24.31 "NJN" "@" "ORL" "W" 6 0 22 0.59 0.5 12.8 22.4 17 6 2.3 0 9.7 18.5 133 105 10.6 4.7
"80" "80" 1992-04-14 24.32 "NJN" "@" "MIA" "W" 5 0 25 0.45 0.375 15.7 17.1 16.5 12.2 2.1 0 5.3 29.8 124 104 12.1 2.3
"81" "81" 1992-04-16 24.32 "NJN" "" "IND" "L" -6 0 12 0.68 0.6 26.1 9.1 17.8 11.8 0 0 0 19.9 160 125 8.8 7.3
"82" "82" 1992-04-18 24.33 "NJN" "" "ORL" "W" 16 0 7 0.102 0 0 46.8 26.7 27.4 0 0 0 28 60 104 0.1 -15.4
"1" "1" 1992-11-07 24.88 "DET" "@" "IND" "W" 2 0 5 0 0 48 0 22.1 0 0 0 33.3 28.5 39 109 -1.8 -33.6
"2" "2" 1992-11-11 24.89 "DET" "@" "CHI" "L" -2 0 10 0.521 0.5 0 0 0 17.3 0 0 0 14 121 113 1.5 0
"3" "3" 1992-11-12 24.9 "DET" "" "MIA" "W" 7 0 11 0.434 0.25 0 0 0 0 0 0 14.8 29.1 84 106 0 -16
"4" "4" 1992-11-14 24.9 "DET" "" "IND" "L" -4 0 23 0.554 0.4 17.4 36.8 25.5 6.6 0 0 24 30.6 99 109 7.9 -7.1
"5" "5" 1992-11-17 24.91 "DET" "@" "LAC" "L" -9 0 35 0.649 0.542 0 13.3 7.7 5.4 0 4.8 17 23.4 112 111 12.3 0.9
"6" "6" 1992-11-19 24.92 "DET" "@" "DEN" "L" -12 0 22 0.333 0.333 0 5.9 2.7 13.9 0 0 25 25.4 58 117 -2 -15.9
"7" "7" 1992-11-21 24.92 "DET" "@" "SEA" "L" -37 0 27 0.334 0.316 12.9 13.3 13.1 5.3 3.4 0 9.3 30.6 80 128 4.5 -9.6
"8" "8" 1992-11-22 24.92 "DET" "@" "POR" "L" -25 0 25 0.576 0.538 8.5 25.6 17.1 7.5 1.8 4.6 17.8 27.7 99 101 12.2 5.7
"9" "9" 1992-11-25 24.93 "DET" "" "CHH" "L" -4 0 21 0.608 0.5 4.8 20.3 12.3 0 2.3 6 14.8 25.6 112 95 10.7 5.9
"10" "10" 1992-11-28 24.94 "DET" "@" "MIN" "L" -2 0 18 0.298 0.2 17.8 17.4 17.6 10 0 3.7 25.4 40.5 60 95 -0.8 -18.7
"11" "11" 1992-11-29 24.94 "DET" "" "NYK" "W" 16 0 16 0.666 0.6 18.4 6.5 12.6 0 0 0 6.9 38.5 136 93 11.6 11.4
"12" "12" 1992-12-04 24.96 "DET" "@" "PHI" "W" 2 0 22 0.503 0.5 11.7 9.9 10.9 10.7 2.3 0 13.7 39.9 97 107 9.8 -2
"13" "13" 1992-12-05 24.96 "DET" "" "PHI" "W" 24 0 12 0.125 0.125 0 8 4 9.5 3.9 0 11.1 30.8 32 84 -4.2 -27.1
"14" "14" 1992-12-09 24.97 "DET" "" "ORL" "W" 5 0 18 0.333 0.333 0 6.2 3.2 0 0 0 10 23.5 74 115 -0.6 -16.4
"15" "15" 1992-12-11 24.98 "DET" "" "CLE" "W" 4 0 26 0.731 0.727 4.4 11.9 7.6 22.9 3.9 0 7.5 21.9 141 107 15.9 10.7
"16" "16" 1992-12-12 24.98 "DET" "@" "NYK" "L" -7 0 17 0.571 0.571 0 6.3 3.5 0 0 0 0 19.9 117 118 3.4 -4.9
"17" "17" 1992-12-15 24.99 "DET" "@" "ATL" "W" 13 0 21 0.446 0.455 5.9 14.9 10.8 7.7 0 0 14 30.7 82 103 3.6 -12.4
"18" "18" 1992-12-16 24.99 "DET" "" "ATL" "W" 1 0 15 0.436 0.5 0 20 10 22.5 0 0 12.7 23.2 86 95 3.1 -0.7
"19" "19" 1992-12-18 24.99 "DET" "" "IND" "W" 16 0 26 0.601 0.571 8.6 19.2 14.2 15.7 0 0 10.7 28.4 120 108 14 1.1
"20" "20" 1992-12-19 25 "DET" "@" "MIL" "W" 13 0 13 0.654 0.667 0 20.5 10 13.1 0 0 36.8 36.5 83 106 2.1 -11.6
"21" "21" 1992-12-22 25 "DET" "" "HOU" "W" 14 0 24 0.184 0.2 5.4 10.3 7.9 5.6 7.1 0 15.5 27.1 44 89 -1.2 -14.9
"22" "22" 1992-12-23 25.01 "DET" "@" "CHH" "L" -12 0 19 0.466 0.417 0 11.8 5.5 8.6 0 0 7.2 30.3 94 111 3.9 -6.3
"23" "23" 1992-12-26 25.01 "DET" "@" "WSB" "W" 2 0 22 0.533 0.444 9.5 10.6 10 0 0 2.7 8.8 22.7 113 111 7.2 -4.5
"24" "24" 1992-12-28 25.02 "DET" "@" "CLE" "L" -9 0 25 0.557 0.472 0 5.3 2.4 17.7 0 2.6 0 41.3 122 127 15.2 9.1
"25" "25" 1992-12-30 25.02 "DET" "" "WSB" "W" 8 0 15 0.25 0.25 7.6 29.1 18.6 0 0 0 0 24.3 70 118 1.1 -17
"26" "26" 1993-01-02 25.03 "DET" "@" "ORL" "W" 1 0 25 0.506 0.444 0 25.6 14.6 13.6 1.9 6 23.3 22.9 80 88 5.9 -0.8
"27" "27" 1993-01-05 25.04 "DET" "@" "MIA" "L" -6 0 22 0.417 0.417 14.2 0 7.6 0 2.5 3.2 7.7 27.8 88 103 6 -2.1
"28" "28" 1993-01-06 25.04 "DET" "" "LAC" "W" 7 0 19 0.619 0.625 28.1 10.3 17.8 15.1 0 0 18.4 25.5 121 114 7.8 -3
"29" "29" 1993-01-08 25.05 "DET" "" "ATL" "L" -9 0 20 0.533 0.533 0 36 17.1 12.1 2.8 0 0 34.9 112 109 11.4 6.8
"30" "30" 1993-01-09 25.05 "DET" "" "GSW" "L" -4 0 32 0.509 0.455 11.9 12.5 12.1 0 0 2.3 7.3 30.7 116 107 14.9 4.3
"31" "31" 1993-01-11 25.06 "DET" "" "SAS" "L" -18 0 28 0.411 0.381 15 0 8.5 7.1 0 2.1 4.4 33.3 101 127 9.2 -3.2
"32" "32" 1993-01-13 25.06 "DET" "" "DAL" "W" 16 0 25 0.712 0.7 24.5 17.1 20.5 18.8 0 2.4 13.7 24 138 95 17.9 8.8
"33" "33" 1993-01-14 25.07 "DET" "@" "ATL" "L" -17 0 22 0.574 0.5 10.9 24.2 18 0 0 5.6 20.9 27.6 98 107 7.7 -2.1
"34" "34" 1993-01-16 25.07 "DET" "@" "PHI" "L" -15 1 36 0.42 0.393 18.1 23.3 20.2 20 0 0 0 31.7 119 130 19.4 1.3
"35" "35" 1993-01-19 25.08 "DET" "@" "DAL" "L" -10 1 23 0.368 0.3 15.8 22.6 18.6 0 4.3 0 15.5 23.4 82 109 4.2 -10.2
"36" "36" 1993-01-21 25.08 "DET" "@" "HOU" "L" -6 1 42 0.506 0.471 9.5 16.8 12.5 5.7 1.2 5.7 5.1 18.7 118 127 15.3 -2.8
"37" "37" 1993-01-22 25.09 "DET" "@" "SAS" "L" -14 1 32 0.504 0.462 0 23.1 10.5 4.2 1.5 1.8 12.6 20.8 96 120 7.9 -3
"38" "38" 1993-01-25 25.1 "DET" "" "PHO" "L" -2 0 27 0.487 0.471 7.3 12.7 9.8 13.8 1.7 0 5.4 26.4 111 117 11.1 -0.5
"39" "39" 1993-01-27 25.1 "DET" "" "BOS" "W" 9 0 28 0.542 0.45 33.5 24.5 29.6 0 2 0 0 36.4 138 106 22.2 9.9
"40" "40" 1993-01-29 25.11 "DET" "" "MIN" "W" 9 1 29 0.698 0.643 9.2 35.5 23.3 5.9 0 0 20.2 31.3 113 110 15.4 -1.2
"41" "41" 1993-01-30 25.11 "DET" "@" "IND" "L" -4 1 31 0.582 0.533 10.8 23.6 17.4 9.5 0 2.2 10.9 26.3 118 113 13.6 1.6
"42" "42" 1993-02-05 25.13 "DET" "@" "CLE" "L" -20 1 42 0.604 0.579 11.4 20.5 15.4 0 1.2 0 9.1 22.6 116 116 18.5 3.2
"43" "43" 1993-02-07 25.13 "DET" "" "SEA" "L" -2 1 39 0.765 0.7 13.7 35.2 25.2 0 1.3 0 13.3 17.4 140 104 19.6 4.7
"44" "44" 1993-02-09 25.14 "DET" "" "MIA" "L" -1 1 42 0.693 0.667 0 18.6 11.3 16.8 1.2 1.4 12.9 25.9 124 112 21.8 5.8
"45" "45" 1993-02-10 25.14 "DET" "@" "NJN" "L" -23 1 37 0.492 0.45 2.1 18.5 8.8 0 2.7 1.5 4.5 24 107 108 13.6 2.7
"46" "46" 1993-02-12 25.15 "DET" "" "NJN" "W" 9 1 38 0.527 0.5 11 18 14.4 9.2 0 1.7 8.7 27.3 106 104 15.5 -1.8
"47" "47" 1993-02-14 25.15 "DET" "@" "CHH" "L" -10 1 34 0.434 0.417 13.8 22.9 17.6 13.7 2.8 0 7.3 32.5 97 108 15 0.1
"48" "48" 1993-02-16 25.16 "DET" "" "ORL" "W" 4 1 41 0.483 0.45 11.8 24.2 16.3 0 0 0 3.9 26.7 108 119 14.3 -5.4
"49" "49" 1993-02-17 25.16 "DET" "@" "MIA" "L" -4 1 31 0.46 0.4 3.2 11.9 7.1 5.2 1.6 0 21.6 18.1 85 119 3.3 -9.1
"50" "50" 1993-02-23 25.18 "DET" "" "PHI" "W" 12 1 24 0.62 0.643 8.2 12 10.1 24 4.2 0 16.4 30.6 108 91 14.6 9.5
"51" "51" 1993-02-26 25.18 "DET" "" "NYK" "W" 28 1 34 0.625 0.625 17.6 7.2 12.5 8.8 1.5 4 14.3 17.7 126 91 14.1 5.7
"52" "52" 1993-02-27 25.19 "DET" "" "MIL" "L" -2 1 33 0.735 0.625 3.6 11.5 7.5 9.8 0 2.2 16.4 16.6 130 111 12.3 1.5
"53" "53" 1993-03-01 25.19 "DET" "" "BOS" "W" 4 1 42 0.674 0.635 6 18.2 12.5 0 1.3 1.4 0 33.3 147 106 32.4 14.8
"54" "54" 1993-03-03 25.2 "DET" "" "UTA" "L" -8 1 39 0.415 0.375 10.3 10.9 10.5 0 0 1.6 10.6 19.9 101 126 6.4 -9.1
"55" "55" 1993-03-05 25.2 "DET" "@" "BOS" "L" -4 1 36 0.434 0.368 0 14.4 6.4 8.4 0 3.3 0 26.4 101 118 9.9 -4.5
"56" "56" 1993-03-07 25.21 "DET" "@" "MIL" "W" 7 1 34 0.374 0.294 8.5 9.4 8.9 4.9 1.6 2 13 28.3 85 103 4.7 -11
"57" "57" 1993-03-09 25.21 "DET" "" "LAL" "L" -2 1 38 0.498 0.429 8.2 13.1 10.1 6.7 0 0 7.7 27.8 109 125 13.3 -7.3
"58" "58" 1993-03-11 25.22 "DET" "" "DEN" "W" 8 1 32 0.429 0.429 9.6 19.4 14.9 3.9 3.1 0 6.7 18.7 100 100 8.5 -5.5
"59" "59" 1993-03-14 25.23 "DET" "" "CHI" "W" 2 1 38 0.73 0.714 4.1 21.1 13.2 13.4 0 1.8 11.3 23.3 135 113 18.9 6.2
"60" "60" 1993-03-16 25.23 "DET" "@" "SAC" "W" 3 1 34 0.535 0.5 10.1 13.4 11.8 10.2 0 3.8 10.1 24.8 116 116 12.7 -0.9
"61" "61" 1993-03-17 25.24 "DET" "@" "UTA" "L" -24 1 19 0 0 8.6 19.9 13 21.7 2.7 0 27.3 23.4 21 109 -4.4 -18.8
"62" "62" 1993-03-19 25.24 "DET" "@" "PHO" "L" -30 1 29 0.59 0.526 0 18.4 8.8 6.5 0 2.1 8.6 32 114 127 14.6 2.1
"63" "63" 1993-03-21 25.25 "DET" "@" "LAL" "W" 5 1 21 0.417 0.417 14.6 5.2 10 13.6 0 0 20 29.3 88 119 2.8 -12.2
"64" "64" 1993-03-22 25.25 "DET" "@" "GSW" "L" -5 1 39 0.471 0.471 5.2 20.5 12.4 8.4 1.4 1.6 19 24.2 83 107 7.9 -7.6
"65" "65" 1993-03-26 25.26 "DET" "" "CHH" "W" 8 1 31 0.36 0.368 8.8 10.6 9.6 4.3 0 2 4.9 26.4 85 110 4.1 -10.6
"66" "66" 1993-03-28 25.27 "DET" "" "CLE" "W" 13 1 28 0.581 0.583 3.6 0 1.8 30.4 1.9 2.4 12.7 13.3 121 91 9 8.1
"67" "67" 1993-03-30 25.27 "DET" "@" "ORL" "L" -14 1 31 0.475 0.471 7.4 11.6 9.4 0 1.7 2.6 5.3 27.1 97 114 8.1 -0.4
"68" "68" 1993-03-31 25.27 "DET" "" "POR" "W" 9 1 22 0.2 0.2 9.3 6.2 8 0 0 0 9.1 21.2 57 124 -2.7 -22.6
"69" "69" 1993-04-02 25.28 "DET" "" "SAC" "W" 9 1 31 0.648 0.692 9.9 24.1 16.8 18.7 1.6 2 6.7 19.7 131 99 18.2 8.7
"70" "70" 1993-04-06 25.29 "DET" "" "WSB" "W" 12 1 23 0.394 0.375 14.2 4 8.7 14.5 0 0 10.1 19.2 95 98 4.2 -5.5
"71" "71" 1993-04-08 25.3 "DET" "@" "NJN" "W" 2 1 33 0.458 0.333 0 28.4 14.9 12.8 0 1.8 17.4 24 91 107 8.4 -3.9
"72" "72" 1993-04-09 25.3 "DET" "@" "BOS" "W" 15 1 17 0.318 0.333 19.3 16.1 17.9 0 0 0 9.6 25.8 81 105 1.8 -13
"73" "73" 1993-04-11 25.3 "DET" "@" "WSB" "W" 12 1 31 0.594 0.533 0 22.8 10.5 0 1.7 2.3 13.9 32 105 101 12.5 -1.8
"74" "74" 1993-04-12 25.31 "DET" "" "CHI" "L" -3 1 41 0.568 0.568 5.1 12.1 7.8 14 0 1.9 12 27.7 117 123 14.9 3.8
"75" "75" 1993-04-14 25.31 "DET" "" "ATL" "W" 3 1 31 0.551 0.5 3.6 16.3 9.6 16.7 0 2.5 4.4 34.8 118 104 16.2 5.5
"76" "76" 1993-04-16 25.32 "DET" "@" "CHH" "L" -34 1 23 0.354 0.333 9.1 11 9.9 15 4.3 4.7 23.3 23.3 69 124 4.1 -5.6
"77" "77" 1993-04-17 25.32 "DET" "@" "NYK" "L" -10 1 29 0.333 0.211 6.1 9.5 7.8 0 0 0 0 32.1 96 114 4.4 -4.4
"78" "78" 1993-04-20 25.33 "DET" "@" "CLE" "L" -24 1 22 0.609 0.545 10.6 17.2 13.1 11.5 2.3 0 7.5 23.8 123 109 11 6.5
"79" "79" 1993-04-22 25.33 "DET" "@" "CHI" "L" -6 1 37 0.575 0.462 8.8 6.2 7.5 11.3 0 1.7 11.3 21.2 129 120 12.9 3.5
"80" "80" 1993-04-23 25.34 "DET" "" "IND" "W" 5 1 21 0.5 0.5 0 10.4 5.8 6.7 0 0 14.3 14.8 93 118 1.3 -10.3
"81" "81" 1993-04-25 25.34 "DET" "" "NJN" "W" 6 1 7 0.667 0.667 0 0 0 20 0 0 40 29.9 81 119 0.2 -14.1
"1" "1" 1993-11-05 25.87 "DET" "" "MIN" "W" 5 1 38 0.521 0.533 10.8 27.1 18.5 8.5 2.5 6.5 10.9 19.4 107 90 16.6 4.1
"2" "2" 1993-11-06 25.88 "DET" "@" "IND" "W" 6 1 22 0.625 0.556 16.4 4.8 10.3 0 6.5 0 15.2 24.7 117 100 10.7 3.4
"3" "3" 1993-11-09 25.88 "DET" "" "WSB" "L" -6 1 28 0.643 0.643 17.1 24.5 20.6 16.8 0 2.3 17.6 26.2 121 129 13.9 -0.1
"4" "4" 1993-11-11 25.89 "DET" "@" "LAC" "L" -12 1 35 0.615 0.583 7.9 10.3 8.9 22.6 2.8 0 6.4 18.3 131 111 17.9 6.1
"5" "5" 1993-11-12 25.89 "DET" "@" "UTA" "L" -20 1 12 0.564 0.5 0 9.5 4.9 0 4.3 5.1 23.5 48.8 83 107 3.6 -6.7
"6" "6" 1993-11-14 25.9 "DET" "@" "POR" "L" -3 1 33 0.558 0.538 7.1 15.2 11.4 12.5 0 0 0 17.2 127 120 11.7 -0.9
"7" "7" 1993-11-17 25.91 "DET" "" "ORL" "W" 6 1 27 0.468 0.4 14 26.7 20.5 6.6 0 0 0 21 109 99 9 -1.7
"8" "8" 1993-11-19 25.91 "DET" "" "SAS" "W" 9 0 31 0.308 0.308 14.7 33.4 25 5.2 0 2.2 7.1 22.6 81 90 5.4 -6.3
"9" "9" 1993-11-21 25.92 "DET" "" "PHI" "W" 14 0 28 0.451 0.333 9 23.9 16.9 12.7 1.8 0 39.2 21.6 74 93 3.7 -7.5
"10" "10" 1993-11-24 25.93 "DET" "" "BOS" "L" -15 0 31 0.568 0.545 7.6 44.2 22.4 4.6 0 2 0 19.8 126 125 12.1 -1.4
"11" "11" 1993-11-27 25.93 "DET" "@" "NYK" "L" -27 0 27 0.558 0.444 15.8 22.2 18.8 0 0 0 14.7 22.7 108 118 9 -3.6
"12" "12" 1993-11-28 25.94 "DET" "" "GSW" "L" -3 0 34 0.392 0.357 7.8 19.3 13 10.5 0 0 6.1 21.9 89 104 8.1 -4.2
"13" "13" 1993-11-30 25.94 "DET" "@" "CLE" "L" -18 1 34 0.3 0.3 7.7 8 7.8 6.6 0 3.9 0 25.9 73 105 3.9 -5.4
"14" "14" 1993-12-02 25.95 "DET" "" "PHO" "L" -1 1 44 0.678 0.652 17.6 3 9.8 8.9 1.2 0 7.6 28.4 135 115 26.3 6.7
"15" "15" 1993-12-07 25.96 "DET" "@" "ORL" "L" -2 1 32 0.643 0.6 11.8 15.4 13.6 15.5 1.8 4.8 21.6 21.3 114 103 12.2 5.4
"16" "16" 1993-12-08 25.96 "DET" "" "ATL" "L" -8 1 38 0.391 0.382 7.9 27.5 17.5 8 0 3.2 21.9 25.3 73 105 5 -7.4
"17" "17" 1993-12-10 25.97 "DET" "" "MIL" "L" -2 1 42 0.745 0.727 3.4 25.7 15.4 4.4 4 1.7 32 22.9 95 96 14.3 0.3
"18" "18" 1993-12-11 25.97 "DET" "@" "MIN" "W" 12 1 44 0.597 0.567 7.5 27.3 19.8 17.3 2.5 1.7 10.7 20.2 116 83 18.8 6.6
"19" "19" 1993-12-14 25.98 "DET" "" "LAL" "L" -6 1 38 0.588 0.588 14.4 22.5 18.5 4.5 0 1.6 19 23.9 105 107 14.6 0.7
"20" "20" 1993-12-16 25.99 "DET" "@" "WSB" "W" 2 1 44 0.503 0.471 17.4 26.6 21.8 3.4 0 0 14.4 21.6 109 110 13.3 -5
"21" "21" 1993-12-18 25.99 "DET" "" "CLE" "W" 6 1 40 0.671 0.625 2.9 20.8 12.4 12.2 1.4 0 9.7 24.3 127 95 19.3 7.6
"22" "22" 1993-12-20 26 "DET" "@" "PHI" "L" -29 1 30 0.518 0.5 16 5.3 12 19.4 0 2.9 0 20.5 130 130 12.9 1.8
"23" "23" 1993-12-21 26 "DET" "" "CHH" "L" -11 1 34 0.421 0.421 5.5 8.8 6.8 25.1 0 2.1 9.5 24.2 100 114 9.2 1.4
"24" "24" 1993-12-23 26.01 "DET" "" "CHI" "L" -9 1 41 0.698 0.692 3.7 18.5 11.7 19 0 1.8 25.9 24.1 104 99 12.4 2.7
"25" "25" 1993-12-27 26.02 "DET" "@" "CHH" "L" -15 1 45 0.579 0.568 2.4 24.4 12.2 4.2 0 0 0 23.1 117 119 17.6 0.1
"26" "26" 1993-12-28 26.02 "DET" "@" "ATL" "L" -18 1 36 0.603 0.583 14.4 23.5 18.8 16.8 1.4 1.8 7.4 17.3 130 122 16.3 1.8
"27" "27" 1993-12-30 26.02 "DET" "" "SAC" "L" -6 1 38 0.455 0.409 16.7 13.7 15.4 4.7 0 0 11 30.8 98 112 13.2 -0.5
"28" "28" 1994-01-02 26.03 "DET" "" "MIA" "L" -8 1 30 0.539 0.467 12.3 18.6 15.6 19 1.8 0 10.2 30.3 114 104 13.3 5.1
"29" "29" 1994-01-11 26.06 "DET" "" "DEN" "L" -8 1 23 0.311 0.25 11.6 32.1 20.2 0 0 0 13.4 26.3 71 97 1.1 -11.6
"30" "30" 1994-01-13 26.06 "DET" "" "NYK" "L" -14 1 43 0.348 0.348 17.6 14.3 16.1 16.7 0 0 4.2 24.4 91 109 10.3 -2
"31" "31" 1994-01-15 26.07 "DET" "@" "NYK" "L" -9 1 48 0.656 0.656 0 18.4 9.9 4 1 0 11.1 16.1 121 102 14.4 3.8
"32" "32" 1994-01-17 26.07 "DET" "" "UTA" "L" -15 1 19 0.286 0.286 6 7.7 6.7 0 0 0 12.5 19.1 59 123 -0.9 -17.5
"33" "33" 1994-01-18 26.08 "DET" "@" "MIL" "L" -32 0 21 0.242 0.111 0 15.2 6.3 14.4 2.5 0 0 22.7 65 134 0.1 -16.8
"34" "34" 1994-01-21 26.08 "DET" "@" "MIA" "W" 20 1 40 0.847 0.824 8 8.2 8.1 7.9 2.7 3.9 4.7 25 167 108 31 12
"35" "35" 1994-01-22 26.09 "DET" "@" "WSB" "L" -5 1 37 0.549 0.5 11 8.1 9.6 5.7 1.4 3.5 9.9 24.9 112 109 14.4 -0.1
"36" "36" 1994-01-24 26.09 "DET" "" "CHI" "L" -6 1 46 0.595 0.583 11 18.6 15.1 8.1 1.2 2.6 5.9 18 125 105 17.8 3.8
"37" "37" 1994-01-26 26.1 "DET" "@" "GSW" "L" -16 1 30 0.444 0.429 7 18.6 12.6 10.9 0 0 6 23.5 99 109 7.5 -1.2
"38" "38" 1994-01-28 26.1 "DET" "@" "LAL" "L" -8 1 38 0.462 0.462 11.2 10.3 10.8 8.6 2.7 0 13.3 17.1 98 110 8.3 -4.6
"39" "39" 1994-01-29 26.11 "DET" "@" "DEN" "L" -18 1 34 0.672 0.643 3.4 23.5 12.7 4.7 0 0 16.8 22.2 119 131 12 -2.8
"40" "40" 1994-01-31 26.11 "DET" "" "CLE" "L" -4 1 40 0.438 0.438 8.4 3.8 6.4 18.4 0 3.8 11.1 19.9 101 124 9.3 -2.5
"41" "41" 1994-02-02 26.12 "DET" "" "MIL" "W" 14 1 46 0.711 0.688 15.3 28.7 21.9 10.3 1.2 3.2 0 17 159 99 28.8 9.4
"42" "42" 1994-02-04 26.12 "DET" "" "SEA" "L" -24 1 36 0.545 0.545 4 11.3 8.3 25.4 0 0 21.4 17.7 93 116 7.2 -1.2
"43" "43" 1994-02-05 26.13 "DET" "" "NJN" "L" -7 1 43 0.44 0.385 2.2 15 8.8 7.1 2.4 3.2 11.9 16.4 91 108 9.1 -3.2
"44" "44" 1994-02-07 26.13 "DET" "@" "ATL" "L" -44 1 39 0.591 0.591 4.4 22.4 11.1 7.5 2.4 0 8.3 11.8 123 132 12.1 -1.2
"45" "45" 1994-02-09 26.14 "DET" "@" "BOS" "W" 7 1 29 0.667 0.667 11 15.9 13.7 17.9 3.4 0 0 17.3 145 94 16.9 9
"46" "46" 1994-02-10 26.14 "DET" "" "HOU" "L" -23 1 40 0.595 0.577 4.7 15 9.2 13.5 0 1.7 18.2 18.3 100 112 10.8 -2.7
"47" "47" 1994-02-15 26.15 "DET" "" "WSB" "W" 7 1 44 0.587 0.559 10.9 6.7 8.6 10.2 1.3 1.4 10.1 21.1 122 112 16.6 0.3
"48" "48" 1994-02-17 26.16 "DET" "@" "SAS" "L" -19 1 43 0.469 0.441 6.6 33 18.8 6.5 0 1.6 17.2 22.7 93 121 9.8 -4.2
"49" "49" 1994-02-19 26.16 "DET" "@" "DAL" "W" 9 1 36 0.608 0.533 3.3 14.8 9.8 16.4 4.2 1.5 14.2 26.6 113 95 18 4.7
"50" "50" 1994-02-21 26.17 "DET" "" "DAL" "L" -10 1 48 0.55 0.412 10 23.1 16.5 24 1.2 2.6 15 27 111 111 22.8 3.1
"51" "51" 1994-02-25 26.18 "DET" "@" "IND" "L" -20 1 23 0.317 0.286 7.7 13.3 10.3 6.8 2.1 0 0 14.1 86 110 2.9 -8.6
"52" "52" 1994-02-26 26.18 "DET" "" "MIA" "L" -5 1 35 0.522 0.5 2.8 28.5 16.1 18 2.8 1.7 6.1 19.3 109 95 14.7 3.6
"53" "53" 1994-03-01 26.19 "DET" "@" "NJN" "L" -10 1 34 0.508 0.462 2.8 19.3 10.5 4.3 1.4 0 21.3 23.7 80 106 6.5 -7.1
"54" "54" 1994-03-02 26.19 "DET" "" "POR" "L" -24 1 39 0.676 0.65 2.6 25.9 12.9 4.7 1.2 0 11.9 27 116 128 21.4 2.7
"55" "55" 1994-03-05 26.2 "DET" "@" "MIL" "L" -9 1 31 0.667 0.667 7.6 23.6 16 9.8 1.6 2.1 33.3 24.1 89 115 9.4 -5.9
"56" "56" 1994-03-07 26.21 "DET" "" "NYK" "L" -14 1 42 0.563 0.5 0 19.5 10 21.9 1.1 3.5 23.1 17.6 95 97 11.3 2.2
"57" "57" 1994-03-09 26.21 "DET" "" "NJN" "W" 17 1 44 0.64 0.63 3 30.4 18 3.4 1.2 3 0 24.2 129 97 24.9 3
"58" "58" 1994-03-11 26.22 "DET" "" "CLE" "W" 2 1 42 0.643 0.6 3.6 22 15 8.6 1.3 3.3 15.5 21.9 115 104 17.4 1
"59" "59" 1994-03-12 26.22 "DET" "" "ATL" "L" -12 1 43 0.437 0.409 12.1 10.3 11.2 7.5 1.2 1.3 11.6 26.8 91 112 12.1 -3.3
"60" "60" 1994-03-14 26.23 "DET" "@" "SAC" "W" 6 1 20 0.601 0.5 17.1 25.5 21.6 19 0 0 5.7 37.4 133 106 15 5.1
"61" "61" 1994-03-15 26.23 "DET" "@" "SEA" "W" 2 1 40 0.353 0.353 5.5 25.7 15.3 17.3 1.3 3.5 10.5 20.7 79 89 7.8 0
"62" "62" 1994-03-18 26.24 "DET" "@" "PHO" "W" 1 1 33 0.679 0.684 0 11.5 6.1 5.3 1.5 0 9.1 29.3 123 123 16.7 1.4
"63" "63" 1994-03-19 26.24 "DET" "@" "HOU" "L" -18 1 36 0.422 0.344 2.5 23.3 11.3 4.9 0 0 5.3 22.8 92 114 7.1 -4.9
"64" "64" 1994-03-23 26.25 "DET" "" "LAC" "W" 4 1 31 0.54 0.526 12.1 37.8 23.6 8.7 0 4 0 24.6 126 101 19.9 6
"65" "65" 1994-03-25 26.26 "DET" "" "CHH" "L" -14 1 41 0.418 0.433 2.2 18.9 8.4 16.7 0 1.8 0 17.6 100 114 9.9 -1.5
"66" "66" 1994-03-27 26.26 "DET" "@" "CLE" "L" -12 1 33 1 1 0 27.1 14.5 16.2 0 2 23.1 18.6 140 116 16.8 7
"67" "67" 1994-03-29 26.27 "DET" "@" "MIA" "W" 8 1 30 0.791 0.7 5.2 9.6 7.9 16.9 1.6 0 0 18.5 175 120 18.8 7.6
"68" "68" 1994-04-01 26.28 "DET" "@" "CHI" "L" -7 1 36 0.522 0.464 0 13.7 6.3 13.8 4.4 3.7 16.4 23.6 93 107 11.3 1.2
"69" "69" 1994-04-03 26.28 "DET" "" "CHI" "L" -3 1 29 0.409 0.4 0 11 6.5 5.4 3.6 2.2 11.2 30.6 76 99 4.4 -5.5
"70" "70" 1994-04-05 26.29 "DET" "@" "IND" "L" -16 1 37 0.472 0.421 6 21.1 13.6 11.5 0 0 15.9 29.7 90 112 9.2 -4.4
"71" "71" 1994-04-08 26.3 "DET" "@" "ORL" "L" -14 1 37 0.586 0.565 21.2 16.2 18.9 19.9 1.3 0 7.7 27.7 125 119 25 5.5
"72" "72" 1994-04-10 26.3 "DET" "" "BOS" "L" -5 1 29 0.696 0.583 4.5 36.8 22.2 19.4 0 0 0 23 172 120 19.9 9.9
"73" "73" 1994-04-12 26.31 "DET" "" "PHI" "L" -27 1 40 0.639 0.587 4.2 30 14.8 8.2 0 1.6 3.5 28.3 135 133 27.6 5.3
"74" "74" 1994-04-13 26.31 "DET" "@" "BOS" "L" -13 1 31 0.687 0.656 3.1 14.4 8.3 0 0 1.9 5.2 25.7 135 114 17 5.4
"75" "75" 1994-04-15 26.32 "DET" "@" "NJN" "L" -5 1 33 0.5 0.5 3.1 15.4 9.3 0 1.5 2.1 5.3 25 102 113 9.5 -4.4
"76" "76" 1994-04-17 26.32 "DET" "" "IND" "L" -5 1 40 0.643 0.643 8.6 9.7 9.1 11.9 2.5 0 6.7 16.8 132 111 16.7 3.4
"77" "77" 1994-04-19 26.33 "DET" "" "ORL" "L" -28 1 29 0.75 0.75 0 22.6 10.3 9.7 0 2.1 20 7.1 124 129 5.7 -5.5
"78" "78" 1994-04-20 26.33 "DET" "@" "MIL" "L" -25 1 23 0.455 0.455 0 24.1 10.8 15.7 0 0 8.3 20.8 89 100 6.1 -1.4
"79" "79" 1994-04-23 26.34 "DET" "@" "CHH" "L" -5 1 21 0.65 0.65 5.2 40.3 24.1 16.8 7 3.1 9.1 21 130 88 15.9 16.4
"80" "80" 1994-04-24 26.34 "DET" "@" "PHI" "L" -8 1 12 0.6 0.6 0 17.4 8.1 11.8 0 0 28.6 23.9 82 111 3 -7
"1" "1" 1994-11-04 26.87 "DET" "" "LAL" "L" -17 1 29 0.63 0.6 0 43.6 17.4 7 1.7 2.5 5.9 23.5 124 109 14.7 7.5
"2" "2" 1994-11-05 26.87 "DET" "@" "ATL" "W" 5 1 29 0.533 0.471 4.3 32.3 19.4 12.1 1.7 0 9.6 32 106 98 13.9 0.2
"3" "3" 1994-11-08 26.88 "DET" "" "MIN" "W" 14 1 20 1 1 0 11.2 7.2 6.6 0 3.4 50 21.9 76 118 3.1 -9.5
"4" "4" 1994-11-10 26.89 "DET" "" "IND" "W" 2 1 40 0.622 0.5 16.7 18.9 17.8 7.5 0 0 15.7 21.4 126 119 14.6 -2.8
"5" "5" 1994-11-12 26.89 "DET" "@" "CHH" "L" -13 1 39 0.619 0.5 9.7 11.9 10.7 4.6 0 0 5.6 21 138 131 15.4 -0.1
"6" "6" 1994-11-15 26.9 "DET" "" "PHI" "W" 1 1 30 0.53 0.5 0 45.7 24.3 10 1.8 0 18.5 24.1 95 99 8.5 -4.8
"7" "7" 1994-11-17 26.91 "DET" "@" "DEN" "W" 2 1 46 0.597 0.567 5.4 4.4 4.9 7.3 3.5 0 10.7 18.9 116 108 14.7 -0.2
"8" "8" 1994-11-18 26.91 "DET" "@" "UTA" "L" -25 1 29 0.34 0.2 0 12.4 5.9 0 0 0 14.5 9.7 66 126 -0.8 -12
"9" "9" 1994-11-20 26.92 "DET" "@" "POR" "L" -2 1 44 0.575 0.5 3.9 13 9.4 4.1 0 1.7 10.3 23 109 119 12.9 -2.8
"10" "10" 1994-11-23 26.92 "DET" "" "MIL" "W" 5 1 39 0.773 0.75 8.6 32.2 20.3 9.1 0 0 16.2 19.5 135 111 21 4.1
"11" "11" 1994-11-25 26.93 "DET" "" "MIA" "L" -14 1 34 0.619 0.577 11.1 27.5 19.1 15.1 3.2 0 0 24.7 139 121 19.8 5.5
"12" "12" 1994-11-27 26.93 "DET" "" "GSW" "W" 15 1 40 0.506 0.444 8.9 26.1 16.8 11 1.1 0 9.2 20.5 112 89 15.5 1.8
"13" "13" 1994-11-30 26.94 "DET" "@" "BOS" "L" -3 1 36 0.706 0.667 13.3 14 13.6 5.1 0 1.8 10.3 32.4 135 127 28.1 7.2
"14" "14" 1994-12-02 26.95 "DET" "@" "WSB" "L" -11 1 45 0.418 0.333 10.2 12.7 11.4 10.1 0 0 5.6 17 110 125 9.3 -5.4
"15" "15" 1994-12-03 26.95 "DET" "" "PHO" "W" 10 1 28 0.35 0.35 8.6 23.9 16.5 9.6 0 3.2 16.7 18.1 80 101 4.5 -5.9
"16" "16" 1994-12-06 26.96 "DET" "@" "IND" "L" -7 1 16 1.143 1.143 0 26.1 13.5 20 0 0 12.5 22.8 165 94 12.4 22.1
"17" "17" 1994-12-09 26.97 "DET" "" "CHI" "L" -21 1 32 0.155 0.083 0 20.8 8.9 18.5 1.5 0 13.4 19.1 45 121 -2.3 -13.6
"18" "18" 1994-12-10 26.97 "DET" "@" "CLE" "L" -8 1 36 0.472 0.375 0 28.6 15.6 15.6 0 0 26.7 25.9 77 100 3.6 -8.3
"19" "19" 1994-12-13 26.98 "DET" "@" "CHI" "L" -20 1 36 0.396 0.389 3.5 34.8 20.6 5.9 1.4 2.4 19.8 31.3 65 95 5.9 -6.2
"20" "20" 1994-12-14 26.98 "DET" "" "CHH" "L" -13 1 34 0.419 0.412 5.6 40.9 20.9 4.8 3 0 5.3 25.3 89 106 10.7 -0.4
"21" "21" 1994-12-17 26.99 "DET" "@" "PHI" "W" 5 1 48 0.787 0.789 5.6 14.3 9.9 13 3.6 1.7 16.4 24.6 130 107 26.6 10.5
"22" "22" 1994-12-21 27 "DET" "@" "NJN" "L" -18 1 40 0.662 0.694 6.5 13.7 9.3 6 1.2 4.3 9.6 21.8 120 122 19.6 6.1
"23" "23" 1994-12-23 27.01 "DET" "" "ATL" "L" -20 1 26 0.169 0.077 12.9 13.8 13.3 0 4.4 0 11.9 30.2 45 109 -1.5 -15.3
"24" "24" 1994-12-27 27.02 "DET" "" "MIL" "L" -10 1 46 0.551 0.55 2.9 38.6 18.2 12.8 2.4 2.1 12.6 24.6 100 109 16.5 0.2
"25" "25" 1994-12-28 27.02 "DET" "@" "NYK" "L" -8 1 45 0.472 0.472 9.7 6.7 8.4 8 3.9 1.9 5.3 21.1 112 122 13.1 -0.6
"26" "26" 1994-12-30 27.02 "DET" "" "BOS" "L" -17 1 47 0.757 0.692 3.4 16 9.9 6.6 1.1 1.7 16.5 18.8 128 138 18.2 -0.8
"27" "27" 1995-01-03 27.04 "DET" "@" "LAL" "L" -9 1 40 0.587 0.575 7.3 20 12.2 27.5 1.3 2.4 8.9 23.2 122 111 19.1 9.2
"28" "28" 1995-01-05 27.04 "DET" "@" "SAC" "L" -6 1 38 0.424 0.389 13.2 19.4 16 20.9 4.3 0 13.7 26.8 94 100 12.6 -1.6
"29" "29" 1995-01-08 27.05 "DET" "" "ORL" "L" -20 1 33 0.302 0.263 13 7.3 10.6 0 1.6 0 0 25.5 83 119 3.8 -10.9
"30" "30" 1995-01-10 27.05 "DET" "" "NJN" "W" 14 1 41 0.417 0.417 9.2 32.7 21.7 6.3 3.9 1.9 0 13.9 107 82 13.6 1.8
"31" "31" 1995-01-11 27.06 "DET" "@" "ORL" "L" -17 1 40 0.577 0.577 0 25.5 11.2 19.7 1.2 1.9 27.8 19.4 88 124 10.1 -3.6
"32" "32" 1995-01-13 27.06 "DET" "@" "MIN" "L" -12 1 37 0.355 0.313 10.5 15.1 13 13.6 0 0 15.1 24.4 79 116 3.5 -11.7
"33" "33" 1995-01-16 27.07 "DET" "@" "PHI" "W" 6 1 46 0.412 0.321 10.8 14.9 12.8 18.8 1.2 0 6 17 120 125 11.8 -6
"34" "34" 1995-01-18 27.08 "DET" "" "UTA" "L" -13 1 39 0.41 0.333 3.3 30.8 18.8 9.1 0 0 6.4 18.8 88 103 7.5 -4.6
"35" "35" 1995-01-20 27.08 "DET" "" "HOU" "L" -10 1 43 0.767 0.722 2.8 22.3 12.6 18.1 1.2 0 8.5 25.4 144 114 28.5 9.4
"36" "36" 1995-01-21 27.08 "DET" "@" "MIL" "L" -20 1 38 0.571 0.536 3.5 19.4 11.8 8.4 0 3.9 6.3 20.2 121 133 12.3 -3.5
"37" "37" 1995-01-24 27.09 "DET" "" "PHI" "W" 11 1 34 0.858 0.867 8.6 19.1 14.1 22.9 0 0 23.5 28.7 131 116 21.7 7.7
"38" "38" 1995-01-26 27.1 "DET" "" "POR" "L" -17 1 34 0.4 0.4 3.4 16.9 10.9 4.4 1.4 1.6 28.6 19 58 101 1.9 -7.8
"39" "39" 1995-01-28 27.1 "DET" "" "MIA" "W" 4 1 31 0.437 0.393 0 3.6 1.8 5.7 0 0 0 22.1 109 108 5.4 -5.1
"40" "40" 1995-01-30 27.11 "DET" "" "LAC" "W" 7 1 24 0.75 0.75 6.3 8.7 7.7 12.9 2.1 0 20 9.7 127 103 5.1 -0.9
"41" "41" 1995-02-01 27.12 "DET" "@" "MIA" "L" -23 1 42 0.693 0.679 0 25.7 11.8 6.4 0 0 21.7 20.1 104 109 11.2 2.3
"42" "42" 1995-02-02 27.12 "DET" "" "CLE" "W" 2 1 43 0.45 0.45 0 21.8 14.6 4.5 4 0 28.6 17 64 91 4.8 -3.9
"43" "43" 1995-02-04 27.12 "DET" "" "ATL" "W" 6 1 43 0.62 0.5 11.9 35.3 22.3 16.3 0 1.9 6.4 17 137 90 19.6 10.2
"44" "44" 1995-02-06 27.13 "DET" "@" "NJN" "L" -4 1 30 0.514 0.357 3.4 19.5 10.9 9.8 1.7 0 10.2 14.7 110 105 6.5 -2.8
"45" "45" 1995-02-07 27.13 "DET" "" "WSB" "W" 4 1 40 0.582 0.567 5.6 31.8 17.1 24.3 0 2 0 17.9 147 122 19 5.7
"46" "46" 1995-02-08 27.13 "DET" "" "CHH" "L" -28 1 21 0.375 0.375 4.8 28.6 14.3 19.8 0 0 20 20.7 75 121 1.3 -10.4
"47" "47" 1995-02-14 27.15 "DET" "" "NYK" "W" 12 1 37 0.644 0.591 0 27.2 15.2 3.8 1.4 2.1 13.2 19.5 114 102 13.2 0.3
"48" "48" 1995-02-15 27.15 "DET" "@" "IND" "L" -26 1 40 0.492 0.447 0 16.2 8.3 5.6 2.7 1.6 4.7 27.1 98 125 11.8 -4.1
"49" "49" 1995-02-17 27.16 "DET" "@" "CHI" "L" -15 1 33 0.683 0.708 6.8 18.2 12.8 0 1.5 2.1 6.4 20.9 129 115 15.5 2.7
"50" "50" 1995-02-18 27.16 "DET" "@" "CHH" "L" -22 1 22 0.482 0.458 8.1 24.2 13.5 0 2.4 0 13.9 27.2 94 117 6.1 -1.6
"51" "51" 1995-02-20 27.17 "DET" "" "SAC" "W" 6 1 28 0.357 0.25 17.6 15.9 16.7 10.7 0 2.4 5.2 30.4 96 105 7.7 -7.9
"52" "52" 1995-02-23 27.18 "DET" "@" "HOU" "L" -11 1 36 0.444 0.2 0 3.9 1.9 0 2.8 6.8 0 8.6 99 114 6.5 -3.2
"53" "53" 1995-03-03 27.2 "DET" "@" "ATL" "L" -16 0 36 0.711 0.711 12.7 8 10.1 23.5 1.5 0 24 31.6 112 107 17.7 9.4
"54" "54" 1995-03-04 27.2 "DET" "@" "DAL" "W" 7 1 29 0.563 0.563 0 19.5 11 5 0 4.4 0 13.9 118 99 7.5 0
"55" "55" 1995-03-07 27.21 "DET" "@" "CLE" "L" -8 1 41 0.689 0.667 10.6 22.1 16.7 15.1 0 0 9.6 28.4 128 114 20.9 8.7
"56" "56" 1995-03-08 27.21 "DET" "@" "WSB" "W" 9 1 35 0.505 0.458 0 19.6 10.2 7 4 1.9 0 15.8 108 98 12.3 -0.9
"57" "57" 1995-03-10 27.22 "DET" "" "DEN" "L" -11 1 28 0.056 0 3.6 4.4 4 11.4 3.8 0 10.1 17.2 28 111 -2.8 -15.1
"58" "58" 1995-03-12 27.22 "DET" "" "SEA" "L" -40 1 11 0.2 0.2 10.1 30.4 20.3 0 4.4 0 16.7 23.1 45 122 -0.3 -18
"59" "59" 1995-03-14 27.23 "DET" "@" "PHO" "L" -7 0 37 0.618 0.6 6.7 21 13.7 8.8 4.2 0 26.1 18.8 98 120 10.6 -2.8
"60" "60" 1995-03-15 27.23 "DET" "@" "LAC" "L" -30 0 21 0.363 0.333 11.4 19.9 15.9 8.6 0 0 36.8 23.5 59 128 -1.1 -17.9
"61" "61" 1995-04-02 27.28 "DET" "" "WSB" "W" 5 1 42 0.4 0.333 0 16.7 9.2 6.8 3.8 0 17.9 18.2 77 109 6.1 -6.8
"62" "62" 1995-04-05 27.29 "DET" "@" "ORL" "L" -3 1 18 0.511 0.5 21.6 22.7 22.2 20.9 5.5 3.5 8.5 27.7 124 117 11.8 7.9
"63" "63" 1995-04-07 27.29 "DET" "" "ORL" "W" 10 1 26 0.15 0.15 0 12.9 6.5 0 2.1 0 9.1 19.3 35 107 -3.9 -19.2
"64" "64" 1995-04-08 27.3 "DET" "@" "NYK" "L" -17 1 41 0.62 0.591 7.1 15 11.4 25 1.3 0 17.1 19.9 122 122 14.6 4.2
"65" "65" 1995-04-11 27.3 "DET" "@" "MIL" "L" -5 1 44 0.551 0.55 3.7 28.9 18.9 21.1 0 1.5 8.4 13.3 123 110 14.3 1.1
"66" "66" 1995-04-12 27.31 "DET" "" "CHI" "L" -11 1 32 1 1 4.2 10.7 7.7 9.4 0 0 9.1 16.4 167 138 17.8 8
"67" "67" 1995-04-14 27.31 "DET" "" "CHH" "L" -8 1 40 0.44 0.385 0 30.7 15.2 0 0 0 0 17.5 91 106 6.8 -7
"68" "68" 1995-04-15 27.32 "DET" "@" "BOS" "L" -25 1 24 0.705 0.636 4.3 17.8 11 0 3.7 0 7.3 24.2 129 114 13.6 3.8
"69" "69" 1995-04-18 27.32 "DET" "" "CLE" "W" 9 1 33 0.2 0.2 10.4 23.3 17.4 15 0 0 23.1 17.8 57 87 0.6 -8.4
"70" "70" 1995-04-20 27.33 "DET" "@" "CHI" "L" -15 1 32 0.77 0.781 0 16 8.2 6.3 0 1.9 10.6 23.2 131 116 18.5 5.6
"71" "71" 1995-04-21 27.33 "DET" "@" "ATL" "L" -17 1 37 0.598 0.567 8.5 13.8 11.2 24.8 0 0 11.2 20 126 130 16.6 1.4
"72" "72" 1995-04-23 27.34 "DET" "@" "MIA" "L" -24 1 40 0.504 0.467 2.3 23.5 12.2 7.3 0 0 5.9 18.2 103 129 9.3 -5.8
"1" "1" 1995-11-03 27.87 "DET" "" "NYK" "L" -6 0 36 0.304 0.222 13.6 30.1 20 3.8 2.9 0 0 12.2 100 111 7.2 -3.1
"2" "2" 1995-11-04 27.87 "DET" "@" "WSB" "L" -11 0 27 0.387 0.333 12.4 19.8 15.8 14 1.9 0 20.5 17.1 84 109 4.3 -4.4
"3" "3" 1995-11-07 27.88 "DET" "@" "CHH" "L" -12 1 32 0.625 0.625 15.4 15.4 15.4 0 0 2.3 15.8 27.6 105 116 12.9 -0.2
"4" "4" 1995-11-08 27.88 "DET" "" "POR" "W" 7 1 16 0.286 0.286 15.1 9.7 12.7 0 6.8 0 22.2 24.7 63 96 1.6 -6.6
"5" "5" 1995-11-10 27.89 "DET" "" "CLE" "W" 20 1 30 0.546 0.5 15 27.2 22.6 12.1 0 2.5 6.4 25.3 122 86 13.1 1.3
"6" "6" 1995-11-15 27.9 "DET" "" "SEA" "W" 7 1 12 0.336 0.286 29.3 8.2 17.8 33.3 0 0 11.8 32.3 93 102 2.9 -3.2
"7" "7" 1995-11-17 27.91 "DET" "" "UTA" "L" -5 1 5 0.41 0.25 24 0 11.9 0 0 0 0 49.6 100 110 2.3 -1.5
"8" "8" 1995-11-18 27.91 "DET" "@" "CLE" "L" -3 0 12 0 0 0 32.4 16.2 35.3 0 0 0 12.3 69 114 0.1 -7.6
"9" "9" 1995-11-22 27.92 "DET" "" "WSB" "L" -1 0 15 0.725 0 16.8 9.7 13.5 0 0 0 42 13.7 103 112 2.6 -6
"10" "10" 1995-11-24 27.93 "DET" "" "PHI" "W" 23 0 19 0.5 0.5 0 11 6.6 21.1 2.6 0 50 19.4 62 81 -0.3 -9.6
"11" "11" 1995-11-26 27.93 "DET" "" "HOU" "W" 2 0 24 0.598 0.567 0 16.7 7.1 0 0 0 0 28.9 123 112 11 1.8
"12" "12" 1995-11-27 27.93 "DET" "@" "ORL" "L" -1 0 37 0.495 0.441 16.2 17.1 16.6 10 1.5 0 9.4 26.6 110 113 13.7 0.3
"13" "13" 1995-11-29 27.94 "DET" "@" "BOS" "L" -4 0 26 0.419 0.385 11.3 16.1 13.6 6.9 3.7 0 12.3 27 87 97 6.5 -1.6
"14" "14" 1995-11-30 27.94 "DET" "" "MIA" "L" -11 0 6 1.042 1 0 20.5 11 0 0 0 0 22.4 222 132 4.5 8.4
"15" "15" 1995-12-02 27.95 "DET" "" "ATL" "W" 8 0 10 0.333 0.333 0 21.8 11.3 0 0 0 25 18.9 51 109 -1.3 -20.2
"16" "16" 1995-12-04 27.95 "DET" "@" "DEN" "L" -3 0 19 0.7 0.7 7.4 26.6 17.5 0 0 4.8 16.7 15.9 114 96 4.3 2.3
"17" "17" 1995-12-07 27.96 "DET" "@" "VAN" "W" 9 0 11 0.5 0.5 0 12.5 6.6 0 0 6.8 25 18.5 83 105 0.1 -8.8
"18" "18" 1995-12-08 27.96 "DET" "@" "GSW" "W" 7 0 30 0.779 0.8 11 4.8 8.3 29.8 0 0 14.1 21 147 127 16.3 10.5
"19" "19" 1995-12-10 27.97 "DET" "@" "LAL" "L" -5 0 18 0.507 0.5 14 10.9 12.3 29.1 0 0 10.1 26.1 106 100 5 0.6
"20" "20" 1995-12-13 27.98 "DET" "" "LAL" "L" -3 0 18 0.431 0.45 6.5 14 10.1 0 2.9 0 16.1 31.5 78 110 2.3 -8.4
"21" "21" 1995-12-15 27.98 "DET" "" "NJN" "W" 7 0 23 0.333 0.333 10.7 34.8 22.3 18.6 2.4 0 10 20.8 91 109 5.4 -5.5
"22" "22" 1995-12-16 27.99 "DET" "@" "NYK" "L" -4 0 38 0.539 0.464 0 11.5 5.1 6.4 3 0 16 23.9 97 99 7.8 2.1
"23" "23" 1995-12-19 27.99 "DET" "@" "TOR" "W" 12 0 29 0.738 0.7 4.1 17.4 10.6 0 0 2.6 0 20.6 156 98 14.8 9.6
"24" "24" 1995-12-20 28 "DET" "" "MIL" "W" 25 0 23 0.759 0.722 12.3 10.2 11.1 14.7 0 0 16.8 24.2 133 94 11.7 7.6
"25" "25" 1995-12-22 28 "DET" "@" "MIA" "W" 9 0 22 0.429 0.429 0 11.2 6.2 32 2.7 0 0 16.8 105 91 5.2 3.3
"26" "26" 1995-12-23 28.01 "DET" "" "ORL" "L" -15 0 13 0.425 0.4 9.5 30.8 19.7 32.7 0 0 14.5 25.5 89 102 3.5 2.1
"27" "27" 1995-12-26 28.01 "DET" "" "GSW" "W" 10 0 6 0.333 0.333 0 53.3 31.2 0 8.8 0 0 23.9 65 63 1.4 -5.7
"28" "28" 1995-12-28 28.02 "DET" "" "TOR" "W" 22 0 24 0.638 0.4 7.4 15 11.9 22.9 0 3.3 17.5 24.1 129 104 10.4 2.2
"29" "29" 1995-12-30 28.02 "DET" "" "CHH" "W" 2 0 21 0.75 0.75 5.7 5.6 5.7 9.9 0 0 27.3 26.2 100 114 6.3 -0.8
"30" "30" 1996-01-03 28.04 "DET" "@" "MIL" "L" -14 0 16 0.7 0.7 0 10.7 4.8 27.3 0 0 16.7 18.8 119 118 4.6 3.4
"31" "31" 1996-01-06 28.04 "DET" "" "WSB" "W" 8 0 8 0.25 0.25 0 13.3 6.9 0 0 0 0 22.7 54 93 -0.5 -12.8
"32" "32" 1996-01-11 28.06 "DET" "@" "CHH" "W" 2 0 17 0.644 0.563 8.6 25.7 18.3 11 0 0 9.7 29.4 125 103 8.8 6.2
"33" "33" 1996-01-13 28.06 "DET" "@" "NJN" "W" 11 0 23 0.506 0.471 8.9 12.8 11.2 0 2.4 0 9.6 43 94 89 9.5 0.1
"34" "34" 1996-01-15 28.07 "DET" "@" "ATL" "L" -8 0 14 0.169 0.125 0 30.3 13 0 0 0 10.1 33 38 109 -3.1 -25.1
"35" "35" 1996-01-18 28.08 "DET" "" "SAS" "W" 2 0 5 0.431 0 0 0 0 0 0 0 0 41.6 103 118 1.8 -7.8
"36" "36" 1996-01-19 28.08 "DET" "@" "IND" "L" -8 0 19 0.313 0.313 6.6 5.9 6.2 22 0 0 11.1 23.9 81 115 0.8 -7.1
"37" "37" 1996-01-21 28.08 "DET" "" "CHI" "L" -15 0 7 0.5 0.5 33.4 19 26.7 21.3 0 0 33.3 20 101 136 2.4 -1.1
"38" "38" 1996-01-24 28.09 "DET" "@" "SAS" "W" 1 0 17 0.533 0.45 6.1 18.4 12.3 18 3.2 0 24.7 43.8 83 91 5.7 0.9
"39" "39" 1996-01-25 28.1 "DET" "@" "DAL" "W" 1 0 25 0.644 0.625 10.4 31.3 21.6 0 0 0 0 38.1 132 108 19.1 10.7
"40" "40" 1996-01-27 28.1 "DET" "@" "HOU" "L" -20 0 10 0.239 0.2 42.7 36.9 40 0 5.4 0 16.1 56.7 60 104 1.1 -17.7
"41" "41" 1996-01-29 28.11 "DET" "@" "UTA" "L" -9 0 26 0.45 0.438 10 18.5 13.8 7 0 0 18.4 19.9 87 120 3 -6.4
"42" "42" 1996-02-01 28.12 "DET" "" "IND" "W" 17 0 18 0.441 0.25 8.1 16 12.9 21.6 0 4 0 29.2 114 87 7.9 6
"43" "43" 1996-02-03 28.12 "DET" "" "SAC" "L" -9 0 10 0 0 0 12.6 5.9 0 5.8 0 0 9.7 0 106 -0.5 -9.9
"44" "44" 1996-02-05 28.13 "DET" "@" "NYK" "L" -6 0 6 0.509 0.417 36.4 0 19.3 0 0 0 12.7 56.4 102 110 3.6 5.3
"45" "45" 1996-02-07 28.13 "DET" "" "ORL" "W" 14 0 23 0.505 0.5 0 17.8 10.1 8.2 4.8 0 0 25.3 103 89 9 4.6
"46" "46" 1996-02-14 28.15 "DET" "@" "PHI" "W" 19 0 14 0.7 0.7 0 12.5 7.7 11.2 3.8 0 28.6 24.4 97 91 4.2 -0.1
"47" "47" 1996-02-15 28.15 "DET" "" "CHI" "L" -3 0 5 0.258 0.333 24.7 0 11.4 0 11.1 0 20.5 45.9 54 102 0.2 -12.1
"48" "48" 1996-02-17 28.16 "DET" "" "TOR" "W" 13 0 17 0.571 0.571 7.8 6.3 7 17.8 3.1 0 0 18.3 136 104 7.3 4.1
"49" "49" 1996-02-19 28.16 "DET" "" "MIN" "W" 30 0 23 0.672 0.6 0 37.1 22 7.6 4.8 6.2 0 27.1 141 76 16.9 13.9
"50" "50" 1996-02-21 28.17 "DET" "" "NYK" "L" -3 0 15 0.484 0.444 0 8 4.4 0 0 0 16.2 39 84 119 2.8 -11.1
"51" "51" 1996-02-23 28.18 "DET" "@" "MIN" "L" -1 0 19 0.654 0.583 23.7 14.9 19.1 10.8 6.2 7.8 12.7 21.2 132 101 10.2 11.6
"52" "52" 1996-02-25 28.18 "DET" "@" "POR" "W" 12 0 22 0.732 0.688 0 11.2 6.2 30.8 0 4.3 10.1 22.8 143 98 11.4 17.7
"53" "53" 1996-02-26 28.18 "DET" "@" "SAC" "W" 15 0 24 0.673 0.636 13.3 4.7 9.1 0 0 0 14.4 27.3 125 102 9.1 2.1
"54" "54" 1996-02-28 28.19 "DET" "@" "SEA" "L" -14 0 27 0.506 0.45 8.5 32.7 20 0 0 0 15.5 24 90 106 5.5 -5
"55" "55" 1996-03-01 28.19 "DET" "@" "PHO" "W" 5 0 24 0.375 0.375 5 8.2 6.7 30.3 0 0 11.1 17.7 98 117 5 1.1
"56" "56" 1996-03-02 28.2 "DET" "@" "LAC" "W" 4 0 25 0.4 0.4 6.2 23.3 15 0 0 0 0 19.8 112 131 4.1 -9.1
"57" "57" 1996-03-04 28.2 "DET" "" "ATL" "W" 6 0 29 0.595 0.5 0 18.4 10.5 0 0 0 7.8 22.1 117 112 8.3 -1.7
"58" "58" 1996-03-05 28.21 "DET" "@" "TOR" "W" 21 0 36 0.479 0.469 12.7 27.9 20.4 5.2 0 0 5.3 24.1 117 102 11.8 -1.9
"59" "59" 1996-03-07 28.21 "DET" "@" "CHI" "L" -21 0 30 0.484 0.5 0 3.5 1.8 0 0 0 22.5 21.1 74 119 0.2 -5.2
"60" "60" 1996-03-09 28.22 "DET" "" "DAL" "W" 1 0 19 0.656 0.636 15.8 36.7 27 0 0 4.3 25.9 36.3 95 89 10.9 5.9
"61" "61" 1996-03-11 28.22 "DET" "" "LAC" "W" 10 0 22 0.5 0.5 8.1 12.5 10.6 19.9 0 0 50 14.1 81 119 0.5 -6.7
"62" "62" 1996-03-13 28.23 "DET" "" "PHO" "W" 3 0 18 0.424 0.389 16.2 12.7 14.2 24.2 0 0 0 25.3 120 132 6.2 -4.3
"63" "63" 1996-03-15 28.23 "DET" "" "CLE" "W" 11 0 28 0.731 0.682 10.7 12.2 11.6 9.7 0 0 7.5 28.4 133 95 13.1 10.3
"64" "64" 1996-03-17 28.24 "DET" "" "DEN" "W" 10 0 28 0.322 0.25 4.8 12.5 8.9 10.9 0 0 0 20.5 85 106 3.8 -5.6
"65" "65" 1996-03-19 28.24 "DET" "@" "ORL" "L" -22 0 25 0.222 0.222 10.7 19.7 15.4 6.8 0 2.8 10 19.5 62 125 -0.1 -13.6
"66" "66" 1996-03-20 28.25 "DET" "@" "MIA" "L" -9 0 28 0.372 0.222 8.6 13.5 11 12.4 0 2.9 8.5 19.6 90 114 4.7 -3.4
"67" "67" 1996-03-22 28.25 "DET" "" "NJN" "W" 15 0 27 0.638 0.607 15.2 29.6 21.9 13.4 2 0 6.3 27.6 136 104 15.4 6
"68" "68" 1996-03-23 28.25 "DET" "@" "ATL" "L" -8 0 30 0.3 0.3 4.1 17.3 10.5 7.2 1.9 0 16.7 19.6 63 108 1 -7.6
"69" "69" 1996-03-26 28.26 "DET" "" "VAN" "W" 11 0 21 0.056 0 10.9 8.6 9.6 13.4 2.6 3.2 0 20.5 43 84 -0.3 -9
"70" "70" 1996-03-30 28.27 "DET" "" "MIA" "L" -10 0 23 0.611 0.611 10.2 4.6 7.3 10.1 4.6 0 18.2 21.6 107 103 7.1 4.1
"71" "71" 1996-04-02 28.28 "DET" "@" "MIL" "L" -7 0 19 0 0 7 41 24.2 19.9 6 0 20 27.1 31 108 -2.6 -20.5
"72" "72" 1996-04-03 28.28 "DET" "" "CHH" "W" 15 0 4 0 0 0 0 0 0 0 0 0 24.8 0 107 -1.4 -29.2
"73" "73" 1996-04-05 28.29 "DET" "@" "PHI" "W" 21 0 24 0.65 0.65 0 17.8 10.3 25.8 2.3 0 0 20.9 138 97 11.8 10.5
"74" "74" 1996-04-07 28.3 "DET" "@" "BOS" "L" -1 0 10 0.75 0.75 0 21.3 10.1 17.5 0 0 20 22.6 118 107 3.1 5
"75" "75" 1996-04-09 28.3 "DET" "@" "NJN" "W" 17 0 21 0.636 0.636 6.9 17.9 13.6 8.3 0 5.9 0 25.8 142 104 11.1 8.1
"76" "76" 1996-04-10 28.3 "DET" "" "PHI" "W" 16 0 23 0.673 0.682 5.4 13.9 9.9 0 2.5 0 0 25 135 90 12.1 11.9
"77" "77" 1996-04-13 28.31 "DET" "@" "IND" "L" -5 0 21 0.833 0.833 0 24.7 12 14.3 2.9 0 7.7 33.2 145 109 14.3 22
"78" "78" 1996-04-14 28.32 "DET" "" "BOS" "W" 9 0 8 0 0 0 11.6 6.4 0 0 0 0 5.9 0 105 -0.8 -11.4
"79" "79" 1996-04-17 28.32 "DET" "" "IND" "W" 9 0 32 0.779 0.8 9.1 19.2 14.6 5.8 1.8 0 7.6 21.4 139 106 15.6 9.3
"80" "80" 1996-04-18 28.33 "DET" "@" "CHI" "L" -31 0 18 0.568 0.5 5.2 14 9 0 5.6 0 19.6 37.5 93 108 7.4 3.5
"81" "81" 1996-04-20 28.33 "DET" "@" "CLE" "L" -2 0 28 0.253 0.222 0 25.1 16.1 29.1 0 3 16.8 25.3 59 96 2 -4.9
"82" "82" 1996-04-21 28.33 "DET" "" "MIL" "W" 16 0 23 0.682 0.682 7.2 9.7 8.7 8.2 2.5 3.1 8.3 25.7 132 104 11.2 7.6
"1" "1" 1996-11-01 28.87 "DET" "" "IND" "W" 6 0 15.1833333333333 0.258 0 17.3 33.7 25.6 10 3.6 6 34 18.7 65 89 2.5 -3
"2" "2" 1996-11-02 28.87 "DET" "@" "ATL" "W" 12 0 20.4666666666667 0.689 0.65 0 25.9 12 0 0 0 0 27 142 97 9.2 7.6
"3" "3" 1996-11-05 28.88 "DET" "@" "PHI" "W" 2 0 17.8333333333333 0.556 0.556 11.9 26.7 19.6 12.5 0 0 25 30.3 91 88 5.5 2.4
"4" "4" 1996-11-06 28.88 "DET" "" "DAL" "W" 19 0 23.3333333333333 0.438 0.438 0 22 11.4 0 0 0 0 17 100 103 3 -8.2
"5" "5" 1996-11-08 28.88 "DET" "" "CHI" "L" -18 0 13.65 0.313 0.313 23.4 29.4 26 0 0 0 11.1 32.4 76 117 1.8 -6.8
"6" "6" 1996-11-12 28.9 "DET" "@" "WSB" "W" 13 1 34.0833333333333 0.679 0.679 0 16 8.5 18.3 0 0 6.7 21.6 133 97 13.8 10.3
"7" "7" 1996-11-13 28.9 "DET" "" "DEN" "W" 1 0 19.0666666666667 0.75 0.75 6.2 35.8 19.9 0 3.1 0 20 13.1 126 96 5 3.9
"8" "8" 1996-11-15 28.9 "DET" "" "WSB" "W" 11 1 34.7333333333333 0.765 0.7 5.1 4.2 4.6 4 1.7 0 33.8 14.1 106 107 5.6 -0.5
"9" "9" 1996-11-16 28.91 "DET" "@" "CLE" "W" 4 0 22.2333333333333 0.781 0.714 0 7 3.3 19.6 0 0 10.7 22.4 147 133 10 9
"10" "10" 1996-11-20 28.92 "DET" "@" "BOS" "W" 25 1 23.4666666666667 0.563 0.563 6.3 13.9 10.7 0 0 0 11.1 18.4 105 99 5.2 -4.9
"11" "11" 1996-11-21 28.92 "DET" "" "NJN" "W" 8 0 11.8833333333333 0.25 0.25 0 28.6 15 0 0 0 33.3 24 35 100 -1.9 -21.1
"12" "12" 1996-11-23 28.93 "DET" "@" "CHH" "L" -8 0 24.9333333333333 0.563 0.563 0 17.5 8.5 7.3 2.4 0 20 21 92 110 2.8 -1.8
"13" "13" 1996-11-27 28.94 "DET" "" "VAN" "W" 9 0 16.2166666666667 0.65 0.65 0 19.6 10.7 21.4 0 5 16.7 37.2 106 96 8.3 13.3
"14" "14" 1996-11-29 28.94 "DET" "" "LAL" "L" -8 0 18.7666666666667 0.25 0.25 21.5 0 13 22.5 0 0 33.3 23.3 62 111 -0.4 -11.4
"15" "15" 1996-12-01 28.95 "DET" "" "SAC" "W" 29 0 8.51666666666667 0.4 0.4 0 0 0 0 0 0 0 26.3 91 89 0.9 -7.7
"16" "16" 1996-12-04 28.96 "DET" "" "ATL" "W" 10 0 24.9166666666667 1.136 1.136 9.1 11.6 10.7 0 0 0 21.4 31.5 144 121 18 19.2
"17" "17" 1996-12-06 28.96 "DET" "" "CLE" "W" 12 0 28.5 1.114 1.111 0 23.2 12.1 73.5 2.2 2.9 8.8 24 199 101 26.8 39.8
"18" "18" 1996-12-07 28.96 "DET" "@" "NJN" "W" 26 0 21.75 0.727 0.727 5.1 29.5 16.4 18.3 2.6 0 15.4 28.2 131 78 12.9 18
"19" "19" 1996-12-10 28.97 "DET" "@" "MIL" "W" 8 0 31.5166666666667 0.625 0.625 4.3 11.1 7.3 4.5 2 0 0 6.9 140 113 4.8 -1.3
"20" "20" 1996-12-12 28.98 "DET" "@" "HOU" "L" -19 0 25.4666666666667 0.357 0.357 9.4 20.6 13.9 17.4 0 4.2 0 13.1 111 134 4.8 -3.1
"21" "21" 1996-12-15 28.99 "DET" "" "BOS" "W" 10 0 29.15 0.591 0.591 5.3 25.5 16.6 11.5 5.7 3 15.4 22.2 103 89 11.7 7.4
"22" "22" 1996-12-16 28.99 "DET" "@" "TOR" "W" 6 0 23.1333333333333 0.776 0.75 11 6.1 8.7 0 5 0 31.8 19.6 106 109 7.3 3.2
"23" "23" 1996-12-18 28.99 "DET" "" "NYK" "W" 34 0 23.1 0.778 0.778 0 20.9 10.6 6.6 2.4 0 18.2 23.6 115 90 10.2 6.3
"24" "24" 1996-12-20 29 "DET" "@" "IND" "W" 9 0 26.7833333333333 0.5 0.5 0 25.4 11.7 7.1 0 0 0 18.8 121 95 5.2 1.5
"25" "25" 1996-12-21 29 "DET" "@" "NYK" "L" -3 0 23.0333333333333 0.75 0.75 0 29 13.9 0 0 0 0 12.8 148 110 7.1 7
"26" "26" 1996-12-25 29.01 "DET" "@" "CHI" "L" -12 0 9.08333333333333 0 0 13.7 0 6.1 15.7 0 0 0 5.4 85 126 0.7 -0.5
"27" "27" 1996-12-26 29.01 "DET" "" "IND" "L" -6 0 25.5833333333333 0.381 0.429 10.4 34 20.2 15.8 2.2 0 11.3 16.2 86 96 6.3 -0.4
"28" "28" 1996-12-28 29.02 "DET" "" "CHH" "W" 22 0 22.45 0.3 0.3 0 6.1 3 0 5.4 0 0 21.9 92 94 2.1 -5
"29" "29" 1996-12-30 29.02 "DET" "" "ORL" "W" 12 0 23.0333333333333 0.545 0.545 5.6 33.8 19.7 9.2 2.5 0 0 23.2 129 96 10.1 7.5
"30" "30" 1997-01-02 29.03 "DET" "" "BOS" "W" 12 0 32.2333333333333 0.813 0.813 0 22 10.5 5.3 1.7 2.1 0 12.1 162 98 13.6 8.5
"31" "31" 1997-01-04 29.04 "DET" "" "TOR" "W" 44 0 15.0166666666667 0.5 0.5 0 20 12.2 17 3.4 0 16.7 17.8 110 79 3.8 -0.7
"32" "32" 1997-01-07 29.05 "DET" "" "MIL" "L" -10 0 20.5833333333333 0.143 0.143 16 13.3 14.8 18.8 3.1 0 22.2 22.6 50 109 0.2 -10.3
"33" "33" 1997-01-10 29.05 "DET" "" "SAS" "W" 6 0 32.5333333333333 0.731 0.682 0 15 7.9 0 0 0 14 24 123 102 10.7 3.5
"34" "34" 1997-01-11 29.06 "DET" "" "UTA" "W" 10 0 37.4166666666667 0.75 0.75 3.4 13.7 8.5 29 0 2.3 7.7 18.4 146 99 15.6 12.9
"35" "35" 1997-01-14 29.07 "DET" "@" "POR" "L" -9 0 38.1166666666667 0.636 0.611 2.6 13 7.3 0 0 0 0 23.1 126 114 15.7 7.3
"36" "36" 1997-01-15 29.07 "DET" "@" "VAN" "W" 24 0 31.4666666666667 0.651 0.667 8.8 11.7 10.6 10.4 1.8 0 8.5 19.2 127 93 12.1 5.9
"37" "37" 1997-01-18 29.08 "DET" "@" "LAL" "W" 3 0 43.7166666666667 0.414 0.35 0 18.5 9.6 7.7 0 1.8 0 12.7 103 102 5.7 -3
"38" "38" 1997-01-20 29.08 "DET" "@" "PHO" "L" -3 0 32.1833333333333 0.556 0.556 3.9 22 13.3 5.8 0 0 25 19.1 87 109 3.9 -6.1
"39" "39" 1997-01-22 29.09 "DET" "@" "SAC" "L" -5 0 29.9 0.506 0.444 0 11.7 6.2 0 2 2.6 9.2 18.4 98 119 6.1 -1.9
"40" "40" 1997-01-23 29.09 "DET" "@" "GSW" "W" 15 0 29.9333333333333 0.674 0.633 13 35.6 24.1 17.3 0 0 5.8 28.8 140 96 19.9 15.5
"41" "41" 1997-01-25 29.1 "DET" "" "PHI" "W" 9 0 27.5833333333333 0.722 0.722 3.4 19 10.8 5.6 1.9 0 10 15.6 136 104 10.8 5.7
"42" "42" 1997-01-28 29.1 "DET" "@" "MIL" "W" 9 0 32.9166666666667 0.6 0.6 0 7.3 4 0 0 0 0 16.3 123 111 7.2 1.4
"43" "43" 1997-01-29 29.11 "DET" "" "POR" "W" 9 0 29.7666666666667 0.406 0.406 4.2 18.3 11 8.2 1.9 0 5.9 27.6 94 106 6 -4.5
"44" "44" 1997-02-01 29.12 "DET" "@" "NJN" "W" 15 0 21.95 0.429 0.429 0 12.1 7.5 8.2 0 2.8 12.5 21 76 95 3.2 -4.8
"45" "45" 1997-02-02 29.12 "DET" "" "PHO" "L" -9 0 24.2333333333333 0.636 0.636 11.8 0 6.5 20.7 0 0 15.4 25.5 114 129 9 4.1
"46" "46" 1997-02-06 29.13 "DET" "" "HOU" "W" 9 0 29.5666666666667 1 1 9.1 27.3 18.9 0 0 3.1 11.1 14.4 163 100 15.6 11.3
"47" "47" 1997-02-11 29.14 "DET" "@" "MIA" "L" -13 0 27.8833333333333 0.75 0.75 4 17.6 10.5 13.9 0 0 16.7 20.3 125 118 10.9 7.3
"48" "48" 1997-02-12 29.15 "DET" "" "ORL" "W" 9 0 24.9333333333333 0.652 0.625 0 35.4 17.9 7.3 0 3.7 19.2 20.2 113 105 7.7 1.2
"49" "49" 1997-02-14 29.15 "DET" "@" "CHH" "W" 6 0 28.1166666666667 0.778 0.778 4.5 53.6 26.9 12.5 0 0 18.2 18.9 125 110 11.2 5.3
"50" "50" 1997-02-16 29.16 "DET" "@" "TOR" "W" 3 0 33.0166666666667 0.526 0.5 4.4 10.1 7.7 19.6 0 0 0 20.9 127 115 11.3 2.7
"51" "51" 1997-02-19 29.16 "DET" "" "WSB" "W" 15 1 36.8666666666667 0.582 0.542 6.8 23.3 15.2 0 0 0 7.2 19.4 118 107 11.5 -1.4
"52" "52" 1997-02-21 29.17 "DET" "" "NJN" "W" 14 0 17.5833333333333 0.278 0.278 0 6.5 3.6 16.8 3.1 4.4 0 26 68 97 1.7 -8.5
"53" "53" 1997-02-23 29.18 "DET" "@" "WSB" "W" 6 0 35.35 0.636 0.636 0 49.2 25.3 17 0 4.5 8.3 18 116 87 14.6 12.3
"54" "54" 1997-02-24 29.18 "DET" "@" "ORL" "L" -9 0 18.4166666666667 0.19 0.214 6.2 14.4 10 8.6 0 0 27.6 26.7 41 115 -3.7 -18.6
"55" "55" 1997-02-26 29.18 "DET" "" "GSW" "W" 33 0 25.3666666666667 0.965 0.95 0 16.7 10.2 0 2.3 0 0 22.8 190 100 18.2 16.7
"56" "56" 1997-02-28 29.19 "DET" "@" "BOS" "W" 6 0 21.1333333333333 0.278 0.278 0 20.2 12.3 7.4 2.5 0 18.2 25.4 52 98 0.4 -10.8
"57" "57" 1997-03-02 29.19 "DET" "" "ATL" "W" 7 0 29.8666666666667 0.214 0.214 9.1 20 14.9 5.3 2.1 0 0 12.7 74 97 1.5 -6.2
"58" "58" 1997-03-04 29.2 "DET" "" "MIA" "L" -9 0 12.5166666666667 0 0 0 40 18.5 10.8 0 0 0 4.3 66 133 0.9 -5
"59" "59" 1997-03-05 29.2 "DET" "@" "MIN" "W" 4 0 14.8833333333333 0.375 0.375 0 20.9 11.2 0 0 4.6 0 13.4 78 100 1.8 -3.5
"60" "60" 1997-03-07 29.21 "DET" "@" "UTA" "L" -7 0 37.4166666666667 0.722 0.722 6.3 17.3 11 0 3.2 6.6 0 12.9 146 108 13.8 9.4
"61" "61" 1997-03-08 29.21 "DET" "@" "LAC" "W" 6 0 22.45 0.3 0.3 0 29.1 16.8 0 0 0 16.7 14.5 50 100 -0.9 -11.3
"62" "62" 1997-03-11 29.22 "DET" "@" "SEA" "L" -13 0 20.9166666666667 0.417 0.417 0 38.1 19.3 9.4 0 0 14.3 16.9 74 101 1.8 -6.3
"63" "63" 1997-03-13 29.22 "DET" "@" "DEN" "W" 20 0 21.0833333333333 0.2 0.2 0 5.2 3 16.4 2.6 0 0 11.7 78 99 1.9 -3.8
"64" "64" 1997-03-16 29.23 "DET" "" "SEA" "W" 3 0 36.5 0.717 0.706 5.8 6 5.9 25.9 0 5.4 0 23.8 147 109 21 15.9
"65" "65" 1997-03-17 29.24 "DET" "@" "CLE" "L" -3 0 25 0.256 0.188 0 34.3 15.5 0 0 4 17 25.5 45 111 -1.6 -16.7
"66" "66" 1997-03-19 29.24 "DET" "" "TOR" "L" -2 0 26.95 0.733 0.636 13.7 15.7 14.8 7.6 0 0 6.8 28.2 141 121 15.9 7.3
"67" "67" 1997-03-21 29.25 "DET" "" "MIN" "W" 14 0 27.2666666666667 0.364 0.364 0 27.4 13.3 26.4 1.9 6.2 8.3 21.2 86 100 7 1
"68" "68" 1997-03-22 29.25 "DET" "@" "CHI" "L" -15 0 14.35 0.222 0 0 0 0 11.8 0 0 0 22.7 56 126 -0.2 -11.3
"69" "69" 1997-03-26 29.26 "DET" "@" "NYK" "L" -11 0 19.95 0.551 0.5 5.3 13.3 8.9 0 0 0 15.5 28.8 101 115 5.1 0.9
"70" "" 1997-03-28 29.27 "DET" "" "LAC" "W" 28 NA NA NA NA NA NA NA NA NA NA NA NA NA NA NA NA
"71" "70" 1997-03-30 29.27 "DET" "" "PHI" "L" -4 0 24.25 0.444 0.444 0 19.5 9.4 0 0 0 10 19.1 84 113 1.5 -8.7
"72" "71" 1997-04-01 29.28 "DET" "@" "DAL" "W" 18 0 15.9333333333333 0.353 0.3 7.9 5.8 6.7 0 0 4.2 20.9 44.7 63 101 -1.1 -24.1
"73" "72" 1997-04-02 29.28 "DET" "@" "SAS" "W" 7 0 25.5 0.506 0.444 5.3 8.8 7.2 27.6 2.3 0 0 20 132 112 9.9 7.7
"74" "73" 1997-04-04 29.28 "DET" "@" "ATL" "L" -14 0 14.2333333333333 0.3 0.3 15.9 17.1 16.5 0 0 7 16.7 21.8 74 131 0 -15.6
"75" "74" 1997-04-07 29.29 "DET" "" "MIA" "L" -6 0 27.8833333333333 0.506 0.5 4.4 18.7 11.4 0 0 0 0 20 108 115 5.5 -1.3
"76" "75" 1997-04-10 29.3 "DET" "@" "MIA" "L" -10 0 31.8 0.632 0.632 11.5 12.9 12.2 9.7 1.9 0 0 31.3 134 116 19 13.2
"77" "76" 1997-04-11 29.3 "DET" "" "CHH" "L" -8 0 30.15 0.364 0.364 0 12 6.2 5.5 0 2.5 0 20.6 77 119 3.4 -4.3
"78" "77" 1997-04-13 29.31 "DET" "" "CHI" "W" 17 1 38.8 0.859 0.844 0 25.8 13.5 4 0 0 5.6 22 162 107 23 13.5
"79" "" 1997-04-14 29.31 "DET" "@" "ORL" "L" -9 NA NA NA NA NA NA NA NA NA NA NA NA NA NA NA NA
"80" "" 1997-04-16 29.32 "DET" "" "MIL" "W" 7 NA NA NA NA NA NA NA NA NA NA NA NA NA NA NA NA
"81" "78" 1997-04-18 29.32 "DET" "" "CLE" "L" -7 0 26.6333333333333 0.841 0.786 5.9 9.9 8.1 19.9 2.2 0 10.7 18.4 156 102 13 16.7
"82" "79" 1997-04-20 29.33 "DET" "@" "IND" "W" 4 0 34.9833333333333 0.857 0.857 0 20 11.5 0 0 0 17.6 23.6 128 119 15.3 5.4
"1" "1" 1997-10-31 29.86 "MIA" "" "TOR" "W" 13 0 24.5666666666667 0.591 0.591 9.6 27.4 20 6.1 0 2.3 15.4 22.3 109 99 9.7 2
"2" "2" 1997-11-01 29.86 "MIA" "@" "WAS" "W" 1 0 16.75 0.444 0.429 8.6 6 7.1 8.2 0 0 0 21.3 118 122 3.8 -2.8
"3" "3" 1997-11-03 29.87 "MIA" "" "CHH" "L" -13 0 19.0166666666667 1.333 1.333 14.3 6.8 11.2 0 0 0 0 6.3 252 123 8.7 8.4
"4" "4" 1997-11-05 29.87 "MIA" "@" "BOS" "W" 16 0 18.9 0.42 0 0 11.2 6.4 7.7 0 4.5 17.4 16.2 84 96 2.9 -4.3
"5" "5" 1997-11-07 29.88 "MIA" "@" "NJN" "L" -12 0 8.83333333333333 0.085 0 29.6 35.6 32.9 0 0 0 25.4 39.7 29 103 -4.2 -39.1
"6" "6" 1997-11-08 29.88 "MIA" "" "WAS" "W" 8 0 28.5166666666667 0.909 0.909 5 14.7 9.9 0 0 0 15.4 20.5 147 120 13.9 5.3
"7" "7" 1997-11-11 29.89 "MIA" "" "SAC" "W" 19 0 22.5666666666667 0.7 0.7 5.1 16.5 10.6 0 4.8 0 16.7 10.9 129 88 5.3 2.5
"8" "8" 1997-11-14 29.9 "MIA" "@" "IND" "L" -4 0 15.4666666666667 0 0 0 0 0 0 3.4 5.1 42.9 19.9 0 96 -4.5 -19.1
"9" "9" 1997-11-15 29.9 "MIA" "" "DEN" "W" 3 0 22.8 0.218 0.167 0 5.8 2.6 19.6 0 0 30.4 20.3 48 115 -4.2 -19.4
"10" "10" 1997-11-19 29.91 "MIA" "" "LAC" "W" 9 0 18.9333333333333 0.698 0.643 0 26.6 12.5 6.8 2.7 0 27.6 24.4 103 116 5.6 -6.8
"11" "11" 1997-11-21 29.92 "MIA" "@" "CHH" "L" -17 0 23.3833333333333 0.667 0.667 0 29.8 13.9 6.4 2.4 0 14.3 14.5 119 127 5.2 -0.3
"12" "12" 1997-11-22 29.92 "MIA" "" "TOR" "W" 4 0 13.4333333333333 0.333 0.333 32.1 20.9 26.1 13.2 0 0 0 28.8 106 111 4.9 -5.5
"13" "13" 1997-11-25 29.93 "MIA" "" "LAL" "W" 17 0 17.65 0.773 0.667 0 12.4 6.3 0 2.9 0 0 9.5 168 91 4.3 3.1
"14" "14" 1997-11-26 29.93 "MIA" "@" "ORL" "W" 24 0 17.0666666666667 0.5 0.5 13.1 0 6.1 0 0 4.5 16.7 16.7 103 84 3.4 4
"15" "15" 1997-11-29 29.94 "MIA" "" "MIL" "L" -6 0 17.1166666666667 0 0 0 16.1 7.5 0 3.2 0 0 11.2 0 102 -2.1 -11.3
"16" "16" 1997-12-03 29.95 "MIA" "" "PHI" "W" 4 0 12.4333333333333 0.75 0.75 0 0 0 22.9 0 5.5 33.3 10.4 112 104 2.3 3.5
"17" "17" 1997-12-05 29.96 "MIA" "" "BOS" "W" 20 0 16.3666666666667 0.2 0.2 0 23.1 13.8 0 0 0 0 12.3 50 96 -0.4 -13.6
"18" "18" 1997-12-08 29.96 "MIA" "" "NJN" "W" 8 0 24.9666666666667 0.735 0.7 5.1 8.5 6.9 6.1 4.5 0 0 10 170 109 8.1 5.9
"19" "19" 1997-12-09 29.97 "MIA" "@" "ATL" "W" 16 0 23.6166666666667 0.615 0.5 0 15 8.2 11.8 0 0 12 17.9 122 101 5.7 0.7
"20" "20" 1997-12-12 29.98 "MIA" "@" "IND" "L" -15 0 17.5666666666667 0.5 0.5 0 8.1 3.9 0 0 0 0 13.8 99 127 1.4 -6.7
"21" "21" 1997-12-13 29.98 "MIA" "@" "MIL" "W" 3 0 16.2 0.7 0.7 7.3 19.4 12.5 0 3.5 0 0 15.6 139 95 5.8 6.9
"22" "22" 1997-12-16 29.99 "MIA" "" "UTA" "L" -8 0 16.6666666666667 0.4 0.4 6.3 8.8 7.3 11.1 3.1 0 16.7 16.3 83 112 1.4 -5.2
"23" "23" 1997-12-17 29.99 "MIA" "@" "WAS" "L" -14 0 19.45 NA NA 5.9 14.3 10.5 8.1 0 0 NA 0 208 102 1.5 -1.5
"24" "24" 1997-12-19 29.99 "MIA" "@" "PHI" "W" 7 0 14.6666666666667 0.338 0.25 0 6 3.5 10.4 0 0 31.1 20.8 57 108 -1.6 -15.5
"25" "25" 1997-12-20 30 "MIA" "" "ATL" "W" 7 0 16.05 0.75 0.75 0 18.4 11 30 0 4.3 0 12.3 164 110 6.1 5.8
"26" "26" 1997-12-25 30.01 "MIA" "@" "CHI" "L" -10 0 8.33333333333333 0 0 0 0 0 0 0 0 25 25.6 0 117 -3.5 -28.1
"27" "27" 1997-12-26 30.01 "MIA" "@" "DET" "W" 14 0 18.1166666666667 0 0 5.9 11.3 8.7 7.8 0 0 25 10.9 31 99 -1.5 -14.2
"28" "28" 1997-12-28 30.02 "MIA" "" "IND" "W" 11 0 4.35 1 1 0 0 0 44.4 14.9 0 0 12.5 207 91 3.4 35
"29" "29" 1997-12-30 30.02 "MIA" "@" "CLE" "W" 12 0 19.5833333333333 0.5 0.5 12.6 38.9 25.6 0 0 0 25 10.4 94 94 1.9 -5.5
"30" "30" 1998-01-02 30.03 "MIA" "@" "CHH" "L" -11 0 3.41666666666667 0 0 39.3 0 21.3 0 0 0 0 33.2 31 119 -0.7 -25
"31" "31" 1998-01-03 30.04 "MIA" "" "SAS" "L" -7 0 4.26666666666667 0.568 NA 0 0 0 0 0 0 53.2 23.1 53 113 -0.4 -14.3
"32" "" 1998-01-07 30.05 "MIA" "" "CHI" "W" 27 NA NA NA NA NA NA NA NA NA NA NA NA NA NA NA NA
"33" "32" 1998-01-09 30.05 "MIA" "@" "DEN" "W" 19 0 13.7166666666667 0.608 0.5 10.7 22.9 17.8 0 3.9 4.6 25.8 26.4 97 82 4.7 -2.4
"34" "" 1998-01-11 30.06 "MIA" "@" "VAN" "W" 6 NA NA NA NA NA NA NA NA NA NA NA NA NA NA NA NA
"35" "33" 1998-01-13 30.06 "MIA" "@" "POR" "W" 8 0 26.8166666666667 0.571 0.571 3.9 21.2 12.1 0 2.2 0 12.5 14.8 104 81 5.3 4.2
"36" "" 1998-01-15 30.07 "MIA" "@" "SEA" "L" -18 NA NA NA NA NA NA NA NA NA NA NA NA NA NA NA NA
"37" "34" 1998-01-17 30.07 "MIA" "@" "LAL" "L" -9 0 8.13333333333333 0 0 0 0 0 0 0 0 0 5.5 0 124 -1.5 -13.1
"38" "35" 1998-01-18 30.08 "MIA" "@" "PHO" "L" -9 0 13.9666666666667 0 0 0 40.3 18.5 11.4 3.8 0 16.7 20.6 10 98 -2.8 -16.1
"39" "" 1998-01-21 30.08 "MIA" "" "PHI" "W" 5 NA NA NA NA NA NA NA NA NA NA NA NA NA NA NA NA
"40" "36" 1998-01-23 30.09 "MIA" "" "ORL" "W" 12 0 19.3166666666667 0.5 0.5 9.4 15.2 13.1 8 0 0 33.3 8.1 97 108 1.1 -2.6
"41" "" 1998-01-26 30.1 "MIA" "" "CLE" "L" -1 NA NA NA NA NA NA NA NA NA NA NA NA NA NA NA NA
"42" "" 1998-01-28 30.1 "MIA" "" "NYK" "W" 4 NA NA NA NA NA NA NA NA NA NA NA NA NA NA NA NA
"43" "37" 1998-03-16 30.23 "MIA" "" "DET" "L" -13 0 12.1333333333333 0.5 0.5 10.8 23.5 16.9 0 4.7 0 25 15.7 85 114 1.4 -4.7
"44" "38" 1998-03-18 30.24 "MIA" "" "VAN" "W" 3 0 14.75 0.75 0.75 15.2 9.7 12.8 29.3 0 0 33.3 9.7 137 120 3.6 3.5
"45" "39" 1998-03-20 30.24 "MIA" "" "GSW" "W" 6 0 5.88333333333333 0 0 0 0 0 0 0 0 0 33.2 0 119 -2.8 -38.3
"46" "40" 1998-03-22 30.25 "MIA" "" "POR" "W" 32 0 20.7666666666667 0.5 0.5 5.7 23.4 14.5 19.5 2.5 0 14.3 15.3 106 84 5.8 1.9
"47" "41" 1998-03-25 30.26 "MIA" "@" "BOS" "W" 14 0 7.1 0 0 0 14.3 8.8 0 0 0 33.3 21.2 0 108 -2.1 -24.4
"48" "42" 1998-03-27 30.26 "MIA" "" "MIL" "W" 25 0 10.3166666666667 0.5 0.5 11.4 16.6 14.4 16.4 0 6.9 0 9.1 130 81 2.9 4.4
"49" "" 1998-03-29 30.27 "MIA" "" "HOU" "W" 32 NA NA NA NA NA NA NA NA NA NA NA NA NA NA NA NA
"50" "43" 1998-03-31 30.27 "MIA" "" "BOS" "W" 26 0 12 0.667 0.667 0 9.5 5.7 11.8 0 0 25 15.5 106 110 1.9 -4.9
"51" "44" 1998-04-02 30.28 "MIA" "@" "SAS" "L" -14 0 21.7666666666667 0.291 0.167 4.5 30.3 15.4 8.8 2.5 0 12.7 16.6 68 110 1.1 -9.2
"52" "45" 1998-04-04 30.28 "MIA" "" "CHH" "W" 13 0 18.4833333333333 0.868 0.875 6.1 27.8 17.4 17.2 0 0 14.8 16.8 153 94 9.4 10.3
"53" "46" 1998-04-07 30.29 "MIA" "@" "MIN" "L" -3 0 0.0666666666666667 NA NA 0 0 0 0 0 0 NA 0 0 121 0 -5.4
"54" "" 1998-04-08 30.3 "MIA" "@" "NYK" "L" -3 NA NA NA NA NA NA NA NA NA NA NA NA NA NA NA NA
"55" "" 1998-04-10 30.3 "MIA" "@" "TOR" "W" 6 NA NA NA NA NA NA NA NA NA NA NA NA NA NA NA NA
"56" "47" 1998-04-12 30.31 "MIA" "" "NYK" "W" 1 0 12.5833333333333 0.2 0.2 0 16.1 8.7 0 4.1 0 16.7 22.8 33 86 -1.3 -11.4
"57" "48" 1998-04-15 30.32 "MIA" "" "ORL" "L" -12 0 7.05 0 0 0 34.3 18.5 0 0 10.9 0 7 0 101 -0.2 -6.9
"58" "49" 1998-04-17 30.32 "MIA" "" "WAS" "L" -8 0 16.3666666666667 0.625 0.625 0 18.2 6.7 12 0 0 33.3 15.5 86 112 0.7 -5.6
"59" "50" 1998-04-19 30.33 "MIA" "@" "ATL" "L" -12 0 18.6 0.5 0.5 0 57.1 33.3 23.1 0 0 33.3 16.6 91 110 2.8 -4.1
"1" NA 1999-03-24 31.25 "MIA" "@" "MIL" "W" 8 NA NA NA NA NA NA NA NA NA NA NA NA NA NA NA NA
"2" NA 1999-03-26 31.26 "MIA" "@" "MIN" "L" -7 NA NA NA NA NA NA NA NA NA NA NA NA NA NA NA NA
"3" "1" 1999-05-05 31.37 "MIA" "@" "NYK" "L" -13 0 29 0.507 0.5 17.7 4.6 10.3 0 1.9 0 25.3 20.7 86 117 3.4 -6.8
"1" "1" 1999-11-02 31.87 "DET" "@" "MIA" "L" -6 0 11.55 0.205 0.25 0 31.7 16.1 0 4.1 0 17 20.8 36 93 -0.8 -10.7
"2" "2" 1999-11-03 31.87 "DET" "@" "ORL" "L" -9 0 9.65 0.2 0.2 10.9 20 15.7 0 0 0 0 21.8 53 100 -0.2 -13.8
"3" "3" 1999-11-05 31.87 "DET" "" "NYK" "L" -12 0 16.85 0.254 0.143 0 26.5 10.7 19.4 0 0 0 19.7 69 108 1 -4.8
"4" "4" 1999-11-06 31.88 "DET" "@" "MIL" "L" -10 1 25.75 0.912 0.875 4.7 29.9 17 16.9 0 0 0 15 184 122 17.6 15.4
"5" "5" 1999-11-10 31.89 "DET" "@" "BOS" "W" 18 1 29.25 0.414 0.35 0 15.4 7.7 9.7 1.7 0 8.4 17.8 88 95 4.2 -4.5
"6" "6" 1999-11-11 31.89 "DET" "" "TOR" "L" -17 1 24.3 0.75 0.75 0 6.1 2.3 6.9 2 0 14.3 11.6 128 125 6.6 3.6
"7" "7" 1999-11-13 31.9 "DET" "" "SEA" "W" 8 1 25.4166666666667 0.466 0.5 0 42.2 23 0 3.8 6.1 0 10.5 98 78 6.5 4.2
"8" "8" 1999-11-16 31.9 "DET" "@" "TOR" "L" -4 1 23.3166666666667 0.102 0 0 17.9 7.5 5.8 2.2 0 29.1 12.5 24 92 -3.6 -12.8
"9" "9" 1999-11-17 31.91 "DET" "" "NJN" "W" 2 1 13.4833333333333 0.571 0.571 8.6 9.3 8.9 0 0 5.9 0 21.9 124 114 5.2 -1.2
"10" "10" 1999-11-19 31.91 "DET" "" "CLE" "W" 11 1 15.35 0.5 0.5 0 12.1 7.3 0 0 4.3 33.3 8.1 63 88 0.5 -4.1
"11" "11" 1999-11-21 31.92 "DET" "" "MIL" "W" 19 1 17.0666666666667 0.5 0.5 8.8 7.2 8 8 0 0 16.7 15.5 105 108 3 -1.7
"12" "12" 1999-11-25 31.93 "DET" "@" "IND" "W" 8 1 29.6333333333333 0.583 0.583 7.6 21.1 14 5.7 0 0 7.7 19.1 120 107 9 3.5
"13" "13" 1999-11-26 31.93 "DET" "" "ATL" "W" 2 1 35.4833333333333 0.125 0.125 0 31.4 15.4 0 1.5 0 11.1 11.6 25 92 -0.7 -9.4
"14" "14" 1999-11-28 31.94 "DET" "" "ORL" "L" -9 1 8.15 0.5 0.5 0 0 0 0 0 0 0 15.3 103 113 0.1 -7.8
"15" "15" 1999-11-30 31.94 "DET" "@" "SAS" "L" -19 1 25.35 0.313 0.313 4.3 29.1 14.8 0 3.9 2.9 11.1 15.9 63 102 2.5 -5.6
"16" "16" 1999-12-01 31.95 "DET" "@" "DEN" "L" -4 1 27.9666666666667 0.625 0.625 0 30.3 13.7 6 0 0 20 8.2 97 106 3.3 -1.6
"17" "17" 1999-12-03 31.95 "DET" "" "SAS" "W" 22 1 32.75 0.25 0.25 3.4 32.7 17.5 8.2 1.5 2.9 0 7.9 78 79 3.7 1.3
"18" "18" 1999-12-04 31.95 "DET" "@" "ATL" "L" -2 1 32.6 0.34 0.2 3.9 11.8 7.9 7.2 0 0 14.5 9.6 84 122 1.3 -7.8
"19" "19" 1999-12-07 31.96 "DET" "@" "MIL" "W" 4 1 28.9166666666667 0.75 0.75 0 4.5 2.3 16.2 3.5 0 11.1 14.9 128 120 10.6 4.7
"20" "20" 1999-12-10 31.97 "DET" "" "LAC" "W" 24 1 18.4333333333333 1.125 1.125 0 11 5.7 0 0 0 33.3 13.5 110 91 5.2 1.1
"21" "21" 1999-12-12 31.98 "DET" "@" "LAL" "L" -8 1 23.5 0.667 0.667 4.3 21.4 13.6 10 0 2.3 0 17 133 101 9.2 5.8
"22" "22" 1999-12-14 31.98 "DET" "@" "PHO" "L" -10 1 22.5 0.167 0.167 0 32.1 14.9 6.5 2.2 3.2 0 11.9 47 109 1.7 -5.7
"23" "23" 1999-12-16 31.99 "DET" "@" "GSW" "W" 8 1 19.4 0.75 0.75 0 14 8.1 7.1 0 3.6 33.3 6.9 99 110 2.5 -1
"24" "24" 1999-12-18 31.99 "DET" "" "PHI" "W" 13 1 22.1666666666667 0.563 0.563 0 23.2 12.1 0 0 0 0 15.1 120 93 5.3 0.1
"25" "25" 1999-12-20 32 "DET" "@" "PHI" "L" -1 1 27.9 0.583 0.583 0 32.9 18.9 25.5 0 2.2 0 20.1 125 113 12.3 5.1
"26" "26" 1999-12-21 32 "DET" "" "WAS" "L" -14 1 26.1333333333333 0.278 0.278 8.2 21 14.5 31.7 4 0 10 17.1 75 96 5.4 3.8
"27" "27" 1999-12-26 32.01 "DET" "" "CHH" "W" 18 1 19.1666666666667 0.667 0.667 0 5.2 3.2 8.2 0 0 0 14.2 142 108 5.2 0.4
"28" "28" 1999-12-29 32.02 "DET" "@" "CHI" "W" 14 1 14.45 0.258 0 0 8.4 4.1 0 3.8 0 0 11.6 77 85 0.8 -5.7
"29" "29" 1999-12-30 32.02 "DET" "" "ATL" "W" 1 1 30.6166666666667 0.944 0.944 0 9.7 5.2 11.5 0 3.9 0 14.2 178 113 15.2 12.9
"30" "30" 2000-01-03 32.04 "DET" "@" "ORL" "W" 12 1 19.2166666666667 0.444 0.429 0 32.4 13.6 6.8 0 0 0 15.9 105 103 4.3 -5.6
"31" "31" 2000-01-05 32.04 "DET" "@" "ATL" "W" 12 1 33.5166666666667 0.8 0.8 0 25.7 12.6 0 0 2.2 0 6.8 165 123 7.4 -1.5
"32" "32" 2000-01-06 32.04 "DET" "" "MIL" "W" 6 1 19.6166666666667 0 0 0 22.9 11.3 6.5 0 3.9 0 4.5 36 107 1.2 -4.4
"33" "33" 2000-01-08 32.05 "DET" "" "MIN" "L" -5 1 16.8833333333333 0.417 0.417 7.2 13.4 10.5 0 0 0 0 15.1 96 113 2.9 -3.3
"34" "34" 2000-01-12 32.06 "DET" "" "NYK" "W" 6 1 23.2666666666667 0.5 0.5 0 38.4 20.3 7 0 0 0 13.8 114 114 4.9 -1.5
"35" "35" 2000-01-14 32.07 "DET" "" "WAS" "W" 7 1 32.55 0.5 0.5 0 27.5 13.4 4.1 0 2 33.3 8.2 69 103 1.9 -7.9
"36" "36" 2000-01-15 32.07 "DET" "@" "WAS" "W" 5 1 17.1333333333333 0.25 0.25 0 17.6 7.7 0 0 0 0 10.1 55 111 -1 -11.9
"37" "37" 2000-01-17 32.07 "DET" "@" "NYK" "L" -11 1 34.1166666666667 0.55 0.55 9.8 9.8 9.8 14.4 1.6 0 0 13.2 132 118 10.9 5.4
"38" "38" 2000-01-20 32.08 "DET" "@" "NJN" "L" -2 1 16.2666666666667 1.167 1.167 0 7.7 4.2 0 0 0 25 11.9 147 135 3.8 -2
"39" "39" 2000-01-22 32.09 "DET" "@" "CHI" "L" -6 1 29.45 0.698 0.692 9.2 24 15.7 0 0 0 0 20.3 140 105 16 6.9
"40" "40" 2000-01-23 32.09 "DET" "" "DAL" "L" -8 1 17.1 0 0 11.8 32.8 21.7 16.1 5.8 0 42.9 17.3 28 91 -0.7 -11.3
"41" "41" 2000-01-25 32.1 "DET" "@" "CLE" "L" -9 1 34.5 0.589 0.591 3 36.2 18.9 5.3 0 2 0 14.7 126 104 10.9 2.7
"42" "42" 2000-01-27 32.1 "DET" "@" "CHH" "L" -15 1 40.4333333333333 0.786 0.786 0 17.6 9.2 11.9 2.4 0 22.2 10 116 117 10.8 3.8
"43" "43" 2000-01-29 32.11 "DET" "" "PHI" "W" 2 1 30.1666666666667 0.3 0.3 0 18.2 8.8 22.5 0 0 0 7.6 88 96 2.6 -1
"44" "44" 2000-01-31 32.11 "DET" "@" "MIA" "L" -22 1 27.6333333333333 0.444 0.444 0 32.3 14 0 3.8 2.6 0 15.1 97 106 6.2 0.4
"45" "45" 2000-02-02 32.12 "DET" "" "SAC" "L" -3 1 34.1 0.8 0.8 0 17.2 7.9 5.3 0 4.7 0 17.2 168 113 19.9 11.5
"46" "46" 2000-02-04 32.12 "DET" "" "CLE" "W" 9 1 28.1333333333333 0.883 0.889 8.2 21.4 14.6 7.2 0 0 15.7 20.1 143 104 13.9 7.4
"47" "47" 2000-02-06 32.13 "DET" "" "HOU" "W" 4 1 22.1166666666667 0.5 0.5 6.1 21.8 14.4 0 0 0 0 6.2 119 111 1.6 -4.9
"48" "48" 2000-02-09 32.14 "DET" "" "TOR" "W" 7 1 26 0.375 0.375 0 18.9 10.1 5 0 0 33.3 10.1 58 99 -1.2 -5.7
"49" "49" 2000-02-15 32.15 "DET" "@" "HOU" "L" -5 1 14.9833333333333 NA NA 0 8 3.9 0 0 0 NA 0 0 114 -0.9 -8.3
"50" "50" 2000-02-17 32.16 "DET" "@" "DAL" "L" -9 0 15.9833333333333 0.5 0.5 0 20 10.1 19.4 0 4.4 25 11.4 90 114 2.9 -0.8
"51" "51" 2000-02-19 32.16 "DET" "@" "UTA" "L" -4 1 39.05 0.524 0.5 3.1 19.1 11.6 14.9 1.5 0 0 14.6 120 104 10.6 4.5
"52" "52" 2000-02-21 32.17 "DET" "" "MIA" "W" 8 1 35.4166666666667 0.818 0.818 0 16.7 8.1 0 0 0 0 14.2 166 103 13.4 8.7
"53" "53" 2000-02-23 32.18 "DET" "" "IND" "L" -7 1 31.0833333333333 0.5 0.5 0 37.4 15.5 0 1.5 0 8.3 16.2 92 116 6.2 -3.6
"54" "54" 2000-02-25 32.18 "DET" "" "GSW" "W" 32 1 20.0833333333333 0.9 0.9 0 19.7 12.5 0 0 0 0 10.9 175 100 7 2.8
"55" "55" 2000-02-27 32.19 "DET" "" "CHI" "W" 3 1 19.15 0.625 0.625 0 32.4 15.6 9.4 0 4.3 0 9.8 135 99 4.3 0
"56" "56" 2000-02-29 32.19 "DET" "@" "IND" "L" -10 1 17.7 0.5 0.5 0 26 11.6 0 2.8 0 0 7.1 113 117 3.1 -1.4
"57" "57" 2000-03-01 32.19 "DET" "" "UTA" "L" -13 1 16.4833333333333 0.25 0.25 0 31.6 15.2 10.3 6.5 0 20 14.6 51 102 2.5 -1.2
"58" "58" 2000-03-04 32.2 "DET" "@" "WAS" "L" -6 1 29.25 0.313 0.313 8.3 16.6 12.4 20.9 1.8 0 0 12.7 97 107 5 0.8
"59" "59" 2000-03-08 32.21 "DET" "" "DEN" "W" 14 1 11.7333333333333 1.167 1.167 19.5 11.8 16 0 0 0 40 17.6 118 119 4.2 -2.7
"60" "60" 2000-03-10 32.22 "DET" "" "VAN" "W" 14 1 8.83333333333333 0 0 0 14.4 7.1 0 0 0 50 9.8 0 109 -2.6 -21.6
"61" "61" 2000-03-11 32.22 "DET" "" "POR" "L" -5 1 21.75 0.286 0.286 0 5.9 2.8 14.7 0 0 0 15.8 77 122 0.8 -6.4
"62" "62" 2000-03-13 32.23 "DET" "" "BOS" "W" 9 1 9.68333333333333 1.25 1.25 0 30.6 18.2 15.8 0 0 33.3 13.1 139 112 4.2 7.4
"63" "63" 2000-03-15 32.23 "DET" "" "ORL" "W" 22 1 19.4 0.5 0.5 6.5 20.5 13.3 12.8 0 0 33.3 6.2 102 95 1.4 -0.2
"64" "64" 2000-03-17 32.24 "DET" "" "LAL" "L" -28 1 19.9 0.357 0.357 0 32.7 15.3 0 2.4 0 0 14.5 80 102 1.7 -3
"65" "65" 2000-03-19 32.24 "DET" "@" "VAN" "W" 2 1 15.2666666666667 0.375 0.375 0 20.6 9.8 0 0 0 0 12.3 87 117 0.4 -10.3
"66" "66" 2000-03-21 32.25 "DET" "@" "SEA" "W" 10 1 21.45 0.357 0.357 11.5 21.8 17.4 6.5 2.4 0 12.5 15.6 90 91 2.5 -3.7
"67" "67" 2000-03-22 32.25 "DET" "@" "POR" "W" 9 1 25.7166666666667 0.889 0.889 5.4 17.2 12 13.2 4 0 0 16.4 179 100 16.2 19.5
"68" "68" 2000-03-24 32.26 "DET" "@" "SAC" "L" -10 1 14.0166666666667 0 0 7 27.1 15.8 0 0 0 0 8.8 24 115 -1.7 -14.4
"69" "69" 2000-03-25 32.26 "DET" "@" "LAC" "W" 19 1 17.0833333333333 0.75 0.75 10.5 32.8 24.2 14.6 3 0 0 16.3 173 107 10.6 11.4
"70" "70" 2000-03-29 32.27 "DET" "" "CHH" "L" -7 1 31.1166666666667 0.444 0.444 5.6 35.4 17.2 5.4 0 0 10 13.8 94 106 4.8 -3.6
"71" "71" 2000-03-31 32.28 "DET" "" "PHO" "L" -1 1 21.1 0.9 0.9 5.1 28.6 16.1 0 0 0 28.6 14.4 120 111 6.1 1
"72" "72" 2000-04-02 32.28 "DET" "@" "NJN" "W" 21 1 21.15 0 0 10.4 13.4 12 9.7 2.4 0 0 4.2 98 97 2.5 -2.8
"73" "73" 2000-04-04 32.29 "DET" "@" "TOR" "W" 16 1 20.5666666666667 0 0 0 14.7 8.1 0 0 0 50 4.7 0 101 -2.4 -10.6
"74" "74" 2000-04-05 32.29 "DET" "" "BOS" "W" 5 1 24.2 0.698 0.714 0 15 8 17.4 0 3.4 0 15.1 142 110 9.1 6
"75" "75" 2000-04-07 32.3 "DET" "@" "CHH" "W" 15 1 23.2666666666667 0.583 0.583 4.6 36.8 21.7 0 0 3.2 0 11.6 122 81 7.3 2.9
"76" "76" 2000-04-08 32.3 "DET" "@" "CLE" "L" -19 1 19.6833333333333 0.4 0.4 8.1 32.7 18.6 26.5 7.3 3.5 0 10.4 116 99 9.1 9
"77" "77" 2000-04-10 32.3 "DET" "@" "MIN" "L" -2 1 21.75 0.654 0.583 18.7 9.5 13.5 9.3 0 0 12.7 17.5 131 123 8 2.4
"78" "78" 2000-04-12 32.31 "DET" "" "MIA" "W" 17 1 11.1666666666667 0.5 0.5 10.1 29.1 19.8 17.7 0 0 25 17.1 99 84 1 -2.7
"79" "79" 2000-04-15 32.32 "DET" "@" "PHI" "L" -6 1 23.2 0.643 0.643 4.7 23.2 14.1 0 0 0 12.5 15.8 106 103 5.7 -2.1
"80" "80" 2000-04-16 32.32 "DET" "" "IND" "L" -11 1 10.7 0.333 0.333 0 0 0 0 0 0 0 12 81 126 -0.5 -13.7
"81" "81" 2000-04-18 32.33 "DET" "@" "NYK" "L" -12 1 19 0.595 0.5 0 7.7 3.9 0 0 0 14.5 17.9 107 120 2.4 -5.9
"82" "82" 2000-04-19 32.33 "DET" "" "CHI" "W" 21 1 12.0333333333333 0.625 0.625 16 10 12.3 11.1 0 0 0 16.7 151 112 3.1 -3.2
"1" "1" 2000-11-23 32.93 "IND" "" "TOR" "L" -20 0 17.7833333333333 0.25 0.25 0 12.7 6.6 16 0 0 0 10.6 73 124 0.8 -6.7
"2" "" 2000-11-24 32.93 "IND" "" "WAS" "W" 12 NA NA NA NA NA NA NA NA NA NA NA NA NA NA NA NA
"3" "" 2000-11-28 32.94 "IND" "@" "LAL" "L" -17 NA NA NA NA NA NA NA NA NA NA NA NA NA NA NA NA
"4" "" 2000-11-30 32.95 "IND" "@" "GSW" "L" -4 NA NA NA NA NA NA NA NA NA NA NA NA NA NA NA NA
"5" "" 2000-12-01 32.95 "IND" "@" "VAN" "W" 10 NA NA NA NA NA NA NA NA NA NA NA NA NA NA NA NA
"6" "" 2000-12-03 32.95 "IND" "@" "MIL" "L" -12 NA NA NA NA NA NA NA NA NA NA NA NA NA NA NA NA
"7" "" 2000-12-05 32.96 "IND" "" "NJN" "W" 24 NA NA NA NA NA NA NA NA NA NA NA NA NA NA NA NA
"8" "2" 2000-12-06 32.96 "IND" "@" "CHH" "L" -3 0 11.25 0.667 0.667 0 0 0 0 0 0 14.3 31.5 99 113 2.4 -2.4
"9" "" 2000-12-08 32.97 "IND" "@" "BOS" "W" 13 NA NA NA NA NA NA NA NA NA NA NA NA NA NA NA NA
"10" "3" 2000-12-09 32.97 "IND" "" "CHH" "W" 3 0 6.2 0 0 0 61.6 29.8 22.6 9.2 0 0 16.2 25 68 0.8 -1.8
"11" "4" 2000-12-12 32.98 "IND" "@" "TOR" "L" -14 0 4.45 NA NA 0 19.6 10.7 0 0 0 NA 0 0 114 0.3 -0.8
"12" "" 2001-01-02 33.03 "IND" "@" "SEA" "W" 8 NA NA NA NA NA NA NA NA NA NA NA NA NA NA NA NA
"13" "5" 2001-01-02 33.03 "IND" "@" "SEA" "W" 8 0 6 NA NA 0 0 0 0 0 0 100 7.6 0 104 -1 -12.8
"14" "" 2001-01-03 33.04 "IND" "@" "POR" "L" -16 NA NA NA NA NA NA NA NA NA NA NA NA NA NA NA NA
"15" "6" 2001-01-05 33.04 "IND" "@" "SAC" "W" 2 0 9.81666666666667 0.625 0.625 0 26.9 15.3 0 5.3 0 33.3 27.7 74 77 2.5 3
"16" "7" 2001-01-08 33.05 "IND" "@" "LAC" "W" 3 0 5.65 NA NA 0 0 0 0 0 0 NA 0 0 109 -0.4 -6.7
"17" "8" 2001-01-09 33.05 "IND" "@" "UTA" "L" -4 0 10.7666666666667 0 0 0 18.6 9.8 11.5 4.6 0 50 16.9 15 100 -3.5 -20.3
"18" "9" 2001-01-11 33.06 "IND" "@" "PHO" "L" -8 0 4.26666666666667 0 0 0 0 0 0 0 0 33.3 35 0 107 -2.8 -36.1
"19" "" 2001-01-13 33.06 "IND" "" "MIA" "W" 16 NA NA NA NA NA NA NA NA NA NA NA NA NA NA NA NA
"20" "" 2001-01-15 33.07 "IND" "" "LAC" "W" 15 NA NA NA NA NA NA NA NA NA NA NA NA NA NA NA NA
"21" "10" 2001-01-18 33.08 "IND" "" "ATL" "W" 8 0 6.71666666666667 0.333 0.333 15.9 12.5 14 0 0 0 0 20.9 83 89 1.3 -5.2
"22" "" 2001-01-21 33.08 "IND" "@" "NYK" "W" 13 NA NA NA NA NA NA NA NA NA NA NA NA NA NA NA NA
"23" "" 2001-01-25 33.1 "IND" "" "POR" "L" -10 NA NA NA NA NA NA NA NA NA NA NA NA NA NA NA NA
"24" "" 2001-01-28 33.1 "IND" "" "PHI" "L" -5 NA NA NA NA NA NA NA NA NA NA NA NA NA NA NA NA
"25" "" 2001-01-30 33.11 "IND" "@" "ORL" "L" -7 NA NA NA NA NA NA NA NA NA NA NA NA NA NA NA NA
"26" "" 2001-01-31 33.11 "IND" "" "BOS" "L" -6 NA NA NA NA NA NA NA NA NA NA NA NA NA NA NA NA
"27" "" 2001-02-02 33.12 "IND" "" "DEN" "W" 9 NA NA NA NA NA NA NA NA NA NA NA NA NA NA NA NA
"28" "" 2001-02-03 33.12 "IND" "@" "MIL" "L" -19 NA NA NA NA NA NA NA NA NA NA NA NA NA NA NA NA
"29" "" 2001-02-06 33.13 "IND" "@" "MIA" "L" -13 NA NA NA NA NA NA NA NA NA NA NA NA NA NA NA NA
"30" "11" 2001-02-13 33.15 "IND" "" "CHH" "L" -11 0 3.41666666666667 0 0 0 0 0 0 0 0 0 16.4 0 106 -0.7 -17
"31" "" 2001-03-07 33.21 "IND" "" "NYK" "L" -4 NA NA NA NA NA NA NA NA NA NA NA NA NA NA NA NA
"32" "" 2001-03-09 33.21 "IND" "" "CLE" "W" 15 NA NA NA NA NA NA NA NA NA NA NA NA NA NA NA NA
"33" "12" 2001-03-11 33.22 "IND" "@" "DET" "L" -17 0 13.0166666666667 0.5 0.5 13.2 24.6 18.3 15.6 0 0 33.3 20.3 79 103 1.8 -5.3
"34" "" 2001-03-13 33.22 "IND" "@" "HOU" "L" -9 NA NA NA NA NA NA NA NA NA NA NA NA NA NA NA NA
"35" "" 2001-03-14 33.23 "IND" "@" "DEN" "L" -12 NA NA NA NA NA NA NA NA NA NA NA NA NA NA NA NA
"36" "" 2001-03-16 33.23 "IND" "" "ATL" "W" 6 NA NA NA NA NA NA NA NA NA NA NA NA NA NA NA NA
"37" "" 2001-03-18 33.24 "IND" "" "SAC" "W" 6 NA NA NA NA NA NA NA NA NA NA NA NA NA NA NA NA
"38" "13" 2001-04-17 33.32 "IND" "" "PHI" "L" -6 0 9 0.5 0.5 11.5 12.3 11.9 0 0 7.1 0 18.9 113 105 3.3 1.8
"39" "14" 2001-04-18 33.32 "IND" "@" "CLE" "W" 4 0 4.26666666666667 0 0 0 23.7 12.9 0 0 0 33.3 34 0 99 -2.1 -36.2
