"Rk" "G" "Date" "Age" "Tm" "H/A" "Opp" "W/L" "By Amt" "GS" "MP" "TS%" "eFG%" "ORB%" "DRB%" "TRB%" "AST%" "STL%" "BLK%" "TOV%" "USG%" "ORtg" "DRtg" "GmSc" "BPM"
"1" "" 2012-10-31 22.11 "HOU" "@" "DET" "W" 9 NA NA NA NA NA NA NA NA NA NA NA NA NA NA NA NA
"2" "" 2012-11-02 22.12 "HOU" "@" "ATL" "W" 7 NA NA NA NA NA NA NA NA NA NA NA NA NA NA NA NA
"3" "" 2012-11-03 22.12 "HOU" "" "POR" "L" -10 NA NA NA NA NA NA NA NA NA NA NA NA NA NA NA NA
"4" "" 2012-11-07 22.13 "HOU" "" "DEN" "L" -6 NA NA NA NA NA NA NA NA NA NA NA NA NA NA NA NA
"5" "" 2012-11-09 22.14 "HOU" "@" "MEM" "L" -8 NA NA NA NA NA NA NA NA NA NA NA NA NA NA NA NA
"6" "1" 2012-11-10 22.14 "HOU" "" "DET" "W" 14 0 5.31666666666667 0.798 1 0 0 0 0 0 0 0 15.8 154 99 1.5 -1.2
"7" "" 2012-11-12 22.15 "HOU" "" "MIA" "L" -3 NA NA NA NA NA NA NA NA NA NA NA NA NA NA NA NA
"8" "" 2012-11-14 22.15 "HOU" "" "NOH" "W" 4 NA NA NA NA NA NA NA NA NA NA NA NA NA NA NA NA
"9" "" 2012-11-16 22.16 "HOU" "@" "POR" "L" -2 NA NA NA NA NA NA NA NA NA NA NA NA NA NA NA NA
"10" "" 2012-11-18 22.16 "HOU" "@" "LAL" "L" -11 NA NA NA NA NA NA NA NA NA NA NA NA NA NA NA NA
"11" "" 2012-11-19 22.16 "HOU" "@" "UTA" "L" -11 NA NA NA NA NA NA NA NA NA NA NA NA NA NA NA NA
"12" "" 2012-11-21 22.17 "HOU" "" "CHI" "W" 4 NA NA NA NA NA NA NA NA NA NA NA NA NA NA NA NA
"13" "" 2012-11-23 22.18 "HOU" "" "NYK" "W" 28 NA NA NA NA NA NA NA NA NA NA NA NA NA NA NA NA
"14" "2" 2012-11-27 22.19 "HOU" "" "TOR" "W" 16 0 1.05 NA NA 0 0 0 0 0 0 NA 0 0 116 0 -6.9
"15" "3" 2012-11-28 22.19 "HOU" "@" "OKC" "L" -22 0 2.56666666666667 0 0 0 50.5 22.3 0 0 0 0 16.1 0 120 -0.4 -18.7
"16" "" 2012-12-01 22.2 "HOU" "" "UTA" "W" 8 NA NA NA NA NA NA NA NA NA NA NA NA NA NA NA NA
"17" "" 2012-12-04 22.21 "HOU" "" "LAL" "W" 2 NA NA NA NA NA NA NA NA NA NA NA NA NA NA NA NA
"18" "4" 2012-12-07 22.21 "HOU" "@" "SAS" "L" -22 0 1.43333333333333 NA NA 0 0 0 0 0 0 NA 0 0 118 0 -8.6
"19" "" 2012-12-08 22.22 "HOU" "" "DAL" "L" -7 NA NA NA NA NA NA NA NA NA NA NA NA NA NA NA NA
"20" "" 2012-12-10 22.22 "HOU" "" "SAS" "L" -8 NA NA NA NA NA NA NA NA NA NA NA NA NA NA NA NA
"21" "" 2012-12-12 22.23 "HOU" "" "WAS" "W" 6 NA NA NA NA NA NA NA NA NA NA NA NA NA NA NA NA
"22" "" 2012-12-14 22.23 "HOU" "" "BOS" "W" 12 NA NA NA NA NA NA NA NA NA NA NA NA NA NA NA NA
"23" "" 2012-12-16 22.24 "HOU" "@" "TOR" "L" -7 NA NA NA NA NA NA NA NA NA NA NA NA NA NA NA NA
"24" "" 2012-12-17 22.24 "HOU" "@" "NYK" "W" 13 NA NA NA NA NA NA NA NA NA NA NA NA NA NA NA NA
"25" "5" 2012-12-19 22.25 "HOU" "" "PHI" "W" 22 0 7.98333333333333 0.5 0.5 0 0 0 20.1 0 0 20 29.8 86 117 0.9 -14.8
"26" "6" 2012-12-22 22.25 "HOU" "" "MEM" "W" 25 0 4.13333333333333 0.521 0.5 30.6 0 15.5 0 12 17.6 0 30.8 124 68 4 19.3
"27" "7" 2012-12-25 22.26 "HOU" "@" "CHI" "W" 23 0 2.6 1 1 54.3 44 48.6 0 0 0 0 18 207 105 2.7 19.4
"28" "" 2012-12-26 22.27 "HOU" "@" "MIN" "W" 3 NA NA NA NA NA NA NA NA NA NA NA NA NA NA NA NA
"29" "" 2012-12-28 22.27 "HOU" "@" "SAS" "L" -6 NA NA NA NA NA NA NA NA NA NA NA NA NA NA NA NA
"30" "8" 2012-12-29 22.27 "HOU" "" "OKC" "L" -30 0 7.1 0 0 0 0 0 20.5 0 10.4 25 22.7 13 116 -2.1 -16.8
"31" "9" 2012-12-31 22.28 "HOU" "" "ATL" "W" 19 0 2.23333333333333 0.75 0.75 0 0 0 0 0 0 0 41.9 122 112 2 13.6
"32" "" 2013-01-02 22.28 "HOU" "" "NOH" "W" 12 NA NA NA NA NA NA NA NA NA NA NA NA NA NA NA NA
"33" "10" 2013-01-04 22.29 "HOU" "@" "MIL" "W" 14 0 2.61666666666667 NA NA 0 0 0 0 18.1 0 NA 0 0 72 1 14.1
"34" "" 2013-01-05 22.29 "HOU" "@" "CLE" "W" 8 NA NA NA NA NA NA NA NA NA NA NA NA NA NA NA NA
"35" "11" 2013-01-08 22.3 "HOU" "" "LAL" "W" 13 0 1.31666666666667 1 1 0 0 0 0 0 0 0 31.7 200 118 1.7 22.2
"36" "" 2013-01-09 22.3 "HOU" "@" "NOH" "L" -9 NA NA NA NA NA NA NA NA NA NA NA NA NA NA NA NA
"37" "12" 2013-01-11 22.31 "HOU" "@" "BOS" "L" -12 0 1.26666666666667 0.694 1 0 0 0 0 0 0 0 51.1 139 119 1.3 21.6
"38" "" 2013-01-12 22.31 "HOU" "@" "PHI" "L" -7 NA NA NA NA NA NA NA NA NA NA NA NA NA NA NA NA
"39" "13" 2013-01-15 22.32 "HOU" "" "LAC" "L" -8 0 2.55 0.266 0 0 0 0 0 0 0 0 32.8 66 135 -0.1 -22.5
"40" "" 2013-01-16 22.32 "HOU" "@" "DAL" "L" -5 NA NA NA NA NA NA NA NA NA NA NA NA NA NA NA NA
"41" "14" 2013-01-18 22.33 "HOU" "@" "IND" "L" -10 0 0.983333333333333 1 1 0 0 0 0 0 0 0 45.2 200 126 1.3 25.1
"42" "" 2013-01-19 22.33 "HOU" "@" "MIN" "L" -13 NA NA NA NA NA NA NA NA NA NA NA NA NA NA NA NA
"43" "" 2013-01-21 22.34 "HOU" "@" "CHA" "W" 6 NA NA NA NA NA NA NA NA NA NA NA NA NA NA NA NA
"44" "" 2013-01-23 22.34 "HOU" "" "DEN" "L" -10 NA NA NA NA NA NA NA NA NA NA NA NA NA NA NA NA
"45" "" 2013-01-25 22.35 "HOU" "@" "NOH" "W" 18 NA NA NA NA NA NA NA NA NA NA NA NA NA NA NA NA
"46" "" 2013-01-26 22.35 "HOU" "" "BRK" "W" 13 NA NA NA NA NA NA NA NA NA NA NA NA NA NA NA NA
"47" "15" 2013-01-28 22.36 "HOU" "@" "UTA" "W" 45 0 7.85 0.5 0.5 17.5 12.7 14.7 17.6 0 0 0 36 125 96 3.5 -1.2
"48" "" 2013-01-30 22.36 "HOU" "@" "DEN" "L" -8 NA NA NA NA NA NA NA NA NA NA NA NA NA NA NA NA
"49" "" 2013-02-02 22.37 "HOU" "" "CHA" "W" 14 NA NA NA NA NA NA NA NA NA NA NA NA NA NA NA NA
"50" "16" 2013-02-05 22.38 "HOU" "" "GSW" "W" 31 0 5.81666666666667 1.25 1.25 0 18.3 9.4 0 0 0 0 14.4 250 112 3.1 5.5
"51" "" 2013-02-06 22.38 "HOU" "@" "MIA" "L" -6 NA NA NA NA NA NA NA NA NA NA NA NA NA NA NA NA
"52" "17" 2013-02-08 22.39 "HOU" "" "POR" "W" 15 0 2.81666666666667 0 0 0 0 0 0 0 0 0 17.7 0 125 -0.7 -26.2
"53" "" 2013-02-10 22.39 "HOU" "@" "SAC" "L" -6 NA NA NA NA NA NA NA NA NA NA NA NA NA NA NA NA
"54" "" 2013-02-12 22.4 "HOU" "@" "GSW" "W" 9 NA NA NA NA NA NA NA NA NA NA NA NA NA NA NA NA
"55" "18" 2013-02-13 22.4 "HOU" "@" "LAC" "L" -10 0 15.7666666666667 0.666 0.625 6.9 17.9 11.7 29.3 0 0 17 31.8 118 115 9.7 9.1
"56" "19" 2013-02-20 22.42 "HOU" "" "OKC" "W" 3 0 5.35 0.25 0.25 0 40.8 19.9 0 0 0 20 37.3 42 111 -0.8 -25.4
"57" "20" 2013-02-22 22.42 "HOU" "@" "BRK" "W" 10 0 11.3666666666667 0.765 0.8 12.4 0 5.4 0 0 0 33.8 38.2 90 114 3.2 -10.9
"58" "21" 2013-02-23 22.43 "HOU" "@" "WAS" "L" -2 0 23.2 0.799 0.833 15.1 17.7 16.3 13.9 0 0 0 13.4 178 121 11.6 9
"59" "22" 2013-02-27 22.44 "HOU" "" "MIL" "L" -3 1 25.7166666666667 0.604 0.5 11.9 17.4 14.5 27 1.8 0 15.7 20.4 125 107 12.5 6
"60" "23" 2013-03-01 22.44 "HOU" "@" "ORL" "W" 8 1 24.2166666666667 0.66 0.667 11.7 6.4 9.1 7 0 0 18.9 31.1 108 126 9.6 -6.2
"61" "24" 2013-03-03 22.45 "HOU" "" "DAL" "W" 33 1 29.8333333333333 0.546 0.583 14.6 18.3 16.7 15.6 1.6 0 29.1 15 109 106 7.8 -0.9
"62" "25" 2013-03-06 22.46 "HOU" "@" "DAL" "L" -4 1 16.2333333333333 0.415 0.375 0 8 4.1 0 0 0 10.6 26.7 76 125 1.5 -14.1
"63" "26" 2013-03-08 22.46 "HOU" "@" "GSW" "W" 6 1 12.4166666666667 0.643 0.643 8.4 0 4 33.5 0 0 22.2 34.5 94 103 3.5 -3.8
"64" "27" 2013-03-09 22.47 "HOU" "@" "PHO" "L" -2 1 17.5 0.571 0.571 6.1 13.4 9.6 0 0 4.3 12.5 19.4 107 115 3.3 -6.1
"65" "28" 2013-03-13 22.48 "HOU" "" "PHO" "W" 30 1 27.6166666666667 0.69 0.667 9.9 13 11.6 13 0 2.9 6.8 23.1 139 87 15.2 6.8
"66" "29" 2013-03-15 22.48 "HOU" "" "MIN" "W" 8 1 25.1333333333333 0.333 0.333 0 9.3 4.8 17.8 0 0 14.3 12.7 84 114 1.9 -5.7
"67" "30" 2013-03-17 22.49 "HOU" "" "GSW" "L" -30 1 19.9166666666667 0.182 0.182 0 16.4 7.4 0 0 0 8.3 26.8 36 116 -3.4 -17.7
"68" "31" 2013-03-20 22.5 "HOU" "" "UTA" "W" 7 1 26.4666666666667 0.282 0.313 4.5 18.1 11.3 0 1.9 2.9 18.4 18.8 53 97 -0.6 -9.8
"69" "32" 2013-03-22 22.5 "HOU" "" "CLE" "W" 38 1 20.65 0.654 0.7 6.6 13.7 10.8 12.6 0 0 0 16 150 88 8.3 4.6
"70" "33" 2013-03-24 22.51 "HOU" "" "SAS" "W" 1 1 16.25 0.625 0.625 6.9 0 3.6 0 0 0 0 22.5 128 113 4.7 0.5
"71" "34" 2013-03-27 22.52 "HOU" "" "IND" "L" -9 1 12.9166666666667 0 0 0 20.6 8.5 0 0 6.2 0 6.9 0 109 -1.7 -12.9
"72" "35" 2013-03-29 22.52 "HOU" "@" "MEM" "L" -9 1 21.9 0.727 0.727 5 6.6 5.7 0 0 0 21.4 29.4 105 129 7.5 -1.4
"73" "36" 2013-03-30 22.52 "HOU" "" "LAC" "W" 17 0 8.9 0.5 0.5 37.6 12.5 25.1 0 0 0 0 19.3 129 91 4 3.4
"74" "37" 2013-04-01 22.53 "HOU" "" "ORL" "W" 8 0 33.6333333333333 0.431 0.364 2.6 3 2.8 11.2 3 1.8 7.3 16.8 103 110 8.5 -2.4
"75" "38" 2013-04-03 22.53 "HOU" "@" "SAC" "W" 10 0 11.45 0.5 0.5 10.7 8.7 9.6 0 0 0 12.5 29.4 92 111 2.5 -8.7
"76" "39" 2013-04-05 22.54 "HOU" "@" "POR" "W" 18 0 25.6166666666667 0.425 0.35 14.1 15.6 14.9 11.2 0 0 0 21.3 115 107 7.7 -5.2
"77" "40" 2013-04-06 22.54 "HOU" "@" "DEN" "L" -18 0 15.95 0.773 0.75 0 21 10.4 0 0 8.1 34 30.8 87 126 6.5 -3.8
"78" "41" 2013-04-09 22.55 "HOU" "" "PHO" "W" 3 0 6.1 0 0 0 19.7 9.3 0 0 0 0 14 0 107 -1.1 -17.8
"79" "42" 2013-04-12 22.56 "HOU" "" "MEM" "L" -4 0 6.65 0.17 0 15.4 15 15.2 0 0 0 0 39.9 53 99 -0.5 -16.9
"80" "43" 2013-04-14 22.56 "HOU" "" "SAC" "W" 21 0 14.3666666666667 0.6 0.6 18.6 12.1 14.7 9.6 0 4.5 28.6 21.2 100 102 3.5 -7.8
"81" "44" 2013-04-15 22.57 "HOU" "@" "PHO" "L" -7 0 2.76666666666667 0 0 42.3 37.7 39.9 0 0 0 50 29.4 34 114 -0.7 -28.7
"82" "" 2013-04-17 22.57 "HOU" "@" "LAL" "L" -4 NA NA NA NA NA NA NA NA NA NA NA NA NA NA NA NA
"1" "" 2013-10-30 23.11 "HOU" "" "CHA" "W" 13 NA NA NA NA NA NA NA NA NA NA NA NA NA NA NA NA
"2" "1" 2013-11-01 23.12 "HOU" "" "DAL" "W" 8 0 3.96666666666667 0.266 0 0 0 0 0 0 0 0 19.4 66 114 -0.1 -13.1
"3" "" 2013-11-02 23.12 "HOU" "@" "UTA" "W" 11 NA NA NA NA NA NA NA NA NA NA NA NA NA NA NA NA
"4" "2" 2013-11-04 23.12 "HOU" "@" "LAC" "L" -19 0 4.63333333333333 0 0 0 0 0 0 0 0 0 8.9 0 140 -0.7 -14.5
"5" "" 2013-11-05 23.13 "HOU" "@" "POR" "W" 15 NA NA NA NA NA NA NA NA NA NA NA NA NA NA NA NA
"6" "" 2013-11-07 23.13 "HOU" "" "LAL" "L" -1 NA NA NA NA NA NA NA NA NA NA NA NA NA NA NA NA
"7" "" 2013-11-09 23.14 "HOU" "" "LAC" "L" -13 NA NA NA NA NA NA NA NA NA NA NA NA NA NA NA NA
"8" "" 2013-11-11 23.14 "HOU" "" "TOR" "W" 6 NA NA NA NA NA NA NA NA NA NA NA NA NA NA NA NA
"9" "" 2013-11-13 23.15 "HOU" "@" "PHI" "L" -6 NA NA NA NA NA NA NA NA NA NA NA NA NA NA NA NA
"10" "" 2013-11-14 23.15 "HOU" "@" "NYK" "W" 3 NA NA NA NA NA NA NA NA NA NA NA NA NA NA NA NA
"11" "3" 2013-11-16 23.16 "HOU" "" "DEN" "W" 11 0 16.2 0.872 0.917 16 5.6 9.9 11.3 3 4 0 17.5 177 109 11.5 13
"12" "4" 2013-11-19 23.16 "HOU" "" "BOS" "W" 24 0 18.1333333333333 0.296 0.25 0 22.1 14.5 0 0 3.4 19.2 27.2 50 87 0 -16
"13" "" 2013-11-20 23.17 "HOU" "@" "DAL" "L" -3 NA NA NA NA NA NA NA NA NA NA NA NA NA NA NA NA
"14" "5" 2013-11-23 23.18 "HOU" "" "MIN" "W" 11 0 1.01666666666667 NA NA 0 0 0 0 0 0 NA 0 0 115 0 -4.1
"15" "" 2013-11-25 23.18 "HOU" "@" "MEM" "W" 7 NA NA NA NA NA NA NA NA NA NA NA NA NA NA NA NA
"16" "6" 2013-11-27 23.19 "HOU" "" "ATL" "W" 29 0 4.33333333333333 0.387 0.333 0 27.7 15 0 0 0 0 42.9 84 95 1.2 -18
"17" "7" 2013-11-29 23.19 "HOU" "" "BRK" "W" 19 0 7.28333333333333 0.5 0.5 0 13.4 7.8 0 0 9.8 16.7 40 74 103 1.9 -14.7
"18" "" 2013-11-30 23.19 "HOU" "@" "SAS" "W" 6 NA NA NA NA NA NA NA NA NA NA NA NA NA NA NA NA
"19" "" 2013-12-02 23.2 "HOU" "@" "UTA" "L" -6 NA NA NA NA NA NA NA NA NA NA NA NA NA NA NA NA
"20" "8" 2013-12-04 23.21 "HOU" "" "PHO" "L" -9 0 5.61666666666667 0 0 16.1 0 9.1 0 0 0 50 14.4 19 110 -1 -15.4
"21" "9" 2013-12-06 23.21 "HOU" "" "GSW" "W" 22 0 12.7666666666667 0.514 0.429 16 7.8 11.9 0 0 0 0 28.6 122 93 6.2 0.6
"22" "10" 2013-12-08 23.22 "HOU" "" "ORL" "W" 10 0 4.1 0 0 0 39 22.7 0 0 0 50 20.8 0 80 -1.9 -31.4
"23" "" 2013-12-12 23.23 "HOU" "@" "POR" "L" -7 NA NA NA NA NA NA NA NA NA NA NA NA NA NA NA NA
"24" "11" 2013-12-13 23.23 "HOU" "@" "GSW" "W" 4 0 8.9 0.21 0 0 12.3 6.1 0 0 0 0 23.5 47 119 -1 -19.6
"25" "12" 2013-12-15 23.24 "HOU" "@" "SAC" "L" -15 0 5.26666666666667 0 0 0 48 21.4 0 0 0 0 15.8 0 107 -1.3 -17.7
"26" "" 2013-12-18 23.24 "HOU" "" "CHI" "W" 15 NA NA NA NA NA NA NA NA NA NA NA NA NA NA NA NA
"27" "13" 2013-12-20 23.25 "HOU" "@" "IND" "L" -33 0 7.98333333333333 0.387 0.333 0 18.2 7 0 0 0 0 21.5 85 126 1.2 -6
"28" "14" 2013-12-21 23.25 "HOU" "@" "DET" "W" 17 0 0.0666666666666667 NA NA 0 0 0 0 0 0 NA 0 0 -12 -0.4 -280
"29" "" 2013-12-23 23.26 "HOU" "" "DAL" "L" -7 NA NA NA NA NA NA NA NA NA NA NA NA NA NA NA NA
"30" "" 2013-12-25 23.26 "HOU" "@" "SAS" "W" 13 NA NA NA NA NA NA NA NA NA NA NA NA NA NA NA NA
"31" "15" 2013-12-26 23.27 "HOU" "" "MEM" "W" 8 0 23.3 0.5 0.5 5.7 7.6 6.9 7.7 0 8.2 0 8.4 119 104 4.1 1.8
"32" "16" 2013-12-28 23.27 "HOU" "" "NOP" "W" 9 0 3.83333333333333 0 0 0 26.6 14.1 33 0 0 0 11.9 57 107 -0.1 -5.8
"33" "17" 2013-12-29 23.27 "HOU" "@" "OKC" "L" -31 0 15.9666666666667 0.333 0.333 0 19.4 6.9 0 0 0 0 8.4 72 128 0.5 -8
"34" "" 2013-12-31 23.28 "HOU" "" "SAC" "L" -4 NA NA NA NA NA NA NA NA NA NA NA NA NA NA NA NA
"35" "" 2014-01-03 23.29 "HOU" "" "NYK" "W" 2 NA NA NA NA NA NA NA NA NA NA NA NA NA NA NA NA
"36" "18" 2014-01-08 23.3 "HOU" "" "LAL" "W" 14 0 10.3833333333333 0.381 0.286 18.9 27.7 23.3 15.5 0 7.2 0 31.1 107 95 5.2 -0.1
"37" "19" 2014-01-10 23.31 "HOU" "@" "ATL" "L" -3 0 7.01666666666667 0.4 0.4 18.5 58.2 40.7 44.7 0 0 28.6 50 69 79 1.1 -11.5
"38" "" 2014-01-11 23.31 "HOU" "@" "WAS" "W" 7 NA NA NA NA NA NA NA NA NA NA NA NA NA NA NA NA
"39" "" 2014-01-13 23.32 "HOU" "@" "BOS" "W" 12 NA NA NA NA NA NA NA NA NA NA NA NA NA NA NA NA
"40" "20" 2014-01-15 23.32 "HOU" "@" "NOP" "W" 3 0 17.9333333333333 0.571 0.571 6.7 25.5 16.3 0 0 4.7 0 22.8 120 109 6.5 -3.1
"41" "21" 2014-01-16 23.32 "HOU" "" "OKC" "L" -12 0 23.95 0.833 0.833 8.5 23.9 15.8 0 0 0 10 18.5 138 109 12.2 10.3
"42" "22" 2014-01-18 23.33 "HOU" "" "MIL" "W" 10 0 21.1666666666667 0.307 0.25 0 15.5 7.9 11.7 4.7 0 17 11.9 73 102 1.5 -6.1
"43" "23" 2014-01-20 23.33 "HOU" "" "POR" "W" 13 1 21.7666666666667 0.563 0.563 22.1 22.5 22.3 12.2 2.3 3.1 0 15.4 155 108 10 4.2
"44" "24" 2014-01-22 23.34 "HOU" "" "SAC" "W" 21 1 29.0166666666667 0.41 0.333 3.7 25.4 15.3 8.3 0 3 12 11.7 95 98 4 -6.8
"45" "25" 2014-01-24 23.35 "HOU" "" "MEM" "L" -1 0 20.1 0.381 0.429 12.6 13.6 13.1 0 5.5 0 20.2 24 67 95 3.1 -5.2
"46" "26" 2014-01-25 23.35 "HOU" "@" "MEM" "L" -18 0 11.5833333333333 0 0 0 18.8 9.2 0 0 6 66.7 12 0 108 -2.2 -15.6
"47" "27" 2014-01-28 23.36 "HOU" "" "SAS" "W" 7 0 17.9 0.833 0.833 0 32.8 17.1 9.7 3 0 0 7.3 183 91 6.4 11
"48" "28" 2014-01-29 23.36 "HOU" "@" "DAL" "W" 2 0 25.7666666666667 0.785 0.8 19.6 37.3 29.2 0 0 0 11.6 15.1 151 113 12.2 2.3
"49" "29" 2014-02-01 23.37 "HOU" "" "CLE" "W" 14 0 25.3166666666667 0.286 0.286 10.8 9.2 10 5.1 0 3.3 12.5 14.1 76 100 1.5 -8.5
"50" "30" 2014-02-05 23.38 "HOU" "" "PHO" "W" 14 0 16.6333333333333 0.396 0.2 0 6.7 3.9 0 0 0 13.7 20.6 74 120 0 -15.4
"51" "31" 2014-02-08 23.39 "HOU" "@" "MIL" "W" 6 0 24.7833333333333 0.765 0.8 0 4.2 2.3 0 2 0 14.5 12.8 122 104 5.8 -3.5
"52" "32" 2014-02-10 23.39 "HOU" "@" "MIN" "W" 18 0 17.35 0.827 0.8 7.5 21.3 15.5 9 3 0 0 14 173 90 9.5 14.2
"53" "33" 2014-02-12 23.4 "HOU" "" "WAS" "W" 1 0 17.4166666666667 0.828 0.875 15.3 11 12.8 0 0 4.2 13.1 19.4 150 117 9.9 7.7
"54" "34" 2014-02-19 23.42 "HOU" "@" "LAL" "W" 26 0 18.8333333333333 0.524 0.545 10.6 19.1 14.5 6.5 4.8 4.5 8 24.6 116 95 10.6 4.3
"55" "35" 2014-02-20 23.42 "HOU" "@" "GSW" "L" -3 0 12.1166666666667 0.5 0.5 0 16.5 8 15.5 0 0 0 17.6 120 106 3.2 4.3
"56" "36" 2014-02-23 23.43 "HOU" "@" "PHO" "W" 3 0 23.65 0.608 0.5 5.8 19.3 13.2 0 0 0 14.8 12 115 114 3.9 -4.6
"57" "37" 2014-02-25 23.43 "HOU" "@" "SAC" "W" 26 0 19.0666666666667 1.33 1.5 7.9 0 3.1 19.6 0 3.5 51.5 8.9 142 108 3.8 4.3
"58" "38" 2014-02-26 23.44 "HOU" "@" "LAC" "L" -8 0 22.3166666666667 0.515 0.333 0 17.9 9.8 14.5 0 0 0 15.5 128 111 6.8 3.4
"59" "39" 2014-03-01 23.44 "HOU" "" "DET" "W" 8 0 15.8 0.5 0.5 0 11.9 6.7 9.2 0 0 0 18.7 115 116 4.2 -2.5
"60" "40" 2014-03-04 23.45 "HOU" "" "MIA" "W" 3 0 13.1666666666667 0.085 0 0 8.3 4.6 0 0 0 14.5 23.2 19 117 -4.8 -27.8
"61" "41" 2014-03-05 23.45 "HOU" "@" "ORL" "W" 12 0 9.81666666666667 0.667 0.667 0 22.2 11.8 16.2 5.1 0 50 25.8 66 85 1.6 -3
"62" "42" 2014-03-07 23.46 "HOU" "" "IND" "W" 26 0 23.3666666666667 0.85 0.8 6 5.9 6 6.1 0 0 0 12.2 174 104 9 6.4
"63" "43" 2014-03-09 23.47 "HOU" "" "POR" "W" 5 0 8.05 0 0 0 34.7 19 0 0 0 50 10.8 0 101 -1.2 -15.2
"64" "44" 2014-03-11 23.47 "HOU" "@" "OKC" "L" -8 0 7.71666666666667 0.412 0 12.7 0 6.6 0 0 0 0 21.2 103 117 1.4 -6.5
"65" "45" 2014-03-13 23.48 "HOU" "@" "CHI" "L" -24 0 17.1833333333333 0.17 0.2 5.8 27.9 15.9 11.1 0 0 0 14.9 58 128 -0.1 -10.4
"66" "46" 2014-03-16 23.48 "HOU" "@" "MIA" "L" -9 0 17.2 0.7 0.7 8.2 27 17.2 0 0 0 16.7 16.4 119 128 4.5 -2.4
"67" "47" 2014-03-17 23.49 "HOU" "" "UTA" "W" 38 0 27.65 0.444 0.5 5.3 36.9 23.9 12.8 3.5 2.7 38.8 20.4 69 78 3.6 -5.4
"68" "48" 2014-03-20 23.5 "HOU" "" "MIN" "W" 23 0 25.7833333333333 0.874 0.864 16 11.4 13.3 0 1.9 0 8 21.4 158 114 18.5 6
"69" "49" 2014-03-22 23.5 "HOU" "@" "CLE" "W" 7 0 18.9166666666667 1.011 1 0 0 0 0 2.6 0 15.5 15.3 153 116 7.9 -1
"70" "50" 2014-03-24 23.51 "HOU" "@" "CHA" "W" 11 0 16.4166666666667 0.4 0.4 0 26.6 14.6 17.6 0 0 0 14.3 108 101 3.1 -1.3
"71" "51" 2014-03-27 23.52 "HOU" "" "PHI" "W" 22 0 18.4 0.429 0.429 12.4 9.7 10.9 0 5 0 22.2 18.8 81 91 2.3 -9.2
"72" "52" 2014-03-29 23.52 "HOU" "" "LAC" "L" -11 0 26.9166666666667 0.355 0.375 4 22.8 13.6 6.7 0 7.4 10.6 14.3 79 113 3.6 -1.9
"73" "53" 2014-04-01 23.53 "HOU" "@" "BRK" "L" -9 1 8.43333333333333 0 0 12.4 14.2 13.2 0 0 0 0 10.2 34 110 -2 -20.6
"74" "54" 2014-04-02 23.53 "HOU" "@" "TOR" "L" -4 0 22.6833333333333 0.568 0.545 14.8 10.6 12.7 9.1 0 0 20.8 26.5 98 110 6.1 -5
"75" "55" 2014-04-04 23.54 "HOU" "" "OKC" "W" 4 0 5.56666666666667 1 1 0 18.7 9.6 0 0 0 0 16.4 200 116 3.7 11.7
"76" "56" 2014-04-06 23.54 "HOU" "" "DEN" "W" 5 0 16.4833333333333 0 0 6 12.9 9.3 7.1 2.8 4.2 0 9.6 36 108 0 -9.8
"77" "57" 2014-04-08 23.55 "HOU" "@" "LAL" "W" 15 0 23.5 0.492 0.455 20.4 44.1 33.7 0 0 3.2 7 23.5 113 116 11.9 -6.9
"78" "58" 2014-04-09 23.55 "HOU" "@" "DEN" "L" -7 0 29.8333333333333 0.511 0.444 0 14.3 7.1 4.8 0 2.2 8.5 16 101 122 7.1 -7
"79" "59" 2014-04-11 23.56 "HOU" "@" "MIN" "L" -2 0 13.45 0.34 0.4 7.6 19.5 14 0 0 0 14.5 20.7 66 109 -0.9 -17
"80" "60" 2014-04-12 23.56 "HOU" "" "NOP" "W" 7 0 13.0666666666667 0 0 0 19.3 9.8 0 0 0 33.3 10.6 0 116 -1.8 -16.4
"81" "61" 2014-04-14 23.56 "HOU" "" "SAS" "W" 6 0 8.38333333333333 0 0 0 12.2 6.2 0 0 0 0 22.1 0 110 -2.9 -25.5
"82" "62" 2014-04-16 23.57 "HOU" "@" "NOP" "L" -5 0 16.9833333333333 0.511 0.389 45 21.7 34.1 0 3.2 0 21.8 36.8 105 113 9.3 -4.7
"1" "1" 2014-10-28 24.1 "HOU" "@" "LAL" "W" 18 0 16.3666666666667 0.758 NA 15 20 17.7 0 0 0 43.1 12.6 103 101 2.3 -7.9
"2" "2" 2014-10-29 24.11 "HOU" "@" "UTA" "W" 11 0 8.65 0.521 0.5 19.1 27.7 24.1 0 6.3 0 0 15.8 127 93 3.5 4.7
"3" "3" 2014-11-01 24.12 "HOU" "" "BOS" "W" 14 0 19.8166666666667 0.452 0.25 6.1 18.3 13 16.4 0 0 0 14.5 119 97 4.9 -2.1
"4" "4" 2014-11-03 24.12 "HOU" "@" "PHI" "W" 11 0 21.6666666666667 0.543 0 0 44.3 22.7 20.8 0 0 42 9.7 96 103 4 -3.8
"5" "5" 2014-11-04 24.12 "HOU" "@" "MIA" "W" 17 1 13.2666666666667 0.2 0.2 0 8.6 5 0 0 0 0 18.9 48 113 -2.8 -26.5
"6" "6" 2014-11-06 24.13 "HOU" "" "SAS" "W" 17 1 25.3166666666667 0 0 0 11.8 6.7 5.6 0 0 66.7 5.3 20 91 -1.9 -8
"7" "7" 2014-11-08 24.13 "HOU" "" "GSW" "L" -11 0 30.0333333333333 0.68 0.6 11.6 14.2 12.8 7.3 3.2 0 7.8 17.4 141 96 15.5 11.1
"8" "8" 2014-11-12 24.15 "HOU" "@" "MIN" "W" 12 1 30.55 0.444 0.444 14 13.1 13.6 17.1 1.7 4.6 25 17.1 98 106 7.6 -2.1
"9" "9" 2014-11-14 24.15 "HOU" "" "PHI" "W" 1 1 30.8333333333333 0.307 0.25 6.9 16.2 11.7 5.7 3.2 5.3 17 7.9 75 88 5 -2.9
"10" "10" 2014-11-16 24.16 "HOU" "@" "OKC" "W" 4 1 32.3666666666667 0.354 0.333 18.5 6.9 13.5 8 0 3 23.3 17.8 76 87 4.2 -3.5
"11" "11" 2014-11-17 24.16 "HOU" "@" "MEM" "L" -26 1 17.5666666666667 0.375 0.375 7.2 7.8 7.5 0 0 4 20 25.2 64 129 0.1 -15.8
"12" "12" 2014-11-19 24.16 "HOU" "" "LAL" "L" -6 1 18.0833333333333 0.5 0.5 0 17.3 9.4 12 2.8 0 22.2 23.6 76 102 2.3 -7.6
"13" "13" 2014-11-22 24.17 "HOU" "" "DAL" "W" 3 1 37.5666666666667 0.799 0.786 5.3 26.1 15.8 10.8 0 0 36.3 16.1 103 98 9.9 0
"14" "14" 2014-11-24 24.18 "HOU" "" "NYK" "W" 5 1 31.9333333333333 0.542 0.542 3.7 28.4 15.4 0 1.7 2.8 7.7 19.5 102 96 9.3 -2.6
"15" "15" 2014-11-26 24.18 "HOU" "" "SAC" "W" 13 1 37 0.7 0.7 2.5 17.1 8.7 13.4 4.3 0 6.3 19.8 134 96 19.2 5.7
"16" "16" 2014-11-28 24.19 "HOU" "" "LAC" "L" -17 1 25.6666666666667 0.304 0.333 12.5 18.7 15.4 14.2 0 0 16.8 21.7 70 116 1.6 -9.7
"17" "17" 2014-11-29 24.19 "HOU" "@" "MIL" "W" 14 1 30.9666666666667 0.698 0.692 8.4 15.9 12.2 25.8 0 0 0 20.7 162 120 19 7.7
"18" "18" 2014-12-03 24.2 "HOU" "" "MEM" "W" 9 1 25.1833333333333 0.718 0.75 11 19.5 14.7 13.8 0 3 27.7 22.8 107 104 10.6 1.5
"19" "19" 2014-12-05 24.21 "HOU" "@" "MIN" "W" 2 1 39.6666666666667 0.611 0.5 0 21.8 12.6 0 0 0 27.3 17.2 89 106 6.6 -5.8
"20" "20" 2014-12-06 24.21 "HOU" "" "PHO" "W" 5 1 34.65 0.581 0.583 9.7 20.5 15.7 5.9 0 6.4 22.5 21.1 101 98 11.7 1
"21" "21" 2014-12-10 24.22 "HOU" "@" "GSW" "L" -12 1 34.9833333333333 0.48 0.471 11.2 10.8 11 10.5 0 2.4 13.8 26.8 96 112 10.5 -1.3
"22" "22" 2014-12-11 24.22 "HOU" "@" "SAC" "W" 4 1 30.2666666666667 0.589 0.545 7.5 4.5 6.1 6.4 1.7 2.7 7.8 18.4 123 107 9.4 -1.5
"23" "23" 2014-12-13 24.23 "HOU" "" "DEN" "W" 12 1 32.05 0.629 0.632 6.1 8.3 7.3 6.6 1.5 0 4.8 26.7 124 98 17.5 6
"24" "24" 2014-12-17 24.24 "HOU" "@" "DEN" "W" 4 1 41.7666666666667 0.628 0.654 2.8 10.4 7.2 0 1.2 1.8 12.3 17 109 105 12 1.9
"25" "25" 2014-12-18 24.24 "HOU" "" "NOP" "L" -9 1 23.4333333333333 0.335 0.308 13.7 4.8 9.3 16.5 0 0 6.9 27.6 83 117 3.5 -8.3
"26" "26" 2014-12-20 24.25 "HOU" "" "ATL" "L" -7 1 24.65 0.337 0.364 12.2 24.3 17 7.4 2.1 4.1 0 21 88 109 6.4 -3.2
"27" "27" 2014-12-22 24.25 "HOU" "" "POR" "W" 15 1 27.3666666666667 0.506 0.5 9.5 26.3 18.2 5.2 0 3.6 23.3 20.2 87 98 5.3 -6.2
"28" "28" 2014-12-26 24.27 "HOU" "@" "MEM" "W" 6 1 30.75 0.5 0.5 4.1 15.4 10.6 9.2 0 4.3 33.3 8.8 87 109 4.6 -2.1
"29" "29" 2014-12-28 24.27 "HOU" "@" "SAS" "L" -4 0 24.7166666666667 0.72 0.7 5 18.9 12.1 12.1 1.9 0 11.6 14.6 142 112 10 5.1
"30" "30" 2014-12-29 24.27 "HOU" "" "WAS" "L" -1 0 19.8666666666667 0.387 0.333 11.8 30.2 19.9 19.3 5 0 20.5 10.3 104 100 5.4 3.5
"31" "31" 2014-12-31 24.28 "HOU" "" "CHO" "W" 19 0 24.4166666666667 0.432 0.385 4.5 15.5 9.6 7 0 0 17.8 30.7 79 96 3.4 -11.6
"32" "32" 2015-01-02 24.28 "HOU" "@" "NOP" "L" -28 0 21.8666666666667 0.727 0.75 8.8 23.7 15.1 16.7 0 3.2 0 13.5 154 117 10.9 8
"33" "33" 2015-01-03 24.29 "HOU" "" "MIA" "W" 36 1 27.4 0.487 0.455 8.3 0 4.3 16.3 3.8 0 14 22.5 109 87 7.8 -1.4
"34" "34" 2015-01-05 24.29 "HOU" "@" "CHI" "L" -9 1 26.55 0.571 0.571 7.9 17.2 12.3 16.7 1.9 2.7 6.7 22.6 123 115 13.2 5.5
"35" "35" 2015-01-07 24.3 "HOU" "@" "CLE" "W" 12 1 27.05 0.5 0.5 8.3 0 4.1 5.9 0 0 9.1 17.2 111 115 4.9 -6.2
"36" "36" 2015-01-08 24.3 "HOU" "@" "NYK" "W" 24 1 36.0833333333333 0.65 0.7 7.6 17.1 12.6 12.6 5.4 0 18.7 19.4 115 92 16 2.5
"37" "37" 2015-01-10 24.31 "HOU" "" "UTA" "W" 15 1 35.5833333333333 0.788 0.813 6.7 31.7 18.2 5.4 4.3 0 31.1 16.4 101 81 13.1 3.9
"38" "38" 2015-01-12 24.31 "HOU" "@" "BRK" "W" 14 1 36.95 0.758 0.773 12.4 22.2 17.2 4.2 0 0 20.2 17.8 126 108 14.9 0.5
"39" "39" 2015-01-14 24.32 "HOU" "@" "ORL" "L" -7 1 35.3666666666667 0.607 0.556 3.5 14.3 8.8 15.4 1.3 0 23.3 15.5 107 122 9.6 -4.1
"40" "40" 2015-01-15 24.32 "HOU" "" "OKC" "W" 11 1 28.5666666666667 0.583 0.583 3.8 12.6 8 16.3 1.8 0 7.7 20.5 120 109 10.5 2.2
"41" "41" 2015-01-17 24.33 "HOU" "" "GSW" "L" -25 1 21.6166666666667 0.686 0.563 14.2 21.7 17.7 15.8 2.1 3.2 8.9 20.7 140 119 13.8 9.3
"42" "42" 2015-01-19 24.33 "HOU" "" "IND" "W" 12 1 33.7833333333333 0.563 0.5 3.6 26.4 15.6 18.1 0 0 10.1 13.3 122 103 8.9 -2.3
"43" "43" 2015-01-21 24.34 "HOU" "@" "GSW" "L" -13 1 24.55 0.25 0.25 12.5 0 6.4 11.8 0 0 0 13.1 94 134 1.9 -9.4
"44" "44" 2015-01-23 24.34 "HOU" "@" "PHO" "W" 2 1 22.8333333333333 0.631 0.636 11.4 17.5 14.8 0 2.1 0 7.8 25.4 118 111 10.7 -1.4
"45" "45" 2015-01-25 24.35 "HOU" "@" "LAL" "W" 12 1 32.3833333333333 0.45 0.375 5.8 21.6 13.5 9.7 1.5 0 0 11.9 113 90 8.3 -1.9
"46" "46" 2015-01-28 24.36 "HOU" "" "DAL" "W" 5 1 33.9166666666667 0.474 0.438 9 7.4 8.3 5.1 1.5 0 5.6 22.9 103 104 9.4 -2.7
"47" "47" 2015-01-30 24.36 "HOU" "@" "BOS" "W" 6 1 31.3666666666667 0.751 0.781 13.3 23.5 18.7 8.4 0 0 18.8 30 115 93 19.9 12
"48" "48" 2015-01-31 24.36 "HOU" "@" "DET" "L" -13 1 29.4333333333333 0.808 0.808 11.4 4.1 7.9 21.6 0 0 7.1 21.1 154 128 17.4 7.5
"49" "49" 2015-02-04 24.38 "HOU" "" "CHI" "W" 11 1 31.1333333333333 0.472 0.467 8.7 20 14.4 5.7 0 0 5.9 24.1 100 98 10 -1.8
"50" "50" 2015-02-06 24.38 "HOU" "" "MIL" "W" 6 1 25.5166666666667 0.717 0.75 9.4 4.4 6.8 6.3 1.9 2.4 29.1 23.4 98 113 9.7 -3.6
"51" "51" 2015-02-08 24.39 "HOU" "" "POR" "L" -11 1 36.3 0.451 0.563 7.9 13.7 10 10.3 0 0 8.3 14.8 95 125 5.8 -5.7
"52" "52" 2015-02-10 24.39 "HOU" "@" "PHO" "W" 9 1 17 0.607 0.556 6.9 6.3 6.6 16.7 5.7 0 9.2 26 129 113 9.1 2.2
"53" "53" 2015-02-11 24.39 "HOU" "@" "LAC" "L" -15 1 26.85 0.505 0.455 3.5 13.8 7.9 0 0 3 14.4 21.8 89 113 5.4 -5.5
"54" "54" 2015-02-20 24.42 "HOU" "@" "DAL" "L" -11 1 21.3666666666667 0.438 0.438 17.3 20 18.5 7.7 0 0 20 18.8 90 111 4.1 -5.6
"55" "55" 2015-02-21 24.42 "HOU" "" "TOR" "W" 22 1 30.5 0.466 0.417 11 26.2 19 11.6 4.5 5.3 18.9 20.7 89 66 11.7 5
"56" "56" 2015-02-23 24.43 "HOU" "" "MIN" "W" 11 1 30.3333333333333 0.492 0.5 0 8.8 4.2 10.2 1.5 2.1 14.1 18 94 103 6.2 -4.5
"57" "57" 2015-02-25 24.43 "HOU" "" "LAC" "W" 5 1 33.55 0.758 0.773 8.8 18.7 13.6 5.5 0 2.4 14.4 18 126 110 14.8 3.4
"58" "58" 2015-02-27 24.44 "HOU" "" "BRK" "W" 4 1 23.7166666666667 0.5 0.5 10.1 4.5 7.1 7 0 0 8.3 23.2 100 111 5.1 -5.9
"59" "59" 2015-03-01 24.44 "HOU" "" "CLE" "W" 2 1 30.8 0.571 0.571 0 6.9 3.9 7.8 1.8 3 6.7 24 104 112 10.2 1.9
"60" "60" 2015-03-03 24.45 "HOU" "@" "ATL" "L" -8 1 34.7333333333333 0.47 0.464 5.8 19.7 12.3 30.1 4.2 0 0 19.4 115 101 16.1 9.3
"61" "61" 2015-03-04 24.45 "HOU" "" "MEM" "L" -2 1 21.0833333333333 0.417 0.417 10.6 13 11.7 6.9 2.6 0 14.3 31.8 85 115 3.7 -8.9
"62" "62" 2015-03-06 24.46 "HOU" "" "DET" "W" 10 1 18.8666666666667 0.225 0.25 0 20.9 12.1 0 2.5 0 10.1 20.8 45 86 -1.3 -12.7
"63" "63" 2015-03-07 24.46 "HOU" "@" "DEN" "W" 14 1 30.4666666666667 0.836 0.778 0 19.3 10.3 25.8 0 2.5 27.1 19 125 97 15.3 9.5
"64" "64" 2015-03-11 24.47 "HOU" "@" "POR" "L" -5 1 29 0.425 0.5 0 15 6.6 0 0 5.6 7.8 18.8 75 110 3.4 -6.2
"65" "65" 2015-03-12 24.47 "HOU" "@" "UTA" "L" -18 1 23.6 0.505 0.542 9.5 4 6.5 9.3 0 0 0 26.6 107 131 7.8 -1.2
"66" "66" 2015-03-15 24.48 "HOU" "@" "LAC" "W" 2 1 43.0666666666667 0.262 0.2 6.3 8.4 7.2 11.7 1.1 2 0 16.8 74 99 4.9 -2.6
"67" "67" 2015-03-17 24.49 "HOU" "" "ORL" "W" 13 1 32.0166666666667 0.741 0.75 3.7 19.1 12.1 22.2 0 0 0 22.4 159 106 21.1 10.5
"68" "68" 2015-03-19 24.49 "HOU" "" "DEN" "W" 10 1 37.15 0.322 0.3 11.2 14.4 12.8 15.6 3.6 0 21.6 15.4 82 98 6.7 -4
"69" "69" 2015-03-21 24.5 "HOU" "" "PHO" "L" -15 1 38.1833333333333 0.67 0.654 0 8.2 4.4 24.4 0 1.6 18.2 18.7 113 119 13.7 1.5
"70" "70" 2015-03-23 24.5 "HOU" "@" "IND" "W" 10 1 37.9666666666667 0.79 0.722 0 5.4 3.4 16.2 4 0 15.7 16.1 139 105 15.2 5.5
"71" "71" 2015-03-25 24.51 "HOU" "@" "NOP" "W" 2 1 36.9833333333333 0.656 0.656 10.5 15.1 13 4.8 2.9 2.2 15.8 23.6 111 101 17 5.7
"72" "" 2015-03-27 24.52 "HOU" "" "MIN" "W" 10 NA NA NA NA NA NA NA NA NA NA NA NA NA NA NA NA
"73" "" 2015-03-29 24.52 "HOU" "@" "WAS" "W" 8 NA NA NA NA NA NA NA NA NA NA NA NA NA NA NA NA
"74" "" 2015-03-30 24.52 "HOU" "@" "TOR" "L" -3 NA NA NA NA NA NA NA NA NA NA NA NA NA NA NA NA
"75" "" 2015-04-01 24.53 "HOU" "" "SAC" "W" 4 NA NA NA NA NA NA NA NA NA NA NA NA NA NA NA NA
"76" "" 2015-04-02 24.53 "HOU" "@" "DAL" "W" 7 NA NA NA NA NA NA NA NA NA NA NA NA NA NA NA NA
"77" "" 2015-04-05 24.54 "HOU" "@" "OKC" "W" 3 NA NA NA NA NA NA NA NA NA NA NA NA NA NA NA NA
"78" "" 2015-04-08 24.55 "HOU" "@" "SAS" "L" -12 NA NA NA NA NA NA NA NA NA NA NA NA NA NA NA NA
"79" "" 2015-04-10 24.55 "HOU" "" "SAS" "L" -1 NA NA NA NA NA NA NA NA NA NA NA NA NA NA NA NA
"80" "" 2015-04-12 24.56 "HOU" "" "NOP" "W" 7 NA NA NA NA NA NA NA NA NA NA NA NA NA NA NA NA
"81" "" 2015-04-13 24.56 "HOU" "@" "CHO" "W" 10 NA NA NA NA NA NA NA NA NA NA NA NA NA NA NA NA
"82" "" 2015-04-15 24.57 "HOU" "" "UTA" "W" 26 NA NA NA NA NA NA NA NA NA NA NA NA NA NA NA NA
"1" "" 2015-10-28 25.1 "HOU" "" "DEN" "L" -20 NA NA NA NA NA NA NA NA NA NA NA NA NA NA NA NA
"2" "" 2015-10-30 25.11 "HOU" "" "GSW" "L" -20 NA NA NA NA NA NA NA NA NA NA NA NA NA NA NA NA
"3" "" 2015-11-01 25.12 "HOU" "@" "MIA" "L" -20 NA NA NA NA NA NA NA NA NA NA NA NA NA NA NA NA
"4" "" 2015-11-02 25.12 "HOU" "" "OKC" "W" 5 NA NA NA NA NA NA NA NA NA NA NA NA NA NA NA NA
"5" "" 2015-11-04 25.12 "HOU" "" "ORL" "W" 5 NA NA NA NA NA NA NA NA NA NA NA NA NA NA NA NA
"6" "" 2015-11-06 25.13 "HOU" "@" "SAC" "W" 6 NA NA NA NA NA NA NA NA NA NA NA NA NA NA NA NA
"7" "" 2015-11-07 25.13 "HOU" "@" "LAC" "W" 4 NA NA NA NA NA NA NA NA NA NA NA NA NA NA NA NA
"8" "" 2015-11-11 25.14 "HOU" "" "BRK" "L" -8 NA NA NA NA NA NA NA NA NA NA NA NA NA NA NA NA
"9" "" 2015-11-13 25.15 "HOU" "@" "DEN" "L" -9 NA NA NA NA NA NA NA NA NA NA NA NA NA NA NA NA
"10" "" 2015-11-14 25.15 "HOU" "" "DAL" "L" -12 NA NA NA NA NA NA NA NA NA NA NA NA NA NA NA NA
"11" "" 2015-11-16 25.16 "HOU" "" "BOS" "L" -16 NA NA NA NA NA NA NA NA NA NA NA NA NA NA NA NA
"12" "" 2015-11-18 25.16 "HOU" "" "POR" "W" 5 NA NA NA NA NA NA NA NA NA NA NA NA NA NA NA NA
"13" "" 2015-11-20 25.17 "HOU" "@" "MEM" "L" -12 NA NA NA NA NA NA NA NA NA NA NA NA NA NA NA NA
"14" "" 2015-11-21 25.17 "HOU" "" "NYK" "L" -5 NA NA NA NA NA NA NA NA NA NA NA NA NA NA NA NA
"15" "" 2015-11-25 25.18 "HOU" "" "MEM" "L" -9 NA NA NA NA NA NA NA NA NA NA NA NA NA NA NA NA
"16" "" 2015-11-27 25.19 "HOU" "" "PHI" "W" 2 NA NA NA NA NA NA NA NA NA NA NA NA NA NA NA NA
"17" "" 2015-11-29 25.19 "HOU" "@" "NYK" "W" 5 NA NA NA NA NA NA NA NA NA NA NA NA NA NA NA NA
"18" "" 2015-11-30 25.19 "HOU" "@" "DET" "L" -11 NA NA NA NA NA NA NA NA NA NA NA NA NA NA NA NA
"19" "" 2015-12-02 25.2 "HOU" "" "NOP" "W" 7 NA NA NA NA NA NA NA NA NA NA NA NA NA NA NA NA
"20" "" 2015-12-04 25.21 "HOU" "@" "DAL" "W" 4 NA NA NA NA NA NA NA NA NA NA NA NA NA NA NA NA
"21" "1" 2015-12-05 25.21 "HOU" "" "SAC" "W" 7 0 6.16666666666667 0 0 16.6 0 8.6 0 0 0 33.3 41 14 124 -4.5 -51
"22" "2" 2015-12-08 25.22 "HOU" "@" "BRK" "L" -5 0 6.75 NA NA 0 18.7 9.1 18.2 0 0 100 12.6 28 118 -1 -16.8
"23" "3" 2015-12-09 25.22 "HOU" "@" "WAS" "W" 6 0 8.53333333333333 0.5 0.5 0 35.9 19 0 0 0 60 24.9 34 97 -3.1 -27.8
"24" "4" 2015-12-12 25.23 "HOU" "" "LAL" "W" 29 0 14.7 0.955 1.125 0 6.8 3.5 9.6 3.2 0 41 26.9 89 100 6.6 -1.3
"25" "5" 2015-12-14 25.23 "HOU" "@" "DEN" "L" -6 0 21.7666666666667 0.8 0.773 5.3 6.1 5.7 17.3 0 0 7.8 27.6 143 130 13.5 5.8
"26" "6" 2015-12-15 25.24 "HOU" "@" "SAC" "L" -10 1 14.4666666666667 0.286 0.286 0 26.2 12 0 9.5 6.5 30 29.3 38 83 0.7 -9.6
"27" "7" 2015-12-17 25.24 "HOU" "@" "LAL" "W" 20 0 19.15 0.457 0.5 9 11.4 10 18.9 0 0 25.5 24.7 82 102 2.7 -8.4
"28" "8" 2015-12-19 25.25 "HOU" "" "LAC" "W" 10 0 20.1 0.85 0.8 0 14.6 7.7 9.8 2.4 0 14.5 14.6 143 97 7.7 4.1
"29" "9" 2015-12-21 25.25 "HOU" "" "CHO" "W" 7 0 22.7166666666667 0.381 0.286 6 12.9 10.1 29.4 0 0 11.3 17.4 99 103 4.9 1.2
"30" "10" 2015-12-23 25.26 "HOU" "@" "ORL" "L" -3 0 7.68333333333333 0.5 0.5 0 16.4 8 18 0 0 50 24.6 58 120 0 -12.5
"31" "11" 2015-12-25 25.26 "HOU" "" "SAS" "W" 4 0 6 0.5 0.5 0 0 0 0 0 0 0 31.2 95 103 2 0.5
"32" "12" 2015-12-26 25.27 "HOU" "@" "NOP" "L" -2 0 6.61666666666667 0.667 0.667 0 0 0 0 0 0 25 28.2 86 130 1.7 -9.1
"33" "13" 2015-12-29 25.27 "HOU" "" "ATL" "L" -6 0 27.4333333333333 0.75 0.75 10 15.6 13.5 9.9 1.7 3 33.3 9.7 116 116 7.2 2.4
"34" "14" 2015-12-31 25.28 "HOU" "" "GSW" "L" -4 0 6.25 0.5 0.5 0 0 0 0 0 0 0 14.5 95 124 0.6 -10.5
"35" "" 2016-01-02 25.28 "HOU" "@" "SAS" "L" -18 NA NA NA NA NA NA NA NA NA NA NA NA NA NA NA NA
"36" "" 2016-01-04 25.29 "HOU" "@" "UTA" "W" 2 NA NA NA NA NA NA NA NA NA NA NA NA NA NA NA NA
"37" "" 2016-01-07 25.3 "HOU" "" "UTA" "W" 9 NA NA NA NA NA NA NA NA NA NA NA NA NA NA NA NA
"38" "" 2016-01-10 25.31 "HOU" "" "IND" "W" 4 NA NA NA NA NA NA NA NA NA NA NA NA NA NA NA NA
"39" "" 2016-01-12 25.31 "HOU" "@" "MEM" "W" 16 NA NA NA NA NA NA NA NA NA NA NA NA NA NA NA NA
"40" "" 2016-01-13 25.32 "HOU" "" "MIN" "W" 3 NA NA NA NA NA NA NA NA NA NA NA NA NA NA NA NA
"41" "" 2016-01-15 25.32 "HOU" "" "CLE" "L" -14 NA NA NA NA NA NA NA NA NA NA NA NA NA NA NA NA
"42" "" 2016-01-17 25.33 "HOU" "@" "LAL" "W" 17 NA NA NA NA NA NA NA NA NA NA NA NA NA NA NA NA
"43" "" 2016-01-18 25.33 "HOU" "@" "LAC" "L" -8 NA NA NA NA NA NA NA NA NA NA NA NA NA NA NA NA
"44" "" 2016-01-20 25.33 "HOU" "" "DET" "L" -9 NA NA NA NA NA NA NA NA NA NA NA NA NA NA NA NA
"45" "" 2016-01-22 25.34 "HOU" "" "MIL" "W" 4 NA NA NA NA NA NA NA NA NA NA NA NA NA NA NA NA
"46" "" 2016-01-24 25.35 "HOU" "" "DAL" "W" 11 NA NA NA NA NA NA NA NA NA NA NA NA NA NA NA NA
"47" "" 2016-01-25 25.35 "HOU" "@" "NOP" "W" 1 NA NA NA NA NA NA NA NA NA NA NA NA NA NA NA NA
"48" "" 2016-01-27 25.35 "HOU" "@" "SAS" "L" -31 NA NA NA NA NA NA NA NA NA NA NA NA NA NA NA NA
"49" "" 2016-01-29 25.36 "HOU" "@" "OKC" "L" -8 NA NA NA NA NA NA NA NA NA NA NA NA NA NA NA NA
"50" "" 2016-01-30 25.36 "HOU" "" "WAS" "L" -1 NA NA NA NA NA NA NA NA NA NA NA NA NA NA NA NA
"51" "" 2016-02-02 25.37 "HOU" "" "MIA" "W" 13 NA NA NA NA NA NA NA NA NA NA NA NA NA NA NA NA
"52" "" 2016-02-04 25.38 "HOU" "@" "PHO" "W" 6 NA NA NA NA NA NA NA NA NA NA NA NA NA NA NA NA
"53" "" 2016-02-06 25.38 "HOU" "" "POR" "L" -17 NA NA NA NA NA NA NA NA NA NA NA NA NA NA NA NA
"54" "" 2016-02-09 25.39 "HOU" "@" "GSW" "L" -13 NA NA NA NA NA NA NA NA NA NA NA NA NA NA NA NA
"55" "" 2016-02-10 25.39 "HOU" "@" "POR" "L" -13 NA NA NA NA NA NA NA NA NA NA NA NA NA NA NA NA
"56" "" 2016-02-19 25.42 "DET" "@" "WAS" "L" -12 NA NA NA NA NA NA NA NA NA NA NA NA NA NA NA NA
"57" "" 2016-02-21 25.42 "DET" "" "NOP" "L" -5 NA NA NA NA NA NA NA NA NA NA NA NA NA NA NA NA
"58" "" 2016-02-23 25.43 "HOU" "@" "UTA" "L" -3 NA NA NA NA NA NA NA NA NA NA NA NA NA NA NA NA
"59" "" 2016-02-25 25.43 "HOU" "@" "POR" "W" 14 NA NA NA NA NA NA NA NA NA NA NA NA NA NA NA NA
"60" "15" 2016-02-27 25.44 "HOU" "" "SAS" "L" -10 0 8.88333333333333 0.25 0.25 12 0 6.6 18.3 0 0 33.3 30.1 50 117 -2.2 -22.2
"61" "16" 2016-02-29 25.44 "HOU" "@" "MIL" "L" -7 0 19.3666666666667 0.63 0.5 10.3 21.2 14.9 12.9 2.5 0 29.6 14.2 114 126 5.8 -2.8
"62" "17" 2016-03-02 25.45 "HOU" "" "NOP" "W" 5 1 22.0666666666667 0.4 0.429 4.8 8.9 6.9 14.8 0 0 0 16.1 93 98 4 -4.8
"63" "18" 2016-03-05 25.46 "HOU" "@" "CHI" "L" -8 1 14.2 0.615 0.5 6.5 16.5 10.9 12 0 0 0 14 140 110 4.4 -2.8
"64" "19" 2016-03-06 25.46 "HOU" "@" "TOR" "W" 6 1 20.0666666666667 0.296 0.2 5.6 26.6 15.1 6.7 0 0 22.8 20.1 62 117 -0.1 -15.9
"65" "20" 2016-03-09 25.47 "HOU" "@" "PHI" "W" 14 1 6.75 0 0 0 16.2 8.2 0 0 0 0 6.1 0 112 -1.6 -21.6
"66" "21" 2016-03-11 25.47 "HOU" "@" "BOS" "W" 4 1 10.25 0.333 0.333 10.2 28.7 19.7 13.3 0 0 0 12.1 103 98 2.6 0.3
"67" "22" 2016-03-12 25.48 "HOU" "@" "CHO" "L" -16 1 4.96666666666667 0.667 0.667 20.1 26.8 23 0 0 0 0 25.4 141 134 3.7 7.4
"68" "23" 2016-03-14 25.48 "HOU" "" "MEM" "W" 49 1 20.5833333333333 0.556 0.536 12.3 12.8 12.6 15.7 2.3 0 0 33.4 124 80 14.4 1
"69" "24" 2016-03-16 25.49 "HOU" "" "LAC" "L" -16 1 7.58333333333333 0 0 0 0 0 15.8 0 0 0 11.8 37 139 -1.1 -15.6
"70" "25" 2016-03-18 25.49 "HOU" "" "MIN" "W" 5 1 26.2 0.708 0.708 14.9 27.5 21.4 5.5 1.9 5.3 7.7 22 140 112 16.6 6.2
"71" "26" 2016-03-19 25.5 "HOU" "@" "ATL" "L" -12 1 21.3833333333333 0.558 0.444 9.8 20 14.8 9.3 2.3 0 0 22.8 134 111 11 5.2
"72" "27" 2016-03-22 25.5 "HOU" "@" "OKC" "L" -4 1 21.2166666666667 0.557 0.5 14.8 9.6 12.2 7.3 0 0 23.3 25.5 98 117 5.5 -5.7
"73" "28" 2016-03-23 25.51 "HOU" "" "UTA" "L" -2 1 18.1333333333333 0.383 0.4 6.8 12.9 9.9 10.6 2.9 0 7.8 34.6 75 99 3.2 -5.7
"74" "29" 2016-03-25 25.51 "HOU" "" "TOR" "W" 3 1 14.9833333333333 0.688 0.688 7.5 12.8 10.3 12.3 0 0 0 22.8 146 117 9.4 9.2
"75" "30" 2016-03-27 25.52 "HOU" "@" "IND" "L" -3 1 15.6666666666667 0.45 0.438 13.3 6.4 9.8 0 3.2 0 10.1 27.3 93 109 4.1 -2.7
"76" "31" 2016-03-29 25.52 "HOU" "@" "CLE" "W" 6 1 9.7 0.429 0.429 0 19.4 10.6 0 0 0 22.2 39.9 65 108 -0.7 -23.8
"77" "32" 2016-03-31 25.53 "HOU" "" "CHI" "L" -3 1 12.4666666666667 0.143 0.143 0 10.4 4.4 0 0 0 0 24.8 34 115 -3 -23
"78" "33" 2016-04-03 25.54 "HOU" "" "OKC" "W" 8 1 18.5333333333333 0.2 0.2 4.5 20.4 10.9 20.2 2.7 0 0 10.6 92 112 3.2 -3.1
"79" "" 2016-04-06 25.55 "HOU" "@" "DAL" "L" -2 NA NA NA NA NA NA NA NA NA NA NA NA NA NA NA NA
"80" "34" 2016-04-07 25.55 "HOU" "" "PHO" "L" -9 1 12 0.773 0.667 0 0 0 11.8 8.1 0 0 14.9 166 121 6.6 4.9
"81" "35" 2016-04-10 25.56 "HOU" "" "LAL" "W" 20 1 19.2333333333333 0.45 0.375 20.4 6.4 14.2 11.7 0 0 10.1 20.7 118 117 6.7 -7.8
"82" "36" 2016-04-11 25.56 "HOU" "@" "MIN" "W" 24 1 19.1666666666667 0.5 0.5 13.2 11.1 12.1 18.6 4.9 0 22.2 19.7 104 101 6.6 0.1
"83" "37" 2016-04-13 25.56 "HOU" "" "SAC" "W" 35 1 14.95 0.307 0.25 6.7 17.2 12.3 14.7 0 5.4 29.1 18.5 68 84 1.9 -7.7
"1" "" 2016-12-07 26.21 "HOU" "" "LAL" "W" 39 NA NA NA NA NA NA NA NA NA NA NA NA NA NA NA NA
"2" "" 2017-01-05 26.29 "NOP" "" "ATL" "L" -5 NA NA NA NA NA NA NA NA NA NA NA NA NA NA NA NA
"3" "1" 2017-01-07 26.3 "NOP" "@" "BOS" "L" -9 0 20.35 0.814 0.9 11.5 14.7 13.3 30.9 2.5 0 0 15 177 123 13.2 13.3
"4" "2" 2017-01-09 26.3 "NOP" "@" "NYK" "W" 14 0 16.35 0.75 0.75 7.2 13.7 10.5 23.1 6.5 0 50 11.7 105 99 4.6 3.5
"5" "3" 2017-01-12 26.31 "NOP" "@" "BRK" "W" 9 0 18.8666666666667 0.063 0 0 15.9 7.6 20.1 2.4 4.6 11.3 19.3 32 86 -1 -9.9
"6" "4" 2017-01-14 26.32 "NOP" "@" "CHI" "L" -8 0 6.96666666666667 0.5 0.5 14.4 12.1 13.1 0 0 0 33.3 19.8 77 113 1 -9.5
"7" "5" 2017-01-16 26.32 "NOP" "@" "IND" "L" -3 0 7.81666666666667 0 0 0 17.5 7.4 17.1 6.4 9.9 0 11.7 29 83 0.9 0.9
"8" "6" 2017-01-18 26.33 "NOP" "" "ORL" "W" 20 0 3.43333333333333 0.758 NA 0 32.5 15.2 0 0 0 0 17.2 166 100 1.9 0.3
"9" "7" 2017-01-20 26.33 "NOP" "" "BRK" "L" -29 0 11.5333333333333 0.6 0.6 0 21.9 8.4 0 0 7.9 0 16.8 126 136 4.2 -0.2
"10" "8" 2017-01-23 26.34 "NOP" "" "CLE" "W" 2 0 23.6666666666667 0.717 0.75 4.9 13.2 9.3 6.2 2 3.6 17 22 117 122 10.8 0.2
"11" "9" 2017-01-25 26.35 "NOP" "" "OKC" "L" -9 0 16.85 0.727 0.75 0 23.3 11.3 0 0 0 22.5 21.7 99 110 4.2 -6.4
"12" "10" 2017-01-27 26.35 "NOP" "" "SAS" "W" 16 0 22.3 0.776 0.75 9.4 21.1 15.5 10.9 2.2 7.6 0 12.2 173 99 12.5 11.1
"13" "11" 2017-01-29 26.36 "NOP" "" "WAS" "L" -13 0 22.35 0.683 0.833 9.5 10.2 9.9 15.8 0 0 29.1 21.2 95 122 6.2 -4.2
"14" "12" 2017-01-31 26.36 "NOP" "@" "TOR" "L" -2 0 24.6333333333333 0.333 0.333 8 9.2 8.5 0 2.2 0 25 15.2 65 113 0 -14
"15" "13" 2017-02-01 26.37 "NOP" "@" "DET" "L" -20 0 12.1166666666667 NA NA 0 32.1 15.4 0 0 0 100 3.9 0 122 -0.5 -11.2
"16" "14" 2017-02-04 26.38 "NOP" "@" "WAS" "L" -14 0 5.13333333333333 0 0 0 0 0 50.5 0 0 0 8.6 76 116 0.7 3.9
"17" "15" 2017-02-06 26.38 "NOP" "" "PHO" "W" 5 0 5.51666666666667 0 0 0 18.1 9 0 0 0 66.7 22.8 0 106 -2.8 -31.7
"18" "16" 2017-02-08 26.39 "NOP" "" "UTA" "L" -33 0 19.6666666666667 0.387 0.333 5.7 23.2 14.4 15 2.6 0 0 9.4 108 133 4 -3.2
"19" "17" 2017-02-10 26.39 "NOP" "@" "MIN" "W" 16 0 19.0166666666667 0.333 0.333 25.2 5.4 13.1 5.9 2.6 0 50 14 74 110 -0.2 -11.1
"20" "18" 2017-02-12 26.4 "NOP" "@" "SAC" "L" -6 0 21.9333333333333 0.451 0.333 5 40.3 21.4 14.8 2.2 4.7 27.9 21.8 78 98 5.3 -3.9
"21" "19" 2017-02-13 26.4 "NOP" "@" "PHO" "W" 2 0 17.5166666666667 0.333 0.333 7.8 36.5 24 8.7 0 0 14.3 17.5 73 102 2 -8.3
"22" "20" 2017-02-15 26.41 "NOP" "@" "MEM" "W" 4 0 22.0833333333333 0.63 0.667 0 4.6 2.5 13.3 2.3 0 0 10.7 138 101 5 1.3
"23" "21" 2017-02-23 26.43 "NOP" "" "HOU" "L" -30 0 10.0333333333333 0.872 0.833 0 21.3 10.4 0 0 0 36.8 22.2 91 129 2.1 -7.4
"24" "" 2017-02-25 26.43 "NOP" "@" "DAL" "L" -13 NA NA NA NA NA NA NA NA NA NA NA NA NA NA NA NA
"25" "22" 2017-02-26 26.44 "NOP" "@" "OKC" "L" -8 0 22.9833333333333 0.347 0.333 4.7 14.2 9.5 0 2.1 0 0 17 80 120 2.8 -9.4
"26" "23" 2017-03-01 26.44 "NOP" "" "DET" "W" 23 0 5.58333333333333 0 0 24.6 50.6 41.7 0 0 0 33.3 25.3 28 72 -0.5 -21.5
"27" "" 2017-03-03 26.45 "NOP" "" "SAS" "L" -3 NA NA NA NA NA NA NA NA NA NA NA NA NA NA NA NA
"28" "" 2017-03-05 26.45 "NOP" "@" "LAL" "W" 8 NA NA NA NA NA NA NA NA NA NA NA NA NA NA NA NA
"29" "24" 2017-03-06 26.46 "NOP" "@" "UTA" "L" -5 0 4.28333333333333 NA NA 0 0 0 0 0 0 NA 0 0 106 0 -5.7
"30" "25" 2017-03-08 26.46 "NOP" "" "TOR" "L" -7 0 6.31666666666667 0 0 54.3 38 46.3 0 0 13.8 25 30.5 45 93 -0.1 -17.7
"31" "" 2017-03-11 26.47 "NOP" "@" "CHO" "W" 3 NA NA NA NA NA NA NA NA NA NA NA NA NA NA NA NA
"32" "26" 2017-03-14 26.48 "NOP" "" "POR" "W" 23 0 2.23333333333333 NA NA 0 40.6 22.2 0 0 0 NA 0 0 81 0.3 -2.5
"33" "" 2017-03-15 26.48 "NOP" "@" "MIA" "L" -8 NA NA NA NA NA NA NA NA NA NA NA NA NA NA NA NA
"34" "" 2017-03-17 26.49 "NOP" "" "HOU" "W" 16 NA NA NA NA NA NA NA NA NA NA NA NA NA NA NA NA
"35" "27" 2017-03-19 26.49 "NOP" "" "MIN" "W" 14 0 6.06666666666667 0.515 0.667 0 0 0 0 0 13 0 27.3 92 104 2.2 -3.1
"36" "28" 2017-03-21 26.5 "NOP" "" "MEM" "W" 13 0 4.81666666666667 0 0 0 0 0 0 0 0 0 9.2 0 95 -0.7 -11.3
"37" "" 2017-03-24 26.51 "NOP" "@" "HOU" "L" -10 NA NA NA NA NA NA NA NA NA NA NA NA NA NA NA NA
"38" "29" 2017-03-26 26.51 "NOP" "@" "DEN" "W" 25 0 18.9166666666667 0.523 0.542 5 26.7 16.4 0 0 0 7.4 30.6 94 91 7.3 -3.4
"39" "" 2017-03-27 26.52 "NOP" "@" "UTA" "L" -8 NA NA NA NA NA NA NA NA NA NA NA NA NA NA NA NA
"40" "" 2017-03-29 26.52 "NOP" "" "DAL" "W" 3 NA NA NA NA NA NA NA NA NA NA NA NA NA NA NA NA
"41" "30" 2017-03-31 26.53 "NOP" "" "SAC" "W" 28 0 3.25 0 0 0 0 0 0 0 0 50 25.6 0 103 -1.7 -34.6
"42" "" 2017-04-02 26.53 "NOP" "" "CHI" "L" -7 NA NA NA NA NA NA NA NA NA NA NA NA NA NA NA NA
"43" "" 2017-04-04 26.54 "NOP" "" "DEN" "L" -3 NA NA NA NA NA NA NA NA NA NA NA NA NA NA NA NA
"44" "31" 2017-04-07 26.55 "NOP" "@" "DEN" "L" -16 0 16.35 0.376 0.25 6 0 3.5 6.7 5.8 0 0 13.5 98 116 4.6 0.5
"45" "32" 2017-04-08 26.55 "NOP" "@" "GSW" "L" -22 0 19.2166666666667 0.508 0.5 0 5.9 2.9 14.5 0 4 0 19.2 108 131 5.9 1
"46" "33" 2017-04-11 26.56 "NOP" "@" "LAL" "L" -12 0 23.7 0.457 0.286 4.6 14.5 9.4 18.4 0 3.1 18.6 21 90 111 5.9 -5
"47" "34" 2017-04-12 26.56 "NOP" "@" "POR" "W" 3 0 16.85 0.262 0.273 5.7 6.3 6 0 8.7 0 0 29.6 62 90 2.3 -11
"1" "1" 2019-04-05 28.54 "SAS" "@" "WAS" "W" 17 0 4.35 0.25 0.25 29.8 0 14.5 0 0 19.7 20 50.7 60 110 -0.4 -35.7
"2" "2" 2019-04-07 28.55 "SAS" "@" "CLE" "W" 22 0 5.83333333333333 0.532 1 0 17.1 9.8 23.7 0 0 0 14.1 111 96 0.3 -8.6
"3" "3" 2019-04-10 28.55 "SAS" "" "DAL" "W" 11 0 2.6 1 1 42.9 0 19.4 0 0 0 66.7 52.3 62 105 0 -27.5
