"Rk" "G" "Date" "Age" "Tm" "H/A" "Opp" "W/L" "By Amt" "GS" "MP" "TS%" "eFG%" "ORB%" "DRB%" "TRB%" "AST%" "STL%" "BLK%" "TOV%" "USG%" "ORtg" "DRtg" "GmSc" "BPM"
"1" "1" 2015-10-28 19.65 "DEN" "@" "HOU" "W" 20 1 37.9 0.576 0.577 0 11.5 6.8 35.2 0 0 42.7 30.2 79 95 4.7 -10
"2" "2" 2015-10-30 19.65 "DEN" "" "MIN" "L" -17 1 26.5 0.425 0.4 0 8.8 3.6 18.2 3.7 6 18.5 33.3 75 91 5.9 4.6
"3" "3" 2015-11-01 19.66 "DEN" "@" "OKC" "L" -24 1 26.8666666666667 0.214 0.214 3.5 15.8 8.4 30.1 1.9 0 22.2 28.4 53 122 -0.9 -15.2
"4" "4" 2015-11-03 19.67 "DEN" "@" "LAL" "W" 11 1 31.4666666666667 0.419 0.346 3.8 3.1 3.4 39.7 1.5 2.5 29.5 27.5 85 112 6.2 -6.8
"5" "5" 2015-11-05 19.67 "DEN" "" "UTA" "L" -12 1 29.5666666666667 0.41 0.313 3.9 21.2 12.9 19.7 0 0 23.5 20.7 78 111 3.6 -8.4
"6" "6" 2015-11-06 19.67 "DEN" "@" "GSW" "L" -15 1 30.3833333333333 0.311 0.3 3.2 10.1 6.5 26.8 5.9 2.8 16.1 32.6 65 103 5.6 -5.5
"7" "7" 2015-11-09 19.68 "DEN" "" "POR" "W" 4 1 28.3333333333333 0.597 0.542 4.6 17.3 11.8 28.4 0 5.5 11.7 27.5 121 107 15.1 5.4
"8" "8" 2015-11-11 19.69 "DEN" "" "MIL" "W" 1 1 35.3 0.41 0.344 3.5 9.1 5.9 46.5 1.6 0 4.9 26.9 116 121 14.2 -2.2
"9" "9" 2015-11-13 19.69 "DEN" "" "HOU" "W" 9 1 33.3666666666667 0.1 0.1 3.3 10.3 6.7 44.5 2.9 6 47.4 24.2 46 95 -1.7 -11.3
"10" "10" 2015-11-14 19.7 "DEN" "@" "PHO" "L" -24 1 24.3666666666667 0.361 0.361 0 22.9 9.9 8.9 0 3.3 14.3 37.1 64 104 2.7 -7
"11" "11" 2015-11-17 19.7 "DEN" "@" "NOP" "W" 17 1 33.3833333333333 0.392 0.357 4 7.2 5.7 30.4 1.6 4.8 11.5 24 105 109 10.7 -3.1
"12" "12" 2015-11-18 19.71 "DEN" "@" "SAS" "L" -11 1 26.8333333333333 0.201 0.167 3.1 8.3 5.4 36.4 0 0 13.9 23.1 63 124 0.8 -13
"13" "13" 2015-11-20 19.71 "DEN" "" "PHO" "L" -7 1 29.0666666666667 0.681 0.656 3.6 9.7 6.2 33.7 5.2 3.2 23.9 36.8 108 112 19.7 9.7
"14" "14" 2015-11-22 19.72 "DEN" "" "GSW" "L" -13 1 32.7 0.373 0.31 3.1 3.8 3.4 41.7 1.4 2.4 11.6 31.4 86 116 9.2 -2.8
"15" "15" 2015-11-24 19.72 "DEN" "" "LAC" "L" -17 1 23.5666666666667 0.438 0.438 5.1 8 6.7 32.7 2.1 0 27.3 21 81 114 3.1 -3.7
"16" "16" 2015-11-27 19.73 "DEN" "" "SAS" "L" -11 1 28.8333333333333 0.294 0.214 3.7 9.8 6.3 19.2 0 0 11.5 28.6 66 105 0.6 -11.1
"17" "17" 2015-11-28 19.73 "DEN" "@" "DAL" "L" -11 1 34.2833333333333 0.358 0.333 0 15.6 8 24.4 1.5 0 10.7 25.6 78 104 4.4 -7.6
"18" "18" 2015-11-30 19.74 "DEN" "@" "MIL" "L" -18 1 28.5166666666667 0.392 0.318 0 4.1 2.1 29.3 1.9 0 28.2 28.7 67 105 1.4 -8.7
"19" "19" 2015-12-02 19.75 "DEN" "@" "CHI" "L" -9 1 30.2833333333333 0.144 0.154 2.6 6.2 4.3 33.8 3.3 2.2 12.6 22.9 49 103 1.4 -8.9
"20" "20" 2015-12-03 19.75 "DEN" "@" "TOR" "W" 1 1 31.5833333333333 0.278 0.278 0 10.1 5.6 39.1 0 0 25 18.3 78 118 2.9 -9.5
"21" "21" 2015-12-05 19.75 "DEN" "@" "PHI" "W" 3 1 31.45 0.388 0.375 6.6 11.2 8.8 29.6 1.5 0 35.2 26.4 70 109 2.9 -12.1
"22" "22" 2015-12-08 19.76 "DEN" "" "ORL" "L" -11 1 21.9833333333333 0.51 0.4 8.1 4.6 6.5 37 2.2 3 46 21.6 71 87 4.1 -3.3
"23" "23" 2015-12-11 19.77 "DEN" "" "MIN" "W" 3 1 12.1666666666667 0.2 0.2 0 17.4 9.4 12.9 0 0 28.6 27.1 37 110 -2.6 -24.5
"24" "" 2015-12-14 19.78 "DEN" "" "HOU" "W" 6 NA NA NA NA NA NA NA NA NA NA NA NA NA NA NA NA
"25" "" 2015-12-15 19.78 "DEN" "@" "MIN" "W" 12 NA NA NA NA NA NA NA NA NA NA NA NA NA NA NA NA
"26" "" 2015-12-18 19.79 "DEN" "@" "UTA" "L" -9 NA NA NA NA NA NA NA NA NA NA NA NA NA NA NA NA
"27" "" 2015-12-20 19.79 "DEN" "" "NOP" "L" -5 NA NA NA NA NA NA NA NA NA NA NA NA NA NA NA NA
"28" "" 2015-12-22 19.8 "DEN" "" "LAL" "L" -4 NA NA NA NA NA NA NA NA NA NA NA NA NA NA NA NA
"29" "" 2015-12-23 19.8 "DEN" "@" "PHO" "W" 8 NA NA NA NA NA NA NA NA NA NA NA NA NA NA NA NA
"30" "" 2015-12-26 19.81 "DEN" "@" "SAS" "L" -15 NA NA NA NA NA NA NA NA NA NA NA NA NA NA NA NA
"31" "" 2015-12-27 19.81 "DEN" "@" "OKC" "L" -10 NA NA NA NA NA NA NA NA NA NA NA NA NA NA NA NA
"32" "" 2015-12-29 19.82 "DEN" "" "CLE" "L" -6 NA NA NA NA NA NA NA NA NA NA NA NA NA NA NA NA
"33" "" 2015-12-30 19.82 "DEN" "@" "POR" "L" -7 NA NA NA NA NA NA NA NA NA NA NA NA NA NA NA NA
"34" "" 2016-01-02 19.83 "DEN" "@" "GSW" "L" -3 NA NA NA NA NA NA NA NA NA NA NA NA NA NA NA NA
"35" "" 2016-01-03 19.83 "DEN" "" "POR" "L" -6 NA NA NA NA NA NA NA NA NA NA NA NA NA NA NA NA
"36" "" 2016-01-06 19.84 "DEN" "@" "MIN" "W" 4 NA NA NA NA NA NA NA NA NA NA NA NA NA NA NA NA
"37" "" 2016-01-08 19.85 "DEN" "@" "MEM" "L" -7 NA NA NA NA NA NA NA NA NA NA NA NA NA NA NA NA
"38" "24" 2016-01-10 19.85 "DEN" "" "CHO" "W" 3 1 38.8333333333333 0.367 0.367 0 11 5.9 28.7 2.7 2.6 21.1 23.5 73 101 6.6 -6.1
"39" "25" 2016-01-13 19.86 "DEN" "" "GSW" "W" 2 0 16.7833333333333 0.254 0.143 0 13.3 6.5 16.8 2.9 0 11.3 21.8 63 108 0.7 -11
"40" "26" 2016-01-15 19.87 "DEN" "" "MIA" "L" -3 0 25.65 0.627 0.545 0 4.7 2.4 33.1 0 2.7 13.6 27 112 109 12.1 6.3
"41" "27" 2016-01-17 19.87 "DEN" "" "IND" "W" 3 1 36.8 0.37 0.4 0 15.3 7 19.2 3.9 2.1 34.1 21.5 66 121 2.3 -11.5
"42" "28" 2016-01-19 19.88 "DEN" "" "OKC" "L" -6 1 33.2333333333333 0.381 0.357 0 8.3 4.3 46.8 0 0 14.9 25 86 113 7 -4.3
"43" "29" 2016-01-21 19.88 "DEN" "" "MEM" "L" -1 1 32.9333333333333 0.504 0.538 0 12.9 5.7 42.8 0 0 6.7 21.4 111 117 11.2 0.4
"44" "30" 2016-01-23 19.89 "DEN" "" "DET" "W" 3 1 34.5166666666667 0.51 0.433 0 13.9 6.7 20.1 1.5 2.5 18.5 30.5 89 110 10 -6.6
"45" "31" 2016-01-25 19.89 "DEN" "" "ATL" "L" -14 1 30.4 0.36 0.346 0 3.9 1.9 35.5 1.6 0 17.8 23.1 77 124 3.8 -8.5
"46" "32" 2016-01-27 19.9 "DEN" "@" "BOS" "L" -8 1 26.1833333333333 0.553 0.45 0 6.9 3.6 25.6 0 0 29.8 26 87 115 4.8 -7.8
"47" "33" 2016-01-28 19.9 "DEN" "@" "WAS" "W" 4 1 31.2 0.601 0.536 0 14 7.7 20.4 3.1 0 19.4 28.7 103 112 13 -2.7
"48" "34" 2016-01-30 19.91 "DEN" "@" "IND" "L" -4 1 36.5833333333333 0.451 0.4 0 14.2 7.7 33.9 0 0 24.7 20.1 85 108 7.1 -5
"49" "35" 2016-02-01 19.91 "DEN" "" "TOR" "W" 19 1 23.8666666666667 0.333 0.333 0 0 0 39.3 4.1 3.8 14.3 13 107 93 7.5 6.1
"50" "36" 2016-02-03 19.92 "DEN" "@" "UTA" "L" -4 1 32.5166666666667 0.356 0.3 0 3.7 1.9 41.1 3.4 0 19.2 23.4 75 100 5.1 -2.4
"51" "37" 2016-02-05 19.92 "DEN" "" "CHI" "W" 5 1 38.85 0.482 0.472 0 0 0 21.2 2.5 3.1 8.1 26.4 102 110 14.7 0.3
"52" "38" 2016-02-07 19.93 "DEN" "@" "NYK" "W" 5 1 31.7666666666667 0.38 0.389 0 12.9 6.4 48.7 0 0 0 28.3 97 110 11.1 1.6
"53" "39" 2016-02-08 19.93 "DEN" "@" "BRK" "L" -1 1 35.4666666666667 0.322 0.3 3.1 17.8 10 28.5 2.9 0 26.9 18.7 77 111 6.2 -7.4
"54" "40" 2016-02-10 19.94 "DEN" "@" "DET" "W" 11 1 33.9833333333333 0.526 0.542 0 12.3 6.3 27.8 2.9 2.3 13.1 20.5 101 94 12.9 2.6
"55" "41" 2016-02-19 19.96 "DEN" "@" "SAC" "L" -6 1 30.25 0.286 0.286 0 7.6 3.6 17.8 4.4 0 26.3 25.2 53 104 0.4 -12.3
"56" "42" 2016-02-21 19.97 "DEN" "" "BOS" "L" -20 1 30.5833333333333 0.773 0.667 4 14 9.3 18 3 0 25.6 21.9 119 115 14.5 4.3
"57" "43" 2016-02-23 19.97 "DEN" "" "SAC" "L" -4 1 26.3333333333333 0.423 0.423 0 0 0 22.9 1.7 2.8 0 19.5 98 109 7.6 -0.6
"58" "44" 2016-02-24 19.98 "DEN" "@" "LAC" "W" 6 1 30.4333333333333 0.155 0.083 3 12.1 7.6 29.2 1.6 0 0 17.9 63 87 2.3 -4.8
"59" "45" 2016-02-26 19.98 "DEN" "@" "DAL" "L" -6 1 26.3166666666667 0.34 0.2 0 9.8 4.3 29.5 2 0 40.5 16.4 71 120 1.5 -8.7
"60" "46" 2016-02-29 19.99 "DEN" "" "MEM" "L" -7 1 32.9333333333333 0.444 0.444 0 20.2 10.9 28.6 0 5.3 30.8 19.3 85 111 5.5 -4.1
"61" "47" 2016-03-02 19.99 "DEN" "" "LAL" "W" 10 1 33.6166666666667 0.527 0.55 8.9 7 7.8 42.1 0 3 8.7 30.9 114 119 16 -0.1
"62" "48" 2016-03-04 20 "DEN" "" "BRK" "L" -1 1 32.9333333333333 0.655 0.594 11.2 11.8 11.5 35.7 3.2 2.3 13.6 29.1 134 116 23 9.7
"63" "49" 2016-03-06 20 "DEN" "" "DAL" "W" 2 1 39.7166666666667 0.366 0.357 0 10.9 5.1 29.7 2.5 5.1 8.4 24.7 89 105 10.7 1.4
"64" "50" 2016-03-08 20.01 "DEN" "" "NYK" "W" 16 1 30.8333333333333 0.377 0.342 0 27.2 12.4 21.8 0 0 4.8 28.7 86 101 8.3 -5.7
"65" "51" 2016-03-10 20.01 "DEN" "" "PHO" "W" 18 1 34.3166666666667 0.734 0.75 0 5.2 2.8 27.1 0 2.3 16.4 31 119 109 20 4.7
"66" "52" 2016-03-12 20.02 "DEN" "" "WAS" "W" 16 1 22.2333333333333 0.506 0.444 0 0 0 12.9 2.1 0 28.8 26.3 79 104 2.1 -11.8
"67" "53" 2016-03-14 20.02 "DEN" "@" "MIA" "L" -5 1 32.8666666666667 0.542 0.526 0 13.3 6 40.7 0 0 19.1 33.6 108 132 14.6 -2.2
"68" "54" 2016-03-15 20.03 "DEN" "@" "ORL" "L" -6 1 27.3833333333333 0.543 0.5 0 9.7 4.9 22.4 0 0 18.9 26.1 98 124 6.8 -7
"69" "55" 2016-03-17 20.03 "DEN" "@" "ATL" "L" -18 1 23.2166666666667 0.44 0.318 0 11.2 5.2 12.6 2.2 0 6.8 27.9 94 121 6.7 -3.9
"70" "56" 2016-03-19 20.04 "DEN" "@" "CHO" "W" 8 1 34.3166666666667 0.31 0.281 6.4 15.5 11 17.3 0 0 5.3 23.8 84 105 4.9 -7.3
"71" "57" 2016-03-21 20.04 "DEN" "@" "CLE" "L" -33 1 26.45 0.21 0.136 4 11 7 18 1.9 0 14.4 23.3 55 133 -0.3 -14.9
"72" "58" 2016-03-23 20.05 "DEN" "" "PHI" "W" 1 1 42.0333333333333 0.536 0.5 2.6 24.3 13.8 21.2 0 2 3.8 27.3 110 107 20.3 2.1
"73" "59" 2016-03-25 20.05 "DEN" "@" "LAL" "W" 11 1 21.15 0.461 0.375 0 16.2 7.5 17.8 2.3 0 9.3 21.5 100 107 7.2 -4.6
"74" "60" 2016-03-27 20.06 "DEN" "@" "LAC" "L" -15 1 22.5833333333333 0.133 0.133 4.5 5.2 4.8 6.5 2.4 4.1 11.8 31.5 39 121 -5.1 -22.1
"75" "61" 2016-03-28 20.06 "DEN" "" "DAL" "L" -9 1 35.45 0.587 0.5 0 17.3 10.4 39.1 1.5 0 22.7 24 106 110 12.4 1.5
"76" "62" 2016-03-30 20.07 "DEN" "@" "MEM" "W" 4 1 30.8833333333333 0.535 0.5 0 6.1 3.5 27.1 0 2 23.9 31.6 94 120 7.9 -6.3
"77" "63" 2016-03-31 20.07 "DEN" "@" "NOP" "L" -6 1 25.8666666666667 0.542 0.542 0 8.1 4.1 27.8 2 0 0 21.5 114 113 10.2 1.8
"78" "64" 2016-04-02 20.08 "DEN" "" "SAC" "L" -9 1 29.1666666666667 0.419 0.412 3.2 7.2 5 32.8 0 0 18.3 32 84 126 4.2 -13
"79" "65" 2016-04-05 20.08 "DEN" "" "OKC" "L" -22 1 27.05 0.476 0.464 0 8.7 3.8 26.9 1.8 0 24.1 32.6 76 126 5.4 -10.4
"80" "66" 2016-04-08 20.09 "DEN" "" "SAS" "W" 4 1 36.3166666666667 0.648 0.633 0 16.9 8.6 22.5 1.4 1.9 16.3 23.1 112 103 16.3 5.1
"81" "67" 2016-04-10 20.1 "DEN" "" "UTA" "L" -16 1 37.5166666666667 0.594 0.594 0 8.3 4.3 29.4 1.4 0 11.1 23.2 107 118 13.6 3.4
"82" "68" 2016-04-13 20.11 "DEN" "@" "POR" "L" -8 1 36.8833333333333 0.523 0.5 0 11.3 5.3 30.4 0 0 14.3 29.8 105 116 14.3 -1.6
"1" "1" 2016-10-26 20.64 "DEN" "@" "NOP" "W" 5 1 28.1 0.477 0.25 0 23 13.1 15.3 1.6 0 34.2 24.6 75 95 3 -9.3
"2" "2" 2016-10-29 20.65 "DEN" "" "POR" "L" -2 1 38.3166666666667 0.464 0.4 0 19.4 9.1 19.5 3.6 0 18.1 28.5 86 97 11.1 -0.6
"3" "3" 2016-10-31 20.66 "DEN" "@" "TOR" "L" -3 1 32.9166666666667 0.426 0.382 3.4 15.9 9.8 24.1 0 2 9.6 29 94 116 9.4 -3
"4" "4" 2016-11-03 20.67 "DEN" "@" "MIN" "W" 3 1 32.8833333333333 0.304 0.222 0 17.2 10.1 13.2 7.3 0 23.3 33.6 56 86 2.7 -10.2
"5" "5" 2016-11-05 20.67 "DEN" "@" "DET" "L" -17 1 24.1333333333333 0.298 0 0 9.7 4.2 19.2 2.1 0 28.4 23.6 57 108 -0.4 -11.8
"6" "6" 2016-11-06 20.67 "DEN" "@" "BOS" "W" 16 1 38.5666666666667 0.743 0.694 6.7 15.2 11.6 8.2 1.2 1.9 25.7 29.5 113 108 19.9 2.4
"7" "7" 2016-11-08 20.68 "DEN" "@" "MEM" "L" -1 1 35.75 0.661 0.577 0 13.1 7.6 36.7 0 0 28.7 30.6 105 114 13.4 -3.4
"8" "8" 2016-11-10 20.68 "DEN" "" "GSW" "L" -24 1 24.4666666666667 0.333 0.333 3.8 16.3 8.9 26 2 0 16.7 29.6 74 127 3.1 -8.1
"9" "9" 2016-11-12 20.69 "DEN" "" "DET" "L" -11 1 26.4333333333333 0.603 0.571 9.1 14 11.5 14.5 4 5 24.1 35.1 103 109 12.5 9.4
"10" "10" 2016-11-13 20.69 "DEN" "@" "POR" "L" -7 1 29.5333333333333 0.237 0.219 0 5.7 3.2 0 0 0 10.6 25.2 53 117 -4.6 -17
"11" "11" 2016-11-16 20.7 "DEN" "" "PHO" "W" 16 1 37.6666666666667 0.43 0.412 6.1 9.1 7.6 21.2 2.6 0 0 18.9 117 105 14 1
"12" "12" 2016-11-18 20.71 "DEN" "" "TOR" "L" -2 1 45.75 0.623 0.588 0 12.4 6.7 38 1.1 0 19.9 24.4 107 105 18.8 1.7
"13" "13" 2016-11-20 20.71 "DEN" "" "UTA" "W" 14 1 32.4166666666667 0.385 0.385 0 20.3 10.6 34.2 0 0 0 18 106 100 10.6 0.2
"14" "14" 2016-11-22 20.72 "DEN" "" "CHI" "W" 3 1 26.5333333333333 0.317 0.214 0 3.8 1.8 13.2 0 0 20.2 15.2 71 117 0.5 -12.1
"15" "15" 2016-11-23 20.72 "DEN" "@" "UTA" "L" -25 1 17.9 0.169 0.125 0 0 0 10.6 0 0 10.1 23.7 39 115 -2.9 -16.6
"16" "16" 2016-11-25 20.73 "DEN" "" "OKC" "L" -3 1 30.1166666666667 0.672 0.65 3.8 7.7 5.7 22.4 1.6 0 7.3 18.6 139 122 16 5.6
"17" "17" 2016-11-27 20.73 "DEN" "@" "PHO" "W" 6 1 36.5833333333333 0.546 0.423 2.8 8.2 5.5 24.3 0 0 10.3 22.1 117 115 13.3 -2.1
"18" "18" 2016-11-30 20.74 "DEN" "" "MIA" "L" -8 1 35.6833333333333 0.284 0.273 5.3 15.5 10.4 27.7 0 1.9 24.5 18.2 68 108 4.5 -6
"19" "19" 2016-12-02 20.75 "DEN" "" "HOU" "L" -18 1 29.0833333333333 0.349 0.292 3 8.3 5.2 20.1 0 0 7.2 18 103 135 4 -8.1
"20" "20" 2016-12-03 20.75 "DEN" "@" "UTA" "L" -7 1 21.5166666666667 0.545 0.545 0 18.1 8.7 0 2.4 8.4 0 23.8 106 108 9.2 6.6
"21" "21" 2016-12-05 20.75 "DEN" "@" "PHI" "W" 8 1 21.2 0.291 0.167 0 4.8 2.5 0 0 0 30.4 20.3 44 112 -2.9 -20.6
"22" "22" 2016-12-07 20.76 "DEN" "@" "BRK" "L" -5 1 18.3 0.255 0.2 4.5 6.2 5.2 7.1 0 0 0 23.5 79 121 0.3 -13.5
"23" "" 2016-12-08 20.76 "DEN" "@" "WAS" "L" -7 NA NA NA NA NA NA NA NA NA NA NA NA NA NA NA NA
"24" "23" 2016-12-10 20.77 "DEN" "@" "ORL" "W" 8 1 22.6333333333333 0.333 0.333 0 15.9 8.5 9.9 0 0 14.3 14 76 120 1.1 -12.1
"25" "24" 2016-12-12 20.77 "DEN" "@" "DAL" "L" -20 1 30.6333333333333 0.618 0.625 0 10.1 4.1 24.5 0 3.1 22.5 26 107 138 9.9 -0.1
"26" "25" 2016-12-15 20.78 "DEN" "" "POR" "W" 12 1 21.7666666666667 0.727 0.667 0 0 0 24.2 2.1 0 36.8 21 101 122 6 -2.1
"27" "26" 2016-12-17 20.79 "DEN" "" "NYK" "W" 13 1 31.6666666666667 0.733 0.733 0 27.2 14 21.8 1.6 0 6.3 21.5 147 116 20.3 8.2
"28" "27" 2016-12-19 20.79 "DEN" "" "DAL" "W" 10 1 33.4333333333333 0.692 0.692 0 15.1 8.2 28.8 0 0 7.1 20.3 140 121 16 3.4
"29" "28" 2016-12-20 20.79 "DEN" "@" "LAC" "L" -17 1 26.05 0 0 7.8 15.4 11.1 4.7 1.9 0 18.2 18.3 20 123 -5.1 -21.1
"30" "29" 2016-12-23 20.8 "DEN" "" "ATL" "L" -1 1 27.5 0.685 0.438 0 10.9 6.1 27.5 0 0 13.9 23.2 133 116 14.6 3.6
"31" "30" 2016-12-26 20.81 "DEN" "@" "LAC" "W" 4 1 18.0833333333333 0.571 0.571 0 12.1 6 0 5.5 0 33.7 29.1 68 98 2.3 -7.4
"32" "31" 2016-12-28 20.82 "DEN" "" "MIN" "W" 2 1 27.05 0.55 0.55 5.1 3.9 4.4 26.8 2 0 16.7 20.8 109 118 8.7 -1
"33" "32" 2016-12-30 20.82 "DEN" "" "PHI" "L" -2 1 29.2333333333333 0.758 0.773 4.1 10.1 7.4 29.8 1.7 0 0 21.3 161 127 20.4 10.8
"34" "33" 2017-01-02 20.83 "DEN" "@" "GSW" "L" -8 1 30.6666666666667 0.364 0.364 0 7.1 3.4 15 1.5 0 8.3 15.3 89 126 4.5 -8.1
"35" "34" 2017-01-03 20.83 "DEN" "" "SAC" "L" -7 1 27.55 0.313 0.313 5.4 5.3 5.4 27.9 0 0 11.1 15.4 97 131 4 -8.9
"36" "35" 2017-01-05 20.84 "DEN" "" "SAS" "L" -28 1 28.0666666666667 0.4 0.4 0 5 2.2 26.6 0 2.6 16.7 19.3 84 138 5.1 -6.8
"37" "36" 2017-01-07 20.84 "DEN" "@" "OKC" "L" -15 1 25.9666666666667 0 0 3.2 0 1.8 18.5 1.8 0 18.2 16.7 27 119 -4.6 -16.6
"38" "37" 2017-01-12 20.86 "DEN" "" "IND" "W" 28 1 21.5833333333333 0.571 0.571 0 9.5 5.5 34.3 4.4 3.4 20.2 19.1 124 106 9.9 5.5
"39" "38" 2017-01-16 20.87 "DEN" "" "ORL" "W" 13 1 36.95 0.654 0.583 0 7 3.6 38.2 2.6 2.1 22.5 21.1 126 112 18.8 4.9
"40" "39" 2017-01-17 20.87 "DEN" "@" "LAL" "W" 6 1 27.7333333333333 0.841 0.857 0 6.7 3.9 25.1 3.4 0 26.5 16.8 134 119 14.5 6.6
"41" "40" 2017-01-19 20.88 "DEN" "@" "SAS" "L" -14 1 25.8 0.551 0.5 0 4.9 2.2 12.6 3.7 0 21.6 22 88 117 6.5 -2.4
"42" "41" 2017-01-21 20.88 "DEN" "" "LAC" "W" 25 1 16.6166666666667 0.154 0 8.3 6.4 7.2 18.8 0 0 9.3 28.7 60 111 -1.3 -21.4
"43" "" 2017-01-22 20.88 "DEN" "@" "MIN" "L" -3 NA NA NA NA NA NA NA NA NA NA NA NA NA NA NA NA
"44" "" 2017-01-24 20.89 "DEN" "" "UTA" "W" 10 NA NA NA NA NA NA NA NA NA NA NA NA NA NA NA NA
"45" "" 2017-01-26 20.9 "DEN" "" "PHO" "W" 7 NA NA NA NA NA NA NA NA NA NA NA NA NA NA NA NA
"46" "" 2017-01-28 20.9 "DEN" "@" "PHO" "W" 11 NA NA NA NA NA NA NA NA NA NA NA NA NA NA NA NA
"47" "" 2017-01-31 20.91 "DEN" "@" "LAL" "L" -4 NA NA NA NA NA NA NA NA NA NA NA NA NA NA NA NA
"48" "42" 2017-02-01 20.91 "DEN" "" "MEM" "L" -20 0 25.65 0.486 0.4 8.1 16.6 12.3 53.4 0 0 12.2 27.3 109 126 11.7 -0.3
"49" "43" 2017-02-03 20.92 "DEN" "" "MIL" "W" 4 0 18.15 0.2 0.2 5.3 14.7 9.2 21.2 0 0 0 10.8 90 119 2.3 -8.4
"50" "44" 2017-02-04 20.92 "DEN" "@" "SAS" "L" -24 0 20.45 0.276 0.2 5 21.3 11.7 25.9 2.4 0 8.4 23.8 83 122 3.4 -6.6
"51" "" 2017-02-06 20.93 "DEN" "" "DAL" "W" 23 NA NA NA NA NA NA NA NA NA NA NA NA NA NA NA NA
"52" "" 2017-02-08 20.93 "DEN" "@" "ATL" "L" -11 NA NA NA NA NA NA NA NA NA NA NA NA NA NA NA NA
"53" "" 2017-02-10 20.94 "DEN" "@" "NYK" "W" 8 NA NA NA NA NA NA NA NA NA NA NA NA NA NA NA NA
"54" "" 2017-02-11 20.94 "DEN" "@" "CLE" "L" -16 NA NA NA NA NA NA NA NA NA NA NA NA NA NA NA NA
"55" "" 2017-02-13 20.95 "DEN" "" "GSW" "W" 22 NA NA NA NA NA NA NA NA NA NA NA NA NA NA NA NA
"56" "" 2017-02-15 20.95 "DEN" "" "MIN" "L" -13 NA NA NA NA NA NA NA NA NA NA NA NA NA NA NA NA
"57" "" 2017-02-23 20.97 "DEN" "@" "SAC" "L" -16 NA NA NA NA NA NA NA NA NA NA NA NA NA NA NA NA
"58" "45" 2017-02-24 20.98 "DEN" "" "BRK" "W" 20 0 4.88333333333333 0.532 0 0 0 0 20.1 9.1 18.5 34.7 23.5 90 76 2.7 12.6
"59" "" 2017-02-26 20.98 "DEN" "" "MEM" "L" -7 NA NA NA NA NA NA NA NA NA NA NA NA NA NA NA NA
"60" "" 2017-02-28 20.99 "DEN" "@" "CHI" "W" 18 NA NA NA NA NA NA NA NA NA NA NA NA NA NA NA NA
"61" "46" 2017-03-01 20.99 "DEN" "@" "MIL" "W" 12 0 17.7333333333333 0.5 0.5 0 26.4 13.7 9 0 0 10 25.3 103 111 5.2 -5.1
"62" "" 2017-03-04 21 "DEN" "" "CHO" "L" -10 NA NA NA NA NA NA NA NA NA NA NA NA NA NA NA NA
"63" "" 2017-03-06 21 "DEN" "" "SAC" "W" 12 NA NA NA NA NA NA NA NA NA NA NA NA NA NA NA NA
"64" "47" 2017-03-08 21.01 "DEN" "" "WAS" "L" -10 0 7.73333333333333 0.4 0.4 0 16.8 7.6 18.5 0 0 16.7 33.7 74 127 0.9 -18
"65" "" 2017-03-10 21.01 "DEN" "" "BOS" "W" 20 NA NA NA NA NA NA NA NA NA NA NA NA NA NA NA NA
"66" "" 2017-03-11 21.02 "DEN" "@" "SAC" "W" 13 NA NA NA NA NA NA NA NA NA NA NA NA NA NA NA NA
"67" "48" 2017-03-13 21.02 "DEN" "" "LAL" "W" 28 0 2.63333333333333 NA NA 0 0 0 40.5 0 0 NA 0 238 110 0.7 3.7
"68" "" 2017-03-16 21.03 "DEN" "" "LAC" "W" 15 NA NA NA NA NA NA NA NA NA NA NA NA NA NA NA NA
"69" "" 2017-03-18 21.04 "DEN" "" "HOU" "L" -4 NA NA NA NA NA NA NA NA NA NA NA NA NA NA NA NA
"70" "49" 2017-03-20 21.04 "DEN" "@" "HOU" "L" -1 0 9.96666666666667 0.82 0.75 0 10.5 5.8 0 0 0 17 24.3 129 124 4.5 1.4
"71" "" 2017-03-22 21.05 "DEN" "" "CLE" "W" 13 NA NA NA NA NA NA NA NA NA NA NA NA NA NA NA NA
"72" "" 2017-03-24 21.05 "DEN" "@" "IND" "W" 8 NA NA NA NA NA NA NA NA NA NA NA NA NA NA NA NA
"73" "50" 2017-03-26 21.06 "DEN" "" "NOP" "L" -25 0 7.48333333333333 0.333 0.333 0 12.6 5.9 43.4 0 0 25 23.3 66 116 1 -7.4
"74" "" 2017-03-28 21.06 "DEN" "@" "POR" "L" -9 NA NA NA NA NA NA NA NA NA NA NA NA NA NA NA NA
"75" "" 2017-03-31 21.07 "DEN" "@" "CHO" "L" -8 NA NA NA NA NA NA NA NA NA NA NA NA NA NA NA NA
"76" "51" 2017-04-02 21.08 "DEN" "@" "MIA" "W" 3 0 31.5 0.634 0.444 0 14.9 7.5 36.2 0 2.5 13 22 130 120 17.3 3.8
"77" "52" 2017-04-04 21.08 "DEN" "@" "NOP" "W" 3 0 28.6666666666667 0.436 0.4 0 0 0 26.3 0 0 5.5 25.8 115 135 8.8 -6
"78" "53" 2017-04-05 21.08 "DEN" "@" "HOU" "L" -6 0 15.6666666666667 0.444 0.2 10.8 24.5 17.2 24.2 2.8 0 22.8 21.7 93 99 5.8 0.3
"79" "54" 2017-04-07 21.09 "DEN" "" "NOP" "W" 16 0 18.0666666666667 0.765 0.8 7.8 5.4 6.4 30.3 2.6 0 14.5 16.2 149 105 9.3 8.1
"80" "55" 2017-04-09 21.1 "DEN" "" "OKC" "L" -1 0 24.15 0.7 0.7 5 14.2 10.4 22.9 2 0 23.1 25.2 110 107 11.4 2.2
"81" "" 2017-04-11 21.1 "DEN" "@" "DAL" "W" 18 NA NA NA NA NA NA NA NA NA NA NA NA NA NA NA NA
"82" "" 2017-04-12 21.1 "DEN" "@" "OKC" "W" 6 NA NA NA NA NA NA NA NA NA NA NA NA NA NA NA NA
"1" "1" 2017-10-18 21.62 "DEN" "@" "UTA" "L" -10 0 18.5666666666667 0.5 0.5 0 7 3.5 18.3 0 0 0 20.2 111 116 4.9 -0.1
"2" "2" 2017-10-21 21.63 "DEN" "" "SAC" "W" 17 0 28.1 0.392 0.364 0 26.3 14.1 22.6 0 0 13.6 23 90 87 4.3 -8.5
"3" "3" 2017-10-23 21.64 "DEN" "" "WAS" "L" -5 0 19.0333333333333 0.697 0.667 0 16.8 9.2 9.6 2.5 0 31.7 35.1 87 106 7.1 -1.3
"4" "4" 2017-10-25 21.64 "DEN" "@" "CHO" "L" -17 0 14 0.113 0 11.8 15.9 13.6 9 0 0 18.4 31.2 36 117 -3.7 -24
"5" "5" 2017-10-27 21.65 "DEN" "@" "ATL" "W" 5 0 28 0.546 0.417 0 14.9 7.7 20.5 0 0 0 22.4 127 112 13.2 1.2
"6" "6" 2017-10-29 21.65 "DEN" "@" "BRK" "W" 13 0 19.0333333333333 0.582 0.583 0 12.8 7.4 39.6 0 0 13.4 34.2 109 109 9.4 -1.4
"7" "7" 2017-10-30 21.65 "DEN" "@" "NYK" "L" -6 0 19.6166666666667 0.778 0.643 0 7.2 2.9 8.8 5 0 17.2 25.5 133 116 12.3 8.7
"8" "8" 2017-11-01 21.66 "DEN" "" "TOR" "W" 18 0 26.6833333333333 0.454 0.433 4.7 8.4 6.7 29.8 3.6 0 14.5 32.9 97 110 10.4 -5.8
"9" "9" 2017-11-03 21.67 "DEN" "" "MIA" "W" 1 0 25.3833333333333 0.51 0.5 0 15.8 6.9 28.5 0 4.7 14.5 24.1 102 104 8.6 0.7
"10" "10" 2017-11-04 21.67 "DEN" "" "GSW" "L" -19 0 32.0666666666667 0.555 0.4 3.5 13.6 8.6 30.8 0 2.9 18.2 21.3 110 126 12.5 -2.2
"11" "11" 2017-11-07 21.68 "DEN" "" "BRK" "W" 8 0 21.8 0.167 0.167 9.2 4.8 7 10.5 0 0 25 14.6 54 104 -1.1 -15.5
"12" "12" 2017-11-09 21.68 "DEN" "" "OKC" "W" 8 0 29.8 1.006 1 4 19.7 12.7 32.1 0 0 22.3 19.7 147 104 19.8 14.5
"13" "13" 2017-11-11 21.69 "DEN" "" "ORL" "W" 18 0 23.0833333333333 0.482 0.458 5.1 9.2 7.3 17.5 0 0 7.4 25.2 110 117 7.2 -8.5
"14" "14" 2017-11-13 21.69 "DEN" "@" "POR" "L" -17 0 21.2 0.41 0.25 4.8 0 2.9 0 0 0 38.1 16.1 58 114 -1.5 -14.4
"15" "15" 2017-11-17 21.7 "DEN" "" "NOP" "W" 32 0 23.1833333333333 0.8 0.773 6.1 4.8 5.4 29.9 2.1 0 7.8 23.8 169 116 19.3 12.5
"16" "16" 2017-11-19 21.71 "DEN" "@" "LAL" "L" -18 0 25.2833333333333 0.465 0.333 3.8 4.4 4.1 41.3 5.5 0 15.7 20.3 115 118 11 4.2
"17" "17" 2017-11-20 21.71 "DEN" "@" "SAC" "W" 16 0 19.65 0.218 0.167 0 0 0 12.4 0 0 30.4 22.4 47 110 -2.8 -20
"18" "18" 2017-11-22 21.72 "DEN" "@" "HOU" "L" -30 0 24.95 0.085 0 0 5.3 2.2 16.5 0 0 40.5 16.4 28 133 -4.9 -21.4
"19" "19" 2017-11-24 21.72 "DEN" "" "MEM" "W" 12 0 11.3166666666667 0.509 0.583 0 0 0 15.6 0 0 22.5 33.8 83 105 1.1 -12.4
"20" "20" 2017-11-28 21.73 "DEN" "@" "UTA" "L" -29 0 18.8833333333333 0.436 0.333 0 19.6 9 33.3 2.9 4.6 42.1 29.6 61 112 1.9 -7.5
"21" "21" 2017-11-30 21.74 "DEN" "" "CHI" "W" 1 0 17.1833333333333 0.354 0.278 6.2 21.5 13.3 25.9 2.9 0 16.8 30.5 81 113 4.2 -8.1
"22" "22" 2017-12-02 21.75 "DEN" "" "LAL" "W" 15 0 14.8166666666667 0.5 0.5 7.4 13.8 10.7 21.4 3.3 0 0 23.3 115 99 7.3 6.1
"23" "23" 2017-12-04 21.75 "DEN" "@" "DAL" "L" -17 0 15.75 0.417 0.417 0 15.6 6.7 28.7 0 0 14.3 19.7 93 135 2.9 -9.7
"24" "24" 2017-12-06 21.76 "DEN" "@" "NOP" "L" -9 0 26.7666666666667 0.576 0.5 0 8.7 4 16.8 1.8 0 11.9 26.7 110 127 11.2 -0.9
"25" "25" 2017-12-08 21.76 "DEN" "@" "ORL" "W" 14 0 31.3666666666667 0.563 0.563 0 15.6 8.9 25.7 3.2 0 11.1 26.5 107 92 14.2 4.6
"26" "26" 2017-12-10 21.77 "DEN" "@" "IND" "L" -10 0 15.4333333333333 0.375 0.375 0 8.8 3.9 34.7 0 0 50 22.3 66 132 -0.3 -14.3
"27" "27" 2017-12-12 21.77 "DEN" "@" "DET" "W" 19 0 14.7166666666667 0.347 0 0 0 0 16.3 0 0 25.8 12.4 80 99 1 -7.9
"28" "28" 2017-12-13 21.78 "DEN" "@" "BOS" "L" -6 0 17.3666666666667 0.417 0.417 0 8.6 3.5 14 0 0 14.3 16.5 99 134 1.9 -10.5
"29" "29" 2017-12-15 21.78 "DEN" "" "NOP" "W" 6 0 8.41666666666667 0.5 0.5 0 0 0 56.6 0 0 33.3 31.2 87 113 1.7 -9.1
"30" "" 2017-12-18 21.79 "DEN" "@" "OKC" "L" -1 NA NA NA NA NA NA NA NA NA NA NA NA NA NA NA NA
"31" "" 2017-12-20 21.79 "DEN" "" "MIN" "L" -8 NA NA NA NA NA NA NA NA NA NA NA NA NA NA NA NA
"32" "" 2017-12-22 21.8 "DEN" "@" "POR" "W" 17 NA NA NA NA NA NA NA NA NA NA NA NA NA NA NA NA
"33" "" 2017-12-23 21.8 "DEN" "@" "GSW" "W" 15 NA NA NA NA NA NA NA NA NA NA NA NA NA NA NA NA
"34" "30" 2017-12-26 21.81 "DEN" "" "UTA" "W" 24 0 1.53333333333333 1.434 1.5 0 0 0 0 0 0 0 76.6 292 106 6.4 166.9
"35" "" 2017-12-27 21.81 "DEN" "@" "MIN" "L" -3 NA NA NA NA NA NA NA NA NA NA NA NA NA NA NA NA
"36" "" 2017-12-30 21.82 "DEN" "" "PHI" "L" -5 NA NA NA NA NA NA NA NA NA NA NA NA NA NA NA NA
"37" "31" 2018-01-03 21.83 "DEN" "" "PHO" "W" 23 0 2.01666666666667 0.833 0.833 0 0 0 100 23.5 0 0 63.9 164 65 5 64.6
"38" "" 2018-01-05 21.84 "DEN" "" "UTA" "W" 8 NA NA NA NA NA NA NA NA NA NA NA NA NA NA NA NA
"39" "" 2018-01-06 21.84 "DEN" "@" "SAC" "L" -8 NA NA NA NA NA NA NA NA NA NA NA NA NA NA NA NA
"40" "" 2018-01-08 21.85 "DEN" "@" "GSW" "L" -10 NA NA NA NA NA NA NA NA NA NA NA NA NA NA NA NA
"41" "" 2018-01-10 21.85 "DEN" "" "ATL" "L" -13 NA NA NA NA NA NA NA NA NA NA NA NA NA NA NA NA
"42" "" 2018-01-12 21.86 "DEN" "" "MEM" "W" 9 NA NA NA NA NA NA NA NA NA NA NA NA NA NA NA NA
"43" "32" 2018-01-13 21.86 "DEN" "@" "SAS" "L" -32 0 6.41666666666667 0.333 0.333 0 41.6 17.8 0 8 0 25 28.4 49 104 0.5 -10
"44" "" 2018-01-16 21.87 "DEN" "" "DAL" "W" 3 NA NA NA NA NA NA NA NA NA NA NA NA NA NA NA NA
"45" "33" 2018-01-17 21.87 "DEN" "@" "LAC" "L" -5 0 15.1 0.463 0.409 6.2 6.2 6.2 32.6 3.1 5.6 14.4 35.6 101 108 7.7 6.3
"46" "34" 2018-01-19 21.88 "DEN" "" "PHO" "L" -8 0 8.55 0.436 0.333 0 14.4 7.1 23.6 0 0 12.7 42.9 84 120 2.6 -13.1
"47" "35" 2018-01-22 21.88 "DEN" "" "POR" "W" 3 0 11.4 0.102 0 0 9.2 4.5 0 0 0 17 22 21 114 -2.9 -24.5
"48" "36" 2018-01-25 21.89 "DEN" "" "NYK" "W" 12 0 13.3833333333333 0.563 0.5 0 0 0 52.7 3.6 0 18.4 18.8 130 114 6.8 5.8
"49" "37" 2018-01-27 21.9 "DEN" "" "DAL" "W" 2 0 3.95 0.333 0.333 0 0 0 0 0 0 0 35.9 67 105 -0.1 -19.2
"50" "38" 2018-01-29 21.9 "DEN" "" "BOS" "L" -1 0 11.6333333333333 0.143 0.143 0 0 0 43.6 0 0 0 25.7 69 128 0.3 -13.2
"51" "39" 2018-01-30 21.91 "DEN" "@" "SAS" "L" -2 0 13.8 0.7 0.7 8.7 8.5 8.6 88.9 0 0 0 33.1 154 122 12.8 15.2
"52" "40" 2018-02-01 21.91 "DEN" "" "OKC" "W" 3 0 13.65 0.415 0.375 0 24.5 12.7 26.7 0 0 19.2 31.8 83 124 2.8 -15.4
"53" "41" 2018-02-03 21.92 "DEN" "" "GSW" "W" 7 0 20.65 0.389 0.389 4.9 27 15.5 21.8 2.4 0 10 19.6 95 106 5.4 -2.2
"54" "42" 2018-02-05 21.92 "DEN" "" "CHO" "W" 17 0 18.0666666666667 0.806 0.786 0 13 6.9 16.2 2.9 0 11.8 22.9 140 113 11.1 5.1
"55" "43" 2018-02-11 21.94 "NYK" "@" "IND" "L" -8 0 29.2 0.444 0.357 0 6.7 3.3 50.1 0 0 11.3 25.4 105 127 10.6 -4.7
"56" "44" 2018-02-12 21.94 "NYK" "@" "PHI" "L" -16 0 19.2833333333333 0.4 0.429 0 30.2 14.2 21.2 2.6 4.4 10.2 22 80 104 4.6 0.2
"57" "45" 2018-02-14 21.95 "NYK" "" "WAS" "L" -5 0 20.4666666666667 0.388 0.333 4.7 12.7 8.1 18.5 4.7 0 27.9 29.2 70 111 3.5 -8.6
"58" "46" 2018-02-22 21.97 "NYK" "@" "ORL" "W" 7 1 22.7666666666667 0.444 0.444 4.2 23.4 12.3 21.3 2.1 0 18.2 20 94 116 6.6 -7.2
"59" "47" 2018-02-24 21.98 "NYK" "" "BOS" "L" -9 1 25.4 0.419 0.333 0 16.1 8 30.3 1.8 3.1 20.5 31.1 84 117 7.7 -4.1
"60" "48" 2018-02-26 21.98 "NYK" "" "GSW" "L" -14 1 30.5333333333333 0.63 0.633 3.5 4.2 3.8 32 3.1 2.9 0 21.9 141 122 20.9 13.7
"61" "49" 2018-03-02 21.99 "NYK" "@" "LAC" "L" -23 1 26.15 0.356 0.2 3.9 9.9 6.6 34.4 0 0 13.7 23.8 92 136 6.2 -7.3
"62" "50" 2018-03-04 22 "NYK" "@" "SAC" "L" -3 1 18.8166666666667 0 0 0 6.4 3 19.1 0 0 0 16.1 29 120 -3.4 -20.6
"63" "51" 2018-03-06 22 "NYK" "@" "POR" "L" -24 1 25.8166666666667 0.159 0.111 4.1 4.1 4.1 22.4 2 0 38.9 27.7 37 124 -4.5 -22.1
"64" "52" 2018-03-09 22.01 "NYK" "@" "MIL" "L" -8 1 28.45 0.556 0.536 0 9.9 4.2 19.2 1.7 0 14.9 29.4 102 123 11.4 -2
"65" "53" 2018-03-11 22.02 "NYK" "" "TOR" "L" -26 1 30.4666666666667 0.5 0.5 3.4 7.3 5.3 25.8 3.2 0 7.1 20.3 107 133 10.5 -1.6
"66" "54" 2018-03-13 22.02 "NYK" "" "DAL" "L" -13 1 25.9166666666667 0.556 0.556 0 4 2.2 11.4 2 0 25 20.9 89 121 4.6 -5.3
"67" "55" 2018-03-15 22.03 "NYK" "" "PHI" "L" -8 1 27.8333333333333 0.466 0.417 0 0 0 19 3.4 0 13.4 23.4 92 120 7.2 -4.6
"68" "56" 2018-03-17 22.03 "NYK" "" "CHO" "W" 23 1 15.6166666666667 0.394 0.375 12.5 16.2 14.5 23.2 3.1 5.4 0 23.5 111 94 7.9 5
"69" "57" 2018-03-19 22.04 "NYK" "" "CHI" "W" 18 1 21.1333333333333 0.25 0.25 0 7.6 4.2 17.7 2.2 3.7 20 19 60 91 1.2 -8.7
"70" "58" 2018-03-21 22.04 "NYK" "@" "MIA" "L" -21 1 28.2333333333333 0.368 0.3 0 21.3 9.4 20.1 3.8 0 0 17.1 104 127 7.8 -2.5
"71" "59" 2018-03-23 22.05 "NYK" "" "MIN" "L" -4 1 4.9 0 0 0 0 0 24.5 0 0 0 8.9 53 120 -0.4 -13.6
"72" "60" 2018-03-25 22.05 "NYK" "@" "WAS" "W" 4 0 20.5666666666667 0.619 0.563 0 29.2 15.6 51.6 2.4 0 0 19.1 148 97 14.3 13.5
"73" "" 2018-03-26 22.06 "NYK" "@" "CHO" "L" -9 NA NA NA NA NA NA NA NA NA NA NA NA NA NA NA NA
"74" "61" 2018-03-28 22.06 "NYK" "@" "PHI" "L" -17 0 24.7833333333333 0.624 0.567 3.6 11.6 7.4 18.9 1.8 5.8 14.5 32.9 108 107 15.5 9.7
"75" "62" 2018-03-31 22.07 "NYK" "" "DET" "L" -6 0 20.1333333333333 0.333 0.333 5.7 5.8 5.7 12.5 0 0 33.3 19.5 61 126 -0.4 -15.7
"76" "63" 2018-04-03 22.08 "NYK" "" "ORL" "L" -24 0 18.4166666666667 0.143 0.143 0 11.3 5.5 9.5 0 0 22.2 22.9 27 111 -3.6 -21.5
"77" "64" 2018-04-06 22.09 "NYK" "" "MIA" "W" 24 0 7.73333333333333 0 0 0 12.7 6.7 13.8 0 0 33.3 16.9 24 104 -1.8 -22.5
"78" "" 2018-04-07 22.09 "NYK" "" "MIL" "L" -13 NA NA NA NA NA NA NA NA NA NA NA NA NA NA NA NA
"79" "" 2018-04-09 22.1 "NYK" "" "CLE" "L" -14 NA NA NA NA NA NA NA NA NA NA NA NA NA NA NA NA
"80" "" 2018-04-11 22.1 "NYK" "@" "CLE" "W" 12 NA NA NA NA NA NA NA NA NA NA NA NA NA NA NA NA
"1" "" 2018-10-17 22.62 "NYK" "" "ATL" "W" 19 NA NA NA NA NA NA NA NA NA NA NA NA NA NA NA NA
"2" "" 2018-10-19 22.62 "NYK" "@" "BRK" "L" -2 NA NA NA NA NA NA NA NA NA NA NA NA NA NA NA NA
"3" "" 2018-10-20 22.63 "NYK" "" "BOS" "L" -2 NA NA NA NA NA NA NA NA NA NA NA NA NA NA NA NA
"4" "" 2018-10-22 22.63 "NYK" "@" "MIL" "L" -11 NA NA NA NA NA NA NA NA NA NA NA NA NA NA NA NA
"5" "" 2018-10-24 22.64 "NYK" "@" "MIA" "L" -23 NA NA NA NA NA NA NA NA NA NA NA NA NA NA NA NA
"6" "" 2018-10-26 22.64 "NYK" "" "GSW" "L" -28 NA NA NA NA NA NA NA NA NA NA NA NA NA NA NA NA
"7" "1" 2018-10-29 22.65 "NYK" "" "BRK" "W" 19 0 2.4 NA NA 0 0 0 0 0 0 NA 0 0 115 0 -9.1
"8" "" 2018-10-31 22.66 "NYK" "" "IND" "L" -6 NA NA NA NA NA NA NA NA NA NA NA NA NA NA NA NA
"9" "2" 2018-11-02 22.66 "NYK" "@" "DAL" "W" 12 0 15.9666666666667 0.6 0.6 7.7 7.3 7.5 32.5 9.4 0 16.7 16.8 127 98 9.1 10.5
"10" "3" 2018-11-04 22.67 "NYK" "@" "WAS" "L" -13 0 22.8166666666667 0.316 0.2 9 4.1 6.4 17.1 2.1 3.7 24 14.8 77 110 2.8 -5.4
"11" "4" 2018-11-05 22.67 "NYK" "" "CHI" "L" -1 0 34.4166666666667 0.487 0.469 8.7 9.7 9.2 11.5 1.5 0 10.8 22.9 104 105 9 -3.1
"12" "5" 2018-11-07 22.68 "NYK" "@" "ATL" "W" 5 0 21.5666666666667 0.619 0.688 5.4 17.1 12 26.6 0 4.1 10.1 19.3 126 107 9.1 5.4
"13" "6" 2018-11-10 22.68 "NYK" "@" "TOR" "L" -16 0 22.95 0.545 0.545 4.2 4.9 4.5 13.3 4.2 4.8 15.4 22.7 104 125 9.4 0.9
"14" "7" 2018-11-11 22.69 "NYK" "" "ORL" "L" -26 0 17.25 0.282 0.25 0 16.4 7.9 0 0 0 27.3 16.9 43 118 -1.7 -18.1
"15" "8" 2018-11-14 22.7 "NYK" "@" "OKC" "L" -25 1 21.3 0.518 0.4 0 5.6 2.7 32.7 2.2 3.6 30.7 18.9 91 126 6.4 -3
"16" "9" 2018-11-16 22.7 "NYK" "@" "NOP" "L" -5 1 22.8166666666667 0.738 0.75 0 29.4 12.9 0 3.8 6.5 7.2 24 135 106 17.6 13.7
"17" "10" 2018-11-18 22.71 "NYK" "@" "ORL" "L" -14 1 22.6666666666667 0.615 0.625 4.7 0 2.8 14.4 0 0 17 21.4 116 138 6.5 -6.2
"18" "11" 2018-11-20 22.71 "NYK" "" "POR" "L" -4 1 24.2666666666667 0.81 0.778 0 8.6 4.7 26.3 0 0 16.8 21.8 142 130 12.7 2.8
"19" "12" 2018-11-21 22.72 "NYK" "@" "BOS" "W" 8 1 19.5 0.425 0.3 0 9 5 11.9 0 3.8 14.5 14.9 92 111 2.8 -6
"20" "13" 2018-11-23 22.72 "NYK" "" "NOP" "W" 5 1 28.5 0.585 0.525 3.6 15.6 10 13.9 6.8 0 8 38.1 116 99 21.4 8.6
"21" "14" 2018-11-25 22.73 "NYK" "@" "MEM" "W" 5 1 23.4666666666667 0.599 0.5 0 8.5 4.2 34.4 2.2 3.7 6.6 27.7 128 101 13.9 12.2
"22" "15" 2018-11-27 22.73 "NYK" "@" "DET" "L" -7 1 22.4 0.346 0.346 0 9.7 4.4 15.6 0 0 13.3 27.2 69 116 1.5 -10.6
"23" "16" 2018-11-28 22.73 "NYK" "@" "PHI" "L" -26 1 20.8166666666667 0.255 0.2 0 6.1 2.5 7.8 0 0 0 11.8 63 124 0.1 -13.2
"24" "17" 2018-12-01 22.74 "NYK" "" "MIL" "W" 2 1 35.75 0.693 0.667 0 9.9 4.8 28.7 1.3 0 12.9 28.4 127 120 22 5.9
"25" "18" 2018-12-03 22.75 "NYK" "" "WAS" "L" -3 1 36.2 0.504 0.467 0 15.1 7.1 18.3 0 2.2 20.1 22.3 97 116 8.5 -5.4
"26" "19" 2018-12-06 22.76 "NYK" "@" "BOS" "L" -28 1 34.2666666666667 0.494 0.4 2.6 3.5 3 29 0 2.6 14.9 24.4 103 131 9.8 -3.3
"27" "20" 2018-12-08 22.76 "NYK" "" "BRK" "L" -8 1 25.8666666666667 0.553 0.5 0 4.3 2.2 23.5 0 0 20.3 25.3 98 122 6.1 -6.8
"28" "21" 2018-12-09 22.76 "NYK" "" "CHO" "L" -12 1 19 0.333 0.333 0 19.4 9.1 27.7 0 0 18.2 24.6 73 119 2.2 -12.3
"29" "22" 2018-12-12 22.77 "NYK" "@" "CLE" "L" -7 1 30.6666666666667 0.424 0.389 6.5 20.4 13.3 36.5 3.1 0 9.6 29.1 98 110 13.5 -1.4
"30" "23" 2018-12-14 22.78 "NYK" "@" "CHO" "W" 2 1 41 0.719 0.69 2.5 5.6 4 35.8 2.3 0 11.3 28.3 135 116 29.2 6.6
"31" "24" 2018-12-16 22.78 "NYK" "@" "IND" "L" -11 1 30.1166666666667 0.584 0.5 0 3.8 1.8 32.9 1.6 0 11.5 24.4 120 117 13.4 3.9
"32" "25" 2018-12-17 22.79 "NYK" "" "PHO" "L" -18 1 32.5666666666667 0.664 0.619 2.6 19.4 9.4 39.6 0 0 7.7 31.3 137 125 24.9 10.5
"33" "26" 2018-12-19 22.79 "NYK" "@" "PHI" "L" -22 1 31.8666666666667 0.354 0.292 0 11.3 5.3 23.2 0 0 6.1 23.1 80 135 5.2 -10.3
"34" "27" 2018-12-21 22.8 "NYK" "" "ATL" "L" -7 1 34.15 0.693 0.675 0 3.1 1.6 23.3 1.4 0 11.5 34.4 122 118 21.9 5.7
"35" "28" 2018-12-25 22.81 "NYK" "" "MIL" "L" -14 1 33.5333333333333 0.367 0.367 2.4 6 4 25.7 1.4 0 21.1 22.6 72 107 3.5 -5.7
"36" "29" 2018-12-27 22.81 "NYK" "@" "MIL" "L" -16 1 27.25 0.409 0.4 0 12 5.3 41.6 0 2.9 0 24.5 99 114 10.3 1
"37" "30" 2018-12-29 22.82 "NYK" "@" "UTA" "L" -32 1 23.9166666666667 0.591 0.591 0 4.8 2.1 50.3 0 0 0 19.9 132 136 10.3 0.7
"38" "31" 2019-01-01 22.83 "NYK" "@" "DEN" "L" -7 1 31.7166666666667 0.359 0.375 5.8 3.4 4.7 43.4 3.3 2.5 16.1 34.6 84 123 8.5 -4.1
"39" "32" 2019-01-04 22.84 "NYK" "@" "LAL" "W" 7 1 33.2 0.393 0.281 2.6 15.8 9.1 27.8 0 0 5 23.6 96 110 10.3 -5.8
"40" "33" 2019-01-07 22.84 "NYK" "@" "POR" "L" -10 1 34.6833333333333 0.464 0.412 0 6 2.8 36.8 4.3 0 0 22.7 114 112 15.6 4.9
"41" "34" 2019-01-08 22.85 "NYK" "@" "GSW" "L" -27 1 24.7166666666667 0.394 0.375 4.5 4.3 4.4 26.6 1.9 0 25.3 20.4 76 126 4 -7
"42" "35" 2019-01-11 22.85 "NYK" "" "IND" "L" -15 1 28.0166666666667 0.556 0.528 3.9 4.3 4.1 20.3 0 2.5 17.5 35.3 96 127 11 -2.9
"43" "36" 2019-01-13 22.86 "NYK" "" "PHI" "L" -3 1 27.5333333333333 0.506 0.441 6.8 8.9 7.7 28.1 1.7 0 13.8 34.7 97 111 11.9 -1.7
"44" "37" 2019-01-17 22.87 "NYK" "@" "WAS" "L" -1 1 31.2333333333333 0.662 0.639 3.7 18.1 11.6 13.9 0 0 20.9 34.5 105 105 14.9 0
"45" "38" 2019-01-21 22.88 "NYK" "" "OKC" "L" -18 1 17.95 0.589 0.545 0 15.3 6.3 23.3 0 0 0 28.1 123 131 10.7 2
"46" "39" 2019-01-23 22.89 "NYK" "" "HOU" "L" -4 1 28.1833333333333 0.601 0.5 4.4 9.6 7.4 11.3 1.7 0 37.6 28.3 83 115 4.7 -10.2
"47" "" 2019-01-25 22.89 "NYK" "@" "BRK" "L" -10 NA NA NA NA NA NA NA NA NA NA NA NA NA NA NA NA
"48" "" 2019-01-27 22.9 "NYK" "" "MIA" "L" -9 NA NA NA NA NA NA NA NA NA NA NA NA NA NA NA NA
"49" "" 2019-01-28 22.9 "NYK" "@" "CHO" "L" -9 NA NA NA NA NA NA NA NA NA NA NA NA NA NA NA NA
"50" "" 2019-01-30 22.91 "NYK" "" "DAL" "L" -24 NA NA NA NA NA NA NA NA NA NA NA NA NA NA NA NA
"51" "" 2019-02-01 22.91 "NYK" "" "BOS" "L" -14 NA NA NA NA NA NA NA NA NA NA NA NA NA NA NA NA
"52" "" 2019-02-03 22.92 "NYK" "" "MEM" "L" -12 NA NA NA NA NA NA NA NA NA NA NA NA NA NA NA NA
"53" "" 2019-02-05 22.92 "NYK" "" "DET" "L" -13 NA NA NA NA NA NA NA NA NA NA NA NA NA NA NA NA
"54" "" 2019-02-08 22.93 "NYK" "@" "DET" "L" -17 NA NA NA NA NA NA NA NA NA NA NA NA NA NA NA NA
"55" "" 2019-02-09 22.93 "NYK" "" "TOR" "L" -5 NA NA NA NA NA NA NA NA NA NA NA NA NA NA NA NA
"56" "" 2019-02-11 22.94 "NYK" "@" "CLE" "L" -3 NA NA NA NA NA NA NA NA NA NA NA NA NA NA NA NA
"57" "" 2019-02-13 22.95 "NYK" "" "PHI" "L" -15 NA NA NA NA NA NA NA NA NA NA NA NA NA NA NA NA
"58" "" 2019-02-14 22.95 "NYK" "@" "ATL" "W" 15 NA NA NA NA NA NA NA NA NA NA NA NA NA NA NA NA
"59" "40" 2019-02-22 22.97 "NYK" "" "MIN" "L" -11 0 26.3333333333333 0.472 0.467 8.5 15.9 12.3 7 5.2 2.9 20.1 31.1 82 101 8.3 -1.4
"60" "41" 2019-02-24 22.98 "NYK" "" "SAS" "W" 12 0 19.0666666666667 0.95 0.95 0 0 0 8.4 0 0 23.1 29.1 128 128 12.9 7.6
"61" "42" 2019-02-26 22.98 "NYK" "" "ORL" "W" 5 0 31.5 0.47 0.444 3.1 21.8 12.4 17.7 0 0 9 29.9 98 109 10.5 -6.2
"62" "43" 2019-02-28 22.99 "NYK" "" "CLE" "L" -7 0 22.3666666666667 0.46 0.45 0 6.3 2.7 34.4 0 0 15.5 24.4 101 135 6.3 -6.3
"63" "44" 2019-03-03 22.99 "NYK" "@" "LAC" "L" -21 0 28.75 0.504 0.467 0 14.5 6.7 20 4.7 0 5.9 24.3 100 115 13.2 1.1
"64" "45" 2019-03-04 23 "NYK" "@" "SAC" "L" -7 0 19.4666666666667 0.405 0.389 0 11.2 5.4 39 0 0 23.3 27.8 82 118 2.8 -9.7
"65" "46" 2019-03-06 23 "NYK" "@" "PHO" "L" -11 0 16.9166666666667 0.25 0.25 0 6.8 3.7 8.8 2.9 0 55.6 23.4 27 109 -4.2 -22.4
"66" "47" 2019-03-09 23.01 "NYK" "" "SAC" "L" -8 0 23.65 0.563 0.563 0 14.5 7.3 22.7 0 0 27.3 19.9 88 108 4.5 -5.4
"67" "48" 2019-03-10 23.01 "NYK" "@" "MIN" "L" -11 0 20.6666666666667 0.286 0.286 0 22.1 11.2 7.2 2.4 0 41.7 25.5 38 104 -2.6 -20.7
"68" "49" 2019-03-12 23.02 "NYK" "@" "IND" "L" -5 0 32.45 0.666 0.607 0 12.3 6.6 24 0 5.2 6 23.2 132 106 18.4 10.1
"69" "50" 2019-03-15 23.03 "NYK" "@" "SAS" "L" -26 1 35.8 0.5 0.5 0 14.1 6.2 9.9 0 0 22.2 22.8 77 120 4.4 -9.7
"70" "51" 2019-03-17 23.03 "NYK" "" "LAL" "W" 1 1 32.7833333333333 0.909 0.864 0 5.9 3.7 36.3 0 2.1 20.6 25.4 156 126 25.6 11.6
"71" "52" 2019-03-18 23.04 "NYK" "@" "TOR" "L" -36 1 21.7666666666667 0.444 0.357 0 0 0 28 0 0 11.3 17.5 90 130 3.6 -7.7
"72" "53" 2019-03-20 23.04 "NYK" "" "UTA" "L" -21 1 33.9 0.43 0.412 0 7.3 3.5 20.2 1.4 0 5.4 23.9 98 142 9.6 -9.2
"73" "54" 2019-03-22 23.05 "NYK" "" "DEN" "L" -18 1 33.6833333333333 0.49 0.476 0 18.5 9.3 26.9 0 2.5 12.3 32.8 88 116 12.1 -0.4
"74" "55" 2019-03-24 23.05 "NYK" "" "LAC" "L" -11 1 35.0666666666667 0.626 0.579 3.2 15.9 9.5 35.1 1.4 0 12.6 29.3 125 131 20.6 3.6
"75" "56" 2019-03-28 23.06 "NYK" "" "TOR" "L" -25 1 25.3166666666667 0.4 0.333 7.3 8.2 7.7 8.1 0 0 12.7 26 83 124 3.7 -9.1
"76" "57" 2019-03-30 23.07 "NYK" "" "MIA" "L" -8 1 35.15 0.694 0.583 3 11.4 7.3 24 0 0 18.8 27.4 119 109 17.1 1.8
"77" "58" 2019-04-01 23.07 "NYK" "" "CHI" "W" 8 1 36.15 0.388 0.381 0 13.3 7.5 19.2 0 0 12.1 32.7 79 114 4.4 -18.5
"78" "59" 2019-04-03 23.08 "NYK" "@" "ORL" "L" -14 1 39.8333333333333 0.393 0.269 2.7 14.5 9 35 2.5 1.8 15.4 22.1 92 115 12.7 -1.7
"79" "" 2019-04-05 23.08 "NYK" "@" "HOU" "L" -24 NA NA NA NA NA NA NA NA NA NA NA NA NA NA NA NA
"80" "" 2019-04-07 23.09 "NYK" "" "WAS" "W" 3 NA NA NA NA NA NA NA NA NA NA NA NA NA NA NA NA
"81" "" 2019-04-09 23.1 "NYK" "@" "CHI" "W" 10 NA NA NA NA NA NA NA NA NA NA NA NA NA NA NA NA
"82" "" 2019-04-10 23.1 "NYK" "" "DET" "L" -26 NA NA NA NA NA NA NA NA NA NA NA NA NA NA NA NA
"1" "1" 2019-10-23 23.64 "UTA" "" "OKC" "W" 5 0 22.9833333333333 0.545 0.545 0 9.3 4.3 38 0 3.7 0 20.9 126 99 10.7 10.3
"2" "2" 2019-10-25 23.64 "UTA" "@" "LAL" "L" -9 0 15.5333333333333 0.6 0.6 0 12.9 7.5 45.6 3.2 0 28.6 42.7 77 96 5.2 1.7
"3" "3" 2019-10-26 23.64 "UTA" "" "SAC" "W" 32 0 23.8 0.421 0.364 7.5 12.9 10.9 22.5 0 0 25.2 30.7 81 86 2.7 -12.7
"4" "4" 2019-10-28 23.65 "UTA" "@" "PHO" "W" 1 0 16.8833333333333 0.63 0.333 0 18.5 9.6 35.3 0 0 29.6 17.3 106 99 4.9 0
"5" "5" 2019-10-30 23.65 "UTA" "" "LAC" "W" 14 0 16 0.444 0.444 0 23.1 12.5 46.9 3.1 5.1 10 29.7 101 93 8.4 6
"6" "6" 2019-11-01 23.66 "UTA" "@" "SAC" "L" -1 0 14.7666666666667 0.51 0.6 0 0 0 25.7 3.5 5.9 33.8 28.3 73 108 3 -3.9
"7" "" 2019-11-03 23.67 "UTA" "@" "LAC" "L" -11 NA NA NA NA NA NA NA NA NA NA NA NA NA NA NA NA
"8" "" 2019-11-06 23.67 "UTA" "" "PHI" "W" 2 NA NA NA NA NA NA NA NA NA NA NA NA NA NA NA NA
"9" "" 2019-11-08 23.68 "UTA" "" "MIL" "W" 3 NA NA NA NA NA NA NA NA NA NA NA NA NA NA NA NA
"10" "7" 2019-11-11 23.69 "UTA" "@" "GSW" "W" 14 0 14.9333333333333 0.935 0.9 0 28 14.8 11.8 0 0 25.4 23.7 124 107 8.2 2.4
"11" "8" 2019-11-12 23.69 "UTA" "" "BRK" "W" 5 0 17.95 0.651 0.5 0 17.8 9 16.6 2.6 0 0 26 146 107 13.5 11.6
"12" "9" 2019-11-15 23.7 "UTA" "@" "MEM" "L" -1 0 12.9833333333333 0.875 0.875 0 8.2 4.1 30.9 0 0 42.9 22.5 97 111 3.7 -0.2
"13" "10" 2019-11-18 23.71 "UTA" "" "MIN" "L" -10 0 14.0333333333333 0.5 0.5 5.9 0 3.3 12.1 3.2 6.7 33.3 16.9 75 98 2.7 -2
"14" "11" 2019-11-20 23.71 "UTA" "@" "MIN" "W" 8 0 15.5833333333333 0.143 0.143 11.8 18.5 15.1 0 3.2 0 12.5 22.6 45 95 -1.4 -18
"15" "12" 2019-11-22 23.72 "UTA" "" "GSW" "W" 4 0 15.4833333333333 0.917 0.917 0 13.5 7.3 11.3 0 0 33.3 25.6 107 116 6.3 -2.3
"16" "13" 2019-11-23 23.72 "UTA" "" "NOP" "W" 8 0 15.4666666666667 0.727 0.75 8.6 30.4 21.4 10.5 0 0 12.7 21.5 127 112 8.5 2.2
"17" "14" 2019-11-25 23.73 "UTA" "@" "MIL" "L" -4 0 19.1666666666667 0.872 0.917 0 24.6 14.1 41.1 0 0 36.8 25.6 117 120 8.4 -0.2
"18" "15" 2019-11-27 23.73 "UTA" "@" "IND" "L" -19 0 13.2833333333333 0.167 0.167 0 17.6 8.8 33.5 0 0 0 19.7 65 125 0.5 -10.6
"19" "16" 2019-11-29 23.74 "UTA" "@" "MEM" "W" 9 0 9.61666666666667 0.2 0.2 9.8 0 4.7 15.1 0 0 0 23 66 110 0.3 -11.7
"20" "17" 2019-12-01 23.74 "UTA" "@" "TOR" "L" -20 0 17.05 0.143 0.143 0 6.5 3 24 0 0 30 23.3 40 129 -4.3 -22.5
"21" "18" 2019-12-02 23.75 "UTA" "@" "PHI" "L" -9 0 4.56666666666667 0.5 0.5 0 23.4 11.8 0 0 0 0 19.3 93 104 1.3 -2.1
"22" "19" 2019-12-04 23.75 "UTA" "" "LAL" "L" -25 0 10.1666666666667 0.333 0.333 0 11.8 5.5 16.1 0 0 0 13 84 127 1.3 -5.9
"23" "20" 2019-12-07 23.76 "UTA" "" "MEM" "W" 14 0 21.7333333333333 0.751 0.667 0 17.9 9.6 40.3 0 0 29.1 20.7 134 116 9.6 2.8
"24" "21" 2019-12-09 23.76 "UTA" "" "OKC" "L" -14 0 17.5166666666667 0.258 0 0 12.7 5.8 7.6 0 0 20.5 12.3 53 107 -1 -13.2
"25" "22" 2019-12-11 23.77 "UTA" "@" "MIN" "W" 11 0 22.1666666666667 0.742 0.714 5.7 17.7 12.4 11.3 0 8.7 10.2 19.6 147 118 11.4 5.7
"26" "23" 2019-12-13 23.78 "UTA" "" "GSW" "W" 8 0 19.15 0.431 0 0 10 5.5 20.3 0 0 17.7 13.4 101 114 3.1 -6.4
"27" "24" 2019-12-17 23.79 "UTA" "" "ORL" "W" 7 0 10.7833333333333 0 0 0 17.1 9 21.2 0 0 51.5 15.6 30 106 -1.9 -17
"28" "25" 2019-12-19 23.79 "UTA" "@" "ATL" "W" 5 0 18.9 0.506 0.444 5.4 16.6 10.9 8.1 0 4.2 0 21.3 120 103 7.9 3.6
"29" "26" 2019-12-21 23.8 "UTA" "@" "CHO" "W" 7 0 21.5833333333333 0.667 0.667 0 9.9 5.7 23.9 4.7 0 10 21.2 128 107 9.8 4.9
"30" "27" 2019-12-23 23.8 "UTA" "@" "MIA" "L" -3 0 22.9333333333333 0.75 0.75 0 8.7 4.1 15.8 2.1 0 11.1 17.3 134 112 10.8 5.3
"31" "28" 2019-12-26 23.81 "UTA" "" "POR" "W" 6 0 15.6 0.5 0.5 0 6.8 3.7 30.9 0 0 20 15.3 114 125 3.7 -2.5
"32" "29" 2019-12-28 23.82 "UTA" "@" "LAC" "W" 13 0 15.7166666666667 0.68 0.6 8.5 21.4 16.4 8.5 0 0 25.4 22.8 111 110 5.5 -3.2
"33" "30" 2019-12-30 23.82 "UTA" "" "DET" "W" 23 0 19.2 0.417 0.417 0 10.6 5.6 22.1 0 0 33.3 21.3 70 92 1.3 -6.2
"34" "31" 2020-01-02 23.83 "UTA" "@" "CHI" "W" 4 0 17.2333333333333 0.595 0.6 0 5.6 3.2 19.4 6 0 14.5 18.7 109 100 6.6 4.8
"35" "32" 2020-01-04 23.84 "UTA" "@" "ORL" "W" 13 0 18.1 0.505 0.455 10.4 23.1 16.4 18.5 0 0 0 29.4 123 107 10.3 4.1
"36" "33" 2020-01-06 23.84 "UTA" "@" "NOP" "W" 2 0 15.8666666666667 0.5 0.5 0 12.3 6.6 17.8 0 0 11.1 25.1 99 130 4.2 -8.2
"37" "34" 2020-01-08 23.85 "UTA" "" "NYK" "W" 24 0 25.2 0.704 0.75 4.9 7.3 6.3 22.6 2 2.6 22 32.4 115 111 15 3.7
"38" "35" 2020-01-10 23.85 "UTA" "" "CHO" "W" 17 0 28 0.5 0.5 0 13.5 6.7 31 1.9 0 0 17.1 130 102 10.3 2
"39" "36" 2020-01-12 23.86 "UTA" "@" "WAS" "W" 11 1 30.1666666666667 0.67 0.65 4 15.5 9.8 20.7 0 0 0 14.8 157 122 14 3.9
"40" "37" 2020-01-14 23.86 "UTA" "@" "BRK" "W" 11 0 15.5666666666667 0.583 0.583 0 6.9 3.7 16.8 3.2 0 0 17.4 130 111 6.7 6.3
"41" "38" 2020-01-16 23.87 "UTA" "@" "NOP" "L" -6 0 15 0.218 0.167 0 8.6 4 8.3 6.4 0 22.5 24.7 44 117 -0.6 -15.4
"42" "39" 2020-01-18 23.87 "UTA" "" "SAC" "W" 22 0 3.3 0.25 0.25 0 33.1 17.3 0 0 0 0 56.2 55 111 -0.1 -35.7
"43" "40" 2020-01-20 23.88 "UTA" "" "IND" "W" 30 0 4.31666666666667 0.5 0.5 34.7 0 13.4 62 0 0 0 19.6 157 95 2.7 13.7
"44" "41" 2020-01-22 23.88 "UTA" "@" "GSW" "W" 33 0 9.48333333333333 1 1 0 0 0 29.1 0 0 33.3 27.1 126 111 5.4 9.7
"45" "" 2020-01-25 23.89 "UTA" "" "DAL" "W" 5 NA NA NA NA NA NA NA NA NA NA NA NA NA NA NA NA
"46" "" 2020-01-27 23.9 "UTA" "" "HOU" "L" -9 NA NA NA NA NA NA NA NA NA NA NA NA NA NA NA NA
"47" "" 2020-01-29 23.9 "UTA" "@" "SAS" "L" -7 NA NA NA NA NA NA NA NA NA NA NA NA NA NA NA NA
"48" "42" 2020-01-30 23.91 "UTA" "@" "DEN" "L" -6 0 16.2333333333333 0 0 7.4 15.6 11.4 16.4 0 5.1 20 14.6 42 114 -0.4 -10.7
"49" "43" 2020-02-01 23.91 "UTA" "@" "POR" "L" -17 0 2.65 0 0 0 0 0 45.3 0 0 33.3 50.8 22 140 -1.7 -44.1
"50" "" 2020-02-05 23.92 "UTA" "" "DEN" "L" -3 NA NA NA NA NA NA NA NA NA NA NA NA NA NA NA NA
"51" "" 2020-02-07 23.93 "UTA" "" "POR" "W" 3 NA NA NA NA NA NA NA NA NA NA NA NA NA NA NA NA
"52" "" 2020-02-09 23.93 "UTA" "@" "HOU" "W" 1 NA NA NA NA NA NA NA NA NA NA NA NA NA NA NA NA
"53" "44" 2020-02-10 23.94 "UTA" "@" "DAL" "W" 4 0 14.7666666666667 0.711 0.75 10.2 16.7 13.7 21.9 3.3 0 10.6 28.3 135 118 10.3 10.6
"54" "45" 2020-02-12 23.94 "UTA" "" "MIA" "W" 15 0 12.5666666666667 0.377 0 0 15.6 8.5 0 3.9 0 0 23.2 90 99 3.4 -4.9
"55" "46" 2020-02-21 23.97 "UTA" "" "SAS" "L" -9 0 17.7333333333333 0.738 0.65 5.8 22.6 14.2 43.3 2.7 3.8 7.6 32.4 140 104 17.3 19.8
"56" "" 2020-02-22 23.97 "UTA" "" "HOU" "L" -10 NA NA NA NA NA NA NA NA NA NA NA NA NA NA NA NA
"57" "47" 2020-02-24 23.98 "UTA" "" "PHO" "L" -20 0 6.43333333333333 0.515 0.333 0 0 0 0 0 0 20.5 34.4 85 141 0.9 -17.5
"58" "" 2020-02-26 23.98 "UTA" "" "BOS" "L" -11 NA NA NA NA NA NA NA NA NA NA NA NA NA NA NA NA
"59" "" 2020-02-28 23.99 "UTA" "" "WAS" "W" 10 NA NA NA NA NA NA NA NA NA NA NA NA NA NA NA NA
"60" "" 2020-03-02 23.99 "UTA" "@" "CLE" "W" 13 NA NA NA NA NA NA NA NA NA NA NA NA NA NA NA NA
"61" "48" 2020-03-04 24 "UTA" "@" "NYK" "W" 8 0 3.95 0.5 0.5 0 28.9 15.4 0 0 0 33.3 35.4 58 110 -0.5 -28.1
"62" "" 2020-03-06 24 "UTA" "@" "BOS" "W" 5 NA NA NA NA NA NA NA NA NA NA NA NA NA NA NA NA
"63" "" 2020-03-07 24.01 "UTA" "@" "DET" "W" 6 NA NA NA NA NA NA NA NA NA NA NA NA NA NA NA NA
"64" "" 2020-03-09 24.01 "UTA" "" "TOR" "L" -9 NA NA NA NA NA NA NA NA NA NA NA NA NA NA NA NA
"65" "49" 2020-07-30 24.4 "UTA" "@" "NOP" "W" 2 0 10.3333333333333 0 0 0 10.1 5.3 0 0 0 33.3 12 0 110 -2.9 -20
"66" "50" 2020-08-01 24.41 "UTA" "@" "OKC" "L" -16 0 18.4166666666667 0.589 0.4 0 30.7 12.7 0 8.2 0 20.7 22.7 98 100 8.1 4.9
"67" "51" 2020-08-03 24.41 "UTA" "" "LAL" "L" -8 0 9.33333333333333 0.7 0.7 0 13.2 6.4 0 0 0 28.6 31.3 80 116 3 -2.5
"68" "52" 2020-08-05 24.42 "UTA" "" "MEM" "W" 9 0 4.43333333333333 0 0 0 0 0 0 0 0 50 18.7 0 118 -1.7 -25.6
"69" "53" 2020-08-07 24.42 "UTA" "@" "SAS" "L" -8 1 28.15 0.424 0.308 0 3.6 1.8 27.3 1.6 0 5.7 25.6 99 117 8.7 -6.2
"70" "" 2020-08-08 24.43 "UTA" "@" "DEN" "L" -2 NA NA NA NA NA NA NA NA NA NA NA NA NA NA NA NA
"71" "54" 2020-08-10 24.43 "UTA" "" "DAL" "L" -8 0 26.8166666666667 0.583 0.583 4.4 17.3 9.9 25.3 1.9 0 25 27.9 99 133 7.8 -9.2
"72" "" 2020-08-13 24.44 "UTA" "" "SAS" "W" 6 NA NA NA NA NA NA NA NA NA NA NA NA NA NA NA NA
