"Rk" "G" "Date" "Age" "Tm" "H/A" "Opp" "W/L" "By Amt" "GS" "MP" "TS%" "eFG%" "ORB%" "DRB%" "TRB%" "AST%" "STL%" "BLK%" "TOV%" "USG%" "ORtg" "DRtg" "GmSc" "BPM"
"1" "1" 1982-10-29 22.69 "KCK" "" "POR" "W" 2 0 19 0.82 0.75 NA NA 25 7.3 NA NA 17 NA NA NA 11 NA
"2" "2" 1982-11-02 22.7 "KCK" "" "MIL" "W" 7 0 21 0.6 0.6 NA NA NA 0 NA 0 16.7 NA NA NA 2.1 NA
"3" "3" 1982-11-05 22.71 "KCK" "" "DAL" "L" -5 0 26 0.644 0.667 NA NA NA NA NA NA NA NA NA NA NA NA
"4" "4" 1982-11-09 22.72 "KCK" "@" "LAL" "L" -22 0 15 NA NA NA NA 15.6 6.8 NA NA NA NA NA NA -0.3 NA
"5" "5" 1982-11-10 22.72 "KCK" "@" "PHO" "L" -6 1 26 0.439 0.444 NA NA NA NA NA NA NA NA NA NA 9.2 NA
"6" "6" 1982-11-13 22.73 "KCK" "@" "SDC" "W" 1 1 27 0.333 0.333 NA NA NA NA NA NA NA NA NA NA NA NA
"7" "7" 1982-11-16 22.74 "KCK" "@" "SAS" "W" 3 1 22 0.399 0 NA NA 13.5 0 NA 2.6 NA NA NA NA 5.8 NA
"8" "8" 1982-11-20 22.75 "KCK" "@" "DAL" "W" 7 1 34 0.683 0.667 NA NA NA NA NA NA NA NA NA NA NA NA
"9" "9" 1982-11-24 22.76 "KCK" "" "DET" "W" 10 1 19 0.287 0.3 NA NA NA NA NA NA NA NA NA NA NA NA
"10" "10" 1982-11-25 22.76 "KCK" "@" "HOU" "W" 9 1 18 0.926 1 NA NA NA NA NA NA NA NA NA NA 9.2 NA
"11" "11" 1982-11-27 22.77 "KCK" "" "PHO" "W" 6 1 19 0.431 0.5 NA NA NA NA NA NA NA NA NA NA 3.6 NA
"12" "12" 1982-11-28 22.77 "KCK" "@" "CLE" "L" -8 1 14 0.532 1 NA NA NA NA NA NA NA NA NA NA 3.5 NA
"13" "13" 1982-11-30 22.78 "KCK" "@" "NJN" "L" -9 1 10 0.174 0 NA NA NA NA NA NA NA NA NA NA -1 NA
"14" "14" 1982-12-01 22.78 "KCK" "" "CHI" "W" 11 1 12 0.615 0.5 NA NA 17.4 8.3 NA NA NA NA NA NA 4.7 NA
"15" "15" 1982-12-03 22.79 "KCK" "" "GSW" "L" -16 1 16 1.042 1 NA NA NA NA NA NA NA NA NA NA NA NA
"16" "16" 1982-12-05 22.79 "KCK" "" "SEA" "W" 3 1 22 0.828 1 NA NA NA NA NA NA NA NA NA NA 10.8 NA
"17" "17" 1982-12-08 22.8 "KCK" "" "SAS" "L" -1 1 16 0 0 NA NA NA NA NA NA NA NA NA NA -1.2 NA
"18" "18" 1982-12-10 22.81 "KCK" "" "SDC" "W" 12 1 19 0.727 0.667 NA NA NA NA NA NA NA NA NA NA NA NA
"19" "19" 1982-12-11 22.81 "KCK" "@" "SAS" "W" 12 1 20 0.84 0.667 NA NA NA NA NA NA NA NA NA NA NA NA
"20" "20" 1982-12-15 22.82 "KCK" "" "NJN" "W" 1 1 16 1 1 NA NA NA NA NA NA NA NA NA NA 1.3 NA
"21" "21" 1982-12-17 22.82 "KCK" "@" "SEA" "L" -3 1 7 NA NA NA NA NA NA NA NA NA NA NA NA -0.4 NA
"22" "22" 1982-12-18 22.83 "KCK" "@" "GSW" "W" 16 1 38 0.75 0.75 NA NA NA NA NA NA NA NA NA NA 10.2 NA
"23" "23" 1982-12-20 22.83 "KCK" "@" "UTA" "L" -2 1 36 0.727 0.833 NA NA 13.3 7.2 NA 0 NA NA NA NA 9.3 NA
"24" "24" 1982-12-22 22.84 "KCK" "" "DEN" "W" 44 1 12 0.602 0.5 NA NA NA NA NA NA NA NA NA NA 8.4 NA
"25" "25" 1982-12-26 22.85 "KCK" "" "UTA" "W" 2 1 34 0.838 1 NA NA NA NA NA NA NA NA NA NA 15.7 NA
"26" "26" 1982-12-28 22.85 "KCK" "" "BOS" "W" 5 1 22 1.064 1 NA NA NA NA NA NA NA NA NA NA 5.1 NA
"27" "27" 1982-12-30 22.86 "KCK" "" "POR" "L" -6 1 10 0 0 NA NA 16.9 20.9 NA 6.2 0 NA NA NA 1.9 NA
"28" "28" 1983-01-02 22.87 "KCK" "@" "ATL" "W" 4 1 12 NA NA NA NA 3.8 0 NA NA NA NA NA NA -0.9 NA
"29" "29" 1983-01-04 22.87 "KCK" "@" "DEN" "L" -16 1 19 0.667 0.667 NA NA 15.8 0 NA 0 0 NA NA NA 5.1 NA
"30" "30" 1983-01-05 22.88 "KCK" "" "DEN" "W" 20 1 26 0.4 0.4 NA NA 13.5 11 NA NA NA NA NA NA 4.2 NA
"31" "31" 1983-01-07 22.88 "KCK" "" "UTA" "W" 22 1 27 0.5 0.5 NA NA 13.4 0 NA 0 NA NA NA NA NA NA
"32" "32" 1983-01-08 22.88 "KCK" "@" "PHI" "L" -12 1 14 0.667 0.667 NA NA 7.9 0 NA 0 NA NA NA NA NA NA
"33" "33" 1983-01-11 22.89 "KCK" "@" "UTA" "L" -8 1 23 0.512 0.5 NA NA 13.8 5.8 NA 0 NA NA NA NA 6.4 NA
"34" "34" 1983-01-12 22.9 "KCK" "" "SAS" "W" 5 1 18 0 0 NA NA 10.6 0 NA NA NA NA NA NA -2.1 NA
"35" "35" 1983-01-14 22.9 "KCK" "@" "SDC" "L" -7 1 19 0.4 0.4 NA NA 16.2 11.8 NA NA NA NA NA NA NA NA
"36" "36" 1983-01-15 22.9 "KCK" "@" "POR" "L" -11 1 23 0 0 NA NA 25 4.4 NA 0 33.3 NA NA NA -0.2 NA
"37" "37" 1983-01-16 22.91 "KCK" "@" "SEA" "L" -15 1 20 0.773 1 NA NA 20.2 0 NA NA NA NA NA NA 7.5 NA
"38" "38" 1983-01-19 22.92 "KCK" "" "NYK" "W" 3 1 11 NA NA NA NA 5.3 0 NA NA NA NA NA NA -2.3 NA
"39" "39" 1983-01-21 22.92 "KCK" "" "HOU" "W" 7 1 5 1 1 NA NA 10.5 0 NA NA NA NA NA NA NA NA
"40" "40" 1983-01-23 22.93 "KCK" "" "PHO" "L" -10 0 6 NA NA NA NA 15.5 0 NA NA NA NA NA NA -1.4 NA
"41" "41" 1983-01-25 22.93 "KCK" "@" "DEN" "L" -7 1 26 0.699 0.667 NA NA 30.3 7.2 NA NA NA NA NA NA 11.4 NA
"42" "42" 1983-01-26 22.93 "KCK" "" "DAL" "L" -10 1 20 0.694 0.667 NA NA 14.3 0 NA NA NA NA NA NA 6.5 NA
"43" "43" 1983-01-28 22.94 "KCK" "" "PHI" "L" -15 1 12 0.521 0.5 NA NA 24.2 0 NA 0 NA NA NA NA NA NA
"44" "44" 1983-01-29 22.94 "KCK" "@" "IND" "L" -11 1 11 1 1 NA NA 14.7 10.5 NA NA NA NA NA NA NA NA
"45" "45" 1983-01-31 22.95 "KCK" "@" "NYK" "L" -17 0 21 0.436 0.333 NA NA NA NA NA NA NA NA NA NA 4.3 NA
"46" "46" 1983-02-02 22.95 "KCK" "@" "WSB" "W" 2 0 10 1 1 NA NA 20.6 0 NA NA NA NA NA NA 2 NA
"47" "47" 1983-02-04 22.96 "KCK" "" "LAL" "L" -18 0 9 1 1 NA NA NA 12.5 NA NA NA NA NA NA NA NA
"48" "48" 1983-02-06 22.96 "KCK" "@" "LAL" "L" -10 0 5 0 0 NA NA 35.1 21.3 NA NA NA NA NA NA 0.7 NA
"49" "49" 1983-02-08 22.97 "KCK" "@" "HOU" "L" -1 1 14 0.788 0.75 NA NA NA NA NA NA NA NA NA NA 6.4 NA
"50" "50" 1983-02-09 22.97 "KCK" "" "GSW" "W" 5 1 20 0.75 0.75 NA NA 19.1 0 NA 0 NA NA NA NA 4.1 NA
"51" "51" 1983-02-16 22.99 "KCK" "" "PHO" "L" -9 1 31 0.436 0.333 NA NA NA NA NA NA NA NA NA NA 9.5 NA
"52" "52" 1983-02-18 23 "KCK" "" "LAL" "W" 6 1 28 0.714 0.714 NA NA 11.3 0 NA NA NA NA NA NA NA NA
"53" "53" 1983-02-20 23 "KCK" "" "HOU" "W" 22 1 12 0.387 0.333 NA NA NA NA NA NA NA NA NA NA NA NA
"54" "54" 1983-02-23 23.01 "KCK" "" "WSB" "W" 6 1 19 1.136 NA NA NA 9 10.5 NA NA NA NA NA NA 3.5 NA
"55" "55" 1983-02-25 23.02 "KCK" "" "SAS" "L" -6 1 11 1 1 NA NA NA NA NA NA NA NA NA NA NA NA
"56" "56" 1983-02-26 23.02 "KCK" "@" "DAL" "L" -11 1 27 0.82 0.75 NA NA NA NA NA NA NA NA NA NA NA NA
"57" "57" 1983-03-01 23.03 "KCK" "@" "BOS" "L" -18 1 24 0.512 0.5 NA NA NA NA NA NA NA NA NA NA 6.8 NA
"58" "58" 1983-03-03 23.03 "KCK" "@" "DET" "W" 7 1 29 0.694 0.5 NA NA NA NA NA NA NA NA NA NA 6.1 NA
"59" "59" 1983-03-04 23.04 "KCK" "" "IND" "W" 17 1 13 1 1 NA NA 19.9 18.2 NA 8 NA NA NA NA NA NA
"60" "60" 1983-03-06 23.04 "KCK" "" "SDC" "W" 39 1 20 0.563 0.625 NA NA 24.6 11.7 NA 0 NA NA NA NA 8.4 NA
"61" "61" 1983-03-09 23.05 "KCK" "" "DAL" "W" 16 1 18 1 1 NA NA NA NA NA NA NA NA NA NA 6.5 NA
"62" "62" 1983-03-11 23.05 "KCK" "@" "MIL" "L" -8 1 19 1.064 1 NA NA 19.2 7.1 NA 0 0 NA NA NA NA NA
"63" "63" 1983-03-13 23.06 "KCK" "" "SEA" "L" -5 1 28 0.654 0.667 NA NA NA NA NA NA NA NA NA NA 11.4 NA
"64" "64" 1983-03-15 23.07 "KCK" "@" "POR" "L" -17 1 19 0 0 NA NA 21.8 0 NA 0 0 NA NA NA 1.1 NA
"65" "65" 1983-03-16 23.07 "KCK" "@" "SEA" "L" -8 1 24 0.4 0.4 NA NA NA NA NA NA NA NA NA NA 5.2 NA
"66" "66" 1983-03-18 23.07 "KCK" "@" "LAL" "L" -13 1 32 0.727 0.667 NA NA 19.1 0 NA NA NA NA NA NA NA NA
"67" "67" 1983-03-20 23.08 "KCK" "" "GSW" "W" 14 1 17 1 1 NA NA 16 6.5 NA NA NA NA NA NA 4.4 NA
"68" "68" 1983-03-22 23.08 "KCK" "" "CLE" "W" 23 1 20 0.5 0.5 NA NA NA NA NA NA NA NA NA NA 4.4 NA
"69" "69" 1983-03-24 23.09 "KCK" "@" "PHO" "L" -17 1 14 0 0 NA NA NA NA NA NA NA NA NA NA -0.9 NA
"70" "70" 1983-03-26 23.1 "KCK" "@" "DAL" "W" 3 1 28 1.136 NA NA NA NA NA NA NA NA NA NA NA NA NA
"71" "71" 1983-03-27 23.1 "KCK" "" "POR" "W" 15 0 26 0.667 0.667 NA NA 16.4 0 NA 0 0 NA NA NA 4 NA
"72" "72" 1983-03-29 23.1 "KCK" "@" "HOU" "W" 16 0 16 0.5 0.5 NA NA NA NA NA NA NA NA NA NA 1.1 NA
"73" "73" 1983-04-01 23.11 "KCK" "@" "SDC" "W" 16 0 36 0.678 0.75 NA NA NA NA NA NA NA NA NA NA NA NA
"74" "74" 1983-04-02 23.12 "KCK" "@" "GSW" "W" 10 0 27 0.8 0.8 NA NA NA NA NA NA NA NA NA NA 6.8 NA
"75" "75" 1983-04-05 23.12 "KCK" "@" "SAS" "L" -17 0 11 NA NA NA NA NA NA NA NA NA NA NA NA -0.8 NA
"76" "76" 1983-04-06 23.13 "KCK" "" "DEN" "W" 17 0 28 0.694 0.75 NA NA NA NA NA NA NA NA NA NA 14.8 NA
"77" "77" 1983-04-08 23.13 "KCK" "" "UTA" "W" 15 0 29 0.667 0.667 NA NA 7 0 NA 0 NA NA NA NA NA NA
"78" "78" 1983-04-09 23.13 "KCK" "@" "UTA" "W" 6 0 18 0.25 0.25 NA NA 14.2 6.5 NA 0 NA NA NA NA NA NA
"79" "79" 1983-04-12 23.14 "KCK" "@" "CHI" "W" 10 0 19 NA NA NA NA 11.6 0 NA NA NA NA NA NA -0.4 NA
"80" "80" 1983-04-13 23.15 "KCK" "" "ATL" "W" 11 0 25 NA NA NA NA NA NA NA NA NA NA NA NA 3.1 NA
"81" "81" 1983-04-15 23.15 "KCK" "" "HOU" "W" 15 0 27 0.5 0.5 NA NA NA NA NA NA NA NA NA NA NA NA
"82" "82" 1983-04-17 23.16 "KCK" "@" "DEN" "L" -9 0 27 0.725 0 NA NA NA NA NA NA NA NA NA NA 10.6 NA
"1" "1" 1983-10-30 23.69 "KCK" "" "SEA" "L" -5 0 14 0 0 25.1 24.5 24.8 8.2 3.2 0 33.3 8.6 69 108 0.7 NA
"2" "2" 1983-11-01 23.7 "KCK" "" "GSW" "W" 2 0 7 0 0 19.6 13.4 15.9 0 0 0 0 5.7 67 108 -0.9 NA
"3" "3" 1983-11-03 23.7 "KCK" "" "DEN" "L" -3 0 4 0 0 0 0 0 0 0 0 0 8.8 0 114 -0.7 NA
"4" "4" 1983-11-05 23.71 "KCK" "" "HOU" "W" 17 0 20 0.667 0.667 5.3 28.6 16.6 6 2.3 2.9 40 9.3 85 94 4.9 NA
"5" "5" 1983-11-08 23.72 "KCK" "@" "CHI" "L" -3 0 17 0.425 0.4 12.8 14.5 13.6 0 0 0 14.5 15.8 88 105 2.5 NA
"6" "6" 1983-11-09 23.72 "KCK" "@" "MIL" "L" -2 0 9 0.5 0.5 0 15.7 7.7 0 0 0 0 9.9 99 102 0.5 NA
"7" "7" 1983-11-11 23.73 "KCK" "@" "PHI" "L" -8 0 10 0 0 0 0 0 14.1 0 0 0 4.4 44 120 0 NA
"8" "8" 1983-11-12 23.73 "KCK" "@" "DET" "L" -25 0 20 0.4 0.4 9.6 32 20.2 6.8 4.1 2.5 0 9.3 103 102 7.1 NA
"9" "9" 1983-11-15 23.74 "KCK" "@" "WSB" "W" 1 0 7 1 1 22.1 26.9 25.1 0 0 0 0 12.6 201 97 4.3 NA
"10" "10" 1983-11-17 23.74 "KCK" "@" "SAS" "W" 1 0 11 0.333 0.333 11.2 0 5.8 10 0 0 25 14.4 79 139 -1.3 NA
"11" "11" 1983-11-22 23.76 "KCK" "" "SDC" "W" 19 0 19 0.683 0.667 17.2 13 15.2 0 2.3 3 21.5 19.1 112 88 8.6 NA
"12" "12" 1983-11-25 23.76 "KCK" "@" "DAL" "L" -2 0 19 NA NA 0 26.9 13.3 0 7.4 0 NA 0 0 81 4.1 NA
"13" "13" 1983-11-26 23.77 "KCK" "" "UTA" "W" 1 0 7 0.5 0.5 18 0 9 0 0 0 0 11 130 117 1.3 NA
"14" "14" 1983-11-28 23.77 "KCK" "" "POR" "W" 9 0 1 NA NA 0 0 0 0 0 0 NA 0 0 111 -0.8 NA
"15" "15" 1983-11-30 23.78 "KCK" "@" "PHO" "W" 2 0 14 0.5 0.5 9.3 39.2 23.8 0 3.3 0 0 6.1 124 107 2.3 NA
"16" "16" 1983-12-03 23.79 "KCK" "@" "UTA" "L" -5 0 2 NA NA 0 0 0 0 0 0 NA 0 0 121 0 NA
"17" "17" 1983-12-06 23.79 "KCK" "" "DAL" "W" 9 0 1 NA NA 0 0 0 0 0 0 NA 0 0 119 0 NA
"18" "18" 1983-12-08 23.8 "KCK" "@" "LAL" "L" -23 0 7 0.5 0.5 0 16.3 8.1 21.3 0 0 0 10.7 116 119 2 NA
"19" "19" 1983-12-10 23.81 "KCK" "" "IND" "W" 16 0 3 0 0 0 82.1 38.6 0 0 0 0 12.7 0 86 -0.1 NA
"20" "20" 1983-12-15 23.82 "KCK" "@" "GSW" "L" -3 1 27 0.75 0.75 7.3 12.7 9.8 8.3 3.2 0 0 5.4 167 106 8.5 NA
"21" "21" 1983-12-17 23.82 "KCK" "@" "PHO" "L" -20 0 14 0 0 15.2 16.3 15.8 10.7 6.1 0 33.3 7.9 43 97 0.7 NA
"22" "22" 1983-12-20 23.83 "KCK" "" "DEN" "W" 17 0 1 NA NA 0 0 0 0 0 0 NA 0 0 108 -0.4 NA
"23" "23" 1983-12-23 23.84 "KCK" "" "SAS" "W" 4 0 10 1.064 1 36.9 40.9 39.1 10.9 0 0 34.7 11.6 155 114 6.3 NA
"24" "24" 1983-12-27 23.85 "KCK" "" "PHI" "L" -3 0 4 NA NA 0 0 0 0 0 0 NA 0 0 115 -0.4 NA
"25" "25" 1983-12-29 23.86 "KCK" "@" "SAS" "L" -11 0 8 1 1 0 0 0 0 0 0 0 4.1 200 122 1.3 NA
"26" "26" 1983-12-30 23.86 "KCK" "" "SDC" "L" -3 0 9 NA NA 0 0 0 0 0 0 NA 0 0 124 -0.8 NA
"27" "27" 1984-01-03 23.87 "KCK" "@" "POR" "L" -19 0 5 NA NA 0 20.4 10.9 0 0 0 NA 0 0 120 0.3 NA
"28" "28" 1984-01-04 23.87 "KCK" "@" "SDC" "L" -1 0 1 NA NA 0 0 0 0 0 0 NA 0 0 123 0 NA
"29" "29" 1984-01-06 23.88 "KCK" "@" "UTA" "L" -20 0 14 0 0 0 29.4 11.7 0 0 0 66.7 7.6 0 116 -3.4 NA
"30" "30" 1984-01-07 23.88 "KCK" "" "PHO" "W" 2 0 5 0.129 0 60 22.3 42.2 25.9 0 0 0 33 81 100 0 NA
"31" "31" 1984-01-10 23.89 "KCK" "" "DAL" "W" 10 0 37 0.806 0.75 9.1 14.2 11.9 0 0 0 0 7.1 178 109 10.7 NA
"32" "32" 1984-01-12 23.9 "KCK" "" "LAL" "L" -6 0 7 0 0 12.9 0 7.6 0 0 0 0 5.7 47 106 0 NA
"33" "33" 1984-01-14 23.9 "KCK" "@" "HOU" "L" -5 0 11 NA NA NA NA NA NA NA NA NA NA NA NA 0.3 NA
"34" "34" 1984-01-15 23.9 "KCK" "" "SDC" "W" 13 0 19 0.174 0 12.3 10.1 11.1 12.3 0 0 51 13.3 52 101 -2 NA
"35" "35" 1984-01-20 23.92 "KCK" "@" "DEN" "L" -2 0 14 1 1 0 7.8 4.3 0 0 0 0 3.1 200 124 1.2 NA
"36" "36" 1984-01-21 23.92 "KCK" "@" "POR" "L" -20 0 3 0 0 51.6 0 21.9 0 0 0 0 14.3 57 126 0 NA
"37" "37" 1984-01-24 23.93 "KCK" "" "NJN" "W" 9 0 19 0.532 0 0 5.2 2.7 11.2 0 2.8 0 3.9 155 111 3.7 NA
"38" "38" 1984-01-26 23.93 "KCK" "" "SEA" "L" -8 0 10 0.667 0.667 10 0 5.8 0 0 0 25 15.7 103 119 2.4 NA
"39" "39" 1984-02-01 23.95 "KCK" "@" "BOS" "L" -9 0 27 0.333 0.333 7.9 34.7 20.7 3.9 1.7 0 0 4.5 111 110 5.4 NA
"40" "40" 1984-02-03 23.96 "KCK" "@" "NJN" "W" 2 0 18 0.266 0 13 35.6 24.8 5.6 0 0 0 4.3 119 110 2.6 NA
"41" "41" 1984-02-04 23.96 "KCK" "" "DEN" "W" 7 0 24 0.764 0.6 15.4 20 17.4 5.6 0 0 12.2 13.4 154 101 10.8 NA
"42" "42" 1984-02-07 23.97 "KCK" "" "MIL" "L" -2 0 20 0.6 0.6 12.3 11 11.6 0 2.6 3 16.7 13.1 109 105 5.6 NA
"43" "43" 1984-02-08 23.97 "KCK" "@" "SAS" "W" 8 0 14 1 1 20.6 18 19.5 23.1 0 0 0 2.8 199 107 5.7 NA
"44" "44" 1984-02-10 23.98 "KCK" "@" "DAL" "L" -19 0 12 0.568 NA 8.7 9.5 9.1 21.1 8.6 0 0 3.3 160 110 4.6 NA
"45" "45" 1984-02-11 23.98 "KCK" "" "WSB" "W" 3 0 10 0.798 1 11.4 14.1 12.6 0 5 0 0 8.5 166 89 3.9 NA
"46" "46" 1984-02-14 23.99 "KCK" "" "NYK" "L" -6 0 23 1.136 NA 6.3 19 12.6 18.4 4.3 0 43.1 8.9 147 104 8.1 NA
"47" "47" 1984-02-16 23.99 "KCK" "" "UTA" "W" 22 0 16 0.727 0.667 0 20 10.7 0 2.8 0 0 8.6 151 92 4.8 NA
"48" "48" 1984-02-18 24 "KCK" "" "ATL" "W" 5 0 25 0.667 0.667 4.6 4.2 4.4 5 2 0 25 6.9 108 111 2.4 NA
"49" "49" 1984-02-21 24.01 "KCK" "" "DET" "W" 7 0 19 0 0 0 20.6 10.8 0 0 0 0 2 0 100 -0.3 NA
"50" "50" 1984-02-23 24.01 "KCK" "" "PHO" "L" -12 0 12 0.568 NA 0 31.6 15.6 50 8.2 0 69.4 10.7 72 91 3.5 NA
"51" "51" 1984-02-25 24.02 "KCK" "@" "DEN" "L" -12 0 20 1 1 0 16 7.4 14.9 4.3 2.6 50 7.5 107 126 5.2 NA
"52" "52" 1984-02-28 24.02 "KCK" "" "CLE" "W" 5 0 22 0.25 0.25 6.8 23.1 16.5 0 0 2.5 20 9.9 58 112 -0.9 NA
"53" "53" 1984-03-01 24.03 "KCK" "@" "HOU" "W" 7 0 12 NA NA 0 9.3 4.8 0 0 0 NA 0 0 109 -0.5 NA
"54" "54" 1984-03-02 24.03 "KCK" "@" "DAL" "L" -14 0 16 1.042 1 0 8.6 4.3 0 3.1 0 25.8 11.6 148 111 4.9 NA
"55" "55" 1984-03-03 24.04 "KCK" "" "DAL" "W" 2 0 24 0.307 0.25 9.5 25.5 18 0 2 0 17 9.8 75 98 1.8 NA
"56" "56" 1984-03-06 24.04 "KCK" "" "POR" "W" 18 0 17 1 1 7.4 30 19.9 0 2.5 0 0 4.8 200 91 5.4 NA
"57" "57" 1984-03-08 24.05 "KCK" "" "CHI" "W" 5 0 13 1 1 0 22.4 10.9 0 3.6 4.2 50 6.6 70 100 2.6 NA
"58" "58" 1984-03-11 24.06 "KCK" "" "GSW" "L" -6 0 26 0.4 0.4 12.6 9 10.9 4.6 5.5 0 0 7.5 120 108 6.5 NA
"59" "59" 1984-03-14 24.07 "KCK" "@" "ATL" "W" 8 0 14 NA NA 7.5 22.4 14.9 8.4 10.9 0 NA 0 200 77 4.9 NA
"60" "60" 1984-03-15 24.07 "KCK" "@" "IND" "W" 1 0 20 0.615 0.5 11.7 6.9 9.5 5.8 0 0 0 5.2 161 119 3.6 NA
"61" "61" 1984-03-17 24.07 "KCK" "@" "NYK" "L" -14 0 13 0.773 0.667 0 20.5 10.5 0 0 0 20.5 15.6 121 119 3.1 NA
"62" "62" 1984-03-18 24.08 "KCK" "@" "CLE" "W" 11 0 19 1 1 0 14 6.3 25 2.6 0 0 2.3 200 99 5.7 NA
"63" "63" 1984-03-20 24.08 "KCK" "@" "HOU" "W" 13 0 20 0.773 0.667 4.6 24 14.1 13.3 2.2 0 20.5 9.1 135 95 7.1 NA
"64" "64" 1984-03-21 24.08 "KCK" "" "LAL" "L" -7 0 19 0.727 0.667 10.3 7.4 9.1 19 0 0 22.5 8.6 134 117 5.7 NA
"65" "65" 1984-03-23 24.09 "KCK" "@" "DEN" "L" -10 0 18 1.136 NA 10.3 17 13.5 0 0 0 0 1.7 233 118 3.5 NA
"66" "66" 1984-03-24 24.09 "KCK" "" "SAS" "W" 7 0 11 1 1 0 12.5 5.8 28.7 4.1 0 50 7 117 108 4.1 NA
"67" "67" 1984-03-27 24.1 "KCK" "@" "UTA" "L" -4 0 10 NA NA 0 0 0 0 0 0 100 4 0 119 -3 NA
"68" "68" 1984-03-28 24.1 "KCK" "@" "SEA" "L" -17 0 18 0.678 0.5 22.7 48.5 33.3 9.3 0 0 23.1 20.2 122 116 9.5 NA
"69" "69" 1984-03-29 24.11 "KCK" "@" "POR" "L" -7 0 2 0 0 0 0 0 0 0 0 0 18.6 0 125 -1.5 NA
"70" "70" 1984-03-31 24.11 "KCK" "" "UTA" "W" 2 0 7 0 0 32.7 0 17.1 0 7.1 0 0 5.6 89 101 1.3 NA
"71" "71" 1984-04-03 24.12 "KCK" "@" "PHO" "L" -4 0 9 0.543 0 11.3 70.2 37.6 0 5.2 0 26.6 16.6 97 89 3.7 NA
"1" "1" 1985-02-28 25.02 "KCK" "" "PHI" "L" -8 0 9 0.5 0.5 13.7 13.7 13.7 0 0 0 0 9 131 128 1.2 -6.9
"2" "2" 1985-03-02 25.03 "KCK" "@" "PHO" "L" -3 0 6 0.102 0 48 0 25.3 0 0 0 0 31.1 61 108 -0.9 -23.5
"3" "3" 1985-03-03 25.03 "KCK" "@" "LAC" "W" 4 0 6 0.333 0.333 0 19.2 8.8 0 0 0 25 26.9 50 107 -0.8 -19.9
"4" "4" 1985-03-05 25.04 "KCK" "" "NJN" "W" 21 0 21 1 1 19.6 19 19.2 9.4 2.2 0 71.4 12.8 70 101 3.6 -2.2
"5" "5" 1985-03-07 25.04 "KCK" "" "DEN" "W" 2 0 17 1 1 0 5.2 3.5 0 0 0 0 2.2 200 128 1.2 -3.9
"6" "6" 1985-03-08 25.05 "KCK" "@" "MIL" "L" -13 0 12 1 1 0 12.9 5.7 22.2 0 0 0 3.5 200 127 3.4 6.2
"7" "7" 1985-03-10 25.05 "KCK" "" "LAC" "W" 18 0 16 0 0 8.6 13.3 11.3 5.8 0 0 33.3 15.6 26 113 -3.2 -19.8
"8" "8" 1985-03-12 25.06 "KCK" "" "POR" "W" 6 0 7 1 1 17.6 19.6 18.5 20 0 0 0 12.1 200 121 4.3 9.6
"9" "9" 1985-03-17 25.07 "KCK" "" "UTA" "W" 6 0 10 0.798 1 13 19.2 16.6 0 0 5.5 0 7.5 161 96 3.5 2.6
"10" "10" 1985-03-20 25.08 "KCK" "@" "PHI" "W" 1 0 8 0.568 NA 16.2 0 7.7 0 0 0 0 4.9 146 119 1.3 -1.8
"11" "11" 1985-03-22 25.08 "KCK" "@" "ATL" "W" 19 0 12 0.532 0 0 8.3 5.1 0 0 0 0 7.2 125 114 0.8 -5.7
"12" "12" 1985-03-23 25.09 "KCK" "" "NYK" "W" 8 0 7 1 1 0 0 0 0 0 0 0 12.1 200 113 2.6 2.6
"13" "13" 1985-03-25 25.09 "KCK" "" "SEA" "W" 15 0 10 0.667 0.667 0 0 0 34 0 0 0 12.2 161 114 4.4 6.9
"14" "14" 1985-03-26 25.1 "KCK" "@" "HOU" "L" -22 0 14 0.266 0 0 27.1 11.4 17.6 3.7 0 0 5.6 94 112 3.2 1.1
"15" "15" 1985-03-28 25.1 "KCK" "@" "DEN" "L" -18 0 12 0.735 0.8 7.5 16 11.7 36.4 0 0 15.5 18.7 130 120 7.3 9.2
"16" "16" 1985-03-30 25.11 "KCK" "" "GSW" "W" 16 0 9 0.955 1 29.6 16.7 23.5 18 0 0 25.8 34.6 135 116 9.4 8.7
"17" "17" 1985-04-03 25.12 "KCK" "@" "LAC" "L" -2 0 12 0.133 0 9.3 0 5.1 7.5 0 0 0 12.9 63 130 -0.2 -12.1
"18" "18" 1985-04-05 25.12 "KCK" "@" "LAL" "L" -7 0 2 1 1 0 85.7 37.5 0 0 0 0 20.3 200 118 2 14.8
"19" "19" 1985-04-06 25.13 "KCK" "@" "GSW" "L" -16 0 7 1 1 0 39.2 18.3 0 0 0 25 22.7 120 136 4.3 3.4
"20" "20" 1985-04-09 25.13 "KCK" "" "DAL" "W" 12 0 5 NA NA 0 0 0 0 0 0 NA 0 0 112 -0.4 -6.7
"21" "21" 1985-04-11 25.14 "KCK" "" "HOU" "L" -2 0 13 0.5 0.5 0 16.4 9.2 8.1 3.5 0 33.3 9.1 77 113 2.3 -1.9
"22" "22" 1985-04-14 25.15 "KCK" "" "LAL" "L" -6 0 10 NA NA 0 28.8 16.9 10 0 0 NA 0 200 107 0.8 -1.9
"1" "1" 1986-10-31 26.7 "SAS" "@" "DEN" "L" -30 0 18 0.387 0.333 5.2 28.8 15.2 0 5.3 0 0 8.6 98 119 4.4 -3.3
"2" "2" 1986-11-01 26.7 "SAS" "" "DAL" "W" 3 0 8 0 0 0 0 0 13.3 0 0 0 5.2 53 113 -1.2 -13.4
"3" "3" 1986-11-04 26.71 "SAS" "@" "CHI" "L" -7 0 14 1.167 1.167 0 34.3 18.8 21.6 0 0 0 9.7 226 104 8.2 12.3
"4" "4" 1986-11-05 26.71 "SAS" "@" "NJN" "W" 9 0 17 0.25 0.25 20.2 7.1 13.8 15.2 5.5 0 0 9.2 110 95 4.6 3.2
"5" "5" 1986-11-07 26.72 "SAS" "@" "PHI" "L" -17 0 15 1.136 NA 8 32 20 16 3.2 0 53.2 5.2 134 108 4.9 4.2
"6" "6" 1986-11-08 26.72 "SAS" "@" "IND" "L" -33 0 8 NA NA 0 27.9 11.4 0 5.2 0 100 4.6 0 103 -0.2 -10.3
"7" "7" 1986-11-11 26.73 "SAS" "@" "HOU" "L" -21 0 9 0.129 0 11.3 33.3 22.5 0 5 0 0 16.8 46 99 0.7 -9.5
"8" "8" 1986-11-13 26.73 "SAS" "" "CLE" "W" 13 0 14 0.512 0.5 13.2 8.4 11.1 9.2 9.8 0 0 13.5 131 84 6.4 7.8
"9" "9" 1986-11-15 26.74 "SAS" "" "PHO" "L" -7 0 11 0 0 7.3 38.5 18.6 37.9 0 0 0 14 63 116 1.6 -4
"10" "10" 1986-11-19 26.75 "SAS" "" "LAL" "L" -9 0 15 0.333 0.333 0 15.2 7.3 8.5 0 0 0 8.2 84 116 1.2 -7.2
"11" "11" 1986-11-21 26.75 "SAS" "@" "POR" "L" -13 0 25 0.571 0.571 3.8 13.2 7.3 4.8 0 2.5 12.5 11.7 113 126 4.8 -4.8
"12" "12" 1986-11-22 26.76 "SAS" "@" "LAC" "W" 7 0 17 1.064 1 7.8 42.8 24.6 6.7 0 0 34.7 6.8 144 103 3.6 -5
"13" "13" 1986-11-25 26.76 "SAS" "" "NJN" "W" 18 0 26 0.825 0.875 10.3 15 12.6 11.9 0 0 0 19.3 170 107 17.1 8.9
"14" "14" 1986-11-28 26.77 "SAS" "@" "BOS" "L" -15 0 24 0.383 0.3 24.6 11.1 19.4 11.1 0 0 0 17.5 107 107 8.9 -0.9
"15" "15" 1986-11-29 26.78 "SAS" "@" "WSB" "L" -13 0 19 0 0 0 22.5 10.6 17.2 2.5 2.7 25 8.2 38 111 1.5 -6
"16" "16" 1987-01-03 26.87 "SAS" "" "DAL" "L" -17 0 11 0 0 8.1 9.7 8.8 28.2 4.6 5.6 25 14.9 31 103 -0.2 -6.6
"17" "17" 1987-01-06 26.88 "SAS" "" "IND" "L" -2 0 1 0 0 0 0 0 0 0 0 0 45.7 0 116 -0.7 -48.4
"18" "18" 1987-01-07 26.88 "SAS" "@" "DAL" "L" -5 0 1 0 0 0 0 0 100 0 0 0 40.8 87 120 0.7 49
"19" "19" 1987-01-09 26.89 "SAS" "@" "PHO" "W" 15 0 17 0.347 0.5 0 50.7 26.7 0 2.7 4.2 25.8 9.5 49 86 1.8 -2.5
"20" "20" 1987-01-11 26.89 "SAS" "@" "LAL" "L" -2 0 13 0.515 0.333 20 26.4 22.7 0 0 0 20.5 15.8 108 121 2.5 -8.4
"21" "21" 1987-01-13 26.9 "SAS" "@" "GSW" "L" -2 0 12 0.41 0.25 35.1 0 20.4 10.5 0 0 0 15.2 134 114 5 -1.6
"22" "22" 1987-01-14 26.9 "SAS" "@" "SEA" "L" -26 0 23 0.375 0.375 10.1 7.7 9 0 2 0 0 12.3 102 122 4.1 -6.7
"23" "23" 1987-01-17 26.91 "SAS" "" "UTA" "W" 11 0 11 0.174 0 18.2 7.3 12.1 25.7 0 4.6 0 10.7 98 96 2.6 2.5
"24" "24" 1987-01-19 26.92 "SAS" "" "LAC" "W" 7 0 12 NA NA 9.8 17 13.6 17.4 0 0 NA 0 200 111 1.5 -2.8
"25" "25" 1987-01-21 26.92 "SAS" "" "HOU" "L" -20 0 8 0 0 34.6 29.3 32.3 17.1 0 0 25 21.4 48 111 -0.1 -17.9
"26" "26" 1987-01-27 26.94 "SAS" "" "DET" "W" 11 0 11 0.5 0.5 0 0 0 0 0 5.1 0 7.8 90 106 0.5 -8.1
"27" "27" 1987-01-29 26.94 "SAS" "@" "SAC" "W" 6 0 1 NA NA 0 0 0 0 0 0 NA 0 0 119 -0.4 -19.2
"28" "28" 1987-02-10 26.98 "SAS" "@" "HOU" "L" -23 0 14 0.266 0 0 22.9 10.4 8.4 3.3 0 0 5.5 76 103 1.7 -3.9
"29" "29" 1987-02-11 26.98 "SAS" "" "WSB" "L" -25 0 4 0.5 0.5 49 22.6 35.3 0 12.1 0 0 19.8 136 106 3.3 10.3
"30" "30" 1987-02-13 26.98 "SAS" "" "LAC" "L" -14 0 9 0 0 18.7 61 34.8 29.6 0 6.8 25 16.8 43 102 1.2 -6.1
"31" "31" 1987-02-14 26.99 "SAS" "@" "UTA" "L" -13 0 12 0.333 0.333 18.2 8.2 12.9 0 7.2 0 0 9 104 89 2.8 1
"32" "32" 1987-02-17 26.99 "SAS" "" "DEN" "W" 5 0 1 NA NA 0 0 0 0 0 0 NA 0 0 116 0 -3.4
"33" "33" 1987-02-20 27 "SAS" "@" "DAL" "L" -15 0 4 NA NA 21.4 0 12.2 0 0 0 100 10.4 50 134 -0.3 -18.6
"34" "34" 1987-02-26 27.02 "SAS" "" "PHI" "W" 2 0 21 1 1 4.9 36.9 17.6 19.4 0 0 0 4.1 201 98 6.1 2.9
"35" "35" 1987-02-28 27.02 "SAS" "" "DAL" "W" 25 0 14 0.532 0 28.6 29.8 29.3 12.9 0 0 34.7 8.3 128 96 3.8 -1
"36" "36" 1987-03-02 27.03 "SAS" "" "HOU" "L" -5 0 8 0.333 0.333 15 14.6 14.8 0 0 0 25 21.7 64 115 -0.9 -22.9
"37" "37" 1987-03-05 27.04 "SAS" "@" "DEN" "L" -17 0 6 0.42 0 28.1 21.1 25.3 19.5 0 0 0 28.5 129 117 4.3 7.3
"38" "38" 1987-03-06 27.04 "SAS" "" "SAC" "W" 11 0 18 0.42 0.333 11.9 21.6 16.3 11 7.6 0 0 10.7 121 100 7 2.5
"39" "39" 1987-03-08 27.05 "SAS" "@" "GSW" "L" -26 0 26 0.266 0 4 16.8 9.3 8 0 0 34.7 4.5 78 139 1.5 -9.1
"40" "40" 1987-03-10 27.05 "SAS" "" "ATL" "L" -7 0 20 1 1 15.3 26 20.6 13.8 2.5 0 0 2.1 199 101 6.1 4.2
"41" "41" 1987-03-12 27.06 "SAS" "@" "HOU" "L" -9 0 32 0.5 0.5 20.9 36.6 28.6 3.6 0 1.8 16.7 15.6 107 118 10.8 -2.7
"42" "42" 1987-03-14 27.06 "SAS" "" "PHO" "W" 13 0 15 0.333 0.333 9.1 32 21.3 6.6 0 0 40 13.7 62 107 -0.3 -13.3
"43" "43" 1987-03-16 27.07 "SAS" "@" "SEA" "L" -11 0 25 0 0 7.7 17.9 12.4 8 2 0 0 4.6 67 123 2 -4.9
"44" "44" 1987-03-17 27.07 "SAS" "@" "SAC" "W" 2 1 26 0.543 0.5 7.9 22.5 14.7 13.7 0 0 13.4 11.7 119 111 6 -3.9
"45" "45" 1987-03-20 27.08 "SAS" "@" "LAL" "L" -32 1 19 0.41 0.25 0 53.2 24.1 31.2 4.8 0 29.1 14.5 87 116 5.9 -0.3
"46" "46" 1987-03-22 27.08 "SAS" "@" "LAC" "W" 4 1 40 0.5 0.5 2.9 14.1 8.6 3 1.2 0 50 4.1 66 106 1.7 -5
"47" "47" 1987-03-24 27.09 "SAS" "" "HOU" "W" 6 0 12 1 1 0 9.3 5.1 0 0 0 50 7.4 70 110 0.2 -8
"48" "48" 1987-03-27 27.1 "SAS" "@" "UTA" "L" -11 0 34 0.686 0.633 10.5 28.2 18 3.6 1.2 0 5.6 17.7 146 124 21.2 2.9
"49" "49" 1987-03-29 27.1 "SAS" "" "POR" "L" -22 0 27 0.333 0.333 3.7 24.4 14.4 0 0 1.8 25 5.6 64 117 0.8 -9.2
"50" "50" 1987-03-31 27.11 "SAS" "@" "DEN" "L" -5 0 21 0 0 0 22 11 5.9 4.5 0 50 3.8 23 98 0.9 -5
"51" "51" 1987-04-01 27.11 "SAS" "" "UTA" "L" -3 0 21 1.054 1 5.7 17.3 12.3 11.6 2.3 0 23.1 8.3 165 104 8.1 4.4
"52" "52" 1987-04-03 27.12 "SAS" "" "DEN" "L" -10 0 22 0.667 0.667 4.6 10.6 7.4 12.2 8.1 0 0 5.4 152 97 8.2 6.6
"53" "53" 1987-04-05 27.12 "SAS" "" "GSW" "L" -1 1 20 0.46 0.4 16.9 37.9 27.6 0 0 0 15.5 13.3 101 105 3.1 -9.7
"54" "54" 1987-04-08 27.13 "SAS" "" "SAC" "L" -1 1 18 0 0 20.5 6.5 13.3 11.6 0 0 0 7.1 89 120 1.3 -8.5
"55" "55" 1987-04-10 27.14 "SAS" "@" "LAL" "L" -10 1 11 0.727 0.667 0 11.2 5 10.8 0 0 22.5 14.9 119 130 2.9 -3.9
"56" "56" 1987-04-11 27.14 "SAS" "@" "PHO" "L" -20 0 22 0.8 0.8 11.5 49.9 29.9 27.1 4.3 0 16.7 11.1 149 121 14 10.3
"57" "57" 1987-04-13 27.15 "SAS" "@" "SAC" "L" -5 1 12 0.694 0.5 8.3 19.5 13.5 11.1 0 4.7 0 9.1 167 118 5.3 3.7
"58" "58" 1987-04-15 27.15 "SAS" "" "POR" "W" 11 0 33 0.751 0.833 11 18.6 14.5 9.5 1.3 0 0 8.1 161 100 13.7 4.2
"59" "59" 1987-04-17 27.16 "SAS" "" "LAL" "W" 12 0 32 0.833 0.833 19.2 33.3 26.8 7.6 3.1 2 25 10.4 133 96 14.4 5.8
"60" "60" 1987-04-19 27.16 "SAS" "@" "POR" "L" -10 0 20 0.904 0.75 14.1 7.3 10.7 16.1 2.1 0 31.1 18.1 138 128 10.2 2.8
"1" "1" 1987-11-07 27.72 "SAS" "" "DAL" "W" 24 0 13 0.5 0.5 9.2 41 27.5 0 0 0 0 5.7 127 93 2.7 -4.3
"2" "2" 1987-11-10 27.72 "SAS" "" "LAL" "L" -9 0 2 0 0 0 0 0 0 0 0 0 19.6 0 127 -0.7 -26.2
"3" "3" 1987-11-14 27.73 "SAS" "@" "PHO" "L" -11 0 8 1 1 0 0 0 0 0 0 0 9.9 200 125 3.4 3.6
"4" "4" 1987-11-17 27.74 "SAS" "" "LAC" "W" 1 0 1 NA NA 0 0 0 0 0 0 NA 0 0 127 0 -9.3
"5" "5" 1987-11-20 27.75 "SAS" "@" "DEN" "L" -14 0 6 NA NA 0 50 23.1 0 0 0 100 5.5 0 122 -0.5 -13.4
"6" "6" 1987-11-21 27.75 "SAS" "" "UTA" "W" 1 0 14 0.852 NA 0 21 11.4 7.5 0 0 0 5.2 189 119 3 -3.9
"7" "7" 1987-11-23 27.76 "SAS" "@" "NYK" "W" 5 0 21 0.525 0.333 9.5 9.9 9.7 6.6 2.2 0 0 9.2 139 109 5.8 0.3
"8" "8" 1987-11-25 27.76 "SAS" "@" "IND" "L" -31 0 12 NA NA 5.8 9.1 7.1 9.3 0 0 100 2.7 48 124 0.7 -5.9
"9" "9" 1987-11-27 27.77 "SAS" "@" "DET" "L" -32 0 15 0.81 0.667 12.8 20 16.3 34 0 0 0 11.1 184 132 10.4 14.5
"10" "10" 1987-11-28 27.77 "SAS" "@" "ATL" "L" -24 0 5 NA NA 0 0 0 0 0 0 NA 0 0 126 0 -8.2
"11" "11" 1987-12-12 27.81 "SAS" "" "PHO" "W" 19 0 7 1 1 14 23.6 19.2 15.9 0 0 75 20.5 54 97 -0.5 -17.2
"12" "12" 1987-12-15 27.82 "SAS" "@" "NJN" "L" -6 0 17 0.676 0.333 4.9 21.2 11.5 0 5.3 0 0 15.1 159 91 9.9 9.1
"13" "13" 1987-12-16 27.82 "SAS" "@" "PHI" "L" -12 1 9 NA NA 0 40 19.8 13.7 0 0 NA 0 205 112 1.6 2.3
"14" "14" 1987-12-23 27.84 "SAS" "@" "LAC" "W" 14 0 21 0.868 1 12 8.6 10 10.8 2.3 0 0 5.8 180 100 8.4 5.4
"15" "15" 1987-12-26 27.85 "SAS" "" "GSW" "W" 9 0 16 0.338 0.25 12.8 20 16.3 6.8 3 0 0 10.8 113 93 4.2 -2.4
"16" "16" 1987-12-30 27.86 "SAS" "" "SAC" "W" 32 0 6 1.042 1 21.6 0 8.7 0 0 0 0 9.8 215 116 3.4 2.9
"17" "17" 1988-01-02 27.87 "SAS" "" "DAL" "L" -7 0 2 NA NA 0 0 0 0 0 0 NA 0 0 131 0 -8.5
"18" "18" 1988-01-04 27.87 "SAS" "@" "LAL" "L" -18 0 17 0.5 0.5 6.1 0 3.7 0 5.3 0 0 4.5 121 122 3.7 -1.3
"19" "19" 1988-01-05 27.88 "SAS" "@" "GSW" "L" -10 0 9 0 0 24.8 0 12.4 0 0 0 25 17.1 36 126 -1.7 -21.4
"20" "20" 1988-01-07 27.88 "SAS" "@" "SAC" "W" 5 0 2 NA NA 0 0 0 0 24 0 NA 0 0 79 1 19.5
"21" "21" 1988-01-09 27.89 "SAS" "@" "SEA" "L" -8 0 7 1.5 1.5 0 31.9 14.7 0 0 0 0 5.3 300 127 2.9 6.8
"22" "22" 1988-01-13 27.9 "SAS" "" "ATL" "L" -10 0 8 1 1 0 30.8 12.6 16.2 0 0 0 4.8 200 113 1.8 -1.3
"23" "23" 1988-01-15 27.9 "SAS" "" "IND" "L" -4 0 1 NA NA 0 0 0 0 0 0 NA 0 0 118 0 -7
"24" "24" 1988-01-16 27.91 "SAS" "" "POR" "L" -1 0 24 0.515 0.667 13 38.3 25.8 14 0 0 20.5 7.8 114 106 5.8 -1.5
"25" "25" 1988-01-19 27.92 "SAS" "" "MIL" "W" 6 0 9 1 1 0 0 0 0 0 0 0 4.7 200 114 1.3 -1.8
"26" "26" 1988-01-22 27.92 "SAS" "@" "UTA" "L" -13 0 26 0.773 0.667 6.1 12 8.6 10.5 0 0 20.5 6.9 138 117 6.2 -0.6
"27" "27" 1988-01-23 27.93 "SAS" "" "LAC" "W" 6 0 20 0.333 0.333 12.6 23.4 18.2 0 0 0 0 6.5 106 109 2.5 -7.5
"28" "28" 1988-01-26 27.93 "SAS" "@" "DAL" "L" -17 0 7 0 0 15.2 38.1 25.4 16.3 0 0 0 5.7 90 122 0.5 -4.7
"29" "29" 1988-01-30 27.95 "SAS" "" "SEA" "W" 10 0 11 0 0 21.9 17.2 19.3 0 0 0 0 12.2 49 97 -0.9 -16.3
"30" "30" 1988-02-02 27.95 "SAS" "" "NJN" "W" 12 0 12 0 0 0 24.5 12.8 0 0 0 0 3.5 0 106 -0.6 -11.2
"31" "31" 1988-02-04 27.96 "SAS" "" "DEN" "L" -6 0 10 1.136 NA 0 0 0 9.6 4.4 0 0 3.3 239 120 2.5 -0.4
"32" "32" 1988-02-09 27.97 "SAS" "@" "DEN" "L" -28 0 6 0.5 0.5 0 44.4 18.4 22.2 0 0 0 12.6 115 120 1.5 -2.1
"33" "33" 1988-02-10 27.98 "SAS" "" "BOS" "L" -16 0 19 0.205 0 17.4 30.1 22.7 5.5 0 0 0 9.5 95 124 3.4 -9
"34" "34" 1988-02-12 27.98 "SAS" "" "LAL" "L" -1 0 1 NA NA 0 0 0 0 0 0 NA 0 0 134 0 -4.8
"35" "35" 1988-02-15 27.99 "SAS" "" "GSW" "L" -4 0 22 0.875 0.875 22.7 17.7 20.5 25.9 0 0 11.1 15 163 126 16.6 10.2
"36" "36" 1988-02-18 28 "SAS" "@" "PHO" "W" 8 0 22 0.443 0.333 27.3 14.9 20.8 4.9 0 2.5 26.2 14.8 104 114 5.1 -5.9
"37" "37" 1988-02-19 28 "SAS" "" "WSB" "L" -4 0 27 0.258 0.333 14.8 26 20 8.4 0 2 0 5.8 104 103 5 -3.4
"38" "38" 1988-02-21 28.01 "SAS" "@" "POR" "L" -5 0 7 NA NA 0 26.9 13.2 0 0 0 NA 0 0 105 0.2 -5.2
"39" "39" 1988-02-22 28.01 "SAS" "@" "GSW" "L" -12 0 13 0.266 0 7 33.6 20.5 0 0 0 34.7 7.9 54 106 0.7 -8.4
"40" "40" 1988-02-24 28.01 "SAS" "" "PHI" "W" 2 0 4 1 1 0 0 0 0 0 0 0 10.4 200 126 0.5 -11.5
"41" "41" 1988-02-26 28.02 "SAS" "" "HOU" "W" 4 0 1 0.284 NA 0 0 0 0 0 0 0 65.2 59 104 -0.2 -22.9
"42" "42" 1988-03-01 28.03 "SAS" "" "PHO" "W" 5 0 10 NA NA 0 0 0 10 4.9 0 NA 0 202 112 1.3 -1.5
"43" "43" 1988-03-04 28.04 "SAS" "" "SAC" "L" -2 0 11 0.5 0.5 12.5 23.6 18.2 19.6 0 0 0 7.6 145 134 3.3 0.5
"44" "44" 1988-03-05 28.04 "SAS" "@" "UTA" "L" -19 0 23 0.6 0.6 8.5 19.9 13.8 11.1 5.6 0 0 8 138 106 10.3 6.4
"45" "45" 1988-03-08 28.05 "SAS" "@" "MIL" "L" -18 0 1 NA NA 0 0 0 0 0 0 NA 0 0 129 0 -6.4
"46" "46" 1988-03-11 28.06 "SAS" "@" "CLE" "L" -10 0 1 NA NA 0 0 0 0 0 0 NA 0 0 135 0 -5
"47" "47" 1988-03-12 28.06 "SAS" "@" "CHI" "L" -20 0 5 0 0 18.8 0 10.4 0 0 0 0 8.5 55 125 -0.4 -15.5
"48" "48" 1988-03-14 28.07 "SAS" "@" "WSB" "L" -6 0 24 0.6 0.6 8.5 13 10.8 5.1 2 2.3 0 8.9 138 114 7.6 0
"49" "49" 1988-03-16 28.07 "SAS" "" "LAC" "W" 3 0 19 0 0 21.5 21.1 21.3 0 5 0 33.3 6.3 67 104 2.1 -8.7
"50" "50" 1988-03-18 28.08 "SAS" "" "SEA" "L" -8 0 32 1.136 NA 10.6 17 13.5 3.9 1.5 0 53.2 2.5 143 109 5.2 0.6
"51" "51" 1988-03-19 28.08 "SAS" "" "UTA" "W" 3 0 10 0 0 0 16.6 9.2 0 4.8 0 0 8.3 0 101 -1 -13.1
"52" "52" 1988-03-21 28.08 "SAS" "" "NYK" "L" -12 0 26 1.031 1 11.5 16.8 14.6 19.2 1.7 2.2 34 9.2 145 118 10.6 7.5
"53" "53" 1988-03-22 28.09 "SAS" "@" "DEN" "L" -27 0 17 0 0 6 17.6 10.7 6.9 2.6 0 0 9.3 32 126 0.2 -8.9
"54" "54" 1988-03-25 28.1 "SAS" "" "DET" "W" 1 0 17 1 1 7.6 17.3 13.1 7.6 0 0 75 9.9 57 102 -1 -10
"55" "55" 1988-03-29 28.11 "SAS" "" "POR" "L" -23 0 13 0.266 0 16.8 43.4 28.4 23.6 3.3 0 34.7 8.3 94 115 4.2 4.5
"56" "56" 1988-03-31 28.11 "SAS" "@" "SEA" "W" 2 0 8 NA NA 0 0 0 0 5.6 0 100 5.2 0 107 0 -1.5
"57" "57" 1988-04-01 28.12 "SAS" "@" "LAC" "W" 14 0 25 0 0 3.9 20 11.9 0 3.7 0 0 3.2 34 84 0.8 -8.5
"58" "58" 1988-04-03 28.12 "SAS" "@" "POR" "L" -3 0 19 0.399 0 6.2 22.5 14.7 0 2.5 0 0 8 106 102 3.7 -0.6
"59" "59" 1988-04-05 28.13 "SAS" "@" "GSW" "W" 13 0 16 0.399 0.5 36.4 17.6 25 6.5 0 0 0 10.5 127 115 5.2 -2.7
"60" "60" 1988-04-06 28.13 "SAS" "@" "SAC" "L" -6 0 6 0 0 34.8 0 17.2 0 0 8.6 0 14.6 68 126 0.3 -14
"61" "61" 1988-04-08 28.13 "SAS" "" "DEN" "L" -5 0 25 1 1 5 19.3 13.1 8.5 0 0 50 3.4 120 116 3.9 -1.8
"62" "62" 1988-04-12 28.15 "SAS" "" "HOU" "W" 8 0 5 NA NA 0 24.6 12 0 9.1 0 100 8.1 0 94 -0.1 -5.5
"63" "63" 1988-04-13 28.15 "SAS" "@" "PHO" "L" -7 0 9 1 1 12.1 10.1 11 0 4.8 0 0 4.4 201 104 2.9 3.2
"64" "64" 1988-04-15 28.15 "SAS" "" "SAC" "W" 4 0 19 1 1 6.2 19.9 12.8 5.8 0 0 0 2.2 203 117 3.6 0
"65" "65" 1988-04-16 28.16 "SAS" "@" "UTA" "L" -25 0 11 0 0 23 0 13.4 0 4.1 0 50 7 50 102 1 -8.5
"66" "66" 1988-04-19 28.16 "SAS" "" "LAL" "L" -7 0 1 NA NA 0 0 0 0 0 0 100 41.6 0 134 -1 -52
"67" "67" 1988-04-21 28.17 "SAS" "@" "HOU" "W" 1 0 1 NA NA 0 0 0 0 0 0 NA 0 0 119 0 -4.2
"68" "68" 1988-04-24 28.18 "SAS" "" "DAL" "L" -10 0 23 0.595 0.6 19.4 20.2 19.7 0 2.1 0 25.4 13.5 103 120 6.2 -4.1
"1" "1" 1988-11-04 28.71 "CHI" "" "DET" "L" -13 0 9 1 1 14.4 14 14.2 0 0 0 0 4.9 200 118 1.5 -5.3
"2" "2" 1988-11-05 28.71 "CHI" "@" "WSB" "W" 13 0 8 NA NA 0 36 20.7 0 0 0 NA 0 0 92 0.5 -2.4
"3" "3" 1988-11-08 28.72 "CHI" "@" "NYK" "L" -9 0 2 NA NA 0 100 57.1 0 0 0 NA 0 0 92 0.6 1.8
"4" "4" 1988-11-11 28.73 "CHI" "" "NJN" "W" 12 0 11 0.5 0.5 11.2 19.4 15.6 12.6 0 0 0 8.1 130 94 2.2 -3
"5" "5" 1988-11-12 28.73 "CHI" "@" "NJN" "L" -6 0 18 1 1 0 36 16.3 7.3 2.8 0 0 2.6 200 97 4.1 2.1
"6" "6" 1988-11-15 28.74 "CHI" "" "PHI" "W" 13 0 10 0 0 0 0 0 10 0 0 50 8.9 30 121 -2.2 -16.1
"7" "7" 1988-11-16 28.74 "CHI" "@" "PHI" "L" -13 0 6 1 1 25.8 16.7 20.3 0 8.3 0 0 7.4 202 111 2.5 3.8
"8" "8" 1988-11-22 28.76 "CHI" "@" "SAC" "W" 16 0 4 0.568 NA 46.2 0 17.4 0 0 0 0 10.1 150 110 1.3 -1.6
"9" "9" 1988-11-26 28.77 "CHI" "@" "DEN" "L" -5 0 9 NA NA 0 0 0 11.3 0 0 NA 0 206 127 0.3 -2.8
"10" "10" 1988-12-03 28.79 "CHI" "@" "DAL" "W" 13 0 2 1 1 0 0 0 0 0 30 0 21.2 200 86 1.2 9.1
"11" "11" 1988-12-09 28.81 "CHI" "" "MIL" "W" 18 0 1 NA NA 0 0 0 0 0 0 NA 0 0 117 0 -3.8
"12" "12" 1988-12-10 28.81 "CHI" "" "MIA" "W" 23 0 10 NA NA 0 33.7 20 23.4 4.7 0 NA 0 205 70 2.4 6.9
"13" "13" 1988-12-13 28.82 "CHI" "" "ATL" "L" -18 0 4 NA NA 0 30 14.1 0 0 0 NA 0 0 115 -0.5 -14.5
"14" "14" 1988-12-17 28.83 "PHO" "@" "POR" "L" -18 0 13 0.333 0.333 45 51.5 48.4 0 7.3 0 25 12.8 96 96 6.2 2.8
"15" "15" 1988-12-20 28.84 "PHO" "" "SAS" "W" 18 0 11 0 0 8.6 20.3 13.9 8.2 0 0 0 6.6 63 101 -0.6 -10.1
"16" "16" 1988-12-26 28.85 "PHO" "" "LAL" "W" 15 0 16 0.694 1 13.6 12.2 12.9 15 0 0 0 3.7 163 99 3.9 5.9
"17" "17" 1988-12-28 28.86 "PHO" "@" "DET" "L" -6 0 7 0 0 48.1 0 25.6 16.3 0 0 0 5.6 129 114 2.4 2.9
"18" "18" 1989-01-07 28.88 "PHO" "" "MIA" "W" 8 0 3 NA NA 37.2 0 17.4 0 0 0 NA 0 206 106 0.7 -3.1
"19" "19" 1989-01-13 28.9 "PHO" "" "SAC" "W" 21 0 3 NA NA 0 0 0 0 0 0 100 13.4 0 93 -1.4 -22.7
"20" "20" 1989-01-16 28.91 "PHO" "@" "CLE" "L" -16 0 1 NA NA 0 0 0 0 0 0 NA 0 0 131 0 -2.8
"21" "21" 1989-01-19 28.92 "PHO" "@" "CHH" "W" 14 0 7 1.136 NA 15.9 0 7.1 0 0 0 0 4.9 236 117 1.9 1.1
"22" "22" 1989-01-27 28.94 "PHO" "" "NYK" "W" 2 0 1 NA NA 0 0 0 0 0 0 NA 0 0 123 0 -1.2
"23" "23" 1989-01-30 28.95 "PHO" "" "DEN" "W" 26 0 5 0 0 0 40.9 25.9 0 0 0 0 8 0 94 -0.1 -7.3
"24" "24" 1989-02-01 28.95 "PHO" "" "LAL" "W" 17 0 1 NA NA 0 0 0 0 0 0 NA 0 0 109 0 -3.9
"25" "25" 1989-02-06 28.97 "PHO" "" "UTA" "W" 17 0 3 NA NA 0 42.1 20 0 0 0 100 13.8 0 88 -1.5 -27.3
"26" "26" 1989-02-15 28.99 "PHO" "" "SEA" "W" 23 0 5 0 0 0 14.8 9.7 0 0 0 0 8 0 107 -0.8 -14.5
"27" "27" 1989-02-18 29 "PHO" "@" "SAC" "W" 19 0 3 0 0 0 27.6 16.2 0 0 0 0 13.6 0 96 -0.4 -13.9
"28" "28" 1989-02-20 29 "PHO" "@" "UTA" "L" -26 0 8 0.5 0.5 21.1 55.8 36 0 0 0 33.3 14.6 83 108 1.4 -10
"29" "29" 1989-02-24 29.01 "PHO" "" "PHI" "W" 25 0 3 0.174 0 0 34 17.6 0 0 0 0 40.7 41 94 -0.5 -27.6
"30" "30" 1989-02-26 29.02 "PHO" "@" "LAL" "L" -12 0 2 NA NA 0 61.5 33.3 0 0 0 NA 0 0 115 0.3 -0.6
"31" "31" 1989-02-28 29.02 "PHO" "@" "POR" "L" -5 0 12 0.5 0.5 10.8 9.1 9.9 0 3.6 0 0 6.2 129 120 2.6 1.8
"32" "32" 1989-03-04 29.04 "PHO" "" "LAC" "W" 42 0 3 0 0 0 0 0 0 0 0 0 12.2 0 96 -1.1 -20.9
"33" "33" 1989-03-06 29.04 "PHO" "@" "PHI" "W" 4 0 2 NA NA 0 0 0 0 0 0 NA 0 0 115 0 -1.9
"34" "34" 1989-03-18 29.07 "PHO" "" "SEA" "W" 18 0 2 0 0 0 0 0 49 0 0 0 21.8 53 114 0 -4.1
"35" "35" 1989-03-23 29.09 "PHO" "@" "GSW" "W" 30 0 4 1 1 0 44.4 26.4 0 10.4 0 33.3 27.6 101 76 3.6 11.8
"36" "36" 1989-03-28 29.1 "PHO" "" "LAL" "W" 23 0 2 NA NA 0 0 0 0 0 0 NA 0 0 118 0 -2.2
"37" "37" 1989-03-30 29.11 "PHO" "@" "SAC" "L" -12 0 1 NA NA 0 0 0 0 0 0 NA 0 0 130 0 -3.5
"38" "38" 1989-04-08 29.13 "PHO" "@" "LAC" "W" 18 0 2 0.347 0.5 0 54.5 27 0 0 0 0 59.8 62 89 0.5 -19.8
"39" "39" 1989-04-12 29.14 "PHO" "@" "DAL" "W" 15 0 1 0 0 0 75 44.4 0 0 0 0 39.7 0 58 -0.8 -50.1
"40" "40" 1989-04-15 29.15 "PHO" "" "SAS" "W" 46 0 5 NA NA 0 0 0 0 0 0 NA 0 0 91 0 -2
"41" "41" 1989-04-17 29.16 "PHO" "" "SAC" "W" 55 0 5 0 0 0 0 0 0 0 0 50 15.9 0 99 -2.5 -28.9
"42" "42" 1989-04-19 29.16 "PHO" "@" "MIA" "W" 26 0 10 0.5 0.5 0 26.2 13.8 11.7 0 0 0 8.2 119 87 2.6 5
"43" "43" 1989-04-22 29.17 "PHO" "@" "SAS" "W" 10 0 23 0 0 4.9 40.7 22.4 8.5 0 0 0 5 60 111 2.4 -3.6
"1" "1" 1989-11-08 29.72 "CHI" "@" "MIN" "W" 12 0 13 NA NA 0 8.2 4.7 10.3 0 0 NA 0 203 97 0.2 0.7
"2" "2" 1989-11-14 29.73 "CHI" "@" "SAC" "W" 2 0 6 NA NA 0 0 0 0 0 0 NA 0 0 102 0 -6.4
"3" "3" 1989-11-18 29.75 "CHI" "@" "SEA" "L" -9 0 8 NA NA 0 0 0 13.6 6.2 0 NA 0 216 116 1.3 4.6
"4" "4" 1989-11-22 29.76 "CHI" "@" "PHO" "W" 5 0 17 0.515 0.667 12 20.2 15.9 0 6.3 0 0 10.4 117 90 6.2 7.3
"5" "5" 1989-11-25 29.76 "CHI" "@" "GSW" "W" 13 0 29 0.5 0.5 13.5 26.3 19.6 11.5 1.7 0 0 2.7 164 92 8.2 3.3
"6" "6" 1989-11-26 29.77 "CHI" "@" "LAC" "L" -24 0 8 1 1 13.6 66.7 33.8 0 0 0 0 5.1 202 115 2.9 1.1
"7" "7" 1989-11-28 29.77 "CHI" "" "ATL" "W" 15 0 2 0.568 NA 0 47.1 28.6 58.5 0 0 0 20.4 144 92 0.8 5.8
"8" "8" 1989-12-02 29.78 "CHI" "@" "MIA" "W" 7 0 14 0.333 0.333 0 6.5 3.8 0 3.2 0 25 11.9 51 101 -1 -11.1
"9" "9" 1989-12-05 29.79 "CHI" "" "DEN" "W" 20 0 12 0.266 0 16.7 30.8 24 0 3.9 0 0 6 109 87 3.1 -0.3
"10" "10" 1989-12-08 29.8 "CHI" "@" "IND" "L" -2 0 4 0 0 29.3 27.9 28.6 0 0 0 50 22.5 33 113 -0.7 -24.4
"11" "11" 1989-12-14 29.82 "CHI" "" "ORL" "W" 11 0 3 0 0 0 34.8 18.6 62.7 0 0 0 12.9 93 106 1 9.5
"12" "12" 1989-12-23 29.84 "CHI" "@" "PHI" "L" -27 0 3 NA NA 38.1 0 18 0 0 0 NA 0 203 144 0.7 -4.2
"13" "13" 1990-01-05 29.88 "CHI" "" "ORL" "W" 11 0 3 NA NA 35.6 0 18.6 0 0 0 NA 0 202 114 0.3 -9.5
"14" "14" 1990-01-12 29.9 "CHI" "@" "CHH" "W" 12 0 12 NA NA 0 33.3 20 8.9 4.2 0 NA 0 200 87 2.1 2.7
"15" "15" 1990-01-13 29.9 "CHI" "" "LAC" "W" 6 0 1 NA NA 0 0 0 0 0 0 NA 0 0 115 0 -7.2
"16" "16" 1990-01-18 29.91 "CHI" "" "GSW" "W" 25 0 11 1.136 NA 12.1 23 18.8 8.1 0 0 53.2 6.8 133 108 2.1 -6.6
"17" "17" 1990-01-23 29.93 "CHI" "" "DET" "L" -12 0 9 0.694 1 25.4 32.3 28.4 40 11.5 0 0 7.2 166 93 6.3 22.8
"18" "18" 1990-01-26 29.93 "CHI" "@" "PHI" "L" -11 0 6 0 0 0 43.2 20 0 0 0 0 7 0 120 -0.5 -14.4
"19" "19" 1990-02-01 29.95 "CHI" "@" "HOU" "L" -27 0 6 0.906 1 0 22.9 8.6 0 7.2 0 0 16.3 190 115 5.6 15.8
"20" "20" 1990-02-08 29.97 "CHI" "@" "DEN" "L" -25 0 11 0 0 0 12.8 5.3 0 4.2 0 0 3.7 0 112 0.2 -6.9
"21" "21" 1990-02-13 29.98 "CHI" "@" "MIA" "W" 12 0 5 0.5 0.5 0 22.9 12 0 19.6 0 33.3 25.2 63 60 2.3 7.9
"22" "22" 1990-02-14 29.99 "CHI" "@" "ORL" "L" -6 0 28 0.902 1 3.9 13.5 8.3 8.4 0 0 0 5.7 185 128 7.1 0.4
"23" "23" 1990-02-16 29.99 "CHI" "" "MIA" "W" 14 0 10 0.725 0 14.1 41.7 30 0 0 0 42 19.5 99 99 2.4 -9.4
"24" "24" 1990-02-18 30 "CHI" "@" "MIL" "W" 23 0 27 0.788 0.75 11.9 15.1 13.7 9 0 0 18.4 8.6 145 95 7.4 1.4
"25" "25" 1990-02-19 30 "CHI" "" "HOU" "W" 5 0 24 0.672 0.714 8.7 31.1 19.8 6.3 0 0 11.8 14.8 120 104 8.3 0.5
"26" "26" 1990-02-23 30.01 "CHI" "" "POR" "W" 11 0 29 0.4 0.4 17.9 27.6 22.7 0 0 0 16.7 8.7 100 111 4.1 -8.6
"27" "27" 1990-02-25 30.02 "CHI" "@" "NJN" "W" 1 0 28 0.644 0.5 6.6 23.7 14.4 0 0 0 27.9 15.1 102 99 5.6 -4.3
"28" "28" 1990-02-27 30.02 "CHI" "" "MIL" "W" 10 0 24 0.399 0.5 9.8 16.7 13.5 16.7 2.1 2.7 0 6.7 120 99 5.2 0.4
"29" "29" 1990-03-02 30.03 "CHI" "" "NJN" "W" 21 0 20 1 1 17.6 4.9 10.7 0 0 0 0 4.1 203 104 5.8 -0.2
"30" "30" 1990-03-04 30.04 "CHI" "@" "BOS" "W" 4 0 15 0.5 0.5 14.2 7.6 11 7.8 0 0 33.3 8.7 105 124 2 -6.4
"31" "31" 1990-03-06 30.04 "CHI" "@" "MIL" "W" 9 0 15 1.064 1 10 8.9 9.4 7.7 0 4.7 0 5.5 220 120 5.3 5.5
"32" "32" 1990-03-08 30.05 "CHI" "" "UTA" "L" -4 0 4 0 0 25.5 0 16 0 0 0 0 21.6 33 118 -0.7 -22.1
"33" "33" 1990-03-10 30.05 "CHI" "" "IND" "W" 12 0 4 0 0 0 0 0 0 0 0 50 21.1 0 117 -2.1 -33.7
"34" "34" 1990-03-16 30.07 "CHI" "" "DET" "L" -25 0 2 NA NA 0 0 0 0 0 35.8 NA 0 0 108 0.7 16
"35" "35" 1990-03-17 30.07 "CHI" "" "PHI" "W" 5 0 6 1 1 25 0 11.8 21.6 0 0 0 8 206 129 3.1 10.2
"36" "36" 1990-03-20 30.08 "CHI" "" "WSB" "W" 25 0 9 NA NA 0 14.4 7.6 11.1 0 0 NA 0 213 108 -0.2 -4.9
"37" "37" 1990-03-21 30.08 "CHI" "@" "ATL" "W" 10 0 6 1.136 NA 21.1 33.3 27.9 0 0 0 0 6.7 236 95 3.3 8
"38" "38" 1990-03-24 30.09 "CHI" "" "SAC" "L" -3 0 8 0.773 0.667 40.9 54.5 46.8 18.8 0 0 0 21.2 178 121 7.2 9.3
"39" "39" 1990-03-26 30.1 "CHI" "" "PHO" "W" 29 0 8 0.333 0.333 0 14 6.9 0 12.2 0 0 15.5 79 77 2.6 -0.2
"40" "40" 1990-04-01 30.11 "CHI" "" "MIA" "W" 8 0 4 0 0 0 0 0 27.9 0 0 0 10.9 58 116 -0.4 -11.8
"41" "41" 1990-04-05 30.12 "CHI" "" "ORL" "W" 7 0 7 0.5 0.5 15.2 42 29.2 0 0 0 0 11.8 126 103 2.2 -5.4
"42" "42" 1990-04-11 30.14 "CHI" "" "CLE" "W" 21 0 13 1.136 NA 0 19.4 10.4 7.9 0 0 63 16.8 90 100 1.5 -7.4
"43" "43" 1990-04-13 30.15 "CHI" "" "MIL" "W" 10 0 1 0 0 0 0 0 0 0 0 0 44 0 119 -1.1 -74
"44" "44" 1990-04-14 30.15 "CHI" "@" "WSB" "L" -10 0 10 0 0 0 50.5 22.6 10.9 0 0 0 4.3 52 116 0.8 -3.8
"45" "45" 1990-04-17 30.16 "CHI" "" "BOS" "W" 6 0 2 NA NA 0 0 0 0 0 0 NA 0 0 122 0 -5.3
"46" "46" 1990-04-19 30.16 "CHI" "" "WSB" "W" 3 0 16 0.82 0.75 20.9 18.2 19.7 0 0 3.8 0 12.6 181 119 8.6 1.9
"1" "1" 1990-11-02 30.7 "PHO" "@" "UTA" "W" 23 0 5 0 0 44.7 0 22.9 0 9.2 0 0 8.1 102 84 1.7 5
"2" "2" 1990-11-03 30.7 "PHO" "" "UTA" "L" -1 0 11 0.5 0.5 8.6 32.7 19.2 0 0 0 0 7.8 127 110 2.2 -0.7
"3" "3" 1990-11-14 30.73 "PHO" "@" "LAC" "L" -6 0 6 NA NA 0 0 0 0 0 7.8 NA 0 0 114 0.3 -3.3
"4" "4" 1990-11-17 30.74 "PHO" "@" "SAS" "L" -14 0 10 0.543 0.5 38.4 31.3 35 0 0 0 13.4 26.3 112 111 6.7 4
"5" "5" 1990-11-21 30.75 "PHO" "" "CHI" "W" 2 0 9 1 1 0 0 0 0 5.3 5.8 0 9.1 200 102 4.3 12.2
"6" "6" 1990-11-23 30.76 "PHO" "" "NJN" "L" -2 0 15 0.798 1 14.2 16 15.1 10.1 0 0 0 4.8 176 111 4.6 2.6
"7" "7" 1990-11-27 30.77 "PHO" "@" "POR" "W" 14 0 26 0.525 0.333 8.2 17.8 13.3 8.8 1.8 0 17.4 9.2 118 104 6.4 0.5
"8" "8" 1990-11-29 30.78 "PHO" "" "SEA" "W" 18 0 21 1.136 NA 7.4 21.8 15.7 5.1 0 2.5 0 1.7 228 102 4.9 3
"9" "9" 1990-12-01 30.78 "PHO" "" "LAL" "L" -10 0 10 0.532 0.5 21.8 35.1 28.2 0 0 0 21 20.7 100 109 2.7 -5.9
"10" "10" 1990-12-04 30.79 "PHO" "@" "CHI" "L" -28 0 22 0.615 0.75 8.2 18.2 12.3 14.4 3.7 0 38.1 12.5 89 126 6.2 0.1
"11" "11" 1990-12-05 30.79 "PHO" "@" "IND" "L" -5 0 5 NA NA 0 0 0 0 0 0 NA 0 0 134 -0.4 -7.2
"12" "12" 1990-12-11 30.81 "PHO" "" "SAC" "W" 23 0 4 NA NA 0 53.3 28.9 0 0 0 NA 0 0 82 0.6 -0.9
"13" "13" 1990-12-15 30.82 "PHO" "@" "DEN" "W" 8 0 8 0.333 0.333 0 39.3 22.4 0 0 0 0 12.4 85 105 1.1 -6.5
"14" "14" 1990-12-18 30.83 "PHO" "@" "DAL" "W" 19 0 9 0.532 0 0 24.2 13 0 0 0 34.7 13.4 77 100 0.5 -10.6
"15" "15" 1990-12-21 30.84 "PHO" "" "SAS" "L" -4 0 1 NA NA 0 0 0 100 0 0 NA 0 204 122 0.3 19.9
"16" "16" 1990-12-22 30.84 "PHO" "@" "HOU" "L" -20 0 6 1.136 NA 0 34.8 16.2 0 0 0 0 5.5 250 107 2.6 3.7
"17" "17" 1990-12-26 30.85 "PHO" "" "DAL" "W" 27 0 4 NA NA 0 0 0 0 0 0 NA 0 0 98 0 -4.8
"18" "18" 1990-12-29 30.86 "PHO" "" "MIA" "W" 39 0 12 1 1 0 7.7 4.3 18.2 7.5 0 0 3.1 202 82 5.4 15.9
"19" "19" 1991-01-02 30.87 "PHO" "@" "CLE" "W" 22 0 9 0.615 0.5 24.2 32.7 28.7 32 5.6 0 17 26.3 127 75 7.7 21.4
"20" "20" 1991-01-04 30.87 "PHO" "@" "BOS" "L" -29 0 8 0.333 0.333 0 37.5 15 0 5.7 7.1 25 19.9 49 110 1.6 -2.5
"21" "21" 1991-01-05 30.88 "PHO" "@" "MIL" "L" -2 0 5 0 0 0 46.8 25.3 0 0 0 0 9.4 0 95 -0.5 -11.9
"22" "22" 1991-01-12 30.9 "PHO" "@" "GSW" "W" 9 0 4 NA NA 27.9 0 14.3 0 0 0 100 9.4 50 116 -0.7 -14.9
"23" "23" 1991-01-15 30.9 "PHO" "" "WSB" "W" 30 0 6 NA NA 0 16.3 8.7 0 0 0 NA 0 0 100 0.3 -6.9
"24" "24" 1991-01-18 30.91 "PHO" "" "DET" "W" 1 0 5 NA NA 0 28.2 13.3 0 10.8 0 NA 0 0 95 0.9 3.8
"25" "25" 1991-01-19 30.92 "PHO" "@" "SAC" "L" -4 0 9 1 1 11.6 26 18.4 0 0 0 0 4.7 202 109 2.6 2.7
"26" "26" 1991-01-22 30.92 "PHO" "@" "POR" "L" -7 0 1 1.5 1.5 0 0 0 0 0 0 0 39.5 300 124 2.7 93
"27" "27" 1991-01-26 30.93 "PHO" "" "NYK" "W" 18 0 16 0 0 7.1 14.3 10.7 6.5 3.1 0 0 2.6 95 98 1.1 -3.2
"28" "28" 1991-01-29 30.94 "PHO" "@" "ORL" "L" -2 0 15 0.5 0.5 0 12.8 7.1 0 0 0 0 5.5 104 114 1.6 -4.2
"29" "29" 1991-01-30 30.95 "PHO" "@" "MIA" "W" 11 0 22 0 0 0 20.6 11.5 10.4 4 0 60 8.7 21 91 0.5 -4.8
"30" "30" 1991-02-01 30.95 "PHO" "@" "PHI" "L" -7 0 6 0 0 16.3 55.8 34.8 0 0 0 0 7.4 55 96 0.9 -5.3
"31" "31" 1991-02-03 30.96 "PHO" "@" "DET" "W" 15 0 25 0.615 0.5 13.1 19.2 16.3 4.9 2 0 0 8.6 151 102 7.7 0.8
"32" "32" 1991-02-05 30.96 "PHO" "" "DEN" "W" 23 0 18 0.694 0.5 6.1 13.8 10.5 11.3 2.5 0 0 6 171 95 7 4.4
"33" "33" 1991-02-06 30.96 "PHO" "@" "UTA" "L" -4 0 18 0.5 0.5 5.9 14 9.6 0 0 0 0 4.9 120 111 1.5 -4.1
"34" "34" 1991-02-12 30.98 "PHO" "" "LAL" "W" 4 0 4 NA NA 0 33.3 17.1 30.8 0 0 NA 0 205 109 0.6 5
"35" "35" 1991-02-14 30.99 "PHO" "@" "SAS" "W" 9 0 6 NA NA 18.2 58.5 37.6 17.8 8.5 0 NA 0 201 76 3.3 19.2
"36" "36" 1991-02-16 30.99 "PHO" "@" "HOU" "L" -9 0 7 0.333 0.333 29.2 22.5 25.4 22.7 0 0 0 18.5 110 101 3 4.7
"37" "37" 1991-02-20 31 "PHO" "@" "LAC" "W" 20 0 4 NA NA 0 22.6 12.2 0 12.6 0 NA 0 0 73 1.3 10.3
"38" "38" 1991-02-22 31.01 "PHO" "@" "POR" "L" -21 0 7 0.5 0.5 0 13.7 7.6 20.1 0 0 0 12.3 126 133 2 3.4
"39" "39" 1991-02-25 31.02 "PHO" "" "CHH" "W" 20 0 2 1.5 1.5 70.6 0 34.3 0 0 0 0 21.5 244 116 3.4 49.3
"40" "40" 1991-03-04 31.04 "PHO" "@" "CHH" "W" 33 0 7 0 0 0 13.7 7.6 27.4 0 0 0 5.8 90 100 0.6 -0.3
"41" "41" 1991-03-08 31.05 "PHO" "@" "WSB" "W" 26 0 7 1 1 15.6 11.4 13.2 0 0 0 0 11.4 201 97 4 8.4
"42" "42" 1991-03-10 31.05 "PHO" "@" "MIN" "W" 14 0 2 NA NA 0 0 0 0 0 0 NA 0 0 121 0 -3.7
"43" "43" 1991-03-22 31.08 "PHO" "" "SEA" "L" -6 0 1 NA NA 0 0 0 0 0 0 NA 0 0 122 0 -5.3
"44" "44" 1991-03-23 31.09 "PHO" "@" "SAC" "W" 5 0 1 1.136 NA 0 100 57.1 0 0 0 0 40.2 250 75 2.3 56.6
"45" "45" 1991-03-25 31.09 "PHO" "@" "LAC" "L" -12 0 7 0 0 0 16.3 8.1 18 7 0 50 12.7 25 98 -0.5 -6.1
"46" "46" 1991-03-26 31.1 "PHO" "" "MIN" "W" 22 0 32 0.592 0.5 3.3 8.3 6.1 3.6 1.5 0 0 8.5 141 99 7.8 1.3
"47" "47" 1991-03-28 31.1 "PHO" "" "MIL" "W" 14 0 19 0.25 0.25 10.5 25.9 17.4 6.7 0 0 0 9.1 87 92 2.1 -4.1
"48" "48" 1991-04-02 31.12 "PHO" "" "UTA" "W" 14 0 12 0.5 0.5 11.8 24.2 17.9 0 0 0 0 6.7 138 120 1.9 -1.8
"49" "49" 1991-04-05 31.12 "PHO" "@" "GSW" "L" -17 0 26 0.19 0.143 17.2 18 17.6 9.7 1.8 0 20.2 14.5 63 117 2.1 -8.4
"50" "50" 1991-04-07 31.13 "PHO" "@" "LAL" "L" -8 0 14 0.333 0.333 0 22.4 13.4 10.5 4 0 0 10.7 86 98 2.1 -0.2
"51" "51" 1991-04-09 31.13 "PHO" "" "GSW" "W" 14 0 20 0.625 0.625 12.3 45.7 29.6 6.6 2.3 0 20 10.5 117 99 7.1 4.2
"52" "52" 1991-04-12 31.14 "PHO" "" "DAL" "W" 12 0 23 0.666 0.6 0 9.5 4.9 19.7 0 0 12.9 14.6 131 105 7.2 2.1
"53" "53" 1991-04-14 31.15 "PHO" "" "SAS" "L" -8 0 5 0.41 0.5 19.2 0 9.9 0 0 0 0 19.3 100 115 1.3 -3.2
"54" "54" 1991-04-16 31.15 "PHO" "@" "DEN" "W" 35 0 5 1.25 1.25 0 0 0 22.4 0 0 0 14.8 240 115 5.1 26.5
"55" "55" 1991-04-19 31.16 "PHO" "@" "SEA" "L" -11 0 11 0.667 0.667 7.9 19.4 13.1 18 8.6 0 25 13.9 109 89 4.9 10.3
"1" "1" 1991-11-01 31.7 "PHO" "@" "SEA" "W" 4 0 3 NA NA 0 0 0 0 0 0 NA 0 0 108 0 -6.3
"2" "2" 1991-11-02 31.7 "PHO" "@" "POR" "W" 24 0 12 0.5 0.5 0 25 13.8 0 0 0 0 7.2 114 85 1.5 -3.6
"3" "3" 1991-11-06 31.71 "PHO" "@" "LAC" "L" -24 0 11 NA NA 0 21.8 11.5 0 0 0 100 3.7 0 113 -0.8 -9.3
"4" "4" 1991-11-08 31.72 "PHO" "" "LAL" "W" 28 0 5 1 1 0 48.8 28 25.7 9.9 0 0 8.1 201 49 4.3 30.1
"5" "5" 1991-11-12 31.73 "PHO" "@" "GSW" "L" -3 0 10 0.5 0.5 0 10.4 5 0 4.3 0 33.3 11 62 105 1.3 -4.5
"6" "6" 1991-11-16 31.74 "PHO" "@" "DAL" "L" -3 0 12 1 1 0 30.8 13.6 14.3 4.2 5.5 0 6.8 200 85 6.7 18.3
"7" "7" 1991-11-19 31.75 "PHO" "@" "LAL" "L" -8 0 31 0.667 0.667 6.5 12.6 9.6 18.6 0 0 18.2 14.7 121 111 10.3 4.5
"8" "8" 1991-11-20 31.75 "PHO" "" "DEN" "W" 16 0 15 0.7 0.7 14.5 0 7.4 0 3.2 0 0 13.8 149 101 6.3 6.4
"9" "9" 1991-11-22 31.76 "PHO" "" "LAC" "W" 8 0 7 0.266 0 20.2 29.2 25.4 18 0 0 0 12 106 100 1.1 -4
"10" "10" 1991-11-27 31.77 "PHO" "" "SAC" "W" 41 0 26 0.507 0.438 5 35.2 21 11.2 3.3 0 10.1 14.7 115 88 9.6 1.2
"11" "11" 1991-11-29 31.78 "PHO" "" "CHH" "W" 20 0 4 0 0 0 0 0 0 0 0 0 10.1 0 112 -0.7 -17
"12" "12" 1991-11-30 31.78 "PHO" "" "UTA" "W" 9 0 1 NA NA 0 0 0 0 0 0 NA 0 0 120 0 -6.6
"13" "13" 1991-12-03 31.79 "PHO" "@" "MIN" "W" 6 0 5 NA NA 0 20 10.3 0 0 0 NA 0 0 103 0.3 -5.4
"14" "14" 1991-12-06 31.79 "PHO" "@" "ORL" "W" 17 0 4 NA NA 0 0 0 0 0 0 100 10.8 0 119 -1.8 -28.7
"15" "15" 1991-12-07 31.8 "PHO" "@" "MIA" "W" 1 0 6 0 0 0 0 0 39 0 0 0 7 80 115 0.3 0.2
"16" "16" 1991-12-18 31.83 "PHO" "@" "DEN" "L" -14 0 6 NA NA 0 30.2 15.5 18.6 0 0 NA 0 205 111 0.9 -1
"17" "17" 1992-01-08 31.88 "PHO" "" "DEN" "W" 21 0 24 0.5 0.5 10.8 29.8 21.4 0 0 0 0 14.8 113 103 7 -3.8
"18" "18" 1992-01-10 31.89 "PHO" "" "ORL" "W" 11 0 7 NA NA 19 17.1 18 0 0 0 100 6.4 63 114 0 -11.3
"19" "19" 1992-01-11 31.89 "PHO" "" "GSW" "W" 12 0 4 NA NA 0 0 0 0 0 0 100 10 0 115 -1.8 -24.5
"20" "20" 1992-01-13 31.9 "PHO" "" "MIN" "W" 20 0 7 0.307 0.25 0 0 0 0 6.7 0 0 26.8 78 107 0.4 -16.2
"21" "21" 1992-01-15 31.9 "PHO" "@" "SAC" "W" 17 0 8 0.5 0.5 0 0 0 0 5.4 0 0 17.8 110 100 2.6 -0.5
"22" "22" 1992-01-17 31.91 "PHO" "" "SAC" "W" 40 0 11 1.5 1.5 32.7 0 13.2 17.9 0 0 0 3.5 231 100 5.8 11.8
"23" "23" 1992-01-21 31.92 "PHO" "@" "CHI" "L" -6 0 8 0 0 0 16.2 8 0 0 0 50 11.9 0 122 -1.8 -16.8
"24" "24" 1992-01-22 31.92 "PHO" "@" "NJN" "L" -2 0 1 0 0 0 0 0 0 0 0 0 41.1 0 118 -0.7 -41.8
"25" "25" 1992-01-25 31.93 "PHO" "@" "WSB" "W" 6 0 1 1 1 0 0 0 0 0 0 0 40.9 200 124 1.7 34.5
"26" "26" 1992-01-29 31.94 "PHO" "" "NJN" "W" 33 0 11 0 0 0 16.2 10.9 17.5 0 4.8 25 14.2 33 88 -0.8 -8.1
"27" "27" 1992-01-31 31.95 "PHO" "@" "UTA" "L" -1 0 4 NA NA 0 0 0 0 0 0 NA 0 0 119 0 -5.1
"28" "28" 1992-02-05 31.96 "PHO" "" "CHI" "W" 12 0 20 1.125 1.125 7.5 18.5 14.3 6.1 0 0 20 10.9 162 112 8.6 6.1
"29" "29" 1992-02-12 31.98 "PHO" "" "POR" "L" -10 0 18 0.683 0.667 12.7 5.6 8.9 9.2 0 0 0 17.6 149 120 8.6 7.3
"30" "30" 1992-02-14 31.99 "PHO" "@" "LAC" "L" -7 1 22 0 0 4.4 33.6 17.2 0 2.2 0 0 5.6 23 102 1.4 -4.2
"31" "31" 1992-02-15 31.99 "PHO" "" "WSB" "W" 26 1 8 0.6 0.6 13.6 12.5 13 0 0 0 0 25.3 131 102 4.7 2.1
"32" "32" 1992-02-17 31.99 "PHO" "@" "SEA" "L" -2 0 4 0 0 0 24 13.8 0 0 0 0 22 0 102 -1.1 -22.5
"33" "33" 1992-02-18 32 "PHO" "@" "POR" "L" -13 1 26 0.393 0.2 0 18.5 8.8 12.8 0 0 11.6 13.2 91 124 4 -4.7
"34" "34" 1992-02-28 32.02 "PHO" "@" "DAL" "L" -8 0 8 NA NA 0 0 0 29.3 0 0 NA 0 200 131 1 0.6
"35" "35" 1992-03-01 32.03 "PHO" "" "UTA" "W" 5 0 4 0 0 33.3 0 16.4 27.9 0 0 0 11.1 98 123 0.7 -1.6
"36" "36" 1992-03-03 32.04 "PHO" "" "HOU" "W" 5 0 1 NA NA 0 0 0 0 0 0 NA 0 0 119 0 -6.5
"37" "37" 1992-03-07 32.05 "PHO" "@" "SAS" "L" -13 0 13 1.064 1.5 10 9.2 9.6 0 3.6 0 34.7 9.3 127 116 4.3 4.6
"38" "38" 1992-03-10 32.05 "PHO" "@" "CLE" "L" -2 0 1 NA NA 0 0 0 0 0 0 NA 0 0 118 0 -5.5
"39" "39" 1992-03-13 32.06 "PHO" "@" "PHI" "W" 4 0 16 0.75 0.75 0 20.5 11.5 8.6 3.4 0 0 12.1 160 113 6.6 9.2
"40" "40" 1992-03-15 32.07 "PHO" "@" "MIN" "W" 5 0 12 0.727 0.833 0 29.3 15.2 10.5 0 0 0 11.7 150 115 4.1 3.4
"41" "41" 1992-03-17 32.07 "PHO" "" "DAL" "W" 11 0 8 0.694 0.75 0 13.6 6.2 0 0 0 0 15.4 138 92 2.5 4.8
"42" "42" 1992-03-25 32.1 "PHO" "" "MIL" "W" 28 0 12 1.1 1.1 0 15.4 9.3 11.4 0 0 16.7 20.3 147 104 9.4 16.2
"43" "43" 1992-03-27 32.1 "PHO" "" "PHI" "W" 4 0 10 1 1 13.7 38.9 26.7 0 0 0 0 4.2 200 120 2.9 0.3
"44" "44" 1992-03-31 32.11 "PHO" "" "POR" "W" 17 0 2 0 0 0 0 0 0 0 0 0 45 0 122 -1.8 -62.1
"45" "45" 1992-04-02 32.12 "PHO" "" "GSW" "W" 4 0 1 NA NA 0 0 0 0 0 0 NA 0 0 117 0 -6.8
"46" "46" 1992-04-03 32.12 "PHO" "@" "UTA" "L" -19 0 7 0 0 16.7 79.7 49 18 0 0 50 13.2 50 100 1.2 -2.4
"47" "47" 1992-04-05 32.13 "PHO" "@" "LAL" "L" -5 0 2 1 1 0 0 0 0 24.6 0 0 21.6 200 73 2.7 45.2
"48" "48" 1992-04-09 32.14 "PHO" "@" "SEA" "L" -15 0 12 0.667 0.667 0 15.4 8.4 0 0 0 25 13.6 94 119 2.3 -6.1
"49" "49" 1992-04-11 32.14 "PHO" "@" "GSW" "L" -9 0 13 0.75 0.75 9.7 8 8.8 10 3.6 0 0 12.5 164 126 5.5 4.5
"50" "50" 1992-04-14 32.15 "PHO" "" "SEA" "W" 22 0 6 1.064 1 23.5 15.7 18.8 0 0 0 0 12.7 225 100 3.9 10.3
"51" "51" 1992-04-16 32.16 "PHO" "" "SAS" "W" 20 1 21 1.235 1.25 4.9 16.6 11.2 33.3 6.4 0 12.7 13.9 200 84 21.4 30
"52" "52" 1992-04-19 32.16 "PHO" "@" "HOU" "W" 3 0 14 0.4 0.4 6.6 17.4 12.4 19 0 0 0 14.4 110 101 3.9 1.3
"1" "1" 1992-11-22 32.76 "GSW" "@" "NJN" "W" 13 0 7 NA NA 0 0 0 0 7.1 0 100 11.9 0 100 -1.4 -12.1
"2" "2" 1992-11-24 32.76 "GSW" "" "CHI" "L" -9 0 8 0 0 0 0 0 0 0 0 50 10.9 0 116 -2.9 -22.3
"3" "3" 1992-11-27 32.77 "GSW" "@" "PHO" "L" -14 0 9 0.333 0.333 0 14.8 7 0 0 0 0 13.3 90 130 0.2 -10
"4" "4" 1992-11-28 32.78 "GSW" "" "PHO" "W" 3 0 14 1 1 0 8 4.4 7.5 6.6 0 0 3 201 117 4.7 8.5
"5" "5" 1992-12-02 32.79 "GSW" "" "CHH" "L" -1 0 1 NA NA 0 0 0 0 0 0 NA 0 0 111 0 -1.9
"6" "6" 1992-12-04 32.79 "GSW" "@" "DEN" "L" -3 0 1 NA NA 0 0 0 0 0 0 NA 0 0 118 0 -4.2
"7" "7" 1992-12-05 32.79 "GSW" "" "ORL" "W" 15 0 1 NA NA 0 0 0 100 0 0 NA 0 202 108 0.7 34.6
"8" "8" 1992-12-08 32.8 "GSW" "" "IND" "L" -10 0 8 0 0 0 15 7.1 14 0 0 0 4.9 60 128 -0.5 -7.9
"9" "9" 1992-12-10 32.81 "GSW" "" "MIL" "W" 12 0 7 1.136 NA 0 42.9 25.7 17.6 0 0 0 5.5 239 94 2.8 7.1
"10" "10" 1992-12-12 32.81 "GSW" "@" "SAC" "W" 4 1 14 0.296 0 18 8.4 13 0 0 4 0 20.8 95 125 1.7 -14.4
"11" "11" 1992-12-15 32.82 "GSW" "" "LAC" "W" 19 0 4 0.75 0.75 0 47.1 25.3 0 0 0 0 20.6 150 84 2.6 15.2
"12" "12" 1992-12-19 32.83 "GSW" "" "MIN" "W" 6 0 1 NA NA 0 0 0 0 0 0 NA 0 0 115 0 -7.2
"13" "13" 1992-12-20 32.84 "GSW" "@" "POR" "L" -16 0 1 NA NA 0 0 0 0 0 0 NA 0 0 130 0 -3.8
"14" "14" 1992-12-23 32.84 "GSW" "" "DAL" "W" 14 0 3 0 0 42.1 34.8 38.1 0 0 0 0 28.4 41 100 -0.4 -26.2
"15" "15" 1992-12-28 32.86 "GSW" "@" "SAS" "W" 1 0 10 0.333 0.333 0 25.3 11 0 4.9 0 0 12.1 77 97 1.1 -3.5
"16" "16" 1992-12-29 32.86 "GSW" "@" "HOU" "W" 20 0 3 NA NA 55.2 100 100 59.3 0 0 NA 0 209 87 2.9 33.7
"17" "17" 1993-01-13 32.9 "GSW" "@" "PHI" "L" -7 1 20 0.6 0.6 9.2 33.5 20.2 15.9 2.2 0 0 9.1 155 112 8.4 6.6
"18" "18" 1993-01-15 32.91 "GSW" "@" "CHI" "L" -21 1 20 0.512 0.5 6 15.5 10.1 6.6 7.1 0 17 12 99 110 5.4 2
"19" "19" 1993-01-16 32.91 "GSW" "@" "IND" "L" -1 0 21 1.25 1.25 0 10.6 4.9 0 0 0 0 3.7 250 115 3.8 -1.1
"20" "20" 1993-01-18 32.92 "GSW" "" "SAC" "L" -4 0 12 0 0 0 21.6 9.3 10 0 0 0 6.9 32 117 -1.3 -13.6
"21" "21" 1993-01-22 32.93 "GSW" "" "SEA" "L" -4 0 2 NA NA 0 0 0 0 0 0 NA 0 0 113 0 -4.3
"22" "22" 1993-01-26 32.94 "GSW" "@" "POR" "L" -10 0 6 1 1 0 25.8 11.9 0 0 0 0 6.7 200 138 1.6 -0.5
"23" "23" 1993-01-27 32.94 "GSW" "" "DEN" "W" 28 0 16 0.512 0.625 0 32.6 17.6 8.1 0 0 17 14.3 83 87 2.2 -3.7
"24" "24" 1993-01-29 32.95 "GSW" "" "LAC" "L" -1 0 8 0.75 0.75 0 13.3 6.7 0 0 0 0 10.5 145 115 2.3 2.7
"25" "25" 1993-02-01 32.95 "GSW" "@" "MIL" "L" -14 0 3 0 0 0 40 19.5 41 15.1 0 0 13.2 52 78 1.3 16.5
"26" "26" 1993-02-02 32.96 "GSW" "@" "CLE" "L" -10 0 4 NA NA 0 30.8 15.2 0 0 0 NA 0 0 106 -0.1 -6.6
"27" "27" 1993-02-04 32.96 "GSW" "@" "NYK" "L" -4 1 19 0.625 0.625 5.4 18.5 11.5 0 0 0 0 8.8 138 112 4.2 1.1
"28" "28" 1993-02-07 32.97 "GSW" "@" "BOS" "L" -5 0 1 0 0 0 0 0 0 0 0 0 52.7 0 114 -0.7 -49.8
"29" "29" 1993-02-09 32.98 "GSW" "" "ATL" "L" -11 0 1 0 0 0 0 0 0 0 0 0 40.8 0 135 -0.7 -46.9
"30" "30" 1993-02-18 33 "GSW" "" "SEA" "L" -15 0 4 0 0 0 0 0 0 0 0 0 9.9 0 141 -1.5 -25.9
"31" "31" 1993-02-27 33.02 "CHI" "" "ATL" "W" 20 0 5 0 0 25.3 0 12.6 0 0 0 50 18 35 110 -1 -21.4
"32" "32" 1993-03-03 33.03 "CHI" "" "DAL" "W" 28 0 6 0.5 0.5 25.8 42.1 34.8 0 0 0 0 22.3 141 108 2.6 -4.1
"33" "33" 1993-03-12 33.06 "CHI" "" "CHH" "W" 15 0 3 0.5 0.5 0 0 0 0 0 0 0 27.9 115 124 1 -7.7
"34" "34" 1993-03-14 33.06 "CHI" "@" "DET" "L" -2 0 15 0.75 0.75 0 20.6 9.6 0 3.7 0 20 15.7 115 113 4.2 0
"35" "35" 1993-03-15 33.07 "CHI" "" "LAC" "W" 7 0 1 NA NA 0 0 0 0 0 0 NA 0 0 110 0 -5.1
"36" "36" 1993-03-20 33.08 "CHI" "@" "WSB" "W" 25 0 19 0.667 0.667 7.2 20.5 14 0 5.2 0 0 13.9 143 98 8.2 3.9
"37" "37" 1993-03-26 33.1 "CHI" "" "ORL" "W" 21 0 8 0.25 0.25 0 13.3 6.4 0 0 0 0 21.5 64 101 -0.1 -14.3
"38" "38" 1993-04-04 33.12 "CHI" "@" "BOS" "W" 12 0 8 1.136 NA 15 25 20.5 0 0 7.9 0 4.9 238 94 3.6 11.3
"39" "39" 1993-04-06 33.13 "CHI" "@" "MIL" "L" -4 0 2 0 0 0 0 0 0 0 0 0 20.3 0 127 -0.7 -26.8
"40" "40" 1993-04-14 33.15 "CHI" "" "MIA" "W" 27 0 8 0 0 0 32.4 16.9 26.7 0 0 0 5.8 98 106 0.9 -0.5
"41" "41" 1993-04-16 33.15 "CHI" "" "MIL" "W" 14 0 4 0 0 0 0 0 0 0 0 0 11 0 117 -0.7 -19.1
