"Rk" "G" "Date" "Age" "Tm" "H/A" "Opp" "W/L" "By Amt" "GS" "MP" "TS%" "eFG%" "ORB%" "DRB%" "TRB%" "AST%" "STL%" "BLK%" "TOV%" "USG%" "ORtg" "DRtg" "GmSc" "BPM"
"1" "1" 2017-10-17 22.87 "BOS" "@" "CLE" "L" -3 0 8.65 0 0 0 0 0 0 0 0 0 10.2 0 112 -1.8 -17.3
"2" "2" 2017-10-18 22.87 "BOS" "" "MIL" "L" -8 0 11.65 0.75 0.75 0 10.8 4.7 0 0 0 33.3 11 85 118 1.3 -4.6
"3" "" 2017-10-20 22.87 "BOS" "@" "PHI" "W" 10 NA NA NA NA NA NA NA NA NA NA NA NA NA NA NA NA
"4" "3" 2017-10-24 22.88 "BOS" "" "NYK" "W" 21 0 15.6166666666667 0 0 0 13.1 7.3 0 0 0 0 3.1 0 100 -1.3 -10.7
"5" "4" 2017-10-26 22.89 "BOS" "@" "MIL" "W" 7 0 13.7666666666667 0 0 8.5 0 4.3 10.6 0 0 0 6.8 58 99 0 -6.1
"6" "5" 2017-10-28 22.9 "BOS" "@" "MIA" "W" 6 0 6.86666666666667 NA NA 0 0 0 0 7.5 0 NA 0 0 89 0.6 1.6
"7" "6" 2017-10-30 22.9 "BOS" "" "SAS" "W" 14 0 21.9 0.554 0.5 10.2 8.6 9.3 0 0 0 0 12.8 136 111 5.5 -1.9
"8" "7" 2017-11-01 22.91 "BOS" "" "SAC" "W" 27 0 22.45 0.799 0.75 6.1 5 5.5 0 0 0 0 13.8 183 104 8.2 3.2
"9" "8" 2017-11-03 22.91 "BOS" "@" "OKC" "W" 7 0 14.35 1.5 1.5 0 6.8 3.4 0 3.6 0 0 3.2 300 101 4 7.6
"10" "9" 2017-11-05 22.92 "BOS" "@" "ORL" "W" 16 0 16.7666666666667 1.25 1.25 0 10.4 5.8 0 2.9 0 0 5.2 250 89 6 8.6
"11" "10" 2017-11-06 22.92 "BOS" "@" "ATL" "W" 3 0 16.15 1 1 0 14.9 7.6 0 0 0 0 8.6 173 114 4.1 2.1
"12" "11" 2017-11-08 22.93 "BOS" "" "LAL" "W" 11 0 26.3166666666667 0.273 0.167 3.5 12.4 7.6 5 1.8 0 29.1 15.1 52 96 0.1 -8.3
"13" "12" 2017-11-10 22.93 "BOS" "" "CHO" "W" 3 0 9.06666666666667 0 0 0 11.3 5.5 0 0 0 0 4.9 0 93 -1.2 -10.8
"14" "13" 2017-11-12 22.94 "BOS" "" "TOR" "W" 1 0 6.96666666666667 0 0 15.3 0 8.4 0 7.7 0 0 12.6 33 95 -0.5 -10.9
"15" "14" 2017-11-14 22.94 "BOS" "@" "BRK" "W" 7 0 7.76666666666667 1 1 0 0 0 0 0 0 0 5.5 200 112 1.7 1.6
"16" "15" 2017-11-16 22.95 "BOS" "" "GSW" "W" 4 0 16.55 0.258 0 6.2 22.3 14.6 0 0 0 0 10.2 71 93 1.4 -4
"17" "16" 2017-11-18 22.95 "BOS" "@" "ATL" "W" 11 0 2.66666666666667 0 0 0 0 0 0 0 0 0 17 0 115 -1.1 -29.8
"18" "17" 2017-11-20 22.96 "BOS" "@" "DAL" "W" 8 0 11.7 NA NA 0 24.3 13.9 0 0 0 NA 0 0 99 0.1 -4.4
"19" "18" 2017-11-22 22.96 "BOS" "@" "MIA" "L" -6 0 4.93333333333333 0 0 0 0 0 27.8 0 0 0 9.1 48 117 0 -6.1
"20" "19" 2017-11-24 22.97 "BOS" "" "ORL" "W" 15 0 26.8833333333333 0.329 0.313 7.4 10.9 9.2 0 1.9 0 8.6 18.9 75 110 1.7 -13.7
"21" "20" 2017-11-25 22.97 "BOS" "@" "IND" "W" 10 0 19.1833333333333 0.5 0.5 0 20.9 11.4 6.3 2.7 0 14.3 17.9 89 105 4.2 -0.6
"22" "21" 2017-11-27 22.98 "BOS" "" "DET" "L" -10 0 6.56666666666667 0.75 0.75 19.8 37.5 28.9 0 7.7 0 33.3 21.2 99 106 3.3 10.4
"23" "22" 2017-11-30 22.99 "BOS" "" "PHI" "W" 11 0 16.0666666666667 0 0 8.1 18.7 14.1 0 0 0 0 2.9 71 106 0.5 -5
"24" "23" 2017-12-02 22.99 "BOS" "" "PHO" "W" 5 0 15.35 1 1 0 14.5 8 0 0 0 0 9.5 165 123 5.3 2.3
"25" "24" 2017-12-04 23 "BOS" "" "MIL" "W" 11 0 12.6 NA NA 0 0 0 17.7 0 0 100 3.8 82 114 0 -1.8
"26" "25" 2017-12-06 23 "BOS" "" "DAL" "W" 7 0 24.8666666666667 0 0 4 7.7 5.9 0 0 0 0 5.5 26 103 -1.2 -11.6
"27" "26" 2017-12-08 23.01 "BOS" "@" "SAS" "L" -3 0 7.46666666666667 0 0 29.9 0 15.1 0 0 0 0 18.5 49 127 -0.7 -17.5
"28" "27" 2017-12-10 23.01 "BOS" "@" "DET" "W" 10 0 13.15 0.625 0.625 16.6 14 15.2 0 0 0 0 14.6 140 96 5 7.8
"29" "28" 2017-12-11 23.02 "BOS" "@" "CHI" "L" -23 0 11.8333333333333 0 0 17.3 27 22 0 0 0 0 3.9 87 118 1.2 -7.1
"30" "29" 2017-12-13 23.02 "BOS" "" "DEN" "W" 6 0 28.7166666666667 0 0 0 18.2 10.7 0 3.5 0 33.3 9.8 0 117 -2.5 -14.6
"31" "30" 2017-12-15 23.03 "BOS" "" "UTA" "L" -12 0 19.5333333333333 0.643 0.7 0 6.5 2.9 0 2.5 0 0 13.1 115 114 5.2 0.9
"32" "31" 2017-12-16 23.03 "BOS" "@" "MEM" "W" 9 0 4.03333333333333 NA NA 0 0 0 0 0 0 NA 0 0 120 0 -4.6
"33" "32" 2017-12-18 23.04 "BOS" "@" "IND" "W" 1 0 14.7333333333333 1.33 1.5 0 7.9 4.3 8 0 0 0 5.9 264 120 5.3 8.3
"34" "33" 2017-12-20 23.04 "BOS" "" "MIA" "L" -1 0 10.2 0 0 10.5 0 5.2 0 0 0 0 4.7 63 105 -0.4 -9.4
"35" "34" 2017-12-21 23.04 "BOS" "@" "NYK" "L" -9 0 19.2666666666667 0.694 0.75 5.3 6.7 5.9 8.2 0 0 25.8 9.3 115 118 3.3 -2.1
"36" "35" 2017-12-23 23.05 "BOS" "" "CHI" "W" 25 0 11.3833333333333 0.6 0.6 0 8.4 4.3 0 0 0 0 19.8 110 102 3.2 -1.5
"37" "" 2017-12-25 23.05 "BOS" "" "WAS" "L" -8 NA NA NA NA NA NA NA NA NA NA NA NA NA NA NA NA
"38" "" 2017-12-27 23.06 "BOS" "@" "CHO" "W" 11 NA NA NA NA NA NA NA NA NA NA NA NA NA NA NA NA
"39" "" 2017-12-28 23.06 "BOS" "" "HOU" "W" 1 NA NA NA NA NA NA NA NA NA NA NA NA NA NA NA NA
"40" "" 2017-12-31 23.07 "BOS" "" "BRK" "W" 3 NA NA NA NA NA NA NA NA NA NA NA NA NA NA NA NA
"41" "36" 2018-01-03 23.08 "BOS" "" "CLE" "W" 14 0 22.9833333333333 0 0 0 8 4.2 5.1 4.2 0 20 9.3 13 86 -1.7 -8
"42" "37" 2018-01-05 23.08 "BOS" "" "MIN" "W" 7 0 2.88333333333333 0 0 0 34.7 16.8 0 0 0 0 15.2 0 91 -0.8 -22.2
"43" "38" 2018-01-06 23.09 "BOS" "@" "BRK" "W" 2 0 7.05 NA NA 0 15.5 6.9 0 0 11.3 NA 0 0 90 0.6 -2.2
"44" "39" 2018-01-11 23.1 "BOS" "@" "PHI" "W" 11 0 1.78333333333333 NA NA 0 0 0 0 0 0 100 23.3 0 106 -1.4 -37.5
"45" "40" 2018-01-16 23.12 "BOS" "" "NOP" "L" -3 0 2.96666666666667 NA NA 0 0 0 0 0 0 NA 0 0 111 -0.8 -16.2
"46" "41" 2018-01-18 23.12 "BOS" "" "PHI" "L" -9 0 3.2 NA NA 0 0 0 0 0 0 NA 0 0 103 0 -2.3
"47" "42" 2018-01-21 23.13 "BOS" "" "ORL" "L" -8 0 9.53333333333333 0 0 0 10.9 5.7 0 0 0 0 9.5 0 117 -1.1 -14.8
"48" "" 2018-01-23 23.13 "BOS" "@" "LAL" "L" -1 NA NA NA NA NA NA NA NA NA NA NA NA NA NA NA NA
"49" "43" 2018-01-24 23.14 "BOS" "@" "LAC" "W" 11 0 17.55 0.8 0.8 13.7 17.5 15.7 0 2.7 0 16.7 14.2 131 97 6 3.1
"50" "44" 2018-01-27 23.15 "BOS" "@" "GSW" "L" -4 0 5.7 0 0 0 0 0 0 0 0 0 23.1 0 123 -2.1 -25.8
"51" "45" 2018-01-29 23.15 "BOS" "@" "DEN" "W" 1 0 16.15 1 1 0 13.2 6.8 0 0 0 0 8.5 183 123 5.3 4.6
"52" "46" 2018-01-31 23.16 "BOS" "" "NYK" "W" 30 0 26.05 0.75 0.75 0 7 4 0 0 0 0 3.7 133 83 1.8 -3.3
"53" "47" 2018-02-02 23.16 "BOS" "" "ATL" "W" 9 0 27.0833333333333 0.5 0.5 0 18.2 9.1 0 0 0 0 8.1 99 115 3.1 -6.4
"54" "48" 2018-02-04 23.17 "BOS" "" "POR" "W" 1 0 27.8833333333333 0.429 0.429 7.7 13.2 10.6 5.5 1.9 2.9 0 11.6 106 101 6.1 0.6
"55" "49" 2018-02-06 23.17 "BOS" "@" "TOR" "L" -20 0 19.7666666666667 0 0 0 14.3 6.2 14.7 0 0 0 8.9 29 118 -3.2 -13.1
"56" "" 2018-02-08 23.18 "BOS" "@" "WAS" "W" 6 NA NA NA NA NA NA NA NA NA NA NA NA NA NA NA NA
"57" "50" 2018-02-09 23.18 "BOS" "" "IND" "L" -6 0 11.2833333333333 0.266 0 8.2 32.7 18.7 0 0 0 0 7.4 85 105 1.1 -5.6
"58" "51" 2018-02-11 23.19 "BOS" "" "CLE" "L" -22 0 24.4833333333333 0.34 0.2 0 5.6 2.3 0 0 0 0 10.2 80 129 0.4 -11.1
"59" "" 2018-02-14 23.19 "BOS" "" "LAC" "L" -10 NA NA NA NA NA NA NA NA NA NA NA NA NA NA NA NA
"60" "52" 2018-02-23 23.22 "BOS" "@" "DET" "W" 12 0 19.75 NA NA 0 5.5 2.8 0 0 0 NA 0 0 114 -0.9 -8.1
"61" "53" 2018-02-24 23.22 "BOS" "@" "NYK" "W" 9 0 4.35 NA NA 0 0 0 0 0 0 NA 0 0 119 0 -5.7
"62" "54" 2018-02-26 23.23 "BOS" "" "MEM" "W" 11 0 13.1 NA NA 0 18.3 8.7 9.4 3.9 0 100 3.5 45 99 1.3 -0.9
"63" "55" 2018-02-28 23.23 "BOS" "" "CHO" "W" 28 0 20.6333333333333 0.387 0.333 16.6 4.5 8.7 4.5 0 0 0 8.7 122 114 3.3 -3.3
"64" "" 2018-03-03 23.24 "BOS" "@" "HOU" "L" -3 NA NA NA NA NA NA NA NA NA NA NA NA NA NA NA NA
"65" "56" 2018-03-05 23.25 "BOS" "@" "CHI" "W" 16 0 6.53333333333333 0 0 17.9 0 8.3 0 0 0 0 20.5 27 103 -1.8 -25.9
"66" "57" 2018-03-08 23.25 "BOS" "@" "MIN" "W" 8 0 6.81666666666667 NA NA 0 0 0 0 0 0 NA 0 0 119 -0.4 -7.9
"67" "58" 2018-03-11 23.26 "BOS" "" "IND" "L" -2 0 8.98333333333333 0.694 1 12.4 0 6.6 0 0 0 0 7.2 140 113 1.6 -3.9
"68" "59" 2018-03-14 23.27 "BOS" "" "WAS" "L" -1 0 27.2333333333333 0.868 0.75 4.3 0 2.2 4.6 1.9 0 41 8.2 110 115 3.6 -3.1
"69" "60" 2018-03-16 23.28 "BOS" "@" "ORL" "W" 9 0 22.8333333333333 0.568 NA 0 13.7 6.6 6.8 0 0 0 1.6 145 93 1 -4.2
"70" "61" 2018-03-18 23.28 "BOS" "@" "NOP" "L" -19 0 23.3666666666667 0.5 0.5 0 15.4 7 0 0 0 25 7.6 72 117 0 -9.2
"71" "62" 2018-03-20 23.29 "BOS" "" "OKC" "W" 1 0 27.2166666666667 0.145 0 3.8 18 11 0 0 0 0 10.9 45 104 -0.4 -9.9
"72" "63" 2018-03-23 23.3 "BOS" "@" "POR" "W" 5 0 11.7 0 0 0 17.5 9.3 0 0 0 0 4 0 112 -0.1 -7.2
"73" "64" 2018-03-25 23.3 "BOS" "@" "SAC" "W" 11 0 27.55 0.58 0.667 5.8 4.5 5.1 0 0 0 11.4 16.2 101 110 4 -6.9
"74" "65" 2018-03-26 23.3 "BOS" "@" "PHO" "W" 8 0 20.1 NA NA 0 10.6 5.2 6.5 0 0 NA 0 238 109 0.9 -6.5
"75" "66" 2018-03-28 23.31 "BOS" "@" "UTA" "W" 3 0 32.4 1.017 1.167 0 13.8 6.8 4.8 3.2 0 22.5 6.3 138 102 8.2 4
"76" "67" 2018-03-31 23.32 "BOS" "" "TOR" "W" 11 0 17.8333333333333 0.333 0.333 6 6.4 6.2 7.2 0 0 25 10.3 75 111 1 -5.2
"77" "68" 2018-04-03 23.33 "BOS" "@" "MIL" "L" -4 0 18.15 1 1 12.6 22 17 0 0 0 0 2.4 208 117 2.8 -3.2
"78" "69" 2018-04-04 23.33 "BOS" "@" "TOR" "L" -18 0 17.65 0.347 0 0 11.6 6 0 3 0 25.8 10.2 56 104 0.4 -5.4
"79" "70" 2018-04-06 23.33 "BOS" "" "CHI" "W" 7 0 23.8333333333333 0.7 0.7 0 20.6 11.3 0 2 0 0 9.5 126 104 6.8 -2.3
"80" "71" 2018-04-08 23.34 "BOS" "" "ATL" "L" -6 0 27.3166666666667 0.929 0.929 0 29.3 13.5 5.3 0 3.4 0 12 170 119 12.5 4.4
"81" "72" 2018-04-10 23.35 "BOS" "@" "WAS" "L" -12 0 22.1 0.625 0.625 4 5.3 4.6 0 0 0 42.9 13.2 67 122 -0.2 -11.7
"82" "73" 2018-04-11 23.35 "BOS" "" "BRK" "W" 13 0 28.4666666666667 0.438 0.438 3.1 16.2 9.5 0 0 3.3 0 11.1 108 99 5.1 -4.2
"1" "1" 2018-10-16 23.86 "BOS" "" "PHI" "W" 18 0 1.45 NA NA 0 67.6 32.5 0 0 0 NA 0 0 80 0.3 1.5
"2" "" 2018-10-19 23.87 "BOS" "@" "TOR" "L" -12 NA NA NA NA NA NA NA NA NA NA NA NA NA NA NA NA
"3" "2" 2018-10-20 23.87 "BOS" "@" "NYK" "W" 2 0 2.3 NA NA 0 0 0 0 0 0 NA 0 0 111 0 -5.4
"4" "3" 2018-10-22 23.88 "BOS" "" "ORL" "L" -3 0 6.88333333333333 0.5 0.5 13.9 0 7 0 0 0 0 13 117 105 1.7 -1.5
"5" "4" 2018-10-25 23.89 "BOS" "@" "OKC" "W" 6 0 8.45 0.174 0 11.1 0 5.6 0 0 0 0 14.7 61 104 -0.9 -12.6
"6" "5" 2018-10-27 23.89 "BOS" "@" "DET" "W" 20 0 5.25 0 0 0 0 0 0 0 0 0 23.9 0 96 -2.6 -29.1
"7" "" 2018-10-30 23.9 "BOS" "" "DET" "W" 3 NA NA NA NA NA NA NA NA NA NA NA NA NA NA NA NA
"8" "6" 2018-11-01 23.91 "BOS" "" "MIL" "W" 4 1 22.4666666666667 0.833 0.833 0 25.4 12.3 0 4.2 0 0 11.7 149 105 9.3 4.7
"9" "" 2018-11-03 23.91 "BOS" "@" "IND" "L" -1 NA NA NA NA NA NA NA NA NA NA NA NA NA NA NA NA
"10" "7" 2018-11-05 23.92 "BOS" "@" "DEN" "L" -8 0 3.28333333333333 NA NA 0 0 0 0 0 0 NA 0 0 130 0 -7.6
"11" "8" 2018-11-08 23.93 "BOS" "@" "PHO" "W" 7 0 7.4 0.615 0.5 0 16.7 7.3 0 0 12.3 0 13.8 136 94 3 5.9
"12" "9" 2018-11-09 23.93 "BOS" "@" "UTA" "L" -8 0 8.1 0.75 0.75 0 0 0 0 0 0 0 11.2 125 135 1.6 -4.7
"13" "" 2018-11-11 23.93 "BOS" "@" "POR" "L" -6 NA NA NA NA NA NA NA NA NA NA NA NA NA NA NA NA
"14" "10" 2018-11-14 23.94 "BOS" "" "CHI" "W" 29 0 21.35 1 1 4.7 4.5 4.6 0 0 0 50 8.2 91 91 2.4 -5.6
"15" "" 2018-11-16 23.95 "BOS" "" "TOR" "W" 7 NA NA NA NA NA NA NA NA NA NA NA NA NA NA NA NA
"16" "11" 2018-11-17 23.95 "BOS" "" "UTA" "L" -12 0 12 0.333 0.333 7.1 9.8 8.2 0 4.2 0 0 10.5 88 102 2.3 -0.4
"17" "" 2018-11-19 23.96 "BOS" "@" "CHO" "L" -5 NA NA NA NA NA NA NA NA NA NA NA NA NA NA NA NA
"18" "" 2018-11-21 23.96 "BOS" "" "NYK" "L" -8 NA NA NA NA NA NA NA NA NA NA NA NA NA NA NA NA
"19" "12" 2018-11-23 23.97 "BOS" "@" "ATL" "W" 18 0 23.5333333333333 0.337 0.318 0 24.9 12.3 0 0 0 25.2 27.9 49 96 -1.8 -18.4
"20" "13" 2018-11-24 23.97 "BOS" "@" "DAL" "L" -9 0 18.55 NA NA 6.6 11.3 9.1 6.3 0 0 NA 0 225 122 2 -1.7
"21" "14" 2018-11-26 23.98 "BOS" "@" "NOP" "W" 17 0 5.51666666666667 0.75 0.75 0 0 0 0 0 0 0 15.2 152 120 2 3.4
"22" "15" 2018-11-30 23.99 "BOS" "" "CLE" "W" 33 0 14.6333333333333 0.625 0.625 0 14.9 7.9 0 0 0 0 12 129 105 3.6 -1.4
"23" "16" 2018-12-01 23.99 "BOS" "@" "MIN" "W" 9 0 7.78333333333333 0 0 16.7 14.7 15.6 0 0 0 0 11.4 44 115 -0.4 -13.7
"24" "17" 2018-12-06 24 "BOS" "" "NYK" "W" 28 0 2.71666666666667 0.75 0.75 0 0 0 0 0 0 0 32.2 127 111 2 12.1
"25" "18" 2018-12-08 24.01 "BOS" "@" "CHI" "W" 56 0 14.4166666666667 0.722 0.722 7.9 20.4 14.6 10 0 0 0 28.1 151 88 10.2 7.5
"26" "19" 2018-12-10 24.01 "BOS" "" "NOP" "W" 13 0 21.65 0.506 0.45 4.7 25.8 14.8 0 0 0 0 21.7 116 105 7.4 -3
"27" "20" 2018-12-12 24.02 "BOS" "@" "WAS" "W" 5 0 16.6166666666667 0.313 0.313 0 14.5 7 0 0 0 11.1 22.4 63 118 -0.6 -14.6
"28" "21" 2018-12-14 24.02 "BOS" "" "ATL" "W" 21 0 12 0.41 0.25 9.8 8 8.8 0 0 0 0 15.6 110 113 2.6 -9.3
"29" "" 2018-12-15 24.03 "BOS" "@" "DET" "L" -9 NA NA NA NA NA NA NA NA NA NA NA NA NA NA NA NA
"30" "22" 2018-12-19 24.04 "BOS" "" "PHO" "L" -8 0 12.5 0 0 8.7 0 4.1 20.2 0 0 0 3.6 121 130 1 -7.7
"31" "23" 2018-12-21 24.04 "BOS" "" "MIL" "L" -13 1 16.6666666666667 0.644 0.583 10.9 7.6 9.5 0 2.9 0 11.4 22.6 120 122 7.1 0.1
"32" "24" 2018-12-23 24.05 "BOS" "" "CHO" "W" 16 0 12 0.625 0.625 0 17.8 9.5 11.4 0 0 20 18 102 111 2.5 -4
"33" "" 2018-12-25 24.05 "BOS" "" "PHI" "W" 7 NA NA NA NA NA NA NA NA NA NA NA NA NA NA NA NA
"34" "25" 2018-12-27 24.06 "BOS" "@" "HOU" "L" -14 0 4.63333333333333 1.5 1.5 0 0 0 0 0 0 0 9.8 300 140 2.3 10.4
"35" "26" 2018-12-29 24.07 "BOS" "@" "MEM" "W" 9 0 4.75 0 0 0 0 0 25.3 0 0 0 9.6 64 117 -0.4 -11.2
"36" "" 2018-12-31 24.07 "BOS" "@" "SAS" "L" -9 NA NA NA NA NA NA NA NA NA NA NA NA NA NA NA NA
"37" "27" 2019-01-02 24.08 "BOS" "" "MIN" "W" 13 0 18.3833333333333 0.625 0.625 9 13.7 11.7 6.6 2.7 0 0 10.6 135 109 5.6 0
"38" "28" 2019-01-04 24.08 "BOS" "" "DAL" "W" 21 0 16.7833333333333 0.68 0.7 5.5 5.7 5.6 0 0 0 25.4 20 93 106 3.1 -10.3
"39" "29" 2019-01-07 24.09 "BOS" "" "BRK" "W" 21 0 5.6 1 1 0 18.6 9.5 57.4 0 23.2 0 15.4 208 87 5.4 27.6
"40" "30" 2019-01-09 24.1 "BOS" "" "IND" "W" 27 0 14 0.2 0.2 0 6.7 3.9 7.4 3.4 0 0 15.4 60 107 0.9 -9.2
"41" "31" 2019-01-10 24.1 "BOS" "@" "MIA" "L" -16 0 5.51666666666667 NA NA 0 22.9 9.9 24.2 0 0 NA 0 233 126 1 0.1
"42" "" 2019-01-12 24.1 "BOS" "@" "ORL" "L" -2 NA NA NA NA NA NA NA NA NA NA NA NA NA NA NA NA
"43" "32" 2019-01-14 24.11 "BOS" "@" "BRK" "L" -7 0 11.2 0 0 8.2 19.5 13.4 11.6 0 0 0 11.6 41 116 -0.1 -12.4
"44" "" 2019-01-16 24.12 "BOS" "" "TOR" "W" 9 NA NA NA NA NA NA NA NA NA NA NA NA NA NA NA NA
"45" "" 2019-01-18 24.12 "BOS" "" "MEM" "W" 6 NA NA NA NA NA NA NA NA NA NA NA NA NA NA NA NA
"46" "33" 2019-01-19 24.12 "BOS" "@" "ATL" "W" 8 0 11.5 1.042 1 0 0 0 0 0 0 0 5.3 218 116 2.7 -0.4
"47" "34" 2019-01-21 24.13 "BOS" "" "MIA" "W" 8 0 5.78333333333333 1.5 1.5 0 0 0 0 0 0 50 15 89 114 1.7 3.8
"48" "35" 2019-01-23 24.13 "BOS" "" "CLE" "W" 20 0 2.71666666666667 NA NA 0 0 0 0 0 0 NA 0 0 116 0 -7
"49" "" 2019-01-26 24.14 "BOS" "" "GSW" "L" -4 NA NA NA NA NA NA NA NA NA NA NA NA NA NA NA NA
"50" "36" 2019-01-28 24.15 "BOS" "" "BRK" "W" 8 0 2.21666666666667 0 0 0 83.3 43.3 0 0 0 0 17.8 0 76 -0.1 -20.3
"51" "37" 2019-01-30 24.15 "BOS" "" "CHO" "W" 32 0 7.75 0.717 0.625 17.2 0 7.4 0 0 0 0 28.2 161 110 5.3 2
"52" "38" 2019-02-01 24.16 "BOS" "@" "NYK" "W" 14 0 4.1 NA NA 0 0 0 0 0 0 NA 0 0 112 0 -8.6
"53" "" 2019-02-03 24.16 "BOS" "" "OKC" "W" 5 NA NA NA NA NA NA NA NA NA NA NA NA NA NA NA NA
"54" "39" 2019-02-05 24.17 "BOS" "@" "CLE" "W" 7 0 17.15 NA NA 0 5.7 3.1 14 6.1 4.4 100 2.8 75 99 2.6 0.4
"55" "" 2019-02-07 24.18 "BOS" "" "LAL" "L" -1 NA NA NA NA NA NA NA NA NA NA NA NA NA NA NA NA
"56" "" 2019-02-09 24.18 "BOS" "" "LAC" "L" -11 NA NA NA NA NA NA NA NA NA NA NA NA NA NA NA NA
"57" "" 2019-02-12 24.19 "BOS" "@" "PHI" "W" 3 NA NA NA NA NA NA NA NA NA NA NA NA NA NA NA NA
"58" "40" 2019-02-13 24.19 "BOS" "" "DET" "W" 8 0 19.3333333333333 0.922 1 6.1 10.6 8.5 13.2 0 0 0 11 186 118 8.9 7.5
"59" "41" 2019-02-21 24.21 "BOS" "@" "MIL" "L" -1 0 11.5333333333333 0.5 0.5 7.2 17.7 11.9 11.9 0 0 0 7.5 133 108 2.6 -2.6
"60" "" 2019-02-23 24.22 "BOS" "@" "CHI" "L" -10 NA NA NA NA NA NA NA NA NA NA NA NA NA NA NA NA
"61" "42" 2019-02-26 24.23 "BOS" "@" "TOR" "L" -23 0 13.2 0.515 0.5 0 8.1 4 12.4 0 6.3 0 12.6 112 120 3.2 2.2
"62" "" 2019-02-27 24.23 "BOS" "" "POR" "L" -5 NA NA NA NA NA NA NA NA NA NA NA NA NA NA NA NA
"63" "" 2019-03-01 24.24 "BOS" "" "WAS" "W" 11 NA NA NA NA NA NA NA NA NA NA NA NA NA NA NA NA
"64" "" 2019-03-03 24.24 "BOS" "" "HOU" "L" -11 NA NA NA NA NA NA NA NA NA NA NA NA NA NA NA NA
"65" "43" 2019-03-05 24.25 "BOS" "@" "GSW" "W" 33 0 6.06666666666667 NA NA 0 0 0 0 7.6 0 100 6.9 0 85 0 -3.8
"66" "44" 2019-03-06 24.25 "BOS" "@" "SAC" "W" 2 0 13.65 0 0 0 9.3 4.7 0 0 0 0 3.3 0 117 -0.8 -9.6
"67" "45" 2019-03-09 24.26 "BOS" "@" "LAL" "W" 13 0 1.85 NA NA 0 57.7 30.2 0 0 0 NA 0 0 101 0.3 -2.1
"68" "46" 2019-03-11 24.26 "BOS" "@" "LAC" "L" -25 0 17.5666666666667 0.42 0.333 18.6 8.5 14.4 0 0 0 38.7 18.9 75 141 0.1 -17
"69" "47" 2019-03-14 24.27 "BOS" "" "SAC" "W" 6 0 2.18333333333333 NA NA 0 0 0 0 0 0 NA 0 0 114 -0.4 -13.4
"70" "48" 2019-03-16 24.28 "BOS" "" "ATL" "W" 9 0 5.75 0.568 NA 0 0 0 0 0 0 0 6 123 125 0.2 -9.8
"71" "" 2019-03-18 24.28 "BOS" "" "DEN" "L" -9 NA NA NA NA NA NA NA NA NA NA NA NA NA NA NA NA
"72" "49" 2019-03-20 24.29 "BOS" "@" "PHI" "L" -3 0 11.1666666666667 1.215 1.25 9.1 8.1 8.6 0 0 0 0 11.1 246 126 7 12.9
"73" "50" 2019-03-23 24.3 "BOS" "@" "CHO" "L" -7 0 11.0166666666667 0.644 0.5 0 35.6 18.3 11 0 0 20.5 19.4 109 119 3.4 -5.6
"74" "51" 2019-03-24 24.3 "BOS" "" "SAS" "L" -19 0 7.53333333333333 0.75 0.75 0 0 0 0 0 0 0 11.7 140 126 2 2
"75" "" 2019-03-26 24.3 "BOS" "@" "CLE" "W" 10 NA NA NA NA NA NA NA NA NA NA NA NA NA NA NA NA
"76" "" 2019-03-29 24.31 "BOS" "" "IND" "W" 2 NA NA NA NA NA NA NA NA NA NA NA NA NA NA NA NA
"77" "52" 2019-03-30 24.32 "BOS" "@" "BRK" "L" -14 0 9.05 0.375 0.375 0 14.3 6.7 0 0 0 20 24.5 58 118 -0.5 -13.8
"78" "53" 2019-04-01 24.32 "BOS" "" "MIA" "W" 5 0 5.93333333333333 0.694 1 0 0 0 0 0 0 0 10.3 112 115 1.3 -2.5
"79" "54" 2019-04-03 24.33 "BOS" "@" "MIA" "W" 10 0 7.31666666666667 0.333 0.333 0 12.6 7.4 0 0 0 0 18.8 67 110 0.6 -11.3
"80" "55" 2019-04-05 24.33 "BOS" "@" "IND" "W" 20 0 3.38333333333333 0 0 0 27.3 15.1 29.6 0 0 0 12.9 53 99 0.3 -3.4
"81" "" 2019-04-07 24.34 "BOS" "" "ORL" "L" -8 NA NA NA NA NA NA NA NA NA NA NA NA NA NA NA NA
"82" "56" 2019-04-09 24.34 "BOS" "@" "WAS" "W" 6 1 38.2166666666667 0.453 0.471 4.3 5 4.7 10.4 1.2 0 0 20.6 104 114 11.4 -5
"1" "1" 2019-10-23 24.88 "BOS" "@" "PHI" "L" -14 0 9.75 0 0 0 11.4 4.8 0 0 0 0 4.3 0 109 -0.4 -6.4
"2" "2" 2019-10-25 24.89 "BOS" "" "TOR" "W" 6 0 4.33333333333333 NA NA 0 27.7 10.9 0 0 0 NA 0 0 111 0.3 -5.5
"3" "3" 2019-10-26 24.89 "BOS" "@" "NYK" "W" 23 0 14.5666666666667 0.694 1 0 6.7 3.3 17 0 0 0 4 161 104 2.6 -0.7
"4" "4" 2019-10-30 24.9 "BOS" "" "MIL" "W" 11 0 19.8333333333333 0.387 0.333 5.4 21.5 13.4 0 2.4 0 0 8.5 95 100 3.4 -0.9
"5" "5" 2019-11-01 24.91 "BOS" "" "NYK" "W" 2 0 15.9 0.347 0 0 0 0 0 0 0 0 8.6 75 116 -0.2 -10.5
"6" "6" 2019-11-05 24.92 "BOS" "@" "CLE" "W" 6 0 7.71666666666667 NA NA 0 12 7.1 0 0 0 NA 0 0 119 -0.5 -9.1
"7" "7" 2019-11-07 24.92 "BOS" "@" "CHO" "W" 21 0 4.13333333333333 NA NA 0 0 0 0 0 0 NA 0 0 96 0 -6.3
"8" "8" 2019-11-09 24.93 "BOS" "@" "SAS" "W" 20 0 2.38333333333333 0 0 0 0 0 0 0 0 0 17.6 0 126 -0.7 -25.9
"9" "9" 2019-11-11 24.93 "BOS" "" "DAL" "W" 10 0 5.25 NA NA 0 0 0 0 0 0 100 8.6 0 124 -1.4 -17.4
"10" "10" 2019-11-13 24.94 "BOS" "" "WAS" "W" 7 0 10.5833333333333 0.625 0.625 12.3 21.1 17 0 0 0 0 15.1 137 130 3.5 -3.6
"11" "11" 2019-11-15 24.95 "BOS" "@" "GSW" "W" 5 0 4.23333333333333 1 1 0 0 0 44.2 0 0 0 9.8 209 109 2 8.4
"12" "12" 2019-11-17 24.95 "BOS" "@" "SAC" "L" -1 0 21.15 1.1 1.1 5 4.9 5 9.1 4.8 0 16.7 12.8 152 103 11.4 15.5
"13" "13" 2019-11-18 24.95 "BOS" "@" "PHO" "W" 14 0 17.5666666666667 0.75 0.75 0 5.6 2.8 0 2.8 0 0 4.8 145 90 3.3 2.9
"14" "14" 2019-11-20 24.96 "BOS" "@" "LAC" "L" -3 0 6.1 0 0 0 35.5 16.4 0 0 0 0 13.7 0 99 -1.2 -17.2
"15" "15" 2019-11-22 24.96 "BOS" "@" "DEN" "L" -4 0 20.55 0.2 0.2 0 20.3 10.6 0 2.4 0 16.7 13.7 33 100 -0.3 -10.5
"16" "16" 2019-11-25 24.97 "BOS" "" "SAC" "W" 1 1 27.4833333333333 0.583 0.583 0 10 4.7 5.3 0 0 0 9.9 127 123 4.9 -3
"17" "17" 2019-11-27 24.98 "BOS" "" "BRK" "W" 11 0 22.0166666666667 0.25 0.25 4.7 9.3 7 5.3 0 6.4 0 10.8 89 116 1.1 -7.9
"18" "18" 2019-11-29 24.98 "BOS" "@" "BRK" "L" -5 0 15.6166666666667 1.054 1.25 0 0 0 0 0 0 23.1 11 150 122 4.6 1.1
"19" "19" 2019-12-01 24.99 "BOS" "@" "NYK" "W" 9 0 19.4166666666667 0.833 0.833 5.3 13.7 8.9 6.9 0 0 0 6.4 182 114 4.9 1.1
"20" "20" 2019-12-04 25 "BOS" "" "MIA" "W" 19 0 24.4333333333333 0.644 0.5 9.4 22.3 16 0 2.1 0 20.5 9.3 124 101 5.4 -1.1
"21" "21" 2019-12-06 25 "BOS" "" "DEN" "W" 13 0 28.6666666666667 0.375 0.375 0 14.9 8.6 4 0 0 0 6.7 88 103 1.3 -3.6
"22" "22" 2019-12-09 25.01 "BOS" "" "CLE" "W" 22 0 23.4166666666667 1.5 1.5 0 7.9 4.9 0 8.6 0 0 2.1 300 81 6.1 9.1
"23" "23" 2019-12-11 25.02 "BOS" "@" "IND" "L" -5 0 23.9833333333333 0 0 5.1 0 2.5 9.3 0 0 0 1.8 124 125 1 -3.5
"24" "24" 2019-12-12 25.02 "BOS" "" "PHI" "L" -6 0 23.5166666666667 0 0 0 38.3 15.7 4.9 0 3.8 0 3.9 31 122 1 -6.1
"25" "25" 2019-12-18 25.04 "BOS" "@" "DAL" "W" 6 1 20.1833333333333 0.5 0.5 5.2 14.3 9.9 7.3 0 0 0 6.2 136 113 2.8 0.6
"26" "26" 2019-12-20 25.04 "BOS" "" "DET" "W" 21 1 18.3166666666667 0.5 0.5 6.9 5.3 6 0 2.6 0 0 6.8 128 96 3.3 0.2
"27" "27" 2019-12-22 25.05 "BOS" "" "CHO" "W" 26 1 11.0166666666667 0.833 0.833 0 8.9 5.2 0 0 0 25 16.4 111 106 2.2 -3.9
"28" "28" 2019-12-25 25.05 "BOS" "@" "TOR" "W" 16 0 7 0 0 0 0 0 14.9 0 0 0 11.7 40 110 -0.7 -10.1
"29" "29" 2019-12-27 25.06 "BOS" "" "CLE" "W" 12 0 4.56666666666667 0 0 0 0 0 21.5 0 0 0 9.2 64 123 -0.4 -12.6
"30" "" 2019-12-28 25.06 "BOS" "" "TOR" "L" -16 NA NA NA NA NA NA NA NA NA NA NA NA NA NA NA NA
"31" "30" 2019-12-31 25.07 "BOS" "@" "CHO" "W" 17 0 20.6666666666667 0.6 0.6 0 4.9 2.4 5.9 2.4 0 0 10.4 135 101 4.9 0.4
"32" "" 2020-01-03 25.08 "BOS" "" "ATL" "W" 3 NA NA NA NA NA NA NA NA NA NA NA NA NA NA NA NA
"33" "31" 2020-01-04 25.08 "BOS" "@" "CHI" "W" 7 0 7.3 NA NA 0 0 0 0 0 0 NA 0 0 121 -0.4 -6.4
"34" "32" 2020-01-06 25.09 "BOS" "@" "WAS" "L" -5 0 4.01666666666667 0 0 0 0 0 0 0 0 0 9.8 0 107 -0.7 -15
"35" "33" 2020-01-08 25.09 "BOS" "" "SAS" "L" -15 0 5.43333333333333 0.717 0.625 18 22.7 20.1 45.7 0 0 0 36.8 153 126 6.7 23.6
"36" "34" 2020-01-09 25.1 "BOS" "@" "PHI" "L" -11 0 20.7666666666667 0 0 0 0 0 6.1 0 0 0 4.4 32 125 -1.5 -9.5
"37" "35" 2020-01-11 25.1 "BOS" "" "NOP" "W" 35 0 12 0.833 0.833 10.5 13.8 12.5 0 0 0 0 10.2 175 107 5 4.1
"38" "36" 2020-01-13 25.11 "BOS" "" "CHI" "W" 12 0 12.95 NA NA 9 0 4.6 0 0 0 NA 0 224 113 0.7 -4.1
"39" "37" 2020-01-15 25.11 "BOS" "" "DET" "L" -13 0 6.95 0.532 0 0 0 0 0 0 0 34.7 18.6 76 127 -0.5 -19.3
"40" "38" 2020-01-16 25.12 "BOS" "@" "MIL" "L" -5 0 19.85 0.6 0.6 4.6 0 2.6 12.7 0 0 0 10.3 142 129 4.2 1.8
"41" "39" 2020-01-18 25.12 "BOS" "" "PHO" "L" -4 0 9.03333333333333 0 0 0 0 0 0 0 0 0 9.1 0 125 -1.4 -15.7
"42" "40" 2020-01-20 25.13 "BOS" "" "LAL" "W" 32 0 19.4833333333333 0.512 0.375 13 16.1 14.7 0 0 3.9 0 10.2 144 109 5.6 1.1
"43" "41" 2020-01-22 25.13 "BOS" "" "MEM" "W" 24 0 14.6166666666667 0.875 0.875 0 16.4 7.8 9.3 0 0 0 12.3 169 105 6.7 5
"44" "42" 2020-01-24 25.14 "BOS" "@" "ORL" "W" 11 0 23.8666666666667 0.375 0.375 0 12.6 6.7 0 0 0 0 7.5 78 110 1.1 -8.3
"45" "43" 2020-01-26 25.14 "BOS" "@" "NOP" "L" -15 0 14.6833333333333 0.5 0.5 7.6 0 3.6 8.7 3.1 0 33.3 8.6 91 120 2 -1.1
"46" "44" 2020-01-28 25.15 "BOS" "@" "MIA" "W" 8 0 20.2166666666667 0.788 0.75 5.3 9.9 7.7 14.9 2.5 0 18.4 12 140 106 7.7 5.7
"47" "45" 2020-01-30 25.15 "BOS" "" "GSW" "W" 15 0 29.4 0.765 0.7 4 12.2 8.1 4.4 3.2 0 0 8 172 103 10.2 4.5
"48" "46" 2020-02-01 25.16 "BOS" "" "PHI" "W" 21 0 24.35 0.975 0.833 4.6 17.1 11.1 0 2.1 0 0 10.3 208 99 11 8.9
"49" "47" 2020-02-03 25.16 "BOS" "@" "ATL" "W" 8 0 12.4666666666667 0 0 0 9.9 5.1 0 0 7.1 0 10.3 0 115 -1.5 -14
"50" "48" 2020-02-05 25.17 "BOS" "" "ORL" "W" 16 0 6.9 0.5 0.5 0 15.8 8.7 17.8 0 0 0 19.9 115 111 1.9 -1.4
"51" "49" 2020-02-07 25.18 "BOS" "" "ATL" "W" 5 0 18.9 0.357 0.357 0 26.5 13.7 8 0 0 0 16 84 111 3.1 -7.3
"52" "" 2020-02-09 25.18 "BOS" "@" "OKC" "W" 1 NA NA NA NA NA NA NA NA NA NA NA NA NA NA NA NA
"53" "50" 2020-02-11 25.19 "BOS" "@" "HOU" "L" -11 0 7.1 NA NA 0 15.7 7.3 18.3 6.6 0 100 5.9 44 104 0.6 -0.1
"54" "51" 2020-02-13 25.19 "BOS" "" "LAC" "W" 8 0 16.9333333333333 1.136 NA 0 5.9 3.2 7.6 0 0 0 2.2 248 116 3 2.3
"55" "52" 2020-02-21 25.21 "BOS" "@" "MIN" "W" 10 0 4.5 NA NA 0 21.3 10.6 0 0 0 NA 0 0 118 0.3 -3.7
"56" "53" 2020-02-23 25.22 "BOS" "@" "LAL" "L" -2 0 6.08333333333333 NA NA 0 50.4 26.3 20.8 0 0 NA 0 234 106 1.6 7
"57" "54" 2020-02-25 25.22 "BOS" "@" "POR" "W" 12 0 10.3666666666667 1.5 1.5 0 0 0 0 0 0 0 4.2 300 112 2.3 3.1
"58" "55" 2020-02-26 25.23 "BOS" "@" "UTA" "W" 11 0 1.3 NA NA 0 0 0 0 0 0 NA 0 0 126 0 -4.8
"59" "56" 2020-02-29 25.24 "BOS" "" "HOU" "L" -1 0 13.7166666666667 NA NA 0 37.2 18.1 0 0 0 100 3.1 0 103 -0.3 -10.3
"60" "57" 2020-03-03 25.24 "BOS" "" "BRK" "L" -9 0 5 0 0 0 0 0 0 0 0 0 8.3 0 128 -1.1 -18.5
"61" "58" 2020-03-04 25.25 "BOS" "@" "CLE" "W" 6 0 30.1666666666667 0.962 0.955 0 18 9.6 11.7 0 3.1 0 16.8 197 117 20.6 16.1
"62" "59" 2020-03-06 25.25 "BOS" "" "UTA" "L" -5 1 33.7 0.45 0.45 9.5 14.2 11.7 0 0 0 0 12.5 108 111 6.9 -2.3
"63" "60" 2020-03-08 25.26 "BOS" "" "OKC" "L" -1 0 3.48333333333333 0 0 0 0 0 0 0 0 0 24.3 0 111 -1.4 -27.1
"64" "61" 2020-03-10 25.26 "BOS" "@" "IND" "W" 3 0 21.1666666666667 0.3 0.3 5.2 25.2 15.3 0 0 0 16.7 12.3 65 117 0.7 -10.1
"65" "62" 2020-07-31 25.65 "BOS" "@" "MIL" "L" -7 0 14.6666666666667 NA NA 0 16 6.9 8.8 0 0 NA 0 230 119 -0.3 -5
"66" "63" 2020-08-02 25.66 "BOS" "" "POR" "W" 4 0 9.35 0.5 0.5 0 13.2 7.2 0 0 0 25 19.4 70 134 0.6 -11
"67" "64" 2020-08-04 25.67 "BOS" "@" "MIA" "L" -6 0 19.4166666666667 0.25 0.25 0 28.7 14.2 7.2 2.6 0 0 13.1 72 113 1.2 -4.9
"68" "65" 2020-08-05 25.67 "BOS" "" "BRK" "W" 34 0 17.8666666666667 0.9 0.9 0 18.3 10.5 6.4 0 0 28.6 16 116 110 3.9 -4.2
"69" "66" 2020-08-07 25.67 "BOS" "@" "TOR" "W" 22 0 12 0.854 0.917 0 7.7 4 12.9 0 0 13.4 25.4 130 102 7.2 12.6
"70" "67" 2020-08-09 25.68 "BOS" "" "ORL" "W" 3 0 12.4666666666667 0.375 0.375 0 8 4 0 3.9 0 0 13.7 79 108 1.5 -5
"71" "68" 2020-08-11 25.68 "BOS" "@" "MEM" "W" 15 0 2.63333333333333 0.75 0.75 0 0 0 0 0 0 0 33.7 133 122 1.6 6.9
"72" "69" 2020-08-13 25.69 "BOS" "" "WAS" "L" -6 1 31.0833333333333 0.528 0.455 6.1 16.5 11.5 10.7 1.6 0 19.6 21.1 95 98 9.5 -1.4
"1" "1" 2020-12-23 26.05 "BOS" "" "MIL" "W" 1 0 18.9833333333333 1.025 1.25 5 20 11.4 5.9 0 0 0 5.5 203 125 5.9 0.7
"2" "2" 2020-12-25 26.05 "BOS" "" "BRK" "L" -28 0 14.2833333333333 0.467 0.357 18.7 9.3 14.9 11.1 0 0 0 26.7 123 135 6.8 1.8
"3" "3" 2020-12-27 26.06 "BOS" "@" "IND" "L" -1 0 12.4166666666667 0.333 0.333 0 9.2 5 10.7 0 0 25 14.4 62 116 -0.1 -11.6
"4" "" 2020-12-29 26.07 "BOS" "@" "IND" "W" 5 NA NA NA NA NA NA NA NA NA NA NA NA NA NA NA NA
"5" "4" 2020-12-30 26.07 "BOS" "" "MEM" "W" 19 0 12.1666666666667 0.333 0.333 0 0 0 0 0 0 0 10.5 72 116 0.3 -14
"6" "5" 2021-01-01 26.07 "BOS" "@" "DET" "L" -3 0 6.28333333333333 NA NA 0 15.6 8.3 0 0 0 NA 0 0 103 0.3 -7.1
"7" "6" 2021-01-03 26.08 "BOS" "@" "DET" "W" 2 0 22.1666666666667 0.786 0.786 0 11.7 5.9 0 0 0 22.2 17.8 106 131 5.1 -6.3
"8" "7" 2021-01-04 26.08 "BOS" "@" "TOR" "W" 12 0 29.8166666666667 0.607 0.611 3.9 21.7 13.8 4.7 0 0 9.2 14.8 123 111 8.2 -0.5
"9" "8" 2021-01-06 26.09 "BOS" "@" "MIA" "W" 2 0 13.0333333333333 0.417 0.417 21.2 8.6 15.5 0 0 0 0 19.9 114 121 3.6 -5.3
"10" "9" 2021-01-08 26.09 "BOS" "" "WAS" "W" 9 1 27.1833333333333 0.571 0.571 0 19.6 10.1 4.9 0 0 12.5 11.8 106 108 5.1 -1.6
"11" "10" 2021-01-15 26.11 "BOS" "" "ORL" "W" 27 0 20.4833333333333 0.765 0.75 0 26 15.5 7.6 0 0 0 25.9 151 98 14.7 8.9
"12" "11" 2021-01-17 26.12 "BOS" "" "NYK" "L" -30 0 23.3666666666667 0.258 0 3.6 10.5 6.4 8.2 0 0 11.4 15.8 62 118 0.4 -11.2
"13" "12" 2021-01-20 26.13 "BOS" "@" "PHI" "L" -8 0 22.2166666666667 0 0 10.8 9.4 10 0 0 0 0 1.9 101 124 0.9 -5.4
"14" "13" 2021-01-22 26.13 "BOS" "@" "PHI" "L" -12 0 18.4833333333333 0.75 0.75 0 8.1 3.4 13.5 2.7 0 0 4.7 168 126 4.3 1.5
"15" "14" 2021-01-24 26.14 "BOS" "" "CLE" "W" 38 0 17.3333333333333 0.615 0.625 0 5.2 3.1 6 0 0 0 11.3 143 110 4.2 -3.1
"16" "15" 2021-01-25 26.14 "BOS" "@" "CHI" "W" 16 0 16.1333333333333 0 0 0 12.7 7 6.8 0 0 50 5.5 32 110 -0.4 -9
"17" "16" 2021-01-27 26.15 "BOS" "@" "SAS" "L" -4 0 14.4 0.868 0.75 0 19 7.8 0 0 0 0 8.4 187 118 4.6 2.4
"18" "17" 2021-01-30 26.15 "BOS" "" "LAL" "L" -1 0 16.1833333333333 0 0 0 19.3 10.2 7.4 0 0 50 5.8 27 109 -0.1 -7
"19" "18" 2021-02-02 26.16 "BOS" "@" "GSW" "W" 4 0 11.4166666666667 0 0 0 0 0 10.8 0 0 0 7.6 36 117 -0.7 -8
"20" "19" 2021-02-03 26.16 "BOS" "@" "SAC" "L" -5 0 14.5 1.25 1.25 0 14.4 7.4 10.2 3.4 0 0 5.9 246 117 6.3 7.8
"21" "20" 2021-02-05 26.17 "BOS" "@" "LAC" "W" 4 0 18.1833333333333 0.313 0.313 11.5 15.1 13 7 0 0 0 20.1 90 127 2.1 -11.8
"22" "21" 2021-02-07 26.18 "BOS" "@" "PHO" "L" -9 0 20.55 0 0 4.3 18.9 10.3 14.2 5.4 0 0 4.5 76 107 3.6 -1.6
"23" "22" 2021-02-09 26.18 "BOS" "@" "UTA" "L" -14 0 22.6833333333333 0.625 0.625 5 6.2 5.6 12.5 0 0 20 10.2 121 140 3.6 -1.9
"24" "23" 2021-02-11 26.19 "BOS" "" "TOR" "W" 14 1 30.2333333333333 0.932 0.917 3.7 20.9 11.8 0 0 0 7.2 18.9 160 112 19.2 10.7
"25" "24" 2021-02-12 26.19 "BOS" "" "DET" "L" -6 1 23.0666666666667 0.765 0.8 0 24.2 11.8 21 4.3 0 14.5 13.6 136 106 10.1 10.1
"26" "25" 2021-02-14 26.19 "BOS" "@" "WAS" "L" -13 1 30.5166666666667 0.25 0.25 0 7 3 0 0 0 0 7.9 57 106 -1.8 -9.3
"27" "26" 2021-02-16 26.2 "BOS" "" "DEN" "W" 13 1 29.5 0.444 0.444 4.4 14.8 10 0 0 0 0 13.3 100 107 4.8 -3.2
"28" "27" 2021-02-17 26.2 "BOS" "" "ATL" "L" -8 1 24.85 0.643 0.643 0 22.7 10.4 5.6 4 0 12.5 13.6 116 121 7 1.8
"29" "28" 2021-02-19 26.21 "BOS" "" "ATL" "W" 12 0 17.3333333333333 0.625 0.625 0 5.8 3.3 6.2 0 0 0 9.9 137 120 3.2 -3.2
"30" "29" 2021-02-21 26.21 "BOS" "@" "NOP" "L" -5 0 14.25 0.75 0.75 0 7.4 3.7 0 3.4 0 0 6 144 111 2.5 -1
"31" "30" 2021-02-23 26.22 "BOS" "@" "DAL" "L" -3 0 23.85 1 1 4.8 28.8 16.8 5.8 2.2 0 0 7.5 204 115 10.2 8.3
"32" "31" 2021-02-24 26.22 "BOS" "@" "ATL" "L" -15 0 5.75 0.615 0.5 0 0 0 0 0 0 0 18.3 133 145 2 -5.4
"33" "" 2021-02-26 26.23 "BOS" "" "IND" "W" 6 NA NA NA NA NA NA NA NA NA NA NA NA NA NA NA NA
"34" "32" 2021-02-28 26.23 "BOS" "" "WAS" "W" 1 0 18.6333333333333 0.34 0.3 6.1 0 3 6.5 0 0 14.5 15.1 80 115 0.1 -9.2
"35" "33" 2021-03-02 26.24 "BOS" "" "LAC" "W" 5 0 27.55 0.6 0.6 4.5 8.9 6.7 4.5 2 0 0 8.4 148 130 5.9 -1.1
"36" "34" 2021-03-04 26.24 "BOS" "" "TOR" "W" 7 0 7.53333333333333 0 0 0 0 0 0 0 0 50 11.8 0 135 -1.7 -18.7
"37" "" 2021-03-11 26.26 "BOS" "@" "BRK" "L" -12 NA NA NA NA NA NA NA NA NA NA NA NA NA NA NA NA
"38" "35" 2021-03-14 26.27 "BOS" "@" "HOU" "W" 27 0 22.8166666666667 0.75 0.75 0 7.6 4.6 4.7 0 0 0 11 156 112 7.3 2.5
"39" "36" 2021-03-16 26.28 "BOS" "" "UTA" "L" -8 1 19.2 NA NA 11.4 0 6 5.2 0 0 100 4.4 61 136 -0.3 -10.3
"40" "37" 2021-03-17 26.28 "BOS" "@" "CLE" "L" -7 1 19.0666666666667 0.512 0.375 5.2 15.7 9.4 0 0 0 0 10.9 128 131 3.5 -6.6
"41" "" 2021-03-19 26.28 "BOS" "" "SAC" "L" -11 NA NA NA NA NA NA NA NA NA NA NA NA NA NA NA NA
"42" "38" 2021-03-21 26.29 "BOS" "" "ORL" "W" 16 0 20.2833333333333 0.214 0.214 5.6 10.1 8 6.3 0 0 0 16.4 66 111 0.5 -12.2
"43" "39" 2021-03-22 26.29 "BOS" "@" "MEM" "L" -6 1 33.8166666666667 0.6 0.6 0 22.8 12.9 0 0 0 0 7 109 122 5.3 -5.2
"44" "40" 2021-03-24 26.3 "BOS" "@" "MIL" "L" -2 0 4.7 1.5 1.5 24.3 0 12.2 0 0 0 0 9.3 276 132 3.4 17.9
"45" "" 2021-03-26 26.3 "BOS" "@" "MIL" "W" 8 NA NA NA NA NA NA NA NA NA NA NA NA NA NA NA NA
"46" "" 2021-03-27 26.31 "BOS" "@" "OKC" "W" 17 NA NA NA NA NA NA NA NA NA NA NA NA NA NA NA NA
"47" "" 2021-03-29 26.31 "BOS" "" "NOP" "L" -6 NA NA NA NA NA NA NA NA NA NA NA NA NA NA NA NA
"48" "" 2021-03-31 26.32 "BOS" "" "DAL" "L" -5 NA NA NA NA NA NA NA NA NA NA NA NA NA NA NA NA
"49" "" 2021-04-02 26.32 "BOS" "" "HOU" "W" 16 NA NA NA NA NA NA NA NA NA NA NA NA NA NA NA NA
"50" "" 2021-04-04 26.33 "BOS" "" "CHO" "W" 30 NA NA NA NA NA NA NA NA NA NA NA NA NA NA NA NA
"51" "41" 2021-04-06 26.33 "BOS" "" "PHI" "L" -10 0 12.2833333333333 0.532 0 0 10.3 5.6 11.8 0 0 0 7.5 134 119 0.7 -5.5
"52" "42" 2021-04-07 26.34 "BOS" "" "NYK" "W" 2 0 13.05 0.75 0.75 0 0 0 12.8 0 0 0 13.2 161 112 4.7 7.2
"53" "43" 2021-04-09 26.34 "BOS" "" "MIN" "W" 9 0 7.03333333333333 0.5 0.5 0 16.7 9.2 0 0 0 25 24.7 70 128 0.6 -13.7
"54" "44" 2021-04-11 26.35 "BOS" "@" "DEN" "W" 18 0 8.51666666666667 0 0 13.1 20.5 17.3 14.5 0 0 0 15.9 44 96 -0.5 -11.9
"55" "45" 2021-04-13 26.35 "BOS" "@" "POR" "W" 1 0 3.5 NA NA 0 30.5 14.9 0 0 0 NA 0 0 114 -0.1 -9.9
"56" "46" 2021-04-15 26.36 "BOS" "@" "LAL" "W" 8 0 3.71666666666667 NA NA 0 0 0 0 0 0 NA 0 0 118 -0.4 -10.1
"57" "47" 2021-04-17 26.36 "BOS" "" "GSW" "W" 5 1 20.9166666666667 0.25 0.25 0 11.8 5.4 5.5 2.4 0 0 8.2 74 119 1.5 -6.9
"58" "48" 2021-04-19 26.37 "BOS" "" "CHI" "L" -6 1 19.0333333333333 0.571 0.571 0 16.8 9.6 8.9 2.6 0 12.5 20.5 95 106 5.5 0.2
"59" "49" 2021-04-22 26.38 "BOS" "" "PHO" "W" 13 0 5.86666666666667 1.5 1.5 0 34.1 19 0 0 0 50 15.2 83 88 2.3 9.4
"60" "50" 2021-04-23 26.38 "BOS" "@" "BRK" "L" -5 1 16.7833333333333 0.5 0.5 5.1 6.4 5.7 0 5.6 0 25 9.5 84 101 2.9 -1.4
"61" "" 2021-04-25 26.39 "BOS" "@" "CHO" "L" -21 NA NA NA NA NA NA NA NA NA NA NA NA NA NA NA NA
"62" "51" 2021-04-27 26.39 "BOS" "" "OKC" "L" -4 1 8.23333333333333 0.25 0.25 11.9 14.2 13 0 0 0 0 19.1 68 115 0.6 -15.1
"63" "" 2021-04-28 26.39 "BOS" "" "CHO" "W" 9 NA NA NA NA NA NA NA NA NA NA NA NA NA NA NA NA
"64" "" 2021-04-30 26.4 "BOS" "" "SAS" "W" 3 NA NA NA NA NA NA NA NA NA NA NA NA NA NA NA NA
"65" "" 2021-05-02 26.41 "BOS" "" "POR" "L" -10 NA NA NA NA NA NA NA NA NA NA NA NA NA NA NA NA
"66" "52" 2021-05-05 26.41 "BOS" "@" "ORL" "W" 36 0 15.15 0.7 0.7 7.2 13.8 10.6 7.6 3.1 0 0 14.1 153 95 7.7 6.5
"67" "" 2021-05-07 26.42 "BOS" "@" "CHI" "L" -22 NA NA NA NA NA NA NA NA NA NA NA NA NA NA NA NA
"68" "" 2021-05-09 26.42 "BOS" "" "MIA" "L" -6 NA NA NA NA NA NA NA NA NA NA NA NA NA NA NA NA
"69" "53" 2021-05-11 26.43 "BOS" "" "MIA" "L" -8 0 2.48333333333333 NA NA 0 55.2 25.8 0 0 0 NA 0 0 131 0.3 -6.1
"70" "54" 2021-05-12 26.43 "BOS" "@" "CLE" "L" -8 0 8.05 NA NA 0 0 0 0 0 0 NA 0 0 114 0 -10.6
"71" "55" 2021-05-15 26.44 "BOS" "@" "MIN" "W" 16 1 23.6666666666667 0.5 0.5 10.1 18.4 14.9 0 2 0 0 10.4 119 104 6.5 -2.9
"72" "56" 2021-05-16 26.44 "BOS" "@" "NYK" "L" -4 1 16.2833333333333 0.417 0.417 0 14.4 6.8 10.1 0 0 14.3 19.7 77 109 1.5 -6.9
