"Rk" "G" "Date" "Age" "Tm" "H/A" "Opp" "W/L" "By Amt" "GS" "MP" "TS%" "eFG%" "ORB%" "DRB%" "TRB%" "AST%" "STL%" "BLK%" "TOV%" "USG%" "ORtg" "DRtg" "GmSc" "BPM"
"1" "" 2002-10-30 23.43 "DET" "" "NYK" "W" 9 NA NA NA NA NA NA NA NA NA NA NA NA NA NA NA NA
"2" "1" 2002-11-01 23.44 "DET" "" "MEM" "W" 23 0 8.11666666666667 0.615 0.5 0 43.9 24.3 21.4 0 0 29.1 40.9 90 91 2.8 -7.3
"3" "2" 2002-11-03 23.44 "DET" "@" "LAC" "L" -2 0 0.516666666666667 NA NA 0 0 0 0 0 0 NA 0 0 96 0 -7.9
"4" "3" 2002-11-04 23.44 "DET" "@" "PHO" "W" 2 0 8.95 0.583 0.583 21.8 26 23.7 0 0 0 0 32.1 122 97 5.6 9.2
"5" "4" 2002-11-06 23.45 "DET" "@" "UTA" "W" 2 0 15.6666666666667 0.317 0.286 16.2 14.6 15.4 0 0 5.4 20.2 31.4 62 96 0.8 -13
"6" "5" 2002-11-07 23.45 "DET" "@" "DEN" "W" 26 0 14.7333333333333 0.615 0.5 9.1 27.8 19.8 0 3.7 5.1 0 16.5 136 62 6.4 6.3
"7" "6" 2002-11-09 23.46 "DET" "@" "DAL" "L" -39 0 16.8333333333333 0.698 0.643 18.8 39.2 27.9 19.2 3.2 0 11.3 25 131 122 11.6 16
"8" "7" 2002-11-12 23.47 "DET" "" "NOH" "W" 6 0 16.6333333333333 0.347 0 0 29 16.9 0 0 0 25.8 11.5 58 99 0 -11.1
"9" "8" 2002-11-15 23.47 "DET" "" "UTA" "W" 11 0 2.15 NA NA 72.7 0 34.3 0 0 0 100 24.9 50 91 -0.3 -21.4
"10" "9" 2002-11-16 23.48 "DET" "" "DEN" "W" 21 0 6.73333333333333 1.5 1.5 20.8 42.9 31.6 0 0 0 50 14.8 110 62 2.2 8
"11" "10" 2002-11-18 23.48 "DET" "@" "NYK" "L" -3 0 4.31666666666667 0 0 0 0 0 0 0 0 0 33.3 0 115 -2.1 -34
"12" "11" 2002-11-20 23.49 "DET" "" "MIA" "W" 11 0 2.08333333333333 NA NA 0 0 0 0 0 0 NA 0 0 95 0 -7.5
"13" "" 2002-11-22 23.49 "DET" "@" "MIA" "W" 3 NA NA NA NA NA NA NA NA NA NA NA NA NA NA NA NA
"14" "12" 2002-11-23 23.5 "DET" "@" "IND" "W" 15 0 7.96666666666667 1 1 0 0 0 0 0 0 50 11.8 78 107 0.3 -9.1
"15" "13" 2002-11-27 23.51 "DET" "" "DAL" "L" -20 0 12 0.521 0.5 0 17.8 8.5 28.6 4.5 0 41 18.7 73 107 1.4 -3.8
"16" "" 2002-11-29 23.51 "DET" "" "MIL" "W" 5 NA NA NA NA NA NA NA NA NA NA NA NA NA NA NA NA
"17" "14" 2002-11-30 23.52 "DET" "@" "MIL" "L" -23 0 10.5166666666667 0.63 0.333 0 13.7 6 35.3 0 0 29.6 31.9 104 131 3.2 -2.3
"18" "" 2002-12-04 23.53 "DET" "" "WAS" "L" -5 NA NA NA NA NA NA NA NA NA NA NA NA NA NA NA NA
"19" "" 2002-12-07 23.53 "DET" "@" "ATL" "L" -2 NA NA NA NA NA NA NA NA NA NA NA NA NA NA NA NA
"20" "15" 2002-12-11 23.55 "DET" "" "ATL" "W" 11 0 3.23333333333333 0 0 0 0 0 0 0 27.6 50 32.2 0 87 -1.4 -31
"21" "" 2002-12-12 23.55 "DET" "@" "CHI" "W" 10 NA NA NA NA NA NA NA NA NA NA NA NA NA NA NA NA
"22" "16" 2002-12-14 23.55 "DET" "" "SEA" "W" 13 0 0.783333333333333 0 0 0 100 64 0 0 0 0 51.8 0 58 -0.4 -52.1
"23" "" 2002-12-15 23.56 "DET" "" "NJN" "W" 10 NA NA NA NA NA NA NA NA NA NA NA NA NA NA NA NA
"24" "" 2002-12-18 23.56 "DET" "@" "CLE" "W" 5 NA NA NA NA NA NA NA NA NA NA NA NA NA NA NA NA
"25" "" 2002-12-20 23.57 "DET" "" "CLE" "W" 2 NA NA NA NA NA NA NA NA NA NA NA NA NA NA NA NA
"26" "17" 2002-12-21 23.57 "DET" "@" "NJN" "L" -8 0 16.1333333333333 0.644 0.667 0 0 0 0 3.3 5.1 20.5 14.6 95 104 2.4 -3.1
"27" "18" 2002-12-25 23.58 "DET" "@" "ORL" "L" -5 0 12.9333333333333 0.625 0.625 0 30.8 17.6 22 4 0 33.3 22.1 85 99 3 1.3
"28" "19" 2002-12-26 23.59 "DET" "@" "WAS" "W" 5 0 22.3833333333333 0.291 0.167 9.9 29.5 18.9 8.1 0 0 0 16 89 102 2.6 -5.9
"29" "20" 2002-12-28 23.59 "DET" "" "MIN" "W" 24 0 23.15 0.631 0.636 16.1 13 14.4 7.6 0 3 0 24.5 138 95 11.7 6.5
"30" "21" 2002-12-30 23.6 "DET" "" "POR" "L" -11 0 17.0166666666667 0 0 0 0 0 10.9 0 0 20 13.9 11 107 -4.7 -19.7
"31" "22" 2003-01-04 23.61 "DET" "@" "ATL" "W" 4 0 19.35 0.436 0.417 13.7 21.1 17.3 18.8 0 0 0 17.5 116 101 4.3 0.3
"32" "23" 2003-01-06 23.62 "DET" "" "TOR" "W" 8 0 15.95 0.583 0.583 15.8 20.5 18.3 0 3.8 0 0 19.7 130 89 6.1 3.4
"33" "24" 2003-01-08 23.62 "DET" "@" "PHI" "W" 9 0 12.15 0 0 0 9 5 24.5 0 0 50 16.7 27 108 -3.7 -20.2
"34" "25" 2003-01-10 23.63 "DET" "@" "NOH" "W" 2 1 39.9666666666667 0.59 0.5 3.2 25.8 13.8 5.2 1.4 5.6 9.7 13.5 111 102 11.4 2.1
"35" "26" 2003-01-11 23.63 "DET" "" "MIL" "L" -2 1 22.8 0.9 0.9 17.4 21.6 19.3 21.2 2.5 0 0 11.8 188 105 11.7 11.8
"36" "27" 2003-01-13 23.64 "DET" "@" "ORL" "W" 15 0 21.1166666666667 0.481 0.455 16.3 17.6 16.9 9.2 2.6 3.6 8 26.8 112 94 8.5 4.5
"37" "28" 2003-01-14 23.64 "DET" "@" "MIA" "L" -3 0 20 0.375 0.375 22.3 33.3 27.3 27 0 0 11.1 22 97 107 5.1 -3.1
"38" "29" 2003-01-17 23.65 "DET" "" "NYK" "W" 17 0 19.2 0.354 0.333 18.9 39.9 29.1 0 0 4.5 0 24.7 91 90 5.7 -5.1
"39" "30" 2003-01-18 23.65 "DET" "@" "IND" "L" -2 0 18.6166666666667 0.286 0.286 10.1 25.9 17 0 3 0 0 17.1 79 100 3.1 -4.6
"40" "31" 2003-01-20 23.65 "DET" "" "IND" "W" 10 0 12.5666666666667 0.3 0.3 38.5 17.6 28.7 0 4.3 6.3 9.1 39.4 78 84 5 -5.1
"41" "32" 2003-01-22 23.66 "DET" "" "PHI" "L" -9 0 10.05 0 0 0 36.9 18.2 16.6 0 0 0 4.9 54 104 0.1 -5.7
"42" "33" 2003-01-24 23.67 "DET" "@" "HOU" "W" 24 0 17.8833333333333 0.4 0.286 34 13.3 24.5 7.7 0 4 0 23.4 124 95 7.5 -1
"43" "34" 2003-01-25 23.67 "DET" "@" "SAS" "L" -32 0 29.85 0.579 0.417 7.8 24.6 14.3 5.8 0 0 0 13.7 135 128 7.9 -0.5
"44" "35" 2003-01-28 23.68 "DET" "" "BOS" "W" 3 0 17.7833333333333 0.814 0.9 0 18.6 9.2 0 6.2 0 12.9 21.7 115 86 8.6 11.4
"45" "36" 2003-01-31 23.68 "DET" "@" "BOS" "W" 52 0 27.5166666666667 0.671 0.667 4.8 16.2 11.6 15.1 1.9 0 10.9 15.5 134 74 10.7 6.2
"46" "37" 2003-02-01 23.69 "DET" "" "NJN" "W" 22 0 24.5666666666667 0.667 0.667 5.6 23 16 11.2 0 0 25 8.2 124 98 4.4 0.5
"47" "38" 2003-02-05 23.7 "DET" "" "LAC" "W" 9 1 37.7 0.586 0.536 8.4 25.9 16.5 0 0 3.6 5.8 21.3 120 90 15.3 2.8
"48" "39" 2003-02-11 23.72 "DET" "@" "CHI" "W" 10 0 25.65 0.599 0.583 16.2 0 9.3 0 0 0 12.3 25.3 117 92 9.7 2.7
"49" "40" 2003-02-13 23.72 "DET" "" "ORL" "W" 10 0 11.1333333333333 0.338 0.25 32.7 0 16.6 13.8 0 0 18.4 22.7 94 108 2 -6.8
"50" "41" 2003-02-14 23.72 "DET" "@" "MIL" "L" -10 0 25.8333333333333 0.46 0.467 17.2 32.3 24.5 0 0 0 0 30.8 101 110 11 -0.6
"51" "42" 2003-02-16 23.73 "DET" "@" "CLE" "W" 15 0 23.1666666666667 0.518 0.4 12.5 24.6 18.6 6.6 0 0 0 13.6 130 86 6.5 -4.5
"52" "43" 2003-02-17 23.73 "DET" "" "MIA" "W" 31 0 20.7666666666667 0 0 11.7 19 15.8 14.3 0 6.5 60 11.6 42 69 -0.2 -5.1
"53" "44" 2003-02-19 23.74 "DET" "@" "TOR" "W" 5 0 16.3 0.538 0.5 12.8 30.8 20.9 12.5 3.5 0 11.8 25.1 107 89 6.4 4.2
"54" "45" 2003-02-21 23.74 "DET" "@" "MIN" "L" -7 0 16.7666666666667 0.102 0 0 13.1 6.6 24.2 0 0 0 13.7 57 119 -0.7 -8.7
"55" "46" 2003-02-22 23.75 "DET" "" "NOH" "L" -2 0 18.0833333333333 1.215 1.25 0 13.7 7.7 9.3 3.3 0 41 14.8 127 110 6.3 6.1
"56" "47" 2003-02-24 23.75 "DET" "@" "SEA" "L" -7 0 18.35 0 0 6.8 30.5 18 38.1 0 4.4 0 2.8 133 100 4.3 8.9
"57" "48" 2003-02-25 23.75 "DET" "@" "SAC" "L" -6 0 17.25 0.605 0.643 5.6 14.5 9.5 0 3.3 0 21.2 26.3 90 94 5.2 3.4
"58" "49" 2003-02-27 23.76 "DET" "@" "LAL" "L" -10 0 21.6333333333333 0.333 0.333 17.7 18.2 17.9 16.4 5.5 0 14.3 16.2 91 109 5.6 2
"59" "50" 2003-03-01 23.76 "DET" "@" "GSW" "L" -2 0 20.05 0.425 0.4 5.2 24 15 0 0 3.4 14.5 16.3 84 104 2.6 -7.7
"60" "51" 2003-03-02 23.77 "DET" "@" "POR" "L" -17 0 25.1 0.222 0.222 14 20.6 16.7 0 0 0 18.2 22.6 55 131 -2.1 -21.6
"61" "52" 2003-03-04 23.77 "DET" "" "HOU" "W" 13 0 19.5833333333333 0.683 0.667 0 24 12.6 9.3 0 7.3 21.5 24.2 109 96 7.1 7.3
"62" "53" 2003-03-09 23.79 "DET" "" "GSW" "W" 2 0 12.6666666666667 1.042 1.25 9.5 0 4.8 11.3 0 0 25.8 13.8 145 129 5 5.9
"63" "54" 2003-03-12 23.79 "DET" "" "LAL" "W" 23 0 25.2666666666667 0.935 0.9 15.6 9.6 12.5 0 2.1 0 7.8 24.5 174 100 19.7 14.9
"64" "55" 2003-03-14 23.8 "DET" "" "WAS" "W" 10 0 12.2166666666667 0 0 0 8.2 4.5 0 0 0 40 19.1 0 99 -3.8 -24.3
"65" "56" 2003-03-15 23.8 "DET" "" "BOS" "L" -10 0 20 0.506 0.5 5.5 6.2 5.8 29.3 0 0 9.2 26.4 98 101 5.9 7
"66" "57" 2003-03-18 23.81 "DET" "@" "WAS" "W" 4 0 23.4666666666667 0.667 0.667 5.1 14.7 10 0 0 2.8 0 19.8 129 102 10 7.5
"67" "58" 2003-03-20 23.82 "DET" "" "PHI" "W" 28 0 22.5 0.911 0.889 12.1 17.5 15.2 16.3 0 2.8 9.2 23.1 172 98 17.8 16.8
"68" "59" 2003-03-21 23.82 "DET" "@" "NYK" "L" -4 0 17.7833333333333 0.286 0.286 0 21.6 10.1 19.3 0 0 12.5 20.1 67 110 -0.8 -12.1
"69" "60" 2003-03-23 23.82 "DET" "" "CHI" "W" 23 0 21.75 0.666 0.688 13.4 12.5 13 17.4 0 3.4 9.3 21.5 135 99 11.2 6.7
"70" "61" 2003-03-26 23.83 "DET" "" "ATL" "W" 3 0 24.8 0.794 0.643 4.2 14.1 8.8 15.4 2.2 11 9 20.9 153 92 17.3 17.6
"71" "62" 2003-03-28 23.84 "DET" "" "PHO" "L" -3 0 24.9 0.45 0.45 9.1 12 10.4 7.3 0 0 23.1 24.7 79 116 2.5 -10.1
"72" "63" 2003-03-30 23.84 "DET" "" "SAC" "W" 11 0 17.2833333333333 0.282 0.25 7.1 6.6 6.8 8.7 0 0 0 24.3 76 107 1.1 -11
"73" "64" 2003-04-01 23.85 "DET" "@" "TOR" "W" 7 0 11.3333333333333 0.667 0.667 0 37.9 19.6 32.2 0 0 14.3 30.1 106 93 5.9 7.1
"74" "" 2003-04-02 23.85 "DET" "" "TOR" "L" -11 NA NA NA NA NA NA NA NA NA NA NA NA NA NA NA NA
"75" "65" 2003-04-04 23.86 "DET" "" "IND" "L" -6 0 10.9 0.174 0 0 22.4 11.3 0 0 0 41 22 22 116 -3.8 -27.9
"76" "66" 2003-04-06 23.86 "DET" "" "SAS" "L" -6 0 35 0.558 0.444 9.1 18 13.2 22.4 0 5.6 0 15.5 139 106 14.2 6.5
"77" "67" 2003-04-08 23.87 "DET" "@" "PHI" "L" -17 1 37.0333333333333 0.415 0.286 13.3 21.6 16.9 5.8 0 3.7 17.2 16.4 88 111 6.7 -3.9
"78" "68" 2003-04-09 23.87 "DET" "" "CHI" "W" 9 1 44.8833333333333 0.607 0.538 5.5 11.5 8.4 4.7 1.2 3.2 11.3 19.1 114 104 14.4 -0.3
"79" "69" 2003-04-11 23.88 "DET" "@" "NOH" "L" -4 1 33.1166666666667 0.322 0.167 7.9 21.7 15.6 13.4 0 2 11.4 13 88 104 4.1 -4.4
"80" "70" 2003-04-13 23.88 "DET" "@" "MEM" "W" 3 1 44.3333333333333 0.468 0.423 17.1 14.6 16 0 1.3 1.8 6.7 15.8 117 105 11 -3
"81" "71" 2003-04-14 23.88 "DET" "" "CLE" "W" 1 1 31.2 0.354 0.333 7.4 20 12.7 12.2 1.9 4.4 0 16.2 92 102 7.1 -2.2
"82" "72" 2003-04-16 23.89 "DET" "@" "BOS" "L" -7 1 25.9666666666667 0.4 0.357 3.6 41 19.1 6.3 2 2.9 0 15.6 92 102 6.4 -3.3
"1" "1" 2003-10-29 24.43 "DET" "" "IND" "L" -2 0 31.8666666666667 0.697 0.7 7 16.7 11.4 7.3 0 9.2 7.6 18.4 137 103 16.7 11.4
"2" "2" 2003-10-31 24.43 "DET" "@" "MIA" "W" 12 0 21.0833333333333 0.222 0.2 12.4 9.9 11 8.2 0 6.1 30.7 22.4 50 103 -1.8 -14.8
"3" "3" 2003-11-01 24.44 "DET" "@" "ORL" "W" 11 0 14.5 0.34 0.2 32.7 33.4 33 0 0 0 14.5 21.2 95 94 3.5 -6.8
"4" "4" 2003-11-05 24.45 "DET" "" "BOS" "W" 8 0 22.1 0.49 0.375 18.2 29.5 23.1 16.5 0 0 0 19.9 137 101 10.5 4.5
"5" "5" 2003-11-07 24.45 "DET" "" "MIL" "W" 6 0 25.2666666666667 0.413 0.273 32.8 36.9 35 16.6 2 9.8 6.4 25.7 116 91 16.6 8.8
"6" "6" 2003-11-09 24.46 "DET" "" "NJN" "W" 14 0 27.9 0.556 0.4 17.3 19.2 18.2 17 0 2.7 12.2 13.2 129 94 9.5 4.4
"7" "7" 2003-11-11 24.46 "DET" "@" "SAC" "L" -6 0 28.6666666666667 0.881 0.833 13.5 18.8 16 0 1.7 5 24.8 18.3 138 96 15.9 10.7
"8" "8" 2003-11-12 24.47 "DET" "@" "GSW" "L" -2 0 22.3166666666667 0.317 0.286 0 17.3 7.9 24.3 0 0 11.3 18.4 70 92 1.7 -2.7
"9" "9" 2003-11-14 24.47 "DET" "@" "LAL" "L" -5 0 22.1333333333333 0.438 0.438 5.3 48.5 25.5 14.3 2.4 0 20 20.4 82 94 4.5 -0.4
"10" "10" 2003-11-15 24.47 "DET" "@" "PHO" "W" 9 0 24.6166666666667 0.441 0.375 15 11.1 13.2 0 2.2 0 16.4 24.1 90 103 5.5 -5.9
"11" "11" 2003-11-18 24.48 "DET" "" "LAL" "W" 10 0 23.15 0.666 0.625 13 25.5 20 6.6 0 0 9.3 22.3 138 113 10.8 3.6
"12" "12" 2003-11-19 24.48 "DET" "@" "MEM" "W" 7 0 19.6833333333333 0.436 0.417 11.7 39.1 25.7 0 0 3.9 22.5 20.1 83 97 2.4 -8.5
"13" "13" 2003-11-21 24.49 "DET" "" "NYK" "W" 9 0 19.5666666666667 0.518 0.4 6 41.7 25.1 9.2 0 3.5 12.9 17.2 106 88 6.6 1.8
"14" "14" 2003-11-23 24.5 "DET" "" "NOH" "L" -1 1 31.2166666666667 0.342 0.25 26.4 27.6 27.1 5.7 0 2.2 12 24.9 88 87 9.2 -3.8
"15" "15" 2003-11-24 24.5 "DET" "@" "ATL" "W" 5 0 13.5333333333333 0.481 0.571 14 19.6 16.3 16.1 3.8 6.3 0 26.7 107 93 7.5 10.2
"16" "16" 2003-11-26 24.5 "DET" "@" "PHI" "L" -4 0 30.3833333333333 0.86 0.833 4.2 13.7 8.7 7 0 0 16.8 18.3 140 107 13 6.2
"17" "17" 2003-11-28 24.51 "DET" "" "CLE" "W" 4 0 23.9666666666667 0.394 0.375 8.3 19.5 13.5 0 2.1 0 18.4 20.5 73 93 3 -7.7
"18" "18" 2003-11-29 24.51 "DET" "@" "WAS" "W" 11 0 22.05 0.525 0.333 5.9 9.1 7.7 0 2.7 0 17.4 26.8 98 84 4.9 -2.7
"19" "19" 2003-12-01 24.52 "DET" "@" "NYK" "W" 1 0 28.55 0.81 0.667 8.4 30.1 19.1 0 3.9 2.7 25.8 20.3 122 74 13.8 9.5
"20" "20" 2003-12-03 24.52 "DET" "" "MIA" "W" 14 1 28.4833333333333 0.585 0.455 21.9 17.7 19.6 0 2 12.2 12.1 26.6 124 78 19.4 15.2
"21" "21" 2003-12-06 24.53 "DET" "@" "HOU" "L" -6 0 22.4833333333333 0.648 0.607 11.6 9.7 10.6 20.3 2.5 0 0 36.8 129 101 17.3 20.3
"22" "22" 2003-12-09 24.54 "DET" "" "PHI" "L" -2 0 26.4833333333333 0.375 0.375 0 27 13.7 24.7 0 5.1 20 19.4 72 93 4.1 -3.1
"23" "23" 2003-12-11 24.55 "DET" "@" "CLE" "L" -9 0 11.25 0.125 0.125 9.7 15.6 12 0 0 0 0 32.9 36 111 -2.6 -22.9
"24" "24" 2003-12-12 24.55 "DET" "" "SEA" "L" -21 0 12.85 0.296 0.2 17.2 0 10.4 14.6 0 7 12.9 28 77 125 1.9 -3.9
"25" "25" 2003-12-17 24.56 "DET" "" "CHI" "W" 4 1 29.75 0.418 0.333 13.3 12.8 13 5.9 2 0 27.1 24.6 74 91 3.7 -7
"26" "26" 2003-12-19 24.57 "DET" "@" "IND" "L" -5 1 21.4333333333333 0.509 0.5 13.4 9 10.8 21.6 2.8 3.3 30.4 24.6 84 99 5.7 2.7
"27" "27" 2003-12-21 24.57 "DET" "" "UTA" "W" 21 1 26.4666666666667 0.862 0.5 0 16.7 8.2 15.6 0 0 30.1 12.1 137 87 8 7.8
"28" "28" 2003-12-23 24.58 "DET" "@" "MIL" "L" -5 1 25.7166666666667 0.551 0.5 17.1 28.6 22.4 0 0 0 8.4 21.7 120 98 10.8 3.7
"29" "29" 2003-12-26 24.59 "DET" "" "NJN" "L" -3 1 24.0166666666667 0.2 0.2 12.8 32 22.7 0 0 9 16.7 12 59 86 4.1 -3.5
"30" "30" 2003-12-27 24.59 "DET" "@" "ATL" "W" 3 1 17.95 0.276 0.2 18.6 19.5 19 0 0 0 8.4 32.2 73 107 1.8 -14.9
"31" "31" 2003-12-29 24.59 "DET" "" "NOH" "W" 9 1 19.7333333333333 0.575 0.55 7.2 7 7.1 8.6 0 0 0 25 131 111 7.9 2.4
"32" "32" 2003-12-31 24.6 "DET" "" "POR" "W" 7 1 9.58333333333333 0.5 0.5 0 13.7 6.9 0 0 0 20 28.9 74 99 0.1 -15.8
"33" "33" 2004-01-02 24.61 "DET" "" "PHO" "W" 12 1 18.6166666666667 0.761 0.714 16.7 20 18.2 24.6 0 4.1 11.3 21.5 147 94 12.8 15.3
"34" "34" 2004-01-03 24.61 "DET" "" "GSW" "W" 6 1 39.3833333333333 0.551 0.5 6.9 18.9 13.2 15.7 1.4 4.4 5.8 21.2 117 104 16.1 3.7
"35" "35" 2004-01-05 24.61 "DET" "@" "BOS" "W" 10 1 24.75 0.333 0.333 9.1 6.9 7.8 6.4 4.3 4 45.5 20.4 46 78 -0.2 -8.7
"36" "36" 2004-01-07 24.62 "DET" "" "HOU" "W" 19 1 24.2833333333333 0.601 0.5 0 21.3 11 16 4.8 4 0 17.1 137 71 11.5 14.2
"37" "37" 2004-01-11 24.63 "DET" "" "DAL" "W" 13 1 29.4 0.335 0.3 8.5 4.6 6.6 9.4 3.7 5.6 0 16.3 101 109 6.5 -3.8
"38" "38" 2004-01-13 24.64 "DET" "@" "CHI" "W" 16 1 18.0166666666667 0.654 0.583 13.4 11.5 12.4 0 0 3.8 12.7 20.1 136 107 6.5 1
"39" "39" 2004-01-14 24.64 "DET" "" "TOR" "W" 4 1 31.65 0.705 0.538 23.3 21.9 22.6 0 3.4 2.2 5 28 155 95 28.6 20
"40" "40" 2004-01-16 24.64 "DET" "" "WAS" "W" 21 1 27.0833333333333 0.742 0.714 9.9 27.1 19.5 5.7 2.1 0 10.2 17.1 142 89 13.5 4.1
"41" "41" 2004-01-17 24.65 "DET" "@" "MIL" "W" 5 1 24.0333333333333 0.8 0.8 13 23.2 19 7 0 6.7 50 20.6 79 104 5.3 -3.7
"42" "42" 2004-01-19 24.65 "DET" "" "SAS" "W" 8 1 30.4666666666667 0.588 0.5 4 15.9 9.9 0 0 9.1 7.3 21.5 119 91 11.1 4.4
"43" "43" 2004-01-20 24.65 "DET" "@" "IND" "L" -12 1 11.6666666666667 0 0 0 32.4 16 0 0 0 33.3 25.8 0 97 -4.3 -25.9
"44" "44" 2004-01-23 24.66 "DET" "@" "MIN" "L" -1 1 34.7833333333333 0.902 0.833 9.4 11.4 10.4 7.9 1.6 0 7.9 17.8 168 96 21.1 14.2
"45" "45" 2004-01-25 24.67 "DET" "" "ATL" "L" -9 1 13.2166666666667 0.2 0.2 20 10.3 15.2 0 0 6.4 37.5 29.8 39 111 -2.9 -25.8
"46" "46" 2004-01-28 24.68 "DET" "@" "BOS" "W" 3 1 32.4666666666667 0.717 0.667 11.8 7.7 9.7 7.5 0 0 0 21.1 153 117 18.4 6.1
"47" "47" 2004-01-30 24.68 "DET" "@" "TOR" "W" 1 1 24.7833333333333 0.49 0.467 16.6 9 12.4 0 0 0 5.8 34.5 104 101 8.8 2.4
"48" "48" 2004-01-31 24.68 "DET" "" "MEM" "W" 2 1 26.2333333333333 0.667 0.667 12.1 16.5 14.3 7.6 0 0 18.2 19.2 115 99 8.5 1.9
"49" "49" 2004-02-02 24.69 "DET" "@" "MIA" "W" 2 1 30.6833333333333 0.309 0.3 17.3 23.2 19.9 0 0 8.8 0 17.6 91 106 6.7 -3.7
"50" "" 2004-02-03 24.69 "DET" "" "CLE" "L" -3 NA NA NA NA NA NA NA NA NA NA NA NA NA NA NA NA
"51" "" 2004-02-06 24.7 "DET" "@" "NOH" "L" -11 NA NA NA NA NA NA NA NA NA NA NA NA NA NA NA NA
"52" "50" 2004-02-07 24.7 "DET" "@" "DAL" "L" -3 1 17.0666666666667 0.82 0.75 8.8 26.5 17.6 0 0 0 29.1 19.1 116 127 5.2 -4.3
"53" "" 2004-02-10 24.71 "DET" "@" "NJN" "L" -11 NA NA NA NA NA NA NA NA NA NA NA NA NA NA NA NA
"54" "" 2004-02-11 24.72 "DET" "" "SAC" "L" -2 NA NA NA NA NA NA NA NA NA NA NA NA NA NA NA NA
"55" "51" 2004-02-17 24.73 "DET" "@" "NYK" "L" -4 1 26.8833333333333 0.509 0.417 17.8 24.2 20.8 22.1 4.1 4.9 12.7 25.4 114 94 15.6 10.8
"56" "52" 2004-02-18 24.73 "DET" "" "MIL" "W" 4 1 25.5166666666667 0.506 0.5 3.6 19.8 12 6.6 1.9 12.5 0 17.5 111 91 11.3 5.6
"57" "53" 2004-02-20 24.74 "DET" "" "MIN" "L" -1 1 22.4 0.5 0.5 15.6 15.6 15.6 8 2.6 0 28.6 15.4 90 99 4.2 0.7
"58" "54" 2004-02-22 24.75 "DET" "" "ORL" "L" -1 0 11.0666666666667 0.5 0.5 9.1 35.4 20.5 0 0 8.4 14.3 30.4 88 96 2.7 -6.8
"59" "55" 2004-02-23 24.75 "DET" "@" "PHI" "W" 10 0 12.0833333333333 0.667 0.667 10.5 15.7 13.5 0 0 10.5 40 21 78 76 3.4 2.7
"60" "" 2004-02-25 24.75 "DET" "@" "CHI" "W" 19 NA NA NA NA NA NA NA NA NA NA NA NA NA NA NA NA
"61" "56" 2004-03-10 24.79 "DET" "" "CHI" "W" 33 0 15.4 0.7 0.7 10 18.8 15.4 10.2 0 0 28.6 21.7 99 75 4.2 -0.2
"62" "57" 2004-03-14 24.8 "DET" "" "PHI" "W" 16 0 14.15 0.5 0.5 9.8 10.7 10.2 0 8.3 0 18.2 41.6 77 75 4.5 -1.6
"63" "58" 2004-03-18 24.81 "DET" "@" "NJN" "W" 18 0 11.7833333333333 0.51 0.4 11.1 8.3 9.5 16 5 0 25.4 32.2 93 85 2.8 -3.9
"64" "59" 2004-03-19 24.82 "DET" "" "DEN" "W" 19 0 25.85 0.512 0.458 11.6 13.7 12.8 18.9 2.2 2.7 6.4 30.4 109 85 12.5 7.2
"65" "60" 2004-03-21 24.82 "DET" "@" "CLE" "W" 20 0 22.0333333333333 0.813 0.813 21.3 15.6 18.4 19 2.6 0 11.1 21 148 91 13.3 12.6
"66" "61" 2004-03-23 24.83 "DET" "@" "NOH" "L" -1 0 15.75 0 0 7.1 15 11 9.7 0 0 0 6.1 51 101 0.6 -5.5
"67" "62" 2004-03-25 24.83 "DET" "@" "SAS" "L" -9 0 14.9166666666667 0.546 0.5 17.8 0 8.6 0 0 0 0 24.7 118 113 6 3.8
"68" "63" 2004-03-27 24.84 "DET" "" "NYK" "W" 15 1 14.1 0.509 0.5 9 36.5 24.2 0 0 11.2 0 23.3 112 86 6 0.8
"69" "64" 2004-03-31 24.85 "DET" "" "LAC" "W" 9 1 35.0666666666667 0.644 0.615 9.8 12.1 10.8 15.2 1.4 0 6.3 20.2 131 112 16.2 -0.6
"70" "65" 2004-04-02 24.85 "DET" "" "MIA" "W" 8 0 15.5666666666667 0.688 0.688 14.9 14.9 14.9 40 3.6 0 11.1 28.1 125 93 10 16.8
"71" "66" 2004-04-04 24.86 "DET" "" "IND" "W" 18 0 16.2666666666667 0.872 0.833 0 19.6 11.1 0 0 5.6 22.5 14.1 118 73 5.3 8.9
"72" "67" 2004-04-06 24.87 "DET" "" "ORL" "W" 16 0 16.3666666666667 0.363 0.333 22.9 18.8 20.7 15.5 0 4.4 0 18.4 111 97 5.9 -1.8
"73" "68" 2004-04-09 24.87 "DET" "" "TOR" "W" 8 0 12.8333333333333 0.665 0.5 8.2 0 4.2 18.2 0 0 34.7 21 96 85 2.2 -1
"74" "69" 2004-04-10 24.88 "DET" "@" "ORL" "W" 12 0 29.4833333333333 0.368 0.3 0 15 7.1 0 0 0 8.4 19.4 75 110 0.5 -19.2
"75" "70" 2004-04-12 24.88 "DET" "" "WAS" "W" 22 0 22.2333333333333 0.611 0.611 7 0 3.1 0 2.3 0 25 24.5 87 89 5.4 -4.5
"76" "71" 2004-04-13 24.88 "DET" "@" "TOR" "L" -9 0 20.95 0.479 0.2 10.7 26.7 17.8 0 0 0 17.5 28.2 91 103 4.9 -5.9
"1" "1" 2004-11-03 25.44 "UTA" "" "LAL" "W" 26 0 20 0.205 0 6.9 21.3 15 25.3 2.8 9.6 0 11.6 98 82 5.9 8
"2" "2" 2004-11-05 25.45 "UTA" "@" "GSW" "W" 22 0 15.5166666666667 0.475 0.4 12.3 7 8.9 0 0 0 32.2 30.4 71 97 -0.7 -19.6
"3" "3" 2004-11-06 25.45 "UTA" "@" "DEN" "W" 24 0 20.4833333333333 0.694 0.667 12.6 16 14.5 8.2 0 0 10.4 22.3 135 97 8.6 0.1
"4" "4" 2004-11-08 25.45 "UTA" "" "DEN" "W" 11 0 19.55 0.773 0.667 20 33.5 27.3 18.2 0 7.9 0 18.8 175 98 16.1 19.1
"5" "5" 2004-11-10 25.46 "UTA" "" "TOR" "L" -9 0 20.1666666666667 0.421 0.286 21.3 31.9 26.6 8 0 3.3 10.7 19.8 107 112 6.7 -2.7
"6" "6" 2004-11-13 25.47 "UTA" "" "DET" "W" 15 0 30.8 0.703 0.55 5 28.2 17 14.5 0 2.6 0 22.5 166 113 18.1 8.5
"7" "7" 2004-11-16 25.48 "UTA" "@" "CHA" "W" 2 0 14.65 0 0 0 8.8 4.7 8.1 0 0 16.7 17.5 12 120 -4.3 -24.3
"8" "8" 2004-11-17 25.48 "UTA" "@" "ORL" "L" -15 0 20.9 0.574 0.5 10.4 26.6 18.4 0 0 3.3 8.1 25.5 113 112 10.2 2.6
"9" "9" 2004-11-19 25.48 "UTA" "@" "MIA" "L" -2 0 26.6166666666667 0.215 0.125 0 26.9 15.3 7.6 0 0 17.7 19.9 45 106 -2 -12.4
"10" "10" 2004-11-20 25.49 "UTA" "@" "ATL" "W" 13 0 27.6166666666667 0.812 0.688 15.1 17.5 16.5 25 0 5.4 8.3 20.9 169 94 20.4 19.7
"11" "11" 2004-11-22 25.49 "UTA" "" "NOH" "L" -1 0 29.3166666666667 0.363 0.333 3.9 7.3 5.6 0 0 2.3 0 23.1 81 103 4 -6.1
"12" "12" 2004-11-24 25.5 "UTA" "" "CHI" "L" -2 0 23.35 0.677 0.5 0 50.6 22.6 7.5 4.5 4 8.3 22.5 141 93 14.6 13.6
"13" "13" 2004-11-26 25.5 "UTA" "" "HOU" "W" 10 0 24.2333333333333 1.025 1 0 11.8 6.9 9.3 0 3.8 9.3 22.4 182 105 18.9 19
"14" "14" 2004-11-27 25.51 "UTA" "@" "SAS" "L" -33 0 19.8 0.556 0.556 6.9 18.5 11.8 0 0 0 10 25 102 132 4.8 -3.4
"15" "15" 2004-11-30 25.52 "UTA" "" "PHO" "L" -13 0 20.2166666666667 0.371 0.2 0 40 18.2 18.2 0 0 27.1 22.7 71 122 2.2 -7.2
"16" "16" 2004-12-01 25.52 "UTA" "@" "SEA" "L" -10 0 33.25 0.854 0.792 3.9 18.9 10.7 10.9 0 0 0 20.5 184 138 21.5 11.1
"17" "17" 2004-12-04 25.53 "UTA" "@" "DAL" "L" -23 1 28.15 0.5 0.5 0 22.6 11.9 11 1.8 0 11.1 15.3 91 113 6.5 -1.3
"18" "18" 2004-12-06 25.53 "UTA" "" "MIA" "L" -20 1 15.1833333333333 0.661 0.571 6.8 16.2 11.1 37.5 0 0 19.4 31.3 108 117 7.6 7.1
"19" "19" 2004-12-08 25.54 "UTA" "" "ORL" "L" -6 1 37.6666666666667 0.555 0.45 5.7 15.8 10.5 10.5 0 3.8 6.9 16.1 124 113 13.4 2.8
"20" "20" 2004-12-10 25.54 "UTA" "" "POR" "W" 5 1 29.0833333333333 0.565 0.375 8.7 27.4 17.8 0 1.9 8.3 19.5 26.3 99 84 11.3 1.2
"21" "21" 2004-12-12 25.55 "UTA" "@" "POR" "L" -10 1 40.2333333333333 0.457 0.333 19.5 21.2 20.3 7.9 0 2.4 5.7 20.1 114 115 12.9 -2.7
"22" "22" 2004-12-14 25.55 "UTA" "" "LAC" "W" 2 1 35.15 0.703 0.6 24.6 25.7 25.1 11.5 0 2.3 12.9 21.3 147 117 19.6 8.1
"23" "23" 2004-12-15 25.56 "UTA" "@" "PHO" "L" -22 1 30.5 0.511 0.444 9.4 32 19.3 15.7 1.8 3.2 0 15.8 128 115 13.4 6.5
"24" "24" 2004-12-17 25.56 "UTA" "@" "BOS" "L" -8 1 31.3833333333333 0.677 0.542 10.7 25 16.6 5.8 0 0 6.1 22.8 146 121 17.1 3.8
"25" "25" 2004-12-19 25.57 "UTA" "@" "NYK" "L" -1 0 32.6 0.825 0.786 19.7 38.6 28.8 11.8 1.8 2.7 0 11.5 187 106 18.2 12.1
"26" "26" 2004-12-20 25.57 "UTA" "@" "PHI" "W" 2 0 30.9 0.594 0.417 11.9 25.2 18.9 21.2 0 0 10.6 26.4 126 103 17 4.9
"27" "27" 2004-12-22 25.58 "UTA" "@" "TOR" "L" -12 0 29.0833333333333 0.506 0.5 16.9 42.4 28.2 17.9 0 0 21.6 22.2 97 107 10.4 0.5
"28" "28" 2004-12-27 25.59 "UTA" "" "SEA" "L" -10 0 34.1833333333333 0.342 0.167 4 18.6 11.6 8.7 1.6 2.8 35.3 15.2 62 108 1.3 -7.4
"29" "29" 2004-12-29 25.59 "UTA" "@" "LAC" "L" -11 0 18.45 0.338 0.25 14.4 0 7.4 27.9 0 8 10.1 25.7 94 123 3.5 -2.9
"30" "30" 2004-12-31 25.6 "UTA" "" "SAC" "L" -7 0 32.3833333333333 0.545 0.5 11.2 23 17 0 1.6 0 0 19.6 125 118 12.7 -0.5
"31" "31" 2005-01-02 25.61 "UTA" "@" "HOU" "L" -19 0 28.1666666666667 0.446 0.423 3.6 34.1 16.6 7.6 0 2.8 13 25.5 81 109 5.5 -3.8
"32" "32" 2005-01-03 25.61 "UTA" "@" "MEM" "L" -10 0 31.5166666666667 0.764 0.6 7.3 31.6 19 10 0 2.8 35.7 16.1 106 102 8.6 0.7
"33" "33" 2005-01-05 25.61 "UTA" "" "PHI" "L" -7 0 11.0666666666667 0.333 0.333 0 54.5 29.1 13 0 6.9 25 17.1 63 106 1.8 -4.4
"34" "34" 2005-01-07 25.62 "UTA" "@" "CHI" "L" -6 0 28.3666666666667 0.492 0.35 15.8 26.9 21.4 7.9 1.8 5.9 19.7 23 95 87 9.6 1.1
"35" "35" 2005-01-08 25.62 "UTA" "@" "MIL" "L" -3 0 33.7333333333333 0.425 0.3 15.8 28.4 21.7 15.2 3.4 2.5 14.5 19.7 99 95 11.7 1.4
"36" "36" 2005-01-10 25.63 "UTA" "" "SAS" "W" 1 0 36.8 0.747 0.636 25.9 17.3 22 9.6 0 2.7 6.1 23 162 127 24.1 11.1
"37" "37" 2005-01-12 25.63 "UTA" "" "PHO" "W" 7 0 25.7666666666667 0.591 0.531 38.5 30.8 34.9 0 0 0 5.3 28.9 144 116 19.1 3.4
"38" "38" 2005-01-13 25.64 "UTA" "@" "SAC" "L" -14 0 16.1166666666667 0.667 0.667 7.9 26.5 16.7 23.1 0 4.9 25 24 107 119 5.5 0.5
"39" "39" 2005-01-15 25.64 "UTA" "" "CLE" "L" -13 0 34.35 0.615 0.5 6.1 16.7 11.2 6.7 0 0 17 15.8 112 98 7.2 1.3
"40" "40" 2005-01-17 25.65 "UTA" "@" "LAL" "W" 8 0 29.55 0.539 0.375 3.7 46.3 23.7 0 0 3.3 8.9 17 110 96 8.3 -5.8
"41" "41" 2005-01-22 25.66 "UTA" "" "MEM" "L" -16 0 25.7 0.764 0.65 12.8 13.7 13.2 0 0 0 6.5 27.6 154 132 17.5 9.3
"42" "42" 2005-01-23 25.66 "UTA" "@" "SEA" "L" -17 0 31.6666666666667 0.893 0.875 8.3 24 14.8 16.4 0 0 8.6 15.3 170 138 17.9 10.1
"43" "43" 2005-01-26 25.67 "UTA" "" "SEA" "W" 9 0 24.8666666666667 0.759 0.667 16.5 21.9 19.2 14.5 0 0 8.2 22.6 157 117 16 7.5
"44" "44" 2005-01-28 25.68 "UTA" "@" "MIN" "L" -2 0 33.6833333333333 0.59 0.5 11.1 21.5 16.8 23.3 0 4.7 24.4 16.9 109 102 12.3 4.5
"45" "45" 2005-01-29 25.68 "UTA" "" "NJN" "L" -17 0 17.0166666666667 0.51 0.4 0 35.3 14.5 10.7 0 0 0 15.9 115 114 4.4 -0.2
"46" "46" 2005-02-01 25.69 "UTA" "" "CHA" "L" -4 0 28.7166666666667 0.512 0.5 4.9 10.3 7.5 16.7 0 0 29.1 10.3 91 118 3.2 -4.8
"47" "47" 2005-02-05 25.7 "UTA" "" "NOH" "W" 16 0 20.7 0.425 0.4 26.7 11.4 17.4 9.4 0 4.9 0 29.1 110 112 7.1 -8.1
"48" "48" 2005-02-07 25.7 "UTA" "" "NYK" "L" -3 0 25.35 0.527 0.5 0 5.4 2.9 22.1 2.1 3.3 37.6 20.8 73 102 3.1 -4.1
"49" "49" 2005-02-08 25.71 "UTA" "@" "DEN" "L" -10 0 38.2333333333333 0.603 0.462 7.7 19.6 13.4 11.8 0 3.4 14.7 23.9 115 108 17.1 3.6
"50" "50" 2005-02-11 25.72 "UTA" "" "MIN" "W" 18 1 35.0666666666667 0.444 0.429 12.2 32.3 20.8 4.2 1.5 0 11.3 22.7 96 93 10.7 -2.2
"51" "51" 2005-02-14 25.72 "UTA" "@" "PHO" "L" -8 1 18.5333333333333 0.387 0.167 0 0 0 5.8 0 0 0 17.4 107 140 0.5 -13.6
"52" "52" 2005-02-15 25.73 "UTA" "@" "LAL" "L" -7 0 33.95 0.63 0.6 10.9 18.6 14.7 13.3 1.6 5.9 5.9 23.5 127 113 19.1 8.4
"53" "53" 2005-02-23 25.75 "UTA" "" "DAL" "L" -18 0 16.2833333333333 0.393 0 0 16.7 7.2 26.1 0 5.5 28.2 28.2 69 109 0.2 -9.9
"54" "54" 2005-02-25 25.75 "UTA" "" "BOS" "L" -7 0 18.8333333333333 0.887 0.833 7.8 25 16.2 21.6 5.7 0 0 14.4 192 109 12.5 16.1
"55" "55" 2005-02-27 25.76 "UTA" "@" "HOU" "W" 7 0 30.3166666666667 0.509 0.417 12.3 31 20.6 10 0 0 6.8 22.6 123 113 11.1 -0.7
"56" "56" 2005-02-28 25.76 "UTA" "" "LAC" "W" 1 0 29.6166666666667 0.417 0.273 5 0 2.2 6.1 0 0 18.5 27 84 117 1.3 -13.9
"57" "57" 2005-03-02 25.77 "UTA" "" "ATL" "W" 22 0 32.7833333333333 0.726 0.6 4.2 15.3 10 27.7 0 6.4 13.3 22.7 140 87 19.5 13.4
"58" "58" 2005-03-04 25.77 "UTA" "@" "NOH" "L" -7 0 18.25 0.25 0.25 5.3 38.1 20.3 0 0 0 38.5 31.2 36 98 -4.9 -25.8
"59" "59" 2005-03-06 25.78 "UTA" "@" "SAS" "L" -7 0 30.1166666666667 0.589 0.545 4.3 25.9 15.1 12.1 0 3 7.8 20.3 125 120 11.5 3.2
"60" "60" 2005-03-08 25.78 "UTA" "" "IND" "L" -6 0 34.05 0.584 0.455 17.3 27.3 21.2 21.2 1.7 3.1 0 22.4 143 106 19.7 10.6
"61" "61" 2005-03-11 25.79 "UTA" "" "MEM" "L" -12 0 32.95 0.421 0.357 6.5 15 9.8 14.7 1.7 3.2 10.7 26.6 88 111 6.8 -5.2
"62" "62" 2005-03-13 25.8 "UTA" "@" "DET" "L" -2 0 35.8 0.325 0.222 9.1 22.7 16.1 18.8 1.7 4.8 8.5 16.1 83 74 7.9 4.5
"63" "63" 2005-03-15 25.8 "UTA" "@" "CLE" "L" -19 0 27.1333333333333 0.354 0.333 7.4 23.4 14.5 8.2 2.2 6.5 9.2 18.7 81 103 6.1 -1.1
"64" "64" 2005-03-16 25.81 "UTA" "@" "IND" "L" -19 0 28.25 0.687 0.667 0 4.6 2.3 15.7 2 0 20.5 27.3 108 130 9.8 0.7
"65" "65" 2005-03-18 25.81 "UTA" "@" "NJN" "L" -14 0 17.3333333333333 0.806 0.786 28.2 11.3 20.5 16.7 0 0 35 34.5 98 123 7.4 0.5
"66" "66" 2005-03-19 25.81 "UTA" "@" "WAS" "L" -1 0 28.95 0.434 0.25 0 29 16.6 37 0 3.1 41 17.2 79 108 4.7 -2.9
"67" "67" 2005-03-22 25.82 "UTA" "" "LAL" "W" 8 1 39.1 1.017 1 8.8 49.2 31.3 18.4 0 0 18.4 20.3 171 121 29.5 14.2
"68" "68" 2005-03-24 25.83 "UTA" "" "WAS" "L" -1 1 24.65 0.296 0.25 21 14.6 18 5.9 0 10.7 19.2 18.4 75 95 3.8 -7.6
"69" "69" 2005-03-26 25.83 "UTA" "" "MIL" "W" 5 0 28.3333333333333 0.461 0.375 4.8 33.3 19 0 2 2.8 17 20.3 86 98 5.5 -6.7
"70" "70" 2005-03-28 25.84 "UTA" "" "HOU" "L" -14 1 36.4833333333333 0.762 0.667 11.1 11.8 11.4 0 3.1 0 15.5 26 134 115 20.6 8.1
"71" "71" 2005-03-30 25.84 "UTA" "" "DEN" "L" -11 1 38.9 0.669 0.667 20.5 37.3 27.9 13.3 0 2.1 18.9 24.4 119 114 20.4 3.7
"72" "72" 2005-04-01 25.85 "UTA" "" "GSW" "L" -17 1 28.5833333333333 0.509 0.417 0 29.8 14 16.8 0 3.5 6.8 21.6 115 114 9.5 0
"73" "73" 2005-04-05 25.86 "UTA" "" "POR" "W" 11 1 29.0833333333333 0.506 0.5 0 30.1 13.1 15.7 0 0 8.4 18.8 105 91 7.3 0
"74" "74" 2005-04-06 25.86 "UTA" "@" "MIN" "L" -25 1 17.9166666666667 0.517 0.375 5.9 8.6 7 29.6 0 8.3 8.6 30.1 108 123 7.7 2.3
"75" "75" 2005-04-08 25.87 "UTA" "@" "NOH" "W" 11 1 36.85 0.63 0.5 10.3 22.8 17.9 17.8 3.1 0 29.6 18.7 106 96 11.3 -0.4
"76" "76" 2005-04-09 25.87 "UTA" "@" "DAL" "L" -7 1 32.8666666666667 0.574 0.5 16.2 11.5 13.8 32.8 0 0 19.7 22 112 109 10.9 3.1
"77" "77" 2005-04-12 25.88 "UTA" "@" "LAC" "L" -9 1 35.0166666666667 0.417 0.353 13.9 25.5 19.6 16 3 1.8 13.5 28.5 91 97 12.9 0
"78" "78" 2005-04-13 25.88 "UTA" "" "SAS" "W" 2 1 42.7833333333333 0.563 0.5 13.9 34 23.4 19.4 0 0 4.3 25.6 134 106 21.6 6.5
"79" "79" 2005-04-15 25.89 "UTA" "" "MIN" "L" -16 1 35.85 0.379 0.273 8.2 16.3 11.9 16.7 0 4 13.2 20 87 115 7.3 -3
"80" "80" 2005-04-17 25.89 "UTA" "@" "POR" "L" -18 1 29.1166666666667 0.603 0.583 7.5 45.7 22.7 16.2 0 6.2 7.4 20.7 129 118 15 8.7
"81" "81" 2005-04-18 25.9 "UTA" "" "SAC" "W" 10 1 37.5666666666667 0.599 0.536 16.2 18.5 17.5 20.8 3 1.9 10.2 24.6 128 88 21.1 11.3
"82" "82" 2005-04-20 25.9 "UTA" "@" "GSW" "L" -17 1 29.6333333333333 0.563 0.5 10.8 7.8 9.6 7.1 1.7 3.3 22 24.9 98 117 11.4 -1
"1" "1" 2005-11-02 26.44 "UTA" "" "DAL" "W" 11 1 37.3 0.703 0.647 9 12.6 11 6.7 0 4.1 20.7 29.7 117 95 18.2 6.2
"2" "2" 2005-11-04 26.44 "UTA" "@" "GSW" "W" 6 1 37.35 0.549 0.471 9.4 29.5 20.2 17.5 0 0 12.5 28.4 114 91 16 4.8
"3" "3" 2005-11-05 26.45 "UTA" "" "PHO" "L" -9 1 38.3666666666667 0.492 0.455 10.6 23.8 16.9 0 0 0 23.3 18.1 89 106 6.5 -5.2
"4" "4" 2005-11-07 26.45 "UTA" "@" "CHA" "W" 4 1 46.6 0.772 0.706 5.3 10.9 8.4 10.6 0 1.5 16.6 23.7 135 100 22.5 8.7
"5" "5" 2005-11-09 26.46 "UTA" "@" "NJN" "L" -8 1 15.4 0.2 0.2 0 0 0 11.2 0 5.7 0 15.6 55 112 -0.9 -13.7
"6" "6" 2005-11-11 26.46 "UTA" "@" "TOR" "W" 15 1 36.5333333333333 0.696 0.625 16.4 28.4 22.8 0 3.1 0 0 27.6 152 93 26.6 13
"7" "7" 2005-11-12 26.47 "UTA" "@" "CHI" "L" -5 1 41.5666666666667 0.692 0.658 17.3 39.7 27.3 21.8 1.3 2.4 14.4 31 129 113 30.1 10.6
"8" "8" 2005-11-14 26.47 "UTA" "" "NYK" "L" -11 1 37.0833333333333 0.47 0.455 0 21 9.2 0 4.5 0 13.6 18.6 81 79 6.7 0.6
"9" "9" 2005-11-15 26.47 "UTA" "@" "SAC" "L" -36 1 21.9833333333333 0.417 0.417 4.9 19.8 11.2 8.2 0 0 25 16.3 73 135 1.1 -11.2
"10" "10" 2005-11-18 26.48 "UTA" "@" "PHO" "L" -8 1 36.7 0.647 0.611 8 18.7 12.9 12.5 1.4 2.6 4.3 27.6 141 110 24.4 12.3
"11" "11" 2005-11-19 26.48 "UTA" "" "MEM" "L" -8 1 38.1166666666667 0.437 0.429 5.2 7 6 16.8 0 0 0 19.8 106 113 7.7 -3.4
"12" "12" 2005-11-21 26.49 "UTA" "" "MIL" "W" 20 1 30.7666666666667 0.459 0.441 6.5 23.4 14.2 5.9 0 0 5.4 25.3 106 94 8.6 -1.6
"13" "13" 2005-11-22 26.49 "UTA" "@" "SEA" "W" 6 1 40.8833333333333 0.711 0.719 11 16.8 14.3 11.6 1.4 0 5.6 22.8 138 104 19.7 7.5
"14" "14" 2005-11-25 26.5 "UTA" "" "GSW" "L" -4 1 35.5833333333333 0.392 0.25 13.2 28.5 21.8 16.7 0 2.6 16.4 15.9 96 97 9.2 -0.9
"15" "15" 2005-11-29 26.51 "UTA" "" "IND" "L" -24 1 26.3666666666667 0.388 0.333 8.1 31.1 19.1 31.1 0 0 27.9 26.8 66 94 2.9 -5.5
"16" "16" 2005-12-01 26.52 "UTA" "" "LAL" "L" -4 1 35.35 0.373 0.222 3.3 6.5 4.9 6.2 0 2.4 14.2 18.8 82 118 1 -9
"17" "17" 2005-12-04 26.53 "UTA" "@" "POR" "W" 5 1 40.9666666666667 0.693 0.667 4.5 18.6 13.4 5.6 0 2 0 25.5 139 109 22.8 5.3
"18" "18" 2005-12-05 26.53 "UTA" "" "MIN" "L" -14 1 41.35 0.337 0.263 2.8 15.7 8.8 0 1.4 0 4.6 25.4 73 107 3.3 -8.5
"19" "19" 2005-12-07 26.53 "UTA" "" "ATL" "W" 12 1 22.4333333333333 0.666 0.682 13 6.5 9.7 18.6 0 4 7.3 29.2 131 101 12.5 7.3
"20" "20" 2005-12-09 26.54 "UTA" "" "SEA" "L" -16 1 26.5 0.556 0.556 16.8 4.4 10.8 15.8 4.1 3 25 20.6 97 118 9.1 -0.4
"21" "21" 2005-12-12 26.55 "UTA" "" "DET" "W" 14 1 46.9666666666667 0.611 0.529 13.4 16.3 15 11.9 1.2 3.7 13.3 22.4 129 92 20.4 7.1
"22" "22" 2005-12-14 26.55 "UTA" "" "POR" "W" 5 1 38.7333333333333 0.488 0.444 11.7 24.1 16.7 19.5 0 6.6 0 24.8 129 99 17.8 7.8
"23" "23" 2005-12-16 26.56 "UTA" "@" "IND" "L" -10 1 39.0333333333333 0.595 0.5 15.4 23.3 19.2 20 0 2.7 0 19.2 141 109 19.7 7.8
"24" "24" 2005-12-17 26.56 "UTA" "@" "MIL" "W" 8 1 40.05 0.474 0.385 6.5 36.9 22.1 19.3 1.4 2.1 6.3 19.4 110 87 14.9 3.1
"25" "25" 2005-12-20 26.57 "UTA" "@" "CLE" "L" -25 1 16.1666666666667 0.436 0.333 8.7 20.5 14.1 22.8 0 0 8.8 32.5 96 123 4.4 -5.5
"26" "26" 2005-12-21 26.57 "UTA" "@" "BOS" "L" -12 1 40.2 0.582 0.583 5.3 33.6 17.1 33.1 2.6 2.2 16.8 25.2 111 107 20.1 9.5
"27" "27" 2005-12-23 26.58 "UTA" "@" "NYK" "L" -8 1 44.5333333333333 0.446 0.455 3.7 22.7 14.5 26.3 1.3 3.9 32.8 19.1 78 110 6.2 -4.6
"28" "28" 2005-12-26 26.59 "UTA" "" "MEM" "W" 3 1 34.8166666666667 0.64 0.5 10.4 31.3 19.5 12.2 1.7 6.1 14.3 28.3 132 108 18.2 6.2
"29" "29" 2005-12-27 26.59 "UTA" "@" "HOU" "W" 8 1 36.35 0.509 0.441 24.6 24.3 24.4 26.3 0 8 0 26 131 83 21.7 13.7
"30" "30" 2005-12-31 26.6 "UTA" "" "PHI" "W" 6 1 38.6333333333333 0.535 0.441 9.1 34.5 21 16.8 0 0 9.2 24.4 118 111 16.6 1.8
"31" "31" 2006-01-01 26.6 "UTA" "@" "LAL" "W" 4 1 33.95 0.576 0.538 15.3 14.5 14.9 23.5 1.7 2.2 12.6 24.3 117 110 15 1.1
"32" "32" 2006-01-03 26.61 "UTA" "" "LAL" "W" 10 1 37.4 0.484 0.444 16.6 21.4 19.2 10.4 0 0 0 26.8 123 102 14.6 -1.9
"33" "33" 2006-01-06 26.62 "UTA" "@" "MEM" "L" -22 1 27.7833333333333 0.244 0.154 13 30.7 21.2 8.4 2 0 17.3 28.4 56 95 1.4 -8.2
"34" "34" 2006-01-07 26.62 "UTA" "@" "DET" "W" 4 1 33.5833333333333 0.458 0.375 26.3 28.7 27.7 5.7 0 0 12.3 23.9 114 101 12.4 1.1
"35" "35" 2006-01-09 26.62 "UTA" "@" "WAS" "W" 8 1 32.15 0.503 0.472 12.4 36.4 25.2 17.9 0 0 13.7 31.5 98 96 12.2 -1.4
"36" "36" 2006-01-11 26.63 "UTA" "@" "PHI" "W" 8 1 38.1 0.783 0.75 9.7 23.6 17.4 33.7 2.8 2.2 15.8 24.4 143 110 25.9 13.1
"37" "37" 2006-01-14 26.64 "UTA" "" "MIA" "L" -6 1 34.8833333333333 0.723 0.611 6.7 36.7 22.4 10.1 0 4.5 12.6 21.5 134 103 20.3 8.3
"38" "38" 2006-01-16 26.64 "UTA" "@" "LAC" "L" -9 1 40.0166666666667 0.571 0.464 10 10.2 10.1 20.3 0 7.4 10.7 20.4 123 107 16.5 4.8
"39" "39" 2006-01-17 26.65 "UTA" "" "TOR" "W" 13 1 38.4666666666667 0.738 0.676 10.1 9.6 9.9 28.9 0 2.4 0 23.7 170 117 28.1 13.6
"40" "40" 2006-01-20 26.65 "UTA" "@" "DEN" "L" -30 1 26.8 0.21 0.182 14 14.1 14.1 17.7 5.9 10.4 29.6 27 50 110 3.5 -6.6
"41" "41" 2006-01-21 26.66 "UTA" "" "CLE" "L" -18 1 37.0666666666667 0.542 0.528 3.2 47.1 23.1 10.6 1.4 0 5.1 25 108 115 14.7 1.5
"42" "42" 2006-01-23 26.66 "UTA" "" "NJN" "W" 11 1 45.8 0.458 0.382 5.2 21.8 14.7 12.7 1.2 1.9 9.2 24 94 86 12.6 -0.7
"43" "43" 2006-01-25 26.67 "UTA" "" "SEA" "L" -19 1 39.3333333333333 0.658 0.577 12.2 28.2 20.1 9.2 0 1.6 11.6 20.8 129 125 18.5 1.3
"44" "44" 2006-01-28 26.68 "UTA" "@" "DAL" "L" -14 1 40.3166666666667 0.437 0.382 9.2 8.8 9 12 0 0 0 21.4 118 131 8.6 -3.8
"45" "45" 2006-01-30 26.68 "UTA" "" "SAS" "L" -9 1 35.0666666666667 0.317 0.25 8.7 17.1 12.6 0 0 5.7 6.6 21 75 97 4.2 -4.6
"46" "46" 2006-02-01 26.69 "UTA" "" "DEN" "W" 13 1 39.9333333333333 0.738 0.667 17.8 23.4 21 4.6 2.9 3.7 13.7 28.3 137 102 25.5 9.1
"47" "47" 2006-02-03 26.69 "UTA" "" "SAC" "W" 10 1 29.2833333333333 0.508 0.423 8.4 17.1 13.2 26.2 0 0 11.9 26.4 111 95 9.3 2.3
"48" "48" 2006-02-05 26.7 "UTA" "@" "SAC" "L" -18 1 35.5666666666667 0.696 0.679 11.2 17.8 14.6 24 0 7.2 10 27.1 134 117 22.2 15.1
"49" "49" 2006-02-06 26.7 "UTA" "" "CHI" "W" 2 1 31.5166666666667 0.582 0.542 0 17.5 9.6 14.1 0 0 13.4 21 112 112 7.9 -2.5
"50" "50" 2006-02-10 26.71 "UTA" "@" "MIN" "W" 14 1 33.35 0.463 0.441 11.5 20.6 15.6 12.6 1.6 0 4.6 28.3 107 91 13.1 2.4
"51" "51" 2006-02-11 26.72 "UTA" "@" "HOU" "L" -14 1 35.4333333333333 0.418 0.4 12.6 25.6 18.6 5.2 0 2.2 15.2 27.2 83 116 8 -7.2
"52" "52" 2006-02-13 26.72 "UTA" "@" "LAL" "L" -6 1 39.3166666666667 0.712 0.6 6 26.5 16.8 11.8 1.3 2.2 28.3 20.1 107 95 14.3 4.2
"53" "53" 2006-02-21 26.74 "UTA" "" "BOS" "L" -20 1 36.0666666666667 0.477 0.2 5.8 37.3 16.9 11.9 1.5 8 16 24.1 95 110 11 -0.6
"54" "54" 2006-02-22 26.75 "UTA" "@" "NOK" "W" 6 1 27.15 0.343 0.25 0 38.4 19.6 6.9 0 0 16.4 21.3 65 85 2.7 -7.4
"55" "55" 2006-02-25 26.75 "UTA" "" "NOK" "L" -5 1 32.7666666666667 0.674 0.607 14.3 7.9 11.3 11.6 0 0 0 26.3 147 112 22.2 10.8
"56" "56" 2006-02-27 26.76 "UTA" "@" "GSW" "W" 9 1 47.4 0.697 0.688 14.9 16.9 16 10.8 0 0 9.7 18.4 140 105 22.7 7.3
"57" "57" 2006-03-01 26.76 "UTA" "" "CHA" "L" -15 1 33.35 0.279 0.222 4.1 21.2 12.5 18.5 0 0 21.8 20.2 63 121 0.1 -12.1
"58" "58" 2006-03-03 26.77 "UTA" "" "LAC" "W" 2 1 31.7333333333333 0.816 0.781 3.4 16.4 9.3 12.9 0 0 5.3 27.6 155 121 22.5 12.7
"59" "59" 2006-03-05 26.78 "UTA" "@" "SEA" "L" -32 1 17.3666666666667 0.4 0.286 6.1 0 3.5 0 0 0 25.5 29.3 68 128 -0.6 -17.7
"60" "60" 2006-03-06 26.78 "UTA" "" "ORL" "W" 5 1 37.2166666666667 0.52 0.467 7 15 11.3 0 0 3.8 4.5 29 107 102 13.6 -0.6
"61" "61" 2006-03-08 26.78 "UTA" "" "MIN" "W" 3 1 26.6833333333333 0.436 0.333 0 15.9 7.6 11.5 0 0 22.5 15.7 83 119 1.7 -12.1
"62" "62" 2006-03-11 26.79 "UTA" "" "DAL" "L" -3 1 36.7166666666667 0.752 0.688 6.4 33.6 18.9 0 0 4.6 4.5 30.4 150 103 27.3 16.7
"63" "63" 2006-03-14 26.8 "UTA" "@" "MIA" "L" -38 1 26.05 0.394 0.375 6.8 29.5 14 11.3 2 4.1 0 15.2 96 128 6.3 -4.2
"64" "64" 2006-03-15 26.8 "UTA" "@" "ORL" "L" -6 1 46.9 0.578 0.5 9.8 25.5 16.1 13.3 1.2 1.8 7.2 26.6 128 119 23.7 4.6
"65" "65" 2006-03-17 26.81 "UTA" "@" "ATL" "W" 10 1 40.1166666666667 0.651 0.639 3.9 25 16.2 12 0 0 0 22.3 141 114 20.5 3.3
"66" "66" 2006-03-19 26.81 "UTA" "@" "MEM" "L" -6 1 41.15 0.47 0.333 10.3 26.5 19.4 9.3 0 0 0 22.4 119 105 13.4 -0.2
"67" "67" 2006-03-21 26.82 "UTA" "" "PHO" "W" 8 1 44.9166666666667 0.625 0.588 2.6 28.9 16.8 13.6 0 1.8 13.5 22.5 118 106 19.2 3.1
"68" "68" 2006-03-23 26.82 "UTA" "" "WAS" "L" -12 1 39.0333333333333 0.252 0.192 8.8 12.3 10.5 11 1.4 2.4 12.6 18.4 71 119 2.2 -8.1
"69" "69" 2006-03-25 26.83 "UTA" "" "SAC" "L" -2 1 32.3666666666667 0.366 0.406 3.7 28.9 16.5 18.5 1.6 0 14.5 28.8 76 101 4.2 -6.7
"70" "70" 2006-03-27 26.84 "UTA" "" "NOK" "W" 24 1 32.0666666666667 0.527 0.464 5 15.8 11 0 0 0 5.5 26.9 119 96 8.7 -5
"71" "71" 2006-03-29 26.84 "UTA" "@" "DEN" "W" 11 1 39.8 0.773 0.708 0 14.2 8.3 4.1 1.4 2 11.4 21.3 139 118 18.8 4.1
"72" "72" 2006-03-31 26.85 "UTA" "@" "LAC" "L" -15 1 37.4333333333333 0.434 0.421 9.4 31 18.3 19.9 0 4.7 8.8 27.9 94 119 11.9 -0.9
"73" "73" 2006-04-01 26.85 "UTA" "@" "POR" "W" 13 1 43.7166666666667 0.483 0.475 12.2 26.1 19.7 12.6 2.5 0 4.4 24.4 115 100 17.1 1
"74" "74" 2006-04-04 26.86 "UTA" "" "SAS" "L" -9 1 41.5166666666667 0.373 0.111 8.3 24.8 16.5 4 0 4.6 14.2 16.6 87 112 6.4 -5.6
"75" "75" 2006-04-07 26.87 "UTA" "@" "MIN" "W" 8 1 37.0166666666667 0.607 0.615 2.8 40.9 20.1 8.2 0 0 16.1 22.8 106 105 13 -3.2
"76" "76" 2006-04-08 26.87 "UTA" "" "POR" "W" 17 1 34.4833333333333 0.62 0.545 4.5 27.2 18.1 10.1 1.6 2.4 6.4 21.4 131 101 16.2 1.7
"77" "77" 2006-04-10 26.87 "UTA" "" "HOU" "W" 2 1 42.4666666666667 0.635 0.571 7.3 27.6 18.8 21.3 1.3 0 16 23.2 112 96 16.6 5
"78" "78" 2006-04-12 26.88 "UTA" "" "DEN" "W" 21 1 36.2833333333333 0.569 0.528 9.7 23.7 16.5 8.8 0 0 4.5 26.7 124 96 17.2 2.9
"79" "79" 2006-04-14 26.88 "UTA" "@" "NOK" "W" 1 1 43.5 0.547 0.385 2.9 11.6 7.3 10.5 0 3 0 20.2 132 124 15.9 1.4
"80" "80" 2006-04-16 26.89 "UTA" "@" "DAL" "L" -16 1 32.7 0.548 0.417 8.2 11.6 9.9 5.7 0 0 20.5 28.3 100 133 7.6 -8.4
"81" "81" 2006-04-17 26.89 "UTA" "@" "SAS" "L" -33 1 38.4833333333333 0.86 0.833 5.8 16.1 10.1 10.3 0 2.3 28.8 17.9 116 140 13.8 -0.5
"82" "82" 2006-04-19 26.9 "UTA" "" "GSW" "W" 3 1 40.25 0.686 0.7 7.2 12.8 10.7 11.9 0 3.5 23 25.3 105 112 15.4 -2.7
"1" "1" 2006-11-01 27.44 "UTA" "" "HOU" "W" 10 1 30.2 0.428 0.267 4.3 13.8 9.6 4.9 3.5 0 13.1 35 89 102 6.9 -8.5
"2" "2" 2006-11-03 27.44 "UTA" "@" "PHO" "W" 4 1 28.5 0.63 0.556 8.9 36.1 23.2 5.7 0 0 22.5 19.7 106 105 9.3 0.4
"3" "3" 2006-11-04 27.44 "UTA" "" "GSW" "W" 24 1 34.85 0.781 0.769 7.2 29.3 19.4 9 3 4.8 0 17 171 81 23.9 17.4
"4" "4" 2006-11-06 27.45 "UTA" "" "DET" "W" 2 1 36.65 0.632 0.563 6.5 23.8 15.6 13.3 1.5 2.1 0 22.2 144 107 20.6 10.8
"5" "5" 2006-11-08 27.45 "UTA" "@" "NJN" "L" -7 1 33.25 0.44 0.385 11.7 17.2 14.6 0 0 0 11.9 22.9 94 112 5.1 -6.4
"6" "6" 2006-11-10 27.46 "UTA" "@" "BOS" "W" 7 1 32.3 0.829 0.846 11.1 13.8 12.5 5.2 0 0 17.8 24.6 124 110 16.9 5.2
"7" "7" 2006-11-11 27.46 "UTA" "@" "MIL" "W" 2 1 35.7833333333333 0.152 0.111 3.8 35.3 20.2 6.4 0 0 33.6 17.8 37 117 -4.8 -19
"8" "8" 2006-11-14 27.47 "UTA" "" "LAC" "W" 22 1 39.8 0.742 0.719 12.1 7.5 10.1 12.6 0 2 14.2 23.9 134 99 21 5.4
"9" "9" 2006-11-17 27.48 "UTA" "@" "SEA" "W" 9 1 33.3666666666667 0.638 0.6 14 30.5 21.4 15.2 0 0 14.5 17 136 117 13.3 2.5
"10" "10" 2006-11-18 27.48 "UTA" "" "PHO" "W" 3 1 38.9 0.486 0.4 7 9.7 8.4 7.4 0 4.4 9.7 22.8 107 116 10.2 -3
"11" "11" 2006-11-20 27.49 "UTA" "" "TOR" "W" 5 1 41.8166666666667 0.435 0.344 5.3 28.7 17.2 17.8 1.2 2.1 9.3 22.1 104 99 13.3 2.5
"12" "12" 2006-11-22 27.49 "UTA" "@" "SAC" "W" 9 1 36.4 0.402 0.375 16.9 15.3 16.1 9.7 1.4 0 13.9 17.3 103 110 7.7 -3.9
"13" "13" 2006-11-24 27.5 "UTA" "" "LAL" "W" 6 1 38.15 0.692 0.692 17.5 24.5 21 7.9 0 7.1 7.1 16.7 147 117 19.4 6.8
"14" "14" 2006-11-25 27.5 "UTA" "@" "GSW" "L" -13 1 27.7 0.368 0.4 7.4 19.6 13.9 7.4 1.9 2.4 35.5 12.9 56 93 2.3 -6.2
"15" "15" 2006-11-27 27.51 "UTA" "" "ORL" "L" -13 1 36.9333333333333 0.558 0.389 0 25.4 14.4 15.5 0 2 25.6 20.8 89 96 8.2 0.7
"16" "16" 2006-11-29 27.51 "UTA" "" "SAS" "W" 8 1 28.2666666666667 0.53 0.5 0 8.3 4 7.3 2.1 0 0 16.7 122 98 6.4 1.5
"17" "17" 2006-11-30 27.52 "UTA" "@" "LAL" "L" -30 1 23.35 0.619 0.563 8.9 6.6 8 6.7 2.1 0 18.4 19.9 109 137 6.8 -3.1
"18" "18" 2006-12-02 27.52 "UTA" "" "SEA" "W" 2 1 27.9333333333333 0.6 0.6 0 24.5 12.1 10.6 0 0 16.7 18.7 99 113 7.1 -1.4
"19" "19" 2006-12-04 27.53 "UTA" "" "MIL" "W" 13 1 33.8333333333333 0.479 0.406 15.3 28.4 22.5 18.6 0 4.7 10.1 27.1 111 94 15.5 3.6
"20" "20" 2006-12-08 27.54 "UTA" "@" "MIN" "L" -7 1 35.5 0.66 0.591 0 15 7.1 4.3 0 2 30.5 24.9 93 121 6.1 -5.6
"21" "21" 2006-12-11 27.55 "UTA" "" "DAL" "W" 22 1 26.1333333333333 0.557 0.4 0 18.4 10.8 5.4 2 0 0 14.2 128 87 6.8 2.9
"22" "22" 2006-12-13 27.55 "UTA" "@" "LAC" "W" 19 1 33.9333333333333 0.507 0.5 8.6 10.6 9.7 8.7 1.6 0 5.3 25.7 109 101 10.5 1.6
"23" "23" 2006-12-15 27.56 "UTA" "" "SAC" "L" -1 1 29.3 0.612 0.577 0 14.9 7.8 13.6 1.8 0 6.7 23.7 118 109 10.9 3.1
"24" "24" 2006-12-17 27.56 "UTA" "@" "IND" "W" 10 1 36.3166666666667 0.715 0.682 9.9 13.2 11.6 4.5 0 0 7.8 14.9 144 105 12.7 5.3
"25" "25" 2006-12-18 27.56 "UTA" "@" "NYK" "L" -1 1 40.9166666666667 0.417 0.429 7.1 13.6 10.4 21.6 0 0 4.2 25.5 96 97 10.4 3.5
"26" "26" 2006-12-20 27.57 "UTA" "@" "ATL" "W" 6 1 35.6833333333333 0.781 0.765 7.7 29.1 18.7 16.7 4.1 2.1 17.2 28 128 100 26.5 13.1
"27" "27" 2006-12-22 27.58 "UTA" "@" "CHA" "L" -12 1 33.5666666666667 0.733 0.611 0 18.3 10.5 17 0 2 13.4 21 133 109 14.9 7.5
"28" "28" 2006-12-23 27.58 "UTA" "@" "MEM" "W" 3 1 32.4833333333333 0.571 0.464 12.7 26.1 19.3 0 0 0 5.4 26.5 129 117 14.3 -0.4
"29" "29" 2006-12-26 27.59 "UTA" "" "LAC" "W" 10 1 37.2666666666667 0.685 0.643 9.4 26.4 17.7 20.1 0 2.1 0 21.9 154 104 23.4 12.3
"30" "30" 2006-12-28 27.59 "UTA" "@" "SAS" "L" -23 1 15.1166666666667 0.635 0.571 0 7.6 3.7 55.1 0 0 11.3 27.6 121 122 6.5 5.6
"31" "31" 2006-12-30 27.6 "UTA" "" "POR" "W" 10 1 31.65 0.72 0.692 12 14.8 13.4 0 0 0 22.4 27.2 110 104 12.6 -1
"32" "32" 2007-01-03 27.61 "UTA" "" "PHI" "W" 11 1 30.1166666666667 0.682 0.5 11.4 19.3 14.9 6 0 0 0 23.3 156 101 17.7 9.7
"33" "33" 2007-01-05 27.61 "UTA" "@" "HOU" "L" -14 1 30.9833333333333 0.325 0.278 10.8 6.5 8.5 21.4 0 0 15.7 19.2 79 119 2.6 -5.7
"34" "34" 2007-01-06 27.62 "UTA" "@" "DEN" "W" 12 1 27.2166666666667 0.36 0.346 8 15.7 11.9 0 0 0 17.8 27.4 68 95 0.1 -13.5
"35" "35" 2007-01-09 27.62 "UTA" "" "DAL" "L" -3 1 35.7166666666667 0.559 0.389 0 18.5 8.8 9 0 0 19.3 19.8 99 117 6.1 -3.8
"36" "36" 2007-01-12 27.63 "UTA" "@" "SEA" "L" -8 1 39.95 0.569 0.556 9.7 15.4 12.6 4.4 0 2 12.9 26.2 105 124 13.6 -2.1
"37" "37" 2007-01-13 27.64 "UTA" "" "MIA" "L" -9 1 19.7166666666667 0.698 0.714 7 9.7 8.1 0 2.6 0 11.3 19.7 122 127 6.7 -0.8
"38" "38" 2007-01-15 27.64 "UTA" "@" "WAS" "L" -3 1 40.3666666666667 0.72 0.682 8.5 16.6 12.6 10.1 0 2.1 0 28.4 161 128 31.8 15.7
"39" "39" 2007-01-17 27.65 "UTA" "@" "DET" "W" 1 1 39.85 0.666 0.615 11.2 9.5 10.4 4.1 0 1.9 0 18.5 147 113 20 6.7
"40" "40" 2007-01-19 27.65 "UTA" "@" "TOR" "W" 8 1 38.4166666666667 0.599 0.526 0 8.7 4.7 4.5 1.4 2 0 26.5 131 105 19 6.1
"41" "41" 2007-01-20 27.65 "UTA" "@" "CHI" "W" 10 1 32.7333333333333 0.52 0.472 3.3 32.6 18.1 0 0 0 0 26.7 108 87 12.9 4.3
"42" "42" 2007-01-22 27.66 "UTA" "" "MIN" "W" 15 1 34.6333333333333 0.769 0.75 0 21 10.3 0 0 2.4 5.2 27.8 136 105 20.8 8.3
"43" "43" 2007-01-24 27.67 "UTA" "" "MEM" "L" -2 1 38.5333333333333 0.679 0.711 9.2 23.9 16.6 10.6 1.3 4.5 0 21.9 148 122 24.3 10.5
"44" "44" 2007-01-26 27.67 "UTA" "" "DEN" "W" 5 1 36.1833333333333 0.356 0.294 7.6 9.9 8.8 7.7 0 0 4.8 25 87 118 5.2 -8.9
"45" "45" 2007-01-27 27.67 "UTA" "@" "NOK" "L" -11 1 42.4333333333333 0.298 0.278 2.3 18.3 9.2 9.3 1.3 4 17.8 24 61 109 2.3 -9
"46" "46" 2007-01-29 27.68 "UTA" "" "NJN" "L" -1 1 38.8833333333333 0.483 0.406 15.4 26.2 20.9 20 1.4 2.4 0 21 148 127 18.1 5.9
"47" "47" 2007-01-31 27.68 "UTA" "" "SAS" "W" 4 1 37.95 0.885 0.821 12 22.1 17 13.1 1.5 0 0 21.1 194 111 31.7 23.3
"48" "48" 2007-02-03 27.69 "UTA" "@" "PHO" "W" 3 1 36.7333333333333 0.504 0.5 19.6 24.5 21.8 0 1.5 0 9.4 38.5 108 119 16.9 -3.2
"49" "49" 2007-02-05 27.7 "UTA" "" "CHI" "W" 5 1 28.4166666666667 0.521 0.5 9.7 11.8 10.8 20.1 0 0 9.4 34.6 106 109 10.5 0.6
"50" "50" 2007-02-10 27.71 "UTA" "" "NYK" "W" 2 1 43.1 0.588 0.591 7.4 10.2 8.6 22.4 2.6 2.1 7.5 29.8 117 108 23.2 9.4
"51" "51" 2007-02-12 27.72 "UTA" "" "ATL" "W" 26 1 30.3333333333333 0.709 0.556 0 20.2 11.3 6.2 1.9 0 18.3 25.2 126 88 13.6 5.1
"52" "52" 2007-02-14 27.72 "UTA" "" "CLE" "W" 1 1 36.45 0.768 0.731 3.3 11.5 7.7 9.3 0 0 6.5 20.4 149 121 17.6 7.3
"53" "53" 2007-02-20 27.74 "UTA" "@" "POR" "L" -3 1 40.9 0.552 0.475 6.3 18.5 12.5 5 1.3 0 8.1 26.6 115 114 16.3 1.8
"54" "" 2007-02-23 27.75 "UTA" "@" "DEN" "W" 10 NA NA NA NA NA NA NA NA NA NA NA NA NA NA NA NA
"55" "" 2007-02-24 27.75 "UTA" "" "BOS" "W" 18 NA NA NA NA NA NA NA NA NA NA NA NA NA NA NA NA
"56" "54" 2007-02-26 27.76 "UTA" "" "LAL" "L" -8 1 35.1 0.226 0.184 5.6 16.1 9.9 8.9 0 0 0 25.5 69 124 0.5 -12.2
"57" "55" 2007-02-28 27.76 "UTA" "@" "MEM" "W" 16 1 27.8333333333333 0.581 0.583 11.1 9.9 10.4 11.6 0 0 0 23.3 134 105 11.7 3.9
"58" "56" 2007-03-02 27.77 "UTA" "@" "MIN" "W" 26 1 25.7166666666667 0.46 0.45 6.9 10.1 8.7 16.2 2.1 0 8.4 21.8 113 95 6.4 -1.8
"59" "57" 2007-03-04 27.77 "UTA" "@" "NOK" "W" 14 1 33.85 0.668 0.618 10.9 18.9 15.2 13 1.6 0 0 28.8 154 108 24.8 12.8
"60" "58" 2007-03-05 27.78 "UTA" "" "CHA" "W" 25 1 30.8166666666667 0.885 0.9 15.1 24.6 20.3 22.5 0 0 5.2 26.9 172 108 29.7 17.7
"61" "59" 2007-03-07 27.78 "UTA" "" "IND" "W" 22 1 19.25 0.347 0.125 0 30.4 15.2 0 0 4.5 0 26.3 81 74 3 -4.9
"62" "60" 2007-03-10 27.79 "UTA" "" "NOK" "W" 10 1 34.5833333333333 0.783 0.767 3.4 15.9 9.1 17.7 0 0 13.9 28.3 139 104 21.1 14.6
"63" "61" 2007-03-13 27.8 "UTA" "@" "MIA" "L" -2 1 36.4833333333333 0.612 0.583 3.3 26.9 15.7 19.6 0 0 6.1 22.7 122 99 14.3 5.9
"64" "62" 2007-03-14 27.8 "UTA" "@" "ORL" "L" -11 1 40.25 0.595 0.5 11.6 31.8 20.2 8.9 1.3 0 14.5 22.9 118 108 15.5 2.9
"65" "63" 2007-03-16 27.81 "UTA" "@" "PHI" "L" -1 1 40.1833333333333 0.407 0.417 3 26.2 14.7 25 2.7 0 9.8 24.4 89 96 11.6 0.9
"66" "64" 2007-03-17 27.81 "UTA" "@" "CLE" "L" -9 1 41.4666666666667 0.473 0.353 4.6 13.4 9.1 15.7 0 0 4.7 23.6 102 90 11.8 3
"67" "65" 2007-03-20 27.82 "UTA" "" "GSW" "W" 4 1 26.6666666666667 0.434 0.25 0 16.4 9.7 0 0 6.9 25.8 13.2 71 109 2.4 -6.4
"68" "66" 2007-03-23 27.82 "UTA" "@" "LAC" "L" -32 1 19.9 0.217 0.143 5.4 35.5 18.3 9.8 0 0 9.8 24.1 50 115 -0.2 -11.4
"69" "67" 2007-03-24 27.83 "UTA" "" "MEM" "W" 10 1 31.0166666666667 0.308 0.308 3.4 19.8 11.1 8 0 0 13.3 20.5 67 114 0.9 -14.1
"70" "68" 2007-03-26 27.83 "UTA" "" "WAS" "W" 6 1 32.1333333333333 0.435 0.429 0 16.6 8.3 11.9 3.1 2.7 0 24.4 98 97 10.6 2.5
"71" "69" 2007-03-28 27.84 "UTA" "" "MIN" "W" 6 1 38.4166666666667 0.625 0.5 10.7 28.1 20 4.1 0 0 0 22.3 140 113 19.9 3.9
"72" "70" 2007-03-30 27.84 "UTA" "@" "SAS" "L" -9 1 39.0833333333333 0.662 0.611 6.1 32.5 18.3 9.1 1.4 0 0 14.8 145 113 15.8 6.3
"73" "71" 2007-04-01 27.85 "UTA" "@" "HOU" "W" 3 1 37.2666666666667 0.465 0.417 3.1 21.5 13 6.1 0 0 0 27.3 98 95 11.2 3.2
"74" "72" 2007-04-04 27.86 "UTA" "@" "POR" "L" -5 1 39.25 0.359 0.357 10.9 15.3 12.7 13.2 0 0 11.5 19.6 86 110 5.3 -7.5
"75" "73" 2007-04-06 27.86 "UTA" "@" "SAC" "L" -4 1 37.8666666666667 0.716 0.667 8.5 21.1 13.5 9.2 1.4 2.1 10.7 21.9 138 119 20.6 8.6
"76" "74" 2007-04-07 27.87 "UTA" "" "SEA" "L" -3 1 34.8 0.625 0.625 4.2 13.8 8.8 7.2 0 0 20 13.9 112 131 6.6 -6.9
"77" "75" 2007-04-09 27.87 "UTA" "@" "GSW" "L" -24 1 24.4833333333333 0.717 0.688 3.4 0 2.1 8.5 0 3.1 9.3 16.5 138 126 10.3 4.3
"78" "76" 2007-04-11 27.88 "UTA" "" "DEN" "L" -9 1 34.4833333333333 0.672 0.679 6.6 9 7.6 12.3 0 0 16.8 22.5 113 126 12.9 0.8
"79" "77" 2007-04-13 27.88 "UTA" "@" "DAL" "W" 15 1 25.1 0.583 0.583 5.6 31.9 20.1 0 0 3.4 25 15.1 92 100 3.9 -3.7
"80" "78" 2007-04-14 27.88 "UTA" "" "PHO" "L" -28 1 28.4166666666667 0.605 0.577 20.7 18.3 19.6 6.1 0 2.9 5.7 26 127 125 17.1 9.2
"81" "79" 2007-04-16 27.89 "UTA" "" "POR" "W" 37 1 25.6666666666667 0.498 0.385 10.7 8.7 9.6 5.2 0 3.5 5.9 30 116 103 9.3 -9.9
"82" "80" 2007-04-18 27.9 "UTA" "" "HOU" "W" 10 1 18.9 0.676 0.625 8.2 26 18.1 19.7 0 0 0 21.6 156 103 10.9 13.4
"1" "1" 2007-10-30 28.43 "UTA" "@" "GSW" "W" 21 1 15.75 0 0 6.6 13 9.8 7.4 0 0 50 14.6 20 97 -4.3 -17.7
"2" "2" 2007-11-01 28.44 "UTA" "" "HOU" "L" -11 1 37.1166666666667 0.68 0.65 8.3 23.8 15.2 0 2.7 0 29.8 19.1 95 107 10.6 1.7
"3" "3" 2007-11-03 28.44 "UTA" "" "GSW" "W" 23 1 35.2166666666667 0.877 0.875 0 11.1 6 14.1 1.4 0 0 19.9 187 117 26.3 12.7
"4" "4" 2007-11-04 28.44 "UTA" "@" "LAL" "L" -10 1 35.6 0.362 0.214 9.4 18.6 13.1 18.8 0 0 5.3 22.5 94 120 7 -6
"5" "5" 2007-11-07 28.45 "UTA" "" "CLE" "W" 2 1 29.55 0.23 0.2 4 29.8 18 21.1 0 0 8.4 17.8 65 103 2.8 -6.4
"6" "6" 2007-11-09 28.46 "UTA" "@" "SEA" "W" 2 1 30.4666666666667 0.542 0.542 0 11 5.8 0 1.6 4.4 0 16.3 113 102 8.7 -1.7
"7" "7" 2007-11-10 28.46 "UTA" "" "MEM" "W" 24 1 23.2166666666667 0.455 0.389 0 21.2 10.2 4.8 2.1 0 0 17.9 105 95 4.8 -4.9
"8" "8" 2007-11-12 28.47 "UTA" "" "SAC" "W" 24 1 23.65 0.381 0.286 16.5 5.6 11.1 24.7 0 3.4 11.3 31.8 100 107 6.9 -6.7
"9" "9" 2007-11-14 28.47 "UTA" "@" "TOR" "W" 4 1 30.9333333333333 0.722 0.722 3.6 14.6 9.7 6.1 1.7 0 0 13.3 142 97 11.4 6.6
"10" "10" 2007-11-16 28.48 "UTA" "@" "CLE" "L" -5 1 31.2 0.446 0.364 3.1 14.3 8.4 31.4 0 0 7.5 18.6 106 110 8 2
"11" "11" 2007-11-17 28.48 "UTA" "@" "IND" "L" -20 1 22.8833333333333 0.481 0.429 0 15 6.4 0 0 0 10.7 17.5 92 126 2.3 -9
"12" "12" 2007-11-19 28.48 "UTA" "" "NJN" "W" 27 1 27.2 0.618 0.6 5.3 24.1 16 7.2 0 0 15 23.1 109 86 8.2 -3.2
"13" "13" 2007-11-23 28.5 "UTA" "" "NOH" "W" 28 1 28.9666666666667 0.5 0.5 0 16.6 9.3 17.3 1.8 2.8 7.7 20.8 99 77 9.1 6.1
"14" "14" 2007-11-25 28.5 "UTA" "@" "DET" "W" 10 1 38.15 0.338 0.281 7 13.1 10.5 11.1 0 0 10.1 23.9 82 108 3.8 -8.4
"15" "15" 2007-11-26 28.5 "UTA" "@" "NYK" "L" -4 1 35.8666666666667 0.337 0.318 3.4 15.3 9 10.3 3 0 0 14.2 106 123 5.5 -5
"16" "16" 2007-11-28 28.51 "UTA" "@" "PHI" "W" 11 1 26.1166666666667 0.546 0.458 0 0 0 12.3 0 0 12 31.4 104 118 7.4 -6.6
"17" "" 2007-11-30 28.52 "UTA" "" "LAL" "W" 24 NA NA NA NA NA NA NA NA NA NA NA NA NA NA NA NA
"18" "17" 2007-12-03 28.52 "UTA" "" "MIA" "W" 9 1 36.7333333333333 0.816 0.857 12.3 10.3 11.2 9 1.4 2.1 0 19.6 156 110 22.5 10.6
"19" "18" 2007-12-04 28.53 "UTA" "@" "SAC" "L" -10 1 39.8666666666667 0.388 0.381 6 12 9 3.6 0 0 0 23 93 123 6 -6.5
"20" "19" 2007-12-07 28.53 "UTA" "@" "SAS" "L" -6 1 35.6666666666667 0.429 0.429 0 16.8 9.6 11.5 0 0 36.4 14.4 65 117 0.3 -6.6
"21" "20" 2007-12-08 28.54 "UTA" "@" "DAL" "L" -8 1 20.15 1.025 1 13.6 7.9 11 6.5 2.7 0 29.1 15.7 142 142 8.6 2.1
"22" "21" 2007-12-11 28.55 "UTA" "" "POR" "L" -8 1 21.2166666666667 0.436 0.389 13.1 13.3 13.2 0 0 0 16.2 24.6 90 114 4.2 -6.2
"23" "" 2007-12-12 28.55 "UTA" "@" "PHO" "L" -5 NA NA NA NA NA NA NA NA NA NA NA NA NA NA NA NA
"24" "" 2007-12-14 28.55 "UTA" "@" "POR" "L" -8 NA NA NA NA NA NA NA NA NA NA NA NA NA NA NA NA
"25" "" 2007-12-15 28.56 "UTA" "" "SEA" "W" 21 NA NA NA NA NA NA NA NA NA NA NA NA NA NA NA NA
"26" "" 2007-12-17 28.56 "UTA" "@" "ATL" "L" -5 NA NA NA NA NA NA NA NA NA NA NA NA NA NA NA NA
"27" "" 2007-12-19 28.57 "UTA" "@" "CHA" "L" -6 NA NA NA NA NA NA NA NA NA NA NA NA NA NA NA NA
"28" "" 2007-12-21 28.57 "UTA" "@" "ORL" "W" 19 NA NA NA NA NA NA NA NA NA NA NA NA NA NA NA NA
"29" "" 2007-12-22 28.58 "UTA" "@" "MIA" "L" -2 NA NA NA NA NA NA NA NA NA NA NA NA NA NA NA NA
"30" "22" 2007-12-26 28.59 "UTA" "" "DAL" "W" 9 1 40.7666666666667 0.362 0.333 3 15.1 9.1 7.1 0 2.4 0 14.9 87 106 5.3 -5.7
"31" "23" 2007-12-28 28.59 "UTA" "@" "LAL" "L" -14 1 23.5 0.25 0.25 12.3 14.6 13.3 16.6 0 0 27.3 19.5 66 131 0.1 -14.7
"32" "24" 2007-12-29 28.59 "UTA" "" "BOS" "L" -6 1 30.7333333333333 0.444 0.393 4.7 16.4 11 18.5 1.8 5.3 6 28 99 118 9.9 3
"33" "25" 2007-12-31 28.6 "UTA" "" "POR" "W" 10 1 21.1 0.338 0.25 0 6.9 3.2 0 0 0 0 19.1 84 119 -0.1 -14.5
"34" "26" 2008-01-02 28.61 "UTA" "" "PHI" "W" 3 1 38.4333333333333 0.672 0.643 0 7.3 3.8 8.3 0 3.2 11.8 21.8 116 124 12.8 -1
"35" "27" 2008-01-05 28.61 "UTA" "@" "POR" "L" -14 1 31.0666666666667 0.493 0.423 7.4 24.1 14.6 5.5 0 0 24.8 30.5 81 119 4.9 -8.9
"36" "28" 2008-01-08 28.62 "UTA" "" "IND" "W" 22 1 24.3333333333333 0.483 0.375 4.8 24.2 15.3 10.9 0 3.6 9.7 17.6 99 85 7.8 2.9
"37" "29" 2008-01-10 28.63 "UTA" "" "PHO" "W" 22 1 36.5666666666667 0.553 0.553 12.9 37.5 24 12.6 0 2.6 4.8 24.4 123 89 20 9
"38" "30" 2008-01-12 28.63 "UTA" "" "ORL" "W" 4 1 29.0666666666667 0.822 0.8 5.2 25.1 16.9 7.3 0 5.4 5.4 29.2 147 113 23.6 14
"39" "31" 2008-01-14 28.64 "UTA" "" "MIL" "W" 11 1 35.6166666666667 0.379 0.318 11.6 11.6 11.6 4.7 2.9 2.4 14.4 18 81 92 4.9 -4.6
"40" "32" 2008-01-17 28.65 "UTA" "@" "DEN" "L" -11 1 32.2 0.673 0.636 0 18.6 9.6 9.3 0 0 14.4 17.1 113 118 10.3 0.5
"41" "33" 2008-01-18 28.65 "UTA" "" "LAC" "W" 18 1 31.8166666666667 0.667 0.667 0 16.3 7.8 8.5 1.7 2.3 0 13.3 140 100 11.6 4.8
"42" "34" 2008-01-21 28.66 "UTA" "@" "LAC" "W" 16 1 33.5333333333333 0.597 0.6 0 12.3 6.4 3.8 1.5 0 15.5 17.3 100 102 7 -3.4
"43" "35" 2008-01-25 28.67 "UTA" "" "SAC" "W" 14 1 35.7166666666667 0.436 0.417 4 25.4 15.1 10.2 2.9 2.7 12.7 20.4 93 119 8.4 -3.8
"44" "36" 2008-01-27 28.67 "UTA" "@" "HOU" "W" 8 1 41.35 0.5 0.5 0 15.1 8.9 4 0 0 10 12.2 88 104 4.2 -4.1
"45" "37" 2008-01-28 28.68 "UTA" "" "SAS" "W" 6 1 32.3833333333333 0.564 0.5 0 20 10.4 8.8 1.6 0 9.3 15.8 107 101 7.5 0.1
"46" "38" 2008-01-30 28.68 "UTA" "" "NYK" "W" 11 1 34.4666666666667 0.336 0.294 22 21.1 21.6 0 4.7 2.4 5.3 25.7 89 94 8.9 -5.1
"47" "39" 2008-02-01 28.69 "UTA" "@" "WAS" "W" 9 1 41.0666666666667 0.779 0.75 5.6 22.9 14.6 25.3 1.3 0 5.5 19.7 156 99 26.6 14.8
"48" "40" 2008-02-02 28.69 "UTA" "@" "MEM" "W" 19 1 35.25 0.558 0.538 10.5 27.2 18.2 7.2 2.7 0 0 15.9 130 87 16 5.2
"49" "41" 2008-02-04 28.7 "UTA" "" "NOH" "W" 22 1 40.9666666666667 0.583 0.583 0 21 10.5 6.7 4 2.3 20 17.5 94 94 11 2.4
"50" "42" 2008-02-06 28.7 "UTA" "@" "DEN" "W" 3 1 32.2166666666667 0.638 0.55 15 18.3 16.8 5.2 1.5 0 20.3 19.1 116 107 10.9 0.7
"51" "43" 2008-02-08 28.71 "UTA" "@" "SAC" "L" -13 1 29.8833333333333 0.619 0.563 0 17.8 8.5 9.9 0 0 10.1 15 115 125 7 -3.9
"52" "44" 2008-02-09 28.71 "UTA" "" "CHI" "W" 10 1 36.2833333333333 0.318 0.318 0 27.1 14.5 4.3 1.4 4.4 26.7 19.9 48 90 0.4 -9.4
"53" "45" 2008-02-13 28.72 "UTA" "@" "SEA" "W" 19 1 39.0166666666667 0.533 0.471 12.9 17.6 15.4 7.9 0 0 9.6 23 116 105 14.1 -3.3
"54" "46" 2008-02-19 28.74 "UTA" "" "GSW" "W" 10 1 38.0166666666667 0.68 0.65 10.2 21.6 16.2 10.1 1.3 0 7.8 14.2 143 111 16.1 4.4
"55" "47" 2008-02-22 28.75 "UTA" "@" "LAC" "L" -10 1 34.3166666666667 0.428 0.286 11.3 18.9 15.1 7.7 1.5 0 22.2 17.4 90 125 5.1 -7
"56" "48" 2008-02-23 28.75 "UTA" "" "ATL" "W" 6 1 31.9 0.488 0.333 3.4 20.9 11.3 16.7 0 0 19.6 14.8 100 107 6.8 -2.5
"57" "49" 2008-02-26 28.76 "UTA" "@" "MIN" "L" -11 1 36.9833333333333 0.506 0.45 7 26 17.4 9.2 2.6 0 21.6 16.6 90 107 7.7 -2.2
"58" "50" 2008-02-27 28.76 "UTA" "" "DET" "W" 8 1 40.7 0.667 0.667 5.9 14.4 10.2 16.2 0 2 0 21.3 142 111 19.8 11.1
"59" "51" 2008-02-29 28.76 "UTA" "@" "NOH" "L" -12 1 40.75 0.493 0.455 6 32.4 19.4 0 0 2 4.1 27.8 107 121 14.8 -0.3
"60" "52" 2008-03-01 28.77 "UTA" "@" "MEM" "W" 21 1 41.15 0.73 0.611 3.4 32.6 19.7 6 2.5 0 0 13.1 157 94 19.2 5.8
"61" "53" 2008-03-03 28.77 "UTA" "" "DAL" "W" 6 1 41.2333333333333 0.716 0.7 7.3 33.3 20.8 7.1 1.2 4.1 0 15.9 153 115 21.6 7
"62" "54" 2008-03-05 28.78 "UTA" "" "MIN" "W" 29 1 34.25 0.512 0.417 13.7 16.3 15 8.2 0 0 12 22.6 112 92 10.3 -3.4
"63" "55" 2008-03-07 28.78 "UTA" "@" "PHO" "W" 8 1 39.6 0.647 0.611 18.4 26.6 22.9 3.6 1.2 0 13.4 23.6 127 115 18.9 3.3
"64" "56" 2008-03-08 28.79 "UTA" "" "DEN" "W" 27 1 36.1333333333333 1.058 1.091 3.9 34.1 20 3.5 4 0 7.3 16.9 180 101 28.1 17.9
"65" "57" 2008-03-11 28.79 "UTA" "@" "CHI" "L" -12 1 39.25 0.594 0.533 8 39 23.7 0 0 0 21.3 26.3 98 108 14.3 -0.6
"66" "58" 2008-03-12 28.8 "UTA" "@" "MIL" "W" 4 1 40.0666666666667 0.571 0.464 7.3 22.8 16 14.2 1.2 0 0 19.1 129 112 17.6 1.6
"67" "59" 2008-03-14 28.8 "UTA" "@" "BOS" "W" 18 1 41.8 0.505 0.455 7.7 21.7 15.4 10.6 0 0 7.8 14.9 126 111 9.3 1.5
"68" "60" 2008-03-15 28.81 "UTA" "@" "NJN" "L" -2 1 35.3 0.47 0.4 6.3 4 5.3 3.8 3.1 0 0 22.5 115 132 10.5 -3.7
"69" "61" 2008-03-17 28.81 "UTA" "" "TOR" "W" 17 1 6.71666666666667 0.266 0 0 49.9 29 0 0 10.7 0 14.2 58 74 1.1 -2.9
"70" "62" 2008-03-20 28.82 "UTA" "" "LAL" "L" -11 1 28.3833333333333 0.506 0.556 11 17.8 14.1 0 0 0 9.2 18.6 101 127 6 -3.4
"71" "63" 2008-03-22 28.82 "UTA" "" "SEA" "W" 14 1 35.45 0.625 0.559 8.8 24.9 16.1 4.5 1.4 0 9.4 25.5 126 106 18 4.3
"72" "64" 2008-03-25 28.83 "UTA" "" "CHA" "W" 22 1 28.9666666666667 0.658 0.615 20.2 23 21.5 14.9 1.7 3.1 6.2 23.1 153 111 19.1 7.4
"73" "" 2008-03-28 28.84 "UTA" "" "LAC" "W" 20 NA NA NA NA NA NA NA NA NA NA NA NA NA NA NA NA
"74" "" 2008-03-30 28.85 "UTA" "@" "MIN" "L" -7 NA NA NA NA NA NA NA NA NA NA NA NA NA NA NA NA
"75" "65" 2008-03-31 28.85 "UTA" "" "WAS" "W" 42 1 29.9333333333333 0.627 0.591 17.2 27.5 22.9 19.1 3.8 3.1 7.3 21.5 156 97 18.6 11.2
"76" "66" 2008-04-02 28.85 "UTA" "" "MIN" "W" 17 1 37.55 0.724 0.692 4.3 19.7 13 7.3 2.9 2.2 0 19.7 154 108 21.1 8.4
"77" "67" 2008-04-04 28.86 "UTA" "" "SAS" "W" 26 1 38.3166666666667 0.708 0.708 8.4 42.9 24.1 0 4.5 0 7.7 16.6 130 68 18.6 13.3
"78" "68" 2008-04-08 28.87 "UTA" "@" "NOH" "W" 11 1 39.7166666666667 0.527 0.5 12.1 36.5 24.8 5 1.4 0 0 24.2 119 73 18.8 11.2
"79" "69" 2008-04-10 28.88 "UTA" "@" "DAL" "L" -3 1 39.9333333333333 0.684 0.654 9.7 33.9 22.1 8.4 0 0 12.6 20.3 127 118 17.1 6.3
"80" "70" 2008-04-12 28.88 "UTA" "" "DEN" "W" 27 1 36.8333333333333 0.72 0.692 10.6 36.4 24.4 16.5 1.3 0 12.6 19.4 135 100 21.1 7.6
"81" "71" 2008-04-14 28.89 "UTA" "" "HOU" "W" 9 1 40.15 0.47 0.409 10.2 26.2 17.7 7.4 0 0 19 17.7 97 111 8.6 -2.4
"82" "72" 2008-04-16 28.89 "UTA" "@" "SAS" "L" -29 1 23.45 0.477 0.25 0 26.4 10.9 22.8 0 0 8 24.8 103 125 6.5 -0.9
"1" "1" 2008-10-29 29.43 "UTA" "" "DEN" "W" 4 1 39.25 0.472 0.417 9.2 20.9 15.1 7.9 1.3 1.9 0 15.7 118 99 12.7 2.8
"2" "2" 2008-11-01 29.44 "UTA" "" "LAC" "W" 22 1 30.4166666666667 0.365 0.273 10.1 28.3 18.3 4.1 1.8 0 7.5 20.7 91 89 7 -8.5
"3" "3" 2008-11-03 29.44 "UTA" "@" "LAC" "W" 16 1 33.6333333333333 0.573 0.5 0 10 5.2 5.7 1.7 0 6.7 21.4 115 90 10.2 -0.4
"4" "4" 2008-11-05 29.45 "UTA" "" "POR" "W" 7 1 36.1166666666667 0.718 0.679 12.5 19.4 16.4 9.8 0 0 11.5 23.1 139 115 17.9 5.2
"5" "5" 2008-11-07 29.45 "UTA" "" "OKC" "W" 7 1 39.6 0.714 0.667 0 11 6 4 0 1.7 15.2 15 118 107 11.1 -1.7
"6" "6" 2008-11-09 29.46 "UTA" "@" "NYK" "L" -8 1 42.1666666666667 0.612 0.615 2.8 5.1 4 7.4 0 0 12.6 16.9 108 118 10.2 -4.8
"7" "" 2008-11-11 29.46 "UTA" "@" "PHI" "W" 13 NA NA NA NA NA NA NA NA NA NA NA NA NA NA NA NA
"8" "" 2008-11-12 29.47 "UTA" "@" "WAS" "L" -8 NA NA NA NA NA NA NA NA NA NA NA NA NA NA NA NA
"9" "" 2008-11-14 29.47 "UTA" "@" "CHA" "L" -8 NA NA NA NA NA NA NA NA NA NA NA NA NA NA NA NA
"10" "" 2008-11-15 29.47 "UTA" "@" "CLE" "L" -12 NA NA NA NA NA NA NA NA NA NA NA NA NA NA NA NA
"11" "" 2008-11-17 29.48 "UTA" "" "PHO" "W" 12 NA NA NA NA NA NA NA NA NA NA NA NA NA NA NA NA
"12" "7" 2008-11-19 29.48 "UTA" "" "MIL" "W" 11 1 19.9333333333333 0.145 0 6.9 22.4 15.4 6.5 2.6 0 36.8 13.4 44 101 -0.7 -14.7
"13" "8" 2008-11-21 29.49 "UTA" "@" "SAS" "L" -25 1 24.3 0.652 0.688 0 4.8 2.7 15.1 0 3.5 26.2 22.7 93 138 5.6 -5.3
"14" "9" 2008-11-22 29.49 "UTA" "@" "MEM" "W" 9 1 38.3 0.724 0.733 8.1 7.4 7.7 12.7 1.4 0 11.2 22.5 131 114 18.4 4.6
"15" "10" 2008-11-24 29.5 "UTA" "" "CHI" "L" -1 1 40 0.673 0.639 9 20.6 14.4 8.1 2.6 0 4.9 23.1 139 110 22.9 5.4
"16" "11" 2008-11-26 29.5 "UTA" "" "MEM" "W" 17 1 34.0666666666667 0.902 0.889 8.1 28.9 19 8.3 1.5 2.2 7.9 16.4 172 105 21.4 10.8
"17" "12" 2008-11-28 29.51 "UTA" "" "SAC" "W" 26 1 32.5833333333333 0.919 0.95 14 29.5 21.6 4.6 4.6 2.2 15.5 17.6 149 90 22.6 12.5
"18" "13" 2008-11-29 29.51 "UTA" "" "NJN" "L" -17 1 34.1666666666667 0.32 0.231 13.1 24.6 18.6 4.9 1.5 0 20.4 26.3 67 113 3.1 -11.6
"19" "14" 2008-12-02 29.52 "UTA" "@" "SAC" "W" 5 1 35.05 0.383 0.3 8.3 26.2 18.8 8.6 1.4 2.2 25.4 20 71 94 5.6 -5.7
"20" "15" 2008-12-03 29.52 "UTA" "" "MIA" "L" -4 1 30.6 0.304 0.222 3.7 23 13.2 12.1 1.7 4.8 16.8 17.9 66 97 2.8 -6.4
"21" "16" 2008-12-05 29.53 "UTA" "" "TOR" "W" 27 1 29.0333333333333 0.756 0.769 3.4 15.7 9.2 0 0 5.1 6.7 20.7 135 84 17 7.5
"22" "17" 2008-12-06 29.53 "UTA" "@" "PHO" "L" -2 1 33.95 0.487 0.409 14.1 27.6 20.2 4.2 0 0 19.6 19.2 96 110 8.3 -5.4
"23" "18" 2008-12-09 29.54 "UTA" "@" "MIN" "W" 3 1 39.8333333333333 0.547 0.529 11 24.1 18.9 21.6 0 3.7 9.4 24 112 99 17.6 4.7
"24" "19" 2008-12-11 29.55 "UTA" "" "POR" "W" 9 1 39.7 0.79 0.714 0 29.5 14.9 15 0 0 0 21.5 165 104 24.7 14.4
"25" "20" 2008-12-13 29.55 "UTA" "" "ORL" "L" -9 1 33.5833333333333 0.328 0.154 7.3 14.3 10.9 0 1.6 0 5.2 24.7 87 117 2.7 -12.7
"26" "21" 2008-12-15 29.56 "UTA" "@" "BOS" "L" -9 1 39.35 0.454 0.423 2.7 17.4 9.1 17.5 1.3 0 6.5 17.8 95 107 8.5 0
"27" "22" 2008-12-17 29.56 "UTA" "@" "NJN" "W" 11 1 29.15 0.593 0.433 4 27.4 16.7 6.6 0 2.6 9.3 32.5 126 99 15.8 2.9
"28" "23" 2008-12-19 29.57 "UTA" "@" "DET" "W" 6 1 47.8666666666667 0.574 0.525 11.2 19.7 15 7.6 0 0 4.2 22.4 128 109 21.6 5.2
"29" "24" 2008-12-20 29.57 "UTA" "@" "CHI" "L" -8 1 40.6833333333333 0.471 0.35 9.6 31 20.5 7.9 1.3 1.6 17 31.9 94 108 14.2 -3.7
"30" "" 2008-12-23 29.58 "UTA" "@" "MIL" "L" -8 NA NA NA NA NA NA NA NA NA NA NA NA NA NA NA NA
"31" "" 2008-12-26 29.59 "UTA" "" "DAL" "W" 9 NA NA NA NA NA NA NA NA NA NA NA NA NA NA NA NA
"32" "" 2008-12-27 29.59 "UTA" "@" "HOU" "L" -5 NA NA NA NA NA NA NA NA NA NA NA NA NA NA NA NA
"33" "25" 2008-12-29 29.59 "UTA" "" "PHI" "W" 17 1 35.3 0.586 0.536 14.3 19.4 17 12.6 3 2 11 23.3 124 100 17.8 4.3
"34" "26" 2009-01-02 29.61 "UTA" "@" "LAL" "L" -13 1 39.4833333333333 0.671 0.577 9.2 24.9 16.3 8 0 3.6 16.1 19.4 124 115 18.8 4.9
"35" "27" 2009-01-05 29.61 "UTA" "" "GSW" "W" 5 1 33.35 0.704 0.625 6.3 31.6 18.2 8.7 3 0 12.3 20.2 135 111 18.7 6.3
"36" "28" 2009-01-07 29.62 "UTA" "" "NOH" "W" 26 1 28.2166666666667 0.74 0.7 8.7 20.3 14.7 0 1.9 0 6.9 23.2 147 99 17.5 10.2
"37" "29" 2009-01-10 29.63 "UTA" "" "DET" "W" 17 1 21.1 1.066 1.056 0 30.3 18.4 0 0 0 8.8 28.4 176 94 18.1 20.7
"38" "30" 2009-01-12 29.63 "UTA" "" "IND" "W" 7 1 40.2166666666667 0.84 0.763 3 23.9 13.4 15.2 1.2 0 3.8 29.1 167 117 38.9 16.7
"39" "31" 2009-01-14 29.64 "UTA" "@" "OKC" "L" -21 1 33.45 0.338 0.25 3.1 41 17.5 18.7 1.5 0 13.1 21.2 74 119 5.1 -7.7
"40" "32" 2009-01-16 29.64 "UTA" "@" "MEM" "W" 10 1 30.6833333333333 0.553 0.45 5.4 28.1 18.4 0 1.8 0 7.8 20.4 111 100 8.8 -3.2
"41" "33" 2009-01-17 29.65 "UTA" "@" "DAL" "L" -7 1 39.75 0.669 0.6 3.7 31 18.4 8.2 0 1.8 10.4 23.1 125 123 18.7 1.8
"42" "34" 2009-01-20 29.65 "UTA" "" "MIN" "W" 5 1 37.8666666666667 0.674 0.667 3 10 6.3 13.3 1.3 3.8 5.8 19.5 135 113 18.2 5.4
"43" "35" 2009-01-21 29.66 "UTA" "@" "HOU" "L" -9 1 36.1166666666667 0.263 0.192 2.8 20.1 10 3.9 1.5 5.1 11.6 21.7 59 120 0.2 -14
"44" "36" 2009-01-24 29.67 "UTA" "" "CLE" "L" -5 1 21.8333333333333 0.194 0.111 0 17.4 8 5.8 0 0 22.5 28.4 39 117 -5.3 -24.7
"45" "37" 2009-01-25 29.67 "UTA" "@" "DEN" "L" -20 1 35.4166666666667 0.436 0.375 10.6 18.5 14.3 14.2 2.8 6 22.5 19.9 88 114 10 0.1
"46" "38" 2009-01-27 29.67 "UTA" "" "SAS" "L" -6 1 41.9833333333333 0.59 0.5 8.8 38.1 24 11.4 2.5 2.2 9.7 22.9 123 109 21.1 7.5
"47" "39" 2009-01-30 29.68 "UTA" "" "OKC" "W" 20 1 33.0666666666667 0.549 0.531 7.1 20.2 13.2 9 0 0 5.2 25.8 115 102 13.3 -2
"48" "40" 2009-01-31 29.68 "UTA" "@" "POR" "L" -14 1 35.95 0.733 0.571 0 28.3 15.1 0 0 0 14 19.2 132 136 12 -3.2
"49" "41" 2009-02-02 29.69 "UTA" "" "CHA" "W" 19 1 31.2333333333333 0.751 0.667 9.3 14 11.6 5.9 1.8 3 12 25 141 98 17.5 7.2
"50" "42" 2009-02-05 29.7 "UTA" "" "DAL" "W" 28 1 34.5833333333333 0.554 0.536 15 25.5 21 21.5 0 1.9 12.2 20.8 123 93 15.5 2.8
"51" "43" 2009-02-06 29.7 "UTA" "@" "SAC" "W" 4 1 38.5333333333333 0.579 0.568 6.6 22.4 15.6 10.4 0 4.2 14.2 32.4 104 107 17.5 -0.5
"52" "44" 2009-02-08 29.71 "UTA" "@" "GSW" "L" -20 1 34.85 0.723 0.591 3.4 27.5 15.3 0 0 0 21.6 23.4 116 124 14 -0.2
"53" "45" 2009-02-11 29.72 "UTA" "" "LAL" "W" 4 1 45.65 0.718 0.679 3.4 17.1 11.4 6.5 3.3 1.5 24.6 20.9 107 108 16.3 2.4
"54" "" 2009-02-17 29.73 "UTA" "" "MEM" "W" 18 NA NA NA NA NA NA NA NA NA NA NA NA NA NA NA NA
"55" "46" 2009-02-19 29.74 "UTA" "" "BOS" "W" 5 1 33.65 0.649 0.583 0 22.5 11 0 0 2.5 6.4 21.9 122 95 13.7 7.1
"56" "47" 2009-02-21 29.74 "UTA" "" "NOH" "W" 14 1 38.2 0.629 0.605 9.2 14.8 11.7 18.3 0 2.5 0 25.4 136 105 20.9 9.1
"57" "48" 2009-02-23 29.75 "UTA" "" "ATL" "W" 19 1 25.7 0.5 0.5 5 35.3 20.2 0 2 0 33.3 15.2 69 97 3.8 -7.6
"58" "49" 2009-02-25 29.75 "UTA" "@" "MIN" "W" 17 1 34.7 0.925 0.9 0 13.8 7.3 8.8 0 2.2 6.9 19.2 168 116 21.9 9.7
"59" "50" 2009-02-28 29.76 "UTA" "" "SAC" "W" 13 1 28.9833333333333 0.915 0.917 4.4 15.4 10.2 6.6 3.5 2.7 0 22.9 174 91 26.1 22.5
"60" "51" 2009-03-01 29.76 "UTA" "@" "GSW" "W" 8 1 26.05 0.769 0.682 7.7 15.8 11.1 0 1.8 0 6.3 24.3 152 105 18.4 7.9
"61" "52" 2009-03-04 29.77 "UTA" "" "HOU" "W" 7 1 35.8333333333333 0.68 0.6 4.1 21.8 14.1 8 0 2.6 20.3 18.6 116 103 10.5 1.7
"62" "53" 2009-03-06 29.78 "UTA" "" "DEN" "W" 6 1 39.3333333333333 0.41 0.292 2.8 14.2 8.4 12.9 1.4 2.1 12 19.3 91 103 6.4 -2.4
"63" "54" 2009-03-08 29.78 "UTA" "@" "TOR" "W" 8 1 40.5 0.545 0.529 10.3 21.3 15.3 7.6 3.8 0 14.7 22 104 104 15 -0.5
"64" "55" 2009-03-10 29.79 "UTA" "@" "IND" "W" 12 1 34.05 0.698 0.633 3.2 17.6 10.1 5.2 0 5.3 10.4 25 129 111 18.2 2.6
"65" "56" 2009-03-11 29.79 "UTA" "@" "ATL" "L" -7 1 29.5333333333333 0.583 0.583 3.8 37.5 19.8 11.1 0 0 0 18.1 131 108 10.8 5.5
"66" "57" 2009-03-14 29.8 "UTA" "@" "MIA" "L" -11 1 53.9166666666667 0.553 0.5 0 11.7 6 5.3 0 1.5 20.3 12.9 92 121 6.2 -4.6
"67" "58" 2009-03-15 29.8 "UTA" "@" "ORL" "L" -18 1 13.4833333333333 0.171 0 6.6 7.1 6.8 11.1 0 0 0 28.8 51 115 -1.8 -16.8
"68" "59" 2009-03-17 29.81 "UTA" "" "WAS" "W" 15 1 31.4166666666667 0.388 0.333 3.6 15 9.9 9.2 0 6 5.6 24.4 86 92 7.2 -4.5
"69" "60" 2009-03-20 29.82 "UTA" "@" "OKC" "W" 7 1 12.45 0.75 0.75 0 26.3 13.3 21.6 4.1 0 0 29.3 146 92 11 19.8
"70" "61" 2009-03-24 29.83 "UTA" "" "HOU" "W" 13 1 35.5166666666667 0.5 0.5 3.2 13 8.6 4.5 0 8.2 0 15.6 100 91 10.9 2.4
"71" "62" 2009-03-25 29.83 "UTA" "@" "PHO" "L" -4 1 24.8666666666667 0.382 0.382 21.4 31.3 25.5 6.1 1.9 2.9 4.8 33.5 94 115 10.1 -5.1
"72" "63" 2009-03-28 29.84 "UTA" "" "PHO" "W" 5 1 40.25 0.756 0.767 2.9 21.2 13.5 17.3 1.2 3.4 14.9 21.9 122 86 23.1 13.7
"73" "64" 2009-03-30 29.84 "UTA" "" "NYK" "W" 8 1 20.9 0.538 0.571 0 27 13.5 13.1 2.3 0 11.8 17.9 98 104 4.5 -1
"74" "65" 2009-03-31 29.85 "UTA" "@" "POR" "L" -21 1 31.4166666666667 0.342 0.214 0 15.8 7.3 0 1.7 0 18.6 15.7 63 136 -1 -13.3
"75" "66" 2009-04-02 29.85 "UTA" "@" "DEN" "L" -10 1 33.7333333333333 0.405 0.167 12.7 35.6 22.2 0 1.4 0 14.8 23 91 110 7.7 -6.8
"76" "67" 2009-04-03 29.85 "UTA" "" "MIN" "L" -1 1 25.95 0.611 0.611 0 34.7 15.9 0 4 0 18.2 20.8 88 106 7.7 -2.8
"77" "68" 2009-04-05 29.86 "UTA" "@" "NOH" "W" 14 1 34.85 0.523 0.467 7.2 11.2 9.2 11.7 1.5 0 10.4 25.6 109 109 12.5 -1.5
"78" "69" 2009-04-08 29.87 "UTA" "@" "DAL" "L" -29 1 28.0166666666667 0.536 0.5 0 18 8.5 11.9 1.7 3 17.7 17.7 91 131 6.3 -2.9
"79" "70" 2009-04-10 29.87 "UTA" "@" "SAS" "L" -6 1 36.5666666666667 0.583 0.556 11.3 26.3 18.8 5.7 0 2.6 5 24.6 119 113 16.4 5.7
"80" "71" 2009-04-11 29.88 "UTA" "" "GSW" "L" -10 1 34.5 0.58 0.542 5.7 13 8.6 14.6 1.5 2.6 16.2 22.7 106 123 12.3 -0.4
"81" "72" 2009-04-13 29.88 "UTA" "" "LAC" "W" 21 1 12.75 0.888 0.8 0 34.2 17.5 0 0 0 0 24.2 185 95 10.9 19.7
"82" "" 2009-04-14 29.88 "UTA" "@" "LAL" "L" -13 NA NA NA NA NA NA NA NA NA NA NA NA NA NA NA NA
"1" "1" 2009-10-28 30.42 "UTA" "@" "DEN" "L" -9 1 31.0333333333333 0.568 0.545 4.1 18 11.5 5.3 0 2 14.9 19.1 100 117 7.7 -1.1
"2" "" 2009-10-30 30.43 "UTA" "" "LAC" "W" 13 NA NA NA NA NA NA NA NA NA NA NA NA NA NA NA NA
"3" "2" 2009-11-02 30.44 "UTA" "" "HOU" "L" -17 1 35.95 0.756 0.731 6.8 5.9 6.4 0 0 0 26.5 24 105 127 11.3 -2.6
"4" "3" 2009-11-03 30.44 "UTA" "@" "DAL" "L" -11 1 38.5833333333333 0.397 0.3 5.8 33.9 20 21.4 5.4 3.7 10.2 23.3 88 87 14.6 6.4
"5" "4" 2009-11-05 30.45 "UTA" "" "SAS" "W" 14 1 28.4166666666667 0.46 0.4 9.9 7.9 8.8 9.1 0 0 15.5 20.5 102 122 4.4 -8
"6" "5" 2009-11-07 30.45 "UTA" "" "SAC" "L" -5 1 34.3666666666667 0.504 0.467 6.8 16 11 4.9 0 0 11.2 25.1 96 123 6.8 -6.2
"7" "6" 2009-11-09 30.46 "UTA" "@" "NYK" "W" 2 1 32.8666666666667 0.567 0.533 9.7 27.4 18.8 5.5 0 2.8 5.9 22.7 115 98 14.7 5
"8" "7" 2009-11-11 30.46 "UTA" "@" "BOS" "L" -19 1 24.9333333333333 0.461 0.375 10.1 5.7 8 12.3 4.5 3.3 29.1 24.5 83 116 4.8 -2.3
"9" "8" 2009-11-13 30.47 "UTA" "@" "PHI" "W" 22 1 24 0.545 0.458 10.8 10 10.4 12.5 2.3 3.8 6.8 28.2 122 100 12.3 2.8
"10" "9" 2009-11-14 30.47 "UTA" "@" "CLE" "L" -4 1 29.9 0.509 0.455 22.1 17.4 19.5 15.5 0 0 13.6 23.1 112 120 9.8 -1.1
"11" "" 2009-11-18 30.48 "UTA" "" "TOR" "W" 13 NA NA NA NA NA NA NA NA NA NA NA NA NA NA NA NA
"12" "" 2009-11-19 30.48 "UTA" "@" "SAS" "W" 7 NA NA NA NA NA NA NA NA NA NA NA NA NA NA NA NA
"13" "" 2009-11-21 30.49 "UTA" "" "DET" "W" 3 NA NA NA NA NA NA NA NA NA NA NA NA NA NA NA NA
"14" "10" 2009-11-24 30.5 "UTA" "" "OKC" "L" -10 1 27.65 0.468 0.423 14.5 16.3 15.3 5.9 0 0 12.6 25.3 97 114 6.8 -2.8
"15" "11" 2009-11-26 30.5 "UTA" "" "CHI" "W" 19 1 28.6166666666667 0.678 0.667 4.8 4.2 4.5 13.7 1.9 2.3 0 17.6 147 104 12.5 7.5
"16" "12" 2009-11-28 30.51 "UTA" "" "POR" "W" 16 1 32.7333333333333 0.615 0.563 0 18.3 10.3 15.8 0 2.6 9.3 16.8 124 106 9.6 0.8
"17" "13" 2009-11-30 30.52 "UTA" "" "MEM" "W" 27 1 15.35 0.868 0.75 0 8 4.8 0 3.4 0 0 9 178 100 3.7 -1.5
"18" "14" 2009-12-04 30.53 "UTA" "" "IND" "W" 9 1 27.6666666666667 0.825 0.786 10.6 20.7 15.3 5.8 0 4.2 27.6 16.7 114 95 10.9 5.1
"19" "15" 2009-12-05 30.53 "UTA" "@" "MIN" "L" -7 1 38.2 0.559 0.5 2.8 27.5 13.1 14.2 1.4 0 12.3 19.1 110 116 12.7 0.4
"20" "16" 2009-12-07 30.53 "UTA" "" "SAS" "W" 3 1 25.95 0.709 0.667 15.9 37 25.6 0 4.2 7.7 16.8 22.3 122 101 13.4 6.6
"21" "17" 2009-12-09 30.54 "UTA" "@" "LAL" "L" -24 1 32.15 0.5 0.5 11.9 14.2 13 7.4 1.7 4.8 12.5 22.3 98 110 11.3 5.9
"22" "18" 2009-12-10 30.54 "UTA" "" "ORL" "W" 9 1 21.7666666666667 0.527 0.438 13.8 46.4 28.2 12.5 0 0 0 26.6 128 115 11.5 1.9
"23" "19" 2009-12-12 30.55 "UTA" "" "LAL" "W" 8 1 37.55 0.417 0.417 3.5 12.8 8.3 0 1.4 0 14.3 17.9 74 104 2.1 -8.1
"24" "20" 2009-12-14 30.55 "UTA" "" "MIN" "L" -2 1 27.2166666666667 0.658 0.667 0 16.4 8.4 11 0 2.6 23.3 20.8 95 112 6.6 -2
"25" "21" 2009-12-16 30.56 "UTA" "@" "NJN" "W" 16 1 25.3666666666667 0.45 0.375 6.1 20.6 14.7 16.5 0 2.8 10.1 19.3 105 104 6 -4.2
"26" "22" 2009-12-18 30.56 "UTA" "@" "ATL" "L" -13 1 20.1833333333333 0.515 0.333 12.5 21.1 17.2 9.4 0 0 11.4 19.4 107 104 6.1 -0.8
"27" "23" 2009-12-19 30.57 "UTA" "@" "CHA" "W" 8 1 32.6333333333333 0.451 0.4 0 31.2 14.9 12.6 0 2.5 19.7 20.3 81 105 6.7 -3.5
"28" "24" 2009-12-21 30.57 "UTA" "@" "ORL" "L" -5 1 35.8333333333333 0.438 0.438 6.1 26.8 15.3 8.4 1.4 3 20 11.6 82 103 5.2 -1.5
"29" "25" 2009-12-23 30.58 "UTA" "@" "MIA" "L" -10 1 29 0.423 0.25 7.5 10.6 9.1 0 1.9 2.3 27.3 23.9 70 92 3 -5.9
"30" "26" 2009-12-26 30.59 "UTA" "" "PHI" "W" 21 1 32.95 0.656 0.6 4.3 18.9 13.2 10.7 1.6 2.3 24.7 23.3 101 82 10.9 0.3
"31" "27" 2009-12-30 30.6 "UTA" "@" "MIN" "W" 4 1 33.35 0.444 0.444 16.4 12 14.4 9 0 4.4 10 25.3 99 109 10.2 -2.5
"32" "28" 2009-12-31 30.6 "UTA" "@" "OKC" "L" -1 1 34.4166666666667 0.285 0.222 8.4 30.2 17.6 17.8 1.5 2.2 20.6 30.4 63 91 3.2 -6.2
"33" "29" 2010-01-02 30.61 "UTA" "" "DEN" "L" -10 1 33.4666666666667 0.612 0.5 8.7 25.1 17.7 14.2 0 6.4 18.7 21.4 114 107 13.3 5.2
"34" "30" 2010-01-04 30.61 "UTA" "" "NOH" "L" -4 1 30.6333333333333 0.379 0.364 9.8 10.9 10.3 0 0 0 14.4 20.3 77 107 1.9 -8
"35" "31" 2010-01-06 30.62 "UTA" "" "MEM" "W" 23 1 23.5666666666667 0.75 0.75 6.4 14.2 10.9 10.8 2.1 0 14.3 13.8 127 98 8.2 1
"36" "32" 2010-01-08 30.62 "UTA" "@" "MEM" "L" -2 1 25.4333333333333 0.694 0.5 8.6 19.9 13.8 0 2.1 0 8 22.1 142 100 13.4 7.9
"37" "33" 2010-01-09 30.62 "UTA" "@" "DAL" "W" 18 1 26.3333333333333 0.554 0.4 4.7 15.5 10.6 10.5 0 3.1 7.3 26.4 117 111 11.2 -1.9
"38" "34" 2010-01-11 30.63 "UTA" "" "MIA" "W" 29 1 24.5 0.697 0.625 0 17 9.9 21.7 0 17.5 0 18.9 147 95 16.1 17.1
"39" "35" 2010-01-14 30.64 "UTA" "" "CLE" "W" 1 1 29.7666666666667 0.553 0.5 7.7 27.6 16.8 0 0 0 7.8 18.8 108 106 8.6 -0.5
"40" "36" 2010-01-16 30.64 "UTA" "" "MIL" "W" 17 1 26.9 0.512 0.458 4.7 43.6 25.8 10.2 1.8 3.1 12 27.1 98 88 11.3 -0.1
"41" "37" 2010-01-17 30.65 "UTA" "@" "DEN" "L" -7 1 21.8666666666667 0.621 0.583 0 27.4 13.9 0 0 0 13.4 14.5 100 117 4.3 -3.5
"42" "38" 2010-01-20 30.65 "UTA" "@" "SAS" "W" 7 1 29.35 0.394 0.313 0 21.2 12.6 19.4 0 4.8 0 14 97 98 6.9 1.5
"43" "39" 2010-01-23 30.66 "UTA" "" "NJN" "W" 33 1 21.1166666666667 0.727 0.708 34.4 31 32.5 8.8 0 12.6 12.7 34.8 135 84 18.5 9.8
"44" "40" 2010-01-25 30.67 "UTA" "" "PHO" "W" 9 1 24.9666666666667 0.446 0.423 10.4 18.3 14.6 16.8 0 3.6 13 26.7 100 121 7.1 -5.6
"45" "41" 2010-01-27 30.67 "UTA" "@" "POR" "W" 11 1 36.1833333333333 0.333 0.333 4.9 7.2 6.5 7.2 0 5.9 50 8.2 61 111 1.2 -4.7
"46" "42" 2010-01-29 30.68 "UTA" "" "SAC" "W" 7 1 24.85 0.739 0.714 0 24.1 12.4 14.2 0 3.4 0 13.9 156 104 10.5 7
"47" "43" 2010-02-01 30.69 "UTA" "" "DAL" "W" 12 1 30.75 0.731 0.625 0 24 12.2 8.7 0 0 11.7 12.8 142 108 9.6 1.8
"48" "44" 2010-02-03 30.69 "UTA" "" "POR" "W" 13 1 33.2 0.921 0.885 5.6 21.5 15.8 0 0 2.1 0 24.1 184 120 25.2 7.7
"49" "45" 2010-02-06 30.7 "UTA" "" "DEN" "W" 10 1 26.6166666666667 0.368 0.3 9 19.5 14.1 10.4 3.6 2.7 15.5 21 83 101 6.1 -5
"50" "46" 2010-02-09 30.71 "UTA" "@" "LAC" "W" 10 1 31.1666666666667 0.392 0.25 3.9 11.3 7.7 4 0 3 0 14.8 103 114 5 -7.3
"51" "47" 2010-02-10 30.71 "UTA" "" "LAL" "L" -15 1 25.7833333333333 0.276 0.3 8.7 10.1 9.3 6.8 0 0 15.5 23.5 58 111 -0.7 -12.9
"52" "48" 2010-02-16 30.73 "UTA" "@" "HOU" "W" 9 1 26.8166666666667 0.591 0.594 4.8 28.5 17.7 14.4 0 13.5 5.3 30.6 115 92 18.2 10.2
"53" "49" 2010-02-17 30.73 "UTA" "@" "NOH" "W" 8 1 31.05 0.571 0.429 0 26.3 15.7 0 0 2.3 36.3 20.9 71 94 3.2 -9.5
"54" "" 2010-02-19 30.74 "UTA" "@" "GSW" "W" 11 NA NA NA NA NA NA NA NA NA NA NA NA NA NA NA NA
"55" "" 2010-02-21 30.74 "UTA" "@" "POR" "W" 4 NA NA NA NA NA NA NA NA NA NA NA NA NA NA NA NA
"56" "50" 2010-02-22 30.75 "UTA" "" "ATL" "L" -5 1 14.3833333333333 0.436 0.5 22.2 0 13.2 21.5 0 6 22.5 28.2 90 128 3.6 -6
"57" "51" 2010-02-24 30.75 "UTA" "" "CHA" "W" 9 1 30.2166666666667 0.398 0.35 3.9 36.3 18.8 9.3 1.9 3.4 0 16.9 107 102 7.8 1.2
"58" "52" 2010-02-26 30.76 "UTA" "@" "SAC" "L" -4 1 27.65 0.365 0.364 7.5 40.1 22.5 6 0 7.7 14 22.1 73 102 5.8 -4.8
"59" "53" 2010-02-27 30.76 "UTA" "" "HOU" "W" 23 1 33.8833333333333 0.644 0.636 5.1 22 15.5 9.8 0 7.3 7 19.3 129 109 15.7 2.4
"60" "54" 2010-03-01 30.76 "UTA" "@" "LAC" "L" -4 1 27.1333333333333 0.388 0.333 23.1 35.4 28.4 11.4 0 3.3 13.4 23 95 116 7.6 -9.5
"61" "55" 2010-03-04 30.77 "UTA" "@" "PHO" "W" 8 1 31.1 0.561 0.471 16.4 4.5 11.4 0 1.7 2.9 0 29.8 141 120 18 2.7
"62" "56" 2010-03-06 30.78 "UTA" "" "LAC" "W" 22 1 35.15 0.737 0.735 8.4 12.4 10.3 15.2 4.3 4.2 5.2 24.4 142 85 27.1 17.8
"63" "57" 2010-03-09 30.79 "UTA" "@" "CHI" "W" 24 1 29.2666666666667 0.585 0.375 4.1 28.9 15.5 0 0 2.7 25.1 23.8 97 115 7.6 -10.9
"64" "58" 2010-03-10 30.79 "UTA" "@" "DET" "W" 11 1 36.6 0.705 0.636 4 11.9 8.5 10.6 0 4 7.3 17 152 121 15.9 4.3
"65" "59" 2010-03-12 30.79 "UTA" "@" "MIL" "L" -8 1 40.8666666666667 0.625 0.625 7.2 22.4 14.2 5.1 0 6.2 5.9 18.1 124 100 18.3 9.3
"66" "" 2010-03-14 30.8 "UTA" "@" "OKC" "L" -8 NA NA NA NA NA NA NA NA NA NA NA NA NA NA NA NA
"67" "60" 2010-03-15 30.8 "UTA" "" "WAS" "W" 23 1 23.5833333333333 0.888 0.929 5.5 19.2 13.6 13.2 2.2 8.1 27.6 20.4 119 88 14 12.4
"68" "61" 2010-03-17 30.81 "UTA" "" "MIN" "W" 22 1 30.5 0.438 0.438 4.8 17.9 12.3 8.3 1.6 2.5 0 22.3 102 103 9.7 -4.5
"69" "62" 2010-03-19 30.81 "UTA" "@" "PHO" "L" -10 1 11.7166666666667 0.347 0 0 42 17.8 0 0 7.2 0 9.8 91 106 2.1 -4
"70" "" 2010-03-20 30.82 "UTA" "" "NOH" "W" 20 NA NA NA NA NA NA NA NA NA NA NA NA NA NA NA NA
"71" "63" 2010-03-22 30.82 "UTA" "" "BOS" "W" 13 1 32.0166666666667 0.7 0.7 17.6 38.4 29.2 9.8 4.8 8.2 16.7 17 126 85 17.6 13.6
"72" "64" 2010-03-24 30.83 "UTA" "@" "TOR" "W" 26 1 34.1166666666667 0.512 0.423 3.3 20.5 12.5 3.9 1.5 6.9 0 19.7 121 89 14.7 3.2
"73" "65" 2010-03-26 30.83 "UTA" "@" "IND" "L" -16 1 40.7 0.603 0.472 7.9 24.7 16.1 4.1 1.2 4.8 8.2 25.6 123 118 21.5 2.9
"74" "66" 2010-03-27 30.84 "UTA" "@" "WAS" "W" 16 1 36.9666666666667 0.739 0.714 10 21.6 17.9 4.8 1.4 0 11.8 22 125 93 18.8 4.1
"75" "67" 2010-03-29 30.84 "UTA" "" "NYK" "W" 5 1 34.8333333333333 0.65 0.65 3.3 16 9.7 0 1.5 0 23.1 17.2 94 105 6.6 -4.7
"76" "68" 2010-03-31 30.85 "UTA" "" "GSW" "W" 24 1 29.5 0.592 0.5 19.8 16 17.7 9 0 0 11.6 23.4 126 103 13.7 -1.6
"77" "69" 2010-04-02 30.85 "UTA" "@" "LAL" "L" -14 1 30.5666666666667 0.446 0.455 3.3 6.8 5.1 5.2 0 0 7.5 19.3 88 117 3.9 -6.1
"78" "70" 2010-04-06 30.86 "UTA" "" "OKC" "W" 1 1 29.5833333333333 0.704 0.625 7.8 22.4 14.6 18.7 1.7 0 22 25.8 124 126 15.1 4.5
"79" "71" 2010-04-07 30.87 "UTA" "@" "HOU" "L" -17 1 23.1666666666667 0.5 0.5 5.3 20.2 12.9 6.7 0 0 18.2 20 89 119 3.7 -6.2
"80" "" 2010-04-09 30.87 "UTA" "@" "NOH" "W" 11 NA NA NA NA NA NA NA NA NA NA NA NA NA NA NA NA
"81" "72" 2010-04-13 30.88 "UTA" "@" "GSW" "W" 9 1 30.0666666666667 0.686 0.633 7.3 15.4 11.6 0 0 0 5.6 24.9 136 99 17.2 4.2
"82" "73" 2010-04-14 30.88 "UTA" "" "PHO" "L" -14 1 32.4166666666667 0.75 0.75 0 42.9 19.6 0 0 0 6.7 20.3 130 105 15.5 9.7
"1" "" 2010-10-27 31.42 "UTA" "@" "DEN" "L" -22 NA NA NA NA NA NA NA NA NA NA NA NA NA NA NA NA
"2" "" 2010-10-28 31.42 "UTA" "" "PHO" "L" -16 NA NA NA NA NA NA NA NA NA NA NA NA NA NA NA NA
"3" "" 2010-10-31 31.43 "UTA" "@" "OKC" "W" 21 NA NA NA NA NA NA NA NA NA NA NA NA NA NA NA NA
"4" "" 2010-11-03 31.44 "UTA" "" "TOR" "W" 17 NA NA NA NA NA NA NA NA NA NA NA NA NA NA NA NA
"5" "" 2010-11-05 31.45 "UTA" "@" "GSW" "L" -7 NA NA NA NA NA NA NA NA NA NA NA NA NA NA NA NA
"6" "" 2010-11-06 31.45 "UTA" "" "LAC" "W" 2 NA NA NA NA NA NA NA NA NA NA NA NA NA NA NA NA
"7" "" 2010-11-09 31.46 "UTA" "@" "MIA" "W" 2 NA NA NA NA NA NA NA NA NA NA NA NA NA NA NA NA
"8" "" 2010-11-10 31.46 "UTA" "@" "ORL" "W" 10 NA NA NA NA NA NA NA NA NA NA NA NA NA NA NA NA
"9" "" 2010-11-12 31.47 "UTA" "@" "ATL" "W" 4 NA NA NA NA NA NA NA NA NA NA NA NA NA NA NA NA
"10" "" 2010-11-13 31.47 "UTA" "@" "CHA" "W" 1 NA NA NA NA NA NA NA NA NA NA NA NA NA NA NA NA
"11" "" 2010-11-15 31.47 "UTA" "" "OKC" "L" -7 NA NA NA NA NA NA NA NA NA NA NA NA NA NA NA NA
"12" "" 2010-11-17 31.48 "UTA" "" "NJN" "W" 10 NA NA NA NA NA NA NA NA NA NA NA NA NA NA NA NA
"13" "" 2010-11-19 31.48 "UTA" "" "SAS" "L" -12 NA NA NA NA NA NA NA NA NA NA NA NA NA NA NA NA
"14" "" 2010-11-20 31.49 "UTA" "@" "POR" "W" 9 NA NA NA NA NA NA NA NA NA NA NA NA NA NA NA NA
"15" "" 2010-11-22 31.49 "UTA" "" "SAC" "W" 11 NA NA NA NA NA NA NA NA NA NA NA NA NA NA NA NA
"16" "" 2010-11-24 31.5 "UTA" "" "NOH" "W" 18 NA NA NA NA NA NA NA NA NA NA NA NA NA NA NA NA
"17" "" 2010-11-26 31.5 "UTA" "" "LAL" "W" 6 NA NA NA NA NA NA NA NA NA NA NA NA NA NA NA NA
"18" "" 2010-11-28 31.51 "UTA" "@" "LAC" "W" 12 NA NA NA NA NA NA NA NA NA NA NA NA NA NA NA NA
"19" "" 2010-11-29 31.51 "UTA" "" "MIL" "W" 21 NA NA NA NA NA NA NA NA NA NA NA NA NA NA NA NA
"20" "" 2010-12-01 31.52 "UTA" "" "IND" "W" 22 NA NA NA NA NA NA NA NA NA NA NA NA NA NA NA NA
"21" "" 2010-12-03 31.52 "UTA" "" "DAL" "L" -12 NA NA NA NA NA NA NA NA NA NA NA NA NA NA NA NA
"22" "" 2010-12-06 31.53 "UTA" "" "MEM" "W" 9 NA NA NA NA NA NA NA NA NA NA NA NA NA NA NA NA
"23" "" 2010-12-08 31.54 "UTA" "" "MIA" "L" -13 NA NA NA NA NA NA NA NA NA NA NA NA NA NA NA NA
"24" "" 2010-12-10 31.54 "UTA" "" "ORL" "W" 12 NA NA NA NA NA NA NA NA NA NA NA NA NA NA NA NA
"25" "" 2010-12-11 31.55 "UTA" "@" "DAL" "L" -6 NA NA NA NA NA NA NA NA NA NA NA NA NA NA NA NA
"26" "" 2010-12-13 31.55 "UTA" "" "GSW" "W" 13 NA NA NA NA NA NA NA NA NA NA NA NA NA NA NA NA
"27" "1" 2010-12-17 31.56 "UTA" "@" "NOH" "L" -29 0 10.8166666666667 0.25 0.25 0 0 0 18.1 0 0 0 17.8 61 125 -0.5 -11
"28" "2" 2010-12-18 31.56 "UTA" "@" "MIL" "W" 9 0 13.3166666666667 0.3 0.3 0 10.3 4.7 0 0 6.8 16.7 20.9 55 100 -0.9 -14.5
"29" "" 2010-12-20 31.57 "UTA" "@" "CLE" "W" 11 NA NA NA NA NA NA NA NA NA NA NA NA NA NA NA NA
"30" "" 2010-12-22 31.58 "UTA" "@" "MIN" "W" 5 NA NA NA NA NA NA NA NA NA NA NA NA NA NA NA NA
"31" "3" 2010-12-27 31.59 "UTA" "" "POR" "L" -5 0 16.8666666666667 0.5 0.5 0 43.1 19.8 12.1 0 0 40 28.6 60 107 1.2 -11.8
"32" "4" 2010-12-29 31.59 "UTA" "@" "LAC" "W" 8 0 16.3833333333333 0.533 0.45 15 7.9 11.6 10.4 0 0 0 33.6 132 116 9.6 6.5
"33" "" 2010-12-30 31.6 "UTA" "@" "POR" "L" -11 NA NA NA NA NA NA NA NA NA NA NA NA NA NA NA NA
"34" "" 2011-01-01 31.6 "UTA" "" "MEM" "W" 6 NA NA NA NA NA NA NA NA NA NA NA NA NA NA NA NA
"35" "" 2011-01-03 31.61 "UTA" "" "DET" "W" 5 NA NA NA NA NA NA NA NA NA NA NA NA NA NA NA NA
"36" "" 2011-01-05 31.61 "UTA" "" "ATL" "L" -23 NA NA NA NA NA NA NA NA NA NA NA NA NA NA NA NA
"37" "" 2011-01-07 31.62 "UTA" "@" "MEM" "L" -11 NA NA NA NA NA NA NA NA NA NA NA NA NA NA NA NA
"38" "" 2011-01-08 31.62 "UTA" "@" "HOU" "W" 4 NA NA NA NA NA NA NA NA NA NA NA NA NA NA NA NA
"39" "5" 2011-01-12 31.63 "UTA" "" "NYK" "W" 6 0 12.45 0.85 0.9 0 23.4 12.4 26.1 0 0 14.5 24.8 143 137 7.5 3.4
"40" "6" 2011-01-14 31.64 "UTA" "" "CLE" "W" 22 0 15.1833333333333 0.19 0.143 25.6 30.1 28 36.1 3.4 5.4 0 22.8 99 97 5.8 -1.1
"41" "7" 2011-01-17 31.65 "UTA" "@" "WAS" "L" -7 0 13.4166666666667 0.694 0.625 8.1 10.8 9.3 37.2 0 0 0 20.1 164 125 7.5 9.1
"42" "8" 2011-01-19 31.65 "UTA" "@" "NJN" "L" -8 0 16.1 0.508 0.429 0 0 0 0 0 5.6 0 23.4 107 126 4.6 -4.5
"43" "9" 2011-01-21 31.66 "UTA" "@" "BOS" "L" -24 0 6.5 NA NA 0 25.5 10.9 0 0 0 NA 0 0 127 -0.1 -9.3
"44" "10" 2011-01-22 31.66 "UTA" "@" "PHI" "L" -11 0 12.2166666666667 0.436 0.333 8.9 16.7 13 26.1 4.4 0 0 12.8 126 102 4.2 4.5
"45" "11" 2011-01-25 31.67 "UTA" "@" "LAL" "L" -29 0 12.4666666666667 0.375 0.375 0 18.3 5.4 12 4.1 7.3 0 13.9 94 120 2.5 -0.6
"46" "12" 2011-01-26 31.67 "UTA" "" "SAS" "L" -7 0 13.9333333333333 0.26 0 11.5 10.1 10.8 16.8 0 0 14.8 23 72 124 1.2 -9.2
"47" "13" 2011-01-28 31.68 "UTA" "" "MIN" "W" 8 0 8.78333333333333 0.333 0.333 10.5 30.4 18.6 15.4 5.6 0 0 14.3 101 96 3.3 0.3
"48" "" 2011-01-30 31.68 "UTA" "@" "GSW" "L" -15 NA NA NA NA NA NA NA NA NA NA NA NA NA NA NA NA
"49" "" 2011-01-31 31.68 "UTA" "" "CHA" "W" 5 NA NA NA NA NA NA NA NA NA NA NA NA NA NA NA NA
"50" "" 2011-02-02 31.69 "UTA" "" "HOU" "L" -1 NA NA NA NA NA NA NA NA NA NA NA NA NA NA NA NA
"51" "" 2011-02-04 31.7 "UTA" "@" "DEN" "W" 7 NA NA NA NA NA NA NA NA NA NA NA NA NA NA NA NA
"52" "" 2011-02-05 31.7 "UTA" "" "OKC" "L" -16 NA NA NA NA NA NA NA NA NA NA NA NA NA NA NA NA
"53" "" 2011-02-07 31.7 "UTA" "@" "SAC" "W" 3 NA NA NA NA NA NA NA NA NA NA NA NA NA NA NA NA
"54" "" 2011-02-09 31.71 "UTA" "" "CHI" "L" -5 NA NA NA NA NA NA NA NA NA NA NA NA NA NA NA NA
"55" "" 2011-02-11 31.72 "UTA" "" "PHO" "L" -12 NA NA NA NA NA NA NA NA NA NA NA NA NA NA NA NA
"56" "" 2011-02-15 31.73 "UTA" "@" "PHO" "L" -1 NA NA NA NA NA NA NA NA NA NA NA NA NA NA NA NA
"57" "" 2011-02-16 31.73 "UTA" "" "GSW" "L" -7 NA NA NA NA NA NA NA NA NA NA NA NA NA NA NA NA
"58" "" 2011-02-23 31.75 "UTA" "@" "DAL" "L" -19 NA NA NA NA NA NA NA NA NA NA NA NA NA NA NA NA
"59" "" 2011-02-25 31.75 "UTA" "@" "IND" "W" 11 NA NA NA NA NA NA NA NA NA NA NA NA NA NA NA NA
"60" "" 2011-02-26 31.76 "UTA" "@" "DET" "L" -4 NA NA NA NA NA NA NA NA NA NA NA NA NA NA NA NA
"61" "" 2011-02-28 31.76 "UTA" "" "BOS" "L" -5 NA NA NA NA NA NA NA NA NA NA NA NA NA NA NA NA
"62" "" 2011-03-03 31.77 "UTA" "" "DEN" "L" -2 NA NA NA NA NA NA NA NA NA NA NA NA NA NA NA NA
"63" "" 2011-03-05 31.78 "UTA" "" "SAC" "W" 7 NA NA NA NA NA NA NA NA NA NA NA NA NA NA NA NA
"64" "" 2011-03-07 31.78 "UTA" "@" "NYK" "L" -22 NA NA NA NA NA NA NA NA NA NA NA NA NA NA NA NA
"65" "" 2011-03-09 31.79 "UTA" "@" "TOR" "W" 2 NA NA NA NA NA NA NA NA NA NA NA NA NA NA NA NA
"66" "" 2011-03-11 31.79 "UTA" "@" "MIN" "L" -21 NA NA NA NA NA NA NA NA NA NA NA NA NA NA NA NA
"67" "" 2011-03-12 31.79 "UTA" "@" "CHI" "L" -18 NA NA NA NA NA NA NA NA NA NA NA NA NA NA NA NA
"68" "" 2011-03-14 31.8 "UTA" "" "PHI" "W" 5 NA NA NA NA NA NA NA NA NA NA NA NA NA NA NA NA
"69" "" 2011-03-16 31.81 "UTA" "" "MIN" "W" 15 NA NA NA NA NA NA NA NA NA NA NA NA NA NA NA NA
"70" "" 2011-03-20 31.82 "UTA" "@" "HOU" "L" -2 NA NA NA NA NA NA NA NA NA NA NA NA NA NA NA NA
"71" "" 2011-03-21 31.82 "UTA" "@" "MEM" "L" -18 NA NA NA NA NA NA NA NA NA NA NA NA NA NA NA NA
"72" "" 2011-03-23 31.82 "UTA" "@" "OKC" "L" -12 NA NA NA NA NA NA NA NA NA NA NA NA NA NA NA NA
"73" "" 2011-03-24 31.83 "UTA" "" "NOH" "L" -4 NA NA NA NA NA NA NA NA NA NA NA NA NA NA NA NA
"74" "" 2011-03-26 31.83 "UTA" "" "DAL" "L" -17 NA NA NA NA NA NA NA NA NA NA NA NA NA NA NA NA
"75" "" 2011-03-28 31.84 "UTA" "" "WAS" "L" -5 NA NA NA NA NA NA NA NA NA NA NA NA NA NA NA NA
"76" "" 2011-04-01 31.85 "UTA" "" "LAL" "L" -11 NA NA NA NA NA NA NA NA NA NA NA NA NA NA NA NA
"77" "" 2011-04-03 31.85 "UTA" "@" "SAC" "L" -9 NA NA NA NA NA NA NA NA NA NA NA NA NA NA NA NA
"78" "" 2011-04-05 31.86 "UTA" "@" "LAL" "W" 1 NA NA NA NA NA NA NA NA NA NA NA NA NA NA NA NA
"79" "" 2011-04-07 31.87 "UTA" "" "POR" "L" -11 NA NA NA NA NA NA NA NA NA NA NA NA NA NA NA NA
"80" "" 2011-04-09 31.87 "UTA" "@" "SAS" "L" -9 NA NA NA NA NA NA NA NA NA NA NA NA NA NA NA NA
"81" "" 2011-04-11 31.88 "UTA" "@" "NOH" "W" 12 NA NA NA NA NA NA NA NA NA NA NA NA NA NA NA NA
"82" "" 2011-04-13 31.88 "UTA" "" "DEN" "W" 4 NA NA NA NA NA NA NA NA NA NA NA NA NA NA NA NA
"1" "1" 2011-12-26 32.59 "NJN" "@" "WAS" "W" 6 0 20.4 0 0 4.8 19.6 12.1 13.8 2.6 0 25 8.6 38 91 0.4 -6.9
"2" "2" 2011-12-27 32.59 "NJN" "" "ATL" "L" -36 0 20.25 0.233 0.25 0 10.8 5.4 12.1 0 0 23.7 19.9 42 126 -3.9 -17.4
"3" "3" 2011-12-29 32.59 "NJN" "@" "ORL" "L" -16 1 25.8166666666667 0.5 0.5 4.2 21.1 12.7 0 0 0 0 16.5 103 104 4.5 -3.8
"4" "4" 2011-12-30 32.6 "NJN" "@" "ATL" "L" -7 1 33.2 0.833 0.833 3.8 14.5 9.3 14.8 0 0 18.2 15.7 143 126 12.3 5.1
"5" "5" 2012-01-01 32.6 "NJN" "@" "CLE" "L" -16 1 34.7833333333333 0.5 0.5 12.2 20.3 16.2 19.3 3 2.7 9.1 14.6 110 105 11.2 3.4
"6" "6" 2012-01-02 32.61 "NJN" "" "IND" "L" -14 1 27.6833333333333 0.571 0.571 7.2 20.4 12.7 12.5 2.1 0 12.5 12.6 126 128 7.9 -0.9
"7" "7" 2012-01-04 32.61 "NJN" "@" "BOS" "L" -19 1 31.1333333333333 0.25 0.25 7.2 12.8 9.8 5.7 0 0 11.1 15.2 62 116 0.8 -10.3
"8" "8" 2012-01-06 32.62 "NJN" "@" "TOR" "W" 12 1 3.3 0 0 0 36.4 17.5 0 0 0 0 14.3 0 97 -0.8 -24
"9" "" 2012-01-07 32.62 "NJN" "" "MIA" "L" -11 NA NA NA NA NA NA NA NA NA NA NA NA NA NA NA NA
"10" "" 2012-01-09 32.62 "NJN" "" "ATL" "L" -5 NA NA NA NA NA NA NA NA NA NA NA NA NA NA NA NA
"11" "9" 2012-01-11 32.63 "NJN" "@" "DEN" "L" -8 0 13.0333333333333 0.8 0.8 18.9 13.6 16.7 23.1 3.8 0 16.7 21 145 124 7.2 6.1
"12" "10" 2012-01-13 32.64 "NJN" "@" "PHO" "W" 7 1 40.15 0.423 0.423 3.5 19.9 12 3.5 2.7 2.1 23.5 20.3 73 113 4.6 -9.4
"13" "11" 2012-01-14 32.64 "NJN" "@" "UTA" "L" -13 1 29.5333333333333 0.477 0.444 7.7 21.4 14.2 12.7 0 2.2 29.8 21.4 78 116 4.1 -9.8
"14" "12" 2012-01-16 32.64 "NJN" "@" "LAC" "L" -10 1 25.75 0.682 0.682 4.7 4.5 4.6 25.6 0 0 0 21 141 120 11.6 7.5
"15" "13" 2012-01-18 32.65 "NJN" "" "GSW" "W" 7 1 38.6333333333333 0.542 0.542 0 13.8 7 4 0 2.2 14.3 16.9 107 119 6.4 -4.2
"16" "14" 2012-01-21 32.66 "NJN" "" "OKC" "L" -10 1 26.4166666666667 0 0 6.4 28.9 16.2 13.5 2 0 50 6.5 34 87 2.1 -4.6
"17" "15" 2012-01-22 32.66 "NJN" "" "CHA" "W" 10 1 29.25 0.318 0.318 11.4 4.3 8.1 5 0 2.5 15.4 20.4 77 102 0.7 -12.7
"18" "16" 2012-01-23 32.66 "NJN" "@" "CHI" "L" -15 1 21.9666666666667 0.335 0.35 5.5 0 2.9 21.5 2.6 0 16.1 28 73 129 1.4 -10
"19" "17" 2012-01-25 32.67 "NJN" "@" "PHI" "W" 7 1 32.4166666666667 0.396 0.346 0 24.5 12 15.3 0 0 0 21.6 102 101 5.8 -1.8
"20" "" 2012-01-27 32.67 "NJN" "@" "CLE" "W" 3 NA NA NA NA NA NA NA NA NA NA NA NA NA NA NA NA
"21" "" 2012-01-29 32.68 "NJN" "" "TOR" "L" -21 NA NA NA NA NA NA NA NA NA NA NA NA NA NA NA NA
"22" "" 2012-01-31 32.68 "NJN" "@" "IND" "L" -7 NA NA NA NA NA NA NA NA NA NA NA NA NA NA NA NA
"23" "" 2012-02-01 32.69 "NJN" "" "DET" "W" 3 NA NA NA NA NA NA NA NA NA NA NA NA NA NA NA NA
"24" "" 2012-02-03 32.69 "NJN" "" "MIN" "L" -3 NA NA NA NA NA NA NA NA NA NA NA NA NA NA NA NA
"25" "" 2012-02-04 32.7 "NJN" "@" "NYK" "L" -7 NA NA NA NA NA NA NA NA NA NA NA NA NA NA NA NA
"26" "" 2012-02-06 32.7 "NJN" "" "CHI" "L" -21 NA NA NA NA NA NA NA NA NA NA NA NA NA NA NA NA
"27" "" 2012-02-08 32.71 "NJN" "" "DET" "L" -7 NA NA NA NA NA NA NA NA NA NA NA NA NA NA NA NA
"28" "" 2012-02-10 32.71 "NJN" "@" "DET" "L" -17 NA NA NA NA NA NA NA NA NA NA NA NA NA NA NA NA
"29" "" 2012-02-11 32.72 "NJN" "" "SAS" "L" -14 NA NA NA NA NA NA NA NA NA NA NA NA NA NA NA NA
"30" "" 2012-02-15 32.73 "NJN" "" "MEM" "L" -5 NA NA NA NA NA NA NA NA NA NA NA NA NA NA NA NA
"31" "" 2012-02-16 32.73 "NJN" "@" "IND" "L" -5 NA NA NA NA NA NA NA NA NA NA NA NA NA NA NA NA
"32" "" 2012-02-18 32.73 "NJN" "@" "CHI" "W" 12 NA NA NA NA NA NA NA NA NA NA NA NA NA NA NA NA
"33" "" 2012-02-19 32.74 "NJN" "" "MIL" "L" -7 NA NA NA NA NA NA NA NA NA NA NA NA NA NA NA NA
"34" "" 2012-02-20 32.74 "NJN" "@" "NYK" "W" 8 NA NA NA NA NA NA NA NA NA NA NA NA NA NA NA NA
"35" "" 2012-02-22 32.75 "NJN" "" "ORL" "L" -17 NA NA NA NA NA NA NA NA NA NA NA NA NA NA NA NA
"36" "" 2012-02-28 32.76 "NJN" "@" "DAL" "W" 1 NA NA NA NA NA NA NA NA NA NA NA NA NA NA NA NA
"37" "" 2012-03-02 32.77 "NJN" "@" "BOS" "L" -13 NA NA NA NA NA NA NA NA NA NA NA NA NA NA NA NA
"38" "" 2012-03-04 32.78 "NJN" "@" "CHA" "W" 3 NA NA NA NA NA NA NA NA NA NA NA NA NA NA NA NA
"39" "" 2012-03-06 32.78 "NJN" "@" "MIA" "L" -30 NA NA NA NA NA NA NA NA NA NA NA NA NA NA NA NA
"40" "" 2012-03-07 32.78 "NJN" "" "LAC" "W" 1 NA NA NA NA NA NA NA NA NA NA NA NA NA NA NA NA
"41" "" 2012-03-09 32.79 "NJN" "@" "CHA" "W" 9 NA NA NA NA NA NA NA NA NA NA NA NA NA NA NA NA
"42" "" 2012-03-10 32.79 "NJN" "" "HOU" "L" -6 NA NA NA NA NA NA NA NA NA NA NA NA NA NA NA NA
"43" "" 2012-03-12 32.8 "NJN" "" "MIL" "L" -6 NA NA NA NA NA NA NA NA NA NA NA NA NA NA NA NA
"44" "" 2012-03-14 32.8 "NJN" "" "TOR" "W" 14 NA NA NA NA NA NA NA NA NA NA NA NA NA NA NA NA
"45" "" 2012-03-18 32.81 "POR" "@" "OKC" "L" -16 NA NA NA NA NA NA NA NA NA NA NA NA NA NA NA NA
"46" "" 2012-03-20 32.82 "POR" "" "MIL" "L" -29 NA NA NA NA NA NA NA NA NA NA NA NA NA NA NA NA
