"Rk" "G" "Date" "Age" "Tm" "H/A" "Opp" "W/L" "By Amt" "GS" "MP" "TS%" "eFG%" "ORB%" "DRB%" "TRB%" "AST%" "STL%" "BLK%" "TOV%" "USG%" "ORtg" "DRtg" "GmSc" "BPM"
"1" "1" 2012-11-02 22.61 "ORL" "" "DEN" "W" 13 0 3.26666666666667 0 0 0 29.4 16.1 0 0 0 50 28 0 94 -1.8 -37.7
"2" "2" 2012-11-04 22.61 "ORL" "" "PHO" "W" 21 0 1.38333333333333 1.136 NA 0 69.4 38.1 0 0 0 0 27.7 250 78 2.3 35.5
"3" "" 2012-11-06 22.62 "ORL" "@" "CHI" "L" -6 NA NA NA NA NA NA NA NA NA NA NA NA NA NA NA NA
"4" "3" 2012-11-07 22.62 "ORL" "@" "MIN" "L" -15 0 8.06666666666667 NA NA 0 14.2 6.8 0 0 10.6 NA 0 0 97 1 -3.3
"5" "4" 2012-11-09 22.62 "ORL" "" "BRK" "L" -39 0 8.1 0.347 0 0 41.3 21.4 0 0 20.1 41 31.6 43 103 0.1 -16.2
"6" "" 2012-11-11 22.63 "ORL" "@" "BRK" "L" -8 NA NA NA NA NA NA NA NA NA NA NA NA NA NA NA NA
"7" "" 2012-11-13 22.64 "ORL" "" "NYK" "L" -10 NA NA NA NA NA NA NA NA NA NA NA NA NA NA NA NA
"8" "" 2012-11-16 22.64 "ORL" "@" "DET" "W" 4 NA NA NA NA NA NA NA NA NA NA NA NA NA NA NA NA
"9" "" 2012-11-18 22.65 "ORL" "@" "TOR" "L" -11 NA NA NA NA NA NA NA NA NA NA NA NA NA NA NA NA
"10" "5" 2012-11-19 22.65 "ORL" "@" "ATL" "L" -9 0 6.25 0.532 0 16 41.9 29.8 49.5 0 12 0 13.5 147 70 4.6 23.8
"11" "6" 2012-11-21 22.66 "ORL" "" "DET" "W" 16 0 7.81666666666667 0 0 0 21.5 12.2 17.1 0 9 0 5.9 47 72 1.3 3.6
"12" "" 2012-11-23 22.66 "ORL" "" "CLE" "W" 4 NA NA NA NA NA NA NA NA NA NA NA NA NA NA NA NA
"13" "" 2012-11-25 22.67 "ORL" "" "BOS" "L" -6 NA NA NA NA NA NA NA NA NA NA NA NA NA NA NA NA
"14" "7" 2012-11-28 22.68 "ORL" "" "SAS" "L" -21 0 8.53333333333333 0.436 0.333 45.9 15.6 33.1 37.8 0 0 0 33.8 128 121 7.1 14.2
"15" "8" 2012-11-30 22.68 "ORL" "" "BRK" "L" -12 0 6.75 0.694 0.5 18.7 36.5 27.7 25.5 8.5 0 0 21.5 160 95 5.6 22.1
"16" "9" 2012-12-02 22.69 "ORL" "@" "LAL" "W" 10 0 7.55 1.042 1 16.3 12.5 14.1 0 0 18.4 0 17.1 222 92 6.6 13.7
"17" "" 2012-12-03 22.69 "ORL" "@" "GSW" "W" 8 NA NA NA NA NA NA NA NA NA NA NA NA NA NA NA NA
"18" "" 2012-12-05 22.7 "ORL" "@" "UTA" "L" -6 NA NA NA NA NA NA NA NA NA NA NA NA NA NA NA NA
"19" "10" 2012-12-07 22.7 "ORL" "@" "SAC" "L" -9 0 3.21666666666667 NA NA 0 67.8 32.8 0 0 0 NA 0 0 82 0.2 -6.7
"20" "" 2012-12-09 22.71 "ORL" "@" "PHO" "W" 8 NA NA NA NA NA NA NA NA NA NA NA NA NA NA NA NA
"21" "" 2012-12-12 22.72 "ORL" "" "ATL" "L" -6 NA NA NA NA NA NA NA NA NA NA NA NA NA NA NA NA
"22" "11" 2012-12-14 22.72 "ORL" "" "GSW" "W" 14 0 1.06666666666667 NA NA 0 0 0 0 0 0 100 42.5 0 107 -1 -56.4
"23" "" 2012-12-15 22.72 "ORL" "@" "CHA" "W" 9 NA NA NA NA NA NA NA NA NA NA NA NA NA NA NA NA
"24" "12" 2012-12-17 22.73 "ORL" "" "MIN" "W" 9 0 2.11666666666667 1 1 0 0 0 0 0 0 0 22.1 200 104 0.9 -3.2
"25" "" 2012-12-19 22.73 "ORL" "" "WAS" "W" 7 NA NA NA NA NA NA NA NA NA NA NA NA NA NA NA NA
"26" "" 2012-12-21 22.74 "ORL" "@" "TOR" "L" -3 NA NA NA NA NA NA NA NA NA NA NA NA NA NA NA NA
"27" "13" 2012-12-23 22.75 "ORL" "" "UTA" "L" -4 0 7.81666666666667 1 1 17.5 13.3 15.2 19.3 0 9.4 0 6 209 105 3.7 11.8
"28" "" 2012-12-26 22.75 "ORL" "" "NOH" "L" -3 NA NA NA NA NA NA NA NA NA NA NA NA NA NA NA NA
"29" "14" 2012-12-28 22.76 "ORL" "@" "WAS" "L" -8 0 3.13333333333333 0.333 0.333 0 0 0 64.7 0 22.5 0 44.3 85 101 0.9 -2
"30" "15" 2012-12-29 22.76 "ORL" "" "TOR" "L" -35 0 8.31666666666667 0.5 0.5 0 0 0 0 0 0 0 11.8 102 149 0.6 -15.5
"31" "16" 2012-12-31 22.77 "ORL" "" "MIA" "L" -2 0 2.75 NA NA 45.9 0 23.2 0 0 0 100 17 41 127 -0.3 -23.3
"32" "17" 2013-01-02 22.77 "ORL" "" "CHI" "L" -2 0 2.9 NA NA 0 0 0 0 0 0 NA 0 0 121 -0.4 -14.7
"33" "" 2013-01-05 22.78 "ORL" "" "NYK" "L" -8 NA NA NA NA NA NA NA NA NA NA NA NA NA NA NA NA
"34" "" 2013-01-07 22.79 "ORL" "@" "POR" "L" -6 NA NA NA NA NA NA NA NA NA NA NA NA NA NA NA NA
"35" "18" 2013-01-09 22.79 "ORL" "@" "DEN" "L" -3 0 10.9333333333333 1 1 0 8.8 4.8 12.5 0 10.7 0 8.1 203 109 4.2 5.3
"36" "19" 2013-01-12 22.8 "ORL" "@" "LAC" "W" 3 0 3.76666666666667 NA NA 0 31.9 16.8 32.7 14.3 0 NA 0 228 82 2 23.8
"37" "20" 2013-01-14 22.81 "ORL" "@" "WAS" "L" -29 0 7.8 0.667 0.667 14 51.3 30.8 0 0 0 0 17.2 138 126 3.9 0
"38" "21" 2013-01-16 22.81 "ORL" "" "IND" "W" 11 0 2.76666666666667 NA NA 0 0 0 0 0 0 NA 0 0 105 -0.4 -15.3
"39" "22" 2013-01-18 22.82 "ORL" "" "CHA" "L" -6 0 2.91666666666667 0.694 1 0 0 0 0 0 0 0 23.2 110 122 0.9 -4.1
"40" "" 2013-01-20 22.82 "ORL" "" "DAL" "L" -6 NA NA NA NA NA NA NA NA NA NA NA NA NA NA NA NA
"41" "23" 2013-01-22 22.83 "ORL" "@" "DET" "L" -15 0 4.1 0.333 0.333 0 23 12.3 0 0 0 0 34.9 64 113 0.6 -12.6
"42" "" 2013-01-24 22.83 "ORL" "" "TOR" "L" -2 NA NA NA NA NA NA NA NA NA NA NA NA NA NA NA NA
"43" "" 2013-01-27 22.84 "ORL" "" "DET" "L" -2 NA NA NA NA NA NA NA NA NA NA NA NA NA NA NA NA
"44" "24" 2013-01-28 22.84 "ORL" "@" "BRK" "L" -20 0 4.33333333333333 0.667 0.667 50.3 0 27.4 0 0 24.6 0 33.9 143 110 4.8 22.7
"45" "25" 2013-01-30 22.85 "ORL" "@" "NYK" "L" -16 0 8.53333333333333 0.667 0.667 16.5 34.1 25.2 0 0 0 40 29.9 83 133 1.6 -13.4
"46" "26" 2013-02-01 22.85 "ORL" "@" "BOS" "L" -13 0 7.08333333333333 0.854 0.833 38.4 0 21.4 100 0 0 0 38.6 176 112 11.2 39.9
"47" "27" 2013-02-02 22.86 "ORL" "@" "MIL" "L" -9 0 11.6833333333333 0.571 0.571 17.1 8.9 13.1 0 0 0 11.3 30.2 109 117 6 -2
"48" "28" 2013-02-04 22.86 "ORL" "@" "PHI" "L" -17 0 17.25 0.333 0.333 0 25.9 12.1 11.5 0 4.7 25 11.7 55 89 1.1 -8.5
"49" "29" 2013-02-06 22.87 "ORL" "" "LAC" "L" -10 0 19.45 0.727 0.667 25.2 20.1 22.7 36.8 2.7 3.9 0 15.3 168 86 14.7 19.7
"50" "30" 2013-02-08 22.87 "ORL" "@" "CLE" "L" -11 0 9.53333333333333 0.425 0.4 14.8 13.6 14.2 14.4 0 0 25.4 35.8 77 128 0.8 -18.7
"51" "31" 2013-02-10 22.88 "ORL" "" "POR" "W" 6 0 11.1166666666667 0.554 0.6 17.3 0 9.8 0 4.6 7.7 0 24.6 122 97 6.6 3.4
"52" "32" 2013-02-13 22.89 "ORL" "" "ATL" "L" -32 0 22.1333333333333 0.429 0.429 9.9 25.5 18.3 7.9 4.7 3.7 12.5 17.2 87 102 6.3 -1.3
"53" "33" 2013-02-19 22.9 "ORL" "" "CHA" "L" -13 0 12.2333333333333 0.4 0.4 8.2 18.2 12.9 26.9 4.1 0 16.7 21.3 85 103 3.2 -2
"54" "34" 2013-02-20 22.91 "ORL" "@" "DAL" "L" -15 0 3.98333333333333 NA NA 0 30.1 13.9 0 0 0 NA 0 0 118 -0.1 -12.5
"55" "35" 2013-02-22 22.91 "ORL" "@" "MEM" "L" -6 0 22.8166666666667 0.6 0.6 4.3 28 15.7 7.3 0 0 16.7 12.6 106 98 4.3 -4.5
"56" "36" 2013-02-23 22.92 "ORL" "" "CLE" "L" -24 0 13.5833333333333 0.694 0.667 8.8 49.3 29.8 22.8 0 5.4 0 14.7 158 115 6.9 4.9
"57" "" 2013-02-26 22.92 "ORL" "@" "PHI" "W" 14 NA NA NA NA NA NA NA NA NA NA NA NA NA NA NA NA
"58" "37" 2013-02-27 22.93 "ORL" "" "SAC" "L" -24 0 14 0.75 0.75 8.4 46.3 26.4 12.8 0 0 20 15.3 119 123 4.3 -3.8
"59" "" 2013-03-01 22.93 "ORL" "" "HOU" "L" -8 NA NA NA NA NA NA NA NA NA NA NA NA NA NA NA NA
"60" "38" 2013-03-03 22.94 "ORL" "" "MEM" "L" -26 0 12 0.174 0 10 41 25.3 13.8 0 6.8 14.8 27.5 49 116 0.3 -15
"61" "" 2013-03-04 22.94 "ORL" "@" "NOH" "W" 3 NA NA NA NA NA NA NA NA NA NA NA NA NA NA NA NA
"62" "" 2013-03-06 22.95 "ORL" "@" "MIA" "L" -1 NA NA NA NA NA NA NA NA NA NA NA NA NA NA NA NA
"63" "39" 2013-03-08 22.95 "ORL" "" "IND" "L" -29 0 16.2833333333333 0.25 0.25 6.7 15.1 10.7 10.1 0 0 0 10.7 78 129 0 -11.3
"64" "" 2013-03-10 22.96 "ORL" "" "PHI" "W" 8 NA NA NA NA NA NA NA NA NA NA NA NA NA NA NA NA
"65" "40" 2013-03-12 22.96 "ORL" "" "LAL" "L" -9 0 5.43333333333333 0.667 0.667 0 0 0 91.4 0 0 0 23.2 156 114 2.9 15.8
"66" "41" 2013-03-15 22.97 "ORL" "@" "OKC" "L" -13 0 4.11666666666667 NA NA 0 68.6 27.4 0 0 0 NA 0 0 113 0.6 -3.1
"67" "42" 2013-03-17 22.98 "ORL" "@" "MIL" "L" -6 0 5.25 0 0 0 79.5 40.6 0 0 0 50 16.4 0 99 -1.7 -28.7
"68" "43" 2013-03-19 22.98 "ORL" "@" "IND" "L" -22 0 17.4833333333333 0.347 0 4.7 23.4 13.1 0 2.9 4.3 0 7.4 90 92 3 -4.6
"69" "44" 2013-03-20 22.98 "ORL" "@" "NYK" "L" -12 0 25.0666666666667 0.51 0.5 25.2 45.4 35.3 26.9 0 0 20.3 27.5 107 121 11.4 1.9
"70" "45" 2013-03-22 22.99 "ORL" "" "OKC" "L" -8 1 26.7833333333333 0.463 0.455 10.8 25 17.3 0 1.9 0 20.2 24.2 81 100 5.6 -5.6
"71" "46" 2013-03-25 23 "ORL" "" "MIA" "L" -14 1 23.3833333333333 0.857 0.857 9.5 18.7 14.2 0 0 4.1 22.2 17.4 121 119 9.6 -1.2
"72" "47" 2013-03-27 23 "ORL" "@" "CHA" "L" -6 1 42.25 0.773 0.786 8.7 23.9 16.2 21.6 1.2 0 0 16.6 163 121 24.9 5.9
"73" "48" 2013-03-29 23.01 "ORL" "" "WAS" "W" 5 1 22 0.5 0.5 13.1 4.7 9.1 26.7 0 7.2 20 10.4 120 112 6.4 2.5
"74" "49" 2013-03-30 23.01 "ORL" "@" "ATL" "L" -9 0 22.5666666666667 0.25 0.25 4.1 28.4 15.3 0 0 3.7 33.3 11 43 99 -1.6 -14.3
"75" "50" 2013-04-01 23.02 "ORL" "@" "HOU" "L" -8 0 12.3333333333333 0.714 0.714 32.4 28.8 30.5 0 0 0 12.5 28 131 113 8.9 2.2
"76" "51" 2013-04-03 23.02 "ORL" "@" "SAS" "L" -14 0 11.0166666666667 0 0 8.7 17.4 13.1 49.8 0 0 25 16.3 52 107 0.2 -6.7
"77" "52" 2013-04-05 23.03 "ORL" "@" "CHI" "L" -1 0 7.78333333333333 0.8 0.8 16.2 42 30.1 0 0 0 0 30.7 158 97 7.3 18.4
"78" "53" 2013-04-07 23.03 "ORL" "@" "CLE" "L" -6 0 14.8833333333333 0.5 0.5 6 19 12.3 10.5 0 9 33.3 8.5 83 96 2.9 -3.8
"79" "54" 2013-04-10 23.04 "ORL" "" "MIL" "W" 10 0 14.0166666666667 0.311 0.333 12.8 32 22.4 0 0 0 13.4 21.9 70 92 1.7 -11.8
"80" "55" 2013-04-13 23.05 "ORL" "" "BOS" "L" -32 1 24.2833333333333 0.2 0.2 4.6 28.2 15.2 19.1 2.1 0 23.1 23.4 48 124 -2.3 -17.2
"81" "56" 2013-04-15 23.05 "ORL" "" "CHI" "L" -18 0 22.4666666666667 0.515 0.5 5.1 53.4 26 17.4 0 3.7 11.4 18.3 107 116 8 1.4
"82" "57" 2013-04-17 23.06 "ORL" "@" "MIA" "L" -12 0 9.43333333333333 0 0 28.3 26.1 27.1 12.7 0 0 50 10.1 71 117 0.6 -10.1
"1" "1" 2013-10-29 23.59 "ORL" "@" "IND" "L" -10 0 14.3833333333333 0.429 0.429 0 37.1 16.1 0 0 18.5 12.5 23.3 78 92 3.8 -0.6
"2" "2" 2013-10-30 23.6 "ORL" "@" "MIN" "L" -5 0 2.45 NA NA 0 0 0 0 0 0 100 17.2 0 117 -1.4 -32.4
"3" "3" 2013-11-01 23.6 "ORL" "" "NOP" "W" 20 0 22.2166666666667 0.788 0.75 0 23.1 14.7 8.3 0 10.8 0 19.2 159 89 15.3 10.9
"4" "4" 2013-11-03 23.61 "ORL" "" "BRK" "W" 21 0 12.6333333333333 0.694 0.5 8.6 21.9 15.8 0 0 0 25.8 13 116 92 1.6 -8.2
"5" "5" 2013-11-06 23.62 "ORL" "" "LAC" "W" 8 0 9.56666666666667 1 1 0 25.5 14.8 28.7 0 0 50 9.6 114 89 1.8 2.9
"6" "6" 2013-11-08 23.62 "ORL" "" "BOS" "L" -2 0 11.9166666666667 0.363 0.333 34.3 34.1 34.2 0 4.2 5 22.5 30.9 76 73 4.4 -3.3
"7" "7" 2013-11-09 23.62 "ORL" "@" "ATL" "L" -10 0 14.3166666666667 0.667 0.667 8.2 19.7 13.4 0 3.5 4.7 0 18.8 134 100 7.6 6.4
"8" "8" 2013-11-11 23.63 "ORL" "@" "BOS" "L" -15 0 23.1333333333333 0.347 0 9.9 26.8 17.1 16 0 2.8 25.8 7.1 106 126 5 -2.9
"9" "9" 2013-11-13 23.64 "ORL" "" "MIL" "W" 3 0 10.7 0.595 0.6 19.9 23 21.4 0 0 0 0 24.8 131 103 5.9 1
"10" "" 2013-11-16 23.64 "ORL" "" "DAL" "L" -8 NA NA NA NA NA NA NA NA NA NA NA NA NA NA NA NA
"11" "" 2013-11-20 23.65 "ORL" "" "MIA" "L" -28 NA NA NA NA NA NA NA NA NA NA NA NA NA NA NA NA
"12" "" 2013-11-23 23.66 "ORL" "@" "MIA" "L" -2 NA NA NA NA NA NA NA NA NA NA NA NA NA NA NA NA
"13" "" 2013-11-24 23.67 "ORL" "" "PHO" "L" -8 NA NA NA NA NA NA NA NA NA NA NA NA NA NA NA NA
"14" "10" 2013-11-26 23.67 "ORL" "@" "ATL" "W" 17 0 4.95 0 0 0 0 0 0 0 0 0 9.3 0 105 -1.1 -19.3
"15" "" 2013-11-27 23.67 "ORL" "" "PHI" "W" 11 NA NA NA NA NA NA NA NA NA NA NA NA NA NA NA NA
"16" "11" 2013-11-29 23.68 "ORL" "" "SAS" "L" -18 0 5.73333333333333 1 1 0 27 11.8 0 0 0 0 8.4 200 120 2 1.4
"17" "12" 2013-12-02 23.69 "ORL" "@" "WAS" "L" -18 0 8.21666666666667 NA NA 13.3 30.7 21.4 38.9 0 9.7 100 5.8 83 100 1.6 1.6
"18" "" 2013-12-03 23.69 "ORL" "@" "PHI" "L" -1 NA NA NA NA NA NA NA NA NA NA NA NA NA NA NA NA
"19" "13" 2013-12-06 23.7 "ORL" "@" "NYK" "L" -38 0 8.93333333333333 0.25 0.25 13.8 29 21.2 0 0 0 20 29.6 52 138 -0.5 -24.4
"20" "14" 2013-12-08 23.7 "ORL" "@" "HOU" "L" -10 0 1.21666666666667 NA NA 0 0 0 0 0 0 100 35.1 0 108 -1.4 -65.9
"21" "" 2013-12-09 23.71 "ORL" "@" "MEM" "L" -9 NA NA NA NA NA NA NA NA NA NA NA NA NA NA NA NA
"22" "" 2013-12-11 23.71 "ORL" "@" "CHA" "W" 9 NA NA NA NA NA NA NA NA NA NA NA NA NA NA NA NA
"23" "" 2013-12-13 23.72 "ORL" "" "CLE" "L" -9 NA NA NA NA NA NA NA NA NA NA NA NA NA NA NA NA
"24" "15" 2013-12-15 23.72 "ORL" "@" "OKC" "L" -3 0 2.96666666666667 1 1 0 0 0 0 0 0 0 15.1 200 113 1.3 4.4
"25" "16" 2013-12-16 23.73 "ORL" "@" "CHI" "W" 1 0 4.4 0 0 0 21 11 33.1 0 0 50 21.6 22 92 -1.9 -24.8
"26" "17" 2013-12-18 23.73 "ORL" "" "UTA" "L" -4 0 16.0333333333333 1.064 1 0 19.5 9.5 0 0 0 34.7 8.2 133 99 3.2 -3.9
"27" "18" 2013-12-21 23.74 "ORL" "" "SAC" "L" -5 0 15.3666666666667 0 0 29.1 36.3 32.7 16 0 5.6 0 11.5 80 107 2.4 -6.5
"28" "" 2013-12-23 23.75 "ORL" "" "NYK" "L" -5 NA NA NA NA NA NA NA NA NA NA NA NA NA NA NA NA
"29" "19" 2013-12-27 23.76 "ORL" "" "DET" "W" 17 0 2.9 0.568 NA 40.4 29.6 34.1 36.8 0 0 0 13.5 160 93 2.3 19.5
"30" "" 2013-12-29 23.76 "ORL" "" "ATL" "W" 7 NA NA NA NA NA NA NA NA NA NA NA NA NA NA NA NA
"31" "20" 2013-12-31 23.77 "ORL" "" "GSW" "L" -13 0 12.2666666666667 0.5 0.5 7.4 48.9 25.2 15 0 0 20 18.9 89 96 3.5 -1.5
"32" "" 2014-01-02 23.77 "ORL" "@" "CLE" "L" -6 NA NA NA NA NA NA NA NA NA NA NA NA NA NA NA NA
"33" "21" 2014-01-04 23.78 "ORL" "" "MIA" "L" -16 0 8.08333333333333 NA NA 0 0 0 0 0 0 NA 0 0 123 -1.6 -16.3
"34" "" 2014-01-06 23.78 "ORL" "@" "LAC" "L" -20 NA NA NA NA NA NA NA NA NA NA NA NA NA NA NA NA
"35" "22" 2014-01-08 23.79 "ORL" "@" "POR" "L" -16 0 1.21666666666667 0 0 0 91.7 44.3 0 0 0 0 38 0 101 -0.4 -31.6
"36" "23" 2014-01-10 23.79 "ORL" "@" "SAC" "L" -20 0 5.16666666666667 0.694 0.5 0 25.1 10.2 0 10.3 0 25.8 34.7 102 94 3.3 10.3
"37" "24" 2014-01-11 23.8 "ORL" "@" "DEN" "L" -26 0 21.4166666666667 0.694 0.5 4.9 20.4 12.5 6.4 0 3.8 25.8 8.3 118 124 4.5 -5.3
"38" "25" 2014-01-13 23.8 "ORL" "@" "DAL" "L" -19 0 3.51666666666667 0 0 0 71.8 35.5 40.1 0 0 50 27.8 26 113 -0.8 -19.6
"39" "26" 2014-01-15 23.81 "ORL" "" "CHI" "L" -3 0 23.9666666666667 0.872 0.833 0 29.7 16.6 6.6 2.2 9.9 22.5 18.1 131 94 12.5 9.5
"40" "27" 2014-01-17 23.81 "ORL" "" "CHA" "L" -10 0 16.8666666666667 0.5 0.5 15 39.5 26.9 0 0 14.5 20 27 83 103 6.2 -4.3
"41" "28" 2014-01-19 23.82 "ORL" "" "BOS" "W" 2 0 23.9 0.683 0.667 14.3 22.7 19 9.1 2.2 2.6 21.5 18 115 92 9.3 1.7
"42" "29" 2014-01-21 23.82 "ORL" "@" "BRK" "L" -11 0 23.95 0.593 0.6 22.3 21.7 22 9.6 0 7.6 7.3 28.7 119 112 13.9 4.6
"43" "30" 2014-01-22 23.83 "ORL" "" "ATL" "L" -3 0 21.3166666666667 0.317 0.286 5.6 12.9 9 6.2 0 0 11.3 18.6 70 117 0.7 -12
"44" "31" 2014-01-24 23.83 "ORL" "" "LAL" "W" 9 0 26.05 0.394 0.375 4.5 18.4 12.1 5.5 0 5.4 18.4 18.1 74 103 2.9 -10.3
"45" "32" 2014-01-26 23.84 "ORL" "@" "NOP" "L" -8 0 17.6 0 0 0 24.8 13.6 7.6 0 4 20 13.5 11 105 -2.8 -14
"46" "33" 2014-01-28 23.84 "ORL" "@" "DET" "L" -16 0 26.95 0.286 0.286 11.4 29.1 20.4 6.3 7.6 0 12.5 13.8 74 90 6.1 -4.4
"47" "34" 2014-01-29 23.85 "ORL" "@" "TOR" "L" -15 0 13.6333333333333 0.51 0.4 6.9 33.5 18.9 0 3.9 25.1 0 20.4 113 85 9 14.2
"48" "35" 2014-01-31 23.85 "ORL" "" "MIL" "W" 11 0 17.3833333333333 0.581 0.5 0 38.7 22.2 15.9 2.8 0 30.4 25 86 93 5.3 -4.7
"49" "36" 2014-02-02 23.86 "ORL" "@" "BOS" "L" -7 0 21.95 0.515 0.333 0 12.1 5.3 21.3 4.9 0 20.5 10.3 106 103 5.2 1.5
"50" "37" 2014-02-03 23.86 "ORL" "@" "IND" "L" -19 0 13.45 0.45 0.5 0 17 7.9 13.8 0 0 0 15.8 95 113 2.5 -2.6
"51" "38" 2014-02-05 23.87 "ORL" "" "DET" "W" 14 0 20.1666666666667 0.5 0.5 0 27.7 14.9 6.9 5 22 20 21.9 83 80 10 6.9
"52" "39" 2014-02-07 23.87 "ORL" "" "OKC" "W" 1 0 18.3666666666667 0.571 0.571 6.5 17.4 11.2 9.5 5.8 0 0 20.5 124 106 8.5 3.5
"53" "40" 2014-02-09 23.88 "ORL" "" "IND" "W" 1 0 10.7833333333333 1 1 0 60.7 30 15.1 4.7 0 0 4.1 203 82 4.4 10.7
"54" "41" 2014-02-12 23.88 "ORL" "" "MEM" "L" -5 0 14.6166666666667 0.4 0.4 15.3 37.5 25.3 12 0 15.2 28.6 22.9 75 90 3.9 -1.4
"55" "42" 2014-02-18 23.9 "ORL" "@" "MIL" "L" -4 0 21 0 0 12 38.1 25.7 40 0 8.2 25.8 8.8 99 107 5.8 5.2
"56" "43" 2014-02-19 23.9 "ORL" "@" "CLE" "L" -8 0 27.9666666666667 0.625 0.625 6.7 22.9 14.3 0 1.8 0 20 16.3 99 105 6.2 -6.4
"57" "44" 2014-02-21 23.91 "ORL" "" "NYK" "W" 8 0 17.0666666666667 1 1 0 13.9 7.3 8.8 0 5.6 0 8.4 202 108 5.9 3.8
"58" "45" 2014-02-23 23.92 "ORL" "@" "TOR" "L" -15 0 23.8 0.455 0.455 8.1 18.9 12.3 31.1 2.2 0 0 21.4 109 114 9.2 3.5
"59" "46" 2014-02-25 23.92 "ORL" "@" "WAS" "L" -9 0 21.2666666666667 0.727 0.667 21.5 28.9 25.1 6.6 0 3.5 0 14.2 170 120 11.1 3.7
"60" "47" 2014-02-26 23.92 "ORL" "@" "PHI" "W" 11 0 14.3833333333333 0.333 0.333 0 24.7 13.8 9.4 3.5 20.5 25 12 61 70 3 -0.9
"61" "48" 2014-03-01 23.93 "ORL" "@" "MIA" "L" -14 0 22.3166666666667 0.643 0.6 28.7 58.7 41.4 18.6 4.7 3.7 15.5 25.7 128 107 16.8 11.5
"62" "49" 2014-03-02 23.93 "ORL" "" "PHI" "W" 11 0 19.1833333333333 0.667 0.667 17.5 25.5 21.8 20 5.3 4 40 23.2 89 74 8.3 3.8
"63" "50" 2014-03-05 23.94 "ORL" "" "HOU" "L" -12 0 16.1333333333333 0.308 0.308 13.5 45.8 28.7 11.4 3.1 14.9 7.1 39.2 69 87 4.9 -5.5
"64" "51" 2014-03-08 23.95 "ORL" "@" "SAS" "L" -9 1 17.7 0.507 0.5 11.3 19.8 15.2 7.7 2.7 4.4 0 21.4 118 116 8.9 3.2
"65" "52" 2014-03-10 23.96 "ORL" "@" "MIL" "L" -7 1 20.2666666666667 0.625 0.625 10.8 28.9 19.5 7.9 0 8.3 11.1 19.6 120 106 9.2 2.8
"66" "53" 2014-03-12 23.96 "ORL" "" "DEN" "L" -8 1 27.45 0.625 0.625 7.4 24.4 15.5 4.8 0 5 20 16.4 107 117 9.7 -2.1
"67" "54" 2014-03-14 23.97 "ORL" "" "WAS" "L" -4 1 22.7166666666667 0.6 0.6 4.7 24.3 14.3 13 0 13.9 37.5 16.2 81 94 5.1 -1
"68" "55" 2014-03-18 23.98 "ORL" "@" "GSW" "L" -14 1 21.05 0.571 0.571 0 25.9 13.6 26.4 0 8.3 25.5 26.3 88 103 7.1 3.4
"69" "56" 2014-03-19 23.98 "ORL" "@" "PHO" "L" -16 1 31.6166666666667 0.291 0.222 13.2 26.6 19.4 21 3.1 2.4 27.9 19.4 69 106 6.1 -4.1
"70" "57" 2014-03-22 23.99 "ORL" "@" "UTA" "L" -1 1 25.2166666666667 0.51 0.4 4.9 25.4 15.9 7 2 7.9 25.4 14.6 85 88 5.3 -3.2
"71" "58" 2014-03-23 23.99 "ORL" "@" "LAL" "L" -9 1 20.4333333333333 0.7 0.7 29.4 11.7 20.6 0 0 3.7 0 21.9 151 109 13 5.1
"72" "59" 2014-03-25 24 "ORL" "" "POR" "W" 10 1 22.6833333333333 0.375 0.375 12.7 12.7 12.7 0 2.4 3.5 0 15.7 100 94 5.5 -3.1
"73" "60" 2014-03-28 24.01 "ORL" "" "CHA" "W" 5 1 23.8333333333333 0.533 0.5 24.2 9.5 16.7 23.9 0 5.9 0 22.7 141 106 14 9.4
"74" "61" 2014-03-30 24.01 "ORL" "" "TOR" "L" -5 1 15.05 0 0 0 27.3 15.2 16.8 3.7 0 0 6.8 60 106 0.7 -3.9
"75" "62" 2014-04-02 24.02 "ORL" "" "CLE" "L" -21 1 18.05 0.68 0.6 6.6 34.3 18.7 19.7 0 13.3 25.4 20 113 117 7.5 1.8
"76" "63" 2014-04-04 24.02 "ORL" "@" "CHA" "L" -11 1 29.6333333333333 0.25 0.25 6.4 17.1 10.9 7.1 5.4 13.1 9.1 33 56 85 4.2 -4.6
"77" "64" 2014-04-05 24.03 "ORL" "" "MIN" "W" 8 1 30.6666666666667 0.841 0.857 17.9 40.2 29.1 4.7 1.7 9.9 32.5 18.4 113 89 15.1 5.2
"78" "65" 2014-04-09 24.04 "ORL" "" "BRK" "W" 4 1 27.8666666666667 0.658 0.667 22.1 12 16.8 5.3 1.9 6.9 9.2 18 138 118 13.6 -0.5
"79" "66" 2014-04-11 24.04 "ORL" "" "WAS" "L" -10 1 24.5333333333333 0.604 0.667 9.5 30.4 20.5 9.7 0 9.3 8.5 22.2 111 98 12.4 6.9
"80" "67" 2014-04-13 24.05 "ORL" "@" "BRK" "L" -9 1 22.45 0.714 0.714 5.8 17.3 11.6 17.6 4.8 0 12.5 17.2 129 103 9.9 5.7
"81" "68" 2014-04-14 24.05 "ORL" "@" "CHI" "L" -13 1 28.0833333333333 0.842 0.818 5.3 28.5 17.6 8.3 0 2.7 14.4 24.6 135 119 16.6 5.3
"82" "69" 2014-04-16 24.06 "ORL" "" "IND" "L" -15 1 20.9333333333333 0.347 0.167 5 19.9 12.5 0 0 3.5 25.8 26.8 59 115 0.6 -16.8
"1" "1" 2014-10-28 24.59 "ORL" "@" "NOP" "L" -17 1 21.3666666666667 0.25 0.25 0 6.8 3.8 40.8 2.4 8 11.1 18.2 72 101 3.8 3.3
"2" "" 2014-10-30 24.6 "ORL" "" "WAS" "L" -7 NA NA NA NA NA NA NA NA NA NA NA NA NA NA NA NA
"3" "" 2014-11-01 24.6 "ORL" "" "TOR" "L" -13 NA NA NA NA NA NA NA NA NA NA NA NA NA NA NA NA
"4" "" 2014-11-04 24.61 "ORL" "@" "CHI" "L" -8 NA NA NA NA NA NA NA NA NA NA NA NA NA NA NA NA
"5" "" 2014-11-05 24.61 "ORL" "@" "PHI" "W" 2 NA NA NA NA NA NA NA NA NA NA NA NA NA NA NA NA
"6" "" 2014-11-07 24.62 "ORL" "" "MIN" "W" 9 NA NA NA NA NA NA NA NA NA NA NA NA NA NA NA NA
"7" "" 2014-11-09 24.62 "ORL" "@" "BRK" "L" -8 NA NA NA NA NA NA NA NA NA NA NA NA NA NA NA NA
"8" "" 2014-11-11 24.63 "ORL" "@" "TOR" "L" -4 NA NA NA NA NA NA NA NA NA NA NA NA NA NA NA NA
"9" "" 2014-11-12 24.63 "ORL" "@" "NYK" "W" 2 NA NA NA NA NA NA NA NA NA NA NA NA NA NA NA NA
"10" "" 2014-11-14 24.64 "ORL" "" "MIL" "W" 16 NA NA NA NA NA NA NA NA NA NA NA NA NA NA NA NA
"11" "" 2014-11-15 24.64 "ORL" "@" "WAS" "L" -5 NA NA NA NA NA NA NA NA NA NA NA NA NA NA NA NA
"12" "" 2014-11-17 24.65 "ORL" "@" "DET" "W" 14 NA NA NA NA NA NA NA NA NA NA NA NA NA NA NA NA
"13" "" 2014-11-19 24.65 "ORL" "" "LAC" "L" -24 NA NA NA NA NA NA NA NA NA NA NA NA NA NA NA NA
"14" "" 2014-11-21 24.66 "ORL" "@" "CHO" "W" 5 NA NA NA NA NA NA NA NA NA NA NA NA NA NA NA NA
"15" "" 2014-11-22 24.66 "ORL" "" "MIA" "L" -7 NA NA NA NA NA NA NA NA NA NA NA NA NA NA NA NA
"16" "" 2014-11-24 24.67 "ORL" "@" "CLE" "L" -32 NA NA NA NA NA NA NA NA NA NA NA NA NA NA NA NA
"17" "2" 2014-11-26 24.67 "ORL" "" "GSW" "L" -15 0 12 0.75 0.75 15.7 47.6 30.1 50 4.1 0 33.3 21.5 115 102 8 13.5
"18" "3" 2014-11-28 24.68 "ORL" "@" "IND" "L" -15 0 13.05 0.846 0.75 0 15.7 8.7 0 0 4.7 0 20.6 169 108 8.3 11.4
"19" "4" 2014-11-30 24.68 "ORL" "@" "PHO" "W" 3 0 14 0.363 0.333 24.5 21.4 22.9 12.2 0 11.6 30.4 31.1 70 86 2.5 -6.1
"20" "5" 2014-12-02 24.69 "ORL" "@" "GSW" "L" -1 1 27.2833333333333 0.606 0.563 20 23.5 21.7 7.6 3.8 3.2 14.8 34.3 112 98 17.5 6.2
"21" "6" 2014-12-03 24.69 "ORL" "@" "LAC" "L" -28 1 6.61666666666667 1 1 0 21.3 9.3 0 7.4 0 0 20.5 200 105 6 20.2
"22" "7" 2014-12-05 24.7 "ORL" "@" "UTA" "W" 5 1 17.9666666666667 0.781 0.714 14.4 12.7 13.5 11.3 0 8.5 19.4 30.4 134 110 10.6 6.2
"23" "8" 2014-12-06 24.7 "ORL" "@" "SAC" "W" 9 1 18.1166666666667 1.105 1.1 14.7 0 7.1 36.9 3 4.1 14.5 18.4 190 106 14.8 22.9
"24" "9" 2014-12-10 24.71 "ORL" "" "WAS" "L" -2 1 30.0166666666667 0.315 0.3 7.8 16.4 12 20.2 1.9 4.6 0 26.5 86 103 7.7 -0.4
"25" "10" 2014-12-12 24.72 "ORL" "@" "ATL" "L" -6 1 32.9166666666667 0.574 0.5 6.3 27.8 16.6 12.8 0 0 19.7 21.7 102 95 9.6 1.9
"26" "11" 2014-12-13 24.72 "ORL" "" "ATL" "W" 1 0 11.7333333333333 0 0 0 10.8 5.3 0 4.5 7.2 0 8.3 0 101 0.2 -7.7
"27" "12" 2014-12-15 24.72 "ORL" "@" "TOR" "L" -13 0 18.9666666666667 1 1 0 36.2 20.2 0 0 4.8 66.7 7.9 55 103 1.8 -4.4
"28" "13" 2014-12-17 24.73 "ORL" "@" "BOS" "L" -17 0 22.8333333333333 0.751 0.667 0 31.9 13.5 0 0 3.4 21.5 18.9 115 116 6.6 -3.9
"29" "14" 2014-12-19 24.73 "ORL" "" "UTA" "L" -7 0 22.8166666666667 0.717 0.625 4.8 32.9 16.6 6.4 7 3.4 17 12.3 126 96 9.4 6.9
"30" "15" 2014-12-21 24.74 "ORL" "" "PHI" "L" -8 1 26.35 0.508 0.5 10.9 12.1 11.5 12.3 2 12.4 20.2 16.9 97 99 9.7 3.8
"31" "16" 2014-12-23 24.75 "ORL" "" "BOS" "W" 5 1 34.3 0.654 0.583 3.3 35.7 20.2 0 2.8 2.3 0 18 133 88 17.4 6.8
"32" "17" 2014-12-26 24.75 "ORL" "" "CLE" "L" -9 1 16.4 0 0 0 0 0 8.1 0 5.9 0 9.3 22 117 -2.3 -15.9
"33" "18" 2014-12-27 24.76 "ORL" "@" "CHO" "W" 8 1 14.45 0.5 0.5 0 7.5 4.1 28.7 0 0 0 10 126 109 2.9 2.6
"34" "19" 2014-12-29 24.76 "ORL" "@" "MIA" "W" 1 1 17.1833333333333 1.25 1.25 0 17.5 8 7.9 0 5.7 33.3 8.7 148 116 4.6 3.5
"35" "20" 2014-12-30 24.76 "ORL" "" "DET" "L" -23 1 20.35 0.5 0.5 0 13.9 7.4 0 2.5 4.5 0 13.6 98 109 4 -3.8
"36" "21" 2015-01-02 24.77 "ORL" "" "BRK" "L" -2 1 16.9333333333333 0.286 0.286 5.8 25.8 13.8 9 0 0 22.2 23.7 56 109 -0.2 -16.1
"37" "22" 2015-01-03 24.78 "ORL" "" "CHO" "L" -8 1 20.3333333333333 0.25 0.25 0 9.8 4.9 0 0 0 14.3 16 46 115 -2.4 -16.9
"38" "23" 2015-01-07 24.79 "ORL" "@" "DEN" "L" -3 1 15.1 0.46 0.4 0 25.1 10.7 11.1 3.2 0 26.9 21.7 71 92 2.1 -6.2
"39" "24" 2015-01-09 24.79 "ORL" "@" "LAL" "L" -17 1 27.75 0 0 0 24.2 12.6 17.3 1.8 5 20 8.6 28 99 1.6 -5.9
"40" "25" 2015-01-10 24.79 "ORL" "@" "POR" "L" -11 0 11.3333333333333 0.667 0.667 0 22.3 9.2 14.8 4.3 0 50 21.8 62 98 0 -11.6
"41" "26" 2015-01-12 24.8 "ORL" "@" "CHI" "W" 7 0 11.95 0.82 0.75 0 18.7 10.4 11.2 4 7 17 22.8 135 105 8 8.6
"42" "27" 2015-01-14 24.81 "ORL" "" "HOU" "W" 7 0 10.7 0.833 0.833 0 0 0 12.8 0 0 0 11.6 173 121 2.8 0
"43" "28" 2015-01-16 24.81 "ORL" "" "MEM" "L" -10 0 12.9 0.615 0.5 0 69.2 34.6 13 0 0 17 21.3 106 99 4.5 -1.9
"44" "29" 2015-01-18 24.82 "ORL" "" "OKC" "L" -28 0 16.3666666666667 0.532 0.5 5.4 26.7 13.5 0 0 5.1 21 11.8 93 120 3.5 -4
"45" "30" 2015-01-21 24.82 "ORL" "@" "DET" "L" -10 0 14.1 0.667 0.667 0 8.5 3.9 12.3 0 14.6 10 28.8 115 118 10.2 8.4
"46" "31" 2015-01-23 24.83 "ORL" "@" "NYK" "L" -7 0 10.2333333333333 0.75 0.75 0 21.8 10.7 0 0 0 0 17.2 141 117 5 0.7
"47" "32" 2015-01-25 24.84 "ORL" "" "IND" "L" -7 0 13.5166666666667 1 1 0 18.2 8.9 23 0 11.3 0 7.1 204 106 6.8 13.1
"48" "33" 2015-01-26 24.84 "ORL" "@" "MEM" "L" -9 0 12.6 0.667 0.667 0 10 4.6 38.9 0 6.6 25 14.4 120 111 4 7.7
"49" "34" 2015-01-29 24.85 "ORL" "" "MIL" "L" -15 0 27.1 0.931 1.25 3.9 33.7 18.3 10.6 1.7 2.9 44.4 10.1 104 109 8 2.7
"50" "" 2015-01-31 24.85 "ORL" "" "DAL" "L" -15 NA NA NA NA NA NA NA NA NA NA NA NA NA NA NA NA
"51" "35" 2015-02-02 24.86 "ORL" "@" "OKC" "L" -7 0 22.8666666666667 0.486 0.5 13.7 27.6 20 15.3 6.9 3.8 0 21.4 117 96 12.7 10.3
"52" "36" 2015-02-04 24.86 "ORL" "@" "SAS" "L" -7 0 5.86666666666667 1 1 0 0 0 0 8.6 0 0 8 200 102 2.7 9.1
"53" "37" 2015-02-06 24.87 "ORL" "" "LAL" "W" 6 0 12.2666666666667 0.5 0.5 11.4 16.3 14.2 11.2 0 6.1 33.3 12.1 91 100 2.3 -3.7
"54" "38" 2015-02-08 24.87 "ORL" "" "CHI" "L" -1 0 22.5833333333333 0.19 0.143 5.2 21.8 13.3 17.3 0 3.9 20.2 20.1 58 109 -0.4 -12.3
"55" "39" 2015-02-09 24.88 "ORL" "@" "WAS" "L" -16 0 14.4333333333333 0.5 0.5 0 35 15.5 25.2 7.3 0 33.3 19.8 73 89 3.8 0.6
"56" "40" 2015-02-11 24.88 "ORL" "" "NYK" "W" 6 0 16.7833333333333 0.129 0 0 44.5 24.1 9.2 3.2 4.9 43.6 20.6 23 79 -1.2 -13.1
"57" "41" 2015-02-20 24.91 "ORL" "" "NOP" "W" 11 0 0.616666666666667 NA NA 0 100 94.9 0 0 0 NA 0 0 60 0.3 9.4
"58" "" 2015-02-22 24.91 "ORL" "" "PHI" "W" 5 NA NA NA NA NA NA NA NA NA NA NA NA NA NA NA NA
"59" "" 2015-02-25 24.92 "ORL" "" "MIA" "L" -3 NA NA NA NA NA NA NA NA NA NA NA NA NA NA NA NA
"60" "42" 2015-02-27 24.93 "ORL" "@" "ATL" "L" -7 0 5.16666666666667 NA NA 0 22.7 11.3 0 0 0 NA 0 0 109 0.3 -7.5
"61" "" 2015-03-01 24.93 "ORL" "" "CHO" "L" -15 NA NA NA NA NA NA NA NA NA NA NA NA NA NA NA NA
"62" "" 2015-03-04 24.94 "ORL" "" "PHO" "L" -5 NA NA NA NA NA NA NA NA NA NA NA NA NA NA NA NA
"63" "43" 2015-03-06 24.95 "ORL" "" "SAC" "W" 5 0 10.7166666666667 1 1 0 9.3 5.6 0 4.9 0 0 4.5 200 117 1 -9.5
"64" "44" 2015-03-08 24.95 "ORL" "" "BOS" "W" 5 0 4.65 NA NA 43 18.4 29.8 0 0 0 100 9 68 108 0.3 -16.6
"65" "45" 2015-03-10 24.96 "ORL" "@" "IND" "L" -32 0 6.71666666666667 0.6 0.6 37.6 19.3 30.4 0 0 0 16.7 38.7 107 137 5.1 3.8
"66" "" 2015-03-11 24.96 "ORL" "@" "MIL" "L" -6 NA NA NA NA NA NA NA NA NA NA NA NA NA NA NA NA
"67" "" 2015-03-13 24.96 "ORL" "@" "BOS" "L" -7 NA NA NA NA NA NA NA NA NA NA NA NA NA NA NA NA
"68" "" 2015-03-15 24.97 "ORL" "" "CLE" "L" -15 NA NA NA NA NA NA NA NA NA NA NA NA NA NA NA NA
"69" "46" 2015-03-17 24.98 "ORL" "@" "HOU" "L" -13 0 4.75 0 0 0 0 0 0 11.1 0 0 9.5 0 103 0.3 -6.1
"70" "47" 2015-03-18 24.98 "ORL" "@" "DAL" "L" -5 0 20.6 0.7 0.7 10.8 0 5.8 14.1 0 0 28.6 14.7 109 117 3.9 -5
"71" "48" 2015-03-20 24.98 "ORL" "" "POR" "W" 7 0 13.7333333333333 0.5 0.5 0 24.4 11.2 9.7 0 0 0 12.5 119 116 2.4 -6.1
"72" "49" 2015-03-22 24.99 "ORL" "" "DEN" "L" -19 0 17.9666666666667 0.425 0.3 31.8 11.4 21 0 2.8 0 7.8 30.9 103 122 7.9 -6.8
"73" "" 2015-03-25 25 "ORL" "" "ATL" "L" -12 NA NA NA NA NA NA NA NA NA NA NA NA NA NA NA NA
"74" "" 2015-03-27 25 "ORL" "" "DET" "L" -14 NA NA NA NA NA NA NA NA NA NA NA NA NA NA NA NA
"75" "50" 2015-04-01 25.02 "ORL" "" "SAS" "L" -12 0 5.91666666666667 0 0 0 34.5 16.4 0 8.7 0 0 7.4 0 89 0.9 -4.8
"76" "" 2015-04-03 25.02 "ORL" "@" "MIN" "W" 13 NA NA NA NA NA NA NA NA NA NA NA NA NA NA NA NA
"77" "" 2015-04-04 25.02 "ORL" "@" "MIL" "W" 7 NA NA NA NA NA NA NA NA NA NA NA NA NA NA NA NA
"78" "" 2015-04-08 25.04 "ORL" "" "CHI" "W" 2 NA NA NA NA NA NA NA NA NA NA NA NA NA NA NA NA
"79" "" 2015-04-10 25.04 "ORL" "" "TOR" "L" -2 NA NA NA NA NA NA NA NA NA NA NA NA NA NA NA NA
"80" "" 2015-04-11 25.04 "ORL" "" "NYK" "L" -1 NA NA NA NA NA NA NA NA NA NA NA NA NA NA NA NA
"81" "" 2015-04-13 25.05 "ORL" "@" "MIA" "L" -7 NA NA NA NA NA NA NA NA NA NA NA NA NA NA NA NA
"82" "51" 2015-04-15 25.05 "ORL" "@" "BRK" "L" -13 0 18.6333333333333 0.654 0.667 18 26.4 22 9.3 0 0 22.5 22.5 112 111 6.4 -3.3
"1" "1" 2015-10-28 25.59 "NYK" "@" "MIL" "W" 25 0 23.4833333333333 0.4 0.4 29.8 17 23.4 18.1 2.1 6 9.1 18.8 119 99 10.6 0.4
"2" "2" 2015-10-29 25.59 "NYK" "" "ATL" "L" -11 0 22.05 0.556 0.556 27.2 22.3 25 24.1 2.1 3.7 25 21.2 105 107 11.5 5.2
"3" "3" 2015-10-31 25.6 "NYK" "@" "WAS" "W" 7 0 14.8 0.694 0.6 0 15.4 7.8 10.4 0 4.8 21.7 25.3 113 105 5.7 -1.2
"4" "4" 2015-11-02 25.61 "NYK" "" "SAS" "L" -10 0 19.2 0.5 0.5 9.3 18.8 13.3 10.2 2.8 0 0 13.9 120 103 5.8 1.7
"5" "5" 2015-11-04 25.61 "NYK" "@" "CLE" "L" -10 0 19.0166666666667 0.667 0.667 5.3 25.2 14.3 11 2.7 9 25 19.7 100 93 7.2 4
"6" "6" 2015-11-06 25.62 "NYK" "" "MIL" "L" -7 0 16.8666666666667 0.6 0.6 13.6 20.3 16.9 0 0 12.7 28.6 18.4 89 102 5.7 0.9
"7" "7" 2015-11-08 25.62 "NYK" "" "LAL" "W" 4 0 11.1666666666667 0.266 0 9.8 8 8.8 13 0 0 0 7.6 103 106 1.6 -5.4
"8" "8" 2015-11-10 25.63 "NYK" "@" "TOR" "W" 2 0 11.9666666666667 0.361 0.286 0 53.5 25.9 11.8 0 12 0 29.8 88 97 5 0
"9" "9" 2015-11-11 25.63 "NYK" "@" "CHO" "L" -2 0 11.5833333333333 0.773 0.667 11.2 43.2 29.3 12.3 0 6.8 0 15.3 173 94 7.1 11.9
"10" "10" 2015-11-13 25.64 "NYK" "" "CLE" "L" -6 0 3.21666666666667 0 0 0 0 0 0 0 0 50 29.2 0 104 -2.5 -45.9
"11" "11" 2015-11-15 25.64 "NYK" "" "NOP" "W" 8 0 8.71666666666667 0 0 13.1 0 7.2 14.5 6 11 33.3 15.7 37 79 -0.5 -10.3
"12" "" 2015-11-17 25.65 "NYK" "" "CHO" "W" 8 NA NA NA NA NA NA NA NA NA NA NA NA NA NA NA NA
"13" "12" 2015-11-20 25.65 "NYK" "@" "OKC" "W" 3 0 3.91666666666667 0 0 0 0 0 37.1 0 0 0 12 58 111 -0.4 -9.2
"14" "" 2015-11-21 25.66 "NYK" "@" "HOU" "W" 5 NA NA NA NA NA NA NA NA NA NA NA NA NA NA NA NA
"15" "13" 2015-11-23 25.66 "NYK" "@" "MIA" "L" -17 0 4.25 0 0 0 45.2 21.5 0 0 18.2 66.7 31.6 0 84 -1.8 -31.1
"16" "14" 2015-11-25 25.67 "NYK" "@" "ORL" "L" -9 0 12.05 0.333 0.333 8.9 23.9 16.8 0 0 5.7 0 22.8 81 107 2.5 -6.3
"17" "15" 2015-11-27 25.67 "NYK" "" "MIA" "L" -19 0 19.4666666666667 0.37 0.2 18 30.8 24.4 25 8.2 0 22.8 21.3 83 91 7.4 5.8
"18" "16" 2015-11-29 25.68 "NYK" "" "HOU" "L" -5 0 3.73333333333333 0.568 NA 0 0 0 0 0 0 0 11.7 124 123 0.2 -10.7
"19" "17" 2015-12-02 25.69 "NYK" "" "PHI" "W" 12 0 2.93333333333333 0 0 38.1 33.4 35.6 0 0 0 0 14.3 59 81 -0.5 -23.9
"20" "" 2015-12-04 25.69 "NYK" "" "BRK" "W" 17 NA NA NA NA NA NA NA NA NA NA NA NA NA NA NA NA
"21" "" 2015-12-05 25.7 "NYK" "@" "MIL" "L" -15 NA NA NA NA NA NA NA NA NA NA NA NA NA NA NA NA
"22" "" 2015-12-07 25.7 "NYK" "" "DAL" "L" -7 NA NA NA NA NA NA NA NA NA NA NA NA NA NA NA NA
"23" "18" 2015-12-09 25.71 "NYK" "@" "UTA" "L" -21 0 16.1833333333333 0.678 0.5 12.1 31.2 20.5 23.7 6.4 5 0 19.7 155 99 11.7 14.7
"24" "19" 2015-12-10 25.71 "NYK" "@" "SAC" "L" -2 0 12.5 0.773 0.667 8.2 37.6 23.5 45.5 0 5 0 13.1 180 95 9.7 20.6
"25" "20" 2015-12-12 25.72 "NYK" "@" "POR" "W" 2 0 18.8833333333333 0.829 0.875 7.9 37.2 24.4 24 0 3.7 10.6 24.4 150 114 13.6 13.2
"26" "21" 2015-12-16 25.73 "NYK" "" "MIN" "W" 5 0 17.3166666666667 1 1 11.5 10.7 11.1 8.8 0 0 0 4.9 209 112 4.1 -3.7
"27" "22" 2015-12-18 25.73 "NYK" "@" "PHI" "W" 10 0 21 0.694 0.6 9.9 29.3 18.8 34.5 2.3 0 29.4 20.8 118 97 10.5 6.1
"28" "23" 2015-12-19 25.73 "NYK" "" "CHI" "W" 16 0 20.4166666666667 0.5 0.5 18.1 32.3 26.1 0 2.6 3.2 42.9 15.9 77 85 3.7 -6.5
"29" "" 2015-12-21 25.74 "NYK" "" "ORL" "L" -8 NA NA NA NA NA NA NA NA NA NA NA NA NA NA NA NA
"30" "" 2015-12-23 25.75 "NYK" "@" "CLE" "L" -7 NA NA NA NA NA NA NA NA NA NA NA NA NA NA NA NA
"31" "24" 2015-12-26 25.75 "NYK" "@" "ATL" "L" -19 0 22.0166666666667 0.47 0.429 11.2 10.9 11 26.9 2.3 0 40.2 24.5 76 125 2.9 -9.2
"32" "25" 2015-12-27 25.76 "NYK" "@" "BOS" "L" -9 0 10.75 0.333 0.333 8.6 19 13.5 37.1 0 0 33.3 35.7 58 108 -0.1 -11.1
"33" "26" 2015-12-29 25.76 "NYK" "" "DET" "W" 12 0 11.2166666666667 0.75 0.75 14.3 9.5 11.4 24.7 4.9 0 0 35.5 150 105 11.1 18.5
"34" "27" 2016-01-01 25.77 "NYK" "@" "CHI" "L" -27 0 11.6833333333333 0.333 0.333 0 45.6 21.4 15.3 0 11.9 25 16 59 104 1.7 -4.7
"35" "28" 2016-01-03 25.78 "NYK" "" "ATL" "W" 14 0 2.9 0 0 0 39.4 21.2 75.2 17.3 0 66.7 45.1 38 64 -0.4 -5.6
"36" "" 2016-01-05 25.78 "NYK" "@" "ATL" "W" 6 NA NA NA NA NA NA NA NA NA NA NA NA NA NA NA NA
"37" "29" 2016-01-06 25.78 "NYK" "@" "MIA" "W" 8 0 4.68333333333333 0.333 0.333 0 0 0 0 0 0 25 46.1 50 115 -1.1 -32.7
"38" "30" 2016-01-08 25.79 "NYK" "@" "SAS" "L" -1 0 0.9 NA NA 0 0 0 0 0 0 NA 0 0 114 0 -6.9
"39" "31" 2016-01-10 25.79 "NYK" "" "MIL" "W" 12 0 2.08333333333333 0 0 0 51.2 27.1 0 0 0 0 22.4 0 89 -0.4 -23.3
"40" "32" 2016-01-12 25.8 "NYK" "" "BOS" "W" 6 0 2.01666666666667 NA NA 0 59.5 29.4 55.4 0 0 NA 0 216 114 1 22.2
"41" "" 2016-01-13 25.8 "NYK" "@" "BRK" "L" -6 NA NA NA NA NA NA NA NA NA NA NA NA NA NA NA NA
"42" "33" 2016-01-16 25.81 "NYK" "@" "MEM" "L" -8 0 20.7333333333333 0.868 0.833 0 26.9 14.5 0 0 0 18.8 25.8 134 117 10.7 1.7
"43" "34" 2016-01-18 25.82 "NYK" "" "PHI" "W" 6 0 7.46666666666667 1 1 14.4 31.1 22.4 56.6 0 0 33.3 18.8 143 100 4.7 12.7
"44" "35" 2016-01-20 25.82 "NYK" "" "UTA" "W" 7 0 5.21666666666667 0 0 26.7 25.4 26.1 0 0 0 0 19 46 119 -0.8 -25.4
"45" "36" 2016-01-22 25.83 "NYK" "" "LAC" "L" -28 0 5.13333333333333 0.667 0.667 20.8 56.7 36 0 0 0 40 42.2 72 126 2 -6.9
"46" "" 2016-01-23 25.83 "NYK" "@" "CHO" "L" -13 NA NA NA NA NA NA NA NA NA NA NA NA NA NA NA NA
"47" "37" 2016-01-26 25.84 "NYK" "" "OKC" "L" -6 0 3.2 0.75 0.75 0 33.8 16.4 0 0 0 0 28.3 131 119 2.3 15.3
"48" "38" 2016-01-28 25.84 "NYK" "@" "TOR" "L" -10 1 19.1666666666667 0.308 0.308 10.7 23.3 16.7 26.8 2.8 7.7 7.1 33.5 78 104 5.4 -2.4
"49" "39" 2016-01-29 25.85 "NYK" "" "PHO" "W" 18 0 15.25 0.4 0.4 0 18.5 9.8 21.2 0 21.3 28.6 21.3 66 82 4.4 0.3
"50" "40" 2016-01-31 25.85 "NYK" "" "GSW" "L" -21 0 7.61666666666667 0.667 0.667 11.9 39.4 22.2 0 0 0 25 22.4 96 122 2.6 -4.1
"51" "" 2016-02-02 25.86 "NYK" "" "BOS" "L" -8 NA NA NA NA NA NA NA NA NA NA NA NA NA NA NA NA
"52" "41" 2016-02-04 25.86 "NYK" "@" "DET" "L" -6 0 2.1 0 0 0 0 0 0 0 0 0 21.2 0 117 -0.7 -24.7
"53" "42" 2016-02-05 25.87 "NYK" "" "MEM" "L" -6 0 9.8 0.333 0.333 10.4 26.5 17.5 0 0 0 0 29 82 106 1.1 -10.1
"54" "43" 2016-02-07 25.87 "NYK" "" "DEN" "L" -5 0 4.08333333333333 0.333 0.333 25 25 25 0 0 18.1 25 45.7 63 95 1 -11.1
"55" "" 2016-02-09 25.88 "NYK" "" "WAS" "L" -3 NA NA NA NA NA NA NA NA NA NA NA NA NA NA NA NA
"56" "44" 2016-02-19 25.9 "NYK" "@" "BRK" "L" -11 0 7.16666666666667 0.798 1 0 15.6 7.8 0 0 9.7 34.7 18.2 92 110 1.9 -4.3
"57" "45" 2016-02-20 25.91 "NYK" "@" "MIN" "W" 8 0 9.25 0 0 0 11 6.3 24.7 5.6 21.6 50 9.8 49 71 1.9 8.8
"58" "46" 2016-02-22 25.91 "NYK" "" "TOR" "L" -27 0 9.05 0 0 11.5 25.9 18.3 14.3 0 8.6 0 20.2 33 129 -1 -16.7
"59" "47" 2016-02-24 25.92 "NYK" "@" "IND" "L" -3 0 16.1666666666667 0.839 0.8 21.2 22.8 22 0 0 3.9 0 33.3 170 114 18.5 22.5
"60" "48" 2016-02-26 25.92 "NYK" "" "ORL" "W" 13 0 4.9 NA NA 22.8 0 10 0 0 0 NA 0 212 109 0.3 -8.4
"61" "" 2016-02-28 25.93 "NYK" "" "MIA" "L" -17 NA NA NA NA NA NA NA NA NA NA NA NA NA NA NA NA
"62" "49" 2016-03-01 25.93 "NYK" "" "POR" "L" -19 0 25.3666666666667 0.468 0.4 3.5 32.2 16.9 6.9 0 0 14.5 25.1 87 110 5.8 -2.2
"63" "50" 2016-03-04 25.94 "NYK" "@" "BOS" "L" -1 0 7.95 0.75 0.75 0 50.3 25.2 75.8 6.3 8.6 0 22.3 165 81 8.6 36.7
"64" "51" 2016-03-05 25.95 "NYK" "" "DET" "W" 13 0 15.8166666666667 0.625 0.625 16.9 11.5 13.6 0 0 13.8 20 31.3 104 94 7.7 2
"65" "52" 2016-03-08 25.95 "NYK" "@" "DEN" "L" -16 0 18.0666666666667 0.625 0.625 13.3 16.6 15.1 13.5 0 3.4 11.1 23.3 113 112 8.3 1.5
"66" "53" 2016-03-09 25.96 "NYK" "@" "PHO" "W" 31 0 11.1166666666667 0.694 0.5 0 37.5 21.3 41.4 4.6 0 25.8 16.3 141 93 6.2 12.8
"67" "54" 2016-03-11 25.96 "NYK" "@" "LAC" "L" -7 0 6.48333333333333 0 0 0 16.8 8 21.8 0 0 50 13.7 23 114 -0.7 -11.1
"68" "55" 2016-03-13 25.97 "NYK" "@" "LAL" "W" 3 0 12.3333333333333 0.333 0.333 0 23.4 13 0 0 5.6 25 16.1 48 92 0.1 -12.1
"69" "56" 2016-03-16 25.98 "NYK" "@" "GSW" "L" -36 0 6.45 0 0 0 0 0 41.3 0 0 0 7.1 75 140 0.3 -6.2
"70" "" 2016-03-19 25.98 "NYK" "@" "WAS" "L" -10 NA NA NA NA NA NA NA NA NA NA NA NA NA NA NA NA
"71" "57" 2016-03-20 25.99 "NYK" "" "SAC" "L" -8 0 10.3833333333333 0.515 0.333 16.5 19.3 17.8 0 0 0 0 16.1 132 100 3.9 0
"72" "" 2016-03-23 25.99 "NYK" "@" "CHI" "W" 8 NA NA NA NA NA NA NA NA NA NA NA NA NA NA NA NA
"73" "" 2016-03-24 26 "NYK" "" "CHI" "W" 12 NA NA NA NA NA NA NA NA NA NA NA NA NA NA NA NA
"74" "" 2016-03-26 26 "NYK" "" "CLE" "L" -14 NA NA NA NA NA NA NA NA NA NA NA NA NA NA NA NA
"75" "58" 2016-03-28 26.01 "NYK" "@" "NOP" "L" -8 0 5.11666666666667 0 0 20 44.7 31.6 0 0 16.8 0 8.6 58 88 1.3 -4
"76" "59" 2016-03-30 26.01 "NYK" "@" "DAL" "L" -2 0 16.9333333333333 0.5 0.5 7.7 17.7 13.3 12 3.1 0 11.1 24.3 98 96 5.5 0.5
"77" "60" 2016-04-01 26.02 "NYK" "" "BRK" "W" 14 0 19.0666666666667 0.827 0.8 6.5 17.1 12.8 7.9 0 3.3 15.5 15.6 143 93 8.2 1.6
"78" "61" 2016-04-03 26.02 "NYK" "" "IND" "L" -5 0 12.4333333333333 0.6 0.6 12.1 29 18.6 18 0 0 0 16.8 134 100 6.7 6.9
"79" "62" 2016-04-06 26.03 "NYK" "" "CHO" "L" -14 0 12.8833333333333 0.5 0.5 0 42.3 23 0 0 11.6 0 7.3 104 108 2.7 -4
"80" "63" 2016-04-08 26.04 "NYK" "@" "PHI" "W" 7 0 19.6166666666667 0.563 0.5 17.1 19.7 18.6 7.4 0 9.1 10.1 21.4 120 100 9.9 2
"81" "64" 2016-04-10 26.04 "NYK" "" "TOR" "L" -4 0 20.1 0.325 0.273 27.1 29.1 28.1 28.8 0 0 7.5 29.9 92 109 6 -2.2
"82" "65" 2016-04-12 26.05 "NYK" "@" "IND" "L" -12 0 14.9166666666667 0.333 0.333 15.7 43.5 28.9 21.8 0 15.8 25 26 73 99 4.2 -4.8
"1" "1" 2016-10-25 26.58 "NYK" "@" "CLE" "L" -29 0 15.4 0.333 0.333 5.9 31.2 16.8 10.8 0 10.6 25 11 70 110 2.1 -6.1
"2" "2" 2016-10-29 26.59 "NYK" "" "MEM" "W" 7 0 18.8 0.681 0.6 14.6 22.2 18.9 15.8 0 0 11 22 137 109 9.3 2.2
"3" "3" 2016-11-01 26.6 "NYK" "@" "DET" "L" -13 0 10.8333333333333 0 0 0 19.7 9.7 0 0 23.3 50 8.6 0 87 0.1 -10.1
"4" "4" 2016-11-02 26.61 "NYK" "" "HOU" "L" -19 0 4.63333333333333 1 1 0 22.5 11.8 0 0 42.3 0 18.5 200 104 5.1 27.9
"5" "5" 2016-11-04 26.61 "NYK" "@" "CHI" "W" 13 0 12.5 0.444 0.429 20.2 8.7 14 11.1 12.9 0 0 29.3 113 94 8.3 8.1
"6" "6" 2016-11-06 26.62 "NYK" "" "UTA" "L" -5 0 12.6666666666667 0.41 0.25 10.2 0 5.2 0 0 15.2 0 17.9 107 122 3.3 -5.7
"7" "7" 2016-11-09 26.62 "NYK" "" "BRK" "W" 14 0 5.15 0.798 1 22.2 19.4 20.7 0 0 0 0 15.4 169 101 3.3 5.4
"8" "8" 2016-11-11 26.63 "NYK" "@" "BOS" "L" -28 0 3.33333333333333 0.333 0.333 26.2 52.4 39.3 0 0 0 0 34.2 88 96 1.2 -6.8
"9" "9" 2016-11-12 26.63 "NYK" "@" "TOR" "L" -11 0 14.3333333333333 0.714 0.714 13.4 15.6 14.4 12.3 0 5.5 22.2 25.1 116 118 7.7 5.4
"10" "10" 2016-11-14 26.64 "NYK" "" "DAL" "W" 16 0 2.73333333333333 0.333 0.333 81.7 0 38.6 100 0 30.8 0 51.2 117 77 3.1 26.7
"11" "11" 2016-11-16 26.64 "NYK" "" "DET" "W" 3 0 15.2 0.773 0.667 12.4 23.1 17.2 17.7 3.5 15.3 34 16.8 119 96 8.7 8.5
"12" "12" 2016-11-17 26.65 "NYK" "@" "WAS" "L" -7 0 6.61666666666667 1 1 0 0 0 0 0 0 75 26.9 34 133 -1.7 -27.2
"13" "13" 2016-11-20 26.65 "NYK" "" "ATL" "W" 10 1 16.7 0.8 0.8 25.5 21.7 23.5 0 0 4.5 16.7 15.8 144 95 8.2 2.3
"14" "14" 2016-11-22 26.66 "NYK" "" "POR" "W" 4 1 24.3833333333333 0.333 0.333 4.6 17.9 11.3 4.8 2 0 25 14 63 103 1.4 -9.6
"15" "15" 2016-11-25 26.67 "NYK" "" "CHO" "W" 2 0 17.0166666666667 0.571 0.571 0 18 9.3 28.7 0 9.7 0 18.4 132 102 8.3 8.1
"16" "16" 2016-11-26 26.67 "NYK" "@" "CHO" "L" -5 0 16.4 0.5 0.5 5.5 25.5 14.8 25.8 0 5 0 5.1 148 108 4.9 1.4
"17" "17" 2016-11-28 26.68 "NYK" "" "OKC" "L" -9 0 16.7666666666667 0.338 0.25 17.9 19.1 18.5 0 0 0 18.4 14.4 87 122 1.8 -15.7
"18" "18" 2016-11-30 26.68 "NYK" "@" "MIN" "W" 2 1 17.9666666666667 0.41 0.5 13 42.2 27.1 13.9 0 0 29.1 8.3 101 107 2.6 -5.9
"19" "19" 2016-12-02 26.69 "NYK" "" "MIN" "W" 4 1 31.0666666666667 0.842 0.818 26.4 24 25.2 11.4 0 5.2 14.4 18.8 155 115 22.1 6.7
"20" "20" 2016-12-04 26.69 "NYK" "" "SAC" "W" 8 0 13.5833333333333 0.4 0.4 22.6 34.2 29.2 0 0 20.5 16.7 18.2 91 77 5.4 -0.2
"21" "21" 2016-12-06 26.7 "NYK" "@" "MIA" "W" 11 0 27.4166666666667 0.711 0.75 18.2 6.9 12.4 14 1.9 5.5 10.6 14.4 147 109 14.4 7.1
"22" "22" 2016-12-07 26.7 "NYK" "" "CLE" "L" -32 0 20.5333333333333 0.714 0.714 14.3 23.4 18.4 30.1 0 0 12.5 17.1 140 136 11.1 6
"23" "23" 2016-12-09 26.71 "NYK" "@" "SAC" "W" 3 0 19.9166666666667 0.571 0.571 26.8 30.1 28.5 45.7 0 8.2 12.5 17.4 137 96 12.3 12.6
"24" "" 2016-12-11 26.71 "NYK" "@" "LAL" "W" 6 NA NA NA NA NA NA NA NA NA NA NA NA NA NA NA NA
"25" "24" 2016-12-13 26.72 "NYK" "@" "PHO" "L" -2 0 27.7333333333333 0.59 0.563 17.1 35.8 25.7 18.4 1.8 0 5.1 29.6 122 97 19.2 8.3
"26" "25" 2016-12-15 26.72 "NYK" "@" "GSW" "L" -13 0 14.55 0.47 0.5 11.8 33 21.8 0 3.4 0 27.3 21.5 76 95 3.3 -7.2
"27" "26" 2016-12-17 26.73 "NYK" "@" "DEN" "L" -13 0 6.61666666666667 0 0 0 0 0 0 0 11.5 0 6.7 0 130 0 -9.3
"28" "27" 2016-12-20 26.74 "NYK" "" "IND" "W" 7 0 16.7333333333333 0.5 0.5 7.8 27.6 19.3 8.1 5.6 4.2 14.3 18.1 96 93 6.4 0.5
"29" "28" 2016-12-22 26.74 "NYK" "" "ORL" "W" 11 0 24.2333333333333 0.543 0.5 20.2 49.5 34.1 0 0 15.7 7.2 23.2 120 83 16.5 6.6
"30" "29" 2016-12-25 26.75 "NYK" "" "BOS" "L" -5 0 13.45 0.75 0.75 8.1 24.3 16.2 0 0 0 50 24.6 74 128 0.8 -15.1
"31" "30" 2016-12-28 26.76 "NYK" "@" "ATL" "L" -4 0 13.3 0.6 0.6 0 27.5 14.5 0 3.8 5.4 28.6 23 76 84 3.4 -2.7
"32" "31" 2016-12-30 26.76 "NYK" "@" "NOP" "L" -12 0 5.25 0.333 0.333 18.3 21.8 19.9 0 0 0 0 24.1 84 108 1.3 -6.8
"33" "" 2016-12-31 26.77 "NYK" "@" "HOU" "L" -7 NA NA NA NA NA NA NA NA NA NA NA NA NA NA NA NA
"34" "32" 2017-01-02 26.77 "NYK" "" "ORL" "L" -12 0 17.2833333333333 0 0 19.8 38.8 29.4 7.1 0 4.6 25 10 56 116 1 -12.5
"35" "33" 2017-01-04 26.78 "NYK" "" "MIL" "L" -1 0 14.5833333333333 0.5 0.5 13.2 0 7.5 11.4 0 0 0 23.5 119 118 5.7 -2.6
"36" "34" 2017-01-06 26.78 "NYK" "@" "MIL" "W" 5 0 25.9 0.455 0.444 18.5 21.2 19.8 5.5 3.9 6.6 0 16.8 120 105 10.8 -0.3
"37" "35" 2017-01-07 26.79 "NYK" "@" "IND" "L" -14 0 11.1333333333333 1.025 1 0 11.3 5.1 0 4.1 7 45 16.7 93 111 3.6 -2.9
"38" "36" 2017-01-09 26.79 "NYK" "" "NOP" "L" -14 0 12.7 0.5 0.5 17.6 0 9 0 0 13.3 0 7.1 137 116 2.6 -6.1
"39" "37" 2017-01-11 26.8 "NYK" "@" "PHI" "L" -1 0 24.1833333333333 0.833 0.833 16.1 47.6 34.2 18.6 2.1 5.9 25 15.4 135 83 14.4 10.8
"40" "38" 2017-01-12 26.8 "NYK" "" "CHI" "W" 15 0 16.95 0.761 0.714 12.3 56.6 34.2 28.5 0 16 11.3 23.1 152 74 16.3 25.8
"41" "39" 2017-01-15 26.81 "NYK" "@" "TOR" "L" -15 0 10.6666666666667 0.286 0.286 20.9 33.8 27.1 34.6 0 6.7 12.5 32.8 79 116 2.5 -8.4
"42" "40" 2017-01-16 26.81 "NYK" "" "ATL" "L" -1 0 16.3333333333333 0.3 0.3 13.7 38.3 26.4 17.7 0 0 9.1 28.6 82 112 3.4 -9.2
"43" "41" 2017-01-18 26.82 "NYK" "@" "BOS" "W" 11 1 9.68333333333333 0.333 0.333 11.8 0 5.5 12.1 0 0 0 13.2 115 123 1.7 -5.8
"44" "42" 2017-01-19 26.82 "NYK" "" "WAS" "L" -3 1 21.1166666666667 0.7 0.7 20.7 24.6 22.5 26.1 2.4 12.2 9.1 22.8 145 108 17.6 16.7
"45" "43" 2017-01-21 26.82 "NYK" "" "PHO" "L" -2 0 5.4 0 0 0 19.8 9.9 0 9.7 0 0 8.2 0 96 -0.2 -12.6
"46" "44" 2017-01-23 26.83 "NYK" "@" "IND" "W" 6 0 8.21666666666667 0.798 1 0 39.8 21.9 20 6 0 0 10.4 169 94 4.5 12.6
"47" "45" 2017-01-25 26.84 "NYK" "@" "DAL" "L" -8 0 5.58333333333333 0 0 36.6 0 18.9 44.1 0 0 50 14.9 73 116 0.3 -6.7
"48" "46" 2017-01-27 26.84 "NYK" "" "CHO" "W" 3 0 16.4666666666667 0.672 0.643 11.9 31.7 21.5 17 0 16.5 11.8 22 132 98 11.7 12.5
"49" "47" 2017-01-29 26.85 "NYK" "@" "ATL" "L" -3 0 25.7833333333333 0.111 0.111 8.5 40.6 24.9 5.5 2 9 10 17.6 42 94 0.9 -12.6
"50" "48" 2017-01-31 26.85 "NYK" "@" "WAS" "L" -16 0 17.0833333333333 0.623 0.6 28.6 29.6 29 16.4 0 8.5 8.7 26.7 131 116 14.1 10.5
"51" "49" 2017-02-01 26.85 "NYK" "@" "BRK" "W" 5 0 5.66666666666667 0 0 29.2 0 15.8 48.4 0 13.4 0 13.5 79 94 2.1 5
"52" "50" 2017-02-04 26.86 "NYK" "" "CLE" "L" -7 0 12.5666666666667 0.509 0.5 15.3 18.6 16.8 13.9 0 0 0 24.3 122 124 6.3 0.3
"53" "51" 2017-02-06 26.87 "NYK" "" "LAL" "L" -14 1 16.45 0.654 0.4 7.1 5.4 6.1 9.4 0 0 11.6 22.4 129 126 6.8 -0.6
"54" "52" 2017-02-08 26.87 "NYK" "" "LAC" "L" -4 1 25.4166666666667 0.648 0.615 8.4 17.6 12.9 12.2 5.8 5.6 6.7 25.3 131 110 18.3 9.4
"55" "53" 2017-02-10 26.88 "NYK" "" "DEN" "L" -8 0 22.2166666666667 0.889 0.889 11.4 22.2 16.8 18.7 0 13.7 18.2 22.6 146 133 17.6 9.6
"56" "54" 2017-02-12 26.88 "NYK" "" "SAS" "W" 4 0 21.3833333333333 0.515 0.333 0 26.2 17.5 14.1 0 10.9 34 13.7 84 89 4.3 0.8
"57" "55" 2017-02-15 26.89 "NYK" "@" "OKC" "L" -11 0 11.2833333333333 0.333 0.333 10.1 28.4 19.6 0 4.3 26.2 40 19.8 52 90 3.3 -2.6
"58" "56" 2017-02-23 26.92 "NYK" "@" "CLE" "L" -15 0 18.8333333333333 0.311 0.333 29.4 24.3 27.1 0 2.6 0 13.4 15.7 89 118 4.8 -9.6
"59" "57" 2017-02-25 26.92 "NYK" "" "PHI" "W" 1 0 24.75 0.58 0.5 13.2 7.8 10.3 26.1 9.8 6.1 11.4 15.2 133 92 16 15.1
"60" "58" 2017-02-27 26.93 "NYK" "" "TOR" "L" -1 0 14.5 0.667 0.667 17.4 30.8 24.5 50.2 3.8 19.1 40 16.8 116 85 8 15.8
"61" "59" 2017-03-01 26.93 "NYK" "@" "ORL" "W" 11 0 19.1333333333333 0.333 0.333 16 21.8 18.9 34.6 0 4.3 0 14.2 117 98 6.6 2.2
"62" "60" 2017-03-03 26.94 "NYK" "@" "PHI" "L" -3 0 16.9166666666667 0.608 0.5 12.1 12.9 12.5 0 0 5.2 14.8 17.7 118 111 4.7 -6.6
"63" "61" 2017-03-05 26.94 "NYK" "" "GSW" "L" -7 0 10.7833333333333 1 1 12.4 29 21.7 64.4 0 0 66.7 12.3 114 120 3.6 10.2
"64" "62" 2017-03-06 26.95 "NYK" "@" "ORL" "W" 8 0 12.3333333333333 0.799 0.833 36.2 35.4 35.8 18.9 0 0 12.7 28.6 147 108 11.3 10.7
"65" "63" 2017-03-08 26.95 "NYK" "@" "MIL" "L" -11 0 11.4166666666667 0.4 0.4 9.6 28 18.9 13.7 0 14 16.7 24.2 82 102 3.2 -2.2
"66" "64" 2017-03-11 26.96 "NYK" "@" "DET" "L" -20 0 18.6166666666667 0.333 0.333 11.5 30.9 21.7 23.1 2.7 0 0 7.4 126 109 6.2 2
"67" "65" 2017-03-12 26.96 "NYK" "@" "BRK" "L" -8 0 6.06666666666667 1 1 0 0 0 50.9 7.9 0 0 6.8 207 110 3.3 14.9
"68" "" 2017-03-14 26.97 "NYK" "" "IND" "W" 6 NA NA NA NA NA NA NA NA NA NA NA NA NA NA NA NA
"69" "66" 2017-03-16 26.97 "NYK" "" "BRK" "L" -11 0 25.7833333333333 0.705 0.667 13 22.2 17.5 25 1.9 0 5.8 30.3 139 119 20.6 10
"70" "67" 2017-03-20 26.98 "NYK" "@" "LAC" "L" -9 0 2.96666666666667 NA NA 0 37.6 17.8 0 0 0 NA 0 0 118 0.3 -6.4
"71" "68" 2017-03-22 26.99 "NYK" "@" "UTA" "L" -7 0 8.66666666666667 0.667 0.667 0 35.4 19.8 20.6 0 0 25 22.4 103 112 2.1 -3.3
"72" "69" 2017-03-23 26.99 "NYK" "@" "POR" "L" -15 0 22.45 0.286 0.286 0 36.5 16.6 20.2 0 7.2 12.5 15.9 65 109 2.9 -6.4
"73" "70" 2017-03-25 27 "NYK" "@" "SAS" "L" -8 0 13.0166666666667 0.5 0.5 16 30.1 23.3 24.6 3.8 10 25 26.9 91 91 7 7.8
"74" "71" 2017-03-27 27 "NYK" "" "DET" "W" 14 0 20.45 0 0 13.8 20.9 17.8 0 0 3.8 33.3 13.8 30 101 -2.3 -19.2
"75" "72" 2017-03-29 27.01 "NYK" "" "MIA" "L" -17 0 12.1666666666667 0.333 0.333 16.1 27.5 21.4 31.4 0 6.7 0 21.1 101 109 5 5.6
"76" "73" 2017-03-31 27.01 "NYK" "@" "MIA" "W" 4 0 18.5166666666667 0.81 0.667 6.8 18.5 13 23.7 0 10.4 18.8 13.6 149 101 9 8.4
"77" "74" 2017-04-02 27.02 "NYK" "" "BOS" "L" -16 0 17.3 0.546 0.286 18.9 57.4 34.2 0 0 15.9 16.6 31.3 106 109 8.6 -3.7
"78" "75" 2017-04-04 27.02 "NYK" "" "CHI" "W" 9 0 26.6333333333333 0.667 0.667 21.5 29.4 25.7 25.9 0 15.5 25 13.1 129 86 15.5 12.6
"79" "76" 2017-04-06 27.03 "NYK" "" "WAS" "L" -3 0 17.3666666666667 0.608 0.5 11.1 29.1 18.8 8 0 13.8 14.8 16.2 125 111 6.7 -0.7
"80" "77" 2017-04-07 27.03 "NYK" "@" "MEM" "L" -13 0 20.2166666666667 0.507 0.5 5.2 14.4 9 16.7 2.9 4.9 0 21.1 121 118 7.4 1.4
"81" "78" 2017-04-09 27.04 "NYK" "" "TOR" "L" -13 0 17.35 0.47 0.429 0 15.8 7.2 0 0 0 11.8 23.4 79 124 2.9 -11
"82" "79" 2017-04-12 27.05 "NYK" "" "PHI" "W" 1 0 13.0833333333333 0.625 0.625 18.8 17.5 18.1 21.8 3.9 10.5 0 12.6 170 107 8 14.3
"1" "1" 2017-10-19 27.57 "NYK" "@" "OKC" "L" -21 0 21.7666666666667 0.51 0.4 17 35.9 26.9 16 0 0 25.4 15.5 99 103 5.3 -3.2
"2" "2" 2017-10-21 27.57 "NYK" "" "DET" "L" -4 0 24.3 0.901 0.857 14.8 18.8 16.9 23.6 2.2 0 10.7 17.3 171 118 16.7 12.6
"3" "3" 2017-10-24 27.58 "NYK" "@" "BOS" "L" -21 0 6.3 0.347 0.5 0 41.2 18.1 26.8 0 16.6 0 19.9 80 104 1.8 4.6
"4" "4" 2017-10-27 27.59 "NYK" "" "BRK" "W" 21 0 18.1833333333333 0.4 0.4 26.9 45.1 35.2 20.5 2.8 5.9 28.6 15.9 102 82 7.9 4.5
"5" "5" 2017-10-29 27.59 "NYK" "@" "CLE" "W" 19 0 12.1333333333333 0 0 0 25.3 12.9 9.4 0 16.5 50 14.1 16 88 -2 -15.6
"6" "6" 2017-10-30 27.6 "NYK" "" "DEN" "W" 6 0 20.6333333333333 0.893 0.75 34.2 31.9 32.8 6.8 0 26.4 26.3 23.2 147 97 17.8 10.6
"7" "7" 2017-11-01 27.6 "NYK" "" "HOU" "L" -22 0 11.9333333333333 0.42 0 0 17.9 9.1 0 0 0 29.6 23.7 63 119 -0.3 -16.9
"8" "8" 2017-11-03 27.61 "NYK" "" "PHO" "W" 13 0 16.0166666666667 0.667 0.667 0 10 6.2 30.7 0 13.8 25 10.9 126 107 6 8.5
"9" "9" 2017-11-05 27.61 "NYK" "" "IND" "W" 7 0 16.6666666666667 0.621 0.667 20.6 30.3 25.2 8.9 0 0 23.7 22.4 106 114 6.2 -3.8
"10" "10" 2017-11-07 27.62 "NYK" "" "CHO" "W" 5 0 17.9333333333333 0.667 0.667 9.2 23.3 17.8 37 2.9 9.9 10 26.7 135 110 13.8 13.7
"11" "11" 2017-11-08 27.62 "NYK" "@" "ORL" "L" -13 0 19.9833333333333 0.571 0.571 6.9 20 13.5 29.7 2.5 0 30 22.1 97 117 6.3 0.6
"12" "12" 2017-11-11 27.63 "NYK" "" "SAC" "W" 27 0 12.85 0.5 0.5 9.6 43.4 27.3 43.2 4 0 0 6.9 168 82 6.5 16.3
"13" "13" 2017-11-13 27.64 "NYK" "" "CLE" "L" -3 0 7.95 0.258 0 12.8 36.2 24.9 0 0 14 34 31 47 94 -1.4 -26.5
"14" "14" 2017-11-15 27.64 "NYK" "" "UTA" "W" 5 0 17.3833333333333 0.667 0.667 13.8 26.3 20.2 0 6.3 12.6 40 13.4 92 91 5.1 -0.5
"15" "15" 2017-11-17 27.65 "NYK" "@" "TOR" "L" -23 0 12.8333333333333 0.2 0.2 7.3 58.4 27 14.2 0 0 0 17.4 64 121 1.8 -7.3
"16" "16" 2017-11-20 27.65 "NYK" "" "LAC" "W" 22 0 12.7833333333333 0.5 0.5 18.8 32 25.9 0 0 0 20 16.5 96 88 2.4 -8.4
"17" "17" 2017-11-22 27.66 "NYK" "" "TOR" "W" 8 0 14.3333333333333 0.333 0.333 7.8 14.6 11.3 42.2 0 6.8 40 15 87 107 3.4 2.5
"18" "18" 2017-11-24 27.67 "NYK" "@" "ATL" "L" -12 1 23.0333333333333 0.5 0.5 0 27.2 16 11 2.1 3.1 66.7 12 47 111 0.7 -9.5
"19" "19" 2017-11-25 27.67 "NYK" "@" "HOU" "L" -15 1 26.1833333333333 0.799 0.778 9.4 55.4 33.5 25.1 1.8 7.8 19.3 25.5 133 100 21.2 15.3
"20" "20" 2017-11-27 27.67 "NYK" "" "POR" "L" -12 1 24.85 0.5 0.5 10.7 36.8 22.1 21.2 0 0 11.1 15.7 112 107 9.2 4.4
"21" "21" 2017-11-29 27.68 "NYK" "" "MIA" "W" 29 0 13.9333333333333 1.014 1 0 45.5 29.1 11.4 3.6 0 40.3 24.5 105 77 7 3.6
"22" "22" 2017-12-03 27.69 "NYK" "" "ORL" "L" -5 0 17.1666666666667 0.543 0.5 6.4 19.5 12.9 0 0 15.5 13.4 18.7 101 99 5.5 -0.5
"23" "23" 2017-12-04 27.69 "NYK" "@" "IND" "L" -18 0 7.56666666666667 0.333 0.333 36.6 54.4 43.7 23.2 0 0 0 33.1 99 113 4.3 0.8
"24" "24" 2017-12-06 27.7 "NYK" "" "MEM" "W" 11 0 16.5833333333333 0 NA 8.8 16.1 12.6 16.5 3.4 0 77.3 11.8 42 100 -1.7 -12.4
"25" "25" 2017-12-09 27.71 "NYK" "@" "CHI" "L" -2 0 14.5333333333333 0.85 0.8 8.3 16.5 12.4 11.1 0 5.8 0 17.8 177 104 9.6 9.2
"26" "26" 2017-12-10 27.71 "NYK" "" "ATL" "W" 4 0 15.1666666666667 1 1 9 38.4 23.3 38.7 0 6.9 0 5.9 206 107 7.6 13.5
"27" "27" 2017-12-12 27.72 "NYK" "" "LAL" "W" 4 0 13.5166666666667 1 1 8.3 14.5 11.6 24.3 0 5.9 33.3 19.6 129 109 7 7.2
"28" "28" 2017-12-14 27.72 "NYK" "@" "BRK" "W" 7 0 20.45 0.589 0.4 32 24.1 28.3 12.9 2.4 11.4 11.6 18.2 141 101 12.9 5.1
"29" "29" 2017-12-16 27.73 "NYK" "" "OKC" "W" 15 0 24.5333333333333 0.571 0.571 6.1 26.1 17.8 13 0 3.4 27.6 22.8 94 106 5.3 -8
"30" "30" 2017-12-18 27.73 "NYK" "@" "CHO" "L" -18 0 15.6833333333333 0.833 0.833 0 23.5 10.9 29.6 3.1 4.5 25 21.9 116 103 8.2 7.6
"31" "31" 2017-12-21 27.74 "NYK" "" "BOS" "W" 9 0 24.3833333333333 0.602 0.5 5.3 25.1 16.4 12.3 2.1 4.1 0 12.2 145 95 10 7.3
"32" "32" 2017-12-22 27.74 "NYK" "@" "DET" "L" -3 0 11.6666666666667 0.667 0.667 0 16.5 8.7 34.5 0 19.6 0 10.9 162 102 6.7 17
"33" "33" 2017-12-25 27.75 "NYK" "" "PHI" "L" -7 0 11.3833333333333 0.41 0.5 0 32.4 13.6 14.3 4.5 0 0 17.7 93 100 3.4 3.2
"34" "34" 2017-12-27 27.76 "NYK" "@" "CHI" "L" -5 0 16.8166666666667 0.765 0.8 10.8 35.7 22.6 11.2 0 0 0 15.4 157 93 9.8 7.7
"35" "35" 2017-12-28 27.76 "NYK" "@" "SAS" "L" -12 0 16.5 0.667 0.667 6.5 20.8 13.4 29.7 0 0 0 16.1 147 129 7.5 2.7
"36" "36" 2017-12-30 27.76 "NYK" "@" "NOP" "W" 2 0 15.4333333333333 1.031 1 5.9 20.3 12.6 19.6 0 10.7 43.6 19.6 115 97 6.5 1.7
"37" "37" 2018-01-02 27.77 "NYK" "" "SAS" "L" -9 0 14.4166666666667 0.25 0.25 13.9 25.6 20 21 7.3 12.1 0 12.2 94 84 6.2 9.3
"38" "38" 2018-01-03 27.78 "NYK" "@" "WAS" "L" -18 0 24.25 0.623 0.6 9 46.6 25.4 13.6 2 3.4 0 19.1 137 117 13.7 5.8
"39" "39" 2018-01-05 27.78 "NYK" "@" "MIA" "L" -4 0 16.7833333333333 0.506 0.444 0 20.6 11.4 12 0 0 9.2 31.5 100 114 4.7 -5.4
"40" "40" 2018-01-07 27.79 "NYK" "@" "DAL" "W" 4 0 22.6333333333333 0.856 0.857 10.3 32.9 23.6 25.2 2.2 3.1 10.2 19.2 160 89 17.4 16.2
"41" "41" 2018-01-10 27.79 "NYK" "" "CHI" "L" -3 0 25.5 0.615 0.5 13.9 27.3 20.7 5.2 0 7 17 10.9 128 106 8.6 -0.5
"42" "42" 2018-01-12 27.8 "NYK" "@" "MIN" "L" -10 0 21.0166666666667 0.721 0.714 0 31.9 17.3 6.8 0 0 0 18.5 150 123 10.4 1.5
"43" "43" 2018-01-14 27.81 "NYK" "" "NOP" "L" -5 0 16.6166666666667 0.773 0.667 14.5 13.9 14.2 16.1 0 5.1 20.5 12.3 144 111 6.2 0.9
"44" "44" 2018-01-15 27.81 "NYK" "@" "BRK" "W" 15 0 22.5 0.828 1 0 27.7 15.6 19.1 0 7.8 13.1 15.2 146 100 12.4 7.5
"45" "45" 2018-01-17 27.81 "NYK" "@" "MEM" "L" -6 0 11.55 0.333 0.333 20.3 34.6 28 13.5 0 0 25 15.7 85 111 1.8 -11.2
"46" "46" 2018-01-19 27.82 "NYK" "@" "UTA" "W" 2 0 15.4333333333333 1.064 1 7.1 7.1 7.1 22.8 0 5.2 51.5 10.9 129 115 3.9 1.1
"47" "47" 2018-01-21 27.82 "NYK" "@" "LAL" "L" -20 0 13.9 0.773 0.667 0 18.2 9.6 18.6 3.7 10.6 50.8 26.6 81 123 5.1 -0.6
"48" "" 2018-01-23 27.83 "NYK" "@" "GSW" "L" -11 NA NA NA NA NA NA NA NA NA NA NA NA NA NA NA NA
"49" "" 2018-01-25 27.84 "NYK" "@" "DEN" "L" -12 NA NA NA NA NA NA NA NA NA NA NA NA NA NA NA NA
"50" "48" 2018-01-26 27.84 "NYK" "@" "PHO" "W" 22 0 17.0833333333333 0.41 0.25 21.1 11 15.4 7.4 2.9 13.8 29.1 17.5 89 79 5.3 -1.3
"51" "49" 2018-01-30 27.85 "NYK" "" "BRK" "W" 16 0 11.4666666666667 0.694 0.5 8.4 36.4 21.8 0 0 0 0 10.9 160 95 4.5 -0.9
"52" "50" 2018-01-31 27.85 "NYK" "@" "BOS" "L" -30 0 8.55 0 0 0 0 0 20.1 0 0 66.7 15.3 11 112 -2.4 -20.6
"53" "51" 2018-02-02 27.86 "NYK" "@" "MIL" "L" -2 0 12.5166666666667 1 1 0 35.7 16.5 27.1 4.1 0 33.3 10 127 92 5.2 8.7
"54" "52" 2018-02-04 27.86 "NYK" "" "ATL" "L" -3 0 21.9333333333333 0.709 0.667 14 14.6 14.3 20.4 4.6 4.1 20.5 18.5 129 98 13.4 11.7
"55" "53" 2018-02-06 27.87 "NYK" "" "MIL" "L" -14 0 12.9 1 1 8.1 16.9 12.4 22.4 0 6.6 50 6.6 120 103 3.3 1.5
"56" "54" 2018-02-08 27.87 "NYK" "@" "TOR" "L" -25 1 25.7 0.414 0.4 7.8 23.8 15.7 7.3 0 7.2 0 19.2 93 112 7.7 -1.9
"57" "55" 2018-02-11 27.88 "NYK" "@" "IND" "L" -8 0 20.6666666666667 0.854 0.917 13.9 28.4 21.1 15.8 0 10.6 0 16.6 178 113 17.6 15.8
"58" "56" 2018-02-12 27.88 "NYK" "@" "PHI" "L" -16 0 11.9333333333333 0.4 0.4 0 24.4 11.5 17.5 4.2 7.2 37.5 29.2 53 99 0.1 -9.8
"59" "57" 2018-02-14 27.89 "NYK" "" "WAS" "L" -5 0 13.7333333333333 0.5 0.5 7 9.4 8 0 0 0 0 6.1 123 121 1.2 -10
"60" "58" 2018-02-22 27.91 "NYK" "@" "ORL" "W" 7 0 18.9333333333333 0.751 0.75 20.3 28.2 23.6 7.7 0 12.9 9.7 22.5 146 108 15.8 8.7
"61" "59" 2018-02-24 27.92 "NYK" "" "BOS" "L" -9 0 19.95 1 1 10.2 25.6 17.9 0 0 8 33.3 6.1 136 115 5.5 -2.7
"62" "60" 2018-02-26 27.92 "NYK" "" "GSW" "L" -14 0 21.25 0.7 0.7 10 24.4 16.5 14.5 0 0 16.7 23.8 120 128 10.6 0.4
"63" "61" 2018-03-02 27.93 "NYK" "@" "LAC" "L" -23 0 16.25 0 0 0 31.9 14.1 14.4 0 0 25 10.5 30 129 -1.7 -14.1
"64" "62" 2018-03-04 27.94 "NYK" "@" "SAC" "L" -3 0 25.8833333333333 0.81 0.667 8.1 27.8 17.3 22.8 4 9.9 18.8 18.1 147 97 18.3 15
"65" "63" 2018-03-06 27.95 "NYK" "@" "POR" "L" -24 0 17.6166666666667 0.333 0.333 0 36.3 18.2 0 0 17 0 7.9 69 105 3.4 -5.2
"66" "64" 2018-03-09 27.95 "NYK" "@" "MIL" "L" -8 0 17.2333333333333 0.788 0.75 0 16.4 6.9 55.2 2.8 15.2 0 21.5 172 107 17.9 31.2
"67" "65" 2018-03-11 27.96 "NYK" "" "TOR" "L" -26 0 21.7666666666667 0.405 0.333 0 35.9 17.3 33 0 11.4 16.8 24.1 85 124 8.2 2.1
"68" "66" 2018-03-13 27.96 "NYK" "" "DAL" "L" -13 0 21.1 0.68 0.6 6 24.7 16.2 27.4 4.8 4.2 14.5 14.7 139 104 11.2 11
"69" "67" 2018-03-15 27.97 "NYK" "" "PHI" "L" -8 0 24.2333333333333 0.727 0.778 4.7 32.4 20.4 6.4 5.9 3.7 22.5 24.1 106 97 14.3 6.3
"70" "68" 2018-03-17 27.98 "NYK" "" "CHO" "W" 23 0 17.3166666666667 0.5 0.5 0 43.8 23.5 19.1 0 9.7 20 12 103 87 6.8 5.3
"71" "69" 2018-03-19 27.98 "NYK" "" "CHI" "W" 18 0 22.25 0.5 0.5 4.4 28.8 17.8 21.1 2.1 7 33.3 5.4 117 80 7.5 5.4
"72" "70" 2018-03-21 27.99 "NYK" "@" "MIA" "L" -21 0 14.5 0.75 0.75 0 10.3 4.6 22.8 0 0 20 15.3 127 137 4.7 1.1
"73" "71" 2018-03-23 27.99 "NYK" "" "MIN" "L" -4 0 15.0166666666667 0.388 0.333 13 8.4 11 19 0 0 13.4 21.7 94 118 1.7 -10.2
"74" "" 2018-03-25 28 "NYK" "@" "WAS" "W" 4 NA NA NA NA NA NA NA NA NA NA NA NA NA NA NA NA
"75" "" 2018-03-26 28 "NYK" "@" "CHO" "L" -9 NA NA NA NA NA NA NA NA NA NA NA NA NA NA NA NA
"76" "" 2018-03-28 28.01 "NYK" "@" "PHI" "L" -17 NA NA NA NA NA NA NA NA NA NA NA NA NA NA NA NA
"77" "72" 2018-03-31 28.01 "NYK" "" "DET" "L" -6 1 32.15 0.68 0.6 14.2 40.1 27 11.6 0 2.4 25.4 10.7 129 116 11.8 0.4
"78" "73" 2018-04-03 28.02 "NYK" "" "ORL" "L" -24 1 29.0333333333333 0.468 0.462 10.1 32.3 20.9 8.2 0 15.9 17.8 27.3 81 93 11.5 1.7
"79" "74" 2018-04-06 28.03 "NYK" "" "MIA" "W" 24 1 21.85 0.651 0.611 30 35.9 33.1 12.9 2.2 10.8 8.5 23.4 143 84 18.2 11.4
"80" "75" 2018-04-07 28.03 "NYK" "" "MIL" "L" -13 1 29.5666666666667 0.54 0.5 26.5 30.2 28.2 26 0 9.5 6.7 22.4 131 113 21.2 10.5
"81" "76" 2018-04-09 28.04 "NYK" "" "CLE" "L" -14 1 28.8333333333333 0.667 0.667 7.7 9.2 8.4 4.2 0 8.3 14.3 11 125 128 8.1 -3.3
"82" "77" 2018-04-11 28.04 "NYK" "@" "CLE" "W" 12 1 17.5 0.872 0.833 7 22.9 15.8 21.9 2.8 0 0 8.9 190 95 7.7 6.6
"1" "1" 2018-10-17 28.56 "IND" "" "MEM" "W" 28 0 3.96666666666667 1.136 NA 35.6 47.5 42.7 77.2 0 0 0 9.8 232 82 4.6 46.1
"2" "2" 2018-10-19 28.57 "IND" "@" "MIL" "L" -17 0 4.23333333333333 0.694 0.5 0 26.4 12.5 42.5 0 0 0 28.2 156 114 4 23.6
"3" "3" 2018-10-20 28.57 "IND" "" "BRK" "W" 20 0 18.6 0.621 0.583 31.5 19.9 25.8 7.8 2.5 10.5 18.9 36.7 119 103 13.7 -0.6
"4" "4" 2018-10-22 28.58 "IND" "@" "MIN" "L" -10 0 10.7166666666667 0.5 0.5 0 43.7 19.5 16.6 0 17.2 20 19.6 86 88 3.5 4.7
"5" "5" 2018-10-24 28.58 "IND" "@" "SAS" "W" 20 0 2.85 1 1 0 33.7 19.6 57.8 0 0 0 16.8 212 100 2.3 21.5
"6" "" 2018-10-27 28.59 "IND" "@" "CLE" "W" 12 NA NA NA NA NA NA NA NA NA NA NA NA NA NA NA NA
"7" "" 2018-10-29 28.59 "IND" "" "POR" "L" -10 NA NA NA NA NA NA NA NA NA NA NA NA NA NA NA NA
"8" "6" 2018-10-31 28.6 "IND" "@" "NYK" "W" 6 0 2.98333333333333 0 0 0 0 0 0 0 0 0 15.3 0 119 -1.1 -30
"9" "" 2018-11-02 28.61 "IND" "@" "CHI" "W" 2 NA NA NA NA NA NA NA NA NA NA NA NA NA NA NA NA
"10" "" 2018-11-03 28.61 "IND" "" "BOS" "W" 1 NA NA NA NA NA NA NA NA NA NA NA NA NA NA NA NA
"11" "" 2018-11-05 28.61 "IND" "" "HOU" "L" -4 NA NA NA NA NA NA NA NA NA NA NA NA NA NA NA NA
"12" "7" 2018-11-07 28.62 "IND" "" "PHI" "L" -6 0 1.68333333333333 0 0 0 75 33.9 77.1 0 0 0 51.6 25 100 -0.8 -19.6
"13" "" 2018-11-09 28.62 "IND" "@" "MIA" "W" 8 NA NA NA NA NA NA NA NA NA NA NA NA NA NA NA NA
"14" "8" 2018-11-11 28.63 "IND" "@" "HOU" "L" -12 0 4.53333333333333 NA NA 0 0 0 29.4 0 0 NA 0 231 133 0.7 2.6
"15" "" 2018-11-16 28.64 "IND" "" "MIA" "W" 8 NA NA NA NA NA NA NA NA NA NA NA NA NA NA NA NA
"16" "9" 2018-11-17 28.65 "IND" "" "ATL" "W" 8 0 2.51666666666667 0 0 82.9 39.7 60.9 0 0 32.9 0 16.1 88 57 1.3 -3.2
"17" "10" 2018-11-19 28.65 "IND" "" "UTA" "W" 27 0 2.8 0 0 0 95.2 42.9 70 0 0 0 15.7 96 99 0.9 12.3
"18" "11" 2018-11-21 28.66 "IND" "@" "CHO" "L" -18 0 3.31666666666667 0 0 0 43.9 19.8 35.3 0 0 33.3 41.2 22 137 -1.4 -32.6
"19" "12" 2018-11-23 28.66 "IND" "" "SAS" "L" -11 0 12.4 0.5 0.5 16.1 27 21.3 27.6 0 6.2 50 13.5 88 107 2.5 -3.5
"20" "13" 2018-11-26 28.67 "IND" "@" "UTA" "W" 33 0 4.53333333333333 NA NA 0 0 0 43.2 0 0 100 9.9 83 103 0.4 5.9
"21" "" 2018-11-27 28.67 "IND" "@" "PHO" "W" 5 NA NA NA NA NA NA NA NA NA NA NA NA NA NA NA NA
"22" "" 2018-11-29 28.68 "IND" "@" "LAL" "L" -8 NA NA NA NA NA NA NA NA NA NA NA NA NA NA NA NA
"23" "" 2018-12-01 28.68 "IND" "@" "SAC" "L" -1 NA NA NA NA NA NA NA NA NA NA NA NA NA NA NA NA
"24" "" 2018-12-04 28.69 "IND" "" "CHI" "W" 6 NA NA NA NA NA NA NA NA NA NA NA NA NA NA NA NA
"25" "14" 2018-12-07 28.7 "IND" "@" "ORL" "W" 22 0 27.4166666666667 0.545 0.545 7.1 27.5 17.5 10.5 3.6 6.3 0 17.5 123 82 14.5 6.8
"26" "" 2018-12-08 28.7 "IND" "" "SAC" "W" 10 NA NA NA NA NA NA NA NA NA NA NA NA NA NA NA NA
"27" "" 2018-12-10 28.71 "IND" "" "WAS" "W" 8 NA NA NA NA NA NA NA NA NA NA NA NA NA NA NA NA
"28" "" 2018-12-12 28.72 "IND" "" "MIL" "W" 16 NA NA NA NA NA NA NA NA NA NA NA NA NA NA NA NA
"29" "15" 2018-12-14 28.72 "IND" "@" "PHI" "W" 12 0 1.6 NA NA 0 0 0 0 0 0 NA 0 0 112 -0.4 -19.7
"30" "" 2018-12-16 28.73 "IND" "" "NYK" "W" 11 NA NA NA NA NA NA NA NA NA NA NA NA NA NA NA NA
"31" "" 2018-12-18 28.73 "IND" "" "CLE" "L" -1 NA NA NA NA NA NA NA NA NA NA NA NA NA NA NA NA
"32" "" 2018-12-19 28.73 "IND" "@" "TOR" "L" -3 NA NA NA NA NA NA NA NA NA NA NA NA NA NA NA NA
"33" "" 2018-12-21 28.74 "IND" "@" "BRK" "W" 8 NA NA NA NA NA NA NA NA NA NA NA NA NA NA NA NA
"34" "16" 2018-12-23 28.75 "IND" "" "WAS" "W" 16 0 2.1 1 1 0 0 0 0 0 0 0 19.2 200 100 1.7 16.1
"35" "" 2018-12-26 28.75 "IND" "@" "ATL" "W" 8 NA NA NA NA NA NA NA NA NA NA NA NA NA NA NA NA
"36" "17" 2018-12-28 28.76 "IND" "" "DET" "W" 37 0 5.35 0.5 0.5 0 34.5 20.6 25.6 0 16.3 0 33 110 76 3.6 7.4
"37" "" 2018-12-31 28.77 "IND" "" "ATL" "W" 8 NA NA NA NA NA NA NA NA NA NA NA NA NA NA NA NA
"38" "" 2019-01-04 28.78 "IND" "@" "CHI" "W" 3 NA NA NA NA NA NA NA NA NA NA NA NA NA NA NA NA
"39" "18" 2019-01-06 28.78 "IND" "@" "TOR" "L" -16 0 17.3666666666667 0.461 0.375 12.3 34.5 22.8 23.9 0 21.3 9.3 25.5 106 106 10.2 8.4
"40" "19" 2019-01-08 28.79 "IND" "@" "CLE" "W" 8 0 13.8833333333333 0.2 0.2 10.5 10.2 10.3 15.2 0 0 28.6 23 57 129 -2.3 -24.3
"41" "20" 2019-01-09 28.79 "IND" "@" "BOS" "L" -27 0 20.8166666666667 0.786 0.786 9 19.2 13.3 25.2 0 0 22.2 17.8 125 136 9.3 2.6
"42" "21" 2019-01-11 28.8 "IND" "@" "NYK" "W" 15 0 14.0166666666667 0.75 0.75 0 31.1 16.3 8.8 0 0 33.3 18.2 94 107 2.7 -8
"43" "22" 2019-01-15 28.81 "IND" "" "PHO" "W" 34 0 4.81666666666667 0 0 0 18.8 10.5 43.3 0 14.7 0 25.2 45 83 0.3 -4.1
"44" "" 2019-01-17 28.81 "IND" "" "PHI" "L" -24 NA NA NA NA NA NA NA NA NA NA NA NA NA NA NA NA
"45" "23" 2019-01-19 28.82 "IND" "" "DAL" "W" 12 0 2.68333333333333 1 1 0 0 0 0 0 0 50 33.6 66 116 0.3 -14.8
"46" "24" 2019-01-20 28.82 "IND" "" "CHO" "W" 25 0 2.23333333333333 NA NA 0 46.7 22.6 0 0 0 NA 0 0 96 0.3 -5.7
"47" "25" 2019-01-23 28.83 "IND" "" "TOR" "W" 4 0 1.91666666666667 NA NA 0 0 0 0 0 0 NA 0 0 119 -0.4 -19.1
"48" "26" 2019-01-26 28.84 "IND" "@" "MEM" "L" -3 0 0.45 NA NA 0 0 0 0 0 0 NA 0 0 119 0 -6.2
"49" "27" 2019-01-28 28.84 "IND" "" "GSW" "L" -32 0 4.83333333333333 1 1 0 72.7 34.6 0 0 14.8 50 17.5 66 109 2.3 1.9
"50" "28" 2019-01-30 28.85 "IND" "@" "WAS" "L" -18 0 4.65 0 0 0 55.8 25.8 0 0 0 0 9.7 0 110 -0.9 -21.9
"51" "" 2019-01-31 28.85 "IND" "@" "ORL" "L" -7 NA NA NA NA NA NA NA NA NA NA NA NA NA NA NA NA
"52" "" 2019-02-02 28.86 "IND" "@" "MIA" "W" 7 NA NA NA NA NA NA NA NA NA NA NA NA NA NA NA NA
"53" "" 2019-02-04 28.86 "IND" "@" "NOP" "W" 2 NA NA NA NA NA NA NA NA NA NA NA NA NA NA NA NA
"54" "29" 2019-02-05 28.87 "IND" "" "LAL" "W" 42 0 7.11666666666667 0 0 0 40.9 18.2 12 0 0 0 12.1 41 99 -0.5 -14.4
"55" "30" 2019-02-07 28.87 "IND" "" "LAC" "W" 24 0 12 0.25 0.25 0 27.3 15.4 0 0 17.6 50 28.9 24 82 -3 -25.3
"56" "31" 2019-02-09 28.88 "IND" "" "CLE" "W" 15 0 2.33333333333333 NA NA 0 0 0 0 0 0 NA 0 0 111 0 -10.5
"57" "32" 2019-02-11 28.88 "IND" "" "CHO" "W" 9 0 2.38333333333333 0 0 0 0 0 0 0 0 0 21.5 0 119 -0.7 -25.8
"58" "" 2019-02-13 28.89 "IND" "" "MIL" "L" -9 NA NA NA NA NA NA NA NA NA NA NA NA NA NA NA NA
"59" "33" 2019-02-22 28.91 "IND" "" "NOP" "W" 15 1 20.05 0.581 0.5 14.4 34.2 24.2 19.5 4.5 0 12.7 15.8 132 94 11.5 6.5
"60" "34" 2019-02-23 28.92 "IND" "@" "WAS" "W" 7 1 21.45 0.667 0.667 12.4 24.2 18.4 29.4 2.2 0 25 15.5 128 110 9.7 6.5
"61" "" 2019-02-25 28.92 "IND" "@" "DET" "L" -4 NA NA NA NA NA NA NA NA NA NA NA NA NA NA NA NA
"62" "35" 2019-02-27 28.93 "IND" "@" "DAL" "L" -9 0 10.8166666666667 1 1 0 31.7 16.6 13.6 0 0 0 4.4 207 117 2.1 -1.9
"63" "36" 2019-02-28 28.93 "IND" "" "MIN" "W" 7 0 14.8833333333333 0.683 0.667 0 13.4 7.1 0 0 5.1 12 24.7 110 119 5.7 -8.6
"64" "37" 2019-03-02 28.93 "IND" "" "ORL" "L" -5 0 17.3833333333333 0.75 0.75 8.4 18.8 14.3 32.8 0 4.4 20 14 139 122 7.7 6.3
"65" "38" 2019-03-05 28.94 "IND" "" "CHI" "W" 9 0 10.9333333333333 0.387 0.333 9.8 32.5 22.2 13.1 0 6.5 20.5 20.1 84 94 2 -7.2
"66" "39" 2019-03-07 28.95 "IND" "@" "MIL" "L" -19 0 13.0166666666667 0.698 0.714 7.4 35.1 20 22.3 3.7 0 11.3 30.1 118 112 9.5 8.6
"67" "40" 2019-03-10 28.96 "IND" "@" "PHI" "L" -17 0 7.56666666666667 0.6 0.6 24.9 14.1 19.8 0 6.5 0 0 28 126 98 5.2 9.3
"68" "" 2019-03-12 28.96 "IND" "" "NYK" "W" 5 NA NA NA NA NA NA NA NA NA NA NA NA NA NA NA NA
"69" "" 2019-03-14 28.97 "IND" "" "OKC" "W" 2 NA NA NA NA NA NA NA NA NA NA NA NA NA NA NA NA
"70" "" 2019-03-16 28.97 "IND" "@" "DEN" "L" -2 NA NA NA NA NA NA NA NA NA NA NA NA NA NA NA NA
"71" "" 2019-03-18 28.98 "IND" "@" "POR" "L" -8 NA NA NA NA NA NA NA NA NA NA NA NA NA NA NA NA
"72" "" 2019-03-19 28.98 "IND" "@" "LAC" "L" -6 NA NA NA NA NA NA NA NA NA NA NA NA NA NA NA NA
"73" "41" 2019-03-21 28.99 "IND" "@" "GSW" "L" -23 0 7.28333333333333 1 1 0 43.9 20.4 92.8 6.6 12.4 50 11.6 130 87 6.1 34.4
"74" "42" 2019-03-24 28.99 "IND" "" "DEN" "W" 36 0 4.1 1 1 0 21.7 13 84.9 0 18.3 33.3 32.1 137 81 4 27.8
"75" "" 2019-03-27 29 "IND" "@" "OKC" "L" -8 NA NA NA NA NA NA NA NA NA NA NA NA NA NA NA NA
"76" "" 2019-03-29 29.01 "IND" "@" "BOS" "L" -2 NA NA NA NA NA NA NA NA NA NA NA NA NA NA NA NA
"77" "" 2019-03-30 29.01 "IND" "" "ORL" "L" -5 NA NA NA NA NA NA NA NA NA NA NA NA NA NA NA NA
"78" "" 2019-04-01 29.02 "IND" "" "DET" "W" 9 NA NA NA NA NA NA NA NA NA NA NA NA NA NA NA NA
"79" "" 2019-04-03 29.02 "IND" "@" "DET" "W" 19 NA NA NA NA NA NA NA NA NA NA NA NA NA NA NA NA
"80" "43" 2019-04-05 29.03 "IND" "" "BOS" "L" -20 0 6.41666666666667 0.25 0.25 14.4 17.8 15.9 24.5 0 0 0 26.9 77 119 1.3 -6.1
"81" "44" 2019-04-07 29.03 "IND" "" "BRK" "L" -12 0 3.16666666666667 0.6 0.6 37.9 33.7 35.7 0 0 0 0 75 131 109 4.3 14.1
"82" "45" 2019-04-10 29.04 "IND" "@" "ATL" "W" 1 1 10.4833333333333 0.51 0.4 0 17.6 8.8 25.5 0 14.8 14.5 25.6 104 122 4.9 -0.9
"1" "1" 2019-10-23 29.58 "PHI" "" "BOS" "W" 14 0 3.71666666666667 1.25 1.25 0 21.5 12.5 0 0 0 0 22.3 250 94 4.7 38.4
"2" "2" 2019-10-26 29.59 "PHI" "@" "DET" "W" 6 0 14.25 0.266 0 18.7 36.4 27.7 0 0 11.8 34.7 15.9 59 95 0.6 -12.9
"3" "3" 2019-10-28 29.59 "PHI" "@" "ATL" "W" 2 0 5.78333333333333 0.333 0.333 16.9 36.9 26.5 0 7.7 0 0 20.7 87 83 2.6 0.4
"4" "4" 2019-10-30 29.6 "PHI" "" "MIN" "W" 22 0 5.01666666666667 0 0 0 20.8 10.6 0 0 0 0 7.6 0 97 -0.4 -12
"5" "5" 2019-11-02 29.61 "PHI" "@" "POR" "W" 1 0 17.5333333333333 0.477 0.5 24.3 22.2 23.4 31.8 0 0 9.6 23.2 121 131 9.3 1.3
"6" "6" 2019-11-04 29.61 "PHI" "@" "PHO" "L" -5 0 13.25 0.833 0.833 24.7 21.3 23.2 0 0 7.4 25 12.3 136 110 5.3 1.7
"7" "" 2019-11-06 29.62 "PHI" "@" "UTA" "L" -2 NA NA NA NA NA NA NA NA NA NA NA NA NA NA NA NA
"8" "7" 2019-11-08 29.62 "PHI" "@" "DEN" "L" -3 0 7.96666666666667 0.854 0.917 0 13.4 6.7 100 0 0 13.4 40.6 131 110 7.9 24.5
"9" "8" 2019-11-10 29.63 "PHI" "" "CHO" "W" 8 0 8.03333333333333 NA NA 0 13.3 7.5 13 0 0 100 10.8 28 113 -1.8 -17.4
"10" "9" 2019-11-12 29.63 "PHI" "" "CLE" "W" 1 0 9.38333333333333 NA NA 10.9 34.9 22.5 12.8 5.3 7.9 100 4.7 75 84 2.2 -0.4
"11" "10" 2019-11-13 29.64 "PHI" "@" "ORL" "L" -15 0 15.05 0.5 0.5 13.6 26.6 20.1 47.4 0 11.8 16.7 17.1 117 102 8 14.3
"12" "" 2019-11-15 29.64 "PHI" "@" "OKC" "L" -8 NA NA NA NA NA NA NA NA NA NA NA NA NA NA NA NA
"13" "11" 2019-11-17 29.65 "PHI" "@" "CLE" "W" 19 0 6.43333333333333 NA NA 0 58.5 34.7 16.2 0 11.5 100 14.3 28 77 0.6 -4.8
"14" "" 2019-11-20 29.65 "PHI" "" "NYK" "W" 5 NA NA NA NA NA NA NA NA NA NA NA NA NA NA NA NA
"15" "12" 2019-11-22 29.66 "PHI" "" "SAS" "W" 11 0 3.8 1 1 0 30.8 15.2 0 0 0 0 11.2 200 110 2 5.2
"16" "13" 2019-11-23 29.66 "PHI" "" "MIA" "W" 27 0 9.38333333333333 1 1 0 34.1 18.7 27.7 0 0 50 9.8 119 92 2.2 4.1
"17" "" 2019-11-25 29.67 "PHI" "@" "TOR" "L" -5 NA NA NA NA NA NA NA NA NA NA NA NA NA NA NA NA
"18" "" 2019-11-27 29.67 "PHI" "" "SAC" "W" 6 NA NA NA NA NA NA NA NA NA NA NA NA NA NA NA NA
"19" "" 2019-11-29 29.68 "PHI" "@" "NYK" "W" 6 NA NA NA NA NA NA NA NA NA NA NA NA NA NA NA NA
"20" "" 2019-11-30 29.68 "PHI" "" "IND" "W" 3 NA NA NA NA NA NA NA NA NA NA NA NA NA NA NA NA
"21" "" 2019-12-02 29.69 "PHI" "" "UTA" "W" 9 NA NA NA NA NA NA NA NA NA NA NA NA NA NA NA NA
"22" "" 2019-12-05 29.7 "PHI" "@" "WAS" "L" -6 NA NA NA NA NA NA NA NA NA NA NA NA NA NA NA NA
"23" "14" 2019-12-07 29.7 "PHI" "" "CLE" "W" 47 0 27.2333333333333 0.5 0.5 15.6 27.1 22.5 11 0 11.6 23.1 21.2 101 88 9.8 -7.1
"24" "" 2019-12-08 29.7 "PHI" "" "TOR" "W" 6 NA NA NA NA NA NA NA NA NA NA NA NA NA NA NA NA
"25" "" 2019-12-10 29.71 "PHI" "" "DEN" "W" 5 NA NA NA NA NA NA NA NA NA NA NA NA NA NA NA NA
"26" "15" 2019-12-12 29.72 "PHI" "@" "BOS" "W" 6 0 11.9166666666667 0.375 0.375 37.8 8.8 20.7 32.7 0 0 20 19.5 118 124 3.3 -2
"27" "16" 2019-12-13 29.72 "PHI" "" "NOP" "W" 7 0 5.01666666666667 NA NA 0 57.4 31.2 0 0 15 NA 0 0 91 1.6 3
"28" "17" 2019-12-15 29.72 "PHI" "@" "BRK" "L" -20 0 4.88333333333333 0.266 0 0 0 0 0 0 14 0 16.9 59 109 0.6 -7.9
"29" "" 2019-12-18 29.73 "PHI" "" "MIA" "L" -4 NA NA NA NA NA NA NA NA NA NA NA NA NA NA NA NA
"30" "18" 2019-12-20 29.74 "PHI" "" "DAL" "L" -19 0 1.18333333333333 NA NA 0 0 0 0 0 0 NA 0 0 124 0 -10.6
"31" "" 2019-12-21 29.74 "PHI" "" "WAS" "W" 17 NA NA NA NA NA NA NA NA NA NA NA NA NA NA NA NA
"32" "" 2019-12-23 29.75 "PHI" "@" "DET" "W" 16 NA NA NA NA NA NA NA NA NA NA NA NA NA NA NA NA
"33" "" 2019-12-25 29.75 "PHI" "" "MIL" "W" 12 NA NA NA NA NA NA NA NA NA NA NA NA NA NA NA NA
"34" "" 2019-12-27 29.76 "PHI" "@" "ORL" "L" -1 NA NA NA NA NA NA NA NA NA NA NA NA NA NA NA NA
"35" "" 2019-12-28 29.76 "PHI" "@" "MIA" "L" -1 NA NA NA NA NA NA NA NA NA NA NA NA NA NA NA NA
"36" "19" 2019-12-31 29.77 "PHI" "@" "IND" "L" -18 1 25.5666666666667 0.4 0.4 12 34.6 22.1 28.2 0 6.2 16.7 10.1 110 117 9 3.8
"37" "" 2020-01-03 29.78 "PHI" "@" "HOU" "L" -10 NA NA NA NA NA NA NA NA NA NA NA NA NA NA NA NA
"38" "" 2020-01-06 29.78 "PHI" "" "OKC" "W" 7 NA NA NA NA NA NA NA NA NA NA NA NA NA NA NA NA
"39" "" 2020-01-09 29.79 "PHI" "" "BOS" "W" 11 NA NA NA NA NA NA NA NA NA NA NA NA NA NA NA NA
"40" "" 2020-01-11 29.8 "PHI" "@" "DAL" "L" -18 NA NA NA NA NA NA NA NA NA NA NA NA NA NA NA NA
"41" "" 2020-01-13 29.8 "PHI" "@" "IND" "L" -6 NA NA NA NA NA NA NA NA NA NA NA NA NA NA NA NA
"42" "" 2020-01-15 29.81 "PHI" "" "BRK" "W" 11 NA NA NA NA NA NA NA NA NA NA NA NA NA NA NA NA
"43" "20" 2020-01-17 29.81 "PHI" "" "CHI" "W" 11 0 15.6666666666667 0.6 0.6 7.7 29.9 18.9 19.9 6.7 13.3 16.7 18.8 112 77 8.6 8.8
"44" "" 2020-01-18 29.82 "PHI" "@" "NYK" "W" 3 NA NA NA NA NA NA NA NA NA NA NA NA NA NA NA NA
"45" "21" 2020-01-20 29.82 "PHI" "@" "BRK" "W" 6 0 5.98333333333333 0.5 0.5 0 18.2 8.9 23.6 0 0 0 20.4 117 111 1.5 -1.6
"46" "" 2020-01-22 29.83 "PHI" "@" "TOR" "L" -12 NA NA NA NA NA NA NA NA NA NA NA NA NA NA NA NA
"47" "" 2020-01-25 29.84 "PHI" "" "LAL" "W" 17 NA NA NA NA NA NA NA NA NA NA NA NA NA NA NA NA
"48" "" 2020-01-28 29.84 "PHI" "" "GSW" "W" 11 NA NA NA NA NA NA NA NA NA NA NA NA NA NA NA NA
"49" "" 2020-01-30 29.85 "PHI" "@" "ATL" "L" -10 NA NA NA NA NA NA NA NA NA NA NA NA NA NA NA NA
"50" "" 2020-02-01 29.85 "PHI" "@" "BOS" "L" -21 NA NA NA NA NA NA NA NA NA NA NA NA NA NA NA NA
"51" "22" 2020-02-03 29.86 "PHI" "@" "MIA" "L" -31 0 4.43333333333333 0.694 0.667 100 0 54.8 75.5 0 0 0 43.3 171 152 7.8 31.4
"52" "" 2020-02-06 29.87 "PHI" "@" "MIL" "L" -11 NA NA NA NA NA NA NA NA NA NA NA NA NA NA NA NA
"53" "" 2020-02-07 29.87 "PHI" "" "MEM" "W" 12 NA NA NA NA NA NA NA NA NA NA NA NA NA NA NA NA
"54" "" 2020-02-09 29.88 "PHI" "" "CHI" "W" 7 NA NA NA NA NA NA NA NA NA NA NA NA NA NA NA NA
"55" "" 2020-02-11 29.88 "PHI" "" "LAC" "W" 7 NA NA NA NA NA NA NA NA NA NA NA NA NA NA NA NA
"56" "" 2020-02-20 29.91 "PHI" "" "BRK" "W" 8 NA NA NA NA NA NA NA NA NA NA NA NA NA NA NA NA
"57" "" 2020-02-22 29.91 "PHI" "@" "MIL" "L" -21 NA NA NA NA NA NA NA NA NA NA NA NA NA NA NA NA
"58" "" 2020-02-24 29.92 "PHI" "" "ATL" "W" 17 NA NA NA NA NA NA NA NA NA NA NA NA NA NA NA NA
"59" "23" 2020-02-26 29.92 "PHI" "@" "CLE" "L" -14 0 11.9 0.51 0.4 0 25.2 10.2 14.4 0 29.9 0 23 112 103 7.4 8.7
"60" "24" 2020-02-27 29.93 "PHI" "" "NYK" "W" 9 0 14.35 0.521 0.5 24.5 55.7 40.3 8 0 5.6 0 9.4 155 106 5.6 -4.3
"61" "25" 2020-03-01 29.93 "PHI" "@" "LAC" "L" -6 0 7.26666666666667 0.362 0 32.2 20 26.8 13.8 6.7 0 0 16.2 131 128 3.5 0.2
"62" "" 2020-03-03 29.94 "PHI" "@" "LAL" "L" -13 NA NA NA NA NA NA NA NA NA NA NA NA NA NA NA NA
"63" "" 2020-03-05 29.95 "PHI" "@" "SAC" "W" 17 NA NA NA NA NA NA NA NA NA NA NA NA NA NA NA NA
"64" "" 2020-03-07 29.95 "PHI" "@" "GSW" "L" -4 NA NA NA NA NA NA NA NA NA NA NA NA NA NA NA NA
"65" "26" 2020-03-11 29.96 "PHI" "" "DET" "W" 18 0 3 NA NA 0 74.4 39 0 0 0 NA 0 0 106 0.2 -9.4
"66" "" 2020-08-01 30.35 "PHI" "@" "IND" "L" -6 NA NA NA NA NA NA NA NA NA NA NA NA NA NA NA NA
"67" "" 2020-08-03 30.36 "PHI" "" "SAS" "W" 2 NA NA NA NA NA NA NA NA NA NA NA NA NA NA NA NA
"68" "" 2020-08-05 30.36 "PHI" "@" "WAS" "W" 9 NA NA NA NA NA NA NA NA NA NA NA NA NA NA NA NA
"69" "" 2020-08-07 30.37 "PHI" "" "ORL" "W" 7 NA NA NA NA NA NA NA NA NA NA NA NA NA NA NA NA
"70" "27" 2020-08-09 30.37 "PHI" "@" "POR" "L" -3 0 5.65 0 0 0 41.4 19.1 0 0 0 0 14.2 0 119 -1.2 -21.9
"71" "28" 2020-08-11 30.38 "PHI" "" "PHO" "L" -13 1 32.3833333333333 0.699 0.667 3.4 39.2 19 40.7 3.2 2.4 13.4 10.3 161 130 19.2 15.7
"72" "" 2020-08-12 30.38 "PHI" "" "TOR" "L" -4 NA NA NA NA NA NA NA NA NA NA NA NA NA NA NA NA
"73" "29" 2020-08-14 30.39 "PHI" "@" "HOU" "W" 38 0 16.6 0.6 0.6 8.5 32.9 22.2 35.9 0 9 16.7 15.4 139 93 8.7 10.5
