"Rk" "G" "Date" "Age" "Tm" "H/A" "Opp" "W/L" "By Amt" "GS" "MP" "TS%" "eFG%" "ORB%" "DRB%" "TRB%" "AST%" "STL%" "BLK%" "TOV%" "USG%" "ORtg" "DRtg" "GmSc" "BPM"
"1" "" 2015-10-28 21.22 "OKC" "" "SAS" "W" 6 NA NA NA NA NA NA NA NA NA NA NA NA NA NA NA NA
"2" "" 2015-10-30 21.23 "OKC" "@" "ORL" "W" 3 NA NA NA NA NA NA NA NA NA NA NA NA NA NA NA NA
"3" "1" 2015-11-01 21.23 "OKC" "" "DEN" "W" 24 0 4.45 NA NA 0 0 0 71.9 11.3 0 NA 0 229 85 2.7 23.3
"4" "" 2015-11-02 21.24 "OKC" "@" "HOU" "L" -5 NA NA NA NA NA NA NA NA NA NA NA NA NA NA NA NA
"5" "" 2015-11-04 21.24 "OKC" "" "TOR" "L" -5 NA NA NA NA NA NA NA NA NA NA NA NA NA NA NA NA
"6" "" 2015-11-05 21.24 "OKC" "@" "CHI" "L" -6 NA NA NA NA NA NA NA NA NA NA NA NA NA NA NA NA
"7" "2" 2015-11-08 21.25 "OKC" "" "PHO" "W" 21 0 1.98333333333333 0 0 0 0 0 0 0 0 0 19.8 0 108 -0.7 -26.5
"8" "3" 2015-11-10 21.26 "OKC" "@" "WAS" "W" 24 0 3.36666666666667 0.333 0.333 0 0 0 47.9 0 0 0 38.6 92 108 0.6 -16.4
"9" "4" 2015-11-13 21.27 "OKC" "" "PHI" "W" 17 0 1.63333333333333 NA NA 0 0 0 0 0 0 100 24.6 0 99 -1 -39.6
"10" "5" 2015-11-15 21.27 "OKC" "" "BOS" "L" -15 0 0.466666666666667 0 0 0 0 0 0 0 0 0 95.5 0 118 -0.7 -76
"11" "6" 2015-11-16 21.27 "OKC" "@" "MEM" "L" -8 0 11.75 0.75 0.75 0 9.3 5.2 11.1 0 0 33.3 10.8 108 133 1.2 -7
"12" "" 2015-11-18 21.28 "OKC" "" "NOP" "W" 7 NA NA NA NA NA NA NA NA NA NA NA NA NA NA NA NA
"13" "" 2015-11-20 21.28 "OKC" "" "NYK" "L" -3 NA NA NA NA NA NA NA NA NA NA NA NA NA NA NA NA
"14" "7" 2015-11-22 21.29 "OKC" "" "DAL" "W" 3 0 5.18333333333333 0.333 0.333 0 51.4 24.1 24.5 0 0 25 32.5 68 112 0.2 -20
"15" "8" 2015-11-23 21.29 "OKC" "@" "UTA" "W" 22 0 3.58333333333333 0 0 0 0 0 31.9 0 0 0 26.5 35 106 -1.1 -28.1
"16" "" 2015-11-25 21.3 "OKC" "" "BRK" "W" 11 NA NA NA NA NA NA NA NA NA NA NA NA NA NA NA NA
"17" "" 2015-11-27 21.3 "OKC" "" "DET" "W" 16 NA NA NA NA NA NA NA NA NA NA NA NA NA NA NA NA
"18" "" 2015-11-30 21.31 "OKC" "@" "ATL" "L" -6 NA NA NA NA NA NA NA NA NA NA NA NA NA NA NA NA
"19" "" 2015-12-03 21.32 "OKC" "@" "MIA" "L" -2 NA NA NA NA NA NA NA NA NA NA NA NA NA NA NA NA
"20" "9" 2015-12-06 21.33 "OKC" "" "SAC" "W" 3 0 4.48333333333333 0.5 0.5 0 57.4 31.2 0 0 0 25 35.5 78 85 1.2 -1
"21" "10" 2015-12-08 21.33 "OKC" "@" "MEM" "W" 37 0 6.28333333333333 0.833 0.833 0 48.8 29 48.2 0 0 0 21.6 184 90 6 22
"22" "11" 2015-12-10 21.34 "OKC" "" "ATL" "W" 13 0 0.683333333333333 NA NA 0 0 0 0 0 0 NA 0 0 109 0 -6.3
"23" "" 2015-12-11 21.34 "OKC" "@" "UTA" "W" 4 NA NA NA NA NA NA NA NA NA NA NA NA NA NA NA NA
"24" "" 2015-12-13 21.35 "OKC" "" "UTA" "W" 6 NA NA NA NA NA NA NA NA NA NA NA NA NA NA NA NA
"25" "12" 2015-12-16 21.36 "OKC" "" "POR" "W" 16 0 3.1 0.5 0.5 0 28.7 15.8 0 0 0 0 27.3 109 88 1.3 0.7
"26" "" 2015-12-17 21.36 "OKC" "@" "CLE" "L" -4 NA NA NA NA NA NA NA NA NA NA NA NA NA NA NA NA
"27" "13" 2015-12-19 21.36 "OKC" "" "LAL" "W" 40 0 9.5 0.75 0.75 0 9.7 5.7 49.1 15.7 8.7 33.3 27.6 111 46 8.5 31.2
"28" "" 2015-12-21 21.37 "OKC" "@" "LAC" "W" 1 NA NA NA NA NA NA NA NA NA NA NA NA NA NA NA NA
"29" "14" 2015-12-23 21.38 "OKC" "@" "LAL" "W" 35 0 8.56666666666667 0.5 0.5 0 10.4 5.8 14.1 11.8 0 0 23.8 134 73 5.3 16.5
"30" "" 2015-12-25 21.38 "OKC" "" "CHI" "L" -9 NA NA NA NA NA NA NA NA NA NA NA NA NA NA NA NA
"31" "15" 2015-12-27 21.39 "OKC" "" "DEN" "W" 10 0 12.1333333333333 0.75 0.75 0 33.7 19.8 19.7 0 0 20 18.6 135 117 4.4 0.4
"32" "16" 2015-12-29 21.39 "OKC" "" "MIL" "W" 8 0 15.7333333333333 1.031 1 0 19.1 10.4 33 3 0 0 20.7 214 118 16.2 20.2
"33" "17" 2015-12-31 21.4 "OKC" "" "PHO" "W" 4 0 13.5333333333333 0.5 0.5 0 0 0 45.2 0 0 12.5 27.4 111 128 4.7 -5
"34" "18" 2016-01-02 21.4 "OKC" "@" "CHO" "W" 19 0 19.7666666666667 0.595 0.6 0 14.6 8.4 26.3 2.6 0 0 13.3 138 97 6.7 2.8
"35" "19" 2016-01-04 21.41 "OKC" "" "SAC" "L" -12 0 18.7166666666667 0.458 0.458 5.6 25 14.7 9.8 2.5 3.6 0 27 101 107 6.9 0
"36" "20" 2016-01-06 21.41 "OKC" "" "MEM" "W" 18 0 18.0833333333333 0.571 0.571 0 5.5 2.9 26.5 0 0 12.5 18.9 117 103 4.1 -0.5
"37" "21" 2016-01-08 21.42 "OKC" "@" "LAL" "W" 4 0 24.7 0.611 0.611 4.9 0 2.5 5.5 2.1 0 10 17.1 127 125 7.7 -0.6
"38" "22" 2016-01-10 21.42 "OKC" "@" "POR" "L" -5 0 9.76666666666667 0.5 0.5 0 0 0 36.2 0 0 0 22.2 117 128 3.7 1.5
"39" "23" 2016-01-12 21.43 "OKC" "@" "MIN" "W" 5 0 14.6833333333333 0.429 0.429 0 14.9 7.6 20.1 0 0 22.2 27.3 75 104 1.1 -8.4
"40" "24" 2016-01-13 21.43 "OKC" "" "DAL" "W" 19 0 25.1666666666667 0.833 0.833 0 11.7 6 18.8 5.8 0 14.3 11.8 147 85 11.2 10.1
"41" "25" 2016-01-15 21.44 "OKC" "" "MIN" "W" 20 0 23.8166666666667 0.612 0.591 0 9.2 4.7 28.9 9.1 2.8 8 24 126 93 16.1 16.5
"42" "26" 2016-01-17 21.44 "OKC" "" "MIA" "W" 25 0 14.6166666666667 0 0 7.8 17.3 12.3 16.4 3.7 0 0 9.2 58 83 0.8 -5.8
"43" "27" 2016-01-19 21.45 "OKC" "@" "DEN" "W" 6 0 20.4666666666667 0 0 4.5 14.7 9.4 34.3 9.1 0 10 19 41 88 1.7 -4.4
"44" "28" 2016-01-20 21.45 "OKC" "" "CHO" "W" 14 0 22.85 0.415 0.438 0 24.4 12.4 19.3 0 0 10.6 17.1 93 100 4.8 -3.8
"45" "29" 2016-01-22 21.46 "OKC" "@" "DAL" "W" 3 0 13.4 0.4 0.4 0 19.4 9 35 0 0 16.7 38.5 89 118 2.5 -12
"46" "30" 2016-01-24 21.46 "OKC" "@" "BRK" "L" -10 0 12.7166666666667 1 1 0 0 0 27.1 3.9 4.9 0 16.4 204 117 10.8 26
"47" "31" 2016-01-26 21.47 "OKC" "@" "NYK" "W" 6 0 15.05 0.857 0.857 0 13.5 7 0 0 0 12.5 22.6 141 119 8.3 10.3
"48" "32" 2016-01-27 21.47 "OKC" "@" "MIN" "W" 3 0 5.16666666666667 0 0 0 0 0 0 0 0 0 8.3 0 132 -1.1 -19.2
"49" "" 2016-01-29 21.48 "OKC" "" "HOU" "W" 8 NA NA NA NA NA NA NA NA NA NA NA NA NA NA NA NA
"50" "33" 2016-02-01 21.48 "OKC" "" "WAS" "W" 16 0 12.65 0.538 0.5 9.7 18.5 14.2 24 7.6 0 0 25 136 88 8.2 12.8
"51" "34" 2016-02-03 21.49 "OKC" "" "ORL" "W" 3 0 14.1666666666667 0.666 0.6 0 7.9 3.8 30 0 0 0 19.6 160 129 8.3 4.7
"52" "35" 2016-02-06 21.5 "OKC" "@" "GSW" "L" -8 0 12.3333333333333 0.214 0.214 0 15.3 8.1 12.1 3.8 5.5 12.5 26.8 49 107 -0.3 -9.5
"53" "36" 2016-02-08 21.5 "OKC" "@" "PHO" "W" 16 0 21.15 0.786 0.786 5.5 20.6 12.3 27.6 0 0 12.5 16.2 157 115 10.7 7.8
"54" "37" 2016-02-11 21.51 "OKC" "" "NOP" "W" 26 0 24.65 0.286 0.286 5.9 4.1 4.8 37.9 0 0 30 17.1 88 103 2.7 -6.8
"55" "38" 2016-02-19 21.53 "OKC" "" "IND" "L" -3 0 11.6 0.5 0.5 0 0 0 0 4.2 0 14.3 25.5 79 100 1.8 -5.9
"56" "39" 2016-02-21 21.54 "OKC" "" "CLE" "L" -23 0 9.76666666666667 0.51 0.4 0 12.9 5.6 18.1 10.9 0 14.5 31.2 97 109 5.3 10
"57" "40" 2016-02-24 21.55 "OKC" "@" "DAL" "W" 13 0 4.53333333333333 NA NA 0 0 0 24.6 0 0 100 9.5 46 118 -0.7 -15.3
"58" "" 2016-02-25 21.55 "OKC" "@" "NOP" "L" -4 NA NA NA NA NA NA NA NA NA NA NA NA NA NA NA NA
"59" "" 2016-02-27 21.56 "OKC" "" "GSW" "L" -3 NA NA NA NA NA NA NA NA NA NA NA NA NA NA NA NA
"60" "41" 2016-02-29 21.56 "OKC" "@" "SAC" "W" 15 0 2.05 NA NA 0 39.7 25.2 0 0 0 100 20.5 0 103 -0.7 -25
"61" "42" 2016-03-02 21.57 "OKC" "@" "LAC" "L" -5 0 3.36666666666667 0.5 0.5 28 0 13.2 57.6 0 0 0 23.8 139 112 2 11
"62" "" 2016-03-03 21.57 "OKC" "@" "GSW" "L" -15 NA NA NA NA NA NA NA NA NA NA NA NA NA NA NA NA
"63" "" 2016-03-06 21.58 "OKC" "@" "MIL" "W" 8 NA NA NA NA NA NA NA NA NA NA NA NA NA NA NA NA
"64" "43" 2016-03-09 21.59 "OKC" "" "LAC" "W" 12 0 3.56666666666667 0 0 0 0 0 0 0 0 50 23.4 0 113 -1.7 -30.7
"65" "" 2016-03-11 21.59 "OKC" "" "MIN" "L" -3 NA NA NA NA NA NA NA NA NA NA NA NA NA NA NA NA
"66" "" 2016-03-12 21.59 "OKC" "@" "SAS" "L" -8 NA NA NA NA NA NA NA NA NA NA NA NA NA NA NA NA
"67" "44" 2016-03-14 21.6 "OKC" "" "POR" "W" 34 0 21 0.75 0.75 0 16.3 10 16.3 2.4 0 20 10.6 132 98 6.9 0.6
"68" "45" 2016-03-16 21.61 "OKC" "@" "BOS" "W" 21 0 21.65 0.338 0.25 0 16.7 9.3 20.8 0 3 18.4 20.2 85 112 2.3 -11.2
"69" "46" 2016-03-18 21.61 "OKC" "@" "PHI" "W" 14 0 7.7 0.5 0.5 0 0 0 16.1 0 0 0 10.7 130 107 1.3 -4.9
"70" "47" 2016-03-19 21.61 "OKC" "@" "IND" "W" 4 0 10.15 0.532 0 0 0 0 0 0 0 0 8.1 127 120 0.9 -7.9
"71" "48" 2016-03-22 21.62 "OKC" "" "HOU" "W" 4 0 11.1333333333333 0.417 0.417 0 0 0 0 0 0 0 22.2 90 120 1.2 -8.5
"72" "49" 2016-03-24 21.63 "OKC" "" "UTA" "W" 22 0 20.75 0.901 0.875 0 6.1 3.1 6.1 0 0 18.4 11.8 142 107 5.6 -1.6
"73" "50" 2016-03-26 21.63 "OKC" "" "SAS" "W" 19 0 13.5833333333333 0 0 0 15 8.7 24.1 3.9 0 16.7 19.3 37 96 -2 -15
"74" "51" 2016-03-28 21.64 "OKC" "@" "TOR" "W" 19 0 2.73333333333333 NA NA 0 0 0 0 0 0 NA 0 0 112 -0.4 -15
"75" "52" 2016-03-29 21.64 "OKC" "@" "DET" "L" -6 0 13.3 0.167 0.167 0 7.7 3.7 26.4 7.8 0 25 26.1 39 87 -0.5 -8.9
"76" "" 2016-03-31 21.65 "OKC" "" "LAC" "W" 2 NA NA NA NA NA NA NA NA NA NA NA NA NA NA NA NA
"77" "" 2016-04-03 21.65 "OKC" "@" "HOU" "L" -8 NA NA NA NA NA NA NA NA NA NA NA NA NA NA NA NA
"78" "53" 2016-04-05 21.66 "OKC" "@" "DEN" "W" 22 0 6.65 0.51 0.5 0 0 0 0 7.2 0 14.5 43.3 86 96 2.9 -3.4
"79" "54" 2016-04-06 21.66 "OKC" "@" "POR" "L" -5 0 30.8833333333333 0.336 0.321 0 3.9 1.7 25.4 1.6 0 0 19 104 124 6.1 -5.3
"80" "55" 2016-04-09 21.67 "OKC" "@" "SAC" "L" -2 0 5.3 0 0 0 19.3 10.8 0 0 0 0 7.9 0 119 -0.8 -17.7
"81" "56" 2016-04-11 21.68 "OKC" "" "LAL" "W" 33 0 8.01666666666667 0.5 0.5 0 11.1 5.7 39.9 0 0 20 25.2 94 89 1.9 -7.4
"82" "57" 2016-04-12 21.68 "OKC" "@" "SAS" "L" -4 1 39.55 0.425 0.425 2.7 5.6 4.1 38.6 1.4 0 23.1 29.3 83 108 5.8 -5.1
"1" "" 2016-10-26 22.22 "OKC" "@" "PHI" "W" 6 NA NA NA NA NA NA NA NA NA NA NA NA NA NA NA NA
"2" "" 2016-10-28 22.22 "OKC" "" "PHO" "W" 3 NA NA NA NA NA NA NA NA NA NA NA NA NA NA NA NA
"3" "" 2016-10-30 22.23 "OKC" "" "LAL" "W" 17 NA NA NA NA NA NA NA NA NA NA NA NA NA NA NA NA
"4" "" 2016-11-02 22.24 "OKC" "@" "LAC" "W" 2 NA NA NA NA NA NA NA NA NA NA NA NA NA NA NA NA
"5" "" 2016-11-03 22.24 "OKC" "@" "GSW" "L" -26 NA NA NA NA NA NA NA NA NA NA NA NA NA NA NA NA
"6" "" 2016-11-05 22.24 "OKC" "" "MIN" "W" 20 NA NA NA NA NA NA NA NA NA NA NA NA NA NA NA NA
"7" "" 2016-11-07 22.25 "OKC" "" "MIA" "W" 12 NA NA NA NA NA NA NA NA NA NA NA NA NA NA NA NA
"8" "" 2016-11-09 22.25 "OKC" "" "TOR" "L" -10 NA NA NA NA NA NA NA NA NA NA NA NA NA NA NA NA
"9" "" 2016-11-11 22.26 "OKC" "" "LAC" "L" -2 NA NA NA NA NA NA NA NA NA NA NA NA NA NA NA NA
"10" "" 2016-11-13 22.27 "OKC" "" "ORL" "L" -2 NA NA NA NA NA NA NA NA NA NA NA NA NA NA NA NA
"11" "" 2016-11-14 22.27 "OKC" "@" "DET" "L" -16 NA NA NA NA NA NA NA NA NA NA NA NA NA NA NA NA
"12" "" 2016-11-16 22.27 "OKC" "" "HOU" "W" 2 NA NA NA NA NA NA NA NA NA NA NA NA NA NA NA NA
"13" "" 2016-11-18 22.28 "OKC" "" "BRK" "W" 19 NA NA NA NA NA NA NA NA NA NA NA NA NA NA NA NA
"14" "" 2016-11-20 22.28 "OKC" "" "IND" "L" -4 NA NA NA NA NA NA NA NA NA NA NA NA NA NA NA NA
"15" "" 2016-11-22 22.29 "OKC" "@" "LAL" "L" -2 NA NA NA NA NA NA NA NA NA NA NA NA NA NA NA NA
"16" "" 2016-11-23 22.29 "OKC" "@" "SAC" "L" -15 NA NA NA NA NA NA NA NA NA NA NA NA NA NA NA NA
"17" "" 2016-11-25 22.3 "OKC" "@" "DEN" "W" 3 NA NA NA NA NA NA NA NA NA NA NA NA NA NA NA NA
"18" "" 2016-11-26 22.3 "OKC" "" "DET" "W" 18 NA NA NA NA NA NA NA NA NA NA NA NA NA NA NA NA
"19" "" 2016-11-28 22.31 "OKC" "@" "NYK" "W" 9 NA NA NA NA NA NA NA NA NA NA NA NA NA NA NA NA
"20" "" 2016-11-30 22.31 "OKC" "" "WAS" "W" 11 NA NA NA NA NA NA NA NA NA NA NA NA NA NA NA NA
"21" "" 2016-12-04 22.32 "OKC" "" "NOP" "W" 9 NA NA NA NA NA NA NA NA NA NA NA NA NA NA NA NA
"22" "" 2016-12-05 22.33 "OKC" "@" "ATL" "W" 3 NA NA NA NA NA NA NA NA NA NA NA NA NA NA NA NA
"23" "" 2016-12-09 22.34 "OKC" "" "HOU" "L" -3 NA NA NA NA NA NA NA NA NA NA NA NA NA NA NA NA
"24" "" 2016-12-11 22.34 "OKC" "" "BOS" "W" 3 NA NA NA NA NA NA NA NA NA NA NA NA NA NA NA NA
"25" "" 2016-12-13 22.35 "OKC" "@" "POR" "L" -19 NA NA NA NA NA NA NA NA NA NA NA NA NA NA NA NA
"26" "" 2016-12-14 22.35 "OKC" "@" "UTA" "L" -20 NA NA NA NA NA NA NA NA NA NA NA NA NA NA NA NA
"27" "" 2016-12-17 22.36 "OKC" "" "PHO" "W" 13 NA NA NA NA NA NA NA NA NA NA NA NA NA NA NA NA
"28" "" 2016-12-19 22.36 "OKC" "" "ATL" "L" -2 NA NA NA NA NA NA NA NA NA NA NA NA NA NA NA NA
"29" "" 2016-12-21 22.37 "OKC" "@" "NOP" "W" 11 NA NA NA NA NA NA NA NA NA NA NA NA NA NA NA NA
"30" "" 2016-12-23 22.38 "OKC" "@" "BOS" "W" 5 NA NA NA NA NA NA NA NA NA NA NA NA NA NA NA NA
"31" "" 2016-12-25 22.38 "OKC" "" "MIN" "W" 12 NA NA NA NA NA NA NA NA NA NA NA NA NA NA NA NA
"32" "" 2016-12-27 22.39 "OKC" "@" "MIA" "W" 12 NA NA NA NA NA NA NA NA NA NA NA NA NA NA NA NA
"33" "" 2016-12-29 22.39 "OKC" "@" "MEM" "L" -34 NA NA NA NA NA NA NA NA NA NA NA NA NA NA NA NA
"34" "" 2016-12-31 22.4 "OKC" "" "LAC" "W" 26 NA NA NA NA NA NA NA NA NA NA NA NA NA NA NA NA
"35" "" 2017-01-02 22.4 "OKC" "@" "MIL" "L" -4 NA NA NA NA NA NA NA NA NA NA NA NA NA NA NA NA
"36" "" 2017-01-04 22.41 "OKC" "@" "CHO" "L" -11 NA NA NA NA NA NA NA NA NA NA NA NA NA NA NA NA
"37" "" 2017-01-05 22.41 "OKC" "@" "HOU" "L" -2 NA NA NA NA NA NA NA NA NA NA NA NA NA NA NA NA
"38" "1" 2017-01-07 22.42 "OKC" "" "DEN" "W" 15 0 13 1 1 0 12.7 7.2 11.6 0 0 20 16.5 144 108 6.3 4.8
"39" "2" 2017-01-09 22.42 "OKC" "@" "CHI" "W" 15 0 14.6833333333333 0 0 0 29.1 16.3 20.9 0 0 0 19.6 34 102 -2.5 -22.6
"40" "3" 2017-01-11 22.43 "OKC" "" "MEM" "W" 8 0 11.0333333333333 0.333 0.333 0 0 0 13.7 0 0 0 11.9 91 106 -0.2 -10.3
"41" "4" 2017-01-13 22.43 "OKC" "@" "MIN" "L" -10 0 16.1833333333333 0.333 0.333 0 29.7 13.3 21.9 0 0 14.3 18.5 73 104 1.8 -7.3
"42" "5" 2017-01-15 22.44 "OKC" "@" "SAC" "W" 4 0 17.5666666666667 0.286 0.286 5.8 6.7 6.2 7.9 5.2 0 0 15.1 86 110 2 -6.6
"43" "6" 2017-01-16 22.44 "OKC" "@" "LAC" "L" -22 0 21.3 0.444 0.444 0 0 0 16.7 2.3 0 18.2 22.9 79 128 2.5 -11.4
"44" "7" 2017-01-18 22.45 "OKC" "@" "GSW" "L" -21 0 25.4833333333333 0.507 0.438 0 5.5 2.3 23.3 0 2.9 10.1 16 110 127 6.6 -1.6
"45" "8" 2017-01-23 22.46 "OKC" "@" "UTA" "W" 2 0 13.75 0.417 0.417 0 7.8 4 0 0 0 0 20.1 86 107 1.1 -7.7
"46" "9" 2017-01-25 22.47 "OKC" "@" "NOP" "W" 9 0 12.3333333333333 0.417 0.417 0 0 0 34.1 0 0 0 19.6 109 109 3.3 -2.7
"47" "10" 2017-01-26 22.47 "OKC" "" "DAL" "W" 11 0 12.8333333333333 0.75 0.75 0 0 0 0 0 0 33.3 21.6 92 113 2 -3.7
"48" "11" 2017-01-29 22.48 "OKC" "@" "CLE" "L" -16 0 20.3 0.364 0.364 0 18.9 8.9 15.8 4.5 3.8 8.3 23.1 76 92 5 3.6
"49" "12" 2017-01-31 22.48 "OKC" "@" "SAS" "L" -14 0 18.75 0.205 0 0 10.7 5.1 25.6 2.4 3.9 17 12.6 59 101 1.4 -5.2
"50" "13" 2017-02-01 22.48 "OKC" "" "CHI" "L" -28 0 19.4166666666667 0.35 0.35 0 0 0 40.4 2.5 0 0 21.2 95 129 5.3 -0.9
"51" "14" 2017-02-03 22.49 "OKC" "" "MEM" "W" 12 0 18.8666666666667 0.643 0.643 0 6.5 3.3 9.1 0 0 0 15.6 150 114 6.7 2.7
"52" "15" 2017-02-05 22.5 "OKC" "" "POR" "W" 6 0 14.7833333333333 0 0 0 0 0 16.2 0 5.5 0 15.9 21 109 -2.5 -14.8
"53" "16" 2017-02-06 22.5 "OKC" "@" "IND" "L" -3 0 13.4333333333333 0.25 0.25 8.1 13.2 10.9 23.5 0 0 33.3 18.9 60 107 -0.5 -15.1
"54" "17" 2017-02-09 22.51 "OKC" "" "CLE" "W" 9 0 12.6166666666667 0.625 0.625 0 9.8 4.4 28 3.7 0 0 36.6 142 105 10.5 17.7
"55" "18" 2017-02-11 22.51 "OKC" "" "GSW" "L" -16 0 9.1 0 0 0 12.9 6.4 13.2 0 0 33.3 13.4 20 131 -3 -24.4
"56" "19" 2017-02-13 22.52 "OKC" "@" "WAS" "L" -22 0 22.9166666666667 0.667 0.667 0 19 7.2 17.8 4.2 0 25 20.2 104 116 8.6 3.1
"57" "20" 2017-02-15 22.52 "OKC" "" "NYK" "W" 11 0 12.0666666666667 0 0 0 18.9 9.1 29.1 0 0 14.3 24.5 30 111 -2.5 -23.2
"58" "" 2017-02-24 22.55 "CHI" "" "PHO" "W" 7 NA NA NA NA NA NA NA NA NA NA NA NA NA NA NA NA
"59" "21" 2017-02-25 22.55 "CHI" "@" "CLE" "W" 18 0 12 1 1 0 9.8 4.6 10.5 0 0 40 18.7 95 109 3.3 -0.5
"60" "22" 2017-02-28 22.56 "CHI" "" "DEN" "L" -18 0 16.8333333333333 0.3 0.3 5.7 9.5 7.1 22.3 0 0 0 25.4 84 133 2.5 -8.7
"61" "23" 2017-03-02 22.56 "CHI" "" "GSW" "W" 7 0 12.8 0.4 0.4 0 0 0 13.2 0 0 16.7 21.2 72 96 1 -7.2
"62" "24" 2017-03-04 22.57 "CHI" "" "LAC" "L" -10 0 10.7 0.2 0.2 0 10.7 5.5 14.7 0 0 16.7 24.3 48 115 -1.9 -19.7
"63" "25" 2017-03-06 22.58 "CHI" "@" "DET" "L" -14 0 22.7166666666667 0.5 0.5 0 15.8 7.5 27 0 0 6.7 31 96 120 7.8 0.6
"64" "26" 2017-03-08 22.58 "CHI" "@" "ORL" "L" -7 0 17 0.5 0.5 0 5.6 3.1 0 0 0 33.3 16.6 60 115 -0.5 -15.9
"65" "27" 2017-03-10 22.59 "CHI" "" "HOU" "L" -21 0 15.6166666666667 0.564 0.625 0 12.5 6 23.9 2.9 0 9.3 27.3 102 107 7 6.1
"66" "28" 2017-03-12 22.59 "CHI" "@" "BOS" "L" -20 0 19.6666666666667 0.5 0.5 0 12.2 5.4 28.5 5.2 0 41.7 27.1 64 103 1.8 -7.5
"67" "29" 2017-03-13 22.59 "CHI" "@" "CHO" "W" 6 0 10.8833333333333 0 0 0 18 9.4 10.8 4.6 0 0 23.7 13 108 -2.3 -23.6
"68" "" 2017-03-15 22.6 "CHI" "" "MEM" "L" -7 NA NA NA NA NA NA NA NA NA NA NA NA NA NA NA NA
"69" "" 2017-03-17 22.61 "CHI" "@" "WAS" "L" -5 NA NA NA NA NA NA NA NA NA NA NA NA NA NA NA NA
"70" "" 2017-03-18 22.61 "CHI" "" "UTA" "W" 9 NA NA NA NA NA NA NA NA NA NA NA NA NA NA NA NA
"71" "" 2017-03-21 22.62 "CHI" "@" "TOR" "L" -2 NA NA NA NA NA NA NA NA NA NA NA NA NA NA NA NA
"72" "" 2017-03-22 22.62 "CHI" "" "DET" "W" 22 NA NA NA NA NA NA NA NA NA NA NA NA NA NA NA NA
"73" "" 2017-03-24 22.62 "CHI" "" "PHI" "L" -10 NA NA NA NA NA NA NA NA NA NA NA NA NA NA NA NA
"74" "30" 2017-03-26 22.63 "CHI" "@" "MIL" "W" 15 0 1.61666666666667 0 0 0 100 71.5 0 0 0 0 28.7 0 78 -0.1 -27.6
"75" "" 2017-03-30 22.64 "CHI" "" "CLE" "W" 6 NA NA NA NA NA NA NA NA NA NA NA NA NA NA NA NA
"76" "" 2017-04-01 22.65 "CHI" "" "ATL" "W" 2 NA NA NA NA NA NA NA NA NA NA NA NA NA NA NA NA
"77" "" 2017-04-02 22.65 "CHI" "@" "NOP" "W" 7 NA NA NA NA NA NA NA NA NA NA NA NA NA NA NA NA
"78" "" 2017-04-04 22.65 "CHI" "@" "NYK" "L" -9 NA NA NA NA NA NA NA NA NA NA NA NA NA NA NA NA
"79" "31" 2017-04-06 22.66 "CHI" "@" "PHI" "W" 12 0 1.85 NA NA 0 45.5 24.2 0 0 0 NA 0 0 82 -0.1 -13.2
"80" "" 2017-04-08 22.67 "CHI" "@" "BRK" "L" -1 NA NA NA NA NA NA NA NA NA NA NA NA NA NA NA NA
"81" "" 2017-04-10 22.67 "CHI" "" "ORL" "W" 47 NA NA NA NA NA NA NA NA NA NA NA NA NA NA NA NA
"82" "" 2017-04-12 22.68 "CHI" "" "BRK" "W" 39 NA NA NA NA NA NA NA NA NA NA NA NA NA NA NA NA
"1" "" 2017-10-19 23.2 "CHI" "@" "TOR" "L" -17 NA NA NA NA NA NA NA NA NA NA NA NA NA NA NA NA
"2" "" 2017-10-21 23.2 "CHI" "" "SAS" "L" -10 NA NA NA NA NA NA NA NA NA NA NA NA NA NA NA NA
"3" "" 2017-10-24 23.21 "CHI" "@" "CLE" "L" -7 NA NA NA NA NA NA NA NA NA NA NA NA NA NA NA NA
"4" "" 2017-10-26 23.22 "CHI" "" "ATL" "W" 5 NA NA NA NA NA NA NA NA NA NA NA NA NA NA NA NA
"5" "" 2017-10-28 23.22 "CHI" "" "OKC" "L" -32 NA NA NA NA NA NA NA NA NA NA NA NA NA NA NA NA
"6" "" 2017-11-01 23.23 "CHI" "@" "MIA" "L" -6 NA NA NA NA NA NA NA NA NA NA NA NA NA NA NA NA
"7" "" 2017-11-03 23.24 "CHI" "@" "ORL" "W" 22 NA NA NA NA NA NA NA NA NA NA NA NA NA NA NA NA
"8" "" 2017-11-04 23.24 "CHI" "" "NOP" "L" -6 NA NA NA NA NA NA NA NA NA NA NA NA NA NA NA NA
"9" "" 2017-11-07 23.25 "CHI" "@" "TOR" "L" -5 NA NA NA NA NA NA NA NA NA NA NA NA NA NA NA NA
"10" "" 2017-11-10 23.26 "CHI" "" "IND" "L" -18 NA NA NA NA NA NA NA NA NA NA NA NA NA NA NA NA
"11" "" 2017-11-11 23.26 "CHI" "@" "SAS" "L" -39 NA NA NA NA NA NA NA NA NA NA NA NA NA NA NA NA
"12" "" 2017-11-15 23.27 "CHI" "@" "OKC" "L" -13 NA NA NA NA NA NA NA NA NA NA NA NA NA NA NA NA
"13" "" 2017-11-17 23.28 "CHI" "" "CHO" "W" 3 NA NA NA NA NA NA NA NA NA NA NA NA NA NA NA NA
"14" "" 2017-11-19 23.28 "CHI" "@" "PHO" "L" -8 NA NA NA NA NA NA NA NA NA NA NA NA NA NA NA NA
"15" "" 2017-11-21 23.29 "CHI" "@" "LAL" "L" -9 NA NA NA NA NA NA NA NA NA NA NA NA NA NA NA NA
"16" "" 2017-11-22 23.29 "CHI" "@" "UTA" "L" -30 NA NA NA NA NA NA NA NA NA NA NA NA NA NA NA NA
"17" "" 2017-11-24 23.3 "CHI" "@" "GSW" "L" -49 NA NA NA NA NA NA NA NA NA NA NA NA NA NA NA NA
"18" "" 2017-11-26 23.3 "CHI" "" "MIA" "L" -7 NA NA NA NA NA NA NA NA NA NA NA NA NA NA NA NA
"19" "" 2017-11-28 23.31 "CHI" "" "PHO" "L" -5 NA NA NA NA NA NA NA NA NA NA NA NA NA NA NA NA
"20" "" 2017-11-30 23.31 "CHI" "@" "DEN" "L" -1 NA NA NA NA NA NA NA NA NA NA NA NA NA NA NA NA
"21" "" 2017-12-01 23.32 "CHI" "" "SAC" "L" -1 NA NA NA NA NA NA NA NA NA NA NA NA NA NA NA NA
"22" "" 2017-12-04 23.32 "CHI" "" "CLE" "L" -22 NA NA NA NA NA NA NA NA NA NA NA NA NA NA NA NA
"23" "" 2017-12-06 23.33 "CHI" "@" "IND" "L" -2 NA NA NA NA NA NA NA NA NA NA NA NA NA NA NA NA
"24" "" 2017-12-08 23.33 "CHI" "@" "CHO" "W" 8 NA NA NA NA NA NA NA NA NA NA NA NA NA NA NA NA
"25" "" 2017-12-09 23.34 "CHI" "" "NYK" "W" 2 NA NA NA NA NA NA NA NA NA NA NA NA NA NA NA NA
"26" "" 2017-12-11 23.34 "CHI" "" "BOS" "W" 23 NA NA NA NA NA NA NA NA NA NA NA NA NA NA NA NA
"27" "" 2017-12-13 23.35 "CHI" "" "UTA" "W" 3 NA NA NA NA NA NA NA NA NA NA NA NA NA NA NA NA
"28" "" 2017-12-15 23.35 "CHI" "@" "MIL" "W" 6 NA NA NA NA NA NA NA NA NA NA NA NA NA NA NA NA
"29" "" 2017-12-18 23.36 "CHI" "" "PHI" "W" 2 NA NA NA NA NA NA NA NA NA NA NA NA NA NA NA NA
"30" "" 2017-12-20 23.37 "CHI" "" "ORL" "W" 18 NA NA NA NA NA NA NA NA NA NA NA NA NA NA NA NA
"31" "" 2017-12-21 23.37 "CHI" "@" "CLE" "L" -3 NA NA NA NA NA NA NA NA NA NA NA NA NA NA NA NA
"32" "" 2017-12-23 23.38 "CHI" "@" "BOS" "L" -25 NA NA NA NA NA NA NA NA NA NA NA NA NA NA NA NA
"33" "" 2017-12-26 23.38 "CHI" "@" "MIL" "W" 9 NA NA NA NA NA NA NA NA NA NA NA NA NA NA NA NA
"34" "" 2017-12-27 23.39 "CHI" "" "NYK" "W" 5 NA NA NA NA NA NA NA NA NA NA NA NA NA NA NA NA
"35" "" 2017-12-29 23.39 "CHI" "" "IND" "W" 12 NA NA NA NA NA NA NA NA NA NA NA NA NA NA NA NA
"36" "" 2017-12-31 23.4 "CHI" "@" "WAS" "L" -4 NA NA NA NA NA NA NA NA NA NA NA NA NA NA NA NA
"37" "" 2018-01-01 23.4 "CHI" "" "POR" "L" -4 NA NA NA NA NA NA NA NA NA NA NA NA NA NA NA NA
"38" "" 2018-01-03 23.41 "CHI" "" "TOR" "L" -9 NA NA NA NA NA NA NA NA NA NA NA NA NA NA NA NA
"39" "" 2018-01-05 23.41 "CHI" "@" "DAL" "W" 3 NA NA NA NA NA NA NA NA NA NA NA NA NA NA NA NA
"40" "" 2018-01-06 23.41 "CHI" "@" "IND" "L" -39 NA NA NA NA NA NA NA NA NA NA NA NA NA NA NA NA
"41" "" 2018-01-08 23.42 "CHI" "" "HOU" "L" -9 NA NA NA NA NA NA NA NA NA NA NA NA NA NA NA NA
"42" "" 2018-01-10 23.42 "CHI" "@" "NYK" "W" 3 NA NA NA NA NA NA NA NA NA NA NA NA NA NA NA NA
"43" "" 2018-01-13 23.43 "CHI" "" "DET" "W" 2 NA NA NA NA NA NA NA NA NA NA NA NA NA NA NA NA
"44" "" 2018-01-15 23.44 "CHI" "" "MIA" "W" 8 NA NA NA NA NA NA NA NA NA NA NA NA NA NA NA NA
"45" "" 2018-01-17 23.44 "CHI" "" "GSW" "L" -7 NA NA NA NA NA NA NA NA NA NA NA NA NA NA NA NA
"46" "" 2018-01-20 23.45 "CHI" "@" "ATL" "W" 16 NA NA NA NA NA NA NA NA NA NA NA NA NA NA NA NA
"47" "" 2018-01-22 23.46 "CHI" "@" "NOP" "L" -4 NA NA NA NA NA NA NA NA NA NA NA NA NA NA NA NA
"48" "" 2018-01-24 23.46 "CHI" "@" "PHI" "L" -14 NA NA NA NA NA NA NA NA NA NA NA NA NA NA NA NA
"49" "" 2018-01-26 23.47 "CHI" "" "LAL" "L" -5 NA NA NA NA NA NA NA NA NA NA NA NA NA NA NA NA
"50" "" 2018-01-28 23.47 "CHI" "" "MIL" "L" -14 NA NA NA NA NA NA NA NA NA NA NA NA NA NA NA NA
"51" "" 2018-01-31 23.48 "CHI" "@" "POR" "L" -16 NA NA NA NA NA NA NA NA NA NA NA NA NA NA NA NA
"52" "" 2018-02-03 23.49 "CHI" "@" "LAC" "L" -10 NA NA NA NA NA NA NA NA NA NA NA NA NA NA NA NA
"53" "" 2018-02-05 23.5 "CHI" "@" "SAC" "L" -6 NA NA NA NA NA NA NA NA NA NA NA NA NA NA NA NA
"54" "" 2018-02-09 23.51 "CHI" "" "MIN" "W" 1 NA NA NA NA NA NA NA NA NA NA NA NA NA NA NA NA
"55" "" 2018-02-10 23.51 "CHI" "" "WAS" "L" -11 NA NA NA NA NA NA NA NA NA NA NA NA NA NA NA NA
"56" "" 2018-02-12 23.52 "CHI" "" "ORL" "W" 4 NA NA NA NA NA NA NA NA NA NA NA NA NA NA NA NA
"57" "" 2018-02-14 23.52 "CHI" "" "TOR" "L" -24 NA NA NA NA NA NA NA NA NA NA NA NA NA NA NA NA
"58" "1" 2018-02-22 23.54 "CHI" "" "PHI" "L" -1 0 20.05 0.389 0.389 0 10.6 5.4 45.5 2.4 4.5 18.2 22.6 97 113 6.7 1.3
"59" "2" 2018-02-24 23.55 "CHI" "@" "MIN" "L" -18 0 19.0833333333333 0.611 0.611 0 5.2 2.7 25.6 0 4.3 0 20.1 125 119 9 3.4
"60" "3" 2018-02-26 23.55 "CHI" "@" "BRK" "L" -17 0 17.55 0.1 0.1 9.8 17.1 13.1 18.1 5.5 0 9.1 25.9 39 98 -0.3 -11.7
"61" "4" 2018-02-27 23.56 "CHI" "@" "CHO" "L" -15 0 17.8833333333333 0.75 0.75 0 6.9 3.4 52 0 11.4 20 12.2 145 118 8.5 7.5
"62" "5" 2018-03-02 23.56 "CHI" "" "DAL" "W" 8 0 13.7166666666667 0.333 0.333 0 7.4 3.8 0 7.3 0 0 18.9 72 95 2.5 -4.8
"63" "6" 2018-03-05 23.57 "CHI" "" "BOS" "L" -16 0 19.5166666666667 0.714 0.714 0 0 0 22.2 7.9 0 12.5 19.1 122 105 9.7 10.5
"64" "7" 2018-03-07 23.58 "CHI" "" "MEM" "W" 9 0 16 0.509 0.5 9.1 7.3 8.1 27.3 3 0 30.4 26.2 90 112 4.3 -7.3
"65" "8" 2018-03-09 23.58 "CHI" "@" "DET" "L" -16 0 22.6833333333333 0.814 0.8 0 4.9 2.3 0 4.5 0 16.1 23.8 119 103 11.9 12.4
"66" "9" 2018-03-11 23.59 "CHI" "@" "ATL" "W" 7 0 17.4 0.902 0.833 5.5 7.1 6.2 26 5.6 0 0 9.6 203 118 11.5 10.5
"67" "10" 2018-03-13 23.59 "CHI" "" "LAC" "L" -6 0 21.6166666666667 0.46 0.45 0 27.8 12.8 19.5 4.4 0 0 20.7 105 106 9 2.1
"68" "11" 2018-03-15 23.6 "CHI" "@" "MEM" "W" 1 0 25.1666666666667 0.444 0.444 4.3 8.5 6.4 32.6 0 0 0 16 118 120 7.3 -3.3
"69" "12" 2018-03-17 23.61 "CHI" "" "CLE" "L" -5 1 31.8 0.591 0.591 3.4 3.4 3.4 45.1 0 0 21.4 19.3 119 124 11.5 -0.5
"70" "13" 2018-03-19 23.61 "CHI" "@" "NYK" "L" -18 1 28.7333333333333 0.167 0.167 5.6 13.6 9.2 33.8 0 5.5 14.3 20.1 54 111 1.4 -11.5
"71" "14" 2018-03-21 23.62 "CHI" "" "DEN" "L" -33 1 23.2166666666667 0.786 0.786 0 6.3 2.6 40.4 4.2 4.3 22.2 16.9 128 132 11.7 6
"72" "15" 2018-03-23 23.62 "CHI" "" "MIL" "L" -13 1 30.5666666666667 0.638 0.583 3.4 11.5 7.2 35.5 1.7 0 7 20.2 145 129 15.6 5.7
"73" "16" 2018-03-24 23.62 "CHI" "@" "DET" "L" -22 1 27.9333333333333 0.46 0.45 3.4 12.3 7.4 16 1.8 0 0 16.6 110 125 7.3 -5.1
"74" "17" 2018-03-27 23.63 "CHI" "@" "HOU" "L" -32 1 22.9666666666667 0.143 0.143 8.4 26.7 17.2 19.6 2.1 0 22.2 16.4 50 115 1.4 -10.8
"75" "18" 2018-03-29 23.64 "CHI" "@" "MIA" "L" -11 1 29.5666666666667 0.506 0.45 0 0 0 30.6 1.6 0 21.6 18.9 93 107 6.3 -3
"76" "19" 2018-03-30 23.64 "CHI" "@" "ORL" "W" 8 1 21.8 0.688 0.688 0 8.2 4.1 62.3 0 4 27.3 22 114 93 8.7 6.6
"77" "20" 2018-04-01 23.65 "CHI" "" "WAS" "W" 19 1 24.9166666666667 0.625 0.625 0 9.6 5 9.8 0 3.8 33.3 11 90 100 2.9 -5.9
"78" "21" 2018-04-03 23.65 "CHI" "" "CHO" "W" 6 1 24.0833333333333 0.308 0.308 12 4.6 8.6 36.7 0 0 0 22.7 104 120 7.8 -5.5
"79" "22" 2018-04-06 23.66 "CHI" "@" "BOS" "L" -7 1 22.3833333333333 0.611 0.611 13.1 5.4 9.6 27.3 0 0 10 19.4 129 119 10.1 2.9
"80" "23" 2018-04-07 23.66 "CHI" "" "BRK" "L" -28 1 25.8 0.368 0.35 0 14 6.6 30.6 3.6 0 15.5 21.7 75 116 5.8 -4.3
"81" "24" 2018-04-09 23.67 "CHI" "@" "BRK" "L" -9 1 24.0333333333333 0.75 0.75 0 15 7.3 38.6 4 0 23.1 22.9 123 111 13.3 7.5
"82" "25" 2018-04-11 23.67 "CHI" "" "DET" "L" -32 1 33.05 0.333 0.333 0 12.4 5 44.9 1.5 0 18.2 14.3 88 125 5.5 -5.4
"1" "1" 2018-10-18 24.19 "CHI" "@" "PHI" "L" -19 1 21.5666666666667 0 0 0 4.9 2.4 25.3 2.1 0 20 9.4 48 119 0.6 -10.6
"2" "2" 2018-10-20 24.2 "CHI" "" "DET" "L" -2 1 28.35 0.599 0.5 4.7 6.3 5.6 20 0 0 6.6 23.5 124 125 12.9 -2.4
"3" "3" 2018-10-22 24.21 "CHI" "@" "DAL" "L" -6 0 17.7 0.429 0.429 0 13.6 7.2 16.5 0 0 22.2 22.5 79 122 1.1 -13.6
"4" "4" 2018-10-24 24.21 "CHI" "" "CHO" "W" 2 1 30.85 0.808 0.808 8.4 10.6 9.6 23.8 1.7 3.1 18.8 23.4 133 116 16.9 11.2
"5" "5" 2018-10-26 24.22 "CHI" "@" "CHO" "L" -29 1 23.1166666666667 0.718 0.7 4.4 0 2.5 25.4 4.3 0 8.7 22.1 137 136 14.2 6.5
"6" "6" 2018-10-27 24.22 "CHI" "@" "ATL" "W" 12 1 17.7833333333333 0.347 0 6 4.9 5.4 37.5 2.7 0 25.8 9.5 111 90 3.5 -3.8
"7" "7" 2018-10-29 24.22 "CHI" "" "GSW" "L" -25 1 20.0833333333333 0.697 0.611 4.5 12 7.7 7 0 4.7 0 21.8 150 144 13 2.6
"8" "8" 2018-10-31 24.23 "CHI" "" "DEN" "L" -1 1 24.7166666666667 0.313 0.313 0 0 0 12.4 0 0 38.5 24.7 45 116 -3.8 -21
"9" "9" 2018-11-02 24.24 "CHI" "" "IND" "L" -2 1 25.25 0.3 0.3 0 9.3 4.5 37.9 0 0 0 8.9 125 118 4.9 -4.2
"10" "10" 2018-11-03 24.24 "CHI" "" "HOU" "L" -8 1 24.6333333333333 0.368 0.3 5 9.1 7.1 26.4 6.1 0 21.6 26.5 70 95 4.8 -3.8
"11" "11" 2018-11-05 24.24 "CHI" "@" "NYK" "W" 1 1 40.7333333333333 0.35 0.364 2.7 4.9 3.9 7.6 0 1.8 0 12.8 87 112 4.5 -7.4
"12" "12" 2018-11-07 24.25 "CHI" "@" "NOP" "L" -9 1 14.9 0.286 0.286 0 0 0 20.4 9.3 0 22.2 25.3 54 92 1.9 -4.9
"13" "" 2018-11-10 24.26 "CHI" "" "CLE" "W" 1 NA NA NA NA NA NA NA NA NA NA NA NA NA NA NA NA
"14" "" 2018-11-12 24.26 "CHI" "" "DAL" "L" -5 NA NA NA NA NA NA NA NA NA NA NA NA NA NA NA NA
"15" "13" 2018-11-14 24.27 "CHI" "@" "BOS" "L" -29 0 8.45 0.5 0.5 0 11.8 5.8 0 0 0 33.3 15.5 61 116 0.3 -11.6
"16" "14" 2018-11-16 24.27 "CHI" "@" "MIL" "L" -19 0 3.48333333333333 1.136 NA 0 0 0 0 13.1 0 0 10.9 250 95 3 20.6
"17" "15" 2018-11-17 24.28 "CHI" "" "TOR" "L" -39 1 22.3166666666667 0.333 0.333 4.1 12.3 7.3 33.5 2 4 25 14.7 70 113 2.8 -7.5
"18" "16" 2018-11-21 24.29 "CHI" "" "PHO" "W" 8 0 8.01666666666667 1.5 1.5 0 58.4 31.9 15 0 0 0 5.5 273 109 4.6 8.8
"19" "17" 2018-11-23 24.29 "CHI" "" "MIA" "L" -7 0 5.81666666666667 NA NA 0 33 16.7 0 0 0 100 6.9 0 99 -0.8 -18.7
"20" "18" 2018-11-24 24.3 "CHI" "@" "MIN" "L" -15 0 6.61666666666667 0 0 0 0 0 22.7 0 0 0 6.7 47 122 -0.4 -13.4
"21" "19" 2018-11-26 24.3 "CHI" "" "SAS" "L" -1 0 8.91666666666667 0.333 0.333 0 0 0 0 0 0 0 15.3 66 116 -0.1 -16.3
"22" "20" 2018-11-28 24.31 "CHI" "@" "MIL" "L" -3 0 16.5666666666667 0.788 0.75 0 6.6 3.1 18.5 0 0 18.4 14 130 122 5.3 -3.9
"23" "21" 2018-11-30 24.31 "CHI" "@" "DET" "L" -19 0 25.1833333333333 0.405 0.333 4.1 20.7 12.4 30.5 0 0 0 17.6 102 112 7.8 -2.5
"24" "22" 2018-12-01 24.32 "CHI" "@" "HOU" "L" -16 0 17.8666666666667 0 0 0 0 0 41.3 5.2 0 0 11.8 57 114 1.8 -4.4
"25" "23" 2018-12-04 24.32 "CHI" "@" "IND" "L" -6 0 20.3833333333333 0.672 0.643 0 6.2 2.6 34.2 0 0 11.8 17.4 128 104 7.6 3
"26" "24" 2018-12-07 24.33 "CHI" "" "OKC" "W" 2 0 11.6 0.644 0.5 0 8.6 4.6 53.2 3.8 6.3 34 21.7 115 100 6.4 10.2
"27" "25" 2018-12-08 24.33 "CHI" "" "BOS" "L" -56 0 24.5333333333333 0.5 0.5 0 14 6.5 27.7 2.1 0 23.1 24.9 81 141 5.6 -6.8
"28" "26" 2018-12-10 24.34 "CHI" "" "SAC" "L" -19 0 2.13333333333333 0 0 0 0 0 0 0 0 0 20.7 0 120 -0.7 -24.5
"29" "" 2018-12-13 24.35 "CHI" "@" "ORL" "L" -6 NA NA NA NA NA NA NA NA NA NA NA NA NA NA NA NA
"30" "27" 2018-12-15 24.35 "CHI" "@" "SAS" "W" 5 0 13.1666666666667 0.5 0.5 0 9.3 4.5 12.3 4 7 20 17.8 85 98 3.7 1.4
"31" "28" 2018-12-17 24.36 "CHI" "@" "OKC" "L" -25 0 22.4666666666667 0.786 0.786 0 14.2 7.1 46.9 4.2 0 22.2 16.7 135 114 10.8 6.5
"32" "29" 2018-12-19 24.36 "CHI" "" "BRK" "L" -3 0 19.8 0.333 0.333 0 6.6 2.9 20.7 0 0 14.3 16.4 75 114 2 -9.1
"33" "" 2018-12-21 24.37 "CHI" "" "ORL" "W" 10 NA NA NA NA NA NA NA NA NA NA NA NA NA NA NA NA
"34" "" 2018-12-23 24.38 "CHI" "@" "CLE" "W" 20 NA NA NA NA NA NA NA NA NA NA NA NA NA NA NA NA
"35" "30" 2018-12-26 24.38 "CHI" "" "MIN" "L" -25 0 3.66666666666667 0 0 0 0 0 0 0 0 0 11.7 0 130 -0.7 -20.6
"36" "" 2018-12-28 24.39 "CHI" "@" "WAS" "W" 9 NA NA NA NA NA NA NA NA NA NA NA NA NA NA NA NA
"37" "" 2018-12-30 24.39 "CHI" "@" "TOR" "L" -6 NA NA NA NA NA NA NA NA NA NA NA NA NA NA NA NA
"38" "31" 2019-01-02 24.4 "CHI" "" "ORL" "L" -28 0 5.48333333333333 0 0 0 28.2 12 24.3 0 0 0 8.7 45 124 -0.1 -13.9
"39" "32" 2019-01-08 24.42 "CLE" "" "IND" "L" -8 0 22.05 0.625 0.625 0 13.2 6.5 20.2 0 0 0 17.1 140 133 8.3 -0.4
"40" "33" 2019-01-09 24.42 "CLE" "@" "NOP" "L" -16 0 22.2833333333333 0.901 0.938 0 0 0 14.8 0 0 10.1 18.6 151 144 12 3.6
"41" "34" 2019-01-11 24.43 "CLE" "@" "HOU" "L" -28 0 20.6833333333333 0.455 0.389 0 22.6 11.1 35.1 6.5 6.3 23.3 26.3 84 119 8.1 -1.2
"42" "35" 2019-01-13 24.43 "CLE" "@" "LAL" "W" 6 0 5.83333333333333 0 0 0 15 8 21.7 0 0 50 15.1 25 100 -0.7 -16.2
"43" "36" 2019-01-16 24.44 "CLE" "@" "POR" "L" -17 0 20.6333333333333 0.75 0.75 10.1 6.5 8.5 13.9 0 0 0 17.5 164 143 10.7 5.9
"44" "37" 2019-01-18 24.45 "CLE" "@" "UTA" "L" -16 0 24.2 0.651 0.556 0 20.3 9.3 22.8 1.9 4.1 0 19 139 109 13.9 7.8
"45" "38" 2019-01-19 24.45 "CLE" "@" "DEN" "L" -22 1 19.7 0 NA 0 7 3.4 20.9 0 0 69.4 7.4 51 143 -1.6 -16.3
"46" "39" 2019-01-21 24.45 "CLE" "" "CHI" "L" -16 0 25.7833333333333 0.431 0.409 3.5 16 8.5 23.7 3.9 4 13.6 24.2 85 102 7.7 0.8
"47" "40" 2019-01-23 24.46 "CLE" "@" "BOS" "L" -20 0 14.8833333333333 0.532 0 0 0 0 8.5 6.5 0 51.5 10.8 66 116 2 -5.7
"48" "" 2019-01-25 24.47 "CLE" "" "MIA" "L" -6 NA NA NA NA NA NA NA NA NA NA NA NA NA NA NA NA
"1" "1" 2020-07-31 25.98 "PHO" "@" "WAS" "W" 13 0 18.95 0.643 0.643 0 18.5 10.4 15.9 4.8 3.7 12.5 18.2 111 96 9.7 7
"2" "2" 2020-08-02 25.99 "PHO" "" "DAL" "W" 2 0 19.7 0.5 0.5 0 18.4 9.9 7.6 2.3 3.9 9.1 23.5 90 104 6.4 1.8
"3" "3" 2020-08-04 25.99 "PHO" "@" "LAC" "W" 2 0 20.1666666666667 0.667 0.667 4.7 11.6 7.8 21.6 2.4 0 0 19.4 147 116 10.9 9
"4" "4" 2020-08-06 26 "PHO" "" "IND" "W" 15 0 21.6666666666667 0.833 0.833 0 14.4 7.3 22.4 2.2 0 18.2 21 130 97 11.9 10.7
"5" "5" 2020-08-08 26 "PHO" "@" "MIA" "W" 7 0 21.2166666666667 0.357 0.357 4.9 21 12.7 28.7 0 0 30 20.2 80 116 2.1 -9.5
"6" "6" 2020-08-10 26.01 "PHO" "" "OKC" "W" 27 0 32.8166666666667 0.509 0.417 0 17.9 9.4 20.2 4.1 0 6.8 17.9 118 92 13.7 1.7
"7" "7" 2020-08-11 26.01 "PHO" "@" "PHI" "W" 13 0 19.4166666666667 0.583 0.583 7.3 5.6 6.3 17.8 0 0 25 18.8 110 131 3.1 -9.6
"8" "8" 2020-08-13 26.01 "PHO" "" "DAL" "W" 26 0 29.2 0.805 0.813 4.2 13.4 9.3 8.1 0 0 9.7 16.4 144 111 12.5 1.2
"1" "1" 2020-12-23 26.38 "PHO" "" "DAL" "W" 4 0 20.25 0.611 0.611 6.1 9.9 8.2 27.2 0 4.9 10 21.8 120 105 9 4.7
"2" "2" 2020-12-26 26.38 "PHO" "@" "SAC" "L" -3 0 15.2166666666667 0.571 0.571 0 7 3.3 44.5 3.1 0 22.2 24.7 100 104 6 1.5
"3" "3" 2020-12-27 26.39 "PHO" "@" "SAC" "W" 16 0 19.6166666666667 0.595 0.5 0 31.4 14.7 35.7 5 0 0 13.3 150 93 9.6 6.9
"4" "4" 2020-12-29 26.39 "PHO" "" "NOP" "W" 25 0 23.1166666666667 0.722 0.722 0 10.9 4.9 54.6 0 0 0 18.3 169 99 13 12.2
"5" "5" 2020-12-31 26.4 "PHO" "@" "UTA" "W" 11 0 18.1666666666667 0.625 0.625 0 5.7 3 17.4 0 0 11.1 23 111 107 5.5 -1.6
"6" "6" 2021-01-01 26.4 "PHO" "@" "DEN" "W" 3 0 15.55 0.333 0.333 8.1 25 16.5 27.3 3.3 0 40 15.1 80 104 2.6 -3.7
"7" "7" 2021-01-03 26.41 "PHO" "" "LAC" "L" -5 0 16.4833333333333 0.583 0.583 0 7.1 3.8 10.3 0 0 25 23.2 85 128 3 -7.2
"8" "8" 2021-01-06 26.41 "PHO" "" "TOR" "W" 8 0 16.4 0.644 0.5 0 20.4 10.6 78.9 0 0 20.5 13.8 166 124 9.4 8.9
"9" "9" 2021-01-08 26.42 "PHO" "@" "DET" "L" -5 0 15.15 0.5 0.5 0 14 7.3 34.4 6.6 0 33.3 26.7 80 96 4.3 -2
"10" "" 2021-01-09 26.42 "PHO" "@" "IND" "W" 8 NA NA NA NA NA NA NA NA NA NA NA NA NA NA NA NA
"11" "" 2021-01-11 26.43 "PHO" "@" "WAS" "L" -21 NA NA NA NA NA NA NA NA NA NA NA NA NA NA NA NA
"12" "10" 2021-01-18 26.45 "PHO" "@" "MEM" "L" -4 0 16.65 0.833 0.833 0 14.1 6.9 33.7 0 0 25 10.2 143 116 5.3 -0.2
"13" "11" 2021-01-20 26.45 "PHO" "@" "HOU" "W" 6 0 18.3 0.601 0.5 0 11.9 6.2 38.4 0 4.6 0 19.1 142 103 9.9 7.3
"14" "12" 2021-01-22 26.46 "PHO" "" "DEN" "L" -4 0 16.2666666666667 0 0 0 14.2 7.4 6.9 0 4.2 75 11.2 16 122 -2.1 -15.6
"15" "13" 2021-01-23 26.46 "PHO" "" "DEN" "L" -8 0 15.9833333333333 0.17 0 0 0 0 17.7 6.5 0 0 17.9 54 102 1.1 -6.7
"16" "" 2021-01-27 26.47 "PHO" "" "OKC" "L" -5 NA NA NA NA NA NA NA NA NA NA NA NA NA NA NA NA
"17" "" 2021-01-28 26.47 "PHO" "" "GSW" "W" 21 NA NA NA NA NA NA NA NA NA NA NA NA NA NA NA NA
"18" "" 2021-01-30 26.48 "PHO" "@" "DAL" "W" 6 NA NA NA NA NA NA NA NA NA NA NA NA NA NA NA NA
"19" "" 2021-02-01 26.48 "PHO" "@" "DAL" "W" 1 NA NA NA NA NA NA NA NA NA NA NA NA NA NA NA NA
"20" "" 2021-02-03 26.49 "PHO" "@" "NOP" "L" -22 NA NA NA NA NA NA NA NA NA NA NA NA NA NA NA NA
"21" "" 2021-02-05 26.5 "PHO" "" "DET" "W" 17 NA NA NA NA NA NA NA NA NA NA NA NA NA NA NA NA
"22" "" 2021-02-07 26.5 "PHO" "" "BOS" "W" 9 NA NA NA NA NA NA NA NA NA NA NA NA NA NA NA NA
"23" "" 2021-02-08 26.5 "PHO" "" "CLE" "W" 6 NA NA NA NA NA NA NA NA NA NA NA NA NA NA NA NA
"24" "" 2021-02-10 26.51 "PHO" "" "MIL" "W" 1 NA NA NA NA NA NA NA NA NA NA NA NA NA NA NA NA
"25" "14" 2021-02-13 26.52 "PHO" "" "PHI" "W" 9 0 14.65 0.5 0.5 0 0 0 7.9 3.5 0 33.3 19.8 71 120 1.7 -8.6
"26" "15" 2021-02-14 26.52 "PHO" "" "ORL" "W" 19 0 19.55 0.438 0.438 0 8.6 4.6 14.6 0 0 0 18.4 100 98 3.4 -6.6
"27" "16" 2021-02-16 26.53 "PHO" "" "BRK" "L" -4 0 13.3 0.9 0.9 0 0 0 38.8 0 0 16.7 21.8 155 143 7.7 7.3
"28" "17" 2021-02-19 26.53 "PHO" "@" "NOP" "W" 18 0 17.3166666666667 1.042 1.25 0 0 0 24.4 0 0 25.8 10.1 166 122 6.8 2
"29" "18" 2021-02-20 26.54 "PHO" "@" "MEM" "W" 31 0 25.5166666666667 0.95 0.95 0 7.1 4.2 40.1 2 0 16.7 22.2 157 105 18.9 14.1
"30" "19" 2021-02-22 26.54 "PHO" "" "POR" "W" 32 0 17.2666666666667 0.394 0.313 0 19.4 9.4 0 0 6.2 0 21.7 91 105 3.8 -8.1
"31" "20" 2021-02-24 26.55 "PHO" "" "CHO" "L" -3 0 10.4166666666667 0.5 0.5 0 10.7 5.3 46.8 4.5 0 33.3 12.2 114 117 3.3 0.7
"32" "21" 2021-02-26 26.55 "PHO" "@" "CHI" "W" 9 0 9.15 0.5 0.5 0 15.9 7.4 13.5 5.6 0 0 10.3 108 98 3 0.8
"33" "22" 2021-02-28 26.56 "PHO" "@" "MIN" "W" 19 0 3.08333333333333 0 0 0 31.8 17.1 35.4 0 0 0 13.5 52 94 -0.1 -13.2
"34" "23" 2021-03-02 26.56 "PHO" "@" "LAL" "W" 10 0 10.3833333333333 0 0 0 13.2 6.7 12.2 0 0 0 9.2 36 118 -1.2 -18
"35" "24" 2021-03-04 26.57 "PHO" "" "GSW" "W" 22 0 26.6833333333333 0.743 0.727 4.2 14.7 9.8 49.4 5.3 3.4 14.9 20.5 147 86 21.5 19.5
"36" "25" 2021-03-11 26.59 "PHO" "@" "POR" "W" 6 0 20.0166666666667 1.105 1.1 0 15 9.1 36.5 2.5 0 14.5 15.8 191 122 16.2 19.7
"37" "26" 2021-03-13 26.59 "PHO" "" "IND" "L" -11 0 15.65 0.75 0.75 0 15.7 7.2 10 0 5.2 14.3 18.8 120 121 6.6 1.6
"38" "27" 2021-03-15 26.6 "PHO" "" "MEM" "W" 23 0 23.6833333333333 0.742 0.714 6 4.3 5 20.8 0 0 10.2 18.9 146 109 10.9 3.9
"39" "28" 2021-03-18 26.61 "PHO" "" "MIN" "L" -4 0 16.55 0.5 0.5 0 29.6 17.1 34.4 0 0 50 15.1 87 117 2.5 -7
"40" "29" 2021-03-19 26.61 "PHO" "" "MIN" "W" 12 0 18.5666666666667 0.619 0.563 0 33.1 16.4 31.7 0 0 10.1 22.9 124 102 10.3 5.1
"41" "30" 2021-03-21 26.62 "PHO" "" "LAL" "W" 17 0 18.7333333333333 0.644 0.5 0 5.2 2.8 26 0 0 34 14.1 106 102 3.2 -5.5
"42" "31" 2021-03-23 26.62 "PHO" "@" "MIA" "W" 10 0 21.6833333333333 0.461 0.375 10.8 4.6 7.5 28.9 2.5 0 9.3 23.6 114 116 9 0.9
"43" "32" 2021-03-24 26.62 "PHO" "@" "ORL" "L" -1 0 17.8666666666667 0 0 0 11.7 5.6 13.4 2.8 5.1 0 10 31 111 0.9 -8.2
"44" "33" 2021-03-26 26.63 "PHO" "@" "TOR" "W" 4 0 12.85 0.5 0.5 9.3 16.6 13.2 21 0 0 20 17.5 102 107 2.9 -4.8
"45" "34" 2021-03-28 26.64 "PHO" "@" "CHO" "W" 4 0 14.8166666666667 0.466 0.417 0 15.9 7 26.6 3.7 0 0 18.8 122 98 4.4 3
"46" "35" 2021-03-30 26.64 "PHO" "" "ATL" "W" 7 0 17.35 0.286 0.286 0 25.2 13 35 2.9 0 0 17.8 100 111 4.4 -3.5
"47" "36" 2021-03-31 26.64 "PHO" "" "CHI" "W" 5 0 15.9666666666667 0.643 0.643 0 26.1 14.7 35.4 0 0 0 20.9 140 121 8.5 2.2
"48" "37" 2021-04-02 26.65 "PHO" "" "OKC" "W" 37 0 26.2 0.5 0.5 5.6 19.9 13.9 31.4 1.8 7.2 18.2 18.4 117 100 12.1 2.4
"49" "38" 2021-04-05 26.66 "PHO" "@" "HOU" "W" 3 0 12.95 0.5 0.5 0 0 0 27.6 3.6 0 50 13.4 84 124 1.7 -7.4
"50" "39" 2021-04-07 26.66 "PHO" "" "UTA" "W" 4 0 10.05 0.417 0.417 9.8 20.3 14.9 0 4.8 0 0 25.6 101 96 3.5 4
"51" "40" 2021-04-08 26.67 "PHO" "@" "LAC" "L" -10 0 16.3666666666667 0.58 0.5 0 16.3 8.3 21.6 3.4 0 27.9 32.1 91 126 4.8 -6.8
"52" "41" 2021-04-10 26.67 "PHO" "" "WAS" "W" 28 0 23 0.778 0.778 0 4.4 2.2 34.4 2 0 0 16.6 165 103 15.9 11.1
"53" "42" 2021-04-12 26.68 "PHO" "" "HOU" "W" 6 0 21.4 0.458 0.458 4.4 5.3 4.8 24.9 0 0 0 23.4 116 127 7.2 -5.2
"54" "43" 2021-04-13 26.68 "PHO" "" "MIA" "W" 20 0 22.2833333333333 0.717 0.625 0 22.9 12.8 51.3 2.2 0 9.3 21.3 152 89 16.4 17.4
"55" "44" 2021-04-15 26.68 "PHO" "" "SAC" "W" 8 0 18.3166666666667 0.571 0.571 0 7.9 3.7 27.9 2.8 0 22.2 22.9 106 121 5.6 -6.2
"56" "45" 2021-04-17 26.69 "PHO" "" "SAS" "L" -26 0 25.6833333333333 0.47 0.455 0 24.6 9.9 21 0 0 19 26.5 84 117 4.9 -7.7
"57" "46" 2021-04-19 26.7 "PHO" "@" "MIL" "W" 1 0 14.9833333333333 0.667 0.667 0 7.7 3.7 0 0 0 10 29.1 108 121 7 1.6
"58" "47" 2021-04-21 26.7 "PHO" "@" "PHI" "W" 3 0 14.0833333333333 0.375 0.375 8.5 0 4.4 9.1 0 6.2 33.3 19.8 69 131 -0.1 -14.2
"59" "48" 2021-04-22 26.7 "PHO" "@" "BOS" "L" -13 0 17.7166666666667 0.389 0.389 5.6 14.3 9.5 9.7 2.8 0 10 24.9 79 103 3.9 -0.1
"60" "49" 2021-04-25 26.71 "PHO" "@" "BRK" "L" -9 0 14.9833333333333 0.417 0.417 0 8.2 3.7 35 3.3 5.4 0 17 122 127 5.6 6.6
"61" "50" 2021-04-26 26.72 "PHO" "@" "NYK" "W" 8 0 16.4166666666667 0.854 0.833 0 23.1 12.2 35.1 3.1 5 0 19.1 181 110 13 20.4
"62" "51" 2021-04-28 26.72 "PHO" "" "LAC" "W" 8 0 21.5333333333333 0.536 0.536 14.5 6.4 11 30.1 0 0 0 29.2 136 119 12.8 9.8
"63" "52" 2021-04-30 26.73 "PHO" "" "UTA" "W" 21 0 22.5 0.511 0.389 0 29.1 16 5.1 0 5.2 8.5 23.4 104 106 7.3 -4.9
"64" "" 2021-05-02 26.73 "PHO" "@" "OKC" "W" 3 NA NA NA NA NA NA NA NA NA NA NA NA NA NA NA NA
"65" "53" 2021-05-04 26.74 "PHO" "@" "CLE" "W" 16 0 17.4833333333333 0.6 0.6 0 13.5 6.7 33 0 0 16.7 15.5 126 120 6.4 -2.2
"66" "54" 2021-05-05 26.74 "PHO" "@" "ATL" "L" -32 0 20.2333333333333 0.581 0.5 0 8.2 3.1 25.2 2.6 4.1 0 16.2 136 146 7.5 1.9
"67" "55" 2021-05-07 26.75 "PHO" "" "NYK" "W" 23 0 20.75 0.689 0.65 0 5.3 2.7 22.1 4.7 0 8.4 25.4 131 101 13 11.8
"68" "56" 2021-05-09 26.75 "PHO" "@" "LAL" "L" -13 0 20.1666666666667 1.103 1.1 0 5.5 3.3 0 0 0 8.4 28.6 181 137 18.7 17.3
"69" "57" 2021-05-11 26.76 "PHO" "@" "GSW" "L" -6 0 21.9833333333333 0.5 0.5 0 15.6 8.6 38 2.3 4 0 15.6 135 126 10.1 6.8
"70" "58" 2021-05-13 26.76 "PHO" "" "POR" "W" 1 0 27.25 0.815 0.792 4.2 26.7 14.1 32.7 1.8 3.7 7.2 22.1 160 113 21.8 18.6
"71" "59" 2021-05-15 26.77 "PHO" "@" "SAS" "W" 37 0 17.4333333333333 0.667 0.667 0 11.7 6.3 43.2 0 0 0 21.8 151 103 12.1 9.3
"72" "60" 2021-05-16 26.77 "PHO" "@" "SAS" "W" 2 1 27.4666666666667 0.638 0.607 0 14.3 7.4 25.7 1.7 0 11.8 25.9 122 118 16 1.9
