"Rk" "G" "Date" "Age" "Tm" "H/A" "Opp" "W/L" "By Amt" "GS" "MP" "TS%" "eFG%" "ORB%" "DRB%" "TRB%" "AST%" "STL%" "BLK%" "TOV%" "USG%" "ORtg" "DRtg" "GmSc" "BPM"
"1" "1" 1983-02-08 24.88 "PHO" "" "DAL" "L" -12 0 3 NA NA NA NA NA NA NA NA NA NA NA NA -1 NA
"2" "2" 1983-02-16 24.9 "PHO" "@" "KCK" "W" 9 0 5 1 1 NA NA NA NA NA NA NA NA NA NA 0 NA
"3" "3" 1983-02-19 24.91 "PHO" "@" "DET" "L" -11 0 1 NA NA NA NA NA NA NA NA NA NA NA NA 0.6 NA
"4" "4" 1983-02-20 24.92 "PHO" "@" "CLE" "W" 22 0 4 0 0 NA NA NA NA NA NA NA NA NA NA -0.7 NA
"5" "5" 1983-02-22 24.92 "PHO" "" "MIL" "W" 7 0 2 1 1 NA NA 0 0 NA 31.6 0 NA NA NA 1.2 NA
"6" "6" 1983-02-24 24.93 "PHO" "@" "UTA" "W" 7 0 13 0.515 0.333 NA NA 0 8.9 NA 0 NA NA NA NA 1.4 NA
"7" "7" 1983-02-25 24.93 "PHO" "@" "SEA" "W" 5 0 10 0.521 0.5 NA NA NA NA NA NA NA NA NA NA 2.2 NA
"8" "8" 1983-02-26 24.93 "PHO" "" "BOS" "L" -2 0 2 0.532 0 NA NA NA NA NA NA NA NA NA NA 1.5 NA
"9" "9" 1983-03-02 24.94 "PHO" "" "SAS" "W" 4 0 3 0.532 0 NA NA NA NA NA NA NA NA NA NA 1.8 NA
"10" "10" 1983-03-04 24.95 "PHO" "" "GSW" "W" 7 0 5 NA NA NA NA 0 0 NA 0 NA NA NA NA -0.4 NA
"11" "11" 1983-03-08 24.96 "PHO" "@" "DAL" "L" -21 0 10 0.868 1 NA NA NA NA NA NA NA NA NA NA 9.9 NA
"12" "12" 1983-03-09 24.96 "PHO" "@" "SAS" "L" -3 0 8 1 1 NA NA NA NA NA NA NA NA NA NA 2.6 NA
"13" "13" 1983-03-12 24.97 "PHO" "@" "HOU" "W" 11 0 13 0.5 0.5 NA NA NA NA NA NA NA NA NA NA -1.5 NA
"14" "14" 1983-03-15 24.98 "PHO" "" "CHI" "W" 8 0 3 NA NA NA NA 0 0 NA 0 NA NA NA NA -2.4 NA
"15" "15" 1983-03-16 24.98 "PHO" "@" "LAL" "L" -9 0 9 0.5 0.5 NA NA 6.4 0 NA NA NA NA NA NA -1.7 NA
"16" "16" 1983-03-17 24.98 "PHO" "" "HOU" "W" 26 0 8 0.773 0.667 NA NA NA NA NA NA NA NA NA NA 4.9 NA
"17" "17" 1983-03-19 24.99 "PHO" "" "DAL" "W" 3 0 7 0.21 0.333 NA NA NA NA NA NA NA NA NA NA 1.4 NA
"18" "18" 1983-03-22 25 "PHO" "@" "DEN" "L" -13 0 6 1 1 NA NA NA NA NA NA NA NA NA NA 1.8 NA
"19" "19" 1983-03-24 25 "PHO" "" "KCK" "W" 17 0 13 0.129 0 NA NA NA NA NA NA NA NA NA NA -3.3 NA
"20" "20" 1983-03-26 25.01 "PHO" "" "DEN" "W" 14 0 14 1.099 1 NA NA NA NA NA NA NA NA NA NA 6.3 NA
"21" "21" 1983-03-29 25.02 "PHO" "" "UTA" "W" 8 0 3 0 0 NA NA 0 0 NA 0 NA NA NA NA -1.5 NA
"22" "22" 1983-03-31 25.02 "PHO" "" "POR" "W" 17 0 2 0.333 0.333 NA NA 22.6 0 NA 0 0 NA NA NA 1 NA
"23" "23" 1983-04-05 25.04 "PHO" "" "GSW" "W" 20 0 8 0.521 0.5 NA NA NA NA NA NA NA NA NA NA 1.5 NA
"24" "24" 1983-04-07 25.04 "PHO" "" "LAL" "L" -9 0 3 NA NA NA NA 0 0 NA NA NA NA NA NA -0.4 NA
"25" "25" 1983-04-08 25.04 "PHO" "@" "POR" "W" 1 0 4 0.532 0 NA NA 0 0 NA 0 51.5 NA NA NA -1.5 NA
"26" "26" 1983-04-10 25.05 "PHO" "@" "LAL" "W" 6 0 1 NA NA NA NA 0 0 NA NA NA NA NA NA 0 NA
"27" "27" 1983-04-15 25.06 "PHO" "@" "SDC" "W" 12 0 4 0.862 1 NA NA NA NA NA NA NA NA NA NA 3.2 NA
"28" "28" 1983-04-17 25.07 "PHO" "" "SDC" "W" 9 0 6 0 NA NA NA NA NA NA NA NA NA NA NA -1.2 NA
"1" "1" 1983-11-18 25.66 "PHO" "" "MIL" "L" -15 0 10 0.773 0.667 9.8 14.5 11.7 17.5 0 0 0 16.5 180 128 6 NA
"2" "2" 1983-11-19 25.66 "PHO" "@" "DAL" "L" -9 0 7 0.5 0.5 15.9 13.7 14.7 0 0 0 0 12.2 122 120 1.6 NA
"3" "3" 1983-11-22 25.67 "PHO" "@" "HOU" "L" -22 0 7 0 0 10.9 15.6 12.8 17.6 6.4 0 0 5.5 77 102 1.6 NA
"4" "4" 1983-11-23 25.67 "PHO" "" "NJN" "L" -2 0 15 0.266 0 16.8 17.3 17.1 0 0 0 0 5.1 106 108 1.1 NA
"5" "5" 1983-11-25 25.68 "PHO" "" "CHI" "W" 26 0 18 0.463 0.5 13.3 0 6.9 0 2.7 0 18.8 24.7 87 101 2.6 NA
"6" "6" 1983-11-30 25.69 "PHO" "" "KCK" "L" -2 0 5 NA NA 0 0 0 19.6 0 0 NA 0 200 122 0.7 NA
"7" "7" 1983-12-02 25.7 "PHO" "" "UTA" "L" -3 0 15 0.955 1 13.6 7.8 10.9 0 0 0 25.8 19.6 128 116 8.3 NA
"8" "8" 1983-12-04 25.7 "PHO" "@" "SAS" "W" 16 0 11 1 1 10.6 18.6 14.9 0 0 0 50 7.7 95 113 2 NA
"9" "9" 1983-12-06 25.71 "PHO" "@" "ATL" "L" -7 0 6 0.521 0.5 14.8 0 9 0 9 0 0 21.7 121 96 3.3 NA
"10" "10" 1983-12-08 25.71 "PHO" "" "NYK" "W" 23 0 15 0.735 0.667 0 32.8 17.3 24.2 0 0 38.7 23.2 98 104 4.4 NA
"11" "11" 1983-12-10 25.72 "PHO" "" "SDC" "W" 16 0 16 0.872 1 0 24.3 11.8 15.4 3.1 3.8 36.8 14.8 101 89 6.3 NA
"12" "12" 1983-12-13 25.73 "PHO" "@" "HOU" "L" -19 0 22 0.512 0.5 0 7.3 2.8 0 0 0 29.1 13.2 74 131 0.1 NA
"13" "13" 1983-12-15 25.73 "PHO" "" "LAL" "W" 10 0 9 0 0 14.4 0 6.9 0 0 6.8 50 17.6 18 108 -2.8 NA
"14" "14" 1983-12-17 25.74 "PHO" "" "KCK" "W" 20 0 17 0.521 0.333 26.9 18.8 22.7 7.8 0 3.4 18.8 23.3 107 89 7.5 NA
"15" "15" 1983-12-20 25.75 "PHO" "@" "GSW" "W" 4 0 11 1.025 1 0 34.2 16.8 11.7 0 0 0 9.1 210 98 5.5 NA
"16" "16" 1983-12-21 25.75 "PHO" "" "POR" "L" -4 0 26 0.934 1 5.3 17.3 11 23.8 0 0 9.4 18.2 171 122 16.9 NA
"17" "17" 1983-12-23 25.75 "PHO" "@" "SDC" "W" 6 0 15 1.031 1 0 17.3 10.5 9 0 4.3 56.3 27.4 76 125 2.5 NA
"18" "18" 1983-12-26 25.76 "PHO" "" "DEN" "W" 7 0 8 0.833 1 14.4 12.5 13.4 0 0 0 32.3 27.3 108 106 4.6 NA
"19" "19" 1983-12-28 25.77 "PHO" "" "GSW" "W" 23 0 21 0.962 1 5.7 34.3 20 11 0 0 22.8 16 142 95 12.2 NA
"20" "20" 1983-12-30 25.77 "PHO" "" "HOU" "W" 11 0 11 0.333 0.333 0 9.9 5.3 0 0 0 0 11.2 81 114 0.2 NA
"21" "21" 1984-01-03 25.78 "PHO" "@" "CHI" "L" -5 0 8 0.5 0.5 0 25.5 14.5 0 0 0 50 21.5 43 103 -0.8 NA
"22" "22" 1984-01-04 25.79 "PHO" "@" "DET" "L" -14 1 32 0.667 0.667 14.4 15 14.7 12.9 1.5 3.3 20 18.1 118 122 16.6 NA
"23" "23" 1984-01-06 25.79 "PHO" "@" "IND" "L" -16 1 30 0.507 0.5 10 29.1 19.1 0 0 1.8 0 13.2 110 100 9 NA
"24" "24" 1984-01-07 25.79 "PHO" "@" "KCK" "L" -2 1 18 NA NA 6.2 16.7 11.7 13.3 0 0 NA 0 199 104 0.6 NA
"25" "25" 1984-01-10 25.8 "PHO" "@" "UTA" "L" -9 0 8 0.41 0.5 10.7 12.2 11.4 18.2 0 0 0 11.6 109 107 1.9 NA
"26" "26" 1984-01-11 25.81 "PHO" "" "SDC" "W" 25 0 22 0.577 0.333 0 14.2 8.4 4.4 2.1 0 0 10.1 133 101 6.5 NA
"27" "27" 1984-01-13 25.81 "PHO" "@" "SEA" "L" -4 0 11 0 0 0 12.1 6.3 9.9 0 0 50 8.1 25 114 -0.7 NA
"28" "28" 1984-01-19 25.83 "PHO" "" "LAL" "W" 15 0 10 0.6 0.6 49.2 31 41.1 0 4.4 0 16.7 22.9 125 108 7.1 NA
"29" "29" 1984-01-21 25.83 "PHO" "" "SEA" "W" 29 0 18 0.658 0.5 0 11.6 6.9 5.4 0 0 15.8 14.5 121 105 4.5 NA
"30" "30" 1984-01-24 25.84 "PHO" "@" "LAL" "L" -6 0 13 0.5 0.5 6.8 9 7.8 0 0 0 33.3 8.9 77 122 0.6 NA
"31" "31" 1984-01-26 25.85 "PHO" "@" "SDC" "L" -18 0 2 0 0 0 0 0 0 0 0 0 21 0 123 -0.7 NA
"32" "32" 1984-02-01 25.86 "PHO" "" "POR" "W" 3 0 21 0.387 0.333 0 26.9 15.2 16.8 2.2 0 0 7.4 113 97 5 NA
"33" "33" 1984-02-02 25.87 "PHO" "@" "UTA" "L" -21 0 18 1 1 5.6 19.5 12 7.5 0 0 60 10.8 70 107 1.1 NA
"34" "34" 1984-02-04 25.87 "PHO" "@" "GSW" "L" -3 0 7 1.136 NA 14 15.9 14.9 0 0 0 0 5 239 106 3 NA
"35" "35" 1984-02-05 25.87 "PHO" "@" "POR" "L" -15 0 21 0.387 0.333 6.5 12.4 9.5 8 0 0 50.8 16.7 47 102 -3.1 NA
"36" "36" 1984-02-07 25.88 "PHO" "" "SAS" "W" 7 1 14 1.02 1 18.5 15.6 16.9 16.8 0 0 14.5 18.1 173 116 10.9 NA
"37" "37" 1984-02-09 25.88 "PHO" "" "ATL" "W" 13 1 13 0.667 0.667 0 25.2 14.4 28.7 3.7 4.6 0 10 153 96 5.8 NA
"38" "38" 1984-02-11 25.89 "PHO" "" "DAL" "W" 19 1 20 0.521 0.5 11.2 18.5 14.6 5.5 0 9.6 41 10.1 83 90 3.5 NA
"39" "39" 1984-02-14 25.9 "PHO" "@" "MIL" "L" -9 1 11 0.75 0.75 31.2 0 15.2 0 0 5.5 33.3 23.3 96 100 4.8 NA
"40" "40" 1984-02-15 25.9 "PHO" "@" "CLE" "L" -14 0 13 0 0 0 17.2 8.7 9 0 8.9 50 7.3 22 115 0.6 NA
"41" "41" 1984-02-17 25.91 "PHO" "@" "DAL" "L" -6 0 7 NA NA 0 23.6 11.6 0 0 0 100 6.3 0 136 -0.7 NA
"42" "42" 1984-02-18 25.91 "PHO" "@" "HOU" "W" 24 0 5 1 1 0 21.8 13.5 0 0 0 0 8.5 200 105 2 NA
"43" "43" 1984-02-21 25.92 "PHO" "@" "SAS" "W" 3 0 2 NA NA 0 0 0 0 0 0 NA 0 0 105 0 NA
"44" "44" 1984-02-23 25.92 "PHO" "@" "KCK" "W" 12 0 5 0 0 0 0 0 0 0 13.9 0 8.2 0 94 0 NA
"45" "45" 1984-02-24 25.93 "PHO" "" "DEN" "L" -17 0 11 0.333 0.333 9.1 19.4 14.1 12.2 0 0 0 10.8 99 116 1.1 NA
"46" "46" 1984-02-28 25.94 "PHO" "" "UTA" "W" 13 0 3 0 0 82.1 0 39 0 0 0 50 27.1 53 110 -0.7 NA
"47" "47" 1984-02-29 25.94 "PHO" "@" "SDC" "L" -7 0 12 0.333 0.333 19 25.8 21.9 10.8 4.3 0 0 10.8 112 103 2.8 NA
"48" "48" 1984-03-01 25.94 "PHO" "" "PHI" "W" 12 0 19 0.563 0.5 11.2 24.1 17.4 0 0 0 0 9.7 143 105 5.2 NA
"49" "49" 1984-03-03 25.95 "PHO" "" "SAS" "W" 14 0 16 0.75 0.75 21.4 13 17 6.8 0 0 42.9 17.3 95 109 4.4 NA
"50" "50" 1984-03-07 25.96 "PHO" "" "HOU" "W" 13 0 16 0.727 0.667 7.3 17.6 12 20.9 0 0 46.6 16.2 93 109 2.9 NA
"51" "51" 1984-03-09 25.96 "PHO" "" "IND" "W" 20 0 16 0.17 0.2 25 6.5 14.6 0 2.9 3.2 25.4 20.2 56 106 -1.4 NA
"52" "52" 1984-03-11 25.97 "PHO" "@" "BOS" "L" -8 0 10 NA NA 0 12.3 5.5 0 0 0 NA 0 0 119 -1.7 NA
"53" "53" 1984-03-13 25.98 "PHO" "@" "NYK" "L" -21 0 13 0.5 0.5 18.5 23.1 20.5 11.7 3.7 4.8 33.3 19.6 82 107 3.6 NA
"54" "54" 1984-03-14 25.98 "PHO" "@" "NJN" "L" -6 0 19 0.667 0.667 0 18.9 9.1 20.5 2.7 5.9 40 11.1 93 105 5.7 NA
"55" "55" 1984-03-16 25.98 "PHO" "@" "WSB" "W" 1 0 16 0.727 0.667 0 0 0 24 0 3.8 36.8 17 106 115 3.7 NA
"56" "56" 1984-03-17 25.99 "PHO" "@" "PHI" "L" -19 0 20 0.788 0.75 0 21.8 12.5 0 0 2.4 18.4 22.3 122 123 10.3 NA
"57" "57" 1984-03-20 25.99 "PHO" "" "DEN" "W" 26 0 15 1 1 0 0 0 8.9 0 0 25 20 124 115 7.3 NA
"58" "58" 1984-03-21 26 "PHO" "@" "SEA" "L" -2 0 15 0 0 0 20.6 8.6 7 0 0 50 5.7 23 110 -0.8 NA
"59" "59" 1984-03-23 26 "PHO" "@" "POR" "L" -26 0 26 0.403 0.25 3.8 9.2 6.2 21 1.9 2.1 32.6 15.1 75 124 3 NA
"60" "60" 1984-03-24 26 "PHO" "" "DET" "L" -11 0 18 0.667 0.667 10.5 20 14.7 0 0 0 0 6.6 152 118 4.6 NA
"61" "61" 1984-03-27 26.01 "PHO" "" "SDC" "W" 7 0 17 0.887 0.75 7.2 13.4 10.5 0 0 0 0 16.1 192 116 10.3 NA
"62" "62" 1984-03-29 26.02 "PHO" "" "GSW" "W" 5 0 16 0.5 0.5 17.9 7.7 12.4 0 0 0 20 13.6 100 117 1.9 NA
"63" "63" 1984-03-31 26.02 "PHO" "" "LAL" "L" -22 0 17 0.667 0.667 6.3 29 16.8 25.4 2.7 0 0 7.6 151 112 6.1 NA
"64" "64" 1984-04-03 26.03 "PHO" "" "KCK" "W" 4 0 17 0.509 0.5 22.3 18 19.9 7.7 0 0 0 16.5 131 109 6.5 NA
"65" "65" 1984-04-06 26.04 "PHO" "" "SEA" "W" 9 1 24 0.644 0.667 5.1 25.6 15.4 15 1.9 0 0 6.5 154 102 7.4 NA
"66" "66" 1984-04-08 26.04 "PHO" "@" "DEN" "W" 5 0 12 0.521 0.5 0 9.3 4.5 0 0 0 41 15.9 59 117 -0.5 NA
"67" "67" 1984-04-10 26.05 "PHO" "" "POR" "W" 12 0 14 0.868 1 8.6 7.5 8 0 0 0 41 14.8 90 96 1 NA
"68" "68" 1984-04-12 26.05 "PHO" "" "DAL" "W" 1 0 18 0.621 0.333 7.4 26.7 16.2 17.3 0 0 0 14.4 159 130 7.8 NA
"69" "69" 1984-04-15 26.06 "PHO" "@" "LAL" "W" 9 0 15 0.521 0.5 7.4 25.3 15.8 19.3 0 0 51 15.3 75 108 2.3 NA
"1" "1" 1984-10-26 26.59 "PHO" "@" "GSW" "W" 8 0 15 0.333 0.333 9.7 34.6 22.9 0 0 0 40 13.5 52 106 -1.8 -15.9
"2" "2" 1984-10-28 26.6 "PHO" "@" "SEA" "W" 15 0 21 0.608 0 11.4 18.7 15.4 18.5 0 2.6 21.3 18.6 122 88 9.1 3.8
"3" "3" 1984-10-30 26.61 "PHO" "" "LAC" "W" 3 0 22 0.258 0 4.8 16.4 10.3 10.4 0 2.7 0 7.6 99 104 2.8 -6.4
"4" "4" 1984-11-01 26.61 "PHO" "" "POR" "W" 9 0 23 0.563 0.5 18.6 12.8 15.6 0 0 0 44.1 26.5 71 105 1.1 -13.5
"5" "5" 1984-11-03 26.62 "PHO" "@" "DAL" "W" 12 0 11 0.273 0.167 50.7 10.1 30.4 0 4.7 0 21.5 36.5 76 97 1 -20.6
"6" "6" 1984-11-06 26.62 "PHO" "@" "POR" "L" -17 0 17 0.315 0.333 10.3 25.7 16 8 0 6.8 38.7 16.4 52 106 1.1 -6.3
"7" "7" 1984-11-08 26.63 "PHO" "" "CLE" "W" 1 0 7 0.814 0.8 32.7 11.4 20.2 54.5 0 0 12.9 45.4 143 108 9.7 21.5
"8" "8" 1984-11-10 26.64 "PHO" "" "ATL" "L" -7 0 20 0.694 0.5 6.9 21.8 14.1 7.2 2.3 0 46.5 22.4 80 109 3.5 -5.9
"9" "9" 1984-11-13 26.64 "PHO" "@" "DEN" "L" -12 0 14 0.387 0.333 20.8 18 19 7.9 0 0 20.5 13.8 91 112 2.1 -5
"10" "10" 1984-11-14 26.65 "PHO" "" "NJN" "W" 12 0 17 0.694 0.5 0 0 0 7.2 5.6 0 25.8 9.6 111 85 3.1 1.4
"11" "11" 1984-11-16 26.65 "PHO" "" "MIL" "W" 12 0 22 0.514 0.429 11.2 9.7 10.4 6 0 0 0 16 124 106 6.4 -2
"12" "12" 1984-11-17 26.65 "PHO" "@" "UTA" "L" -14 0 14 0.4 0.4 7.1 5.9 6.5 22.7 3.1 0 28.6 17.9 73 98 1.1 -4.9
"13" "13" 1984-11-20 26.66 "PHO" "@" "LAL" "L" -22 0 14 0.664 0 16.7 11.4 14.5 0 0 4 18.1 16.2 128 126 4.7 -4.7
"14" "14" 1984-11-21 26.67 "PHO" "" "LAL" "L" -5 1 16 0.333 0.333 0 6.4 3.3 15.8 0 0 50 16.2 45 111 -1 -10.8
"15" "15" 1984-11-23 26.67 "PHO" "" "PHI" "L" -2 0 12 0 0 9.6 9.6 9.6 9 0 4.6 75 13 26 102 -2.9 -16.3
"16" "16" 1984-11-25 26.68 "PHO" "@" "LAC" "L" -5 0 26 0.667 0.667 5.1 5 5.1 0 0 4.5 14.3 11.5 110 113 6 -2.6
"17" "17" 1984-11-27 26.68 "PHO" "" "UTA" "W" 13 0 22 0.2 0.2 6.6 16.5 12.7 14 2 2.3 44.4 16.1 47 92 -1.4 -11.5
"18" "18" 1984-11-29 26.69 "PHO" "" "CHI" "W" 5 1 16 0.5 0.5 12.5 7.1 10 8.1 3.1 0 33.3 7.7 94 98 3.4 0
"19" "19" 1984-12-01 26.69 "PHO" "" "GSW" "W" 12 0 4 NA NA 0 0 0 25.5 11.8 0 NA 0 200 86 1.3 15.6
"20" "20" 1984-12-03 26.7 "PHO" "@" "SEA" "L" -12 0 2 0 0 0 0 0 61.5 0 0 0 20.7 49 118 0 -1.1
"21" "21" 1984-12-04 26.7 "PHO" "@" "POR" "L" -8 0 5 NA NA 0 24 12.2 23.4 0 0 NA 0 207 113 0.6 2.5
"22" "22" 1984-12-07 26.71 "PHO" "" "KCK" "W" 8 0 4 NA NA 0 23.5 14 0 0 0 100 9.9 0 105 -1.1 -17.2
"23" "23" 1984-12-08 26.71 "PHO" "@" "GSW" "W" 4 0 5 0 0 0 0 0 0 0 0 41 42.7 0 107 -5 -53.5
"24" "24" 1984-12-11 26.72 "PHO" "" "HOU" "W" 8 0 4 0.5 0.5 34.3 0 14.6 0 0 0 0 21.8 123 122 1.7 -5.1
"25" "25" 1984-12-13 26.73 "PHO" "" "WSB" "W" 30 0 13 0.694 0.5 19.4 25.9 23.3 8.5 3.4 0 41 14.8 103 73 4.5 1.5
"26" "26" 1984-12-15 26.73 "PHO" "@" "SAS" "L" -9 0 4 NA NA 0 26.1 12.1 0 0 0 NA 0 0 114 -0.1 -9.7
"27" "27" 1984-12-18 26.74 "PHO" "@" "KCK" "L" -11 0 9 0.266 0 0 59.3 27.8 0 4.9 0 0 8.1 62 97 2.4 -1.9
"28" "28" 1985-01-02 26.78 "PHO" "@" "KCK" "W" 8 0 1 NA NA 0 0 0 0 0 0 NA 0 0 115 0 -7.3
"29" "29" 1985-01-04 26.79 "PHO" "@" "NJN" "L" -7 0 1 NA NA 0 0 0 0 0 0 NA 0 0 120 0 -5
"30" "30" 1985-01-05 26.79 "PHO" "@" "CLE" "L" -5 0 7 0.906 1 0 20.2 9.7 0 0 0 52.1 35.5 79 114 0.8 -15.4
"31" "31" 1985-01-09 26.8 "PHO" "" "SEA" "W" 6 0 3 NA NA 0 39 22.2 0 0 0 100 14.9 0 85 -1.9 -36.2
"32" "32" 1985-01-12 26.81 "PHO" "" "UTA" "W" 15 0 11 0.532 0 11.2 26.7 19.8 9.9 0 4.9 61.5 17.1 59 84 -0.7 -12.8
"33" "33" 1985-01-16 26.82 "PHO" "" "DAL" "W" 3 0 4 NA NA 0 0 0 66.7 0 0 NA 0 203 113 1.4 19.5
"34" "34" 1985-01-22 26.84 "PHO" "@" "HOU" "L" -4 0 4 0.5 0.5 0 0 0 41.4 0 0 0 21 122 116 1.7 8.3
"35" "35" 1985-01-29 26.85 "PHO" "@" "DEN" "L" -28 0 14 0.717 0.75 15.6 8.6 12.2 0 3.3 3.5 17 17 122 121 6.6 4.1
"36" "36" 1985-01-30 26.86 "PHO" "" "NYK" "W" 17 0 3 0.452 0.5 40 0 19.3 53.3 0 0 0 46.6 115 102 1.8 -0.2
"37" "37" 1985-02-12 26.89 "PHO" "@" "HOU" "L" -12 0 14 0.82 1 9 40.8 25.7 8.5 0 0 29.1 10 113 115 4.5 -0.9
"38" "38" 1985-02-14 26.9 "PHO" "@" "SAS" "L" -29 0 12 0.521 0.5 8.2 9.5 8.8 10.3 0 0 25.8 12.3 93 126 1.9 -5.9
"39" "39" 1985-02-15 26.9 "PHO" "@" "DAL" "W" 23 0 1 NA NA 0 0 0 0 0 0 NA 0 0 116 0 -5.4
"40" "40" 1985-02-17 26.91 "PHO" "@" "IND" "W" 18 0 11 0.41 0.5 21.3 8.2 13.9 0 0 0 29.1 12.6 81 98 -0.7 -13.6
"41" "41" 1985-02-18 26.91 "PHO" "@" "DET" "L" -19 0 24 0.41 0.5 0 16.3 8.2 0 0 0 29.1 11.8 53 122 -1.2 -14
"42" "42" 1985-02-20 26.92 "PHO" "" "HOU" "L" -4 0 4 NA NA 0 0 0 0 0 0 100 9.4 0 128 -1.4 -24.1
"43" "43" 1985-02-22 26.92 "PHO" "" "SAS" "L" -7 0 21 0.798 0.667 12 40 26.4 5.5 0 2.4 0 10.6 179 106 11.4 7.8
"44" "44" 1985-02-24 26.93 "PHO" "@" "DEN" "L" -10 0 10 0.174 0 12.3 10 11 0 0 5.1 41 19.9 35 118 -2.3 -20.9
"45" "45" 1985-02-26 26.93 "PHO" "@" "KCK" "L" -7 0 19 1.031 1 6.2 6.6 6.4 8 0 0 56.3 19.3 80 112 3 -6.8
"46" "46" 1985-02-28 26.94 "PHO" "" "LAL" "W" 12 0 12 0 0 17.8 9.3 13.6 0 0 0 25 13.6 37 106 -1.8 -16.3
"47" "47" 1985-03-02 26.94 "PHO" "" "KCK" "W" 3 0 31 0.691 0.5 10.3 6.2 8.1 18.3 0 0 20.1 12.8 130 105 10.9 2.8
"48" "48" 1985-03-04 26.95 "PHO" "" "DAL" "L" -8 0 28 0.425 0.4 3.8 18.6 11.3 6.5 1.7 0 14.5 10.7 84 107 4 -3.6
"49" "49" 1985-03-07 26.96 "PHO" "" "SAS" "W" 2 0 27 0.568 0.455 28.3 12.7 20.7 0 0 0 0 20 147 115 15.3 2.9
"50" "50" 1985-03-09 26.96 "PHO" "" "GSW" "L" -3 0 20 0.851 0.8 24.6 21.2 23 6.8 0 0 28.2 22.1 129 117 10.9 0.4
"51" "51" 1985-03-12 26.97 "PHO" "@" "NYK" "W" 4 0 21 0.417 0.2 5.4 11.4 8.4 5.9 0 0 21.7 18 83 123 1.7 -12.1
"52" "52" 1985-03-13 26.97 "PHO" "@" "BOS" "L" -17 0 17 0.945 1 5.4 20.7 12.1 10.1 5.1 0 12.7 18 153 104 13.7 15
"53" "53" 1985-03-15 26.98 "PHO" "@" "CHI" "L" -6 0 22 0.25 0.25 5.3 19.8 10.4 26.7 0 0 20 10.4 87 118 2.2 -3
"54" "54" 1985-03-16 26.98 "PHO" "@" "MIL" "L" -29 0 25 0.347 0 3.9 0 2.3 11.3 0 2.2 14.8 10.8 85 124 2.2 -5.9
"55" "55" 1985-03-19 26.99 "PHO" "" "LAL" "L" -18 0 22 0.666 0.6 0 17.2 8.2 0 0 7.9 30.7 17.1 88 118 5.9 -3.3
"56" "56" 1985-03-21 26.99 "PHO" "" "POR" "W" 10 0 13 0.51 0.4 8.8 7.5 8.1 19.1 0 4.5 14.5 18.9 116 100 5.4 3.9
"57" "57" 1985-03-23 27 "PHO" "@" "GSW" "L" -14 1 30 0.773 0.667 7.3 7 7.1 13.5 0 1.8 20.5 12.3 136 122 10.2 1.2
"58" "58" 1985-03-26 27.01 "PHO" "" "DET" "L" -26 0 15 0.615 0.5 13.1 11.9 12.4 10.1 0 0 0 13.8 137 118 5.9 0.4
"59" "59" 1985-03-28 27.01 "PHO" "@" "LAC" "L" -6 0 1 NA NA 0 0 0 0 0 0 NA 0 0 116 0 -7.2
"60" "60" 1985-03-30 27.02 "PHO" "" "LAC" "L" -9 0 17 0.61 0.5 11.1 16.1 13.1 0 0 0 10.9 20 125 118 7.2 -1.9
"61" "61" 1985-03-31 27.02 "PHO" "@" "LAL" "L" -25 0 22 0.508 0.429 15.6 19 16.8 0 0 0 11.3 17.2 109 137 5.6 -8
"62" "62" 1985-04-02 27.03 "PHO" "" "SEA" "W" 10 0 28 0.781 0.714 8.8 20.2 14.1 29 1.7 0 26.5 16.8 126 108 12.9 3.8
"63" "63" 1985-04-04 27.03 "PHO" "" "DEN" "L" -7 0 22 0.597 0.6 8.9 33.9 20.9 22.6 4.2 0 15.5 22.6 108 98 12.4 6.5
"64" "64" 1985-04-06 27.04 "PHO" "@" "UTA" "L" -11 0 19 0 0 9.5 5.3 7.5 12 2.6 0 33.3 6.4 55 109 0.1 -8.5
"65" "65" 1985-04-07 27.04 "PHO" "@" "SEA" "W" 15 0 31 0.613 0.6 14.1 22.1 18.6 7.7 3 0 15.5 26.4 112 103 15 -2.8
"66" "66" 1985-04-09 27.05 "PHO" "@" "POR" "L" -16 0 29 0.307 0.25 7.4 24.2 15.4 4.6 0 1.8 38.1 10.8 56 109 -0.6 -11.3
"67" "67" 1985-04-12 27.05 "PHO" "" "UTA" "W" 4 0 7 0.5 0.5 36.1 31.2 33.4 0 0 8.6 33.3 18.3 87 87 2.7 -1.5
"68" "68" 1985-04-14 27.06 "PHO" "" "GSW" "W" 13 0 12 0.906 1 9.8 24.5 17.8 0 0 0 42 15.9 108 101 1.9 -8.7
"1" "1" 1985-10-29 27.6 "PHO" "" "DEN" "L" -15 0 14 0.46 0.4 0 6.3 3.6 0 2.6 0 35.5 19.4 60 109 -0.6 -11.9
"2" "2" 1985-10-31 27.61 "PHO" "" "LAL" "L" -37 0 14 0.546 0.5 25.9 9 18.8 10.2 5.6 3.7 0 16.9 133 110 10.3 11.1
"3" "3" 1985-11-01 27.61 "PHO" "@" "UTA" "L" -11 0 22 0.41 0.25 16 13.4 14.5 5.9 0 2.4 55.1 18.4 54 106 -0.4 -10.7
"4" "4" 1985-11-08 27.63 "PHO" "@" "BOS" "L" -24 0 8 0.852 NA 0 0 0 0 0 0 63 20.5 63 112 -0.8 -13.6
"5" "5" 1985-11-09 27.63 "PHO" "@" "IND" "L" -22 0 10 0.532 0 8.9 0 4.7 0 0 5.2 34.7 10.7 87 111 -0.3 -11.7
"6" "6" 1985-11-12 27.64 "PHO" "@" "NYK" "L" -10 0 10 0 0 0 10.9 5.8 0 4.8 0 33.3 12.2 0 97 -1.9 -13.5
"7" "7" 1985-11-13 27.64 "PHO" "@" "ATL" "L" -7 0 9 0.532 0 0 27.4 11.9 0 0 0 0 8 140 105 1.9 0.5
"8" "8" 1985-11-15 27.65 "PHO" "" "SEA" "W" 18 0 7 0.347 0 0 11.8 7.5 16.3 6.5 0 41 29.5 55 85 -0.2 -14.7
"9" "9" 1985-11-16 27.65 "PHO" "@" "GSW" "L" -13 0 5 0.333 0.333 0 19.2 9.4 0 0 0 0 23.9 73 114 0.6 -9.6
"10" "10" 1985-11-20 27.66 "PHO" "" "SAS" "W" 21 0 1 1.136 NA 100 0 58.5 0 0 0 0 36 234 107 2.7 53.3
"11" "11" 1985-11-27 27.68 "PHO" "" "POR" "L" -17 0 7 NA NA 20.8 17.1 18.8 0 0 0 100 5.8 37 110 -0.8 -13.4
"12" "12" 1985-11-29 27.69 "PHO" "" "HOU" "W" 16 0 1 NA NA 100 0 55.2 0 0 0 NA 0 201 120 0.7 8.6
"13" "13" 1985-12-06 27.71 "PHO" "" "UTA" "W" 19 0 3 0 0 0 29.6 18.8 0 0 0 50 28.6 0 91 -1.4 -32.6
"14" "14" 1985-12-14 27.73 "PHO" "@" "LAC" "W" 22 0 15 1 1 16.4 12.3 14.1 0 0 0 0 5.3 199 93 3.8 -0.8
"15" "15" 1985-12-17 27.74 "PHO" "@" "SEA" "W" 5 0 20 NA NA 6.2 0 3.2 13.3 2.5 0 NA 0 198 106 0.7 -2.3
"16" "16" 1985-12-19 27.74 "PHO" "" "SAC" "W" 1 1 28 0.51 0.4 8.6 9.3 8.9 0 1.7 0 33.8 13.1 79 106 1.3 -8.6
"17" "17" 1985-12-21 27.75 "PHO" "" "GSW" "W" 17 1 34 0.412 0 3.4 21.7 13.7 6.1 0 3.2 45.2 7.3 64 93 2.4 -3.6
"18" "18" 1985-12-26 27.76 "PHO" "" "DAL" "L" -7 1 39 0.846 0.846 14.3 10.9 12.6 12.1 1.2 1.6 23.5 17 128 108 21 7.6
"19" "19" 1985-12-28 27.77 "PHO" "" "PHI" "L" -2 1 26 0.5 0.5 0 23.1 12.5 5.2 0 2.7 11.1 15.2 86 101 4.3 -6.1
"20" "20" 1986-01-03 27.78 "PHO" "@" "POR" "L" -29 1 19 1 1 0 22.3 10.4 6.8 2.4 2.9 62.5 16.8 56 124 2.2 -9.4
"21" "21" 1986-01-06 27.79 "PHO" "@" "SEA" "W" 17 0 10 1 1 0 24 15.7 0 0 0 66.7 13.5 45 95 -0.1 -7.6
"22" "22" 1986-01-10 27.8 "PHO" "@" "DAL" "L" -13 0 9 0 0 32 0 17 23.7 0 0 0 4.2 128 113 2 -0.1
"23" "23" 1986-01-11 27.81 "PHO" "" "IND" "W" 29 0 19 0.58 0.5 13.3 16.8 15.2 0 7.1 11 11.4 18.3 119 75 12.7 13
"24" "24" 1986-01-13 27.81 "PHO" "" "SAS" "W" 23 0 18 0.581 0.5 21.6 20.9 21.2 6.8 0 0 12.7 16.4 125 94 7.6 -0.5
"25" "25" 1986-01-14 27.81 "PHO" "@" "LAL" "L" -21 0 9 0.512 0.5 26 30.5 28.1 12.6 0 0 38.1 32.9 77 128 1.9 -12.4
"26" "26" 1986-01-17 27.82 "PHO" "" "SEA" "W" 3 0 3 1 1 0 0 0 0 0 0 0 14.5 200 116 1.7 8.1
"27" "27" 1986-01-18 27.82 "PHO" "@" "POR" "L" -25 0 12 0 NA 7.4 11.1 8.9 0 0 4.8 0 2.8 32 113 0.5 -6.2
"28" "28" 1986-01-20 27.83 "PHO" "@" "CLE" "L" -15 0 20 0.725 0 0 0 0 14.1 0 0 0 5.8 171 113 3.9 1.3
"29" "29" 1986-01-22 27.84 "PHO" "@" "PHI" "L" -7 0 21 0.94 1 6.2 12.7 9.4 6.2 0 0 27.3 14.4 129 121 7.6 2.4
"30" "30" 1986-01-25 27.84 "PHO" "@" "CHI" "L" -19 0 5 0 0 0 25.9 11.7 0 8.9 0 0 7.6 0 106 0.2 -5.3
"31" "31" 1986-01-28 27.85 "PHO" "" "POR" "W" 6 0 4 0.532 1 27.3 0 15.8 0 0 0 0 16.3 100 128 1.6 -1.8
"32" "32" 1986-01-29 27.85 "PHO" "@" "LAC" "W" 10 0 16 0.773 0.667 9.7 28.1 19 7.7 3.1 0 43.6 19.2 93 107 3.8 -5.7
"33" "33" 1986-02-01 27.86 "PHO" "@" "SAS" "W" 1 0 13 1.064 1 12.3 0 5.4 8.9 0 0 51.5 14.1 109 132 1.5 -11.7
"34" "34" 1986-02-04 27.87 "PHO" "" "GSW" "W" 9 1 30 0.558 0.444 20.4 28.7 24.2 3.4 5.7 2 27.1 17.3 102 97 14.2 0.6
"35" "35" 1986-02-06 27.88 "PHO" "" "LAC" "W" 12 1 23 1.064 1 5.8 9.7 7.9 5.5 2.1 2.4 34.7 5 143 105 5.6 0.6
"36" "36" 1986-02-11 27.89 "PHO" "@" "LAC" "L" -8 1 22 0.851 1 15.6 12.8 14.4 6.6 0 0 0 14.3 173 124 13.3 7.9
"37" "37" 1986-02-12 27.89 "PHO" "" "LAL" "L" -26 0 20 0.676 0.667 9.8 0 5.3 7.9 0 0 11.9 16 129 122 6.6 -0.9
"38" "38" 1986-02-14 27.9 "PHO" "" "DEN" "W" 17 1 34 0.853 0.833 4 10.5 7.9 7.9 1.3 1.5 23.1 14.7 132 86 14.8 7.2
"39" "39" 1986-02-17 27.91 "PHO" "" "BOS" "W" 7 1 14 1 1 0 0 0 0 3.4 0 66.7 9.8 45 103 -0.9 -10
"40" "40" 1986-02-18 27.91 "PHO" "@" "SAS" "L" -6 1 29 0.436 0.333 10.3 38.7 24.4 9.8 2.8 0 22.5 11.5 91 94 7.8 0.7
"41" "41" 1986-02-21 27.92 "PHO" "" "SAC" "L" -8 1 31 0.444 0.429 11.9 25.1 18.3 11.5 1.5 0 20.2 12.8 96 113 7.5 -1.4
"42" "42" 1986-02-22 27.92 "PHO" "@" "UTA" "L" -8 1 16 0.5 0.5 10.9 7.1 9.3 0 0 0 20 11.9 93 109 1.5 -7.2
"43" "43" 1986-02-25 27.93 "PHO" "@" "DEN" "L" -13 1 24 0.833 0.833 4.3 8.7 6.5 0 0 2.1 40 16.2 89 107 5 -3.5
"44" "44" 1986-02-26 27.93 "PHO" "" "POR" "W" 1 0 18 0.774 1 0 0 0 0 2.6 0 30.7 15.5 105 113 3.7 -4.2
"45" "45" 1986-02-28 27.94 "PHO" "@" "LAL" "L" -12 0 20 0.769 0.667 23.2 28.6 26.3 0 0 0 36.6 17.1 107 111 5.7 -3.7
"46" "46" 1986-03-01 27.94 "PHO" "" "LAL" "W" 17 0 26 0.625 0.625 23.8 18.2 20.1 16.9 3.6 0 11.1 14.5 137 96 12.4 3.1
"47" "47" 1986-03-03 27.95 "PHO" "" "DAL" "L" -1 0 27 0.764 0.6 16.5 5 11.3 9.2 3.6 0 21.7 13.5 139 114 12.4 5.9
"48" "48" 1986-03-05 27.95 "PHO" "" "CLE" "L" -15 0 38 0.74 0.8 10.1 25.3 17.3 11.9 1.2 1.5 22.8 8.9 124 106 13 1.1
"49" "49" 1986-03-07 27.96 "PHO" "" "UTA" "L" -2 1 35 0.66 0.727 19 10.3 14.4 18.3 1.3 1.6 18 19.3 115 101 16.6 5.2
"50" "50" 1986-03-09 27.96 "PHO" "@" "NJN" "L" -4 0 18 0.5 0.5 7.8 0 3.8 6.5 0 0 33.3 7 90 120 1 -4.8
"51" "51" 1986-03-10 27.96 "PHO" "@" "DET" "W" 11 0 8 0.333 0.333 56.3 14.3 32.4 0 0 0 25 21.9 93 116 1.7 -12.8
"52" "52" 1986-03-12 27.97 "PHO" "@" "MIL" "W" 1 0 11 0.5 0.5 0 21.9 11 0 0 0 33.3 11.4 63 118 0.2 -9.1
"53" "53" 1986-03-16 27.98 "PHO" "@" "GSW" "L" -18 0 22 0.644 0.667 5.1 5.1 5.1 0 0 0 34 10.3 86 122 1.1 -9.9
"54" "54" 1986-03-18 27.99 "PHO" "@" "HOU" "L" -3 0 26 0.865 1 9.5 16.1 13 9.6 3.5 0 49 15.8 89 103 6.7 -1.5
"55" "55" 1986-03-19 27.99 "PHO" "" "SAC" "W" 4 0 6 0 0 0 0 0 0 0 0 50 14.3 0 106 -2.1 -21.6
"56" "56" 1986-03-21 27.99 "PHO" "" "DET" "W" 2 0 26 0.5 0.5 5 3.6 4.2 0 0 1.9 60 8.5 48 107 -1.5 -8.6
"57" "57" 1986-03-22 28 "PHO" "@" "UTA" "L" -10 0 19 0.307 0.25 10.3 39.9 23.2 12.5 4.9 0 29.1 13.7 71 106 3.6 -4.4
"58" "58" 1986-03-26 28.01 "PHO" "" "SEA" "W" 13 1 20 0.838 0.833 17.8 5.7 10.4 6.7 2.4 2.9 27.9 22.7 119 105 9.9 2.6
"59" "59" 1986-03-28 28.01 "PHO" "" "LAC" "L" -11 1 24 0.902 1 8 10 8.9 0 0 0 0 6 179 112 7.3 -1.1
"60" "60" 1986-03-30 28.02 "PHO" "@" "SEA" "L" -14 0 9 0.532 0 0 26.7 13.3 14.8 0 0 0 9.5 138 110 2.2 0.9
"61" "61" 1986-04-01 28.02 "PHO" "@" "DAL" "L" -30 0 9 NA NA 12.1 0 6.5 13 5.6 0 NA 0 202 130 1.6 -1.1
"62" "62" 1986-04-02 28.03 "PHO" "" "GSW" "W" 9 0 22 0.347 0 16.4 15.2 15.8 9.7 0 0 25.8 14.5 88 105 2.8 -8
"63" "63" 1986-04-04 28.03 "PHO" "" "HOU" "L" -23 0 13 0.521 0.5 7.7 39.3 23.3 0 0 4 0 8.6 120 101 4.1 0.1
"64" "64" 1986-04-05 28.04 "PHO" "@" "SAC" "L" -19 0 8 0.5 0.5 0 14.6 9 15.8 0 7.5 0 10.7 128 116 2.7 5.9
"65" "65" 1986-04-07 28.04 "PHO" "" "DEN" "L" -8 0 4 1 1 0 43.6 25.5 0 0 0 50 35.9 65 108 2 -3.5
"66" "66" 1986-04-09 28.05 "PHO" "" "SAS" "L" -12 0 8 0.387 0.333 0 0 0 0 0 0 0 19.8 88 119 0.1 -13.7
"67" "67" 1986-04-10 28.05 "PHO" "@" "DEN" "L" -2 0 6 0.512 0.5 17.8 14.5 16 0 0 0 17 37.5 92 103 2.2 -7
"68" "68" 1986-04-12 28.05 "PHO" "@" "HOU" "W" 18 0 7 0 0 0 15.2 7.8 32.7 7 0 0 5.7 96 86 2 8.8
"69" "69" 1986-04-13 28.06 "PHO" "" "LAC" "W" 19 0 8 0.868 1 0 13.3 7.2 0 0 0 0 14.6 167 104 4.3 3.9
