"Rk" "G" "Date" "Age" "Tm" "H/A" "Opp" "W/L" "By Amt" "GS" "MP" "TS%" "eFG%" "ORB%" "DRB%" "TRB%" "AST%" "STL%" "BLK%" "TOV%" "USG%" "ORtg" "DRtg" "GmSc" "BPM"
"1" "" 2013-10-30 23.65 "BRK" "@" "CLE" "L" -4 NA NA NA NA NA NA NA NA NA NA NA NA NA NA NA NA
"2" "" 2013-11-01 23.66 "BRK" "" "MIA" "W" 1 NA NA NA NA NA NA NA NA NA NA NA NA NA NA NA NA
"3" "1" 2013-11-03 23.67 "BRK" "@" "ORL" "L" -21 0 2.83333333333333 1 1 0 0 0 0 0 0 0 15.7 200 119 1.7 9
"4" "2" 2013-11-05 23.67 "BRK" "" "UTA" "W" 16 0 17.4166666666667 0.363 0.333 21.2 5.9 12.8 0 0 0 22.5 22.9 77 103 0 -17.6
"5" "" 2013-11-08 23.68 "BRK" "@" "WAS" "L" -4 NA NA NA NA NA NA NA NA NA NA NA NA NA NA NA NA
"6" "3" 2013-11-09 23.68 "BRK" "" "IND" "L" -5 0 15.6166666666667 0.6 0.6 16.2 7.3 11.5 0 0 0 0 15.7 131 115 4.6 -2.5
"7" "4" 2013-11-13 23.69 "BRK" "@" "SAC" "L" -21 0 17.8166666666667 0.647 1 5.6 20 13.2 0 0 0 0 5.7 136 112 3 -4
"8" "5" 2013-11-15 23.7 "BRK" "@" "PHO" "W" 2 0 13.25 0.902 1 0 27.3 13.2 30.8 0 0 0 13.9 184 104 6 11.3
"9" "6" 2013-11-16 23.7 "BRK" "@" "LAC" "L" -7 0 26.6 0.622 0.7 13.4 10 12 0 1.9 3.3 0 24.9 131 117 15.9 5.5
"10" "7" 2013-11-18 23.71 "BRK" "" "POR" "L" -10 0 16.1 0.725 0 11.7 17 13.9 0 3.3 0 0 7.7 179 119 5.9 0.2
"11" "8" 2013-11-20 23.71 "BRK" "@" "CHA" "L" -4 0 21.8166666666667 0.798 1 7.3 9.4 8.6 0 0 0 26.2 17.7 110 111 5 -5.8
"12" "9" 2013-11-22 23.72 "BRK" "@" "MIN" "L" -30 0 23.2166666666667 0.266 0 5.2 11.5 8.8 0 2.2 3.4 21 9.2 56 115 1.3 -7.5
"13" "10" 2013-11-24 23.72 "BRK" "" "DET" "L" -12 0 13.1166666666667 0.687 1 9.4 18.3 13.9 11.7 0 5.8 35.5 20.3 99 117 3 -6.2
"14" "11" 2013-11-26 23.73 "BRK" "@" "TOR" "W" 2 0 16.1833333333333 0.827 0.8 8.2 8 8.1 0 0 5.7 26.9 21.7 112 115 5.2 -4.5
"15" "12" 2013-11-27 23.73 "BRK" "" "LAL" "L" -5 0 20.9166666666667 0.773 0.667 4.8 15.6 10 0 2.5 16.7 0 8.4 166 97 8.9 4.6
"16" "13" 2013-11-29 23.74 "BRK" "@" "HOU" "L" -19 0 27.8666666666667 0.82 0.875 7 19.1 12.2 6.9 5.7 4.1 9.3 16.8 145 114 17.6 9
"17" "14" 2013-11-30 23.74 "BRK" "@" "MEM" "W" 9 0 15.2333333333333 0.694 0.5 9 8.5 8.8 20.4 3.6 0 0 9.4 171 99 6 6.8
"18" "15" 2013-12-03 23.75 "BRK" "" "DEN" "L" -24 0 17.7833333333333 0.667 0.667 5.4 6.3 5.8 0 0 0 0 8 141 131 3.3 -6.6
"19" "16" 2013-12-05 23.75 "BRK" "" "NYK" "L" -30 0 16.0166666666667 0.862 1 0 0 0 13 0 0 17.7 16.5 144 140 5.9 4.3
"20" "" 2013-12-07 23.76 "BRK" "@" "MIL" "W" 8 NA NA NA NA NA NA NA NA NA NA NA NA NA NA NA NA
"21" "17" 2013-12-10 23.77 "BRK" "" "BOS" "W" 8 0 10.6166666666667 1.136 NA 0 10.3 5.9 0 5.2 0 36.2 13.1 150 104 4.3 5.5
"22" "18" 2013-12-12 23.77 "BRK" "" "LAC" "W" 9 0 15.85 1.064 1 0 0 0 0 0 0 34.7 8.7 134 103 0.3 -7.6
"23" "19" 2013-12-13 23.78 "BRK" "@" "DET" "L" -4 0 11.3833333333333 1.064 1 0 10.5 5.2 13.3 4.5 5.8 34.7 12.2 142 98 5 7.9
"24" "20" 2013-12-16 23.78 "BRK" "" "PHI" "W" 36 0 21.85 0.512 0.5 6.3 33.4 21.7 5.2 0 0 17 11.8 102 89 3.5 -7.5
"25" "" 2013-12-18 23.79 "BRK" "" "WAS" "L" -6 NA NA NA NA NA NA NA NA NA NA NA NA NA NA NA NA
"26" "21" 2013-12-20 23.79 "BRK" "@" "PHI" "L" -1 0 8.96666666666667 0.521 0.5 0 0 0 0 11 8.3 25.8 20.1 71 91 2.9 -1.5
"27" "22" 2013-12-23 23.8 "BRK" "" "IND" "L" -17 0 21.25 0.509 0.5 4.8 32.3 16.5 0 0 12.3 0 14.8 105 100 7.5 3
"28" "23" 2013-12-25 23.81 "BRK" "" "CHI" "L" -17 0 9.51666666666667 0.34 0.2 10.7 27.3 18 0 0 8.8 0 29.5 87 106 2.9 -1.3
"29" "24" 2013-12-27 23.81 "BRK" "" "MIL" "W" 11 0 9.01666666666667 0.434 0.5 13.3 30.7 23.1 0 0 0 14.8 34.9 78 97 1.2 -17
"30" "25" 2013-12-28 23.82 "BRK" "@" "IND" "L" -14 0 22.55 0.6 0.6 5.2 15.2 9.3 0 2.3 0 0 11 126 116 5.2 -2.1
"31" "26" 2013-12-31 23.82 "BRK" "@" "SAS" "L" -21 0 38.3666666666667 0.588 0.545 11.4 30.4 20.1 0 1.4 4.3 28.2 21 89 118 11.4 -4.2
"32" "27" 2014-01-02 23.83 "BRK" "@" "OKC" "W" 2 0 11.2166666666667 1.064 1 23.8 13.8 19.2 16 0 9.3 34.7 12 157 104 4.6 4.1
"33" "28" 2014-01-04 23.84 "BRK" "" "CLE" "W" 7 0 0.233333333333333 NA NA 0 0 0 0 0 0 NA 0 0 114 0 -8.6
"34" "" 2014-01-06 23.84 "BRK" "" "ATL" "W" 5 NA NA NA NA NA NA NA NA NA NA NA NA NA NA NA NA
"35" "" 2014-01-08 23.85 "BRK" "" "GSW" "W" 4 NA NA NA NA NA NA NA NA NA NA NA NA NA NA NA NA
"36" "29" 2014-01-10 23.85 "BRK" "" "MIA" "W" 9 0 0.916666666666667 NA NA 0 0 0 0 0 0 NA 0 0 112 0 -7.7
"37" "30" 2014-01-11 23.85 "BRK" "@" "TOR" "L" -16 1 28.3333333333333 0.551 0.6 0 18.4 9.6 0 4 12.5 0 9.5 109 100 7.2 1
"38" "31" 2014-01-16 23.87 "BRK" "@" "ATL" "W" 17 0 2.63333333333333 0.798 1 0 0 0 0 0 0 0 30.9 152 122 2.3 4.6
"39" "32" 2014-01-20 23.88 "BRK" "@" "NYK" "W" 23 0 3.03333333333333 0.862 1 0 0 0 0 17.9 0 0 37.5 176 66 4.3 37
"40" "33" 2014-01-21 23.88 "BRK" "" "ORL" "W" 11 0 5.4 0.5 0.5 0 24.7 12.2 0 0 0 0 18.8 94 108 0.9 -11.8
"41" "" 2014-01-24 23.89 "BRK" "" "DAL" "W" 1 NA NA NA NA NA NA NA NA NA NA NA NA NA NA NA NA
"42" "" 2014-01-26 23.9 "BRK" "@" "BOS" "W" 6 NA NA NA NA NA NA NA NA NA NA NA NA NA NA NA NA
"43" "" 2014-01-27 23.9 "BRK" "" "TOR" "L" -1 NA NA NA NA NA NA NA NA NA NA NA NA NA NA NA NA
"44" "34" 2014-01-31 23.91 "BRK" "" "OKC" "L" -25 0 17.35 0.838 0.833 0 0 0 13.1 6.2 4.5 11.4 25.7 146 128 12.4 12
"45" "35" 2014-02-01 23.91 "BRK" "@" "IND" "L" -1 0 18.9833333333333 0.564 0.5 6.3 7.7 6.9 0 8 17.4 0 13.2 124 88 8.4 8.4
"46" "36" 2014-02-03 23.92 "BRK" "" "PHI" "W" 6 0 11.8 1.042 1 11.6 37 23.9 34.1 8.4 0 25.8 15.4 165 91 7.4 9.8
"47" "37" 2014-02-06 23.93 "BRK" "" "SAS" "W" 14 0 11.0166666666667 0.788 0.75 9.5 19.4 14.4 13.2 4.7 0 31.1 25.2 108 89 6 7.2
"48" "38" 2014-02-07 23.93 "BRK" "@" "DET" "L" -16 0 29.2833333333333 0.448 0.364 5.7 25.2 13.5 6.4 0 2.4 12.1 23.8 91 114 6.3 -9.4
"49" "39" 2014-02-09 23.93 "BRK" "" "NOP" "W" 12 0 28.3333333333333 0.788 0.8 10.3 34.5 25.3 0 5.5 5.2 6.7 25.2 148 68 23.9 17.9
"50" "40" 2014-02-12 23.94 "BRK" "" "CHA" "W" 16 0 9.55 0.5 0.5 0 0 0 0 0 0 0 10.5 97 107 0.6 -8.4
"51" "41" 2014-02-13 23.95 "BRK" "@" "CHI" "L" -16 0 8.88333333333333 0.568 NA 0 84.4 37.5 0 0 9.6 53.2 10.8 54 90 1.4 -3.4
"52" "" 2014-02-19 23.96 "BRK" "@" "UTA" "W" 6 NA NA NA NA NA NA NA NA NA NA NA NA NA NA NA NA
"53" "" 2014-02-22 23.97 "BRK" "@" "GSW" "L" -7 NA NA NA NA NA NA NA NA NA NA NA NA NA NA NA NA
"54" "42" 2014-02-23 23.97 "BRK" "@" "LAL" "W" 6 1 17.4333333333333 0.6 0.6 14.1 21.2 17.6 19.9 0 4.7 0 12.7 148 110 6.5 0
"55" "43" 2014-02-26 23.98 "BRK" "@" "POR" "L" -44 0 13.3333333333333 0.563 0.625 15.3 0 8.8 0 0 0 0 31.8 110 145 6.6 1
"56" "44" 2014-02-27 23.98 "BRK" "@" "DEN" "W" 23 0 20.7666666666667 0.644 0.5 11.9 32.4 23.4 7.2 0 11.8 11.4 18.4 131 80 11.1 5.9
"57" "45" 2014-03-01 23.99 "BRK" "@" "MIL" "W" 9 1 10.5 0.644 0.667 39.8 36.1 38.1 16.4 0 0 0 16.5 162 108 6.5 2.6
"58" "46" 2014-03-03 23.99 "BRK" "" "CHI" "W" 16 1 22.4666666666667 0.773 1 5.3 20.7 12 0 0 4.1 0 8.6 150 97 6.2 -0.1
"59" "47" 2014-03-05 24 "BRK" "" "MEM" "W" 9 1 14.75 0.4 0.4 9.9 35.4 24.7 10.3 3.5 0 28.6 23.1 72 91 1.6 -12.1
"60" "48" 2014-03-07 24.01 "BRK" "@" "BOS" "L" -7 1 24.3833333333333 0.791 0.8 8.2 19.1 12.5 9.3 2.1 0 44.2 21.1 88 100 5.1 -5.3
"61" "49" 2014-03-09 24.01 "BRK" "" "SAC" "W" 15 1 12.1333333333333 0.512 0.5 11.6 8.6 9.9 0 8.6 0 17 24.7 91 84 2.6 -9.1
"62" "50" 2014-03-10 24.01 "BRK" "" "TOR" "W" 4 1 26.1666666666667 0.429 0.429 14.5 31.6 21.9 0 2.1 3.8 0 13.2 111 109 6.4 -2
"63" "51" 2014-03-12 24.02 "BRK" "@" "MIA" "W" 1 1 22.0333333333333 0.667 0.667 5.6 21.1 12.4 7.3 0 10.6 0 6.4 152 104 5.6 1.5
"64" "52" 2014-03-15 24.03 "BRK" "@" "WAS" "L" -7 1 23.35 0.8 0.8 6 10.3 8.3 15.9 0 4 28.6 15.4 118 119 5.5 -1.6
"65" "53" 2014-03-17 24.03 "BRK" "" "PHO" "W" 13 1 27.2833333333333 0.771 0.833 5.2 41.9 25.5 5.5 3.8 0 24.8 21.7 116 93 13.6 4.1
"66" "54" 2014-03-19 24.04 "BRK" "" "CHA" "W" 5 1 18.8833333333333 0.671 0.667 11.6 27.6 19.8 18.9 2.9 4.4 19.6 26.6 120 100 10.4 6.2
"67" "55" 2014-03-21 24.04 "BRK" "" "BOS" "W" 16 1 20.9 0.934 0.857 21.5 10.4 15.1 22.8 7.7 0 17.2 26.9 164 97 20.5 20.2
"68" "56" 2014-03-23 24.05 "BRK" "@" "DAL" "W" 3 1 21.7333333333333 0.282 0.25 20.3 9.6 14.8 25.1 2.6 0 18.4 23.8 82 110 2.3 -8.7
"69" "57" 2014-03-24 24.05 "BRK" "@" "NOP" "L" -5 1 30.9666666666667 0.63 0.667 12.7 26.6 19 0 0 2.6 45.7 13 82 112 5.1 -8.3
"70" "58" 2014-03-26 24.06 "BRK" "@" "CHA" "L" -5 1 20.75 0.667 0.667 6.9 17.4 12.6 14.6 0 7.2 25 10.3 122 121 4.9 -1.4
"71" "59" 2014-03-28 24.06 "BRK" "" "CLE" "W" 11 1 19.8833333333333 0.521 0.5 7.5 32.9 22.2 0 2.7 11.5 41 12.1 72 92 4.8 -2.2
"72" "60" 2014-03-30 24.07 "BRK" "" "MIN" "W" 15 1 22.7166666666667 0.674 0.571 14.4 25.8 19.9 0 0 3 17.2 21.3 125 100 10.4 -1
"73" "61" 2014-04-01 24.07 "BRK" "" "HOU" "W" 9 1 27.6333333333333 0.751 0.833 13 11.3 12.1 19.7 1.8 7.1 21.5 15.6 133 98 13.4 9
"74" "62" 2014-04-02 24.08 "BRK" "@" "NYK" "L" -29 1 22.7833333333333 1.078 1 10.8 16.9 13.2 17.6 2.5 0 30.1 7.5 170 130 6.5 0.9
"75" "63" 2014-04-04 24.08 "BRK" "" "DET" "W" 12 1 11.8833333333333 0.798 1 0 0 0 0 0 0 34.7 12.8 93 130 0.1 -14.9
"76" "64" 2014-04-05 24.08 "BRK" "@" "PHI" "W" 4 0 23.4833333333333 0.766 0.8 10.5 24.3 17.7 8.3 0 0 22.3 26.9 109 110 10.4 -2.5
"77" "65" 2014-04-08 24.09 "BRK" "@" "MIA" "W" 1 1 30.3166666666667 0.667 0.667 14.8 21.4 18.4 10.7 1.9 10.6 0 10.7 155 98 12.7 8.5
"78" "66" 2014-04-09 24.1 "BRK" "@" "ORL" "L" -4 0 27.0666666666667 0.858 0.875 8.2 13.6 10.8 6.9 0 0 17.7 18.8 139 126 11.4 -1.9
"79" "67" 2014-04-11 24.1 "BRK" "" "ATL" "L" -5 0 28.6333333333333 0.936 1 3.8 13.2 8.2 21 1.8 2.8 0 14.5 194 102 19 16
"80" "68" 2014-04-13 24.11 "BRK" "" "ORL" "W" 9 0 26.1666666666667 0.738 0.75 24.8 29.7 27.3 16 4.1 3.4 25.8 26.8 118 91 17.6 8.3
"81" "69" 2014-04-15 24.11 "BRK" "" "NYK" "L" -11 0 30.3666666666667 0.743 0.778 11.9 27.9 19.2 28.8 1.7 0 8.5 17.3 147 118 17.6 8.7
"82" "70" 2014-04-16 24.12 "BRK" "@" "CLE" "L" -29 0 17.8666666666667 0.508 0.571 0 37.5 18.5 83.7 2.8 0 27.6 28.1 87 113 7.5 6.7
"1" "1" 2014-10-29 24.65 "BRK" "@" "BOS" "L" -16 1 11.4833333333333 1 1 11.9 32.2 22.6 0 0 12.7 50 15 90 111 2.8 -5.3
"2" "2" 2014-11-01 24.66 "BRK" "@" "DET" "W" 12 1 20.8333333333333 0.644 0.667 21.4 5 12.9 0 2.7 0 11.4 20 130 103 8.5 1.2
"3" "3" 2014-11-03 24.67 "BRK" "" "OKC" "W" 31 0 15.5 0.556 0.556 16.3 38.7 28.8 10.9 0 0 0 27.8 127 88 9.2 1.6
"4" "4" 2014-11-05 24.67 "BRK" "" "MIN" "L" -7 0 12.7 0.347 0.5 8.4 23.6 16.3 11.7 3.9 0 0 10.1 95 94 2.7 0.2
"5" "5" 2014-11-07 24.68 "BRK" "" "NYK" "W" 11 0 20.5333333333333 0.102 0 6.7 18.7 13.8 6.2 0 9.9 0 11.2 55 100 0.9 -8.4
"6" "6" 2014-11-09 24.68 "BRK" "" "ORL" "W" 8 0 16.1 0.564 0.5 37.3 41.4 39.2 0 3.3 5 8.6 32.4 125 97 12.9 6.7
"7" "7" 2014-11-12 24.69 "BRK" "@" "PHO" "L" -8 0 9.46666666666667 0.133 0 12.7 37.1 25 0 5.2 26.7 34.7 27.3 31 84 0.3 -11.3
"8" "8" 2014-11-13 24.69 "BRK" "@" "GSW" "L" -8 0 20.3 0.519 0.333 12.4 29.6 22 7.4 0 4.2 0 27 121 107 11.7 7.5
"9" "9" 2014-11-15 24.7 "BRK" "@" "POR" "L" -10 0 18.1166666666667 0.102 0 5.8 24.1 14.7 0 5.9 0 0 12.3 38 95 0.5 -8.2
"10" "10" 2014-11-17 24.7 "BRK" "" "MIA" "L" -12 0 14.35 0.139 0.2 39.8 19.7 30.8 26.1 4.1 0 0 25.8 77 111 3.4 -7.3
"11" "11" 2014-11-19 24.71 "BRK" "" "MIL" "L" -4 0 7.36666666666667 0.452 0.5 0 31.1 17.1 0 7.6 0 0 22.8 92 90 2 -1.7
"12" "12" 2014-11-21 24.72 "BRK" "@" "OKC" "W" 2 0 2.91666666666667 1 1 49.9 0 22.2 0 0 0 0 16.8 207 108 1.6 1.6
"13" "13" 2014-11-22 24.72 "BRK" "@" "SAS" "L" -12 0 8.15 0.338 0.25 10.7 0 6.4 0 0 0 0 24.6 85 115 0.9 -12.5
"14" "14" 2014-11-26 24.73 "BRK" "@" "PHI" "W" 8 0 1.4 1 1 0 0 0 0 0 0 0 31.9 200 104 1.7 24.1
"15" "15" 2014-11-30 24.74 "BRK" "" "CHI" "L" -18 0 15.75 0.479 0.4 12.2 9 10.9 0 0 0 9.6 29.7 96 112 3.8 -5.1
"16" "16" 2014-12-02 24.75 "BRK" "@" "NYK" "W" 5 0 18.5166666666667 0.579 0.667 27 19 23.3 18.1 3 4.9 0 20 139 101 11.7 10.5
"17" "17" 2014-12-03 24.75 "BRK" "" "SAS" "W" 2 0 9.6 0.21 0.333 11.3 17.5 14.8 0 0 0 17.4 29.5 44 97 -1.4 -19
"18" "18" 2014-12-05 24.75 "BRK" "" "ATL" "L" -23 0 12.9 0 0 15.2 38.8 26.9 12.4 0 7.9 17.4 20.3 25 95 -1.2 -12.2
"19" "19" 2014-12-08 24.76 "BRK" "" "CLE" "L" -22 0 19.15 0.461 0.5 11.1 5.8 8.5 9.7 0 0 0 24.1 102 130 5.8 -3.3
"20" "20" 2014-12-10 24.77 "BRK" "@" "CHI" "L" -25 1 28.05 0.303 0.273 15 11.7 13.6 14.3 0 9 18.5 25.3 68 115 3.2 -8.7
"21" "21" 2014-12-12 24.77 "BRK" "" "PHI" "W" 18 1 35.0833333333333 0.643 0.643 13.7 18.7 16.3 0 3.1 0 12.5 20.8 115 80 15.6 2.1
"22" "22" 2014-12-13 24.78 "BRK" "@" "CHO" "W" 27 1 38.3666666666667 0.517 0.625 12.9 26.1 21.1 7 0 2.2 0 14.2 124 98 11.8 -1.5
"23" "23" 2014-12-16 24.78 "BRK" "" "MIA" "L" -4 1 32.2 0.677 0.667 16.6 18.1 17.2 8.2 1.6 3.1 20.5 26.9 110 102 16.9 4.2
"24" "24" 2014-12-17 24.79 "BRK" "@" "TOR" "L" -16 1 36.8833333333333 0.645 0.692 8.7 16.3 12.2 11.2 0 4.3 14.4 26.2 115 121 17.3 2.9
"25" "25" 2014-12-19 24.79 "BRK" "@" "CLE" "L" -4 1 29.1833333333333 0.625 0.556 13.3 22.4 18.3 11.4 0 9.3 0 18.6 139 99 14.7 6
"26" "26" 2014-12-21 24.8 "BRK" "" "DET" "W" 5 1 33.3833333333333 0.861 0.9 4.1 30.4 19.8 10.6 3 4.5 7.6 18.3 155 95 23 10.4
"27" "27" 2014-12-23 24.8 "BRK" "" "DEN" "W" 6 1 39.75 0.62 0.643 12.3 23.6 17.4 7.5 2.6 6.4 11.5 19.7 121 97 20.6 5.8
"28" "28" 2014-12-26 24.81 "BRK" "@" "BOS" "W" 2 1 35.9666666666667 0.726 0.857 8.9 34.3 20 12.1 0 2.1 29.3 16.5 109 111 12.7 -0.2
"29" "29" 2014-12-27 24.81 "BRK" "" "IND" "L" -25 1 31.85 0.557 0.4 3.5 28.5 15.1 0 0 2.2 0 11.7 121 113 7.8 -1.5
"30" "30" 2014-12-29 24.82 "BRK" "" "SAC" "W" 8 1 33.3166666666667 0.783 0.857 9.2 3.9 6.9 5.3 4.7 2.6 17.6 23.1 133 105 20.1 6.7
"31" "31" 2014-12-30 24.82 "BRK" "@" "CHI" "W" 14 1 17.3333333333333 0.615 0.5 12.3 33.9 23.6 9.1 3.1 4.5 17 15.9 120 78 7 3.3
"32" "32" 2015-01-02 24.83 "BRK" "@" "ORL" "W" 2 1 26.5333333333333 0.795 0.9 11 25.8 19.9 14.6 1.9 5.5 30.6 29 101 93 14.5 4.4
"33" "33" 2015-01-04 24.84 "BRK" "@" "MIA" "L" -4 1 22.5666666666667 0.82 0.833 9.7 17.7 13.3 0 2.5 4 29.1 21.4 110 100 10 4.1
"34" "34" 2015-01-05 24.84 "BRK" "" "DAL" "L" -8 1 32.3 0.527 0.5 14.9 8.3 11.2 0 0 4.9 31.1 14.6 88 101 4.3 -6.8
"35" "35" 2015-01-07 24.84 "BRK" "" "BOS" "L" -8 1 36.6666666666667 0.505 0.455 19.2 15.7 17.3 16.7 0 3.7 0 20.2 123 100 15.8 5.8
"36" "36" 2015-01-09 24.85 "BRK" "" "PHI" "L" -2 1 32.3666666666667 0.599 0.556 20.6 33.7 27.8 5.8 3.3 0 7.4 19.7 126 93 16.9 5.9
"37" "37" 2015-01-10 24.85 "BRK" "@" "DET" "L" -5 1 25.45 0.7 0.7 4.3 16.4 10.5 0 2 4 16.7 21.5 106 102 10.2 1.4
"38" "38" 2015-01-12 24.86 "BRK" "" "HOU" "L" -14 1 28.9833333333333 0.94 0.909 12.1 27.6 20 0 1.8 0 13.6 22.7 161 116 22.3 11.3
"39" "39" 2015-01-14 24.86 "BRK" "" "MEM" "L" -11 1 32.5833333333333 0.794 0.778 4.5 26.8 17.2 11.5 1.6 2.2 17.5 17.1 132 108 14.5 7
"40" "40" 2015-01-16 24.87 "BRK" "@" "WAS" "W" 22 1 28.3666666666667 0.451 0.4 4.6 39 22.3 0 1.9 3 19.7 24.6 78 83 5.3 -7.6
"41" "41" 2015-01-17 24.87 "BRK" "" "WAS" "L" -9 1 23.75 0.628 0.571 0 14.4 6.8 0 4.6 0 10.2 19.7 114 103 7.2 -0.1
"42" "42" 2015-01-21 24.88 "BRK" "@" "SAC" "W" 3 1 11.1166666666667 0.872 1 0 0 0 35.9 4.5 0 36.8 22.1 102 103 3.5 2.8
"43" "43" 2015-01-22 24.88 "BRK" "@" "LAC" "L" -39 1 25.3666666666667 0.578 0.667 3.5 11.1 6.5 8.7 4 0 12.6 27 101 127 10.5 0.9
"44" "44" 2015-01-24 24.89 "BRK" "@" "UTA" "L" -35 1 26.8166666666667 0.751 0.833 8 26.5 14.9 8.9 6 7.2 35.3 20.5 91 108 10.5 1.7
"45" "45" 2015-01-28 24.9 "BRK" "@" "ATL" "L" -11 1 31.1166666666667 0.543 0.583 7.3 20.3 13.5 5.5 1.7 9.4 7.2 20.8 104 119 12.1 0
"46" "46" 2015-01-30 24.91 "BRK" "" "TOR" "L" -5 1 35.6166666666667 0.785 1 3 26.5 14.1 0 0 2.3 20.7 12 118 123 9.5 -2.7
"47" "47" 2015-02-02 24.92 "BRK" "" "LAC" "W" 2 1 22.4833333333333 0.479 0.6 27.3 12.8 19.8 0 0 0 29.9 26.8 85 105 3.8 -9.8
"48" "48" 2015-02-04 24.92 "BRK" "@" "TOR" "W" 16 1 30.8833333333333 0.51 0.4 8 20.5 14.1 4.2 1.8 0 0 9.2 132 108 7.1 -1.6
"49" "49" 2015-02-06 24.93 "BRK" "" "NYK" "W" 4 1 16.9833333333333 0.434 0.25 7.6 28.3 19.5 8.3 0 0 14.8 19.6 94 100 3.7 -5.1
"50" "50" 2015-02-07 24.93 "BRK" "@" "WAS" "L" -37 1 23.0333333333333 0.521 0.5 13 20.3 16.4 0 4.6 6.2 25.8 15.3 87 113 6.3 -3.7
"51" "51" 2015-02-09 24.93 "BRK" "@" "MIL" "L" -6 1 27.5 0.587 0.5 18.4 15.9 17 16.9 0 2.5 8.3 21.2 131 115 13.6 3.8
"52" "52" 2015-02-10 24.94 "BRK" "@" "MEM" "L" -9 1 31.9666666666667 0.663 0.6 19.2 27.3 23.1 5.8 4.9 0 8.1 17.1 140 94 18.9 12.2
"53" "53" 2015-02-20 24.96 "BRK" "@" "LAL" "W" 9 1 17.3666666666667 0.5 0.5 0 29.4 15 7.6 5.8 0 0 10 114 96 4.6 -0.5
"54" "54" 2015-02-23 24.97 "BRK" "@" "DEN" "W" 28 1 16.3166666666667 0.854 0.833 0 23.7 13.9 0 0 0 19.6 26.8 132 83 9.7 4.5
"55" "55" 2015-02-25 24.98 "BRK" "@" "NOP" "L" -6 1 13.6166666666667 0 0 7.8 20.1 13.2 0 3.6 0 0 9.6 24 101 -0.2 -10
"56" "56" 2015-02-27 24.98 "BRK" "@" "HOU" "L" -4 1 22.4833333333333 0.718 0.7 9.5 10.7 10 0 2.3 8.2 16.1 24.2 121 103 11.6 5.9
"57" "57" 2015-02-28 24.99 "BRK" "@" "DAL" "W" 10 1 31.1 0.585 0.625 15.1 21 18.2 9.6 1.7 8.6 20.1 22.8 109 96 12.5 1.8
"58" "58" 2015-03-02 24.99 "BRK" "" "GSW" "W" 2 1 22.2 0.4 0.429 9.8 24.6 17.2 5.8 4.6 0 10.2 19.4 89 103 6.3 -1.5
"59" "59" 2015-03-04 25 "BRK" "" "CHO" "L" -24 1 20.4166666666667 0.557 0.556 14.4 24.7 18.9 10.1 0 0 16.8 26 103 124 6.7 -3.6
"60" "60" 2015-03-06 25 "BRK" "" "PHO" "L" -8 1 13.3833333333333 0.387 0.333 6.9 7.8 7.3 0 3.7 0 0 11.8 97 97 1.7 -3.5
"61" "61" 2015-03-08 25.01 "BRK" "" "UTA" "L" -7 0 12.0333333333333 0.694 1 0 22.8 10.9 26.6 4.7 0 0 12.1 146 103 4 7.5
"62" "62" 2015-03-10 25.01 "BRK" "" "NOP" "L" -20 0 17.0166666666667 0.102 0 6.3 7.6 6.9 16.1 0 0 17 15.6 46 127 -2 -16.7
"63" "63" 2015-03-11 25.02 "BRK" "@" "MIA" "L" -6 0 15.4166666666667 0.415 0.429 29.7 15.2 22.5 0 3.3 5.2 17.2 32.6 85 103 4.6 -7.3
"64" "64" 2015-03-14 25.02 "BRK" "@" "PHI" "W" 7 0 20.9833333333333 0.375 0.375 5.3 18.3 12.3 7.6 2.3 4 0 16.4 86 83 4.7 -1.1
"65" "65" 2015-03-16 25.03 "BRK" "@" "MIN" "W" 16 0 24.05 1.042 1 0 41.8 22.7 0 0 0 0 5.2 217 106 7.3 1
"66" "66" 2015-03-18 25.04 "BRK" "@" "CLE" "L" -25 0 23.9166666666667 0.767 1 10 17.2 13.4 6.7 2.2 3.8 13.3 15.1 137 128 10.4 2.5
"67" "67" 2015-03-20 25.04 "BRK" "" "MIL" "W" 2 0 20.95 0.333 0.333 10.2 8 9 7 5.2 0 25 8.8 84 104 3.2 -4.1
"68" "68" 2015-03-21 25.04 "BRK" "@" "IND" "W" 12 0 15.5166666666667 0.868 1 10 28.8 20.9 0 0 0 25.8 24.8 125 118 7.5 -0.9
"69" "69" 2015-03-23 25.05 "BRK" "" "BOS" "L" -19 0 13.2666666666667 0.47 0.5 19.7 36.2 26.7 14.6 3.8 5.2 15.8 20.2 99 103 6.1 3.6
"70" "70" 2015-03-25 25.05 "BRK" "@" "CHO" "W" 3 0 20.9833333333333 0.5 0.5 5 22.4 14.1 19.9 0 0 20 10.9 98 92 4.1 -1.3
"71" "71" 2015-03-27 25.06 "BRK" "" "CLE" "W" 8 1 24.3833333333333 0.333 0.333 8.9 28.1 18.3 0 0 3.9 40 9 62 98 1.4 -6.4
"72" "72" 2015-03-29 25.07 "BRK" "" "LAL" "W" 8 1 23.15 0.735 0.667 0 22.5 12.1 16.4 2.2 0 0 9.5 162 104 9.9 3.9
"73" "73" 2015-03-31 25.07 "BRK" "" "IND" "W" 5 0 12.3166666666667 0.532 0.5 10.5 19 15 10.8 0 6.6 21 18.7 104 110 1.9 -8.4
"74" "74" 2015-04-01 25.07 "BRK" "@" "NYK" "W" 2 0 13.6833333333333 0.644 0.667 9.5 8.8 9.1 0 0 0 20.5 17.8 106 120 2.9 -10.5
"75" "75" 2015-04-03 25.08 "BRK" "" "TOR" "W" 5 0 4.41666666666667 0.5 0.5 0 58.7 26.8 0 0 0 0 20.5 113 112 0.8 -12
"76" "76" 2015-04-04 25.08 "BRK" "@" "ATL" "L" -32 0 12.85 0.347 0.5 9.6 11 10.2 10.6 0 0 25.8 13.4 73 143 0.5 -11.7
"77" "77" 2015-04-06 25.09 "BRK" "" "POR" "W" 10 0 15.5833333333333 0.694 0.5 6 34.2 19.3 8.1 6.7 5 41 14 95 84 6.2 3.8
"78" "78" 2015-04-08 25.09 "BRK" "" "ATL" "L" -3 0 8.76666666666667 0.521 0.5 24.9 12.7 18.9 0 5.8 0 0 28.7 124 111 4.7 -2
"79" "79" 2015-04-10 25.1 "BRK" "" "WAS" "W" 37 0 18.3833333333333 0.435 0.429 11.6 16 13.9 14.1 5.8 0 9.8 25.3 100 80 6.2 -1.9
"80" "80" 2015-04-12 25.1 "BRK" "@" "MIL" "L" -23 0 17.4666666666667 0.564 0.5 24.5 13.7 20 17.2 2.9 4.4 23.5 30.8 96 95 9.3 6.1
"81" "81" 2015-04-13 25.11 "BRK" "" "CHI" "L" -27 0 11.9 0 0 24.7 41.4 32.1 12.6 0 0 20.5 18.5 40 120 -0.3 -14.3
"82" "82" 2015-04-15 25.11 "BRK" "" "ORL" "W" 13 0 19.7833333333333 0.581 0.667 6.2 22.6 14.8 7.1 0 0 22.5 10.5 100 98 3.1 -5.2
"1" "1" 2015-10-28 25.65 "POR" "" "NOP" "W" 18 1 18.8833333333333 0.658 0.75 6.4 25.4 16.9 41.9 0 0 0 12.7 162 95 9.4 11.3
"2" "2" 2015-10-30 25.65 "POR" "@" "PHO" "L" -18 1 25.6 0.54 0.538 10.2 8.9 9.7 9 5.3 0 6.7 23.8 108 99 12.1 4.8
"3" "3" 2015-10-31 25.66 "POR" "" "PHO" "L" -11 1 26.8166666666667 0.694 1 3.8 23.3 13.5 13.9 0 5.8 34.2 14.6 85 102 6.3 -1.2
"4" "4" 2015-11-02 25.66 "POR" "@" "MIN" "W" 5 1 27.6666666666667 0.765 0.8 3.9 12.1 8 10.2 0 2.6 50.5 18.1 77 103 3.6 -5.4
"5" "5" 2015-11-04 25.67 "POR" "@" "UTA" "W" 16 1 34.5333333333333 0.463 0.556 11.3 35.4 25.3 8.2 3 4.3 27.8 22.7 81 83 9.1 0.1
"6" "6" 2015-11-05 25.67 "POR" "" "MEM" "W" 19 1 21.75 0.581 0.667 25.7 38.6 31.9 18.8 2.5 0 0 14.6 153 103 11.7 6.2
"7" "7" 2015-11-08 25.68 "POR" "" "DET" "L" -17 1 25.6833333333333 0.376 0.375 16 7.3 10.9 15.8 1.9 0 30 23.5 76 125 3.6 -8.4
"8" "8" 2015-11-09 25.68 "POR" "@" "DEN" "L" -4 1 32.6333333333333 0.744 0.714 0 27.8 12 10.3 3 5.1 9 14.6 140 102 15.6 7
"9" "9" 2015-11-11 25.69 "POR" "" "SAS" "L" -12 1 30.2166666666667 0.467 0.429 14.4 23.4 18.3 18.6 3.4 2.4 0 14.3 126 115 13.1 5.6
"10" "10" 2015-11-13 25.69 "POR" "@" "MEM" "L" -1 1 29.5333333333333 0.525 0.333 10.5 17.3 14.6 5.2 3.6 2.3 29.6 10.6 98 107 5.2 -2.4
"11" "11" 2015-11-15 25.7 "POR" "@" "CHO" "L" -12 1 24.4333333333333 0.515 0.333 29.9 31.9 30.8 6.3 0 3.8 20.5 17.4 115 114 9.1 -1.9
"12" "12" 2015-11-16 25.7 "POR" "@" "SAS" "L" -13 1 30.8 0.82 0.75 0 16.6 9.1 17.8 3.6 0 29.1 11.6 122 102 9.6 6.2
"13" "13" 2015-11-18 25.71 "POR" "@" "HOU" "L" -5 1 35.4166666666667 0.58 0.5 6.2 5.9 6 19.6 0 18.7 11.4 10.9 126 104 11.6 5.7
"14" "14" 2015-11-20 25.71 "POR" "" "LAC" "W" 11 1 28.65 0.694 0.667 13.7 20.9 17.3 6 3.5 0 7.2 20.4 144 91 18 11.6
"15" "15" 2015-11-22 25.72 "POR" "@" "LAL" "W" 14 1 30.3333333333333 0.73 0.667 3.7 31 18.5 18.9 1.7 2.3 0 17.6 158 91 20.5 12
"16" "16" 2015-11-24 25.72 "POR" "" "CHI" "L" -5 1 35.2833333333333 0.396 0.385 12.6 36.3 23.4 5.6 0 4 6.7 17.8 93 94 9.7 -1.5
"17" "17" 2015-11-28 25.73 "POR" "" "LAL" "W" 12 1 23.55 0.475 0.4 15.7 5.1 10.3 24 2.2 0 32.2 18 99 104 4.1 -5.8
"18" "18" 2015-11-30 25.74 "POR" "@" "LAC" "L" -15 1 24.2166666666667 0.579 0.5 11.9 33.6 23.6 7.3 3.9 0 36.7 23.1 81 85 7.4 0.3
"19" "19" 2015-12-01 25.74 "POR" "" "DAL" "L" -3 1 20.8833333333333 0.307 0.25 5.1 20.7 12.8 6.6 4.9 0 0 10.1 89 102 4.4 -1.1
"20" "20" 2015-12-03 25.75 "POR" "" "IND" "W" 12 1 26.1333333333333 0.732 0.833 9 30.6 20.6 10.6 0 3.2 0 13.8 162 117 13.3 3.5
"21" "21" 2015-12-05 25.75 "POR" "@" "MIN" "W" 6 1 23.85 0.436 0.333 20.1 22.4 21.3 11.5 0 0 22.5 17.2 102 111 5.5 -5.9
"22" "22" 2015-12-07 25.76 "POR" "@" "MIL" "L" -2 1 20.0166666666667 0.307 0.25 0 23.4 10.5 7.8 0 12 29.1 15 53 94 1 -7.6
"23" "23" 2015-12-08 25.76 "POR" "@" "CLE" "L" -5 1 22.2166666666667 0.481 0.333 12.7 13.5 13.1 24.2 0 3.7 16.1 25.8 108 118 6.1 -1.8
"24" "24" 2015-12-11 25.77 "POR" "@" "PHO" "W" 10 1 26.65 0.8 0.8 3.9 12 7.9 19.1 0 0 28.6 11.4 128 110 7.7 1.1
"25" "25" 2015-12-12 25.77 "POR" "" "NYK" "L" -2 1 27.55 0.58 0.667 0 10.9 4.8 15.4 1.9 0 20.5 15.6 102 124 4.5 -3.6
"26" "26" 2015-12-14 25.78 "POR" "" "NOP" "W" 4 1 30.0166666666667 0.593 0.5 17.4 28.4 22.8 35.5 0 5.6 24 24.5 115 102 15.5 4.2
"27" "27" 2015-12-16 25.78 "POR" "@" "OKC" "L" -16 1 25.9333333333333 0.421 0.286 30.8 4.2 18.9 22.6 0 0 23.1 34 90 114 8.7 -2.7
"28" "28" 2015-12-18 25.79 "POR" "@" "ORL" "L" -8 1 30.3833333333333 0.333 0.333 3.8 29.6 17.6 5.5 0 2.3 40 15.3 49 101 -1 -11.4
"29" "29" 2015-12-20 25.79 "POR" "@" "MIA" "L" -7 1 30.9666666666667 0.681 0.6 17.7 12.6 15.1 9 0 0 38.2 18.7 102 128 6.4 -7.2
"30" "30" 2015-12-21 25.8 "POR" "@" "ATL" "L" -9 1 26.6666666666667 0.975 1 12.6 33.2 22.2 33.1 1.9 3.8 26.2 12.7 158 107 17 14.3
"31" "31" 2015-12-23 25.8 "POR" "@" "NOP" "L" -26 1 22.9 0.424 0.444 20 28.6 23.5 17 0 7.8 17.5 20.2 94 117 8.5 -1.7
"32" "32" 2015-12-26 25.81 "POR" "" "CLE" "W" 29 1 28.3833333333333 0.709 0.667 7.9 42.3 26 19.8 1.9 3.7 20.5 15.7 128 73 14.7 8.3
"33" "33" 2015-12-27 25.81 "POR" "@" "SAC" "W" 4 1 22 0.42 0.333 8.7 19.4 13.8 18.3 2.1 4.2 29.6 12.6 88 91 3.9 -3.5
"34" "34" 2015-12-30 25.82 "POR" "" "DEN" "W" 7 1 27.9 0.674 0.571 11.7 14.6 13.2 20.2 1.8 8.6 17.2 18.2 134 103 15.7 8.1
"35" "35" 2015-12-31 25.82 "POR" "@" "UTA" "L" -13 1 20.15 0.255 0.2 25.1 27.7 26.5 14.6 0 0 25.4 19.9 83 127 3.2 -10.4
"36" "36" 2016-01-03 25.83 "POR" "@" "DEN" "W" 6 1 21.6 0.714 0.5 0 0 0 11.8 0 3.8 0 9.1 165 120 5.1 -0.3
"37" "37" 2016-01-04 25.84 "POR" "" "MEM" "L" -13 1 22.9166666666667 0.193 0.167 5 8.1 6.7 0 4.5 0 11.4 17.7 42 95 -0.5 -8.4
"38" "38" 2016-01-06 25.84 "POR" "" "LAC" "L" -11 1 25.7 0.759 0.778 19.1 17.8 18.5 37.5 0 0 13.8 24.9 146 124 19.7 14.8
"39" "39" 2016-01-08 25.85 "POR" "" "GSW" "L" -20 1 18 0.359 0.25 4.8 28.1 14.3 8.2 0 0 9.3 24.5 79 129 2.6 -12.5
"40" "40" 2016-01-10 25.85 "POR" "" "OKC" "W" 5 1 31.4166666666667 0.442 0.417 17 19.1 17.9 17.8 0 2.8 13.9 18.1 112 111 9.8 -1.6
"41" "41" 2016-01-13 25.86 "POR" "" "UTA" "W" 14 1 20.4833333333333 0.521 0.5 15.6 15 15.3 6.8 0 8.2 14.8 14.7 113 97 7.3 1.3
"42" "42" 2016-01-15 25.87 "POR" "@" "BRK" "W" 12 1 22.0833333333333 0.509 0.5 0 9.5 4.9 16.1 0 0 12.7 16 108 119 4.5 -5.8
"43" "43" 2016-01-16 25.87 "POR" "@" "PHI" "L" -25 1 21.6833333333333 0.595 0.571 13 6.9 10.7 8.8 2.2 8.4 22.9 26.2 100 108 9.2 1.3
"44" "44" 2016-01-18 25.87 "POR" "@" "WAS" "W" 10 1 23.7166666666667 0.437 0.455 20.2 32.9 26.8 43.1 2.2 3.6 14.9 26.2 114 100 12.2 7.6
"45" "45" 2016-01-20 25.88 "POR" "" "ATL" "L" -6 1 28.2 0.429 0.429 14.8 18.1 16.5 19 1.8 0 22.2 13.8 100 106 6.8 -1.7
"46" "46" 2016-01-23 25.89 "POR" "" "LAL" "W" 18 1 25.25 0.645 0.429 4.8 41.6 21.1 27.6 6.1 0 16.6 20.7 136 100 16.5 11.3
"47" "47" 2016-01-26 25.9 "POR" "" "SAC" "W" 15 1 22.7 0.888 1 0 35.2 18.2 6.3 2.1 12.6 0 13 176 82 15.8 15.2
"48" "48" 2016-01-29 25.9 "POR" "" "CHO" "W" 18 1 28.8333333333333 0.623 0.6 21.7 19.2 20.4 23.8 3.5 6.5 22.3 20.3 122 88 16.7 10.1
"49" "49" 2016-01-31 25.91 "POR" "" "MIN" "W" 3 1 20.4333333333333 0.51 0.4 5.6 10.7 8.2 8.6 0 3.7 0 13.5 120 105 5.2 -0.5
"50" "50" 2016-02-02 25.92 "POR" "" "MIL" "W" 12 1 20.2666666666667 0.255 0.2 17.3 23.2 20.6 6.5 2.4 9.9 0 12.5 92 85 4.9 -1.6
"51" "51" 2016-02-04 25.92 "POR" "" "TOR" "L" -7 1 19.65 0.444 0.6 11.4 11.6 11.5 0 0 7.4 0 15.7 99 116 3.9 -6.1
"52" "52" 2016-02-06 25.93 "POR" "@" "HOU" "W" 17 1 23.8666666666667 0.563 0.5 3.9 30.6 16.6 7.5 2.1 9.8 31.1 21.9 84 75 6.7 -1.2
"53" "53" 2016-02-08 25.93 "POR" "@" "MEM" "W" 6 1 24.4333333333333 0.5 0.5 5.2 31.9 17.1 10.9 0 0 33.3 11.7 86 109 2.4 -7.4
"54" "54" 2016-02-10 25.94 "POR" "" "HOU" "W" 13 1 16.2666666666667 0.82 0.75 18.4 7.2 13.3 0 2.9 0 38.1 19.9 108 101 5.2 -4.2
"55" "55" 2016-02-19 25.96 "POR" "" "GSW" "W" 32 1 20 0.685 0.714 5.9 17.8 12.6 30 0 0 10.2 19.5 143 102 12.3 8.4
"56" "56" 2016-02-21 25.97 "POR" "" "UTA" "W" 4 1 29.5166666666667 0.423 0.375 10 26.4 17 28.6 3.6 2.3 8.6 15.9 121 113 11.6 5
"57" "57" 2016-02-23 25.97 "POR" "" "BRK" "W" 8 1 26.8833333333333 0.42 0.333 4.3 47.6 26.7 23.4 0 4.6 29.6 11.4 97 98 6.7 0
"58" "58" 2016-02-25 25.98 "POR" "" "HOU" "L" -14 1 27.0666666666667 0.654 0.6 3.9 13 8.2 11.2 1.8 3.3 34.4 18.7 94 116 6 -3.1
"59" "59" 2016-02-27 25.98 "POR" "@" "CHI" "W" 8 1 28.2 0.746 0.6 3.5 27.8 15.8 10.3 1.7 2.4 15.7 19.9 135 93 14.7 5.8
"60" "60" 2016-02-28 25.99 "POR" "@" "IND" "W" 9 1 24.9 0.105 0 9.4 20.7 15.9 14.1 0 4.9 17.4 10.9 72 105 2.6 -5
"61" "61" 2016-03-01 25.99 "POR" "@" "NYK" "W" 19 1 26.9166666666667 0.258 0 3.8 19.8 12.4 14.5 3.8 5.3 0 6.7 103 81 7.1 4.1
"62" "62" 2016-03-02 25.99 "POR" "@" "BOS" "L" -23 1 22.1833333333333 0.765 0.8 8.7 19.7 14.4 25.6 2.3 5.3 14.5 13.9 145 113 11.5 8.8
"63" "63" 2016-03-04 26 "POR" "@" "TOR" "L" -2 1 26.5833333333333 0.524 0.4 0 20.6 9.8 5.1 0 3.3 28.2 17.6 83 124 2.1 -8.4
"64" "64" 2016-03-06 26 "POR" "@" "DET" "L" -20 1 17.0333333333333 1.136 NA 0 14.8 7.4 24.2 2.9 0 0 4.9 244 125 6.9 8
"65" "65" 2016-03-08 26.01 "POR" "" "WAS" "W" 7 1 22.4666666666667 0.518 0.6 10.3 9.1 9.6 13.9 0 3 37.2 20.7 76 102 1.6 -7.5
"66" "66" 2016-03-11 26.02 "POR" "@" "GSW" "L" -16 1 18.55 0.806 0.75 11 37.7 24.5 26.6 0 0 32.6 22.9 127 127 10.6 4
"67" "67" 2016-03-12 26.02 "POR" "" "ORL" "W" 37 1 26.6666666666667 0.654 0.667 9.7 30.6 22 13.6 0 0 12.7 13.7 136 82 9.6 1.1
"68" "68" 2016-03-14 26.02 "POR" "@" "OKC" "L" -34 1 23.1166666666667 0.515 0.333 18.5 17.8 18.3 7.7 0 3.1 20.5 17.8 107 133 8.4 -2.6
"69" "69" 2016-03-17 26.03 "POR" "@" "SAS" "L" -8 1 28.4333333333333 0.502 0.375 7.2 26 15.7 24.9 3.5 0 20.1 21.9 103 117 10.5 1.3
"70" "70" 2016-03-18 26.04 "POR" "@" "NOP" "W" 5 1 29.9666666666667 0.731 0.5 0 22.9 12.2 19.5 0 0 21 14.2 131 117 10 2.4
"71" "71" 2016-03-20 26.04 "POR" "@" "DAL" "L" -12 1 31.7333333333333 0.54 0.556 26.1 39.6 31.1 9.9 1.6 2.6 7.2 17.9 131 120 17.5 1.8
"72" "72" 2016-03-23 26.05 "POR" "" "DAL" "W" 6 1 26.6166666666667 0.556 0.556 7.7 23.5 15.5 5.8 5.3 5.5 10 16 111 91 13 6.1
"73" "73" 2016-03-24 26.05 "POR" "@" "LAC" "L" -2 1 24.5166666666667 0.473 0.333 4.4 22.8 13.3 0 4 6.2 20.5 26.3 81 89 6.9 -1.1
"74" "74" 2016-03-26 26.06 "POR" "" "PHI" "W" 3 1 22.0166666666667 0.457 0.429 20.2 19.8 20 6.9 2.1 0 0 16.7 121 100 8.2 -3.2
"75" "75" 2016-03-28 26.06 "POR" "" "SAC" "W" 12 1 20.2 0.5 0.5 0 14.9 8.4 21.4 2.4 0 33.3 13.3 85 94 2.8 -3.2
"76" "76" 2016-03-31 26.07 "POR" "" "BOS" "W" 7 1 25.25 0.578 0.5 12.1 11.2 11.6 21.5 0 0 9.5 17.1 134 117 11.2 1.9
"77" "77" 2016-04-02 26.08 "POR" "" "MIA" "W" 17 1 26.6333333333333 0.781 0.8 0 29.4 16.6 33.9 3.7 2.6 8.4 20.6 151 86 18.8 16.1
"78" "78" 2016-04-03 26.08 "POR" "@" "GSW" "L" -25 1 19.3333333333333 0.667 0.667 11.5 13.4 12.4 53.1 2.5 4.3 40 22.1 103 135 8.1 3.7
"79" "79" 2016-04-05 26.08 "POR" "@" "SAC" "W" 8 1 27.2333333333333 0.558 0.444 21.2 16 19.1 16 0 9.4 0 16 153 105 14.2 3.7
"80" "80" 2016-04-06 26.09 "POR" "" "OKC" "W" 5 1 30.2166666666667 0.753 0.75 4 16.2 10.7 29.1 3.2 2.3 13.1 11.1 159 111 14.8 7.3
"81" "81" 2016-04-09 26.1 "POR" "" "MIN" "L" -1 1 31.5666666666667 0.697 0.667 8.7 50.7 30.8 9.8 1.7 4.3 0 15.6 158 101 19.4 13
"82" "82" 2016-04-13 26.11 "POR" "" "DEN" "W" 8 1 23.6166666666667 0.694 0.5 8.8 23.5 16.6 5.8 4.1 5.9 41 17.4 94 89 9.3 0.9
"1" "1" 2016-10-25 26.64 "POR" "" "UTA" "W" 9 1 14.5666666666667 0.25 0.25 0 9.4 5.1 9.2 0 0 0 13.6 68 120 -1 -16.1
"2" "2" 2016-10-27 26.65 "POR" "" "LAC" "L" -8 1 30.5 0.73 0.778 7.5 17.5 13.1 22.5 0 7.6 14.7 19 133 110 16.8 11
"3" "3" 2016-10-29 26.65 "POR" "@" "DEN" "W" 2 1 32.3833333333333 0.611 0.625 0 5.8 3.1 22.2 1.4 0 15.8 16.9 113 105 9.3 0
"4" "4" 2016-11-01 26.66 "POR" "" "GSW" "L" -23 1 21.8833333333333 0.6 0.6 5 26.6 14.2 43.3 4.2 0 28.6 13.6 116 117 9.4 6
"5" "5" 2016-11-02 26.66 "POR" "@" "PHO" "L" -3 1 21.2333333333333 0.182 0.182 9.1 43.8 26.7 27 0 5.7 15.4 26.1 57 96 2.9 -8.3
"6" "6" 2016-11-04 26.67 "POR" "@" "DAL" "W" 10 1 34.0833333333333 0.848 0.778 3.2 10.1 6.6 21.5 5.9 2.6 15.2 17.6 151 91 21.8 14.2
"7" "7" 2016-11-06 26.67 "POR" "@" "MEM" "W" 6 1 24.25 0.621 0.667 5.3 22.5 14.7 21.2 4.3 0 34.7 17.5 99 95 6.2 -0.3
"8" "8" 2016-11-08 26.68 "POR" "" "PHO" "W" 3 1 31.3666666666667 0.727 0.833 0 17.8 10.1 20.5 0 2.4 0 9.3 162 120 11.9 5.4
"9" "9" 2016-11-09 26.68 "POR" "@" "LAC" "L" -31 1 20.2666666666667 0.155 0.083 9.1 9.5 9.3 33.1 0 0 7.2 30.4 52 123 -1 -11.3
"10" "10" 2016-11-11 26.69 "POR" "" "SAC" "W" 2 1 34.5333333333333 0.556 0.6 7.3 18.3 12.8 26.6 3 4.6 21.7 13 122 112 11.3 2.7
"11" "11" 2016-11-13 26.69 "POR" "" "DEN" "W" 7 1 23.7 0.661 0.714 14.2 22 17.7 21 0 3.3 10.7 15.7 135 104 13.4 6.7
"12" "12" 2016-11-15 26.7 "POR" "" "CHI" "L" -25 1 21.6333333333333 0.467 0.429 14.1 8.4 11.5 32.5 2.3 2.8 9.4 20.7 110 116 10.6 7
"13" "13" 2016-11-17 26.7 "POR" "@" "HOU" "L" -17 1 30.0166666666667 0.4 0.4 0 26.7 13.5 29.6 0 2.5 16.7 8.6 108 123 7.5 -0.1
"14" "14" 2016-11-18 26.71 "POR" "@" "NOP" "L" -12 1 34.3333333333333 0.597 0.6 8.6 35 19.7 39.8 0 0 15.5 15.9 125 118 15.3 5.9
"15" "15" 2016-11-20 26.71 "POR" "@" "BRK" "W" 20 1 24.0833333333333 0.478 0.5 12.1 22.6 18.5 18.5 2 6.9 21.5 17 108 100 8.4 1
"16" "16" 2016-11-22 26.72 "POR" "@" "NYK" "L" -4 1 28.4 0.712 0.8 15.4 19.7 17.5 21.6 0 2.5 38.8 15.4 105 108 9.7 1.6
"17" "17" 2016-11-23 26.72 "POR" "@" "CLE" "L" -12 1 23.35 0.873 0.9 10 10.8 10.4 21.6 0 3.8 0 20.8 182 141 18.8 9.9
"18" "18" 2016-11-25 26.73 "POR" "" "NOP" "W" 15 1 33.4 0.45 0.417 9.8 37.6 23.4 28.9 1.4 0 7 17.4 119 104 15.4 4.3
"19" "19" 2016-11-27 26.73 "POR" "" "HOU" "L" -16 1 32.5 0.628 0.714 20 13 16.6 31.7 0 3.2 25.5 15.8 125 136 12.3 1.4
"20" "20" 2016-11-30 26.74 "POR" "" "IND" "W" 22 1 27.2833333333333 0.571 0.571 12.6 35.2 22 28.6 0 3 6.7 24.4 135 118 15.6 2.3
"21" "21" 2016-12-03 26.75 "POR" "" "MIA" "W" 7 1 33.0333333333333 0.619 0.625 2.9 27 14.1 5.1 1.5 2.3 10.1 13.3 116 95 9.5 -1.3
"22" "22" 2016-12-05 26.75 "POR" "@" "CHI" "W" 2 1 23.1166666666667 0.506 0.444 4.6 19.3 11.8 11.3 4.3 6.9 9.2 20.6 106 105 10.6 3.4
"23" "23" 2016-12-07 26.76 "POR" "@" "MIL" "L" -8 1 33.1333333333333 0.425 0.4 6.3 29.7 17 18.6 3 8.2 7.8 17.1 103 109 12.7 2.6
"24" "24" 2016-12-08 26.76 "POR" "@" "MEM" "L" -2 1 30.6 0.172 0.111 2.8 14.5 8.6 26.8 3.3 2.3 20.5 20.6 44 87 0 -6.3
"25" "25" 2016-12-10 26.77 "POR" "@" "IND" "L" -7 1 25.75 0.82 0.75 4.9 31.1 18.6 10.8 0 0 45 15.6 98 123 5 -8.2
"26" "26" 2016-12-12 26.77 "POR" "@" "LAC" "L" -1 1 33.9333333333333 0.537 0.533 14.9 10.1 12.4 26 1.5 10.7 5.6 22.2 130 121 19.7 9
"27" "27" 2016-12-13 26.78 "POR" "" "OKC" "W" 19 1 28.8 0.773 0.778 4.8 22.2 14.6 10.6 1.7 5.6 25.6 24.6 116 94 14.8 3.7
"28" "28" 2016-12-15 26.78 "POR" "@" "DEN" "L" -12 1 27.6833333333333 0.726 0.8 11.3 22.4 15.8 25.6 3.4 0 0 19.2 159 124 20.9 12.4
"29" "29" 2016-12-17 26.79 "POR" "@" "GSW" "L" -45 1 17.7833333333333 0.244 0.167 0 16.4 6.2 43.1 2.7 0 10.9 23.5 67 132 1.9 -5.3
"30" "30" 2016-12-20 26.79 "POR" "@" "SAC" "L" -5 1 36.4666666666667 0.757 0.769 12.5 39.5 23.8 21.3 1.4 5.4 5.3 22.2 155 128 28.7 12.4
"31" "31" 2016-12-21 26.8 "POR" "" "DAL" "L" -1 1 28.9 0.706 1 4.5 22.6 14.4 26.2 1.8 3.2 29.8 16.5 108 102 10.4 5.7
"32" "32" 2016-12-23 26.8 "POR" "" "SAS" "L" -20 1 14.9 0.654 0.667 7.7 35.8 20.7 14.6 3.7 0 12.7 25.1 117 116 7.8 5.3
"33" "33" 2016-12-26 26.81 "POR" "" "TOR" "L" -4 1 29.75 0.553 0.5 13.2 31.1 22.8 24 0 0 7.8 18.9 123 93 13.9 4.4
"34" "34" 2016-12-28 26.82 "POR" "" "SAC" "W" 13 1 23.45 0.732 0.667 10.8 53.4 34.1 15.3 0 0 19.6 21.2 130 93 12.6 4.5
"35" "35" 2016-12-30 26.82 "POR" "@" "SAS" "L" -16 1 26.6166666666667 0.532 0.25 0 26.5 12.4 32.6 0 3.2 0 13.9 131 120 10.8 5.4
"36" "36" 2017-01-01 26.83 "POR" "@" "MIN" "W" 6 1 29 0.672 0.667 8.7 19.9 15 19 1.7 0 13 25.7 128 94 16 6.1
"37" "37" 2017-01-04 26.84 "POR" "@" "GSW" "L" -8 1 32.5833333333333 0.563 0.5 10.5 25.2 17.7 18.9 4.2 2.9 0 17.7 138 112 19.5 8.8
"38" "38" 2017-01-05 26.84 "POR" "" "LAL" "W" 9 1 31.4166666666667 0.713 0.857 4 18.7 12.3 22.6 1.6 2.8 16 17.8 129 108 13.8 2.5
"39" "39" 2017-01-08 26.85 "POR" "" "DET" "L" -1 1 39.75 0.311 0.333 20.8 14.2 17.6 38.8 1.3 5.5 18.9 19.4 104 108 13.1 2
"40" "40" 2017-01-10 26.85 "POR" "@" "LAL" "W" 21 1 24.3 0.698 0.714 5.2 23.7 15.7 6 2.1 6.7 27.6 20.5 100 85 8.3 -1.3
"41" "41" 2017-01-11 26.85 "POR" "" "CLE" "W" 16 1 23.75 0.291 0.333 4.2 15.9 10.2 22.5 2.2 7.8 0 12.8 92 88 6.9 3.1
"42" "42" 2017-01-13 26.86 "POR" "" "ORL" "L" -6 1 28.1666666666667 0.4 0.286 7.1 21.3 13.6 23.9 3.4 7.9 10.2 14.2 105 105 11.2 4.2
"43" "43" 2017-01-16 26.87 "POR" "@" "WAS" "L" -19 1 20.8333333333333 0.421 0.286 8.7 16.1 12 21.3 2.4 7.3 19.4 20.9 92 117 6.9 -0.9
"44" "44" 2017-01-18 26.87 "POR" "@" "CHO" "L" -22 1 30.0166666666667 0.581 0.5 8.3 26 15.8 5.7 0 7.9 12.7 11.1 118 110 10.2 -2.1
"45" "45" 2017-01-20 26.88 "POR" "@" "PHI" "L" -1 1 32.85 0.38 0.286 8.4 24.9 16.2 10.8 1.5 7 5.2 24.8 89 87 11 1.5
"46" "46" 2017-01-21 26.88 "POR" "@" "BOS" "W" 4 1 27.5 0.512 0.5 13.8 36.7 25.2 43.7 1.8 0 23.5 20.2 111 108 11.7 4.1
"47" "47" 2017-01-25 26.89 "POR" "" "LAL" "W" 7 1 34.1833333333333 0.539 0.533 6.1 28.6 18.3 13.3 2.9 2.2 5.4 23.8 113 89 18.2 7.1
"48" "48" 2017-01-27 26.9 "POR" "" "MEM" "W" 3 1 33.9333333333333 0.528 0.455 14.1 24.2 18.9 13.7 1.6 0 7.5 18.4 125 117 12.8 0.3
"49" "49" 2017-01-29 26.9 "POR" "" "GSW" "L" -2 1 29.9333333333333 0.49 0.5 12 31.3 21.8 4.6 1.5 6.1 11.5 23.9 96 103 10.8 -1.7
"50" "50" 2017-01-31 26.91 "POR" "" "CHO" "W" 17 1 23.2 0.621 0.667 12.4 38.5 24.5 10.9 4.2 0 26.2 14.2 115 93 10.4 4
"51" "51" 2017-02-03 26.92 "POR" "" "DAL" "L" -4 1 31.2166666666667 0.571 0.571 13.4 22.6 17.3 0 1.7 3.4 11.3 12.9 120 117 9.5 -1.5
"52" "52" 2017-02-05 26.92 "POR" "@" "OKC" "L" -6 1 28.7 0.497 0.4 10 3.3 6.7 17.7 0 2.1 18.7 24.8 99 114 6.6 -5
"53" "53" 2017-02-07 26.93 "POR" "@" "DAL" "W" 1 1 26.55 0.904 0.75 15.7 51 31.9 9.9 2 0 13.1 12.4 178 120 15.9 8.1
"54" "54" 2017-02-09 26.93 "POR" "" "BOS" "L" -9 1 30.1666666666667 0.589 0.6 12.2 14.1 13.3 18.6 0 5.2 28.2 16 109 127 10 0.2
"55" "" 2017-02-13 26.95 "DEN" "" "GSW" "W" 22 NA NA NA NA NA NA NA NA NA NA NA NA NA NA NA NA
"56" "55" 2017-02-15 26.95 "DEN" "" "MIN" "L" -13 1 33.8333333333333 0.517 0.5 5.7 22.6 13.6 13.2 0 2.1 8.6 14.2 112 117 10.3 -0.5
"57" "56" 2017-02-23 26.97 "DEN" "@" "SAC" "L" -16 0 22.45 0.822 1 4.5 10.2 7.2 6.6 4.3 0 33 17.6 108 113 7.7 -1.5
"58" "57" 2017-02-24 26.98 "DEN" "" "BRK" "W" 20 0 22.5833333333333 0.615 0.625 9.2 45.2 27.4 44.3 0 0 9.3 19 141 101 14.6 10.1
"59" "58" 2017-02-26 26.98 "DEN" "" "MEM" "L" -7 0 17.3833333333333 0.258 0.333 0 19.7 9.4 8.1 3 0 20.5 13 50 111 -0.1 -11.2
"60" "59" 2017-02-28 26.99 "DEN" "@" "CHI" "W" 18 0 22.6 0.6 0.6 0 25.5 15.9 27.5 0 0 16.7 12 129 108 6.4 2.6
"61" "60" 2017-03-01 26.99 "DEN" "@" "MIL" "W" 12 0 18.3166666666667 0.5 0.5 6.9 19.2 13.3 0 5.8 0 0 14.7 120 100 5.4 -1.5
"62" "61" 2017-03-04 27 "DEN" "" "CHO" "L" -10 0 15.0833333333333 0.563 0.5 23.3 20.3 21.7 10.7 0 5.1 31.1 19.7 102 123 3.8 -6.8
"63" "62" 2017-03-06 27 "DEN" "" "SAC" "W" 12 1 31.1333333333333 0.43 0.333 8.6 31.5 21.2 23.8 1.6 2.3 34 26.3 79 97 6.2 -7.9
"64" "63" 2017-03-08 27.01 "DEN" "" "WAS" "L" -10 1 31 0.591 0.538 20.6 16.7 18.9 22 1.6 0 19.9 28.1 116 124 17 0.4
"65" "64" 2017-03-10 27.01 "DEN" "" "BOS" "W" 20 0 19.6 1 1 20.4 10.2 14.6 27.8 0 5.1 20 10.9 175 104 11.2 12.7
"66" "65" 2017-03-11 27.02 "DEN" "@" "SAC" "W" 13 0 20.8666666666667 1.031 1 11.5 25.6 18.9 55.6 2.5 11.7 34 13.3 162 89 15.5 24.6
"67" "66" 2017-03-13 27.02 "DEN" "" "LAL" "W" 28 1 36.3166666666667 0.697 0.667 3.7 22.9 15 7.1 1.3 3.4 8.5 14.1 133 95 15.7 0.6
"68" "67" 2017-03-16 27.03 "DEN" "" "LAC" "W" 15 1 30.35 0.506 0.556 7.7 27 17.4 24.9 0 6.1 9.2 16 124 117 11.8 1.4
"69" "68" 2017-03-18 27.04 "DEN" "" "HOU" "L" -4 1 31.4833333333333 0.666 0.6 3 29 14.8 13.7 3.1 5.2 22.8 11.6 115 101 11.7 4.2
"70" "69" 2017-03-20 27.04 "DEN" "@" "HOU" "L" -1 1 23.5166666666667 0.4 0.4 11 22.2 17.2 5.1 1.9 4 0 8.8 113 115 6.2 -0.4
"71" "70" 2017-03-22 27.05 "DEN" "" "CLE" "W" 13 1 26.4666666666667 0.51 0.4 13.3 17.7 15.5 16.6 1.9 0 7.8 21.5 123 119 11.9 -0.1
"72" "71" 2017-03-24 27.05 "DEN" "@" "IND" "W" 8 0 16.0166666666667 0.678 0.5 0 13.3 7.1 9.1 6 0 13.1 20.1 129 109 7.7 2.7
"73" "72" 2017-03-26 27.06 "DEN" "" "NOP" "L" -25 0 19.2 0.766 0.8 4.4 19.6 11.6 15.6 0 3.6 16.1 28.2 115 111 13.1 10.7
"74" "73" 2017-03-28 27.06 "DEN" "@" "POR" "L" -9 0 16.3833333333333 0 0 0 5.9 3.1 20 0 4.6 40 12.8 34 125 -1.4 -9.9
"75" "74" 2017-03-31 27.07 "DEN" "@" "CHO" "L" -8 0 12.35 0.5 0.5 18.1 15.9 16.9 0 0 0 33.3 21.6 80 130 0.8 -18
"76" "75" 2017-04-02 27.08 "DEN" "@" "MIA" "W" 3 0 12.65 0.521 0.5 0 18.5 9.4 10.4 0 12.6 0 20.4 112 109 5.1 0.6
"77" "76" 2017-04-04 27.08 "DEN" "@" "NOP" "W" 3 0 26.8 0.523 0.5 22.4 23.9 23.2 12.7 0 2.6 7.4 20.4 131 128 12.9 -0.9
"78" "77" 2017-04-05 27.08 "DEN" "@" "HOU" "L" -6 0 14.1333333333333 0.5 0.5 11.9 27.2 19 0 3.2 19.2 20 13.7 91 85 5.1 1.5
"79" "78" 2017-04-07 27.09 "DEN" "" "NOP" "W" 16 0 26.6333333333333 0.463 0.5 21.2 11 15.2 14.4 0 7.1 18.8 17 107 103 8.1 -2.5
"80" "79" 2017-04-09 27.1 "DEN" "" "OKC" "L" -1 0 18.4166666666667 0.41 0.333 6.5 9.3 8.1 7.5 5.4 7.3 12 21.1 85 98 5 -2.1
"81" "80" 2017-04-11 27.1 "DEN" "@" "DAL" "W" 18 1 33.5166666666667 0.571 0.571 9.8 16.8 13.6 0 1.5 3 22.2 24.3 89 93 9.8 -6.8
"82" "81" 2017-04-12 27.1 "DEN" "@" "OKC" "W" 6 1 32.55 0.633 0.6 3.5 11.3 7.8 0 0 1.9 19.2 20.2 101 104 8.2 -6.1
"1" "1" 2017-10-18 27.62 "DEN" "@" "UTA" "L" -10 0 15.9 0.6 0.6 8.2 8.2 8.2 22.4 0 5.3 16.7 17.7 115 111 3.8 -1
"2" "2" 2017-10-21 27.63 "DEN" "" "SAC" "W" 17 0 10.65 0.444 0.4 30 0 13.9 16.1 0 0 12.9 31.9 103 100 4.3 -1.7
"3" "3" 2017-10-23 27.64 "DEN" "" "WAS" "L" -5 0 12.6333333333333 0.512 0.5 10.3 16.9 13.9 0 3.8 7 17 19.7 91 98 4.6 1.4
"4" "4" 2017-10-25 27.64 "DEN" "@" "CHO" "L" -17 0 20.7166666666667 0.488 0.5 8 43.1 22.9 0 7.2 0 26.8 21.7 77 93 6.4 -1.7
"5" "5" 2017-10-27 27.65 "DEN" "@" "ATL" "W" 5 0 19.1166666666667 0.678 0.75 11.7 16.4 14.1 43.7 2.6 13.5 0 14.9 159 95 15.4 24.7
"6" "6" 2017-10-29 27.65 "DEN" "@" "BRK" "W" 13 0 22.65 0.727 0.667 0 25.1 14.5 0 0 0 0 13.3 144 104 7.5 -4
"7" "7" 2017-10-30 27.65 "DEN" "@" "NYK" "L" -6 0 16.25 0.188 0.25 5.8 17.4 10.4 18.4 0 5.9 15.8 16.7 60 122 0 -13.2
"8" "8" 2017-11-01 27.66 "DEN" "" "TOR" "W" 18 0 17.35 0.63 0.667 14.6 38.6 27.3 13.3 5.5 0 17.4 14.1 130 100 9.5 6.5
"9" "9" 2017-11-03 27.67 "DEN" "" "MIA" "W" 1 0 11.2833333333333 0.5 0.5 9.2 11.8 10.4 0 0 10.6 33.3 23.6 71 101 1.3 -9.7
"10" "10" 2017-11-04 27.67 "DEN" "" "GSW" "L" -19 0 11.8333333333333 0.81 1 9.4 27.7 18.6 29.1 3.9 8 31.6 22.1 110 110 7.2 8.4
"11" "11" 2017-11-07 27.68 "DEN" "" "BRK" "W" 8 0 14.6333333333333 0.931 1 0 21.4 10.5 8.8 5.9 12.1 34.7 15.6 118 79 7.4 4.9
"12" "12" 2017-11-09 27.68 "DEN" "" "OKC" "W" 8 0 24.7166666666667 0.604 0.556 9.7 7.9 8.7 6.9 2.1 3.2 8.5 20.8 124 104 11.3 3.3
"13" "13" 2017-11-11 27.69 "DEN" "" "ORL" "W" 18 0 10.1333333333333 1 1 11.6 10.5 11 11.5 9.8 0 0 4.3 212 95 5.4 11.9
"14" "14" 2017-11-13 27.69 "DEN" "@" "POR" "L" -17 0 5.53333333333333 0 0 0 0 0 0 0 0 25 31.4 0 114 -3.1 -33
"15" "15" 2017-11-17 27.7 "DEN" "" "NOP" "W" 32 0 18.5666666666667 0.551 0.6 15.2 24 20.1 10.7 0 0 15.5 14.8 125 118 5.9 -4.2
"16" "16" 2017-11-19 27.71 "DEN" "@" "LAL" "L" -18 0 30.4833333333333 0.481 0.667 9.4 3.7 6.8 10.6 1.5 9.3 16.1 16.4 93 120 8.6 -3.1
"17" "17" 2017-11-20 27.71 "DEN" "@" "SAC" "W" 16 0 20.4166666666667 0.363 0.333 10.9 29.4 19.8 18.9 0 3.6 22.5 19.4 90 103 4.5 -3.7
"18" "18" 2017-11-22 27.72 "DEN" "@" "HOU" "L" -30 0 22.3 0.436 0.444 20.3 17.9 19.3 16.3 2.2 0 22.5 24.7 87 126 6.9 -5.8
"19" "19" 2017-11-24 27.72 "DEN" "" "MEM" "W" 12 0 12.0833333333333 0.5 0.5 22.7 10.5 16.3 22.1 0 16.2 50 14.3 87 88 2.3 -1.6
"20" "20" 2017-11-28 27.73 "DEN" "@" "UTA" "L" -29 0 15.55 0 0 0 15.8 7.3 0 3.5 0 25 12.1 0 115 -1.9 -15
"21" "21" 2017-11-30 27.74 "DEN" "" "CHI" "W" 1 0 20.3166666666667 0.532 0.667 5.3 36.3 19.7 14.2 0 4.1 0 12.3 126 112 5.7 -2.8
"22" "22" 2017-12-02 27.75 "DEN" "" "LAL" "W" 15 1 30.85 0.644 0.625 7.1 13.2 10.3 29 0 0 9.7 14.4 139 106 13 4.5
"23" "23" 2017-12-04 27.75 "DEN" "@" "DAL" "L" -17 1 19.15 0.323 0.5 9.6 32.1 19.3 28.2 0 4.2 30.1 15.4 81 129 4 -5.3
"24" "24" 2017-12-06 27.76 "DEN" "@" "NOP" "L" -9 0 22.9 0.735 0.8 0 25.6 11.8 0 0 0 15.5 12 112 125 3.8 -10
"25" "25" 2017-12-08 27.76 "DEN" "@" "ORL" "W" 14 1 17.8166666666667 0.75 0.75 0 22 12.5 15.9 0 13 33.3 15.5 102 87 6.7 6.2
"26" "26" 2017-12-10 27.77 "DEN" "@" "IND" "L" -10 1 20.7833333333333 0.451 0.5 15.9 39.2 26.4 21.6 2.6 3.8 20.5 20.2 100 117 7.7 0.1
"27" "27" 2017-12-12 27.77 "DEN" "@" "DET" "W" 19 1 29 0.714 0.714 9.5 37.2 25.6 5.2 1.7 3.1 22.2 14.6 113 78 11.4 3.2
"28" "28" 2017-12-13 27.78 "DEN" "@" "BOS" "L" -6 1 31.5666666666667 0.727 0.778 3.3 23.8 11.7 8.9 0 5.6 16.2 16 126 128 12.1 -0.6
"29" "29" 2017-12-15 27.78 "DEN" "" "NOP" "W" 6 1 30.8 0.507 0.5 7.5 27.4 17.2 8.8 1.6 6 10.1 14 109 99 8.9 -1.9
"30" "30" 2017-12-18 27.79 "DEN" "@" "OKC" "L" -1 1 22.8 0.47 0.429 5 39.2 22.3 13.7 0 7.4 28.7 21.5 79 98 5 -4.2
"31" "31" 2017-12-20 27.79 "DEN" "" "MIN" "L" -8 1 28.5666666666667 0.553 0.6 31.8 12 21.3 38.9 5.4 0 20.3 23.9 120 113 16.4 6.4
"32" "32" 2017-12-22 27.8 "DEN" "@" "POR" "W" 17 1 24.6833333333333 0.571 0.571 14.6 9 11.7 17 2.2 15.9 12.5 14.7 130 88 12.2 12.2
"33" "33" 2017-12-23 27.8 "DEN" "@" "GSW" "W" 15 1 24.7833333333333 0.333 0.333 10.5 25.3 18.7 10.7 2.1 0 66.7 16.4 42 85 -0.9 -11.1
"34" "34" 2017-12-26 27.81 "DEN" "" "UTA" "W" 24 1 20.3833333333333 0.615 0.667 17.7 21.4 19.8 23.9 0 0 0 17.3 149 94 10.5 9.9
"35" "35" 2017-12-27 27.81 "DEN" "@" "MIN" "L" -3 1 25.4166666666667 0.517 0.5 18.1 19 18.5 6.2 0 0 8.6 21.4 117 129 9.1 -4
"36" "36" 2017-12-30 27.82 "DEN" "" "PHI" "L" -5 1 22.6166666666667 0.058 0 4.8 23.6 14.3 6.1 0 0 18.8 19.6 22 111 -5.5 -21.7
"37" "37" 2018-01-03 27.83 "DEN" "" "PHO" "W" 23 1 23.8666666666667 0.595 0.6 13.9 22.3 19.4 26.8 0 17.6 33.8 16 116 101 11 6.1
"38" "38" 2018-01-05 27.84 "DEN" "" "UTA" "W" 8 1 17.2833333333333 0.922 1 0 33.9 15.4 31 2.9 5.4 17 15.9 156 85 11.3 16.8
"39" "39" 2018-01-06 27.84 "DEN" "@" "SAC" "L" -8 1 17.2333333333333 0.625 0.6 15.1 34.8 26.2 0 0 12.1 12.2 20.7 118 94 8.6 3.4
"40" "40" 2018-01-08 27.85 "DEN" "@" "GSW" "L" -10 1 27.15 1.02 1 7.7 29.5 17.2 0 0 3.2 25.4 12.3 144 126 12 0
"41" "41" 2018-01-10 27.85 "DEN" "" "ATL" "L" -13 1 22.6 0.712 0.8 8.2 19.9 12.6 28.8 6.6 0 13.7 13.4 134 107 11.4 6.7
"42" "42" 2018-01-12 27.86 "DEN" "" "MEM" "W" 9 1 23.9833333333333 0.5 0.5 25 18.6 21.7 26.1 0 3.8 33.3 12.2 108 93 5.5 -0.8
"43" "43" 2018-01-13 27.86 "DEN" "@" "SAS" "L" -32 1 21.3 0.902 1 0 18.8 8 10.1 0 13 20.5 10.4 133 114 7.6 3.2
"44" "44" 2018-01-16 27.87 "DEN" "" "DAL" "W" 3 0 14.3666666666667 0.425 0.4 14.8 9 12.2 0 0 0 14.5 19.9 90 111 1.8 -11.7
"45" "45" 2018-01-17 27.87 "DEN" "@" "LAC" "L" -5 1 30.6333333333333 0.508 0.5 18.4 24.6 21.5 10.1 4.6 0 20.2 25 97 99 13.6 -0.6
"46" "46" 2018-01-19 27.88 "DEN" "" "PHO" "L" -8 0 12.9166666666667 0.181 0 9.3 9.5 9.4 10.6 3.9 7.7 26.6 13.5 59 104 0.7 -9.1
"47" "47" 2018-01-22 27.88 "DEN" "" "POR" "W" 3 1 28.6666666666667 0.698 0.714 14.3 10.9 12.6 32.7 1.8 5.6 11.3 13.2 147 106 14.7 10
"48" "48" 2018-01-25 27.89 "DEN" "" "NYK" "W" 12 1 23.6166666666667 1.017 1 0 37 18.8 22.7 2 3.3 12.7 15.5 182 112 16.7 13.8
"49" "49" 2018-01-27 27.9 "DEN" "" "DAL" "W" 2 1 29.7666666666667 0.429 0.429 3.7 21.7 13.4 5.5 3.5 6 22.2 14.3 74 88 5.6 -3.5
"50" "50" 2018-01-29 27.9 "DEN" "" "BOS" "L" -1 1 28.2166666666667 0.68 0.7 7.6 24.3 15.6 0 0 6.2 7.8 19.3 126 116 13.8 2.5
"51" "" 2018-01-30 27.91 "DEN" "@" "SAS" "L" -2 NA NA NA NA NA NA NA NA NA NA NA NA NA NA NA NA
"52" "" 2018-02-01 27.91 "DEN" "" "OKC" "W" 3 NA NA NA NA NA NA NA NA NA NA NA NA NA NA NA NA
"53" "" 2018-02-03 27.92 "DEN" "" "GSW" "W" 7 NA NA NA NA NA NA NA NA NA NA NA NA NA NA NA NA
"54" "" 2018-02-05 27.92 "DEN" "" "CHO" "W" 17 NA NA NA NA NA NA NA NA NA NA NA NA NA NA NA NA
"55" "" 2018-02-09 27.93 "DEN" "@" "HOU" "L" -26 NA NA NA NA NA NA NA NA NA NA NA NA NA NA NA NA
"56" "" 2018-02-10 27.94 "DEN" "@" "PHO" "W" 10 NA NA NA NA NA NA NA NA NA NA NA NA NA NA NA NA
"57" "" 2018-02-13 27.95 "DEN" "" "SAS" "W" 8 NA NA NA NA NA NA NA NA NA NA NA NA NA NA NA NA
"58" "" 2018-02-15 27.95 "DEN" "@" "MIL" "W" 11 NA NA NA NA NA NA NA NA NA NA NA NA NA NA NA NA
"59" "51" 2018-02-23 27.97 "DEN" "" "SAS" "W" 3 0 21.0333333333333 0.607 0.556 5.1 5.1 5.1 6.2 0 0 0 19.4 142 128 7.4 -4.9
"60" "52" 2018-02-25 27.98 "DEN" "" "HOU" "L" -5 0 16.9666666666667 1.042 1 6.6 8.1 7.3 22.1 5.8 0 41 12.1 132 118 7.7 5.8
"61" "53" 2018-02-27 27.98 "DEN" "" "LAC" "L" -2 0 22.0833333333333 0.425 0.5 21.2 25.3 23.3 13.5 4.1 3.5 14.5 24.9 91 107 9.4 -1.4
"62" "54" 2018-03-02 27.99 "DEN" "@" "MEM" "W" 6 0 21.05 0.922 1 7.9 19 14.8 29.5 2.3 0 17 12.6 163 105 10.9 10
"63" "55" 2018-03-03 27.99 "DEN" "@" "CLE" "W" 9 0 15.7833333333333 0.571 0.571 8.7 29.7 20 8.7 3.3 0 0 21 124 117 7.1 -3.3
"64" "56" 2018-03-06 28 "DEN" "@" "DAL" "L" -11 0 18.1333333333333 0.85 0.8 15 22.5 18.5 9.7 0 4.2 0 13.3 183 112 11.2 5.7
"65" "57" 2018-03-07 28.01 "DEN" "" "CLE" "L" -5 0 14.4166666666667 0.932 1 15.9 22.7 19.4 30.2 0 0 31.8 27.3 119 118 9.7 8.5
"66" "58" 2018-03-09 28.01 "DEN" "" "LAL" "W" 9 0 18.0666666666667 0.602 0.5 13.6 19.4 16.6 14.5 0 9.3 0 16.3 148 116 9.1 1.6
"67" "59" 2018-03-11 28.02 "DEN" "" "SAC" "W" 26 0 20.2833333333333 0.643 0.6 12.1 9.5 10.6 16.5 0 7.9 15.5 14.5 136 104 8.4 1.9
"68" "60" 2018-03-13 28.02 "DEN" "@" "LAL" "L" -9 0 21.2166666666667 0.644 0.667 10.1 26.6 18.9 33.8 2.2 9 43.6 13.7 105 99 7.4 3.7
"69" "61" 2018-03-15 28.03 "DEN" "" "DET" "W" 7 0 12.4166666666667 0.41 0.5 9.2 8.8 9 0 0 11.9 29.1 11.8 72 110 1.6 -7.4
"70" "62" 2018-03-17 28.03 "DEN" "@" "MEM" "L" -7 0 11.4833333333333 0 0 24.6 9.3 17.4 39.2 4.9 0 0 11.7 90 114 1 -8.4
"71" "63" 2018-03-19 28.04 "DEN" "@" "MIA" "L" -8 0 23.3333333333333 0.452 0.5 5 17.8 10.8 5.7 2.2 3.8 0 6.4 120 126 4.4 -3.1
"72" "64" 2018-03-21 28.04 "DEN" "@" "CHI" "W" 33 0 19.0166666666667 0.82 1 0 16.5 9.6 5.5 2.6 0 29.1 8.1 110 104 4.2 -3.2
"73" "65" 2018-03-23 28.05 "DEN" "@" "WAS" "W" 8 0 18.3833333333333 0.667 0.667 5.8 20.1 12.4 24.6 0 15.1 25 10.1 129 100 6.7 5
"74" "66" 2018-03-26 28.06 "DEN" "@" "PHI" "L" -19 0 13.45 0.735 1 7.4 0 4 28.2 3.5 17.3 38.7 24.3 87 112 5.9 3.7
"75" "67" 2018-03-27 28.06 "DEN" "@" "TOR" "L" -4 0 11.7833333333333 0.615 0.5 10.7 10.4 10.6 24.1 0 0 0 18.7 152 129 6.4 6.1
"76" "68" 2018-03-30 28.07 "DEN" "@" "OKC" "W" 1 0 14.3333333333333 0.712 0.6 25.2 17.3 20.5 19.5 0 5.8 0 19.8 170 114 10.6 11
"77" "69" 2018-04-01 28.07 "DEN" "" "MIL" "W" 3 0 2.53333333333333 NA NA 0 41 20.5 0 0 0 100 32.9 0 113 -1.7 -41.4
"78" "70" 2018-04-03 28.08 "DEN" "" "IND" "W" 3 0 10.3333333333333 0.667 0.667 11.1 11.1 11.1 14.6 0 7.1 25 16.3 108 107 2.1 -7.4
"79" "71" 2018-04-05 28.08 "DEN" "" "MIN" "W" 4 0 21.5833333333333 0.615 0.5 13.9 19.3 16.6 14.6 0 3.3 17 12 131 104 7.6 1.4
"80" "72" 2018-04-07 28.09 "DEN" "@" "LAC" "W" 19 0 15.3166666666667 0.661 0.714 10.4 15.3 13.2 0 0 4.5 10.7 28.6 115 121 6.3 -10.1
"81" "73" 2018-04-09 28.1 "DEN" "" "POR" "W" 6 0 17.2833333333333 0.694 0.75 11.3 13.9 12.7 24.5 5.8 0 14.8 17.6 127 76 8.7 9.9
"82" "74" 2018-04-11 28.1 "DEN" "@" "MIN" "L" -6 0 12.35 0.798 1 10.2 28.6 19.7 0 0 13 34.7 11.2 109 103 3.5 0.5
"1" "1" 2018-10-17 28.62 "DEN" "@" "LAC" "W" 9 0 13.3666666666667 0.258 0.333 6.9 14.1 10.5 24.4 0 18 20.5 15.2 67 90 1.3 -3.6
"2" "2" 2018-10-20 28.63 "DEN" "" "PHO" "W" 28 0 13.8166666666667 0.45 0.5 26.7 25.3 25.9 0 3.4 0 18.4 16.3 98 84 3.7 -6.3
"3" "3" 2018-10-21 28.63 "DEN" "" "GSW" "W" 2 0 15.6 0.671 0.667 6.5 7.7 7.1 27.1 3.1 0 19.6 27.9 113 101 7.8 6.2
"4" "4" 2018-10-23 28.64 "DEN" "" "SAC" "W" 14 0 20.7666666666667 0.698 0.714 20.5 16.1 18.4 11.7 6.9 0 20.2 19.4 127 101 12.6 5.5
"5" "5" 2018-10-25 28.64 "DEN" "@" "LAL" "L" -7 0 14.8333333333333 0.776 0.833 15.1 7.5 11.3 10.9 3.1 0 13.4 20.1 136 114 9 7.2
"6" "6" 2018-10-29 28.65 "DEN" "" "NOP" "W" 5 0 18.5 0.5 0.5 16.9 13.3 15.3 6.6 5 0 66.7 13.4 65 103 2 -10
"7" "7" 2018-10-31 28.66 "DEN" "@" "CHI" "W" 1 0 20.2166666666667 0.707 0.857 5.2 16.1 10.6 9 2.6 4.5 9.8 21.8 122 102 11.1 7.6
"8" "8" 2018-11-01 28.66 "DEN" "@" "CLE" "W" 19 0 21.7166666666667 0.652 0.625 6.1 25.7 16.8 22.1 2.5 3.4 10.6 19.6 137 97 10.8 6.6
"9" "9" 2018-11-03 28.67 "DEN" "" "UTA" "W" 15 0 17.15 0.595 0.7 7.4 28 19.1 8.6 2.9 0 25.4 20.4 85 86 4.2 -0.9
"10" "10" 2018-11-05 28.67 "DEN" "" "BOS" "W" 8 0 17.4833333333333 0.174 0.25 22.9 21.1 22.1 7.2 2.8 0 14.8 16.1 71 108 2 -9
"11" "11" 2018-11-07 28.68 "DEN" "@" "MEM" "L" -2 0 22.4 0.727 0.667 15.7 17.9 16.7 9.1 4.9 4.4 22.5 17.9 122 92 10.2 7
"12" "12" 2018-11-09 28.68 "DEN" "" "BRK" "L" -2 0 14.8 0.532 0.5 0 19.1 10.1 17.6 0 0 0 10.7 130 114 2.9 -1.7
"13" "13" 2018-11-11 28.69 "DEN" "" "MIL" "L" -7 0 15.1666666666667 0.266 0 0 9.3 4 15.4 0 6.3 0 5.5 108 127 1.5 -5.6
"14" "14" 2018-11-13 28.69 "DEN" "" "HOU" "L" -10 0 14.1833333333333 0.347 0.25 20.5 0 10.7 39.1 3.8 0 0 19.7 119 121 4.4 1
"15" "15" 2018-11-15 28.7 "DEN" "" "ATL" "W" 45 0 12.15 0.773 0.667 10.1 26.3 20 8.8 0 0 43.6 22.7 95 88 3.1 -9
"16" "16" 2018-11-17 28.7 "DEN" "@" "NOP" "L" -10 0 12.9 0.5 0.5 8.1 34.6 20.9 9.7 11 6 20 16.4 95 93 5.7 4
"17" "17" 2018-11-19 28.71 "DEN" "@" "MIL" "L" -6 0 15.4333333333333 0.644 0.667 18.3 14.5 16.5 9.2 0 12 34 15.9 100 104 5.3 1.2
"18" "18" 2018-11-21 28.72 "DEN" "@" "MIN" "W" 2 0 17.55 0.667 0.667 6.7 21 13.7 52.4 8.6 5.8 25 10.5 149 89 10.7 20.7
"19" "19" 2018-11-23 28.72 "DEN" "" "ORL" "W" 25 0 20.8666666666667 0.805 0.75 15.3 42.8 28.8 30.5 4.8 9.8 0 19.2 177 75 21.3 25.8
"20" "20" 2018-11-24 28.72 "DEN" "@" "OKC" "W" 7 0 20.8166666666667 0.517 0.5 13.8 15.9 14.9 15.5 0 14.4 15.8 24.4 102 94 9.7 4.5
"21" "21" 2018-11-27 28.73 "DEN" "" "LAL" "W" 32 0 20.7 0.714 0.714 24.7 22.3 23.4 6.5 2.4 4.5 12.5 16.2 143 82 12.3 7.7
"22" "22" 2018-11-30 28.74 "DEN" "@" "POR" "W" 1 0 14.2333333333333 0.387 0.333 15 8.4 11.9 27.6 7.2 5.4 0 12 133 107 6.2 8
"23" "23" 2018-12-03 28.75 "DEN" "@" "TOR" "W" 3 0 18.55 0.291 0.333 15.8 31.6 23 7.4 5.1 11.3 22.5 19.2 66 85 3.9 -3.9
"24" "24" 2018-12-05 28.75 "DEN" "@" "ORL" "W" 6 0 19.7666666666667 0.743 1 7.1 35.8 22.6 29 0 5.8 11.9 20.8 146 112 11.9 9.1
"25" "25" 2018-12-07 28.76 "DEN" "@" "CHO" "L" -6 0 20.15 0.595 0.6 13 19.9 16.2 15 0 9.3 14.5 13.5 123 117 7.4 -0.8
"26" "26" 2018-12-08 28.76 "DEN" "@" "ATL" "L" -8 0 19.3833333333333 0.6 0.6 9.3 5.4 7.5 43.3 2.3 0 50 20.4 76 103 4.1 -4
"27" "27" 2018-12-10 28.77 "DEN" "" "MEM" "W" 6 1 35.2 0.558 0.556 17.5 19.5 18.4 4.2 1.6 5.8 21.8 18.7 105 112 10.8 -4.2
"28" "28" 2018-12-14 28.78 "DEN" "" "OKC" "W" 11 1 19.6333333333333 0.429 0.429 13.6 8.9 10.7 21.2 2.6 10.3 22.2 20.1 95 97 5.1 -0.9
"29" "29" 2018-12-16 28.78 "DEN" "" "TOR" "W" 9 1 26.6166666666667 0.563 0.5 3.8 23 13.3 12.5 2 0 10.1 17.8 113 93 7.9 -1
"30" "30" 2018-12-18 28.79 "DEN" "" "DAL" "W" 8 1 33.9333333333333 0.619 0.625 3.6 27.6 15.9 9.9 0 0 10.1 12.4 127 122 9.6 -3
"31" "31" 2018-12-22 28.8 "DEN" "@" "LAC" "L" -21 1 29.9833333333333 0.41 0.375 5.7 30.3 15.5 17.7 3.2 0 23.5 17.5 83 126 6.5 -7.4
"32" "32" 2018-12-26 28.81 "DEN" "@" "SAS" "L" -8 1 29.1666666666667 0.486 0.6 6.1 15.3 10.2 16.4 3.3 2.8 21.7 13.5 92 107 8.1 -1.9
"33" "33" 2018-12-28 28.82 "DEN" "" "SAS" "W" 3 1 32.0666666666667 0.387 0.333 21.4 18.7 20 12 0 2.4 34 7.8 105 106 6.9 -2.2
"34" "34" 2018-12-29 28.82 "DEN" "@" "PHO" "W" 4 1 21.5833333333333 0.595 0.6 25.4 21.2 23.1 18.9 2.3 0 46 22.3 93 120 6 -7.2
"35" "35" 2019-01-01 28.83 "DEN" "" "NYK" "W" 7 1 23.7833333333333 0.8 0.8 4.6 23.3 14.7 11.2 4.4 0 0 8.9 172 108 10.4 2
"36" "36" 2019-01-03 28.83 "DEN" "@" "SAC" "W" 4 1 29.8166666666667 0.685 0.714 19.2 17.9 18.5 19.5 1.7 2.7 10.2 13.5 150 113 14.8 6
"37" "37" 2019-01-05 28.84 "DEN" "" "CHO" "W" 13 1 19.2833333333333 0.8 0.8 0 18.2 8 33.6 0 14.1 0 10.6 180 110 10.6 10.9
"38" "38" 2019-01-07 28.84 "DEN" "@" "HOU" "L" -12 0 15.3333333333333 0.904 1 0 26.1 11.7 8.3 6.3 0 37.6 14.3 106 114 5.8 2
"39" "39" 2019-01-08 28.85 "DEN" "@" "MIA" "W" 4 0 10.9166666666667 0.525 0.667 0 30 15 41 0 0 29.6 26.9 85 104 1.5 -5.9
"40" "40" 2019-01-10 28.85 "DEN" "" "LAC" "W" 21 0 20.2 0.833 0.875 15.8 46.5 31.3 35.6 0 3.8 16.4 25.5 150 97 18.8 17.5
"41" "41" 2019-01-12 28.86 "DEN" "@" "PHO" "L" -9 0 16.3166666666667 0.615 0.5 12.3 11.5 11.9 31.4 0 13.4 0 12.7 155 103 8.6 10
"42" "42" 2019-01-13 28.86 "DEN" "" "POR" "W" 3 0 20.6833333333333 0.538 0.571 0 41.7 22 6.5 0 0 0 17.1 109 116 6.3 -1.7
"43" "43" 2019-01-15 28.87 "DEN" "" "GSW" "L" -31 0 20.2666666666667 0.514 0.429 10.1 18.2 13.8 40.7 2.5 0 10.2 21.6 125 143 11 4.3
"44" "44" 2019-01-17 28.87 "DEN" "" "CHI" "W" 30 0 19.7 1 1 0 10.2 5.4 24.2 2.6 0 0 8.7 213 111 10.4 9.7
"45" "45" 2019-01-19 28.88 "DEN" "" "CLE" "W" 22 0 20.1833333333333 0.644 0.667 13.6 46.2 30.1 15.8 2.7 5.5 34 13.3 117 104 7.4 1.2
"46" "46" 2019-01-23 28.89 "DEN" "@" "UTA" "L" -6 0 3.55 1 1 33.8 0 15 0 0 32.2 50 24.4 98 110 1.7 0.9
"47" "47" 2019-01-25 28.89 "DEN" "" "PHO" "W" 37 1 24.9666666666667 0.743 0.667 7.8 22.4 14.6 32.5 1.9 0 27.1 23.9 127 95 15.4 7.7
"48" "48" 2019-01-26 28.9 "DEN" "" "PHI" "W" 16 0 22.0333333333333 0.904 1 5.3 21.4 14.2 23.5 0 4 9.6 19.4 171 106 17.4 14
"49" "49" 2019-01-28 28.9 "DEN" "@" "MEM" "W" 3 0 18.7166666666667 0.41 0.25 18.3 27.7 22.7 14.9 0 0 29.1 16.8 91 101 3.1 -5.7
"50" "50" 2019-01-30 28.91 "DEN" "@" "NOP" "W" 6 0 14.4 0.58 0.5 7.2 22.2 14.7 10.4 0 0 11.4 27.5 109 106 5.7 -5.4
"51" "51" 2019-02-01 28.91 "DEN" "" "HOU" "W" 14 0 19.1833333333333 0.563 0.5 8.6 27.1 19 12.2 0 6.1 0 22.2 141 135 9.6 -4
"52" "52" 2019-02-02 28.92 "DEN" "@" "MIN" "W" 1 0 26 0.333 0.333 7.7 13.5 10.4 24.1 0 10.1 14.3 12.3 106 111 5.9 -1.8
"53" "53" 2019-02-04 28.92 "DEN" "@" "DET" "L" -26 1 32.6333333333333 0.517 0.545 12.5 27.1 19 27.4 2.9 0 29.2 26.3 89 122 12 -3.1
"54" "54" 2019-02-06 28.93 "DEN" "@" "BRK" "L" -5 1 28.3833333333333 0.872 0.833 10.8 12.4 11.5 0 1.6 9.1 22.5 24.8 130 118 19.3 2.1
"55" "55" 2019-02-08 28.93 "DEN" "@" "PHI" "L" -7 1 36.4 0.714 0.714 6.1 20.3 12.9 20.1 1.3 0 12.5 9.4 141 115 12.1 1.4
"56" "56" 2019-02-11 28.94 "DEN" "" "MIA" "W" 16 1 30.9833333333333 0.799 0.833 6.2 22.1 13.5 15.4 0 9.5 22.5 12.5 131 87 13 6.4
"57" "57" 2019-02-13 28.95 "DEN" "" "SAC" "W" 2 0 21.55 0.8 0.8 23.2 9.1 16.1 18.5 2.1 0 16.7 10.9 156 112 10.7 5.4
"58" "58" 2019-02-22 28.97 "DEN" "@" "DAL" "W" 10 0 21.6166666666667 0.497 0.556 23.8 31.7 27.5 21.6 0 0 19.9 26.4 98 103 9.1 -3.5
"59" "59" 2019-02-24 28.98 "DEN" "" "LAC" "W" 27 0 15.4166666666667 0.945 0.833 14.5 24.4 19.9 33 0 4.7 17.4 14.7 176 88 11.2 15.9
"60" "60" 2019-02-26 28.98 "DEN" "" "OKC" "W" 9 0 20.9 0.333 0.333 5.3 23 14.8 5.9 2.2 0 40 9.5 61 102 1.4 -7
"61" "61" 2019-02-28 28.99 "DEN" "" "UTA" "L" -7 0 21.6 0.583 0.556 17.8 22.7 20.2 46.2 4.5 0 17.5 20.9 122 105 15.2 16.2
"62" "62" 2019-03-02 28.99 "DEN" "" "NOP" "L" -8 0 24.8 1.017 1 4.3 33.7 19.1 21.2 0 3.1 12.7 12.6 178 110 15.5 7
"63" "63" 2019-03-04 29 "DEN" "@" "SAS" "L" -1 0 14.2666666666667 0 0 15 16.4 15.6 24.6 0 5.6 50 6.2 103 106 1.9 -2.8
"64" "64" 2019-03-06 29 "DEN" "@" "LAL" "W" 16 0 15.35 0.605 0.571 5.8 22.3 13 28.9 0 5.9 11.8 23.3 124 98 7.9 5.2
"65" "65" 2019-03-08 29.01 "DEN" "@" "GSW" "L" -17 0 23.1333333333333 0.41 0.375 12.4 47.9 28 15.5 2 4.2 9.3 18.7 98 112 8.5 0.3
"66" "66" 2019-03-12 29.02 "DEN" "" "MIN" "W" 26 0 20.6833333333333 0.595 0.6 0 17 9.8 42.2 0 7.9 25.4 17.3 129 112 8.6 6
"67" "67" 2019-03-14 29.02 "DEN" "" "DAL" "W" 1 0 23.5833333333333 0.387 0.333 15.7 36.2 26.7 11 0 8.1 43.6 14.1 78 103 4.4 -6.1
"68" "68" 2019-03-16 29.03 "DEN" "" "IND" "W" 2 0 23.2 0.376 0.5 0 10.9 5.2 29.7 0 8.1 0 10.9 109 110 3.9 -0.4
"69" "69" 2019-03-18 29.04 "DEN" "@" "BOS" "W" 9 0 20.75 0.387 0.333 0 8.9 5.3 21.2 2.3 8.6 34 11.8 85 101 4.7 3
"70" "70" 2019-03-21 29.04 "DEN" "@" "WAS" "W" 5 0 25.7833333333333 0.667 0.667 4.5 50.3 26.3 17.6 2 0 25 7.5 136 115 8.4 1
"71" "71" 2019-03-22 29.05 "DEN" "@" "NYK" "W" 18 0 23.5333333333333 0.709 0.667 11.3 23.1 17.2 25.6 0 3.5 0 14.1 170 97 15.4 11.4
"72" "72" 2019-03-24 29.05 "DEN" "@" "IND" "L" -36 0 16.7666666666667 0.532 0 0 23.9 9.5 17.4 0 3.9 44.4 16.5 72 126 2.2 -8.2
"73" "73" 2019-03-26 29.06 "DEN" "" "DET" "W" 3 0 22.5166666666667 0.714 0.714 17.1 27.5 22.8 24.3 0 3.6 12.5 15.5 140 89 13.3 12.3
"74" "74" 2019-03-28 29.06 "DEN" "@" "HOU" "L" -27 0 23.1 0.41 0.25 4.9 34.6 19.8 14.4 2.2 0 17 11.4 88 113 5.4 -2.2
"75" "75" 2019-03-29 29.07 "DEN" "@" "OKC" "W" 10 0 22.6666666666667 0.935 1 6.8 19.7 14.3 17 0 0 33.8 18.9 125 114 9.3 2.8
"76" "76" 2019-03-31 29.07 "DEN" "" "WAS" "L" -5 0 25.0833333333333 0.605 0.571 10.1 28.3 19 14 0 2.8 28.7 17.7 97 93 7.3 -2.1
"77" "77" 2019-04-02 29.08 "DEN" "@" "GSW" "L" -14 0 22.7166666666667 0.307 0.25 3.9 20.6 11.1 18.7 5.9 3.6 17 10 79 100 6.1 -0.1
"78" "78" 2019-04-03 29.08 "DEN" "" "SAS" "W" 28 0 18.5833333333333 0.654 0.667 22.1 15.5 18.2 28.2 2.8 0 12.7 19.2 138 88 9.8 6.8
"79" "79" 2019-04-05 29.08 "DEN" "" "POR" "W" 9 0 28.3333333333333 0.34 0.2 4.2 21.7 12.9 16.4 1.8 5.9 14.5 11 99 115 5.7 -2.5
"80" "80" 2019-04-07 29.09 "DEN" "@" "POR" "L" -7 1 31.9166666666667 0.417 0.417 8.5 25.6 16.5 26.2 1.5 7.4 7.7 17.2 107 108 12 1.7
"81" "81" 2019-04-09 29.1 "DEN" "@" "UTA" "L" -10 0 34.1 0.543 0.571 0 30.4 14.3 31.8 2.9 0 9.8 13.7 121 116 12.9 5.2
"82" "82" 2019-04-10 29.1 "DEN" "" "MIN" "W" 4 0 14.3666666666667 0.5 0.5 14.5 27.8 21.3 18.7 0 5.7 0 6.3 153 98 5.7 5
"1" "1" 2019-10-23 29.64 "DEN" "@" "POR" "W" 8 0 19.4666666666667 0.512 0.5 16.1 5.2 10.6 42.4 2.5 0 0 10.8 158 104 8.7 7.9
"2" "2" 2019-10-25 29.64 "DEN" "" "PHO" "W" 1 0 11.9333333333333 0.301 0 0 47.2 22.4 12.3 0 7.7 23.1 15.7 58 92 0.9 -8.5
"3" "3" 2019-10-28 29.65 "DEN" "@" "SAC" "W" 7 0 18.6666666666667 0.833 0.833 24.7 10.3 17.6 33.3 0 4.8 0 13.2 187 107 13.9 16.6
"4" "4" 2019-10-29 29.65 "DEN" "" "DAL" "L" -3 0 14.9833333333333 0.621 0.667 7 20.9 13.9 26.3 0 0 0 16.9 148 122 8.2 10.6
"5" "5" 2019-10-31 29.66 "DEN" "@" "NOP" "L" -15 0 15.45 0.85 0.8 15.5 48.5 30.2 10.2 3 7.1 33.8 25.1 115 107 8 1.5
"6" "6" 2019-11-02 29.66 "DEN" "@" "ORL" "W" 4 0 15.3833333333333 0.399 0 14.2 7.1 10.6 34.7 3.3 0 34.7 17.4 89 92 2 -4.4
"7" "7" 2019-11-05 29.67 "DEN" "" "MIA" "W" 20 0 23.4833333333333 0.556 0.556 5.1 24 15.7 17.6 4.1 0 0 16.4 125 83 11.5 6.8
"8" "8" 2019-11-08 29.68 "DEN" "" "PHI" "W" 3 0 10.2333333333333 0.258 0.333 0 31.3 15.6 13.7 9.7 15.6 43.6 30.9 34 67 0.3 -10.7
"9" "9" 2019-11-10 29.68 "DEN" "@" "MIN" "W" 2 0 17.0666666666667 0.313 0 6 37.5 22.6 23.9 0 11.9 55.6 17.4 50 79 1.2 -5.1
"10" "10" 2019-11-12 29.69 "DEN" "" "ATL" "L" -4 0 17.2666666666667 0.902 1 11.1 47.7 26.2 7.4 0 0 0 9.2 188 125 8.4 -0.6
"11" "11" 2019-11-14 29.7 "DEN" "" "BRK" "W" 8 0 19.55 0.5 0.5 8.5 22.3 15.2 16 0 0 9.1 24 103 96 7.1 -0.4
"12" "12" 2019-11-17 29.7 "DEN" "@" "MEM" "W" 17 0 16.9833333333333 0.571 0.571 13.5 33.6 23.6 7.5 2.8 17.7 11.3 22.6 113 97 9.4 -0.4
"13" "13" 2019-11-20 29.71 "DEN" "" "HOU" "W" 10 0 15.5666666666667 0.41 0.25 6.3 0 3.4 22.6 0 0 0 13.1 124 110 3.6 -2
"14" "14" 2019-11-22 29.72 "DEN" "" "BOS" "W" 4 0 12.4166666666667 0.521 0.5 8.4 9.2 8.8 11 0 7.2 41 17 75 96 2 -4
"15" "15" 2019-11-24 29.72 "DEN" "" "PHO" "W" 12 0 15.6666666666667 0.595 0.6 25.5 23 24.4 24.9 0 6.5 14.5 37.9 120 111 12 7.6
"16" "16" 2019-11-26 29.73 "DEN" "" "WAS" "W" 13 0 23.1166666666667 0.768 0.875 15.2 15.7 15.5 19.2 1.9 3.8 33.9 25.5 101 93 11.9 2.7
"17" "17" 2019-11-30 29.74 "DEN" "@" "SAC" "L" -3 0 16.5166666666667 0.645 0.75 7 43.2 26.2 0 3.2 5.1 24.4 23.4 92 83 6.5 0.2
"18" "18" 2019-12-03 29.75 "DEN" "" "LAL" "L" -9 0 13.6 0.615 0.5 0 50.4 23.3 35.4 0 0 17 19 114 98 4.9 2.3
"19" "19" 2019-12-05 29.75 "DEN" "@" "NYK" "W" 37 0 20.8833333333333 0.935 1 18.6 41.8 31.2 36.8 7 4.7 33.8 18.9 146 75 17.3 18.1
"20" "20" 2019-12-06 29.76 "DEN" "@" "BOS" "L" -13 0 17.3333333333333 0.512 0.5 12.3 25.2 17.8 8.3 5.8 0 17 14.5 104 103 6.2 2.9
"21" "21" 2019-12-08 29.76 "DEN" "@" "BRK" "L" -3 0 14.2833333333333 0.25 0.25 7.5 25.2 15.8 20.6 0 11.4 20 15.7 72 103 3 -2.4
"22" "22" 2019-12-10 29.77 "DEN" "@" "PHI" "L" -5 0 14.8333333333333 0.333 0.333 0 28.8 14.9 9.6 6.7 0 57.1 21.9 32 89 -0.2 -14.3
"23" "23" 2019-12-12 29.77 "DEN" "" "POR" "W" 15 0 17.8 0.333 0.333 25.1 6.7 16.2 22.1 0 4.8 0 15.2 131 112 5.7 -1.1
"24" "24" 2019-12-14 29.78 "DEN" "" "OKC" "W" 8 0 13.1166666666667 0.5 0.5 9.1 26.8 18.1 27.9 0 6.3 50 13.3 86 101 3 1.9
"25" "25" 2019-12-15 29.78 "DEN" "" "NYK" "W" 6 0 33.5 0.658 0.75 8.6 15.9 12.1 24.3 0 4.6 0 13.7 153 114 17.6 7.5
"26" "26" 2019-12-18 29.79 "DEN" "" "ORL" "W" 9 0 19.4666666666667 0.58 0.5 18 16.1 17 15.1 0 0 11.4 19.3 129 112 8.6 0
"27" "27" 2019-12-20 29.79 "DEN" "" "MIN" "W" 9 0 14.8333333333333 0.644 0.667 8.1 32.4 21.6 8.6 0 0 20.5 14.5 114 102 5.2 -1.6
"28" "28" 2019-12-22 29.8 "DEN" "@" "LAL" "W" 24 0 18.55 0.85 0.8 11.8 17.3 14.5 37.3 2.8 0 25.4 18 146 110 11.3 9.6
"29" "29" 2019-12-23 29.8 "DEN" "@" "PHO" "W" 2 0 17.1166666666667 0.5 0.5 16 33.4 25.5 20.9 0 0 60 13.3 88 112 2.6 -5.4
"30" "30" 2019-12-25 29.81 "DEN" "" "NOP" "L" -12 0 16.35 0.5 0.5 5.8 28.6 16 0 0 6.2 20 13.1 85 115 3.6 -7.4
"31" "31" 2019-12-28 29.82 "DEN" "" "MEM" "W" 9 1 19.6666666666667 0.593 0.6 16.6 22.2 19.4 8 2.4 0 13.7 31.1 111 107 10.6 -1.5
"32" "32" 2019-12-29 29.82 "DEN" "" "SAC" "W" 5 0 21.5 0.893 0.75 12.4 24.8 18.6 12.6 0 0 19.2 21.8 158 125 13.8 5.6
"33" "33" 2019-12-31 29.82 "DEN" "@" "HOU" "L" -26 0 12.2666666666667 0.296 0.2 0 0 0 9.5 0 0 22.8 29.3 57 139 -1.6 -20.8
"34" "34" 2020-01-02 29.83 "DEN" "@" "IND" "W" 8 0 23.8166666666667 0.621 0.667 10.1 24.6 17.4 21.2 4.4 7.2 13.4 13.8 133 113 12.3 9.8
"35" "35" 2020-01-04 29.84 "DEN" "@" "WAS" "L" -14 0 15.0833333333333 0.34 0.4 14.5 25.1 19.4 9.5 0 0 0 16.4 94 129 3.1 -7.5
"36" "36" 2020-01-06 29.84 "DEN" "@" "ATL" "W" 8 0 11.1666666666667 0.5 0.5 0 11.3 5.7 20.1 0 11.3 0 8 131 117 3 1.5
"37" "37" 2020-01-08 29.85 "DEN" "@" "DAL" "W" 1 0 16.75 0.833 0.833 14 24.6 18.9 43 0 0 14.3 19 154 118 11.5 13.4
"38" "38" 2020-01-11 29.85 "DEN" "" "CLE" "L" -8 0 25.7 0.694 0.667 6.9 13 9.6 20 2 0 0 7.5 167 118 8.4 -1.3
"39" "39" 2020-01-12 29.86 "DEN" "" "LAC" "W" 10 0 16.6 0.788 0.75 7.1 32.1 20.2 40.8 0 0 40.3 20.2 111 107 5.4 1.3
"40" "40" 2020-01-15 29.87 "DEN" "" "CHO" "W" 14 0 16.7166666666667 0.651 0.75 8 25 17.5 27.6 0 0 8 35.6 118 96 11.7 8.2
"41" "41" 2020-01-16 29.87 "DEN" "@" "GSW" "W" 3 0 26.95 0.658 0.571 29.3 30.8 30.1 20.1 1.7 7.9 26 23 124 109 17.8 4.2
"42" "42" 2020-01-19 29.88 "DEN" "" "IND" "L" -8 0 17.6833333333333 0.742 0.857 13.9 0 6.6 43.9 0 0 10.2 23.9 141 130 12.1 12.5
"43" "43" 2020-01-20 29.88 "DEN" "@" "MIN" "W" 7 0 10.3666666666667 0.75 0.75 10.5 27.2 19.5 0 0 0 0 17.1 155 108 5.6 3.2
"44" "" 2020-01-22 29.88 "DEN" "@" "HOU" "L" -16 NA NA NA NA NA NA NA NA NA NA NA NA NA NA NA NA
"45" "" 2020-01-24 29.89 "DEN" "@" "NOP" "W" 7 NA NA NA NA NA NA NA NA NA NA NA NA NA NA NA NA
"46" "" 2020-01-26 29.9 "DEN" "" "HOU" "W" 7 NA NA NA NA NA NA NA NA NA NA NA NA NA NA NA NA
"47" "" 2020-01-28 29.9 "DEN" "@" "MEM" "L" -8 NA NA NA NA NA NA NA NA NA NA NA NA NA NA NA NA
"48" "" 2020-01-30 29.91 "DEN" "" "UTA" "W" 6 NA NA NA NA NA NA NA NA NA NA NA NA NA NA NA NA
"49" "" 2020-01-31 29.91 "DEN" "@" "MIL" "W" 12 NA NA NA NA NA NA NA NA NA NA NA NA NA NA NA NA
"50" "" 2020-02-02 29.92 "DEN" "@" "DET" "L" -5 NA NA NA NA NA NA NA NA NA NA NA NA NA NA NA NA
"51" "" 2020-02-04 29.92 "DEN" "" "POR" "W" 28 NA NA NA NA NA NA NA NA NA NA NA NA NA NA NA NA
"52" "" 2020-02-05 29.92 "DEN" "@" "UTA" "W" 3 NA NA NA NA NA NA NA NA NA NA NA NA NA NA NA NA
"53" "" 2020-02-08 29.93 "DEN" "@" "PHO" "W" 9 NA NA NA NA NA NA NA NA NA NA NA NA NA NA NA NA
"54" "" 2020-02-10 29.94 "DEN" "" "SAS" "W" 7 NA NA NA NA NA NA NA NA NA NA NA NA NA NA NA NA
"55" "" 2020-02-12 29.94 "DEN" "" "LAL" "L" -4 NA NA NA NA NA NA NA NA NA NA NA NA NA NA NA NA
"56" "44" 2020-02-21 29.97 "DEN" "@" "OKC" "L" -12 0 14.0166666666667 1 1 0 15.2 8.3 11.4 7.2 0 50 12.9 91 106 3.1 -0.2
"57" "45" 2020-02-23 29.97 "DEN" "" "MIN" "W" 12 0 14.6666666666667 0.765 0.8 9.6 23.4 17.2 24.6 0 0 14.5 20.4 144 115 8.6 5
"58" "46" 2020-02-25 29.98 "DEN" "" "DET" "W" 17 0 18.3333333333333 0.658 0.667 0 35.7 21.2 20.3 0 6.5 24.8 20.4 112 102 6.9 -0.4
"59" "47" 2020-02-28 29.99 "DEN" "@" "LAC" "L" -29 0 18.3166666666667 0.644 0.667 10.9 42.5 24.7 7.3 0 0 0 9.1 152 137 5.6 -4.2
"60" "48" 2020-03-01 29.99 "DEN" "" "TOR" "W" 15 0 10.1333333333333 0.714 1 0 11.3 6.2 25.2 9.2 9.3 0 17.7 154 92 7 14.5
"61" "49" 2020-03-03 30 "DEN" "" "GSW" "L" -16 0 13.8666666666667 0.82 0.875 35.3 35.5 35.4 46.9 0 0 9.3 32.8 151 125 16.3 22.3
"62" "50" 2020-03-05 30 "DEN" "@" "CHO" "W" 2 0 17.5 0.6 0.6 7.2 0 3.8 23 0 6.2 0 13.2 150 130 5.6 -0.5
"63" "51" 2020-03-07 30.01 "DEN" "@" "CLE" "L" -2 0 15.7 0.37 0.4 7.6 19.1 12.7 16.6 3.3 0 0 19.6 98 111 4.8 -2.3
"64" "52" 2020-03-09 30.01 "DEN" "" "MIL" "W" 14 0 14.7166666666667 0.667 0.667 0 36.9 20.4 18.9 3.2 16.3 25 11.7 109 76 5.7 3.6
"65" "53" 2020-03-11 30.02 "DEN" "@" "DAL" "L" -16 0 13.2 0 0 0 21.8 11.9 9.3 0 6.4 50 14.3 16 113 -1.9 -15.8
"66" "54" 2020-08-01 30.41 "DEN" "" "MIA" "L" -20 0 16.3 0.788 0.75 13.1 28.5 19.4 19.5 3 0 31.1 16 117 123 6.9 2.7
"67" "55" 2020-08-03 30.41 "DEN" "@" "OKC" "W" 8 0 18.95 0.26 0.25 6.5 24.9 15.9 14.3 0 5.5 14.8 16.3 69 108 1.6 -7.3
"68" "56" 2020-08-05 30.42 "DEN" "@" "SAS" "W" 6 0 15.4833333333333 1 1 7.9 36.9 23 42.5 0 0 0 5.4 217 128 9.8 16.9
"69" "57" 2020-08-06 30.42 "DEN" "" "POR" "L" -10 0 26.9333333333333 0.604 0.556 4.8 23.2 15 25.4 1.9 0 21.8 22.8 114 129 10.7 -1.9
"70" "58" 2020-08-08 30.43 "DEN" "" "UTA" "W" 2 0 16.0333333333333 0.579 0.667 0 26.3 14 33.1 0 0 0 11.8 140 113 6.5 7
"71" "59" 2020-08-10 30.43 "DEN" "@" "LAL" "L" -3 0 24.6333333333333 0.619 0.625 13.9 0 5.8 27.6 4.4 0 10.1 19 143 136 11.3 4
"72" "60" 2020-08-12 30.44 "DEN" "" "LAC" "L" -13 0 19 0.5 0.5 5.9 13 9.2 20 0 0 42.9 16.5 79 133 1.6 -10.4
"73" "61" 2020-08-14 30.44 "DEN" "@" "TOR" "L" -8 0 19.7 0.683 0.667 5.2 10.8 7.9 18.6 0 17.7 0 15.9 148 112 11.7 6.6
"1" "1" 2020-12-23 30.8 "DET" "@" "MIN" "L" -10 1 32.2 0.875 0.875 3.5 21.3 13 25.9 0 0 0 11 183 114 16.6 6.8
"2" "2" 2020-12-26 30.81 "DET" "" "CLE" "L" -9 1 32.7833333333333 0.5 0.5 6.6 22.9 14.7 25.5 4.4 0 33.3 11.9 95 98 7.6 -0.8
"3" "3" 2020-12-28 30.82 "DET" "@" "ATL" "L" -8 1 33.55 1.014 1 13.2 25.7 18.5 23 4.4 0 18.4 6.7 186 123 18 7.1
"4" "4" 2020-12-29 30.82 "DET" "" "GSW" "L" -10 1 24.8166666666667 0.148 0 18.6 29.3 22.8 11.1 0 4.5 30.7 15.8 58 115 1 -14.4
"5" "5" 2021-01-01 30.83 "DET" "" "BOS" "W" 3 1 29.6 0.592 0.6 16.5 45.3 30 5.2 3.2 3.1 12.9 10.9 126 83 14 5.8
"6" "6" 2021-01-03 30.83 "DET" "" "BOS" "L" -2 1 24.6333333333333 0.864 0.75 10.5 31.6 21.1 11.1 2 3.6 0 13.8 193 122 15.7 4.7
"7" "7" 2021-01-04 30.84 "DET" "@" "MIL" "L" -10 1 19.9833333333333 0.286 0.286 20 30 24 37.7 2.3 0 22.2 19.4 97 120 6.7 -2
"8" "8" 2021-01-06 30.84 "DET" "@" "MIL" "L" -15 1 16.7 0.4 0.4 10.8 21 15.3 8.9 0 6.1 28.6 16.9 78 125 1.4 -13
"9" "9" 2021-01-08 30.85 "DET" "" "PHO" "W" 5 1 32.95 0.798 0.5 3.2 17.5 10.1 14.3 4.5 4.1 21 13.1 141 92 14.8 6.1
"10" "10" 2021-01-10 30.85 "DET" "" "UTA" "L" -10 1 25.9 0.6 0.6 9.6 21.1 14.5 23.7 4.2 3.9 16.7 10.8 122 100 8.7 0.5
"11" "11" 2021-01-13 30.86 "DET" "" "MIL" "L" -9 1 21.7666666666667 0.295 0.273 25.9 35.1 30.2 37.5 4.5 0 14.4 26 89 102 9.1 2.1
"12" "12" 2021-01-16 30.87 "DET" "@" "MIA" "W" 20 1 27.9 0.765 0.8 0 10.1 4.9 8.8 0 4.5 40.5 15.7 86 111 4.6 -8.3
"13" "13" 2021-01-18 30.87 "DET" "@" "MIA" "L" -6 1 35.4666666666667 0.663 0.7 13.2 15 13.9 19 2.8 0 15 16.6 129 118 14.1 1.1
"14" "14" 2021-01-20 30.88 "DET" "@" "ATL" "L" -8 1 27.1333333333333 0.455 0.455 16.6 16.8 16.7 5.7 0 0 15.4 21.5 94 116 4.9 -9.7
"15" "15" 2021-01-22 30.88 "DET" "" "HOU" "L" -1 1 20.5 0.46 0.333 18.4 21.3 19.9 32.7 0 4.3 31.5 19 97 100 5.1 -3.6
"16" "16" 2021-01-23 30.89 "DET" "" "PHI" "L" -4 1 19.4666666666667 0.518 0.4 5.5 21 13.4 15.4 0 4.1 37.2 23.2 77 112 1.5 -12.4
"17" "17" 2021-01-25 30.89 "DET" "" "PHI" "W" 15 1 27.6333333333333 0.833 0.833 25.5 17.7 20.9 6.6 0 0 33.3 14.9 126 114 10.1 -1.9
"18" "18" 2021-01-27 30.9 "DET" "@" "CLE" "L" -15 1 28.3 0.697 0.667 12.1 43.6 26.4 19 0 2.6 42.6 27.3 84 118 8.7 -6.8
"19" "19" 2021-01-28 30.9 "DET" "" "LAL" "W" 15 1 26.7333333333333 0.912 0.875 0 39.9 21.9 13.1 0 3 0 16.6 187 92 17.3 12.4
"20" "20" 2021-01-30 30.91 "DET" "@" "GSW" "L" -27 1 16.2666666666667 0.773 0.667 0 15.1 6.9 12.8 0 5.6 0 10.9 163 122 6.7 3.3
"21" "21" 2021-02-02 30.92 "DET" "@" "UTA" "L" -12 1 28.2666666666667 0.69 0.636 21.2 32.3 26.4 12.5 1.7 0 0 17.9 159 115 20.3 10.5
"22" "22" 2021-02-05 30.92 "DET" "@" "PHO" "L" -17 1 24.4166666666667 0.506 0.5 13.8 20.7 16.6 8.1 0 0 8.4 20.1 108 114 8.5 -3.8
"23" "23" 2021-02-06 30.93 "DET" "@" "LAL" "L" -6 1 47.4666666666667 0.815 0.857 8.9 17.5 12.9 19.5 2.1 3.4 35.2 13.7 119 117 16.3 2.6
"24" "24" 2021-02-09 30.93 "DET" "" "BRK" "W" 11 1 38.05 0.7 0.7 11.5 29.9 21.3 23.1 2.6 6.8 16.7 14.2 141 107 20.4 8
"25" "" 2021-02-11 30.94 "DET" "" "IND" "L" -16 NA NA NA NA NA NA NA NA NA NA NA NA NA NA NA NA
"26" "" 2021-02-12 30.94 "DET" "@" "BOS" "W" 6 NA NA NA NA NA NA NA NA NA NA NA NA NA NA NA NA
"27" "25" 2021-02-14 30.95 "DET" "" "NOP" "W" 11 1 30.4833333333333 0.66 0.667 18 20.5 19.4 48.6 0 0 7.2 21.1 157 122 20.8 11.3
"28" "26" 2021-02-17 30.96 "DET" "@" "CHI" "L" -3 1 33.1333333333333 0.533 0.556 6.6 20.7 13.5 14.6 0 0 8.8 15.5 112 110 8.2 -2.4
"29" "27" 2021-02-19 30.96 "DET" "@" "MEM" "L" -14 1 34.05 0.625 0.625 11.5 34.5 22.5 29.2 1.5 4 42.9 17.5 91 106 11.5 -0.2
"30" "28" 2021-02-21 30.97 "DET" "@" "ORL" "L" -9 1 28.1333333333333 0.85 0.8 0 26.5 11.9 18.8 3.4 0 14.5 10.6 148 103 11.7 2.8
"31" "29" 2021-02-23 30.97 "DET" "@" "ORL" "W" 12 1 29.7666666666667 0.81 0.667 3.5 34.8 19.9 17.1 0 9.7 31.6 9.3 131 89 12.2 4.3
"32" "30" 2021-02-24 30.98 "DET" "@" "NOP" "L" -10 1 32.3 0.861 0.9 3.5 29 16.1 30.9 0 8.9 19.7 20.7 145 123 23.4 10.6
"33" "31" 2021-02-26 30.98 "DET" "" "SAC" "L" -3 1 26.5833333333333 0.387 0.333 8 25.8 17.3 32.4 0 3.2 20.5 16.5 99 110 6.2 -3.4
"34" "32" 2021-02-28 30.99 "DET" "" "NYK" "L" -19 1 20.1666666666667 0.765 0.8 5.7 24.4 14.7 12.9 0 0 14.5 16.3 130 121 7.5 -0.4
"35" "33" 2021-03-03 30.99 "DET" "@" "TOR" "W" 24 1 28.3166666666667 0.493 0.5 13 30.8 22.5 44.8 1.8 4.1 12.3 24.5 127 106 16.4 5.3
"36" "34" 2021-03-04 31 "DET" "@" "NYK" "L" -10 1 27.7666666666667 0.622 0.571 12.6 49.4 29.6 21.6 0 3.1 17.2 20.4 126 118 12.5 0.4
"37" "35" 2021-03-11 31.02 "DET" "@" "CHO" "L" -3 1 25.3333333333333 0.846 1 12.9 18.6 16 18.7 2 3.2 48.4 18.6 93 108 7.8 -3
"38" "36" 2021-03-13 31.02 "DET" "@" "BRK" "L" -5 1 28.4333333333333 0.463 0.455 12.1 26 18.8 36.8 1.8 0 0 18.3 123 108 12.8 6.1
"39" "37" 2021-03-15 31.03 "DET" "" "SAS" "L" -10 1 23.25 0.666 0.6 9.6 57.3 31.4 0 2.2 7.1 0 13.7 145 103 12.3 2.7
"40" "38" 2021-03-17 31.03 "DET" "" "TOR" "W" 4 1 24.8 0.644 0.667 17.6 41.7 32.3 12.8 0 4.2 11.4 15.5 136 111 11.1 0.5
"41" "39" 2021-03-19 31.04 "DET" "@" "HOU" "W" 13 1 21.5333333333333 0.521 0.5 25.9 55.7 41 6.9 0 4 14.8 13.7 125 97 9.2 -2.2
"42" "40" 2021-03-21 31.04 "DET" "" "CHI" "L" -14 1 28.6 0.798 0.75 3.3 39.7 18.9 18.7 7.1 6.5 11.7 13.4 150 85 17.9 13.7
"43" "41" 2021-03-24 31.05 "DET" "@" "IND" "L" -5 1 29.4 0.615 0.625 15.8 24.3 20.9 18.2 1.6 2.6 17 18.1 121 115 13.9 1.5
"44" "42" 2021-03-26 31.06 "DET" "" "BRK" "L" -2 1 30.8 0.57 0.571 3.9 31.2 18.3 29.1 1.7 0 14.9 20.3 115 115 11.6 1.3
"45" "43" 2021-03-27 31.06 "DET" "@" "WAS" "L" -14 1 26.5333333333333 0.511 0.444 7.5 25.2 15.9 7 1.7 5.2 21.8 22.2 87 97 8 -3.8
"46" "44" 2021-03-29 31.07 "DET" "" "TOR" "W" 14 1 18.35 0.687 0 14.1 34.9 25.5 13.8 0 0 45.2 16.1 106 105 3.5 -8.4
"47" "45" 2021-03-31 31.07 "DET" "" "POR" "L" -23 1 29.8 0.758 0.727 3.8 8.7 6.1 11.9 0 3.1 0 17.5 151 128 15.7 3.8
"48" "46" 2021-04-01 31.07 "DET" "" "WAS" "W" 29 1 28.0833333333333 0.547 0.545 11.1 32.6 21.4 34.4 1.7 2.6 7.8 18.9 128 86 16.6 9.2
"49" "47" 2021-04-03 31.08 "DET" "" "NYK" "L" -44 1 21.2833333333333 0.846 0.75 13.8 41.5 25.9 10.1 2.5 11.3 15.8 13.6 152 124 12.5 6.4
"50" "" 2021-04-05 31.08 "DET" "@" "OKC" "W" 24 NA NA NA NA NA NA NA NA NA NA NA NA NA NA NA NA
"51" "48" 2021-04-06 31.09 "DET" "@" "DEN" "L" -15 1 20.3166666666667 0.667 0.667 0 13.1 6.4 18 0 0 0 6.9 160 145 5 -1.5
"52" "" 2021-04-08 31.09 "DET" "@" "SAC" "W" 12 NA NA NA NA NA NA NA NA NA NA NA NA NA NA NA NA
"53" "49" 2021-04-10 31.1 "DET" "@" "POR" "L" -15 1 17.95 0.5 0.5 12.2 24.9 18.4 30.5 5.5 4.4 0 20.1 122 108 11 9.3
"54" "50" 2021-04-11 31.1 "DET" "@" "LAC" "L" -7 1 27.1833333333333 0.6 0.6 12.6 13.6 13 15 0 0 16.7 19.7 119 145 9.4 -7.9
"55" "51" 2021-04-14 31.11 "DET" "" "LAC" "L" -2 1 20.9166666666667 0.828 0.75 16 27.5 22.2 30.5 0 0 23.1 17.9 146 102 12.1 9.9
"56" "" 2021-04-16 31.12 "DET" "" "OKC" "W" 6 NA NA NA NA NA NA NA NA NA NA NA NA NA NA NA NA
"57" "52" 2021-04-17 31.12 "DET" "@" "WAS" "L" -21 1 16.3833333333333 0.205 0.25 12.5 31.8 22.1 17.2 0 3.8 17 15.4 68 115 2 -6.4
"58" "" 2021-04-19 31.12 "DET" "" "CLE" "W" 4 NA NA NA NA NA NA NA NA NA NA NA NA NA NA NA NA
"59" "53" 2021-04-21 31.13 "DET" "@" "DAL" "L" -10 1 32.0833333333333 1.048 1 7.7 45.5 28.2 30.8 0 0 24.4 11.6 176 124 17.9 8.2
"60" "" 2021-04-22 31.13 "DET" "@" "SAS" "L" -15 NA NA NA NA NA NA NA NA NA NA NA NA NA NA NA NA
"61" "54" 2021-04-24 31.14 "DET" "@" "IND" "L" -6 1 28.9333333333333 0.79 0.778 11.1 53.3 34.5 30.3 0 5.2 15.7 16.9 144 100 22.3 13.9
"62" "55" 2021-04-26 31.14 "DET" "" "ATL" "W" 14 1 20.9166666666667 0.776 0.833 5.2 28.7 17.5 24.1 0 4 31.8 20.7 108 89 9.7 5.2
"63" "" 2021-04-29 31.15 "DET" "" "DAL" "L" -10 NA NA NA NA NA NA NA NA NA NA NA NA NA NA NA NA
"64" "" 2021-05-01 31.16 "DET" "@" "CHO" "L" -13 NA NA NA NA NA NA NA NA NA NA NA NA NA NA NA NA
"65" "" 2021-05-03 31.16 "DET" "" "ORL" "L" -7 NA NA NA NA NA NA NA NA NA NA NA NA NA NA NA NA
"66" "" 2021-05-04 31.16 "DET" "" "CHO" "L" -3 NA NA NA NA NA NA NA NA NA NA NA NA NA NA NA NA
"67" "" 2021-05-06 31.17 "DET" "" "MEM" "W" 14 NA NA NA NA NA NA NA NA NA NA NA NA NA NA NA NA
"68" "56" 2021-05-08 31.18 "DET" "@" "PHI" "L" -14 1 24.5666666666667 0.667 0.667 13 13.6 13.3 33.4 2 7.2 10 18.3 142 117 14.4 9.8
"69" "" 2021-05-09 31.18 "DET" "" "CHI" "L" -12 NA NA NA NA NA NA NA NA NA NA NA NA NA NA NA NA
"70" "" 2021-05-11 31.18 "DET" "" "MIN" "L" -19 NA NA NA NA NA NA NA NA NA NA NA NA NA NA NA NA
"71" "" 2021-05-14 31.19 "DET" "" "DEN" "L" -13 NA NA NA NA NA NA NA NA NA NA NA NA NA NA NA NA
"72" "" 2021-05-16 31.2 "DET" "" "MIA" "L" -13 NA NA NA NA NA NA NA NA NA NA NA NA NA NA NA NA
