"Rk" "G" "Date" "Age" "Tm" "H/A" "Opp" "W/L" "By Amt" "GS" "MP" "TS%" "eFG%" "ORB%" "DRB%" "TRB%" "AST%" "STL%" "BLK%" "TOV%" "USG%" "ORtg" "DRtg" "GmSc" "BPM"
"1" "1" 2016-10-26 21.03 "TOR" "" "DET" "W" 18 0 12.7833333333333 0.25 0.25 16.3 0 8.3 0 0 0 0 13.7 87 102 -1 -14.7
"2" "2" 2016-10-28 21.04 "TOR" "" "CLE" "L" -3 0 10.8166666666667 0.643 0.6 36.2 31.7 34.1 0 0 0 0 20.8 154 101 8 11.5
"3" "3" 2016-10-31 21.04 "TOR" "" "DEN" "W" 3 0 17.4 0.129 0 6 25.7 15.5 0 0 9.4 0 10.1 50 107 0.6 -9.7
"4" "4" 2016-11-02 21.05 "TOR" "@" "WAS" "W" 10 0 17.3833333333333 NA NA 8.1 33.5 20.6 0 2.9 4.5 100 2.7 69 102 0.2 -6.8
"5" "5" 2016-11-04 21.05 "TOR" "" "MIA" "W" 9 0 20.0666666666667 0.41 0.25 21.7 9.8 15.4 0 2.6 0 17 13.2 103 96 4.2 -3.7
"6" "6" 2016-11-06 21.06 "TOR" "" "SAC" "L" -5 1 18.4333333333333 0.75 0.75 11.1 12.1 11.6 23.5 0 0 0 10.1 166 116 5.4 0.8
"7" "7" 2016-11-09 21.07 "TOR" "@" "OKC" "W" 10 1 19.0333333333333 0.5 0.5 14.4 0 6.8 0 0 6.3 20 12.2 99 118 1.9 -8.9
"8" "" 2016-11-11 21.07 "TOR" "@" "CHO" "W" 2 NA NA NA NA NA NA NA NA NA NA NA NA NA NA NA NA
"9" "" 2016-11-12 21.08 "TOR" "" "NYK" "W" 11 NA NA NA NA NA NA NA NA NA NA NA NA NA NA NA NA
"10" "" 2016-11-15 21.08 "TOR" "@" "CLE" "L" -4 NA NA NA NA NA NA NA NA NA NA NA NA NA NA NA NA
"11" "" 2016-11-16 21.09 "TOR" "" "GSW" "L" -6 NA NA NA NA NA NA NA NA NA NA NA NA NA NA NA NA
"12" "8" 2016-11-18 21.09 "TOR" "@" "DEN" "W" 2 0 15.8666666666667 0.904 1 11.9 28.4 19.5 0 3 0 0 9.3 191 96 7.8 7.1
"13" "" 2016-11-20 21.1 "TOR" "@" "SAC" "L" -3 NA NA NA NA NA NA NA NA NA NA NA NA NA NA NA NA
"14" "" 2016-11-21 21.1 "TOR" "@" "LAC" "L" -8 NA NA NA NA NA NA NA NA NA NA NA NA NA NA NA NA
"15" "" 2016-11-23 21.11 "TOR" "@" "HOU" "W" 13 NA NA NA NA NA NA NA NA NA NA NA NA NA NA NA NA
"16" "" 2016-11-25 21.11 "TOR" "@" "MIL" "W" 6 NA NA NA NA NA NA NA NA NA NA NA NA NA NA NA NA
"17" "9" 2016-11-28 21.12 "TOR" "" "PHI" "W" 27 0 3.56666666666667 0.568 NA 39.6 0 16.8 0 0 0 36.2 36.2 96 116 0.5 -23.8
"18" "" 2016-11-30 21.13 "TOR" "" "MEM" "W" 15 NA NA NA NA NA NA NA NA NA NA NA NA NA NA NA NA
"19" "10" 2016-12-02 21.13 "TOR" "" "LAL" "W" 33 0 5.63333333333333 0 0 0 30.4 18.9 37.9 0 0 0 8.6 97 80 0.9 5.6
"20" "11" 2016-12-03 21.13 "TOR" "" "ATL" "W" 44 0 4.16666666666667 0.41 0.5 31.1 0 13.4 0 12 19.2 0 25.8 108 64 3 9.4
"21" "" 2016-12-05 21.14 "TOR" "" "CLE" "L" -4 NA NA NA NA NA NA NA NA NA NA NA NA NA NA NA NA
"22" "" 2016-12-08 21.15 "TOR" "" "MIN" "W" 14 NA NA NA NA NA NA NA NA NA NA NA NA NA NA NA NA
"23" "" 2016-12-09 21.15 "TOR" "@" "BOS" "W" 7 NA NA NA NA NA NA NA NA NA NA NA NA NA NA NA NA
"24" "12" 2016-12-12 21.16 "TOR" "" "MIL" "W" 22 0 2.6 1 1 47.3 0 22.2 0 0 0 0 17.2 212 117 2.4 14.5
"25" "13" 2016-12-14 21.16 "TOR" "@" "PHI" "W" 9 0 6.86666666666667 0 0 0 0 0 0 0 0 0 6.3 0 130 -1.9 -21.4
"26" "" 2016-12-16 21.17 "TOR" "" "ATL" "L" -4 NA NA NA NA NA NA NA NA NA NA NA NA NA NA NA NA
"27" "14" 2016-12-18 21.18 "TOR" "@" "ORL" "W" 30 0 5.38333333333333 0 0 21.2 19 20 0 9.5 0 0 15.8 41 69 0.5 -6.6
"28" "15" 2016-12-20 21.18 "TOR" "" "BRK" "W" 12 0 5.05 0 0 19 19 19 0 0 0 0 15.2 39 108 -0.5 -17.8
"29" "" 2016-12-23 21.19 "TOR" "@" "UTA" "W" 6 NA NA NA NA NA NA NA NA NA NA NA NA NA NA NA NA
"30" "" 2016-12-26 21.2 "TOR" "@" "POR" "W" 4 NA NA NA NA NA NA NA NA NA NA NA NA NA NA NA NA
"31" "" 2016-12-28 21.2 "TOR" "@" "GSW" "L" -10 NA NA NA NA NA NA NA NA NA NA NA NA NA NA NA NA
"32" "" 2016-12-29 21.21 "TOR" "@" "PHO" "L" -8 NA NA NA NA NA NA NA NA NA NA NA NA NA NA NA NA
"33" "16" 2017-01-01 21.21 "TOR" "@" "LAL" "W" 9 0 8.78333333333333 1.064 1 17.1 10.7 13.2 0 0 0 0 9.8 226 126 3.9 2.5
"34" "17" 2017-01-03 21.22 "TOR" "@" "SAS" "L" -28 0 25.5666666666667 0.347 0.25 22.1 16.1 19.6 0 4.1 0 25.8 13.9 83 117 5.1 -5.3
"35" "18" 2017-01-05 21.22 "TOR" "" "UTA" "W" 8 0 6.3 NA NA 0 21.2 8.4 0 0 14.4 NA 0 0 106 1 -0.1
"36" "19" 2017-01-07 21.23 "TOR" "@" "CHI" "L" -5 0 1.41666666666667 NA NA 0 71.9 37 0 0 0 NA 0 0 94 0.3 0.4
"37" "" 2017-01-08 21.23 "TOR" "" "HOU" "L" -7 NA NA NA NA NA NA NA NA NA NA NA NA NA NA NA NA
"38" "20" 2017-01-10 21.24 "TOR" "" "BOS" "W" 8 0 6.46666666666667 1 1 0 0 0 0 0 0 50 12.8 81 117 0.3 -7.3
"39" "21" 2017-01-13 21.25 "TOR" "" "BRK" "W" 19 0 8.38333333333333 0.694 0.5 13 0 6.8 0 5.7 0 0 14.4 165 108 3.5 -1.9
"40" "22" 2017-01-15 21.25 "TOR" "" "NYK" "W" 15 0 3.93333333333333 0 0 0 0 0 0 0 0 50 22.4 0 110 -3.7 -51.9
"41" "23" 2017-01-17 21.26 "TOR" "@" "BRK" "W" 10 0 14.8166666666667 1 1 0 14.4 7.6 7.2 0 5.1 50 6 104 113 1.9 -3
"42" "24" 2017-01-18 21.26 "TOR" "@" "PHI" "L" -5 0 3.86666666666667 NA NA 0 34.5 13.9 0 0 0 NA 0 0 100 -0.5 -13.9
"43" "25" 2017-01-20 21.27 "TOR" "@" "CHO" "L" -35 0 9.11666666666667 NA NA 11 43.9 25.1 0 0 9.6 100 5.1 43 113 0.1 -12.2
"44" "" 2017-01-22 21.27 "TOR" "" "PHO" "L" -12 NA NA NA NA NA NA NA NA NA NA NA NA NA NA NA NA
"45" "" 2017-01-24 21.28 "TOR" "" "SAS" "L" -2 NA NA NA NA NA NA NA NA NA NA NA NA NA NA NA NA
"46" "" 2017-01-25 21.28 "TOR" "@" "MEM" "L" -2 NA NA NA NA NA NA NA NA NA NA NA NA NA NA NA NA
"47" "" 2017-01-27 21.28 "TOR" "" "MIL" "W" 16 NA NA NA NA NA NA NA NA NA NA NA NA NA NA NA NA
"48" "" 2017-01-29 21.29 "TOR" "" "ORL" "L" -1 NA NA NA NA NA NA NA NA NA NA NA NA NA NA NA NA
"49" "" 2017-01-31 21.3 "TOR" "" "NOP" "W" 2 NA NA NA NA NA NA NA NA NA NA NA NA NA NA NA NA
"50" "26" 2017-02-01 21.3 "TOR" "@" "BOS" "L" -5 0 9.45 1 1 43.5 11.3 25.4 0 0 0 0 9.8 205 122 5.4 7.4
"51" "" 2017-02-03 21.3 "TOR" "@" "ORL" "L" -8 NA NA NA NA NA NA NA NA NA NA NA NA NA NA NA NA
"52" "27" 2017-02-05 21.31 "TOR" "@" "BRK" "W" 8 0 7.33333333333333 0 0 0 0 0 0 0 0 0 6.1 0 106 -1.5 -16.1
"53" "28" 2017-02-06 21.31 "TOR" "" "LAC" "W" 9 0 9.31666666666667 0.615 0.5 12.6 22.9 18 0 0 0 29.1 16.8 103 117 1.5 -8.8
"54" "29" 2017-02-08 21.32 "TOR" "@" "MIN" "L" -3 0 15.6166666666667 1 1 8.8 24.9 17.1 8.6 3.5 0 0 6.1 207 121 6.3 7.9
"55" "30" 2017-02-12 21.33 "TOR" "" "DET" "L" -1 1 19.5166666666667 0.644 0.667 13.7 11.4 12.5 0 2.8 0 0 10 147 114 5.5 -0.2
"56" "31" 2017-02-14 21.33 "TOR" "@" "CHI" "L" -11 1 17.8666666666667 1 1 0 8.1 3.8 9.1 0 4.8 33.3 7.8 127 114 3.7 3.1
"57" "32" 2017-02-15 21.34 "TOR" "" "CHO" "W" 5 0 12 0.333 0.333 17 37.2 26.7 28.6 0 0 40 18.8 74 94 1.5 -5.1
"58" "" 2017-02-24 21.36 "TOR" "" "BOS" "W" 10 NA NA NA NA NA NA NA NA NA NA NA NA NA NA NA NA
"59" "33" 2017-02-26 21.37 "TOR" "" "POR" "W" 6 0 5.93333333333333 0 0 22.5 0 10.4 0 0 0 0 15.2 47 121 -2 -28.1
"60" "34" 2017-02-27 21.37 "TOR" "@" "NYK" "W" 1 0 0.9 NA NA 0 0 0 0 0 0 NA 0 0 112 -0.4 -28.4
"61" "35" 2017-03-01 21.38 "TOR" "" "WAS" "L" -9 0 6.78333333333333 1 1 13.4 17.3 15.1 0 0 0 0 6.3 205 116 2.7 3.5
"62" "" 2017-03-03 21.38 "TOR" "@" "WAS" "W" 8 NA NA NA NA NA NA NA NA NA NA NA NA NA NA NA NA
"63" "36" 2017-03-04 21.38 "TOR" "@" "MIL" "L" -7 0 1.86666666666667 NA NA 0 0 0 0 0 0 NA 0 0 118 0 -4.7
"64" "37" 2017-03-08 21.39 "TOR" "@" "NOP" "W" 7 0 8.36666666666667 0.532 1 14.3 13.7 14 0 0 0 0 11.1 112 104 1.9 -2.3
"65" "" 2017-03-10 21.4 "TOR" "@" "ATL" "L" -6 NA NA NA NA NA NA NA NA NA NA NA NA NA NA NA NA
"66" "38" 2017-03-11 21.4 "TOR" "@" "MIA" "L" -15 0 19.1333333333333 0.338 0.375 31.4 21.5 27.2 0 0 0 0 20.1 100 117 4.7 -6.3
"67" "39" 2017-03-13 21.41 "TOR" "" "DAL" "W" 22 0 12.3666666666667 1.064 1 0 14.6 8.7 11.7 8.8 6.5 61.5 19.3 82 69 3.5 3.8
"68" "40" 2017-03-16 21.42 "TOR" "" "OKC" "L" -21 0 16.7 0.773 0.667 6.7 8 7.3 0 0 9.1 0 10.3 164 123 6.3 0.7
"69" "41" 2017-03-17 21.42 "TOR" "@" "DET" "W" 12 0 13.0833333333333 0 0 24.5 19.3 21.6 0 0 0 50 14.9 44 83 -1.6 -17.5
"70" "42" 2017-03-19 21.42 "TOR" "" "IND" "W" 25 0 23.3833333333333 0.773 0.667 16.2 17.8 17.1 0 2.2 7.2 11.4 15.8 153 91 12.5 5.7
"71" "43" 2017-03-21 21.43 "TOR" "" "CHI" "W" 2 0 13.0166666666667 NA NA 26.6 18.9 22.9 0 0 0 100 6.6 65 118 -0.5 -13.8
"72" "44" 2017-03-23 21.44 "TOR" "@" "MIA" "W" 17 0 23.4833333333333 0.5 0.5 16.6 12.3 14.1 0 0 0 33.3 11.1 88 93 1.4 -6.3
"73" "45" 2017-03-25 21.44 "TOR" "@" "DAL" "W" 8 0 17.9666666666667 1 1 0 18.2 9.5 0 3.1 4.9 33.3 8.1 111 94 4.2 1.5
"74" "46" 2017-03-27 21.45 "TOR" "" "ORL" "W" 19 0 12.95 0.773 0.833 43.6 0 19.5 0 0 0 20.5 31.9 131 118 9 -3.3
"75" "47" 2017-03-29 21.45 "TOR" "" "CHO" "L" -4 0 6.13333333333333 0 0 58.7 18.6 38.2 0 0 0 0 7.3 126 126 1.3 -11.7
"76" "48" 2017-03-31 21.46 "TOR" "" "IND" "W" 11 0 14.25 0 0 0 6.9 3.5 0 0 0 0 5.7 0 114 -2 -13.7
"77" "49" 2017-04-02 21.46 "TOR" "" "PHI" "W" 8 0 19.95 0.773 0.833 21.2 12 16.3 0 5.1 10.9 11.4 19.5 142 103 12.1 4.8
"78" "50" 2017-04-04 21.47 "TOR" "@" "IND" "L" -18 0 11.85 0.926 1 10.4 18.4 14.6 0 4.4 12.7 0 18 191 100 10.4 21.8
"79" "51" 2017-04-05 21.47 "TOR" "@" "DET" "W" 3 0 12.8833333333333 0.5 0.5 0 9.1 4.6 0 0 0 0 14.2 96 115 1.5 -9
"80" "52" 2017-04-07 21.48 "TOR" "" "MIA" "W" 2 0 3.48333333333333 NA NA 32.8 0 15.7 0 0 0 NA 0 219 107 -0.1 -12.3
"81" "53" 2017-04-09 21.48 "TOR" "@" "NYK" "W" 13 0 14.25 1 1 9.6 48.1 30.6 0 0 0 20 17.3 152 105 7.5 4.4
"82" "54" 2017-04-12 21.49 "TOR" "@" "CLE" "W" 15 0 22.8833333333333 0.902 1 9.5 13.7 11.7 12.4 0 5.4 0 8.1 190 96 8.1 4.5
"1" "1" 2017-10-19 22.01 "TOR" "" "CHI" "W" 17 0 17.5 0.5 0.5 0 29.8 15.6 0 2.7 0 60 12.2 34 95 -0.7 -12
"2" "2" 2017-10-21 22.02 "TOR" "" "PHI" "W" 34 0 16.6166666666667 0.799 0.857 14.1 17 15.7 0 2.7 14.9 18.6 26.3 125 76 14.1 14.5
"3" "3" 2017-10-23 22.02 "TOR" "@" "SAS" "L" -4 0 25.75 0.791 0.8 17.8 31.7 25.1 0 1.9 8 24 14.8 131 92 13.2 7.8
"4" "4" 2017-10-25 22.03 "TOR" "@" "GSW" "L" -5 0 26.6666666666667 0.545 0.545 41.3 17.4 31.9 11.2 1.9 3.5 15.4 19.8 125 120 14.8 0.7
"5" "5" 2017-10-27 22.03 "TOR" "@" "LAL" "W" 9 0 18.7666666666667 0.643 0.6 15.7 25.6 20.1 7.9 2.5 9.1 15.5 14.5 123 84 8.9 5.9
"6" "6" 2017-10-30 22.04 "TOR" "@" "POR" "W" 14 0 17.65 0.6 0.6 0 30.2 16 0 0 5 0 13.1 120 92 4.7 -0.7
"7" "7" 2017-11-01 22.05 "TOR" "@" "DEN" "L" -18 0 12.2666666666667 0.644 0.667 18.2 41.2 29 0 0 0 0 13.9 147 128 5.1 -1.9
"8" "8" 2017-11-03 22.05 "TOR" "@" "UTA" "W" 9 0 12.4833333333333 0.602 1 27.5 8.7 16 12.7 0 0 37.6 20.6 93 116 1.8 -6.7
"9" "9" 2017-11-05 22.06 "TOR" "" "WAS" "L" -11 0 5.8 0.532 1 0 21.8 10.1 28.8 0 0 0 14.8 113 114 1.1 0
"10" "10" 2017-11-07 22.06 "TOR" "" "CHI" "W" 5 0 10.95 0.5 0.5 24.4 11.5 17.8 0 0 0 0 24.7 118 122 4.7 -4.9
"11" "11" 2017-11-09 22.07 "TOR" "" "NOP" "W" 4 0 19.1833333333333 0.6 0.6 22.7 11.9 17.5 13.3 2.4 0 0 10.4 156 114 9.1 4.8
"12" "12" 2017-11-12 22.08 "TOR" "@" "BOS" "L" -1 0 3.7 0.5 0.5 35.1 0 15.8 0 0 21.3 33.3 40.5 78 106 1 -12.1
"13" "13" 2017-11-14 22.08 "TOR" "@" "HOU" "W" 16 0 13.6 0.788 0.75 9 7.8 8.4 11.6 3.5 8.8 18.4 17.7 134 109 6.6 5.2
"14" "14" 2017-11-15 22.08 "TOR" "@" "NOP" "W" 9 0 16.0833333333333 0.521 0.5 10.7 0 4.3 0 0 14 0 8.1 127 115 3.6 -1
"15" "15" 2017-11-17 22.09 "TOR" "" "NYK" "W" 23 0 11.5166666666667 0.8 0.8 0 0 0 0 0 12.3 16.7 26.4 112 99 4.9 -0.1
"16" "16" 2017-11-19 22.1 "TOR" "" "WAS" "W" 9 0 10.1833333333333 0.539 0.5 20.5 20.9 20.7 0 0 0 0 21.2 130 104 4.8 0.7
"17" "17" 2017-11-22 22.1 "TOR" "@" "NYK" "L" -8 0 10.5 0 0 0 10.6 5.1 0 0 6.6 66.7 12.5 0 115 -2.9 -21.7
"18" "18" 2017-11-24 22.11 "TOR" "@" "IND" "L" -3 0 12.05 0.75 0.75 10.5 8.9 9.6 0 0 7 0 14.8 154 112 6.1 5.9
"19" "19" 2017-11-25 22.11 "TOR" "@" "ATL" "W" 34 0 19.2666666666667 0.778 0.778 20.8 23.7 22.4 0 0 0 10 24 141 89 11.6 3.2
"20" "20" 2017-11-29 22.12 "TOR" "" "CHO" "W" 13 0 17.3 0.735 0.8 0 0 0 0 2.9 0 0 13.5 144 117 5.1 -1
"21" "21" 2017-12-01 22.13 "TOR" "" "IND" "W" 5 0 25.15 0.882 1 13.3 11.5 12.3 0 1.9 5 0 16.5 176 110 18.6 10.8
"22" "22" 2017-12-05 22.14 "TOR" "" "PHO" "W" 13 0 22.6666666666667 0.697 0.625 9.8 18.7 13.8 0 0 4.2 0 16.7 148 108 10.8 -0.5
"23" "23" 2017-12-08 22.15 "TOR" "@" "MEM" "W" 9 0 24.1166666666667 0.581 0.5 17.6 21.5 19.6 0 0 0 0 13.2 145 119 7.5 -3.3
"24" "24" 2017-12-10 22.15 "TOR" "@" "SAC" "W" 15 0 21.9 0.9 0.9 9.3 11.2 10.2 0 0 4.4 16.7 12.1 145 95 8.4 4.5
"25" "25" 2017-12-11 22.16 "TOR" "@" "LAC" "L" -5 0 12.85 0 0 8.1 13.8 11.2 0 0 13.3 50 7.2 35 95 -1 -11.9
"26" "26" 2017-12-13 22.16 "TOR" "@" "PHO" "W" 6 0 17.5333333333333 0.5 0.5 21.1 5.8 12.7 7.9 0 4.6 0 9.8 138 114 5.4 0.2
"27" "27" 2017-12-15 22.17 "TOR" "" "BRK" "W" 33 0 26.3 0.751 0.833 8.7 9.1 8.9 4.1 0 6.9 12 13.9 138 91 9.1 0
"28" "28" 2017-12-17 22.17 "TOR" "" "SAC" "W" 15 0 20.5666666666667 0.654 0.667 6.1 17.5 12 0 0 0 12.7 16.8 117 108 5.8 -4.2
"29" "29" 2017-12-20 22.18 "TOR" "@" "CHO" "W" 18 0 22.9333333333333 0.5 0.5 25.5 15.3 20.4 9.8 0 10.1 25 14.8 115 106 6.5 -4
"30" "30" 2017-12-21 22.18 "TOR" "@" "PHI" "W" 5 0 20.1333333333333 0.8 0.8 15.5 18.3 16.8 0 4.8 8.4 16.7 11.8 140 101 10.3 6.5
"31" "31" 2017-12-23 22.19 "TOR" "" "PHI" "W" 16 0 24.2833333333333 0.475 0.4 9.6 13.8 11.8 6.4 3.9 11.2 0 11 117 76 8 4.5
"32" "32" 2017-12-26 22.2 "TOR" "@" "DAL" "L" -5 0 17.75 0.726 0.75 14.5 5.1 9.9 0 2.9 3.9 13.9 17.2 133 104 9.3 5.9
"33" "33" 2017-12-27 22.2 "TOR" "@" "OKC" "L" -17 0 21.15 0.697 0.75 5.2 27 15.8 0 0 3.7 0 19.7 134 126 11.1 3.2
"34" "34" 2017-12-29 22.21 "TOR" "" "ATL" "W" 13 0 19.3333333333333 0.6 0.6 14.1 37.8 25.1 6.4 0 11.6 16.7 12.5 123 92 8.9 3.3
"35" "35" 2018-01-01 22.21 "TOR" "" "MIL" "W" 4 0 17.1833333333333 0.667 0.667 7.9 7 7.4 15.9 2.9 0 0 7.9 159 119 4.9 1.6
"36" "36" 2018-01-03 22.22 "TOR" "@" "CHI" "W" 9 0 25.45 0.6 0.6 0 7.4 4.1 4.8 0 0 0 8.5 126 119 3.4 -6
"37" "37" 2018-01-05 22.22 "TOR" "@" "MIL" "W" 19 0 8.5 0.5 0.5 16.1 31.4 23.9 0 0 0 33.3 15.5 86 119 -0.7 -20.7
"38" "38" 2018-01-08 22.23 "TOR" "@" "BRK" "W" 1 0 9.68333333333333 0.333 0.333 10.5 20.3 15.5 14.6 0 0 25 17.4 73 103 0.5 -8.5
"39" "39" 2018-01-09 22.24 "TOR" "" "MIA" "L" -1 0 8.7 0.521 0.5 10.8 0 5.5 0 0 0 25.8 21.1 88 112 0.9 -11.5
"40" "40" 2018-01-11 22.24 "TOR" "" "CLE" "W" 34 0 25.5333333333333 0.644 0.625 17.1 27.9 23 0 0 9 17.7 17.6 122 93 12.1 0.7
"41" "41" 2018-01-13 22.25 "TOR" "" "GSW" "L" -2 0 18.1333333333333 0.512 0.5 19.4 24.1 21.5 13.3 0 4.6 17 13.3 121 129 5.5 -0.3
"42" "42" 2018-01-15 22.25 "TOR" "@" "PHI" "L" -6 0 26.8833333333333 0.608 0.5 14.3 17 15.5 10.4 0 3.2 14.8 9.8 133 110 7.7 0.9
"43" "43" 2018-01-17 22.26 "TOR" "" "DET" "W" 5 0 16.1833333333333 0.581 0.667 13.8 18.5 16.3 0 3.1 9.9 12.7 21.2 100 84 6.7 2.3
"44" "44" 2018-01-19 22.26 "TOR" "" "SAS" "W" 3 0 17.8333333333333 0.387 0.333 5.6 9.3 7.6 0 0 0 0 10 93 96 1 -6
"45" "45" 2018-01-20 22.27 "TOR" "@" "MIN" "L" -6 0 22.05 1 1 11.8 5.2 8.3 6.7 0 0 25 8.3 156 131 4.9 -3.6
"46" "46" 2018-01-24 22.28 "TOR" "@" "ATL" "W" 15 0 17.55 0.429 0.429 11.6 15.8 13.8 0 2.7 7.5 30 23.4 67 86 2.8 -9.6
"47" "47" 2018-01-26 22.28 "TOR" "" "UTA" "L" -4 0 20.6333333333333 0.291 0.167 17.6 10.1 14.1 0 0 17.6 0 14.1 94 97 7.1 -0.4
"48" "48" 2018-01-28 22.29 "TOR" "" "LAL" "W" 12 0 24.05 0.5 0.5 18.6 7.4 12.3 5 0 0 40 17.1 83 112 2.7 -8.5
"49" "49" 2018-01-30 22.29 "TOR" "" "MIN" "W" 5 0 19.3833333333333 0.857 0.857 25.4 0 12.5 0 0 6.8 12.5 19.7 152 114 11.1 4.7
"50" "50" 2018-02-01 22.3 "TOR" "@" "WAS" "L" -3 0 15.5333333333333 0.633 0.6 15.5 25.8 20.3 8.9 3.1 0 24 23 111 117 5.7 -3.4
"51" "51" 2018-02-02 22.3 "TOR" "" "POR" "W" 25 0 19.7166666666667 1 1 9.9 25.2 15.6 0 2.6 9.4 33.3 6.4 140 103 5.9 2.1
"52" "52" 2018-02-04 22.31 "TOR" "" "MEM" "W" 15 0 23.55 1.014 1 14.6 8.7 11.5 0 0 7.3 31.1 12.3 138 98 7.9 -1.1
"53" "53" 2018-02-06 22.31 "TOR" "" "BOS" "W" 20 0 23.6333333333333 0.5 0.5 6 18.5 13 5.7 0 6.8 33.3 11.9 80 94 2.4 -5.9
"54" "54" 2018-02-08 22.32 "TOR" "" "NYK" "W" 25 0 20.0666666666667 0.874 0.857 0 24.9 12.6 8.3 0 4.3 0 16.3 173 90 12.6 9
"55" "55" 2018-02-11 22.33 "TOR" "@" "CHO" "W" 20 0 18.1833333333333 0.333 0.333 7.1 11.7 9.7 12.1 0 4 0 15.3 98 110 3.6 -5.8
"56" "56" 2018-02-13 22.33 "TOR" "" "MIA" "W" 3 0 17.8666666666667 1.064 1 5.6 0 3 0 0 4.7 0 4.7 227 117 3.5 -3.4
"57" "57" 2018-02-14 22.33 "TOR" "@" "CHI" "W" 24 0 21.2833333333333 1.025 1 0 32.2 17.2 11.6 0 13.5 38.1 16.8 116 86 10.9 6.4
"58" "58" 2018-02-23 22.36 "TOR" "" "MIL" "L" -3 0 19.4666666666667 0.82 0.75 6.3 18.2 12.4 15.6 0 12.8 29.1 16.5 125 111 8.7 6.4
"59" "59" 2018-02-26 22.37 "TOR" "" "DET" "W" 29 0 22.1 0.571 0.571 6.2 12.1 9.8 6.5 6.5 3 22.2 18.1 93 85 8.3 1.8
"60" "60" 2018-02-28 22.37 "TOR" "@" "ORL" "W" 13 0 28.4166666666667 0.781 0.714 8.2 23.6 16.1 23.1 3.5 9.7 10.7 14.9 157 97 18.7 13.5
"61" "61" 2018-03-02 22.38 "TOR" "@" "WAS" "W" 7 0 22.2333333333333 0.872 1 5.4 10.5 8 0 0 11.8 22.5 9.7 126 108 5.9 0.8
"62" "62" 2018-03-04 22.38 "TOR" "" "CHO" "W" 5 0 13.5333333333333 NA NA 0 21.3 11.1 0 0 11.1 100 3.2 0 93 -0.3 -5.8
"63" "63" 2018-03-06 22.39 "TOR" "" "ATL" "W" 16 0 20.6666666666667 0.375 0.375 28.4 17.4 23.5 8.6 4.9 11.8 11.1 18.3 103 85 9.7 2.4
"64" "64" 2018-03-07 22.39 "TOR" "@" "DET" "W" 2 0 17.7833333333333 0.4 0.4 0 13.2 6.1 7.6 0 0 16.7 15 72 119 0.8 -11.4
"65" "65" 2018-03-09 22.4 "TOR" "" "HOU" "W" 3 0 19.2333333333333 0.5 0.5 6.1 20.2 12.8 13 5.3 0 0 4.7 153 103 5.2 6.2
"66" "66" 2018-03-11 22.4 "TOR" "@" "NYK" "W" 26 0 20.6 0.625 0.625 16.3 25.3 20.9 19.8 0 0 11.1 18.2 137 108 10.7 4.4
"67" "67" 2018-03-13 22.41 "TOR" "@" "BRK" "W" 14 0 20.4833333333333 0.538 0.571 11.2 19.1 15.5 6.8 2.5 14.1 11.8 17.8 109 96 7.7 1
"68" "68" 2018-03-15 22.41 "TOR" "@" "IND" "W" 7 0 16 1.064 1 7.3 12 9.9 0 0 4.3 61.5 13.2 78 107 1.1 -8.4
"69" "69" 2018-03-16 22.42 "TOR" "" "DAL" "W" 7 0 18.3333333333333 1 1 0 14.8 7.1 7.2 2.9 8.4 50 4.9 97 104 3.6 1.6
"70" "70" 2018-03-18 22.42 "TOR" "" "OKC" "L" -7 0 15.1166666666667 1.042 1 28.9 8.6 18.1 16 0 0 0 8.3 224 133 8.4 8.6
"71" "71" 2018-03-20 22.43 "TOR" "@" "ORL" "W" 7 0 11.0666666666667 1 1 10.6 8.9 9.6 16.5 4.6 0 33.3 12.8 139 90 4.7 7
"72" "72" 2018-03-21 22.43 "TOR" "@" "CLE" "L" -3 0 26.6833333333333 0.612 0.615 32.3 6.7 21.8 5.5 1.9 3.3 12.6 27.4 128 139 15.5 -3.7
"73" "73" 2018-03-23 22.44 "TOR" "" "BRK" "W" 4 0 7.46666666666667 0 0 16.1 29.9 23.2 15.7 0 0 0 5.9 101 115 1.3 -1.7
"74" "74" 2018-03-25 22.44 "TOR" "" "LAC" "L" -11 0 25.2 0.322 0.333 12.7 24.3 18.6 10.2 0 7.4 20.5 16.6 79 113 4.6 -4.7
"75" "75" 2018-03-27 22.45 "TOR" "" "DEN" "W" 4 0 18.4666666666667 0.75 0.75 26.7 27.4 27 0 0 4.4 11.1 22.3 139 120 10.9 -1.1
"76" "76" 2018-03-31 22.46 "TOR" "@" "BOS" "L" -11 0 19.7333333333333 0 0 0 16.2 8.4 0 0 3.4 0 2.3 0 115 0.9 -3.8
"77" "77" 2018-04-03 22.47 "TOR" "@" "CLE" "L" -6 0 17.2166666666667 1.064 1 0 14.3 6.3 7.1 2.8 0 0 4.7 227 111 5.2 3.4
"78" "78" 2018-04-04 22.47 "TOR" "" "BOS" "W" 18 0 16.8 1.014 1 12.2 6.5 9.4 0 3.1 0 31.1 17.4 129 88 6.9 2.7
"79" "79" 2018-04-06 22.47 "TOR" "" "IND" "W" 19 0 18.3166666666667 1 1 6.4 19.1 13.6 0 2.7 0 28.6 16.7 117 75 8.2 5.6
"80" "80" 2018-04-08 22.48 "TOR" "" "ORL" "W" 11 0 24.4666666666667 0.949 1 0 20.9 11 6.7 2 0 38.8 19.2 99 102 8.1 -2
"81" "81" 2018-04-09 22.48 "TOR" "@" "DET" "W" 10 0 22.95 0.75 0.75 11.3 23.8 18.1 0 0 4.4 0 17.1 155 111 12.4 5.1
"82" "82" 2018-04-11 22.49 "TOR" "@" "MIA" "L" -7 0 29.1333333333333 0.766 0.8 23.7 19.1 21.2 0 5.3 4.5 16.1 19.8 133 100 19.4 10.2
"1" "1" 2018-10-17 23.01 "SAS" "" "MIN" "W" 4 1 7.86666666666667 0.5 0.5 47.9 0 24.9 43.9 0 0 0 20.7 151 120 5 7
"2" "2" 2018-10-20 23.01 "SAS" "@" "POR" "L" -13 1 13.1 NA NA 6.9 11.1 8.5 17.4 0 0 NA 0 230 134 2 -4.1
"3" "" 2018-10-22 23.02 "SAS" "@" "LAL" "W" 1 NA NA NA NA NA NA NA NA NA NA NA NA NA NA NA NA
"4" "3" 2018-10-24 23.02 "SAS" "" "IND" "L" -20 1 12.8166666666667 0.5 0.5 22.5 20.8 21.8 0 0 0 50 13.7 76 127 1.3 -12
"5" "" 2018-10-27 23.03 "SAS" "" "LAL" "W" 4 NA NA NA NA NA NA NA NA NA NA NA NA NA NA NA NA
"6" "" 2018-10-29 23.04 "SAS" "" "DAL" "W" 5 NA NA NA NA NA NA NA NA NA NA NA NA NA NA NA NA
"7" "4" 2018-10-31 23.04 "SAS" "@" "PHO" "W" 30 0 8.13333333333333 1 1 34.7 24.6 28.8 14.7 5.8 0 0 5.4 207 79 5.4 15.4
"8" "5" 2018-11-03 23.05 "SAS" "" "NOP" "W" 14 0 0.9 0 0 0 0 0 0 0 0 0 48 0 103 -0.7 -47.6
"9" "6" 2018-11-04 23.05 "SAS" "" "ORL" "L" -7 0 14.3 1.136 NA 32 7.6 19.5 8.8 0 5.7 0 2.7 237 123 5.7 1.6
"10" "7" 2018-11-07 23.06 "SAS" "@" "MIA" "L" -7 0 12.3833333333333 0.307 0.25 13.4 15.2 14.2 0 0 0 0 16.9 84 103 1.8 -8.9
"11" "" 2018-11-10 23.07 "SAS" "" "HOU" "W" 7 NA NA NA NA NA NA NA NA NA NA NA NA NA NA NA NA
"12" "8" 2018-11-12 23.08 "SAS" "@" "SAC" "L" -5 0 13 0.568 NA 0 36 16.8 9.7 0 0 0 3 147 108 1.7 -3.1
"13" "9" 2018-11-14 23.08 "SAS" "@" "PHO" "L" -20 0 19.4166666666667 0.451 0.333 21.5 35.3 27.5 8.2 2.6 9.3 20.5 21.6 96 108 8.2 -0.8
"14" "10" 2018-11-15 23.08 "SAS" "@" "LAC" "L" -5 0 9.96666666666667 0.521 0.5 17.2 24.7 20.3 0 0 7.8 0 23.5 123 113 4.7 -1.6
"15" "11" 2018-11-18 23.09 "SAS" "" "GSW" "W" 12 0 7.9 0.694 1 51.7 12.9 32.3 0 6.4 0 25.8 21.5 119 87 5.7 8.6
"16" "12" 2018-11-19 23.1 "SAS" "@" "NOP" "L" -14 0 15.0166666666667 0.637 0.667 20.8 8 14.9 0 3.2 0 10.4 25.2 127 136 8.8 -2
"17" "13" 2018-11-21 23.1 "SAS" "" "MEM" "L" -1 0 5.81666666666667 1 1 0 22.3 9.9 0 0 14.7 0 8 200 101 2.7 8.5
"18" "14" 2018-11-23 23.11 "SAS" "@" "IND" "W" 11 0 15.4333333333333 0.773 0.667 14.5 13 13.7 8.7 0 4.1 43.6 19.7 100 99 4.7 -1.9
"19" "15" 2018-11-24 23.11 "SAS" "@" "MIL" "L" -6 0 14.05 0.658 0.5 31.1 9.5 21.4 16.2 0 7.4 15.8 18.9 145 130 8.8 3.9
"20" "16" 2018-11-26 23.12 "SAS" "@" "CHI" "W" 1 0 17.6666666666667 1 1 6 18.5 12.2 34.6 0 0 0 12.7 207 112 12.5 15.5
"21" "17" 2018-11-28 23.12 "SAS" "@" "MIN" "L" -39 0 20.7166666666667 0.636 0.636 24.6 14.8 19.7 0 0 4 15.4 27.2 111 131 11.4 -0.4
"22" "18" 2018-11-30 23.13 "SAS" "" "HOU" "L" -31 0 13.0166666666667 0.667 0.667 0 24.6 12.3 11.7 0 0 25 13.7 99 141 2.9 -5.1
"23" "19" 2018-12-02 23.13 "SAS" "" "POR" "W" 13 0 13.3166666666667 1 1 11.6 19 15.7 18.4 3.7 12.6 0 10.3 208 104 9.4 17.9
"24" "20" 2018-12-04 23.14 "SAS" "@" "UTA" "L" -34 0 19.4666666666667 0.842 0.818 11.2 41.1 23.3 11.3 0 4.8 7.8 28.7 152 134 18.8 13
"25" "21" 2018-12-05 23.14 "SAS" "@" "LAL" "L" -8 0 15.1833333333333 0.75 0.75 13.5 43.1 27.8 0 0 0 0 11 163 116 6.4 0.2
"26" "22" 2018-12-07 23.15 "SAS" "" "LAL" "W" 13 0 23.8666666666667 0.902 0.833 9.6 24.6 17.7 11.2 0 9.4 27.9 18.7 136 109 13.5 4.2
"27" "23" 2018-12-09 23.15 "SAS" "" "UTA" "W" 13 0 18.6666666666667 0.333 0.333 26.4 11.4 18.4 11.6 0 4.6 0 7.3 138 105 5.8 1.6
"28" "24" 2018-12-11 23.16 "SAS" "" "PHO" "W" 25 0 20.7166666666667 0.571 0.571 34.8 25.2 29.6 7.3 0 0 22.2 19.6 117 91 7.9 -4
"29" "25" 2018-12-13 23.16 "SAS" "" "LAC" "W" 38 0 21 0.387 0.333 0 26.4 15.4 10 0 17.3 20.5 10.7 84 82 5.5 3
"30" "26" 2018-12-15 23.17 "SAS" "" "CHI" "L" -5 0 15.8 0.727 0.667 7.8 21.7 15 0 3.3 0 22.5 13.6 116 103 5.3 1.3
"31" "27" 2018-12-17 23.17 "SAS" "" "PHI" "W" 27 0 20.9166666666667 0.68 0.6 7 17.3 13.3 0 0 0 0 13.4 144 104 7.6 -1.7
"32" "28" 2018-12-19 23.18 "SAS" "@" "ORL" "W" 39 0 21.8 0.333 0.333 16.9 8.5 11.3 14.5 0 3.8 0 13.6 115 100 5 -2.4
"33" "29" 2018-12-21 23.18 "SAS" "" "MIN" "W" 26 0 27.15 0.667 0.667 12.9 11 11.9 5 0 0 10 15.9 131 106 9.6 -3
"34" "30" 2018-12-22 23.19 "SAS" "@" "HOU" "L" -7 0 16.5833333333333 0.773 1 6.6 15.2 11.5 8.7 0 14.1 20.5 13.9 122 112 7 4.6
"35" "31" 2018-12-26 23.2 "SAS" "" "DEN" "W" 8 0 18.7666666666667 0.5 0.5 17.8 37.9 29 14.9 0 0 0 14 129 99 8.5 3
"36" "32" 2018-12-28 23.2 "SAS" "@" "DEN" "L" -3 0 17.85 0.451 0.5 11.2 19.2 14.9 16.8 0 4.8 11.4 21.9 97 112 5.4 -2.2
"37" "33" 2018-12-29 23.21 "SAS" "@" "LAC" "W" 11 0 10.4333333333333 0.798 1 22.4 19.2 20.7 11.7 0 7.4 0 7.5 183 102 4.5 4.3
"38" "34" 2018-12-31 23.21 "SAS" "" "BOS" "W" 9 1 20.1166666666667 0.25 0.25 18.4 16.3 17.2 28 0 0 20 10.9 112 116 4.3 -0.5
"39" "35" 2019-01-03 23.22 "SAS" "" "TOR" "W" 18 0 13.1833333333333 0.5 0.5 38.3 24.3 30.7 8.4 0 0 33.3 10.3 134 111 3.2 -5.9
"40" "36" 2019-01-05 23.22 "SAS" "" "MEM" "W" 20 0 17.0333333333333 0.935 1 0 35.2 19.9 25.7 0 5.2 25.4 21.5 126 85 9.8 9
"41" "37" 2019-01-07 23.23 "SAS" "@" "DET" "W" 12 1 27.0666666666667 0.527 0.75 19.2 9.3 14.2 9.4 0 3.3 23.1 15 107 120 5.7 -5.8
"42" "38" 2019-01-09 23.24 "SAS" "@" "MEM" "L" -10 1 13.65 0.568 NA 6.9 13 10 11.7 0 6.2 53.2 6.2 91 97 1.9 -1.7
"43" "39" 2019-01-10 23.24 "SAS" "" "OKC" "W" 7 0 7.9 NA NA 18.4 0 8 13.1 0 9.3 NA 0 228 123 1.7 2.5
"44" "40" 2019-01-12 23.24 "SAS" "@" "OKC" "L" -10 0 18.55 0.615 0.5 24.4 28.1 26.1 6.7 0 3.7 0 10.6 160 116 10.4 4.3
"45" "41" 2019-01-14 23.25 "SAS" "" "CHO" "L" -15 0 11.05 0.5 0.5 0 0 0 0 0 7.8 0 8.8 94 116 1.7 -4.1
"46" "42" 2019-01-16 23.25 "SAS" "@" "DAL" "W" 4 0 19.7166666666667 1 1 30.4 12.8 21.8 28.9 5.7 5.5 0 7.5 218 109 13.1 16.7
"47" "43" 2019-01-18 23.26 "SAS" "@" "MIN" "W" 3 0 11.5666666666667 1 1 0 9.9 4.9 0 0 0 33.3 11.2 109 118 1.5 -6.1
"48" "44" 2019-01-20 23.27 "SAS" "" "LAC" "L" -8 0 12.85 0.266 0.5 15.9 16.6 16.2 21.2 0 0 0 12.8 93 108 1.6 -4.8
"49" "45" 2019-01-23 23.27 "SAS" "@" "PHI" "L" -2 0 13.25 0.5 0.5 10.7 24.7 18.6 0 0 0 0 7 126 129 2.6 -6.3
"50" "46" 2019-01-26 23.28 "SAS" "@" "NOP" "W" 12 0 5.73333333333333 0.852 NA 0 16.1 9.1 17.8 0 0 0 13.3 192 114 2.8 3.5
"51" "47" 2019-01-27 23.28 "SAS" "" "WAS" "W" 13 0 15.05 0.581 0.667 10.3 25.5 19.7 7.5 3.2 7.4 22.5 12.8 106 107 4.8 -0.9
"52" "48" 2019-01-29 23.29 "SAS" "" "PHO" "W" 2 0 8.3 1 1 11.8 0 7.8 16.3 0 0 0 9.7 210 128 4.4 4.2
"53" "49" 2019-01-31 23.3 "SAS" "" "BRK" "W" 3 0 4.03333333333333 0 0 22 0 12.4 29.8 0 0 0 9.8 93 111 0.3 -6.3
"54" "50" 2019-02-02 23.3 "SAS" "" "NOP" "W" 5 0 6.8 1 1 15 15.7 15.3 38.2 0 11.6 66.7 19.1 93 98 2.4 3.8
"55" "51" 2019-02-04 23.31 "SAS" "@" "SAC" "L" -15 0 15.7833333333333 0.667 0.667 22.1 15.6 19.4 0 0 0 25 21.1 113 133 6.8 -4.5
"56" "52" 2019-02-06 23.31 "SAS" "@" "GSW" "L" -39 1 20.0166666666667 0.788 0.75 11.4 6 8.8 51.7 4.7 0 18.4 12.1 159 134 10.7 10.2
"57" "53" 2019-02-07 23.32 "SAS" "@" "POR" "L" -9 0 12.8666666666667 0.8 0.8 28.7 30.2 29.5 0 0 6.2 0 16.2 174 120 9.4 9.1
"58" "54" 2019-02-09 23.32 "SAS" "@" "UTA" "L" -20 1 23.9 0.8 0.8 0 35.1 16 6.3 2 4.1 0 9.4 156 119 9.4 2.6
"59" "55" 2019-02-12 23.33 "SAS" "@" "MEM" "W" 1 0 12.8833333333333 0 0 14.9 27.3 20.5 0 3.9 0 33.3 10.6 49 105 0.9 -11.8
"60" "56" 2019-02-22 23.36 "SAS" "@" "TOR" "L" -3 0 17.0166666666667 1 1 6.7 42.6 26.7 8.9 2.8 13.2 33.3 15 123 97 10.5 10.1
"61" "57" 2019-02-24 23.36 "SAS" "@" "NYK" "L" -12 0 19.7 0.806 0.857 28.7 15.2 22.2 17.8 0 0 11.8 17.9 158 134 14.2 7
"62" "58" 2019-02-25 23.36 "SAS" "@" "BRK" "L" -16 0 11.4333333333333 0 0 38.2 19.5 30 0 4.3 13.5 0 26.2 39 90 0.5 -14
"63" "59" 2019-02-27 23.37 "SAS" "" "DET" "W" 12 1 34.0666666666667 0.671 0.667 7 30.2 20.5 3.9 0 6.8 0 11.7 147 91 14.6 4.2
"64" "60" 2019-03-02 23.38 "SAS" "" "OKC" "W" 14 1 26.0333333333333 0.425 0.4 24.6 3.8 13.7 4.5 3.7 9.4 14.5 11.2 118 95 8.6 1
"65" "61" 2019-03-04 23.38 "SAS" "" "DEN" "W" 1 1 18.35 0.75 0.75 6.4 11.6 9.1 7.9 2.7 0 0 10.2 156 108 6.6 1
"66" "" 2019-03-06 23.39 "SAS" "@" "ATL" "W" 7 NA NA NA NA NA NA NA NA NA NA NA NA NA NA NA NA
"67" "62" 2019-03-10 23.4 "SAS" "" "MIL" "W" 7 1 26.6 1 1 11.5 20.5 15.9 13 0 0 20 8.2 174 117 10.3 3.8
"68" "63" 2019-03-12 23.41 "SAS" "@" "DAL" "W" 7 1 28.9166666666667 1 1 9.2 20.7 15.3 12.5 3.5 3.9 0 3.3 212 106 9.9 6.3
"69" "64" 2019-03-15 23.41 "SAS" "" "NYK" "W" 26 1 26.6666666666667 0.857 0.857 9.5 26.3 18.8 9.9 5.7 13.6 0 12.4 176 66 20.5 19.6
"70" "65" 2019-03-16 23.42 "SAS" "" "POR" "W" 5 1 24.5166666666667 0.571 0.571 14.3 10.9 12.4 6.7 0 13.4 12.5 15.3 118 101 10.1 4.4
"71" "66" 2019-03-18 23.42 "SAS" "" "GSW" "W" 6 1 24.5333333333333 0.5 0.5 17 13.7 15.4 0 0 0 0 10.9 130 114 5.9 -5.2
"72" "67" 2019-03-20 23.43 "SAS" "" "MIA" "L" -5 1 13.8333333333333 0.258 0.333 26.7 33 29.5 20.1 0 0 20.5 16.1 97 115 3.9 -4.8
"73" "68" 2019-03-22 23.43 "SAS" "@" "HOU" "L" -6 0 14.6666666666667 0.8 0.8 26.7 27.9 27.3 0 3.3 0 16.7 18.1 140 107 9.7 6.1
"74" "69" 2019-03-24 23.44 "SAS" "@" "BOS" "W" 19 1 24.9666666666667 0.5 0.5 17.1 22.6 20 0 0 3.3 0 10.5 129 97 7.9 -1.3
"75" "70" 2019-03-26 23.44 "SAS" "@" "CHO" "L" -9 1 20.0833333333333 0.735 1 4.6 27.5 15.1 0 0 9.1 0 9.7 142 107 7.3 1.2
"76" "71" 2019-03-28 23.45 "SAS" "" "CLE" "W" 6 1 18.7166666666667 0.532 0.5 6.6 6 6.3 6 2.7 12.2 0 9.3 131 109 7 3.2
"77" "72" 2019-03-31 23.46 "SAS" "" "SAC" "L" -7 0 12.05 0.532 0 15.9 11.7 14.2 0 0 7.1 0 6.7 155 119 3.3 -3.4
"78" "73" 2019-04-02 23.46 "SAS" "" "ATL" "W" 6 0 9.61666666666667 1 1 13.9 9.6 11.3 13.5 4.9 0 0 4.7 216 105 4.4 8.8
"79" "74" 2019-04-03 23.47 "SAS" "@" "DEN" "L" -28 1 17.0666666666667 0.387 0.333 33.8 8 23.2 10 3 10.4 0 10.6 131 113 7.3 0.6
"80" "75" 2019-04-05 23.47 "SAS" "@" "WAS" "W" 17 1 23.6333333333333 0.825 0.857 11 26 18.7 15.7 0 0 0 14.7 177 119 13.9 7.2
"81" "76" 2019-04-07 23.48 "SAS" "@" "CLE" "W" 22 1 26 0.8 0.8 15.4 26.9 22 0 3.8 7.4 16.7 10.1 140 83 12.3 5.9
"82" "77" 2019-04-10 23.48 "SAS" "" "DAL" "W" 11 1 19.8333333333333 0.667 0.667 5.6 4.7 5.1 13.4 0 4.5 0 6.9 155 101 5 2.2
"1" "1" 2019-10-23 24.02 "SAS" "" "NYK" "W" 9 0 16.1166666666667 0.75 0.75 13.5 12.9 13.2 9 0 4.7 0 9.9 165 102 7 4
"2" "2" 2019-10-26 24.03 "SAS" "" "WAS" "W" 2 0 14.8166666666667 0.361 0.286 24 16.2 20.7 29.8 0 15.9 10.7 24.3 110 111 8.8 5.5
"3" "3" 2019-10-28 24.04 "SAS" "" "POR" "W" 3 0 12.1 1 1 8.4 15.3 12 10.7 0 5.9 50 6.8 117 101 2.6 -1.1
"4" "4" 2019-10-31 24.04 "SAS" "@" "LAC" "L" -6 0 12.3666666666667 0.512 0.5 17.3 15.2 16.2 13.7 0 0 17 20.6 104 106 3.5 -1.4
"5" "5" 2019-11-01 24.05 "SAS" "@" "GSW" "W" 17 0 18.1166666666667 0.666 0.6 22.1 37 29.1 7.3 0 0 12.9 17.5 142 113 9.8 1.2
"6" "6" 2019-11-03 24.05 "SAS" "" "LAL" "L" -7 0 19.15 0.568 NA 0 10.9 5.4 0 2.4 4 0 2 123 97 2.1 -3.4
"7" "7" 2019-11-05 24.06 "SAS" "@" "ATL" "L" -8 0 14.15 1 1 6.8 8.7 7.6 0 6.6 0 66.7 8.8 67 97 1.1 -9.3
"8" "8" 2019-11-07 24.06 "SAS" "" "OKC" "W" 9 0 12.8833333333333 0 0 19.1 38.2 28.7 0 0 6.3 0 3.3 110 109 2.2 -4.7
"9" "9" 2019-11-09 24.07 "SAS" "" "BOS" "L" -20 0 12.6 0.307 0.25 20.1 26.6 22.9 32.5 0 0 17 17.6 99 131 3.1 -5.1
"10" "10" 2019-11-11 24.07 "SAS" "" "MEM" "L" -4 0 15.1666666666667 0.5 0.5 7 21.6 14.2 26.6 0 0 20 14.3 107 116 4.3 0.2
"11" "11" 2019-11-13 24.08 "SAS" "@" "MIN" "L" -15 0 11.9 0.658 0.75 17.2 8.6 12.9 25.3 4 0 27.3 26 108 122 6.3 3.3
"12" "12" 2019-11-15 24.08 "SAS" "@" "ORL" "L" -2 0 16.9166666666667 0.922 1 6.8 24.1 15.9 16.9 6 4.9 17 16 157 103 12.4 16.1
"13" "13" 2019-11-16 24.09 "SAS" "" "POR" "L" -5 0 18.0666666666667 0.654 0.667 17.3 35.4 26.3 17.5 2.5 0 12.7 18.5 130 111 10.1 3
"14" "14" 2019-11-18 24.09 "SAS" "@" "DAL" "L" -7 0 19.9 0.414 0.4 34.5 18.1 27.1 14 2.6 0 21.6 29.9 97 121 7.6 -5.9
"15" "15" 2019-11-20 24.1 "SAS" "@" "WAS" "L" -6 1 26.35 0.661 0.714 4.1 20.8 11.5 9.1 1.7 8.8 10.7 14.4 125 123 11.9 -0.6
"16" "16" 2019-11-22 24.1 "SAS" "@" "PHI" "L" -11 1 24.1333333333333 0.333 0.333 9.7 14.2 12 5.1 0 3.2 0 11.6 91 118 2.7 -8.3
"17" "17" 2019-11-23 24.11 "SAS" "@" "NYK" "W" 7 1 23.8833333333333 1.011 1 11.2 33.5 23.9 6.7 0 3.8 15.5 11.8 170 102 13.3 7
"18" "18" 2019-11-25 24.11 "SAS" "" "LAL" "L" -10 1 23.7833333333333 0.34 0.2 15.5 24 19.9 5.2 2.1 3.6 14.5 12.9 92 115 5.9 -2.7
"19" "19" 2019-11-27 24.12 "SAS" "" "MIN" "L" -12 1 21.75 1 1 4.1 34.3 17.8 6 0 19.6 0 4 204 100 8.5 3.1
"20" "20" 2019-11-29 24.12 "SAS" "" "LAC" "W" 10 0 15.5 0.75 0.75 13.2 25.3 19.4 0 0 21 20 14.3 122 84 8.4 6.2
"21" "21" 2019-12-01 24.13 "SAS" "@" "DET" "L" -34 1 26.1833333333333 0.667 0.667 8 15.7 11.3 6.4 5.7 3.2 0 10.4 143 127 11.3 0.6
"22" "22" 2019-12-03 24.13 "SAS" "" "HOU" "W" 2 1 41.1666666666667 0.466 0.5 13 22.7 18.2 15.4 1.1 11.7 23.7 8.5 112 102 13.9 2.9
"23" "23" 2019-12-06 24.14 "SAS" "" "SAC" "W" 1 0 18.1166666666667 0.903 1 11.9 5.3 8.4 11.1 0 12.9 0 17.6 185 102 14.8 18
"24" "24" 2019-12-12 24.16 "SAS" "" "CLE" "L" -8 0 22.5166666666667 0.667 0.667 0 15.7 8.2 6.3 4.4 9.2 0 6.5 135 101 7.7 4.8
"25" "25" 2019-12-14 24.16 "SAS" "@" "PHO" "W" 2 0 15.8666666666667 0.665 0.5 21.2 40.3 30.4 16.4 0 5.3 0 9.5 168 98 10.6 10
"26" "26" 2019-12-16 24.17 "SAS" "@" "HOU" "L" -2 0 10.0833333333333 0.333 0.333 9.2 8.1 8.6 41.7 0 0 25 16.2 90 107 2 1.3
"27" "27" 2019-12-19 24.18 "SAS" "" "BRK" "W" 13 0 15.6166666666667 0.667 0.667 11.4 23.1 16.3 33.4 0 19.6 25 10.5 138 94 7.7 9.2
"28" "28" 2019-12-21 24.18 "SAS" "" "LAC" "L" -25 0 15.7333333333333 0.75 0.75 9 27.1 19.3 46.4 0 19.4 33.3 16.9 126 117 9.4 13.7
"29" "29" 2019-12-23 24.19 "SAS" "@" "MEM" "W" 30 0 12.7166666666667 0 0 0 14.2 9.3 6.3 0 0 0 7 41 116 -0.5 -11.9
"30" "30" 2019-12-26 24.2 "SAS" "@" "DAL" "L" -4 0 17.4833333333333 0.63 1 12.5 15.5 14.2 8.6 0 11 17.4 15.4 113 104 6.1 1.5
"31" "31" 2019-12-28 24.2 "SAS" "" "DET" "W" 27 0 22.8333333333333 0.694 0.5 0 35 20.8 4.1 4.1 7.8 25.8 7.4 116 92 8.4 3.4
"32" "32" 2019-12-31 24.21 "SAS" "" "GSW" "W" 4 0 15.3666666666667 0.667 0.667 15.3 33.2 24.9 36.2 0 5 0 9.1 175 107 8.7 12.3
"33" "33" 2020-01-02 24.22 "SAS" "" "OKC" "L" -6 0 15.2833333333333 0.45 0.5 12.8 16.1 14.3 27.9 0 9.8 0 13.2 132 115 6.3 6.9
"34" "34" 2020-01-04 24.22 "SAS" "@" "MIL" "L" -9 0 13 1 1 7 8 7.5 24.1 0 0 50 12.8 110 129 3.4 -0.8
"35" "35" 2020-01-06 24.23 "SAS" "" "MIL" "W" 22 0 12.7666666666667 1 1 0 27.9 16.3 9.1 0 0 50 7 106 107 1.8 -1.6
"36" "36" 2020-01-08 24.23 "SAS" "@" "BOS" "W" 15 0 14.0166666666667 0.333 0.333 35.1 28 31.1 30.7 0 6.7 0 9.1 152 107 6.2 6
"37" "37" 2020-01-10 24.24 "SAS" "@" "MEM" "L" -13 0 11.8 0.676 0.75 0 18.9 9.5 27.3 0 19.7 18.4 20.5 113 119 6.7 7.3
"38" "38" 2020-01-12 24.24 "SAS" "@" "TOR" "W" 1 0 19.5833333333333 0.667 0.667 5.3 44.1 25.5 7.4 0 10.2 40 11 86 93 5.8 -0.4
"39" "39" 2020-01-15 24.25 "SAS" "@" "MIA" "L" -6 0 14.2833333333333 1 1 0 31.3 14.9 9.4 3.6 14 0 3.2 207 96 6 9.1
"40" "40" 2020-01-17 24.26 "SAS" "" "ATL" "L" -1 0 20.0833333333333 0.5 0.5 14.6 11.4 13.1 23.8 2.3 17.1 20 9.7 124 108 8.4 4.7
"41" "41" 2020-01-19 24.26 "SAS" "" "MIA" "W" 5 0 12.15 0 0 8.6 9 8.8 0 0 15.2 0 3.7 69 105 0.9 -6.7
"42" "42" 2020-01-20 24.27 "SAS" "@" "PHO" "W" 2 0 15.9333333333333 0.75 0.75 14.7 18.3 16.3 26.6 3.1 15.6 0 11.5 178 111 11.2 14.1
"43" "43" 2020-01-22 24.27 "SAS" "@" "NOP" "W" 4 0 13.05 0.773 0.667 0 42.8 21.6 29.3 3.6 15.3 20.5 16.2 141 96 8.5 16.2
"44" "44" 2020-01-24 24.28 "SAS" "" "PHO" "L" -4 0 10.1833333333333 0.5 0.5 11.2 0 5.5 0 0 17.1 0 8.9 121 107 1.9 -4.6
"45" "45" 2020-01-26 24.28 "SAS" "" "TOR" "L" -4 0 13.3666666666667 0.739 0.714 0 45.7 25.7 0 0 14.7 11.8 27.9 117 95 10.6 10.4
"46" "46" 2020-01-27 24.28 "SAS" "@" "CHI" "L" -1 1 35.7833333333333 0.515 0.583 14 21.9 18 4.7 0 7.2 11.4 21.8 104 112 13.5 -3
"47" "47" 2020-01-29 24.29 "SAS" "" "UTA" "W" 7 1 22.4 1 1 12.2 29.9 22 25.7 0 4.7 0 4.1 211 116 10 11.7
"48" "48" 2020-02-01 24.3 "SAS" "" "CHO" "W" 24 0 18.2333333333333 0.833 0.875 13.9 30.6 22.8 9.9 5.4 5.6 8.9 27.8 152 80 17.5 16
"49" "49" 2020-02-03 24.3 "SAS" "@" "LAC" "L" -3 0 14.3333333333333 0.581 0.667 19.3 22.3 20.7 20.1 0 17.6 22.5 13.8 125 95 7.4 7.6
"50" "50" 2020-02-04 24.31 "SAS" "@" "LAL" "L" -27 0 13.4666666666667 0.6 0.6 6.7 21.6 12.4 12.2 0 0 16.7 20.6 107 136 4.3 -4.7
"51" "51" 2020-02-06 24.31 "SAS" "@" "POR" "L" -8 0 11.75 0.452 0.5 8.3 30.6 18.4 22.1 0 0 0 12.5 123 129 3.8 -1.8
"52" "52" 2020-02-08 24.32 "SAS" "@" "SAC" "L" -20 0 12.25 0.8 0.8 20.1 19.1 19.6 0 0 7.7 16.7 22.8 131 126 7 1.1
"53" "53" 2020-02-10 24.32 "SAS" "@" "DEN" "L" -7 0 15.7333333333333 1 1 0 16.9 8.4 19.2 0 0 25 11.5 143 142 5.3 -1.4
"54" "54" 2020-02-11 24.33 "SAS" "@" "OKC" "W" 8 0 9.3 0.266 0 28.7 0 12.7 25.2 10.5 9.6 34.7 13.9 98 85 4 8.8
"55" "55" 2020-02-21 24.35 "SAS" "@" "UTA" "W" 9 0 13.2833333333333 0 0 7.5 46.1 26.6 18.1 7.1 29.5 0 6.7 76 66 7.3 14.5
"56" "56" 2020-02-23 24.36 "SAS" "@" "OKC" "L" -28 0 15.5333333333333 0.571 0.571 19.9 0 12.7 12.1 6 0 0 20.2 131 118 10 6.3
"57" "57" 2020-02-26 24.37 "SAS" "" "DAL" "L" -6 0 9.71666666666667 0.525 0.667 9.7 31.5 20.2 17 0 0 0 20.4 118 109 4.8 4.1
"58" "58" 2020-02-29 24.38 "SAS" "" "ORL" "W" 1 1 4.23333333333333 NA NA 0 0 0 25.8 0 0 100 10.5 53 122 -0.7 -11.5
"59" "" 2020-03-02 24.38 "SAS" "" "IND" "L" -5 NA NA NA NA NA NA NA NA NA NA NA NA NA NA NA NA
"60" "" 2020-03-03 24.38 "SAS" "@" "CHO" "W" 1 NA NA NA NA NA NA NA NA NA NA NA NA NA NA NA NA
"61" "" 2020-03-06 24.39 "SAS" "@" "BRK" "L" -19 NA NA NA NA NA NA NA NA NA NA NA NA NA NA NA NA
"62" "" 2020-03-08 24.4 "SAS" "@" "CLE" "L" -3 NA NA NA NA NA NA NA NA NA NA NA NA NA NA NA NA
"63" "" 2020-03-10 24.4 "SAS" "" "DAL" "W" 10 NA NA NA NA NA NA NA NA NA NA NA NA NA NA NA NA
"64" "59" 2020-07-31 24.79 "SAS" "" "SAC" "W" 9 1 31.8166666666667 0.444 0.429 14 7.4 10.8 10.4 2.8 5.3 0 10.2 128 107 10.6 0.7
"65" "60" 2020-08-02 24.8 "SAS" "@" "MEM" "W" 2 1 20.9166666666667 1 1 14.3 22.9 18.3 0 0 7.5 40 9.8 118 97 5.4 -3.1
"66" "61" 2020-08-03 24.8 "SAS" "@" "PHI" "L" -2 1 24.8333333333333 0.5 0.5 14.5 5 9.8 13.8 1.9 3.5 0 6.5 155 128 5.8 -1.6
"67" "62" 2020-08-05 24.81 "SAS" "" "DEN" "L" -6 1 26.4 0.2 0.2 13 18.6 15.7 4.1 0 0 16.7 9.8 79 139 1.5 -14.3
"68" "63" 2020-08-07 24.81 "SAS" "" "UTA" "W" 8 1 30.9666666666667 0.738 0.75 13.2 19 16.1 10 0 8.6 7.2 19 144 106 19.3 4.9
"69" "64" 2020-08-09 24.82 "SAS" "@" "NOP" "W" 9 1 22.4666666666667 0.5 0.5 22.7 37 30.2 6 4.1 0 42.9 12.5 92 96 5.9 -4.9
"70" "65" 2020-08-11 24.82 "SAS" "" "HOU" "W" 18 1 27.65 0.841 0.857 12.4 28.9 21.7 4.9 1.6 4.2 10.7 13.1 156 92 16.5 6.6
"71" "66" 2020-08-13 24.83 "SAS" "@" "UTA" "L" -6 1 21.1333333333333 0.61 0.833 11.4 14.5 13.1 24.6 2.3 8.3 10.9 19 118 113 10.4 4.3
"1" "1" 2020-12-23 25.19 "SAS" "@" "MEM" "W" 12 0 19.2333333333333 0.333 0.333 22.2 16.6 19.4 5.8 2.3 3.7 0 12.7 112 108 6.3 -4.7
"2" "2" 2020-12-26 25.2 "SAS" "" "TOR" "W" 5 0 18.7833333333333 0.45 0.5 20.4 15.6 18.1 30.5 0 0 31.1 13.4 111 113 6.8 2
"3" "3" 2020-12-27 25.2 "SAS" "@" "NOP" "L" -3 0 23.3166666666667 0.667 0.667 0 29.4 16 0 0 5.9 14.3 13.4 100 92 7 -1.1
"4" "4" 2020-12-30 25.21 "SAS" "" "LAL" "L" -14 1 24.0166666666667 0.68 0.8 12.8 20.5 16.3 6.2 2 0 0 11 148 121 9.1 -0.9
"5" "5" 2021-01-01 25.21 "SAS" "" "LAL" "L" -6 1 20.35 0 0 14.2 8.9 11.5 19.7 0 0 42 10.3 64 114 0.1 -9.1
"6" "6" 2021-01-03 25.22 "SAS" "" "UTA" "L" -21 1 24.4166666666667 0.652 0.625 12.7 14.7 13.5 23 0 0 0 13.7 152 129 12.7 1.2
"7" "7" 2021-01-05 25.22 "SAS" "@" "LAC" "W" 3 0 19.2833333333333 1 1 5.1 31.1 16.8 18 5.1 0 66.7 6.7 108 108 6 2.4
"8" "8" 2021-01-07 25.23 "SAS" "@" "LAL" "W" 9 0 15.7166666666667 0.436 0.333 20.4 21.3 20.8 15.3 0 0 22.5 12.9 120 112 3.5 -6
"9" "9" 2021-01-09 25.24 "SAS" "@" "MIN" "W" 3 0 16.4166666666667 0.129 0 17.9 27.5 22.4 7.3 3 0 34 15.9 61 110 1.1 -13.2
"10" "10" 2021-01-10 25.24 "SAS" "@" "MIN" "L" -8 0 11.2833333333333 0.347 0.5 0 9.5 4.4 0 0 0 0 11.1 65 106 -0.3 -13
"11" "11" 2021-01-12 25.24 "SAS" "@" "OKC" "W" 10 0 16.4333333333333 0.667 0.667 5.6 12.7 8.9 8.3 2.9 10.2 0 8.1 147 93 6.7 4.9
"12" "12" 2021-01-14 25.25 "SAS" "" "HOU" "L" -4 0 15.4333333333333 0.258 0.333 25.4 15.2 20.7 24 0 11.7 20.5 13.9 99 107 4.2 -2
"13" "13" 2021-01-16 25.25 "SAS" "" "HOU" "W" 12 0 29.7 0.874 0.857 20.2 12.2 16.3 16 1.6 9.3 21.2 12.5 149 86 18.2 9.9
"14" "14" 2021-01-18 25.26 "SAS" "@" "POR" "W" 21 0 21.5333333333333 0.698 0.714 35.2 5.1 19 6 0 12.2 20.2 20.2 133 104 11.4 -0.6
"15" "15" 2021-01-20 25.27 "SAS" "@" "GSW" "L" -22 0 24.7 0.53 0.556 10.4 9.5 10 0 0 0 17.5 18.9 93 124 5.6 -7.2
"16" "16" 2021-01-22 25.27 "SAS" "" "DAL" "L" -5 0 17.6 0.258 0.333 12.4 17.4 15 7.1 0 10.1 20.5 12.2 76 118 2.5 -6.3
"17" "17" 2021-01-24 25.28 "SAS" "" "WAS" "W" 20 0 21.45 0.5 0.5 15.6 13.2 14.3 5.1 4.5 4.5 0 8.2 139 95 8 1.6
"18" "18" 2021-01-27 25.28 "SAS" "" "BOS" "W" 4 0 19.4833333333333 1 1 21.1 29.6 26.1 24 2.5 7.2 60 11.4 116 95 7.5 9.1
"19" "19" 2021-01-29 25.29 "SAS" "" "DEN" "W" 10 0 25.2 0.41 0.5 14.7 14.7 14.7 4.7 2 0 0 8.9 120 116 5.1 -3.7
"20" "20" 2021-01-30 25.29 "SAS" "" "MEM" "L" -17 0 18.1666666666667 0.667 0.667 24.6 13.2 19.1 37.2 0 14.2 14.3 17.2 146 124 12.3 11
"21" "21" 2021-02-01 25.3 "SAS" "" "MEM" "L" -31 0 20.5666666666667 0.714 1 8.8 22.2 14.7 14.4 0 7.4 0 8.7 160 131 8.8 1.5
"22" "22" 2021-02-03 25.3 "SAS" "" "MIN" "W" 3 1 33.65 0.839 0.9 9.1 15.2 12.1 4.7 1.4 9.4 8.1 15.5 151 101 21.5 8.6
"23" "23" 2021-02-06 25.31 "SAS" "@" "HOU" "W" 5 1 29.1 0.129 0 7 34.5 20.2 4.5 0 3.3 11.4 12.8 48 103 0.7 -10.6
"24" "24" 2021-02-08 25.32 "SAS" "" "GSW" "W" 5 1 29.8333333333333 0.778 0.778 9.1 30.6 18.6 0 0 13.1 10 14.1 139 92 15.2 4
"25" "25" 2021-02-09 25.32 "SAS" "" "GSW" "L" -23 1 19.7 0.5 0.5 5.1 20.7 12.8 0 0 9.6 20 11.2 83 110 3.1 -5.9
"26" "26" 2021-02-12 25.33 "SAS" "@" "ATL" "W" 11 1 28.2666666666667 0.941 1 8.7 35.4 23.4 5.1 5 8.8 21.2 14.5 142 94 19.7 12.1
"27" "27" 2021-02-14 25.33 "SAS" "@" "CHO" "W" 12 1 36.5333333333333 0.581 0.5 19.6 11.7 15.7 6 1.3 8.6 30.4 11.5 117 107 11.7 -4.5
"28" "28" 2021-02-24 25.36 "SAS" "@" "OKC" "L" -3 1 35.1833333333333 0.421 0.429 8.5 17.1 12.8 11.4 0 6.1 0 10.9 112 106 9.5 -2.2
"29" "29" 2021-02-27 25.37 "SAS" "" "NOP" "W" 3 1 25.2166666666667 0.6 0.6 17.7 28.4 23.3 10.8 2 9.7 28.6 12.5 117 108 9.1 0.7
"30" "30" 2021-03-01 25.38 "SAS" "" "BRK" "L" -11 1 36.4333333333333 0.788 0.875 12.4 22.4 17.6 8.6 1.5 2.5 10.1 12.8 148 119 16.9 4.4
"31" "31" 2021-03-02 25.38 "SAS" "" "NYK" "W" 26 1 29.8166666666667 0.592 0.6 3.9 25 15 12.7 1.7 7.2 0 10.2 142 95 11.8 3.3
"32" "32" 2021-03-04 25.38 "SAS" "" "OKC" "L" -5 1 22.7166666666667 0.333 0.333 10.1 12.9 11.6 11.2 2.1 4.7 50 11.6 65 103 0.7 -8.9
"33" "33" 2021-03-10 25.4 "SAS" "@" "DAL" "L" -11 1 32.3666666666667 0.773 0.667 10.1 8 9.2 0 0 0 0 5.7 177 133 5.8 -6
"34" "34" 2021-03-12 25.41 "SAS" "" "ORL" "W" 27 1 29.05 0.5 0.5 15 17.6 16.3 28.3 1.7 0 33.3 14 106 83 8.7 2.1
"35" "35" 2021-03-14 25.41 "SAS" "@" "PHI" "L" -35 1 24.4833333333333 0.444 0.429 7.7 16.8 11.4 13 0 5.7 0 14.4 109 140 7.6 -5.4
"36" "36" 2021-03-15 25.41 "SAS" "@" "DET" "W" 10 1 25.9 0.751 0.75 25.7 30.2 28.2 10.3 2 12.8 30 23.2 117 93 16.8 7.9
"37" "37" 2021-03-17 25.42 "SAS" "@" "CHI" "W" 7 1 33.7 0.758 0.818 17.1 30.3 23.5 5.7 0 0 13.2 19.5 138 101 20.2 5.9
"38" "38" 2021-03-19 25.42 "SAS" "@" "CLE" "W" 6 1 25.5 0.5 0.5 11.5 34.6 23 5.6 2 6.1 0 13 129 101 9.9 2.4
"39" "39" 2021-03-20 25.43 "SAS" "@" "MIL" "L" -7 1 25.5 0.571 0.571 3.9 22.4 12.5 4.9 1.8 3.5 30 17.2 81 112 4.7 -7.9
"40" "40" 2021-03-22 25.43 "SAS" "" "CHO" "L" -3 1 25.7166666666667 0.5 0.5 19.6 32.7 26.3 5.8 0 15.2 33.3 11.3 102 98 7.6 0.5
"41" "41" 2021-03-24 25.44 "SAS" "" "LAC" "L" -33 1 21.1333333333333 1 1 15.1 17.5 16.2 15.2 0 4.1 33.3 12.5 140 131 8.7 1.3
"42" "42" 2021-03-25 25.44 "SAS" "" "LAC" "L" -13 1 31.2166666666667 0.506 0.5 3.4 21.1 12.8 0 0 8.4 8.4 19.3 92 104 9.1 -1.3
"43" "43" 2021-03-27 25.45 "SAS" "" "CHI" "W" 16 1 31.1666666666667 0.746 0.889 7.5 22.5 15.6 4.6 0 7.6 0 19.2 151 100 20.4 6.4
"44" "44" 2021-03-29 25.45 "SAS" "" "SAC" "L" -17 1 31.9333333333333 0.715 0.727 23.4 18.2 21.2 8.6 0 9.4 14.4 18.9 139 133 18.9 3.2
"45" "45" 2021-03-31 25.46 "SAS" "" "SAC" "W" 14 1 29.7333333333333 0.564 0.625 17.5 28.5 23.3 4.6 1.6 2.8 0 14.7 135 101 15 3.1
"46" "46" 2021-04-01 25.46 "SAS" "" "ATL" "L" -5 1 43.65 0.751 0.75 9.2 17.7 12.9 9.7 2.4 1.7 9.7 10.8 151 118 17.6 2.8
"47" "47" 2021-04-03 25.47 "SAS" "" "IND" "L" -6 1 39.9166666666667 0.526 0.5 15.6 23.8 19.2 9.9 2.5 6.1 13.1 15.6 120 122 16.5 0.6
"48" "48" 2021-04-05 25.47 "SAS" "" "CLE" "L" -24 1 27.3 0.605 0.571 7.3 14.3 10.3 0 0 0 11.8 13.9 112 134 6.2 -8.4
"49" "49" 2021-04-07 25.48 "SAS" "@" "DEN" "L" -10 1 27.6833333333333 0.5 0.5 13.3 4 9.1 25.1 3.4 0 33.3 9.1 108 106 7.4 1.1
"50" "50" 2021-04-09 25.48 "SAS" "@" "DEN" "L" -2 1 35.9166666666667 0.63 0.667 16.7 14.8 15.9 19.1 1.4 2.6 8.8 13.2 140 123 16.3 3
"51" "51" 2021-04-11 25.49 "SAS" "@" "DAL" "W" 2 1 34.5666666666667 0.82 0.833 15.4 13.2 14.2 7.3 0 10.7 12 10.6 160 121 15.4 4.2
"52" "52" 2021-04-12 25.49 "SAS" "@" "ORL" "W" 23 1 23.7166666666667 0.75 0.75 18 8.8 13.3 9.7 2.1 3.4 0 7.4 178 99 9.7 3.5
"53" "53" 2021-04-14 25.5 "SAS" "@" "TOR" "L" -5 1 26.7166666666667 0.25 0.25 16.9 17.1 17 0 0 6.2 27.3 17.4 64 121 1.5 -17
"54" "54" 2021-04-16 25.5 "SAS" "" "POR" "L" -1 1 30.1333333333333 0.743 0.727 22.2 7.2 14.6 4.9 0 8 14.9 18.9 135 113 16.9 2.6
"55" "" 2021-04-17 25.5 "SAS" "@" "PHO" "W" 26 NA NA NA NA NA NA NA NA NA NA NA NA NA NA NA NA
"56" "55" 2021-04-19 25.51 "SAS" "@" "IND" "W" 15 1 24.6166666666667 0.735 0.7 4 18.9 12.3 8.7 3.8 2.8 15.5 22.5 118 82 13.3 5.7
"57" "56" 2021-04-21 25.52 "SAS" "" "MIA" "L" -20 1 28.5833333333333 1.031 1 8 29.4 18.4 6.5 1.9 16.1 34 10.3 137 105 13 7.2
"58" "57" 2021-04-22 25.52 "SAS" "" "DET" "W" 15 1 29.75 0.799 0.75 14.3 27.5 20.6 23.6 0 11.7 15.8 20 149 95 20.3 8
"59" "58" 2021-04-24 25.52 "SAS" "@" "NOP" "W" 2 1 36.6833333333333 0.508 0.429 5.6 13.9 9.7 11.9 1.2 10.1 11.3 10 113 97 11.6 2.9
"60" "59" 2021-04-26 25.53 "SAS" "@" "WAS" "W" 3 1 26.3833333333333 0.806 0.75 4.5 12.3 8.5 8.2 0 0 13.9 11.6 151 136 8 -2.2
"61" "60" 2021-04-28 25.53 "SAS" "@" "MIA" "L" -5 1 28.6833333333333 0.6 0.6 7.4 19.5 13.3 9.3 3.4 5.6 16.7 9.3 119 110 8.8 1.4
"62" "61" 2021-04-30 25.54 "SAS" "@" "BOS" "L" -3 1 42.9833333333333 0.744 0.714 17.2 9.5 13 2.9 1.1 1.8 16.6 12.4 144 129 15.5 -1.6
"63" "" 2021-05-02 25.55 "SAS" "" "PHI" "L" -2 NA NA NA NA NA NA NA NA NA NA NA NA NA NA NA NA
"64" "62" 2021-05-03 25.55 "SAS" "@" "UTA" "L" -11 1 20.2333333333333 0.5 0.5 0 16.6 8.2 27.2 0 0 25 17.7 89 119 3.5 -3.9
"65" "63" 2021-05-05 25.55 "SAS" "@" "UTA" "L" -32 1 12.85 0.5 0.5 20.4 11.3 17 16.9 7.6 0 0 27.7 114 116 7.9 4
"66" "64" 2021-05-07 25.56 "SAS" "@" "SAC" "W" 9 1 35 0.739 0.714 10.8 23.4 17.4 14 1.4 10.5 11.8 10.5 148 95 16.7 7.5
"67" "65" 2021-05-08 25.56 "SAS" "@" "POR" "L" -22 1 27.65 0.5 0.5 0 17 8.4 0 1.7 5.5 0 9.5 98 120 5.7 -4.2
"68" "66" 2021-05-10 25.57 "SAS" "" "MIL" "W" 21 1 33.5666666666667 0.533 0.5 4.1 28.6 17.9 22.8 1.4 8.1 0 10.5 153 115 16.7 10
"69" "67" 2021-05-12 25.57 "SAS" "@" "BRK" "L" -12 1 27.5666666666667 0.363 0.333 21.8 10.6 17.6 8.8 1.7 3.4 0 9.9 126 126 9 -2.4
"70" "68" 2021-05-13 25.58 "SAS" "@" "NYK" "L" -4 1 34.2833333333333 0.571 0.571 6 20.4 13.3 8.6 1.5 8.2 0 9 130 101 11.1 2.9
"71" "" 2021-05-15 25.58 "SAS" "" "PHO" "L" -37 NA NA NA NA NA NA NA NA NA NA NA NA NA NA NA NA
"72" "69" 2021-05-16 25.58 "SAS" "" "PHO" "L" -2 1 29.8666666666667 0.555 0.571 9.8 25 17.1 0 0 7 0 21.2 119 115 15.9 -0.7
