"Rk" "G" "Date" "Age" "Tm" "H/A" "Opp" "W/L" "By Amt" "GS" "MP" "TS%" "eFG%" "ORB%" "DRB%" "TRB%" "AST%" "STL%" "BLK%" "TOV%" "USG%" "ORtg" "DRtg" "GmSc" "BPM"
"1" "1" 1996-11-01 21.62 "CLE" "@" "NJN" "W" 13 0 11.1833333333333 0.5 0.5 24.2 0 12.5 0 5.4 0 20 22.8 98 92 1.8 -7.4
"2" "2" 1996-11-02 21.62 "CLE" "@" "WSB" "W" 2 0 33.8 0.612 0.5 6.5 9.7 8.1 0 0 2.1 0 24.7 143 101 15.2 5.8
"3" "3" 1996-11-05 21.63 "CLE" "" "SAS" "L" -6 0 25.75 0.667 0.667 14.2 12.7 13.6 34.2 4.6 0 45.5 20.5 81 89 7.5 4.9
"4" "4" 1996-11-08 21.64 "CLE" "" "VAN" "W" 16 0 20.6833333333333 0.551 0.5 11.4 13.7 12.7 19.4 0 3.4 8.4 26.3 120 88 9.2 4.1
"5" "5" 1996-11-10 21.64 "CLE" "" "DEN" "W" 15 0 23.35 0.475 0.4 10.4 6 8.3 0 0 0 7.3 28.3 100 107 4.9 -13.2
"6" "6" 1996-11-12 21.65 "CLE" "@" "ATL" "L" -4 0 4.16666666666667 0 0 0 0 0 0 0 0 0 12.5 0 117 -1.9 -30.6
"7" "7" 1996-11-13 21.65 "CLE" "" "POR" "W" 11 0 12.7666666666667 0.2 0.2 9 27.7 18.2 15 0 0 9.1 42.4 48 80 -2.5 -24.1
"8" "8" 1996-11-15 21.65 "CLE" "@" "PHI" "W" 16 0 11.85 0.347 0 10 8.5 9.2 0 0 0 51 22.5 47 104 -2.2 -23
"9" "9" 1996-11-16 21.66 "CLE" "" "DET" "L" -4 0 9.4 0.539 0 34.4 0 15.9 0 0 0 17.7 34.1 118 137 2.8 -12.5
"10" "10" 1996-11-19 21.67 "CLE" "" "ATL" "W" 10 0 10.8 0.2 0.2 9.7 28.5 19.2 0 0 0 16.7 26.7 44 76 -0.5 -13.3
"11" "11" 1996-11-21 21.67 "CLE" "@" "TOR" "W" 8 0 13.2666666666667 0.601 0.571 23.1 21.1 22 0 4.5 0 0 33.2 130 92 8.5 7
"12" "12" 1996-11-24 21.68 "CLE" "" "SAC" "W" 29 0 13.65 0.376 0.25 17.6 15.9 16.7 10 0 6 0 32 105 87 5.2 -4
"13" "13" 1996-11-27 21.69 "CLE" "@" "MIL" "L" -17 0 16.3166666666667 0.8 0.8 7.7 8.6 8.1 15 3.6 10.9 16.7 19.3 128 101 8.8 15.3
"14" "14" 1996-11-30 21.7 "CLE" "" "ORL" "L" -4 0 7.81666666666667 0.532 0 0 22.2 9 17.6 0 0 0 11.5 141 106 1.5 -1.7
"15" "15" 1996-12-03 21.7 "CLE" "" "TOR" "W" 19 0 10.7666666666667 0.405 0.444 19 21.8 20.3 0 0 7.9 0 42 93 86 4.4 -4.2
"16" "16" 1996-12-04 21.71 "CLE" "@" "ORL" "W" 27 0 7.61666666666667 0.333 0.333 17.1 33.3 25.4 44.4 7.8 0 40 32.5 68 57 1.2 -3.1
"17" "17" 1996-12-06 21.71 "CLE" "@" "DET" "L" -12 0 8.96666666666667 0.694 0.5 14.4 15.7 15 0 0 0 25.8 23.2 114 119 1.4 -10.2
"18" "18" 1996-12-08 21.72 "CLE" "" "LAC" "W" 21 0 14.35 0.5 0.5 0 26.4 14.7 0 0 0 20 18.6 75 90 1.1 -12.7
"19" "19" 1996-12-10 21.72 "CLE" "" "MIA" "L" -2 0 5.4 0 0 0 0 0 0 0 0 0 20.9 0 109 -1.8 -26.3
"20" "20" 1996-12-11 21.73 "CLE" "@" "WSB" "L" -11 0 16.0833333333333 0.233 0.167 29 9.7 19.4 0 0 4.8 13.4 23.8 71 120 -1.1 -21.7
"21" "21" 1996-12-13 21.73 "CLE" "" "GSW" "W" 14 0 21.25 0.571 0.571 6.2 0 3.1 0 0 4.2 22.2 20.2 89 110 2.9 -8.5
"22" "22" 1996-12-14 21.73 "CLE" "@" "MIN" "W" 8 0 3.35 0 0 0 0 0 0 0 0 0 17.6 0 129 -1.9 -44.2
"23" "23" 1996-12-18 21.75 "CLE" "" "NJN" "W" 18 0 12.2 0.644 0.5 21.6 8.3 14.1 16 0 6.3 11.4 36.1 135 101 8.7 6
"24" "24" 1996-12-20 21.75 "CLE" "" "TOR" "W" 9 0 5.48333333333333 0.515 0.333 0 0 0 0 0 0 0 32.1 118 107 1.9 -8.2
"25" "25" 1996-12-22 21.76 "CLE" "" "UTA" "W" 6 0 8.3 0.798 1 18.8 0 9.2 20.7 0 0 61.5 29.3 70 110 -0.5 -15.4
"26" "26" 1996-12-23 21.76 "CLE" "@" "ORL" "L" -5 0 2.83333333333333 0 0 0 86.5 50 0 0 0 0 37.9 0 79 -1.2 -44.6
"27" "27" 1996-12-27 21.77 "CLE" "" "MIL" "W" 8 0 5.21666666666667 0.333 0.333 80 0 40.6 0 11.4 0 0 30.9 116 86 2.6 -4.4
"28" "28" 1996-12-28 21.77 "CLE" "@" "CHI" "L" -5 0 16.0666666666667 1 1 0 8.8 4.2 0 0 0 50 24.4 67 126 1.9 -9.6
"29" "29" 1996-12-30 21.78 "CLE" "" "MIN" "W" 12 0 15.3666666666667 0.699 0.667 29.1 18.3 23.5 0 0 0 13.4 24.9 131 113 7.7 -1.8
"30" "30" 1997-01-02 21.79 "CLE" "" "PHO" "W" 9 0 1.8 NA NA 0 0 0 0 0 0 NA 0 0 116 -0.4 -15.5
"31" "" 1997-01-04 21.79 "CLE" "" "IND" "W" 8 NA NA NA NA NA NA NA NA NA NA NA NA NA NA NA NA
"32" "31" 1997-01-07 21.8 "CLE" "@" "IND" "L" -5 0 6.83333333333333 0.5 0.5 41.6 0 20.8 0 0 0 33.3 46.4 80 125 1.4 -17.4
"33" "32" 1997-01-08 21.8 "CLE" "" "HOU" "L" -3 0 14.3666666666667 0 0 26.4 9.5 18.3 0 0 0 66.7 11 48 109 -1.1 -16.5
"34" "33" 1997-01-11 21.81 "CLE" "" "WSB" "L" -13 0 3.36666666666667 0 0 0 57.1 22.2 0 0 0 50 30.9 0 108 -2.2 -43.8
"35" "34" 1997-01-13 21.82 "CLE" "" "ATL" "L" -14 0 18.8833333333333 0.429 0.429 24.6 0 15.1 21.6 0 6 0 19.6 125 131 6 2.5
"36" "35" 1997-01-16 21.82 "CLE" "@" "DEN" "L" -1 0 36.0833333333333 0.81 0.778 18.9 12.3 15.7 15.9 1.7 2.5 0 15.2 175 109 19.9 10.8
"37" "36" 1997-01-17 21.83 "CLE" "@" "SEA" "L" -12 0 25.3666666666667 0.231 0.167 5.3 0 2.6 13.7 2.4 0 10.4 19.5 64 121 -0.9 -12.2
"38" "37" 1997-01-19 21.83 "CLE" "@" "LAC" "W" 5 0 14.75 0.667 0.667 0 8.1 3.9 0 0 11.7 40 16.2 71 95 2 -2.7
"39" "38" 1997-01-20 21.84 "CLE" "@" "UTA" "L" -20 0 21.3833333333333 0.304 0.222 11.1 16.9 13.4 11.2 2.7 0 9.2 25.7 75 111 1.2 -9.6
"40" "39" 1997-01-23 21.84 "CLE" "" "CHI" "L" -16 0 7.23333333333333 0 0 0 17.6 8.9 0 8.3 0 40 37 0 91 -3.2 -31.5
"41" "40" 1997-01-25 21.85 "CLE" "" "CHH" "W" 33 0 4.48333333333333 0.568 NA 0 77.8 39.5 0 0 0 69.4 26.8 34 75 -0.9 -25.8
"42" "41" 1997-01-28 21.86 "CLE" "@" "NJN" "W" 22 0 3.38333333333333 0.5 0.5 0 71.1 35.2 0 0 0 0 33.3 104 52 1.6 3.5
"43" "42" 1997-01-29 21.86 "CLE" "" "NYK" "L" -10 0 8.26666666666667 NA NA 0 29.3 15 0 0 11.3 NA 0 0 87 0.9 -2.2
"44" "43" 1997-02-01 21.87 "CLE" "" "MIA" "L" -5 0 27.1833333333333 0.333 0.333 0 9.9 4.4 9 0 0 10 19.3 72 101 -0.4 -8.6
"45" "44" 1997-02-02 21.87 "CLE" "@" "MIA" "L" -4 0 29.6333333333333 0.438 0.438 11.2 8 9.6 0 2 0 0 27.1 99 101 8.1 2
"46" "45" 1997-02-04 21.88 "CLE" "@" "MIL" "W" 1 0 16.5833333333333 0.21 0 25.7 0 12.5 0 0 0 29.6 20.6 55 111 -2 -19.6
"47" "46" 1997-02-05 21.88 "CLE" "@" "TOR" "L" -5 0 8.83333333333333 0 0 26.7 0 13.5 18.4 0 9.9 25 21.3 40 113 -1.1 -17.8
"48" "47" 1997-02-11 21.9 "CLE" "" "PHI" "W" 11 0 19.8333333333333 0.667 0.667 5.7 10.7 8.3 0 0 3.3 0 12.9 144 106 6.2 0
"49" "48" 1997-02-12 21.9 "CLE" "@" "IND" "W" 8 0 16.0166666666667 0.25 0.25 0 0 0 0 0 6.3 20 16.9 42 94 -2.3 -15.4
"50" "49" 1997-02-17 21.91 "CLE" "" "NJN" "W" 7 0 17.85 0.51 0.4 17.8 0 7.5 15 0 0 25.4 22.4 103 123 3.3 -8.6
"51" "50" 1997-02-19 21.92 "CLE" "@" "LAL" "W" 19 0 5.45 0.266 0 0 32 15 0 0 0 0 20.1 69 111 -1.8 -34.9
"52" "51" 1997-02-21 21.92 "CLE" "@" "PHO" "L" -6 0 6.61666666666667 0 0 16.3 22.9 19 0 8.1 0 0 7 60 98 0.9 -3.5
"53" "52" 1997-02-23 21.93 "CLE" "@" "VAN" "W" 7 0 3.08333333333333 1 1 0 0 0 0 0 0 0 18.4 200 115 0.5 -10.3
"54" "53" 1997-02-25 21.93 "CLE" "" "SEA" "L" -6 0 18.3166666666667 0.75 0.75 0 0 0 0 0 0 42.9 22 64 113 0.6 -10.1
"55" "54" 1997-02-27 21.94 "CLE" "" "CHI" "W" 3 0 32 0.761 0.714 11.3 6.8 8.9 0 2 2.4 38.8 22.5 90 96 7.3 -0.3
"56" "55" 1997-03-01 21.95 "CLE" "" "BOS" "W" 18 1 20.75 0.794 0.778 12.7 10.9 11.7 0 2.6 19.4 29.8 30.2 103 85 12.8 8.6
"57" "56" 1997-03-02 21.95 "CLE" "@" "NYK" "L" -8 1 20.6666666666667 0.454 0.462 12.4 13.4 12.9 0 0 0 17.3 41.6 78 111 2.5 -14.3
"58" "57" 1997-03-04 21.95 "CLE" "@" "ATL" "L" -5 0 23.5666666666667 0.492 0.455 5.8 8.3 6.8 0 2.6 0 18.5 36.7 84 117 3.1 -12.4
"59" "58" 1997-03-05 21.96 "CLE" "" "IND" "W" 7 0 22.6333333333333 0.518 0.4 6.1 0 3.2 0 5.2 0 30.7 22.7 77 94 1.6 -10
"60" "59" 1997-03-08 21.96 "CLE" "" "MIL" "L" -8 0 15.8166666666667 0.25 0.25 0 9.7 4.4 0 0 5.5 0 13.1 53 111 -0.6 -12.5
"61" "60" 1997-03-11 21.97 "CLE" "@" "SAC" "W" 3 0 22.5166666666667 0.333 0.333 5.4 0 2.7 15 2.6 0 18.2 24.5 71 109 0.4 -12.7
"62" "61" 1997-03-13 21.98 "CLE" "@" "GSW" "L" -6 0 24.9 0.667 0.667 6.4 13.7 9.9 0 0 8 40 20.7 74 110 2.5 -8.9
"63" "62" 1997-03-14 21.98 "CLE" "@" "POR" "L" -23 0 27.0666666666667 0.457 0.286 7.7 22.9 13.9 7.3 2.1 0 10.2 17.8 99 109 6 0.3
"64" "63" 1997-03-17 21.99 "CLE" "" "DET" "W" 3 0 11.6666666666667 0.5 0.5 14.3 11.8 12.9 0 0 9.8 33.3 14.1 80 102 0.1 -11
"65" "64" 1997-03-19 21.99 "CLE" "@" "CHH" "L" -18 0 12.5333333333333 0.444 0.4 0 11.2 5.1 0 0 0 0 28.5 93 120 2.8 -2.8
"66" "65" 1997-03-20 22 "CLE" "" "LAL" "L" -13 0 22.8833333333333 0.581 0.667 13 16.1 14.7 0 2.6 0 22.5 20.3 87 108 4.7 -5.1
"67" "" 1997-03-22 22 "CLE" "@" "DAL" "W" 3 NA NA NA NA NA NA NA NA NA NA NA NA NA NA NA NA
"68" "66" 1997-03-25 22.01 "CLE" "@" "SAS" "L" -5 0 13.8666666666667 0.167 0.167 13.7 15.6 14.6 0 0 0 14.3 25.4 43 90 -1.2 -15.7
"69" "67" 1997-03-27 22.02 "CLE" "@" "HOU" "L" -18 0 28.8666666666667 0.806 0.75 7.4 20.7 12.9 6.4 1.9 0 32.6 15.2 113 123 7.7 -3.9
"70" "68" 1997-03-28 22.02 "CLE" "@" "MIA" "L" -4 1 24.0166666666667 0.656 0.6 5.6 0 2.5 20 0 0 7.6 28.8 123 109 9.4 4
"71" "69" 1997-03-30 22.02 "CLE" "" "DAL" "W" 4 0 15.4333333333333 0.41 0.25 24.6 8.9 17.1 0 0 11.2 17 20.4 98 104 3.6 -4.8
"72" "70" 1997-04-01 22.03 "CLE" "" "NYK" "L" -6 0 22.0666666666667 0.286 0.286 12.1 15 13.4 7.9 0 4.5 12.5 18.9 73 118 1.1 -10.3
"73" "71" 1997-04-02 22.03 "CLE" "@" "BOS" "W" 9 0 15.95 0.25 0.25 18.2 16.7 17.4 0 0 10.7 20 15.1 67 98 1.2 -8.1
"74" "72" 1997-04-04 22.04 "CLE" "@" "CHI" "L" -13 0 12.6 0.438 0.438 17.6 21.1 19.2 0 9.6 0 27.3 43.7 67 90 2 -5.4
"75" "73" 1997-04-07 22.05 "CLE" "" "CHH" "L" -5 0 31.85 0.733 0.727 11 16 13.6 13.4 0 0 18 27.4 122 125 14.2 0
"76" "74" 1997-04-08 22.05 "CLE" "@" "NYK" "W" 20 0 15.5333333333333 0.667 0.667 0 0 0 0 0 0 14.3 24.5 102 98 2.4 -8.1
"77" "75" 1997-04-11 22.06 "CLE" "@" "BOS" "L" -2 0 15.5166666666667 0.581 0.5 8.3 15.8 12.1 0 0 0 30.4 30.3 82 108 2.5 -10.8
"78" "76" 1997-04-12 22.06 "CLE" "" "PHI" "W" 7 0 22.2166666666667 0.457 0.429 5.3 4.7 5 19 0 0 18.6 20.8 95 125 3 -11.9
"79" "77" 1997-04-14 22.07 "CLE" "@" "CHH" "L" -12 0 10.6833333333333 0.615 0.5 0 31 13.3 0 0 0 29.1 17.8 86 116 0.8 -8.9
"80" "78" 1997-04-16 22.07 "CLE" "" "ORL" "W" 15 0 16.1333333333333 0.225 0.25 13.6 27.9 20.7 26.1 7.3 10.9 25.3 36.7 51 55 1.2 -5
"81" "79" 1997-04-18 22.08 "CLE" "@" "DET" "W" 7 0 10.9333333333333 0.42 0 0 58.2 26.4 0 0 0 38.7 35.4 57 86 -1.5 -23.3
"82" "80" 1997-04-20 22.08 "CLE" "" "WSB" "L" -4 0 22.2666666666667 0.505 0.455 10.6 16 13.3 9.4 0 0 0 28.2 116 112 8.1 -0.8
"1" "" 1997-10-31 22.61 "CLE" "@" "HOU" "L" -8 NA NA NA NA NA NA NA NA NA NA NA NA NA NA NA NA
"2" "1" 1997-11-01 22.62 "CLE" "@" "SAS" "L" -3 0 13.4 0.654 0.6 7.5 23.1 13.7 0 0 0 11.6 29.3 121 101 7.2 7.7
"3" "2" 1997-11-04 22.62 "CLE" "" "IND" "W" 3 0 16.9833333333333 0.51 0.4 6.1 24.2 13.9 0 0 0 14.5 18.4 99 93 3.1 -4
"4" "3" 1997-11-07 22.63 "CLE" "@" "BOS" "W" 4 0 10.8333333333333 0 0 23.6 31.2 27.6 0 0 0 50 16.6 30 98 -2.3 -21.4
"5" "4" 1997-11-08 22.64 "CLE" "" "ATL" "L" -2 0 34.7166666666667 0.471 0.471 23.3 31.3 26.2 10.5 0 2.8 5.6 24.9 111 109 14.6 1.5
"6" "5" 1997-11-11 22.64 "CLE" "" "CHI" "W" 21 0 22.1 0.2 0.2 0 13.4 7.8 0 0 2.8 28.6 15.5 30 94 -2.7 -14.5
"7" "6" 1997-11-13 22.65 "CLE" "@" "NJN" "W" 11 0 14.2166666666667 0.727 0.667 25.1 0 11.4 0 0 4.9 36.8 37.1 91 99 5 -2.1
"8" "7" 1997-11-15 22.65 "CLE" "@" "CHI" "L" -9 0 20.7333333333333 0.347 0.25 29.2 29.8 29.5 8.6 0 0 0 11.9 109 87 6.7 5.2
"9" "8" 1997-11-16 22.66 "CLE" "" "NJN" "L" -5 0 19.0833333333333 0.74 0.6 7 28.6 19.9 14.5 0 3.6 37.2 29.3 93 84 6.4 2.7
"10" "9" 1997-11-19 22.67 "CLE" "" "ORL" "L" -3 0 7.86666666666667 0.333 0.333 13 15.8 14.2 19.3 0 8.3 25 22.3 72 94 0.1 -10.5
"11" "10" 1997-11-21 22.67 "CLE" "@" "MIN" "W" 23 0 22.8166666666667 0.615 0.583 12.3 9.7 10.8 0 0 0 17 34.8 104 93 10.6 -1.4
"12" "11" 1997-11-22 22.67 "CLE" "" "WAS" "W" 9 0 18.2666666666667 0.286 0.286 0 6.7 4 0 2.8 7.5 12.5 21.5 48 103 0.8 -11.5
"13" "12" 1997-11-26 22.68 "CLE" "@" "PHI" "W" 6 0 24.4333333333333 0.676 0.625 4.6 9.6 7 7.3 0 0 10.1 16.7 130 98 7.8 0.3
"14" "13" 1997-11-28 22.69 "CLE" "@" "CHH" "W" 6 0 18.6333333333333 0.25 0.25 5.7 13.3 9.2 6.6 0 0 0 9.3 83 101 0.4 -7.4
"15" "14" 1997-11-29 22.69 "CLE" "" "BOS" "W" 6 0 15.55 0.637 0.5 0 21.4 14.1 13.6 0 0 25.8 34.5 103 106 5.4 -8.3
"16" "15" 1997-12-03 22.7 "CLE" "@" "GSW" "W" 28 0 21.2333333333333 0.528 0.545 4.5 41 20.3 10.3 4.8 0 14 28.3 92 64 10.4 5.7
"17" "16" 1997-12-05 22.71 "CLE" "@" "VAN" "W" 9 0 14.65 0.24 0.143 14.6 15.6 15.1 0 0 0 10.7 27.2 66 106 -1.5 -21.8
"18" "17" 1997-12-07 22.72 "CLE" "@" "LAL" "W" 10 0 15.4666666666667 0.635 0.571 0 21.3 11.2 0 0 0 11.3 26.3 115 93 5.4 1.9
"19" "18" 1997-12-10 22.72 "CLE" "" "DEN" "W" 19 0 12.9 0.37 0.2 18.5 9.7 14.2 0 0 6.2 12.9 27.1 86 97 2.5 -11.5
"20" "19" 1997-12-11 22.73 "CLE" "@" "MIL" "W" 2 0 17.5833333333333 0.82 0.75 7.8 35.6 20.8 0 3.2 4.4 38.1 22.7 95 85 6.2 2.2
"21" "20" 1997-12-13 22.73 "CLE" "" "CHH" "L" -1 0 13.0666666666667 0.167 0.167 0 16.4 9 13.5 0 0 25 30.6 32 105 -2.5 -19.4
"22" "21" 1997-12-16 22.74 "CLE" "" "PHO" "W" 13 0 20.1666666666667 0.665 0.75 15 12.6 13.7 16.1 0 4 0 17 147 104 9.7 6.7
"23" "22" 1997-12-17 22.74 "CLE" "@" "ATL" "L" -11 0 11.7 0.667 0.667 9.5 12.1 10.7 0 0 0 40 19.3 82 117 1.3 -6.9
"24" "23" 1997-12-19 22.75 "CLE" "" "NYK" "L" -27 0 16.9 0.615 0.5 7.6 53.4 30.5 13.8 0 4.4 0 20.2 138 108 9.4 10
"25" "24" 1997-12-21 22.75 "CLE" "" "UTA" "W" 5 0 10.9333333333333 0.6 0.6 0 11.2 5.7 23.1 0 0 37.5 33 68 116 1.3 -11.6
"26" "25" 1997-12-23 22.76 "CLE" "" "DAL" "W" 14 0 19.0166666666667 0.5 0.5 0 18.9 9.8 17.5 0 0 20 24.1 83 100 3.1 -6.8
"27" "26" 1997-12-26 22.77 "CLE" "@" "CHH" "L" -8 0 20.8666666666667 0.846 0.75 0 0 0 8.7 2.6 0 36.1 20.8 103 115 4.5 -3.2
"28" "27" 1997-12-30 22.78 "CLE" "" "MIA" "L" -12 0 9.13333333333333 0.615 0.5 0 13.3 6.8 0 0 0 29.1 40.9 81 108 0.3 -19.5
"29" "28" 1998-01-02 22.79 "CLE" "@" "ORL" "W" 10 0 16.2833333333333 0.392 0.273 42.9 0 20.9 0 7 4.7 19 44.3 88 76 6.2 0.4
"30" "29" 1998-01-03 22.79 "CLE" "" "NJN" "W" 14 0 14.1833333333333 0.667 0.667 19 8.8 13.7 10 3.7 0 25 12.8 115 89 4.3 2.4
"31" "30" 1998-01-06 22.8 "CLE" "" "HOU" "W" 30 0 16.55 1 1 9.4 13.8 11.9 9.6 3.1 11.1 40 14.1 108 72 6.7 8.2
"32" "31" 1998-01-08 22.8 "CLE" "" "SEA" "L" -25 0 15.3 0.644 0.667 6.8 9.7 8 27.1 0 0 0 11.6 146 125 3.3 -3.6
"33" "32" 1998-01-10 22.81 "CLE" "" "TOR" "L" -9 0 16.7 0.286 0.286 15.7 16.1 15.9 9 0 4.2 0 16.7 89 109 3.2 -5.5
"34" "33" 1998-01-12 22.81 "CLE" "@" "UTA" "L" -7 0 9.78333333333333 1.025 1 0 0 0 0 0 9.1 29.1 15.4 127 116 3.3 2.8
"35" "34" 1998-01-13 22.82 "CLE" "@" "PHO" "W" 18 0 11.4 0.532 0 0 31.4 19.5 0 0 0 51.5 14.9 54 89 0.5 -7
"36" "35" 1998-01-16 22.82 "CLE" "@" "DEN" "W" 25 0 21.5166666666667 0.393 0.4 5.3 24.2 15.2 7.4 2.4 3.6 11.6 17.4 84 78 3.7 -2.9
"37" "36" 1998-01-17 22.83 "CLE" "@" "SEA" "L" -8 0 26.8 0.625 0.625 12.7 0 5.2 6.8 0 0 20 17.6 107 123 6.1 -2.4
"38" "37" 1998-01-20 22.84 "CLE" "" "POR" "L" -2 0 6.03333333333333 0 0 0 0 0 0 0 11.6 50 30.1 0 102 -2.7 -31.5
"39" "38" 1998-01-22 22.84 "CLE" "" "SAC" "W" 16 0 12.65 0.651 0.556 33.6 28.4 30.8 0 0 0 21.8 45.9 112 104 8.1 -9
"40" "39" 1998-01-24 22.85 "CLE" "" "PHI" "W" 19 0 20.15 0.563 0.5 6.9 20.4 14.6 14.4 2.7 0 25.3 28.7 93 99 6.1 -8
"41" "40" 1998-01-26 22.85 "CLE" "@" "MIA" "W" 1 0 28.3 0.712 0.6 0 19 9.5 17.4 1.9 0 13.7 25.8 125 105 13.4 4.9
"42" "41" 1998-01-27 22.85 "CLE" "@" "DAL" "L" -7 0 31.55 0.462 0.462 3.3 13.5 8.4 0 0 0 18.8 22.7 77 93 3.8 -4
"43" "42" 1998-01-30 22.86 "CLE" "@" "IND" "L" -6 0 10.05 0.5 0.5 13.3 37.9 25.9 19.8 0 0 33.3 15.4 87 107 1.5 -3.8
"44" "43" 1998-01-31 22.87 "CLE" "" "DET" "W" 2 0 9.98333333333333 1.136 NA 13.7 18.1 16.4 0 5.4 0 0 4.2 237 88 4.3 10.8
"45" "44" 1998-02-02 22.87 "CLE" "" "MIN" "W" 10 0 19.5666666666667 0.457 0.286 23.4 29.3 26.3 0 0 0 31.3 27.6 84 111 3.8 -13
"46" "45" 1998-02-04 22.88 "CLE" "@" "WAS" "L" -16 0 20 0.431 0.4 12 5.3 8.5 10.7 0 0 16.1 28.8 83 121 3.2 -8
"47" "46" 1998-02-05 22.88 "CLE" "" "ATL" "L" -14 0 9.38333333333333 0 0 14.4 0 8 28.1 6.1 0 40 26 34 119 -1.8 -17.6
"48" "47" 1998-02-10 22.89 "CLE" "" "MIA" "L" -10 0 12.9 0.533 0.5 7.4 22.4 13.3 0 0 0 0 28 117 107 5.9 5.4
"49" "48" 1998-02-12 22.9 "CLE" "@" "TOR" "W" 9 0 11.1 0.436 0.333 0 24.9 11.8 0 0 0 12.7 31.9 87 106 0.6 -18.3
"50" "49" 1998-02-14 22.9 "CLE" "" "MIL" "L" -6 0 23.8833333333333 0.667 0.667 32.4 25.6 28.9 16 0 0 40 18.8 100 112 6.1 -3.2
"51" "50" 1998-02-15 22.91 "CLE" "@" "NYK" "L" -11 0 8.03333333333333 0.102 0 0 0 0 35.3 0 0 17 32.9 36 122 -2.2 -20
"52" "51" 1998-02-17 22.91 "CLE" "@" "PHI" "L" -1 0 25.25 0.333 0.333 6 8.5 7.5 7.3 0 0 14.3 13.5 75 118 0 -12.5
"53" "52" 1998-02-20 22.92 "CLE" "@" "NJN" "W" 14 0 10.0166666666667 NA NA 0 16.8 9.7 0 0 0 100 8.6 0 99 -1.8 -15.3
"54" "53" 1998-02-22 22.93 "CLE" "@" "MIL" "L" -8 0 16.9166666666667 0.282 0.25 6.6 26.5 15.1 0 0 0 18.4 29.8 56 100 -1 -14.4
"55" "54" 1998-02-23 22.93 "CLE" "@" "CHI" "L" -22 0 20.3 0.5 0.5 5.5 18.9 11.7 0 0 0 25 18.4 74 109 1 -8.1
"56" "55" 1998-02-25 22.93 "CLE" "" "VAN" "W" 5 0 14.3833333333333 0 0 0 9 4.5 0 0 0 25 12.5 0 112 -3.2 -20.9
"57" "56" 1998-02-27 22.94 "CLE" "@" "DET" "L" -3 0 22.3833333333333 0.44 0.455 5.9 5.2 5.5 0 0 0 6.8 31.2 83 109 3.1 -8.6
"58" "57" 1998-03-01 22.95 "CLE" "" "GSW" "W" 20 0 19.9333333333333 0.333 0.333 10.9 11.2 11 0 2.5 5.7 18.2 23.7 67 85 2.5 -9.2
"59" "58" 1998-03-04 22.95 "CLE" "" "TOR" "W" 34 0 22.45 0.363 0.333 6 15.3 11 10 0 7.6 22.5 16.7 78 93 2.8 -7.3
"60" "59" 1998-03-06 22.96 "CLE" "@" "ORL" "L" -2 0 16.7166666666667 0.608 0.5 16 19.5 17.6 0 3.4 0 25.8 22.8 101 101 5.6 1
"61" "60" 1998-03-08 22.96 "CLE" "@" "ATL" "L" -5 0 15.8 0.375 0.375 12 0 6.4 0 0 0 11.1 25.9 77 120 0.8 -15.7
"62" "61" 1998-03-11 22.97 "CLE" "" "MIL" "W" 12 0 30.7833333333333 0.6 0.6 5.3 41.8 25.8 11.6 1.8 0 9.1 17.2 116 88 11.7 3.8
"63" "62" 1998-03-12 22.98 "CLE" "@" "MIA" "L" -23 0 26.0166666666667 0.405 0.444 7.4 14.6 10.5 17.9 0 0 16.8 21.3 79 113 2.2 -5.6
"64" "63" 1998-03-14 22.98 "CLE" "" "NYK" "W" 3 0 22.3166666666667 0.5 0.5 0 23.6 14.7 24.4 0 3.4 50 9.9 72 92 2.5 0.8
"65" "64" 1998-03-17 22.99 "CLE" "@" "POR" "W" 14 0 33.7833333333333 0.541 0.5 7.8 22.8 14.7 5.2 0 2.7 10.7 28.4 106 102 10.9 -4
"66" "65" 1998-03-19 22.99 "CLE" "@" "SAC" "W" 5 0 21.2833333333333 0.131 0 6.5 10.6 8.8 6.9 2.6 3.9 11.6 19.2 42 91 -2 -12.6
"67" "66" 1998-03-21 23 "CLE" "@" "LAC" "W" 21 0 20.65 0.5 0.5 6 18.3 13 7.2 2.6 0 20 21.3 93 88 4 -5.2
"68" "67" 1998-03-24 23.01 "CLE" "" "SAS" "L" -1 0 14.1 0.619 0.625 8.8 9.8 9.3 0 0 0 10.1 34.4 108 106 5.4 -0.8
"69" "68" 1998-03-26 23.01 "CLE" "@" "TOR" "W" 1 0 14.1166666666667 0.714 0.714 11.1 21.4 17.4 0 3.7 0 12.5 25 118 96 7.1 2.8
"70" "69" 1998-03-27 23.02 "CLE" "" "DET" "W" 1 0 26.05 0.739 0.714 10.2 5.5 7.9 0 4.7 0 11.8 17 130 99 9.2 2.7
"71" "70" 1998-03-29 23.02 "CLE" "" "CHH" "W" 15 0 16 0.739 0.714 8.6 35.7 23.4 0 0 0 21.2 29.7 107 94 7.1 -0.5
"72" "71" 1998-03-31 23.03 "CLE" "" "ORL" "W" 7 0 15.2833333333333 0.667 0.667 8.2 27.2 18.6 0 0 0 0 19.7 134 100 5.3 -4.3
"73" "72" 1998-04-01 23.03 "CLE" "@" "DET" "W" 2 0 13.4833333333333 0.527 0.5 20 22.4 21.1 0 0 0 13.1 29 104 111 4.4 -5.5
"74" "73" 1998-04-05 23.04 "CLE" "" "LAC" "W" 1 0 13.6166666666667 0.75 0.75 31.2 9.3 19.6 0 0 0 42.9 23.6 86 111 3 -8.1
"75" "74" 1998-04-07 23.05 "CLE" "@" "IND" "L" -2 0 24.7833333333333 0.592 0.625 0 22.6 11.1 11 4.6 0 26.2 24.1 77 94 6.1 0.9
"76" "75" 1998-04-09 23.05 "CLE" "" "CHI" "W" 6 0 22.8666666666667 0.571 0.571 12.3 0 5.5 31.3 4.9 0 22.2 20 107 101 7.7 4.1
"77" "76" 1998-04-11 23.06 "CLE" "" "PHI" "W" 11 0 20.85 0.6 0.6 0 5.9 3 16.8 0 0 0 11.1 136 113 3.8 -2.1
"78" "77" 1998-04-14 23.07 "CLE" "" "BOS" "W" 9 0 11.6833333333333 0.608 0.5 13.8 8.5 10.5 0 0 0 34.2 35.5 83 104 1.8 -15.3
"79" "78" 1998-04-15 23.07 "CLE" "@" "WAS" "L" -8 0 10.1166666666667 0.6 0.6 24 25.9 24.9 0 0 6.7 0 22.1 131 103 6 6.8
"80" "79" 1998-04-17 23.07 "CLE" "@" "BOS" "L" -7 0 13.4 0.571 0.571 18 25.8 22 27.9 0 5.7 0 27 122 87 6.8 12.2
"81" "80" 1998-04-18 23.08 "CLE" "" "IND" "W" 4 0 18.55 0.667 0.667 0 21.7 11 0 2.9 3.8 33.3 22.6 75 102 5 -2.9
"1" "1" 1999-02-05 23.88 "CLE" "@" "ATL" "L" -17 0 19.2 0.41 0.25 6.2 21.7 13.3 0 0 0 17 13.7 84 114 1 -8
"2" "2" 1999-02-06 23.88 "CLE" "@" "BOS" "L" -4 0 14.15 0 0 0 17.1 8.8 0 3.9 6 57.1 24.6 0 83 -4.2 -21.6
"3" "3" 1999-02-08 23.89 "CLE" "" "IND" "L" -6 0 15.45 0.571 0.571 8.3 24.3 16.4 0 0 0 12.5 23.7 101 113 4.1 -4.3
"4" "4" 1999-02-10 23.89 "CLE" "@" "CHH" "W" 10 0 18.0333333333333 0.434 0.25 14 26.7 19.6 9.8 3.2 0 0 16.1 119 89 5.4 2.1
"5" "5" 1999-02-11 23.9 "CLE" "" "SAS" "W" 10 0 17.85 1.036 1 0 15.2 7.5 0 3.1 9 0 18.4 218 101 13.5 17.4
"6" "6" 1999-02-16 23.91 "CLE" "" "ORL" "W" 12 1 40.2666666666667 0.667 0.667 0 11.4 7.3 14.8 1.4 3.5 14.3 18 112 94 13.7 3.4
"7" "7" 1999-02-18 23.92 "CLE" "" "NYK" "W" 24 1 37.5333333333333 0.521 0.533 22.4 18.2 19.7 5.3 1.5 5.1 5.8 22.8 114 83 16.5 3.3
"8" "8" 1999-02-20 23.92 "CLE" "" "NJN" "W" 5 1 33.2833333333333 0.279 0.222 8.8 3.8 6.1 11.6 0 0 15.7 17.8 63 96 0.4 -8.5
"9" "9" 1999-02-22 23.93 "CLE" "" "PHI" "L" -9 1 23.0333333333333 0.145 0 6.7 6.3 6.5 6.5 2.4 6.1 12.7 16.3 48 118 0.1 -8.6
"10" "10" 1999-02-24 23.93 "CLE" "@" "DET" "L" -16 1 26.4666666666667 0.431 0.4 9.1 31.9 20.5 0 0 0 8.7 20.8 85 104 4.9 -4.7
"11" "11" 1999-02-25 23.93 "CLE" "" "IND" "L" -7 1 38.4833333333333 0.597 0.6 3 28.1 14.6 13.7 1.5 0 26.9 20 85 97 8.3 1.1
"12" "12" 1999-03-01 23.95 "CLE" "@" "NYK" "L" -7 1 34.65 0.325 0.222 6.2 35.4 18.3 7.5 1.5 2.6 15.7 17.3 68 94 4.5 -4
"13" "13" 1999-03-02 23.95 "CLE" "" "BOS" "W" 17 1 36.75 0.57 0.571 10.8 22.7 18.2 8.4 0 3.6 26 19.7 96 108 7.6 -6.4
"14" "14" 1999-03-04 23.95 "CLE" "" "DET" "L" -15 1 25.05 0.143 0.143 0 25 10.7 12.8 0 4.5 0 15 52 127 -0.3 -11.6
"15" "15" 1999-03-06 23.96 "CLE" "" "GSW" "W" 17 1 28.3333333333333 0.716 0.667 0 15.9 9.3 0 0 5.5 9.9 18.3 127 93 9.2 0.5
"16" "16" 1999-03-09 23.97 "CLE" "@" "UTA" "L" -13 1 25.0166666666667 0.425 0.4 9.4 24.8 16 0 2.2 0 25.4 15.7 71 97 1.1 -5.6
"17" "17" 1999-03-10 23.97 "CLE" "@" "PHO" "W" 13 1 34.1333333333333 0.514 0.429 7.8 12.5 10.5 4.7 3.3 0 18.6 15.8 96 86 6.2 -1.8
"18" "18" 1999-03-12 23.98 "BOS" "@" "DET" "L" -10 0 21.3 0.508 0.571 5.1 12.4 8.4 18.4 2.6 0 11.3 19.9 97 104 6.2 2.4
"19" "19" 1999-03-14 23.98 "BOS" "@" "IND" "L" -3 1 28.3166666666667 0.781 0.75 17.1 8.2 12.5 5.2 0 0 46.5 17.9 93 117 4.5 -7.7
"20" "20" 1999-03-17 23.99 "BOS" "" "LAC" "W" 34 1 26.55 0.778 0.778 14.6 26.9 21.8 9.4 0 2.6 25 20.2 124 88 12.9 4
"21" "21" 1999-03-18 23.99 "BOS" "@" "MIL" "L" -16 1 22.6833333333333 0.323 0 4.7 32.1 17.6 6.5 2.3 3.2 17.7 11.1 73 102 3.1 -3.6
"22" "22" 1999-03-20 24 "BOS" "@" "NYK" "L" -18 1 23.6166666666667 0.549 0.455 22.7 27.3 25 0 0 0 0 25 127 103 11.6 4.2
"23" "23" 1999-03-21 24 "BOS" "" "CHI" "L" -3 1 27.95 0.509 0.5 3.8 11.1 7.5 6.7 1.9 0 22.5 14.3 85 98 3.3 -6.1
"24" "24" 1999-03-23 24.01 "BOS" "@" "CLE" "L" -27 1 33.7 0.512 0.5 29.5 12.8 22.3 10.3 1.6 2.2 23.5 16.8 104 130 10.9 -2.4
"25" "25" 1999-03-24 24.01 "BOS" "" "MIN" "L" -19 1 32.3 0.84 0.667 2.9 24.5 13.4 6.8 0 4.1 29.6 9.5 122 90 9.1 3.5
"26" "26" 1999-03-26 24.01 "BOS" "@" "PHI" "W" 6 1 34.6666666666667 0.872 0.833 8.8 18.7 13.6 4.7 1.6 2.1 0 9.2 186 96 14.1 5.4
"27" "27" 1999-03-28 24.02 "BOS" "" "IND" "L" -8 1 22.8833333333333 0.589 0.6 11 19.6 14.9 6.6 4.6 0 20.7 19.1 103 106 7.7 1
"28" "28" 1999-03-30 24.02 "BOS" "@" "CHH" "W" 10 1 32.2666666666667 0.7 0.7 11.5 22.2 17 9.8 1.8 2.5 23.1 20.9 116 119 11.3 -0.7
"29" "29" 1999-03-31 24.03 "BOS" "" "DET" "L" -15 1 28.5666666666667 0.255 0.2 4.5 17.4 11 13.1 0 0 0 11 83 119 0.8 -7.2
"30" "30" 1999-04-02 24.03 "BOS" "" "MIL" "L" -1 1 29.2166666666667 0.512 0.5 7.2 21.6 14.4 5.6 0 0 45 13.7 65 100 1.7 -7.1
"31" "31" 1999-04-04 24.04 "BOS" "" "NJN" "L" -12 1 32.9333333333333 0.429 0.429 19 9.9 14.5 13.7 0 5.6 6.7 19.5 106 102 11.4 4.3
"32" "32" 1999-04-05 24.04 "BOS" "@" "ORL" "L" -7 1 27.1666666666667 0.643 0.7 13 17.2 14.8 6 0 2.8 0 18.7 139 125 11.4 -2
"33" "33" 1999-04-07 24.05 "BOS" "" "WAS" "W" 21 1 17.3833333333333 0.5 0.5 16.6 19.3 17.8 20.5 2.9 0 33.3 14.6 101 88 4.9 -0.4
"34" "34" 1999-04-08 24.05 "BOS" "@" "TOR" "W" 12 1 35.2666666666667 0.413 0.417 7 17.6 12.3 8.3 3 2.1 31.1 24.2 68 95 3.6 -9.1
"35" "35" 1999-04-09 24.05 "BOS" "" "PHI" "L" -16 1 16.5166666666667 0.333 0.333 5.2 12.5 8.6 13.9 0 0 33.3 23.7 53 105 -1.2 -15.1
"36" "36" 1999-04-11 24.06 "BOS" "" "CHI" "W" 6 1 25.1166666666667 0.8 0.8 17.5 24.5 21.6 11.9 0 0 37.5 16.3 106 95 7.6 0.2
"37" "37" 1999-04-12 24.06 "BOS" "" "CLE" "W" 14 1 24.7666666666667 0.786 0.778 5.5 31.1 18.7 16.3 4.4 0 14.2 28.5 135 95 17.4 9.9
"38" "38" 1999-04-14 24.07 "BOS" "" "ATL" "L" -7 1 27.9166666666667 0.365 0.364 13.4 25.7 18.8 14.8 0 0 19.6 27.2 74 95 3.5 -5.9
"39" "39" 1999-04-16 24.07 "BOS" "" "MIA" "W" 1 1 31.3 0.709 0.667 3.1 26.5 12.8 26.1 0 2.6 16.8 18.8 125 93 12.9 9.2
"40" "40" 1999-04-18 24.08 "BOS" "@" "WAS" "W" 3 1 23.1166666666667 0.476 0.429 5.6 26.1 17.2 17.1 2.1 3 6 31 100 95 9.8 -0.2
"41" "41" 1999-04-19 24.08 "BOS" "" "IND" "L" -16 1 40.4666666666667 0.495 0.476 25.7 18.6 22 12.4 0 0 7.1 29.5 118 133 19.8 -1.4
"42" "42" 1999-04-21 24.08 "BOS" "" "PHI" "L" -2 1 30.7833333333333 0.313 0.364 13.8 11.7 12.6 6.8 1.8 2 19 24.1 64 89 2.5 -6
"43" "43" 1999-04-22 24.09 "BOS" "@" "ATL" "L" -12 1 33.4666666666667 0.418 0.4 12.9 4 9 0 3.1 0 15.2 26.7 85 115 5.6 -9.6
"44" "44" 1999-04-23 24.09 "BOS" "@" "CHI" "W" 29 1 24.4 0.462 0.462 15 28 22.2 6.7 4.1 5.6 23.5 30.3 79 61 8 -2.6
"45" "45" 1999-04-25 24.1 "BOS" "" "WAS" "W" 29 1 24.5666666666667 0.526 0.538 14.8 7.5 10.7 18.3 1.9 2.6 0 26.6 122 87 14.2 3.7
"46" "46" 1999-04-27 24.1 "BOS" "" "DET" "L" -7 1 30.4666666666667 0.377 0.5 0 6.5 3.6 23 5.1 0 37.6 15.2 62 98 1.8 -2.7
"47" "47" 1999-04-29 24.11 "BOS" "@" "MIA" "W" 11 1 32.45 0.678 0.667 13.2 18.2 15.7 4.7 0 2.8 16.2 18.5 122 110 11.2 -3.1
"48" "48" 1999-05-01 24.11 "BOS" "" "MIL" "L" -9 1 27.4833333333333 0.771 0.667 17.1 11.4 14.1 16.2 0 2.6 30.6 22 117 105 10.4 1.3
"49" "49" 1999-05-03 24.12 "BOS" "@" "NYK" "L" -7 1 31.1166666666667 0.509 0.455 3.4 19.4 10.9 24.5 0 0 7.3 21.2 105 108 8.9 -0.3
"50" "50" 1999-05-05 24.12 "BOS" "" "CHH" "L" -4 1 26.4833333333333 0.405 0.444 0 22.8 10.4 11.4 2 0 0 16.9 91 116 4 -8.7
"1" "1" 1999-11-02 24.62 "BOS" "@" "TOR" "W" 13 1 22.7166666666667 0.25 0.25 0 29.1 16.7 0 0 3.4 50 16.7 24 96 -4.3 -19.3
"2" "2" 1999-11-03 24.62 "BOS" "" "WAS" "W" 11 1 31.2833333333333 0.644 0.583 10.3 18.9 14.4 13.6 0 0 11.4 23.8 129 112 16.5 1.7
"3" "3" 1999-11-05 24.63 "BOS" "" "CHH" "W" 3 1 27.8333333333333 0.429 0.429 14.3 13.2 13.8 35.4 0 5.4 12.5 11.7 122 108 9.7 5.6
"4" "4" 1999-11-06 24.63 "BOS" "@" "IND" "L" -7 1 24.85 0.563 0.5 20.8 33.6 27.4 5.6 0 0 25.3 21.5 103 123 6.2 -8.8
"5" "5" 1999-11-10 24.64 "BOS" "" "DET" "L" -18 1 31.6833333333333 0.218 0.167 7 17.4 12.2 0 1.5 4.3 42.1 16.5 36 109 -1.7 -12.2
"6" "6" 1999-11-12 24.65 "BOS" "" "NYK" "W" 6 1 21.6333333333333 0.532 0.5 5 21.3 12.8 8.5 0 0 21 10.1 100 89 3 -1.1
"7" "7" 1999-11-13 24.65 "BOS" "@" "CHI" "L" -1 1 26.5666666666667 0.5 0.5 11.1 36.5 22.5 7.4 1.9 2.9 33.3 19.9 74 96 5.7 -7.3
"8" "8" 1999-11-17 24.66 "BOS" "" "CLE" "W" 11 1 16.8333333333333 0.721 0.714 19.7 20.2 19.9 13.5 2.8 0 19.4 24.5 124 100 9.4 3.4
"9" "9" 1999-11-19 24.67 "BOS" "" "NJN" "W" 13 1 20.7166666666667 0.563 0.5 23.4 18.7 20.8 0 4.8 3.3 18.4 22 111 94 10.3 1
"10" "10" 1999-11-20 24.67 "BOS" "@" "MIA" "L" -18 1 22.3333333333333 0.436 0.333 0 12.8 5.9 6.9 0 0 36.8 21.7 63 125 -1.3 -14
"11" "11" 1999-11-22 24.67 "BOS" "" "IND" "W" 10 0 12.3833333333333 1 1 0 23.5 13 24.2 0 0 75 15.3 58 95 1 -3.8
"12" "12" 1999-11-24 24.68 "BOS" "" "SAS" "L" -23 0 25.7833333333333 0.625 0.625 8.2 16.3 11.7 6 0 0 20 17.5 106 134 6.6 -6.2
"13" "13" 1999-11-26 24.68 "BOS" "" "MIL" "L" -2 0 30.7166666666667 0.806 0.818 17.2 24.4 20.5 10.7 0 0 6.8 20.3 161 127 21.6 7.1
"14" "14" 1999-11-27 24.69 "BOS" "@" "ATL" "L" -10 0 18.2166666666667 0.333 0.333 6.1 8.1 6.9 29.3 0 0 25 10.7 83 111 0.8 -5.7
"15" "15" 1999-12-03 24.7 "BOS" "" "MIA" "W" 12 1 25.6166666666667 0.643 0.7 17.2 21 19.1 8.4 2 0 31.5 28.3 91 94 8 -4.6
"16" "16" 1999-12-04 24.71 "BOS" "@" "PHI" "L" -3 1 19.35 0 0 0 24.4 10.2 15.8 0 7.8 50 5.1 42 92 1.2 -0.8
"17" "17" 1999-12-08 24.72 "BOS" "" "DEN" "W" 25 1 13.0333333333333 0.667 0.667 8.8 16.1 12.6 11.5 3.5 0 0 19.1 137 86 7.2 3.9
"18" "18" 1999-12-10 24.72 "BOS" "" "HOU" "W" 4 1 18.1666666666667 0.581 0.5 5.7 21.1 12.5 0 0 0 0 16.7 127 102 5.8 -4.4
"19" "19" 1999-12-12 24.73 "BOS" "@" "NYK" "L" -2 1 27.75 0.608 0.417 21.9 9.8 16.7 6.5 0 0 10.4 29 134 111 16.1 4.8
"20" "" 1999-12-15 24.74 "BOS" "" "UTA" "L" -10 NA NA NA NA NA NA NA NA NA NA NA NA NA NA NA NA
"21" "" 1999-12-17 24.74 "BOS" "@" "SAS" "L" -9 NA NA NA NA NA NA NA NA NA NA NA NA NA NA NA NA
"22" "20" 1999-12-18 24.75 "BOS" "@" "HOU" "L" -6 0 30.4333333333333 0.45 0.375 3.6 19.5 11.2 4.7 0 0 18.4 17 85 114 3.3 -10.1
"23" "21" 1999-12-20 24.75 "BOS" "" "LAL" "L" -9 1 22.9 0.405 0.333 4.2 22 11.9 7 0 0 9.2 20.1 84 106 2.5 -7.2
"24" "22" 1999-12-22 24.76 "BOS" "" "ATL" "W" 17 1 28.4333333333333 0.545 0.545 0 14.6 8 11.5 1.9 0 8.3 20.6 100 90 8.9 0.9
"25" "23" 1999-12-26 24.77 "BOS" "@" "LAC" "L" -3 1 18.8833333333333 0.833 0.833 13.7 11.8 12.6 0 0 0 33.3 21.3 104 112 5.6 -4
"26" "24" 1999-12-28 24.77 "BOS" "@" "SAC" "L" -13 1 25.8833333333333 0.394 0.375 3.8 16.3 8.9 10.7 3.8 3.3 0 14.6 98 111 5.5 -1.3
"27" "25" 1999-12-30 24.78 "BOS" "@" "DEN" "W" 8 1 17.5166666666667 0.286 0.286 0 5.2 2.8 0 2.7 4.2 12.5 20 49 95 -1.1 -12.2
"28" "26" 2000-01-03 24.79 "BOS" "" "CLE" "W" 7 1 26.1333333333333 0.676 0.625 13.5 16.4 15 6.9 0 0 0 15.4 151 109 11.6 2.6
"29" "27" 2000-01-04 24.79 "BOS" "@" "NYK" "L" -8 1 27.3166666666667 0.45 0.5 11.9 13.2 12.3 0 2 3.6 0 14.8 106 109 7.2 0.8
"30" "28" 2000-01-07 24.8 "BOS" "" "SAC" "W" 8 1 30.6666666666667 0.633 0.6 16.8 15.5 16.1 4.9 4.7 0 13.7 19.7 123 90 16.5 6.7
"31" "29" 2000-01-08 24.8 "BOS" "@" "CHI" "L" -17 1 21.1833333333333 0.2 0.2 0 12.4 6.1 0 0 0 28.6 16.3 30 113 -3.3 -17.4
"32" "30" 2000-01-10 24.81 "BOS" "" "VAN" "L" -9 1 23.1 0.644 0.615 9.3 31.3 19.6 0 2.3 3.3 16.9 32.9 110 113 12.6 -2
"33" "31" 2000-01-12 24.81 "BOS" "" "LAC" "W" 7 1 29.5333333333333 0.465 0.333 15.3 25.5 19.6 5.5 0 0 8.5 17.5 112 100 8.3 -7.2
"34" "32" 2000-01-13 24.82 "BOS" "@" "MIN" "L" -18 1 15.8 0.5 0.5 6 23.7 13.6 0 0 0 33.3 16.9 69 112 0.8 -11.2
"35" "33" 2000-01-15 24.82 "BOS" "@" "NJN" "W" 3 1 31.7333333333333 0.396 0.385 13 23.3 18.1 0 0 5.2 22.4 24.6 73 99 4.6 -9.4
"36" "34" 2000-01-17 24.83 "BOS" "@" "WAS" "W" 4 1 30.1833333333333 0.611 0.5 12.6 24.2 18 10.8 0 2.5 8.6 17.6 131 111 12.5 0.3
"37" "35" 2000-01-19 24.83 "BOS" "" "TOR" "W" 4 1 27.6166666666667 0.415 0.286 23.1 19.5 21.4 11.6 0 0 9.4 16.6 114 103 8.3 -4
"38" "36" 2000-01-21 24.84 "BOS" "" "SEA" "W" 25 1 15.6666666666667 0.466 0.5 13.6 36.2 26.5 8.6 2.9 3.5 23.7 20.6 85 72 6.1 1.3
"39" "37" 2000-01-22 24.84 "BOS" "@" "CHH" "L" -14 1 29.2333333333333 0.551 0.533 25.2 18.9 22.5 0 3.4 5.2 5.8 25 121 107 18.4 9.1
"40" "38" 2000-01-25 24.85 "BOS" "@" "MIA" "L" -26 1 26.3666666666667 0.667 0.667 19.6 15.4 17.8 9.6 0 0 14.3 23.7 120 131 12.7 1.6
"41" "39" 2000-01-26 24.85 "BOS" "@" "ORL" "L" -22 1 23.5166666666667 0.564 0.5 5.1 13.8 8.8 17.4 2.3 0 23.5 25.1 94 123 5.7 -4
"42" "40" 2000-01-28 24.86 "BOS" "" "PHO" "W" 3 1 22.4666666666667 0.203 0.154 27.8 29.1 28.5 7.5 2.4 0 11.9 33 63 93 1.4 -14.1
"43" "41" 2000-02-01 24.87 "BOS" "@" "IND" "L" -3 1 19.5833333333333 0.625 0.625 14.7 55.4 32.7 16 2.6 0 27.3 24.6 103 100 8.2 1.9
"44" "42" 2000-02-02 24.87 "BOS" "" "MIA" "L" -2 1 22.45 0.5 0.5 4.3 23.2 12.4 0 0 3.3 33.3 11.1 70 112 1 -10.5
"45" "43" 2000-02-04 24.88 "BOS" "" "NJN" "W" 5 1 29.3833333333333 0.8 0.8 8.3 22.1 15.6 20.9 0 0 16.7 19 133 108 14.7 6.9
"46" "44" 2000-02-06 24.88 "BOS" "" "POR" "L" -6 1 24 0.764 0.75 5.4 9.5 7.6 11.8 2.3 0 0 24 157 115 15.6 13.3
"47" "45" 2000-02-08 24.89 "BOS" "@" "NJN" "L" -18 1 13.3666666666667 0.571 0.571 7.5 0 4.5 0 0 0 30 30 82 141 1.2 -17
"48" "46" 2000-02-09 24.89 "BOS" "" "IND" "L" -9 1 41.7 0.788 0.75 11.1 24.5 16.6 7.4 1.3 0 13.1 17.6 145 130 20.8 4.4
"49" "47" 2000-02-15 24.91 "BOS" "@" "UTA" "W" 2 1 21.35 0.4 0.4 5.7 31.9 19.3 0 2.4 0 16.7 12.6 78 96 2.2 -5.1
"50" "48" 2000-02-18 24.92 "BOS" "@" "GSW" "L" -22 1 32.65 0.709 0.667 0 30.9 14.4 6.8 0 0 28.8 16.9 96 116 8.6 -2.8
"51" "49" 2000-02-19 24.92 "BOS" "@" "SEA" "L" -3 1 23.8 0.472 0.467 3.9 22.9 11.6 10.5 2.1 0 11.2 30.4 92 98 6.9 -0.4
"52" "50" 2000-02-21 24.92 "BOS" "@" "POR" "L" -13 1 19.65 0.3 0.3 4.9 14.1 8.7 0 0 3.8 0 19.8 77 110 0.6 -9.2
"53" "51" 2000-02-24 24.93 "BOS" "@" "VAN" "W" 24 1 17.6 0.34 0.4 14.8 33.3 24.6 0 0 8.1 33.8 22.6 58 81 0.6 -11.9
"54" "52" 2000-02-25 24.93 "BOS" "@" "LAL" "L" -13 1 18.0166666666667 0.549 0.545 10.7 22.9 15.7 12.7 2.6 3.8 7.3 32.1 105 103 10.8 7.5
"55" "53" 2000-02-28 24.94 "BOS" "" "DAL" "L" -8 1 24.2833333333333 0.713 0.667 13 29.3 20.7 0 0 0 13.1 24.9 130 110 14.1 4.1
"56" "54" 2000-03-01 24.95 "BOS" "" "TOR" "L" -2 1 27.4 0.38 0.429 10.5 31.6 20.4 11.2 0 2.5 16 19.1 81 98 5.3 -3.7
"57" "55" 2000-03-03 24.95 "BOS" "@" "TOR" "L" -10 1 15.2833333333333 0.5 0.5 0 16 8 0 0 0 42.9 19.9 53 124 -2.4 -19.9
"58" "56" 2000-03-05 24.96 "BOS" "" "ORL" "W" 6 0 17.05 0.444 0.2 5.1 29 15 17 5.7 0 42.5 28 64 85 2.4 -8.4
"59" "57" 2000-03-08 24.97 "BOS" "" "MIL" "W" 11 0 24.3833333333333 0.385 0.385 10.7 21.3 15.5 0 0 0 7.1 22.2 95 107 5.1 -9
"60" "58" 2000-03-10 24.97 "BOS" "" "CHI" "W" 30 1 13.3333333333333 0.571 0.571 8.6 24.1 16.6 15.9 0 6.1 0 22.9 126 79 6.5 4.8
"61" "59" 2000-03-12 24.98 "BOS" "" "PHI" "W" 16 1 14.2 0.4 0.4 19.4 0 10.9 0 3.5 0 16.7 17.3 86 83 3.4 -2.1
"62" "60" 2000-03-13 24.98 "BOS" "@" "DET" "L" -9 1 26.1 0.381 0.286 23.6 46.2 32.7 5.7 0 0 43.2 21.6 70 123 1.6 -14.1
"63" "61" 2000-03-15 24.99 "BOS" "" "GSW" "W" 17 1 8.31666666666667 0.615 0.5 15.4 14.6 15 0 0 0 0 13.1 149 108 1.4 -10
"64" "62" 2000-03-17 24.99 "BOS" "@" "ATL" "W" 24 1 15.05 0.727 0.727 15.6 41 28 0 0 0 15.4 35.6 121 96 10.8 2.5
"65" "63" 2000-03-18 24.99 "BOS" "@" "DAL" "W" 5 1 21.7333333333333 0.541 0.429 25.4 0 12.5 6.5 2.4 0 19.4 21.2 115 112 7.3 -2.9
"66" "64" 2000-03-20 25 "BOS" "@" "PHO" "L" -4 1 12.1833333333333 0.425 0.4 23.1 36.4 29.2 0 0 0 14.5 22.9 97 111 3.4 -5.8
"67" "65" 2000-03-22 25 "BOS" "" "MIN" "L" -3 1 30.7 0.61 0.615 4.3 23.8 14.5 0 0 0 11.9 25.1 106 116 11 -2.7
"68" "66" 2000-03-24 25.01 "BOS" "@" "PHI" "L" -2 1 40.2333333333333 0.241 0.25 21.8 21 21.4 15.4 1.3 1.8 13.9 15.4 83 100 8.3 -3.2
"69" "67" 2000-03-26 25.01 "BOS" "@" "MIL" "L" -15 1 22.5333333333333 0.387 0.333 6.3 0 3 7.5 0 0 43.6 13.9 56 114 -1.5 -11.3
"70" "68" 2000-03-28 25.02 "BOS" "@" "ORL" "L" -35 1 26.3166666666667 0.46 0.5 14.2 33.6 21.7 7.5 1.9 0 8.4 18.9 95 118 8.3 -2.7
"71" "69" 2000-03-31 25.03 "BOS" "" "WAS" "L" -2 1 18.7 0.5 0.5 0 12.3 6.6 0 2.9 0 27.3 26.6 73 118 2.2 -11.2
"72" "70" 2000-04-01 25.03 "BOS" "@" "CLE" "L" -6 1 32.5333333333333 0.72 0.727 8.6 23.6 14.9 6 1.4 4.1 0 16.5 151 106 19.1 6.6
"73" "71" 2000-04-04 25.04 "BOS" "@" "CHH" "L" -7 1 27.2666666666667 0.625 0.625 0 25.4 10.5 0 0 0 20 16.9 89 116 4.4 -6.4
"74" "72" 2000-04-05 25.04 "BOS" "@" "DET" "L" -5 1 17.7 0.543 0 6.7 30.5 17.8 7 0 0 42 11.3 85 114 1.7 -5.4
"75" "73" 2000-04-07 25.05 "BOS" "" "PHI" "L" -5 1 12.6166666666667 0.143 0.143 7.7 8.6 8.1 0 0 0 12.5 25.4 37 109 -3.7 -25.3
"76" "74" 2000-04-10 25.05 "BOS" "" "ATL" "W" 5 1 11.2666666666667 0 0 11.8 0 6.3 0 4.9 0 0 12.6 28 103 -2.5 -21.9
"77" "75" 2000-04-12 25.06 "BOS" "" "ORL" "W" 4 1 9.18333333333333 0.515 0.333 20.9 11.9 16.7 17.4 0 0 20.5 23.2 109 105 2.5 -6.7
"78" "76" 2000-04-14 25.07 "BOS" "" "CHI" "W" 15 1 22.35 0 0 0 32.1 14.7 0 4.8 0 16.7 12.2 0 94 -2.2 -14.6
"79" "77" 2000-04-16 25.07 "BOS" "" "CHH" "L" -3 1 24.1166666666667 0.571 0.571 8.7 9.5 9.1 13.8 4.1 0 0 14.5 131 106 9.9 4.8
"80" "78" 2000-04-18 25.08 "BOS" "@" "WAS" "W" 33 1 14.9333333333333 0.799 0.833 8.2 26.7 18.4 0 0 0 12.7 22.1 139 86 8.1 5.3
"81" "79" 2000-04-19 25.08 "BOS" "" "NYK" "W" 27 1 19.9333333333333 0.388 0.333 23.2 15.3 18.5 15.3 2.5 0 7.2 31.6 99 90 6.4 -8.9
"1" "1" 2000-11-01 25.62 "BOS" "" "DET" "W" 20 0 17.4166666666667 0.694 0.5 6.6 5.6 6.1 0 2.9 0 25.8 10.2 114 91 2.8 -5.4
"2" "2" 2000-11-03 25.62 "BOS" "" "TOR" "W" 2 0 6.85 0 0 15.6 0 8.4 0 0 0 14.3 44.4 10 107 -5.7 -52.1
"3" "3" 2000-11-04 25.62 "BOS" "@" "CLE" "L" -2 0 29.8 0.542 0.5 7.6 8.6 8.1 7.8 5 2.8 21.3 19.9 92 90 9 1.4
"4" "4" 2000-11-07 25.63 "BOS" "@" "TOR" "L" -30 0 26 0.506 0.556 9.5 23.1 14.4 0 1.9 5.9 16.8 19 84 105 7.4 -1.8
"5" "5" 2000-11-10 25.64 "BOS" "" "NYK" "L" -2 1 26.9 0.593 0.5 9.6 35.7 23.1 0 4.1 2.9 0 23.8 128 96 14.1 5.7
"6" "6" 2000-11-11 25.64 "BOS" "@" "PHI" "L" -2 1 25.5833333333333 0.524 0.545 12.3 16.7 14.5 9.9 2 0 0 20.4 115 90 10.1 5.6
"7" "7" 2000-11-15 25.65 "BOS" "" "WAS" "W" 7 1 19.0666666666667 0.543 0.5 12 0 6.2 21.4 0 0 23.7 18.9 110 121 4.3 -4.6
"8" "8" 2000-11-17 25.66 "BOS" "" "ATL" "W" 7 0 21.9666666666667 0.383 0.3 20.3 7.5 15.2 0 0 0 14.5 28.3 90 120 3.1 -17.8
"9" "9" 2000-11-18 25.66 "BOS" "@" "WAS" "L" -20 0 19.6 0.317 0.286 5.1 29.1 15 9.2 2.6 0 11.3 19.6 72 114 2.7 -7.1
"10" "10" 2000-11-20 25.67 "BOS" "" "PHI" "L" -24 0 26.6333333333333 0.41 0.5 10.9 15.5 13.1 0 0 0 21.5 13.9 75 118 2.3 -7.2
"11" "11" 2000-11-22 25.67 "BOS" "" "HOU" "W" 15 0 16.5666666666667 0.654 0.667 21.2 23.5 22.6 11.9 3 0 30.4 25.6 97 78 7.9 3.6
"12" "12" 2000-11-24 25.68 "BOS" "" "ORL" "W" 5 0 27.2666666666667 0.694 0.75 13.4 13.4 13.4 0 3.9 0 41 17.1 88 94 4.6 -6.1
"13" "13" 2000-11-26 25.68 "BOS" "" "VAN" "L" -11 0 15.9166666666667 0.5 0.5 13.3 33.3 23.3 0 3 0 14.3 19 92 90 3.9 -5.8
"14" "14" 2000-11-28 25.69 "BOS" "@" "CLE" "W" 15 1 26.9166666666667 0.533 0.5 16.9 12.7 14.8 14.3 0 0 10.6 17.2 118 91 7.9 -0.3
"15" "15" 2000-11-30 25.7 "BOS" "@" "MIL" "L" -11 0 12.8166666666667 0.5 0.5 9.7 11.5 10.5 0 0 0 0 7.2 123 124 1.6 -5.9
"16" "16" 2000-12-01 25.7 "BOS" "" "MIN" "L" -4 0 11.65 0.333 0.333 0 18.6 10 0 0 0 25 14.7 54 114 -0.9 -14.8
"17" "17" 2000-12-03 25.7 "BOS" "" "LAC" "W" 9 0 19.4166666666667 0.317 0.286 0 15.2 8.1 8.7 5.2 3.6 20.2 23.2 56 80 1.6 -5.5
"18" "18" 2000-12-05 25.71 "BOS" "@" "ORL" "L" -3 1 26.1166666666667 0.5 0.5 12.3 28.4 21.4 6.7 0 0 27.3 20.8 83 118 2.9 -12
"19" "19" 2000-12-08 25.72 "BOS" "" "IND" "L" -13 0 13.4166666666667 1.042 1 17.6 0 8.8 0 0 0 25.8 13.6 154 122 5.4 1.2
"20" "20" 2000-12-10 25.72 "BOS" "" "DEN" "W" 2 0 13.8166666666667 0.37 0.2 31.5 23.2 27.8 25.1 3.5 0 12.9 23.5 102 90 5.7 1
"21" "21" 2000-12-13 25.73 "BOS" "" "CHI" "L" -18 0 11.3166666666667 0.4 0.4 27.3 22.4 24.6 21.5 0 0 0 20.8 108 114 2.8 -5
"22" "22" 2000-12-15 25.74 "BOS" "" "SAC" "L" -23 0 26.2 0.676 0.625 19.2 26.9 23.1 7.2 0 0 10.1 16.6 135 112 12.5 5
"23" "23" 2000-12-16 25.74 "BOS" "@" "CHH" "L" -12 0 17.3666666666667 0.712 0.8 6.4 18.2 11.3 13 0 4.8 0 17.2 143 111 7.8 5.9
"24" "24" 2000-12-18 25.75 "BOS" "" "DAL" "L" -8 0 25.9166666666667 0.854 0.833 13.8 20.5 17 6.9 0 0 0 14.6 184 128 13.8 5.3
"25" "25" 2000-12-20 25.75 "BOS" "" "NJN" "W" 13 0 21.5333333333333 0.4 0.4 9.3 13.6 11.5 24.6 0 0 16.7 11.6 97 95 3.5 -1.9
"26" "26" 2000-12-21 25.75 "BOS" "@" "NYK" "W" 6 0 13.6666666666667 0.667 0.667 7.3 19 12.4 0 0 0 0 10.5 140 102 2.8 -4.1
"27" "27" 2000-12-23 25.76 "BOS" "@" "MIL" "L" -5 0 21.35 0.607 0.556 5 31.5 15.2 10.1 2.4 0 0 20.5 129 110 9.3 1.9
"28" "28" 2000-12-26 25.77 "BOS" "@" "DET" "L" -5 0 17.8166666666667 0.717 0.75 11.3 25 16.9 0 5.2 0 45 20.7 77 92 3.7 -4.5
"29" "29" 2000-12-28 25.77 "BOS" "@" "NJN" "W" 1 0 25.7 0.608 0.5 6.2 17.9 12.1 11.1 2 2.6 14.8 12 126 123 7.5 -0.7
"30" "30" 2000-12-30 25.78 "BOS" "" "ORL" "L" -5 0 22.4 0.296 0.4 14.9 15.2 15 7.9 2.4 0 12.9 16.8 74 102 1 -11.2
"31" "31" 2001-01-02 25.79 "BOS" "@" "ATL" "L" -11 1 34.9166666666667 0.417 0.417 9.1 12.9 10.7 0 1.6 0 0 16 100 106 6 -3.4
"32" "32" 2001-01-03 25.79 "BOS" "" "NYK" "L" -9 0 30.5333333333333 0.514 0.429 16.8 17.2 17 10.5 1.8 0 10.2 14.4 122 118 9.9 -0.4
"33" "33" 2001-01-05 25.79 "BOS" "" "GSW" "L" -12 0 29.7166666666667 0.167 0.167 9.1 17.3 12.4 0 1.7 0 25 11.6 45 108 0.1 -13.9
"34" "34" 2001-01-06 25.8 "BOS" "@" "MIA" "L" -26 0 24.0833333333333 0.218 0.167 14 24.2 18.4 5.6 0 0 12.7 15.2 69 133 1.4 -11
"35" "35" 2001-01-08 25.8 "BOS" "" "POR" "L" -8 0 24.8833333333333 0.761 0.714 4.5 13.4 8.9 13.5 0 0 11.3 14.8 147 114 10.3 4.6
"36" "36" 2001-01-10 25.81 "BOS" "" "MIA" "W" 12 0 32.0333333333333 0.615 0.5 20.8 19.7 20.3 5 0 3.1 29.1 10.6 115 94 7.6 0
"37" "37" 2001-01-12 25.81 "BOS" "" "TOR" "L" -21 0 23.7666666666667 0.532 0 8 19.5 13.2 13.3 0 0 21 8.9 116 109 4 -3.3
"38" "38" 2001-01-15 25.82 "BOS" "@" "MIN" "W" 5 0 17.5666666666667 0.291 0.167 28.2 7.6 18.3 0 0 0 12.7 20 85 112 0.7 -15.5
"39" "39" 2001-01-17 25.83 "BOS" "@" "SAC" "L" -5 0 24.1333333333333 0.4 0.4 5.9 5.9 5.9 5.4 0 0 0 9.6 103 131 2.6 -10.6
"40" "40" 2001-01-18 25.83 "BOS" "@" "LAC" "W" 3 0 25.8 0.667 0.667 16.1 11.1 13.5 0 0 2.8 40 17.6 79 94 5.4 -6.9
"41" "41" 2001-01-21 25.84 "BOS" "@" "GSW" "L" -3 0 26.4166666666667 0.773 0.667 16.8 18.5 17.6 13 0 0 43.6 11.6 108 103 5.5 -5.3
"42" "42" 2001-01-23 25.84 "BOS" "" "ATL" "W" 1 0 30.8666666666667 0.571 0.571 12.1 18.2 14.6 6 1.7 0 36.4 15.5 80 94 4.4 -7.8
"43" "43" 2001-01-26 25.85 "BOS" "" "PHO" "W" 16 1 20.6 0.666 0.625 10.4 10.9 10.6 0 2.4 0 17 24.9 114 90 9.6 2.6
"44" "44" 2001-01-29 25.86 "BOS" "" "DET" "W" 12 0 19.15 0.571 0.571 19.9 20.5 20.2 0 0 0 0 18.7 127 94 7.1 -1.9
"45" "45" 2001-01-31 25.87 "BOS" "@" "IND" "W" 6 0 30.3333333333333 0.677 0.5 14.7 28.8 21.9 0 1.8 0 8.3 18.8 143 95 15.8 5.7
"46" "46" 2001-02-02 25.87 "BOS" "@" "DET" "W" 7 0 32.9 0.568 0.545 24.2 12.4 17.5 9.6 0 0 14.9 19.1 118 104 11.3 -2
"47" "47" 2001-02-04 25.88 "BOS" "" "CLE" "W" 21 0 24.85 0.481 0.429 16.7 22.9 19.6 11.6 2.1 0 0 15.2 129 89 9.4 -0.6
"48" "48" 2001-02-05 25.88 "BOS" "@" "TOR" "L" -12 0 30.7833333333333 0.286 0.286 8.1 22.1 14.8 20.7 5.1 0 22.2 14.3 76 113 5.4 -3.8
"49" "49" 2001-02-07 25.88 "BOS" "" "MIL" "W" 3 0 21.6666666666667 0.436 0.333 4 24.2 14.1 8.5 0 0 12.7 16.1 88 97 3.2 -7.1
"50" "50" 2001-02-13 25.9 "BOS" "@" "VAN" "L" -1 0 27.2 0.571 0.429 7.3 23.7 13.5 0 1.8 0 0 14.6 128 104 7.5 -4.8
"51" "51" 2001-02-15 25.91 "BOS" "@" "SEA" "W" 20 0 29.9166666666667 0.667 0.667 13 19.4 16 10.9 0 0 0 14 153 102 12 2.1
"52" "52" 2001-02-17 25.91 "BOS" "@" "POR" "W" 4 0 26.2666666666667 0.444 0.444 16.4 21.1 18.5 0 0 3 0 17.6 108 96 7.2 -1.8
"53" "53" 2001-02-19 25.92 "BOS" "@" "UTA" "L" -15 0 11.4166666666667 0.727 0.667 9.3 0 4.8 0 0 0 12.7 30.1 123 129 5.5 -4.1
"54" "54" 2001-02-20 25.92 "BOS" "@" "HOU" "L" -17 0 26.0333333333333 0 0 0 8.4 4.6 0 2 0 50 7.2 0 109 -2.6 -10.3
"55" "55" 2001-02-22 25.93 "BOS" "@" "DAL" "L" -7 0 28.7666666666667 0.573 0.5 11 4.1 7.8 0 0 0 22.3 28.3 96 116 6.6 -8.2
"56" "56" 2001-02-23 25.93 "BOS" "@" "SAS" "L" -18 0 29.5333333333333 0.322 0.3 14.7 30.5 21.9 0 1.9 2.9 15.5 21.7 70 110 3.4 -11
"57" "57" 2001-02-26 25.94 "BOS" "" "SEA" "W" 3 0 25.7333333333333 0.4 0.4 5.1 24.1 15.8 0 0 3.1 16.7 11 73 91 3.1 -5.8
"58" "58" 2001-03-01 25.95 "BOS" "@" "NYK" "L" -7 0 20.9 0.75 0.75 15.6 24.7 19.8 0 0 0 20 11.2 125 111 6.7 -0.4
"59" "59" 2001-03-02 25.95 "BOS" "" "UTA" "W" 4 0 27.4166666666667 0.444 0.444 20.2 17.8 19 0 0 2.7 0 15.1 117 111 7.1 -5.2
"60" "60" 2001-03-04 25.95 "BOS" "" "CHH" "L" -19 0 19.7 0.5 0.5 21.3 29.1 24.6 0 2.5 0 14.3 15.8 106 120 6.6 -4.5
"61" "61" 2001-03-07 25.96 "BOS" "" "MIL" "L" -7 0 21.3166666666667 0.615 0.5 10.2 14.9 12.6 7.8 2.4 0 0 10.8 144 105 7.6 3.4
"62" "62" 2001-03-09 25.97 "BOS" "" "WAS" "W" 32 0 19.7666666666667 0.628 0.571 18.5 26.2 23 0 0 0 0 20.1 139 75 10 1.1
"63" "63" 2001-03-11 25.97 "BOS" "" "PHI" "L" -6 0 26.8166666666667 0.5 0.5 0 32.7 16.2 7.4 9.2 0 11.1 15.5 87 81 9.2 5.3
"64" "64" 2001-03-13 25.98 "BOS" "@" "LAL" "L" -5 0 22.4333333333333 0.5 0.5 0 17.2 8.6 0 4.5 3.8 14.3 14.7 79 109 4 -4.7
"65" "65" 2001-03-15 25.98 "BOS" "@" "PHO" "W" 4 0 13.7333333333333 0 0 0 0 0 9.3 0 0 50 6.8 28 123 -1 -12
"66" "66" 2001-03-16 25.99 "BOS" "@" "DEN" "W" 4 0 33.2166666666667 0.45 0.375 13.2 27.7 20.3 10.2 4.9 0 18.4 16.3 97 85 10 0
"67" "67" 2001-03-21 26 "BOS" "" "SAS" "L" -20 0 18.2 0.666 0.6 5.8 16.2 10.1 0 0 0 12.9 20.2 119 111 5.4 -1.3
"68" "68" 2001-03-22 26 "BOS" "@" "NJN" "W" 15 0 25.45 0.63 0.556 14.4 16.5 15.4 12.6 4 5.7 8.8 20.5 131 95 14.3 4
"69" "69" 2001-03-25 26.01 "BOS" "" "CHI" "W" 4 0 17.0833333333333 0.667 0.667 20.2 24.2 22 0 3.1 0 25 10.9 119 104 5.7 -1.3
"70" "70" 2001-03-27 26.02 "BOS" "@" "ATL" "W" 3 0 24.15 0.563 0.5 21.2 11 16.8 0 0 3.6 10.1 18.1 124 117 7.8 -5.9
"71" "71" 2001-03-29 26.02 "BOS" "@" "CHI" "W" 2 0 26.9333333333333 0.511 0.444 3.6 22.8 12.1 0 0 2.6 8.5 19.4 101 113 6.6 -7.3
"72" "72" 2001-03-30 26.02 "BOS" "" "IND" "L" -5 0 19.2166666666667 0.4 0.4 5.1 14 8.8 9.7 2.9 0 0 12.2 99 104 3.5 -1.8
"73" "73" 2001-04-01 26.03 "BOS" "@" "CHH" "L" -1 0 30 0.913 0.857 9.8 23.3 16.5 0 0 2.4 31.3 20.6 119 90 14 4.8
"74" "74" 2001-04-03 26.04 "BOS" "@" "MIA" "W" 5 0 14.7 0 0 0 27.4 14.1 10 0 0 25 13.2 14 90 -2.7 -13.1
"75" "75" 2001-04-04 26.04 "BOS" "@" "ORL" "L" -7 0 25.1666666666667 0.53 0.5 26.8 26.7 26.7 6.8 0 2.9 8.1 20.5 123 116 11.1 -1.7
"76" "76" 2001-04-06 26.04 "BOS" "" "LAL" "L" -4 0 14.5833333333333 0.429 0.429 7.1 23.6 13.4 13.3 0 0 12.5 26.2 88 115 3.3 -6.3
"77" "77" 2001-04-07 26.05 "BOS" "@" "WAS" "W" 2 0 23.6 0.2 0.2 9.1 21.1 14.6 0 0 3 16.7 11.6 58 110 0 -14.4
"78" "78" 2001-04-09 26.05 "BOS" "@" "PHI" "L" -13 0 21.7 0.636 0.667 16.4 10.6 13.5 8.8 0 0 0 20.7 138 134 10.7 3.8
"79" "79" 2001-04-11 26.06 "BOS" "" "MIA" "L" -5 0 34.7166666666667 0.635 0.571 24.2 19.6 22.1 10 0 3 11.3 13.2 144 128 12.4 2
"80" "80" 2001-04-13 26.06 "BOS" "@" "IND" "L" -5 0 33.3 0.444 0.4 15.7 20.1 18 10.1 1.6 2 30.7 13 87 107 6 -4.5
"81" "81" 2001-04-15 26.07 "BOS" "" "NJN" "W" 7 0 26.8 0.451 0.333 4.1 22.2 13.7 0 2 0 11.4 15.1 94 95 5.3 -7.5
"82" "82" 2001-04-18 26.08 "BOS" "" "CHH" "L" -5 0 23.3166666666667 0.143 0.143 4.6 8.9 6.8 7.2 0 0 30 20.1 33 114 -5.5 -23.7
"1" "1" 2001-10-30 26.61 "BOS" "@" "CLE" "W" 19 0 17.7166666666667 0.694 0.5 13.7 23.7 19 8.7 0 0 34.2 21.5 105 94 5.9 -3
"2" "2" 2001-10-31 26.61 "BOS" "" "NJN" "L" -3 0 3.2 0 NA 57.1 0 33 0 0 0 0 12.1 73 108 -0.2 -20.3
"3" "3" 2001-11-02 26.62 "BOS" "" "CHI" "W" 14 0 10.5833333333333 0.68 0.6 31.2 33.6 32.3 0 0 0 0 25.3 153 94 7.5 3.3
"4" "4" 2001-11-03 26.62 "BOS" "@" "MIL" "L" -6 0 7.78333333333333 0 0 11.1 0 6.7 0 0 0 0 5.6 61 129 -0.4 -15.8
"5" "" 2001-11-07 26.63 "BOS" "" "WAS" "W" 9 NA NA NA NA NA NA NA NA NA NA NA NA NA NA NA NA
"6" "5" 2001-11-09 26.64 "BOS" "" "SEA" "W" 10 0 13.8166666666667 NA NA 8.4 8.8 8.6 8.6 3.7 5.3 NA 0 227 95 2.6 5.3
"7" "6" 2001-11-14 26.65 "BOS" "" "IND" "W" 8 0 18.0666666666667 0.518 0.6 10.7 14.5 12.7 8.9 2.8 3.5 12.9 18.8 100 94 7.2 3.3
"8" "7" 2001-11-17 26.66 "BOS" "@" "ATL" "L" -9 0 13.0166666666667 0.5 0.5 0 23.8 9.6 23.6 0 0 50 14.6 70 125 0.2 -10.4
"9" "8" 2001-11-21 26.67 "BOS" "" "ATL" "L" -7 0 2.55 NA NA 29.6 36.4 32.7 0 0 0 NA 0 208 103 0.6 -7.3
"10" "9" 2001-11-23 26.68 "BOS" "" "TOR" "L" -2 0 15.25 0.6 0.6 13.1 0 6.7 14.3 3.7 0 16.7 17.9 113 107 4.6 0.4
"11" "10" 2001-11-24 26.68 "BOS" "@" "WAS" "L" -4 0 26.2833333333333 0.333 0.333 0 31.7 14.7 0 2 2.5 25 7.4 48 83 3.1 -2
"12" "11" 2001-11-27 26.69 "BOS" "@" "MIA" "W" 1 0 22.2166666666667 0.667 0.667 11.5 24.8 18.6 0 0 0 40 11.1 87 97 2 -7.8
"13" "12" 2001-11-29 26.69 "BOS" "@" "ORL" "W" 10 0 15.6 0 0 7.1 28.3 18.9 0 3.2 0 0 9 29 86 -0.1 -9
"14" "13" 2001-12-01 26.7 "BOS" "@" "NJN" "W" 7 0 17.3666666666667 0.667 0.667 12 16.4 14.3 0 0 0 0 7.5 156 97 5 2.9
"15" "14" 2001-12-02 26.7 "BOS" "@" "TOR" "W" 16 0 30.0666666666667 0.637 0.5 17.4 14.8 16 0 2 2.5 10.4 16.3 136 84 12.5 4.3
"16" "15" 2001-12-05 26.71 "BOS" "" "DEN" "W" 15 0 18.3833333333333 0.667 0.667 34 5.9 20.3 8.4 0 0 25 10 137 96 5.7 -2.3
"17" "16" 2001-12-07 26.72 "BOS" "" "PHO" "W" 7 0 14.3833333333333 0.25 0.25 23.2 15.1 19.1 0 3.6 0 20 15.8 73 95 1.5 -9.8
"18" "17" 2001-12-08 26.72 "BOS" "@" "CHI" "L" -3 0 20.35 0 0 9.1 10.7 9.8 0 2.7 4 14.5 15.9 18 96 -2 -15.6
"19" "18" 2001-12-11 26.73 "BOS" "@" "NYK" "W" 9 0 17.5833333333333 0.752 0.75 9.7 12.3 10.8 0 0 0 0 13.5 158 102 7.2 1.2
"20" "19" 2001-12-14 26.73 "BOS" "" "CHI" "W" 6 0 16.2166666666667 0.5 0.5 17.6 9.4 14.5 8.8 0 0 20 12.8 109 117 3.3 -7.4
"21" "20" 2001-12-15 26.74 "BOS" "@" "CHH" "W" 9 0 22.7833333333333 0.563 0.5 14.2 32.5 23.4 0 2.2 0 0 16.8 131 95 10 3.4
"22" "21" 2001-12-17 26.74 "BOS" "@" "PHI" "L" -16 0 19.55 0.875 0.875 26.9 0 16.4 0 0 0 20 25.3 134 120 11.5 3.7
"23" "22" 2001-12-19 26.75 "BOS" "" "CLE" "W" 6 0 28.2 0.554 0.6 19.6 8.4 13.5 0 3.8 2.8 24 14.3 101 109 6.8 -4.7
"24" "23" 2001-12-21 26.75 "BOS" "" "UTA" "W" 6 0 19.8666666666667 0 0 6.5 23.4 15.4 0 0 0 33.3 7 24 105 -0.9 -11
"25" "24" 2001-12-23 26.76 "BOS" "" "MEM" "W" 5 0 15.1666666666667 0.85 1 51.2 20 35.9 21.3 0 0 14.5 18.8 138 89 13.1 15.5
"26" "25" 2001-12-26 26.77 "BOS" "@" "UTA" "L" -13 0 28.7 0.202 0.111 18.4 14.2 16.6 5.5 1.9 0 0 16.4 77 114 3.4 -10.5
"27" "26" 2001-12-27 26.77 "BOS" "@" "PHO" "L" -2 0 20.5 0.906 1 9.5 14 11.8 0 0 3.2 42 10.3 110 97 4.5 -2.2
"28" "27" 2001-12-29 26.78 "BOS" "@" "LAC" "W" 2 0 17.2666666666667 0.82 0.75 5.2 11.5 8.2 0 3 4.3 17 15.7 134 97 7.2 4.2
"29" "28" 2001-12-30 26.78 "BOS" "@" "SAC" "L" -15 0 18.5333333333333 0.254 0.143 14 11.5 12.9 0 2.7 0 11.3 20.6 68 114 1.4 -11.1
"30" "29" 2002-01-02 26.79 "BOS" "" "ORL" "W" 16 0 18.1333333333333 0.74 0.6 22.2 38.1 30.8 7.2 0 0 0 16.9 172 103 11.9 6.6
"31" "30" 2002-01-04 26.79 "BOS" "" "MIA" "L" -23 0 24.5166666666667 0.405 0.167 10.7 9.8 10.3 0 0 0 0 17.4 99 108 3.9 -7.1
"32" "31" 2002-01-05 26.79 "BOS" "@" "NYK" "W" 9 0 14.45 0.286 0.286 7.5 14.9 11.2 13.1 0 0 12.5 26.5 67 97 0.5 -10.6
"33" "32" 2002-01-07 26.8 "BOS" "@" "ORL" "L" -11 0 13.4 0 0 18 25.2 21.7 0 0 0 33.3 10.5 36 106 -0.9 -13.6
"34" "33" 2002-01-09 26.81 "BOS" "" "SAS" "L" -3 0 4.25 1 1 26.7 0 14.1 0 0 26.7 0 11.3 206 93 2.3 9.5
"35" "34" 2002-01-11 26.81 "BOS" "" "DET" "W" 14 0 29.1666666666667 0.545 0.545 14.2 12.7 13.3 5.3 0 0 15.4 20.8 101 104 7.1 -6.9
"36" "35" 2002-01-12 26.81 "BOS" "@" "ATL" "W" 24 0 25.7 0.473 0.444 25.8 7.9 17.1 10.7 2.1 0 14.7 22.8 113 104 9 -3.1
"37" "36" 2002-01-16 26.82 "BOS" "" "NYK" "W" 1 0 17.0666666666667 0.694 0.5 0 9.1 4.2 0 3 5.9 0 7.9 146 105 4.6 0.6
"38" "37" 2002-01-18 26.83 "BOS" "" "HOU" "L" -3 0 16.4833333333333 0 0 6 0 3.3 8.6 0 4.9 0 2.7 93 117 0.6 -5.6
"39" "38" 2002-01-19 26.83 "BOS" "@" "DET" "L" -3 0 20.3666666666667 0.307 0.25 0 11.2 5.6 14.3 0 0 0 11.4 84 107 0.6 -5.8
"40" "39" 2002-01-21 26.84 "BOS" "" "TOR" "W" 9 0 24.0833333333333 1.031 1 11.8 15.8 13.9 0 0 0 0 7.9 218 111 8.6 2.1
"41" "40" 2002-01-23 26.84 "BOS" "" "IND" "W" 4 0 28.6166666666667 0.652 0.571 24.1 16.2 20.1 11.7 0 0 17.9 17.6 132 103 12.5 1.1
"42" "41" 2002-01-25 26.85 "BOS" "" "PHI" "L" -16 0 23.5666666666667 0.5 0.5 13.3 4.8 9.2 7.7 0 0 0 11.2 126 125 5.7 -0.6
"43" "42" 2002-01-26 26.85 "BOS" "@" "CLE" "W" 7 1 33.1 0.625 0.625 7.1 23 14.7 9.5 1.6 0 0 11.7 139 111 11.2 0.5
"44" "43" 2002-01-29 26.86 "BOS" "@" "MIL" "L" -19 1 22.4833333333333 0.571 0.571 20.2 27.3 22.8 0 2.3 0 12.5 16.2 117 115 8.2 -2.3
"45" "44" 2002-01-31 26.87 "BOS" "@" "TOR" "L" -5 0 17.1 0.317 0.286 18.4 7.1 13.1 0 0 0 20.2 24.8 69 108 0.1 -12.7
"46" "45" 2002-02-01 26.87 "BOS" "" "MIN" "L" -3 0 16.25 0.592 0.4 25 7.7 17.3 22.6 0 0 0 19.8 146 104 8.2 6.6
"47" "46" 2002-02-03 26.87 "BOS" "" "LAC" "W" 13 0 15.2333333333333 0.5 0.5 0 8 4 0 3.5 0 50 12.6 43 100 -1.3 -14.7
"48" "47" 2002-02-05 26.88 "BOS" "@" "CHH" "W" 3 0 5.3 0 0 0 0 0 0 10.5 0 0 9.7 0 77 -1.7 -20.2
"49" "48" 2002-02-06 26.88 "BOS" "" "SAC" "L" -17 0 21.2666666666667 0.286 0.286 0 11.7 4.9 7.8 2.3 3.9 12.5 17 54 102 1.5 -6.2
"50" "49" 2002-02-12 26.9 "BOS" "@" "DEN" "W" 17 0 20.1166666666667 0.5 0.5 20.6 10.9 15.2 0 2.7 0 0 15 125 103 6.3 -2.8
"51" "50" 2002-02-13 26.9 "BOS" "@" "GSW" "L" -17 0 12.8166666666667 0.615 0.5 6.7 6.5 6.6 0 0 4.9 29.1 10.9 94 97 2.3 -2.4
"52" "51" 2002-02-15 26.91 "BOS" "@" "POR" "W" 3 0 11.2833333333333 0.5 0.5 0 0 0 0 0 0 0 8.5 94 117 -0.2 -10.3
"53" "52" 2002-02-16 26.91 "BOS" "@" "SEA" "L" -20 0 20.7333333333333 0.338 0.25 10.6 10.2 10.4 9.2 0 0 18.4 12.4 81 115 1.9 -6.8
"54" "53" 2002-02-19 26.92 "BOS" "@" "LAL" "W" 1 0 12.6666666666667 NA NA 0 0 0 10.5 0 0 NA 0 231 121 -0.5 -6.8
"55" "54" 2002-02-21 26.92 "BOS" "@" "DAL" "L" -6 0 7.55 1.042 1 25 24 24.5 0 6 0 41 26.7 123 85 6 13.2
"56" "55" 2002-02-23 26.93 "BOS" "@" "HOU" "L" -10 0 19.6666666666667 0 0 7.7 11.4 9.9 0 5.3 0 0 5 38 105 1.1 -5.7
"57" "56" 2002-02-27 26.94 "BOS" "" "MIL" "L" -3 0 13.55 0.25 0.25 15.1 41 26.1 0 4.2 7 0 13.6 81 93 3.5 -1.4
"58" "57" 2002-03-01 26.95 "BOS" "" "CHH" "L" -13 0 17.7666666666667 0.798 0.667 5.8 5.8 5.8 0 0 0 15.1 16.6 143 117 6.5 1.9
"59" "58" 2002-03-04 26.95 "BOS" "@" "PHI" "W" 6 1 13.9666666666667 0.429 0.429 0 17.6 8.4 0 3.8 5.1 0 23.1 87 99 3.4 -4.4
"60" "59" 2002-03-06 26.96 "BOS" "" "ORL" "W" 20 1 25.3333333333333 0.658 0.667 23.7 0 11.4 0 5.6 3.2 16.8 19.3 124 109 12.7 -0.7
"61" "60" 2002-03-08 26.96 "BOS" "" "DET" "W" 25 1 17.9 0.174 0 15.2 18.2 16.9 0 0 0 25.8 9.9 66 106 -0.7 -14.4
"62" "61" 2002-03-10 26.97 "BOS" "" "WAS" "W" 7 1 26.4833333333333 0.815 0.5 13.2 27.1 19.4 0 0 0 0 10.1 185 103 10.4 2.7
"63" "62" 2002-03-11 26.97 "BOS" "@" "WAS" "W" 5 1 27.6666666666667 0.129 0 13.5 19.6 16.4 4.4 1.9 0 20.5 7.8 70 108 0.9 -8.8
"64" "63" 2002-03-13 26.98 "BOS" "" "NJN" "W" 8 1 31.2333333333333 0.255 0.2 14.1 31.8 22.4 0 0 0 25.4 11.3 67 97 1.5 -10.4
"65" "64" 2002-03-15 26.98 "BOS" "@" "MEM" "W" 6 1 27.6833333333333 0.579 0.333 21.1 41.6 28.6 0 3.6 3 10.4 13.7 137 96 14 1.6
"66" "" 2002-03-16 26.99 "BOS" "@" "SAS" "L" -7 NA NA NA NA NA NA NA NA NA NA NA NA NA NA NA NA
"67" "65" 2002-03-18 26.99 "BOS" "" "POR" "L" -9 0 5.1 NA NA 0 0 0 0 0 0 NA 0 0 111 0 -3.9
"68" "66" 2002-03-20 27 "BOS" "" "CLE" "W" 26 0 8.35 0 0 13.3 13.6 13.5 0 0 0 0 5.8 63 86 0.3 -8.1
"69" "67" 2002-03-22 27 "BOS" "" "PHI" "L" -5 0 11.4833333333333 0.174 0 0 21.8 10.4 0 0 0 0 12.8 40 112 -1 -16.9
"70" "68" 2002-03-24 27.01 "BOS" "@" "DET" "L" -8 0 7.21666666666667 1 1 0 30.5 14.6 0 0 0 0 6.4 200 115 1.5 -2.4
"71" "69" 2002-03-25 27.01 "BOS" "@" "MIA" "W" 5 0 10.5166666666667 0 0 19 24.2 21.3 0 0 0 50 8.7 53 95 -0.9 -15.8
"72" "70" 2002-03-27 27.02 "BOS" "" "GSW" "W" 3 0 9.58333333333333 0.798 1 0 0 0 0 0 0 34.7 13.6 89 113 1.3 -5.9
"73" "71" 2002-03-29 27.02 "BOS" "" "DAL" "L" -26 0 9.8 0.307 0.25 9.8 9.4 9.6 0 0 0 38.1 32.7 44 110 -3 -25.3
"74" "" 2002-03-31 27.03 "BOS" "" "MIL" "W" 30 NA NA NA NA NA NA NA NA NA NA NA NA NA NA NA NA
"75" "72" 2002-04-02 27.03 "BOS" "@" "IND" "W" 11 0 7.53333333333333 0.798 1 0 14.3 7.6 0 6.6 9.7 0 11.7 153 90 3.1 5.4
"76" "73" 2002-04-05 27.04 "BOS" "" "LAL" "W" 18 0 11.0166666666667 0.667 0.667 9.7 9.7 9.7 0 4.6 0 40 19.9 75 82 2.3 -2.7
"77" "74" 2002-04-07 27.05 "BOS" "@" "NJN" "W" 12 0 6.08333333333333 1 1 0 17.4 8.9 0 0 0 0 7.4 200 97 1.6 4.6
"78" "75" 2002-04-08 27.05 "BOS" "@" "CHI" "L" -5 0 4.21666666666667 0 0 55.8 35.3 46.8 0 0 0 0 12.1 107 121 0.2 -20.7
"79" "76" 2002-04-10 27.05 "BOS" "" "MIA" "W" 5 0 17.6833333333333 0.333 0.333 6.8 14 11.1 10.5 3.2 0 0 8.6 91 76 3.2 2.7
"80" "77" 2002-04-12 27.06 "BOS" "" "NYK" "W" 15 0 14.9833333333333 0.753 0.5 0 0 0 0 0 0 23.1 14.1 120 109 1.4 -9.8
"81" "78" 2002-04-15 27.07 "BOS" "@" "MIN" "W" 3 0 21.1833333333333 0.581 0.5 5.9 9.3 7.8 0 2.6 0 22.5 21 93 103 3.7 -5.8
"82" "79" 2002-04-17 27.07 "BOS" "" "ATL" "W" 8 0 11.1166666666667 0.68 0.6 29.1 0 13.5 0 0 0 25.4 32.8 108 103 5 -5.4
"1" "" 2002-12-16 27.74 "SEA" "@" "CLE" "W" 13 NA NA NA NA NA NA NA NA NA NA NA NA NA NA NA NA
"2" "1" 2002-12-18 27.75 "SEA" "" "SAS" "L" -3 0 17.7 0.532 0.5 18.2 28.8 23 0 0 0 34.7 15.3 89 104 1.9 -8.6
"3" "2" 2002-12-20 27.75 "SEA" "" "NOH" "L" -2 0 16.2166666666667 0.6 0.6 13.3 34 22.3 0 0 0 0 15.1 132 97 6.3 5.2
"4" "3" 2002-12-21 27.75 "SEA" "@" "POR" "L" -1 0 23.9666666666667 0.273 0.167 4.5 12.8 8.8 0 0 3.1 21.5 17.2 56 93 -0.7 -10.1
"5" "4" 2002-12-23 27.76 "SEA" "@" "PHO" "L" -1 0 17.7333333333333 0.2 0.2 0 39 18.8 0 3.3 0 0 13.6 50 92 0.9 -8.4
"6" "5" 2002-12-26 27.77 "SEA" "" "TOR" "W" 9 0 11.5666666666667 0 0 21.1 8.9 14.5 0 0 0 0 12.4 52 111 -0.4 -16.7
"7" "6" 2002-12-30 27.78 "SEA" "@" "DEN" "W" 2 0 17.8166666666667 0.355 0 5.4 17 11.1 0 0 0 26.2 19.5 62 89 -0.9 -14.7
"8" "7" 2003-01-03 27.79 "SEA" "" "DEN" "L" -12 0 16.6333333333333 0.5 0.5 12.3 11.3 11.9 9.7 0 0 0 5.7 141 121 1.4 -9
"9" "8" 2003-01-07 27.8 "SEA" "@" "LAL" "L" -21 0 15.95 0.82 0.75 0 0 0 0 3.4 0 0 14.2 172 135 6.6 2
"10" "9" 2003-01-08 27.8 "SEA" "" "SAS" "L" -11 1 29.5666666666667 0.508 0.429 8 33.9 19.7 0 3.5 2.7 27.6 16.6 83 108 6.3 -3.8
"11" "10" 2003-01-10 27.81 "SEA" "" "LAC" "L" -2 1 18.7 0.387 0.333 0 25.9 12.5 0 2.7 0 34 14.8 49 92 -0.5 -10.7
"12" "11" 2003-01-12 27.81 "SEA" "" "CLE" "L" -8 0 7.56666666666667 0 0 0 14.6 7.1 0 0 0 0 11.5 0 100 -1.1 -13.3
"13" "12" 2003-01-16 27.82 "SEA" "@" "UTA" "L" -7 0 14.35 0.81 0.667 18 19 18.5 0 0 0 53.6 33.1 77 115 2.3 -13
"14" "13" 2003-01-17 27.83 "SEA" "" "MEM" "W" 6 0 33.1166666666667 0.625 0.625 11 13.7 12.4 0 0 0 11.1 13.6 119 108 6.7 -5.8
"15" "14" 2003-01-19 27.83 "SEA" "" "DAL" "W" 4 0 8.11666666666667 NA NA 19.4 26.7 23.7 0 0 0 NA 0 213 95 0.9 -1.9
"16" "15" 2003-01-22 27.84 "SEA" "@" "MIN" "L" -5 0 21.85 0.4 0.4 0 17.7 9.2 6.1 2.6 3.3 16.7 13.8 72 107 3.6 -1.4
"17" "" 2003-01-24 27.85 "SEA" "@" "IND" "L" -13 NA NA NA NA NA NA NA NA NA NA NA NA NA NA NA NA
"18" "" 2003-01-25 27.85 "SEA" "@" "MEM" "W" 12 NA NA NA NA NA NA NA NA NA NA NA NA NA NA NA NA
"19" "" 2003-01-28 27.86 "SEA" "" "GSW" "W" 3 NA NA NA NA NA NA NA NA NA NA NA NA NA NA NA NA
"20" "" 2003-01-30 27.86 "SEA" "" "SAC" "L" -18 NA NA NA NA NA NA NA NA NA NA NA NA NA NA NA NA
"21" "" 2003-02-01 27.87 "SEA" "" "CHI" "W" 13 NA NA NA NA NA NA NA NA NA NA NA NA NA NA NA NA
"22" "" 2003-02-03 27.87 "SEA" "@" "NJN" "L" -1 NA NA NA NA NA NA NA NA NA NA NA NA NA NA NA NA
"23" "16" 2003-02-05 27.88 "SEA" "@" "BOS" "L" -40 0 15.3666666666667 0.579 0.333 6.5 38.1 21.1 12.4 0 0 41 23.8 77 127 2.8 -9.3
"24" "" 2003-02-06 27.88 "SEA" "@" "MIL" "L" -6 NA NA NA NA NA NA NA NA NA NA NA NA NA NA NA NA
"25" "17" 2003-02-11 27.9 "SEA" "" "BOS" "L" -6 0 9.41666666666667 0.667 0.667 10.7 0 5.9 0 12.4 11.3 25 19.8 93 68 4.7 12.9
"26" "" 2003-02-14 27.9 "SEA" "@" "SAC" "L" -29 NA NA NA NA NA NA NA NA NA NA NA NA NA NA NA NA
"27" "18" 2003-02-15 27.91 "SEA" "@" "POR" "L" -5 0 21.5 0.945 1 0 37.4 19 0 2.5 0 12.7 17.7 146 106 11 5.7
"28" "19" 2003-02-19 27.92 "SEA" "" "NYK" "W" 9 0 14.9 0.694 0.5 8 15.6 11.9 0 0 0 0 8.7 165 109 3.9 0.6
"29" "20" 2003-02-21 27.92 "SEA" "" "MIL" "W" 30 0 12.6 1 1 0 35.2 19.2 0 0 0 0 15.5 200 70 7.6 14.3
"30" "21" 2003-02-23 27.93 "SEA" "@" "LAL" "L" -5 0 7.21666666666667 0 0 14.3 0 7.7 20.2 0 0 33.3 17.7 35 127 -1 -14.4
"31" "22" 2003-02-24 27.93 "SEA" "" "DET" "W" 7 0 13.1666666666667 0 0 10.5 0 5 0 0 7.1 0 16.6 22 99 -2.2 -16.8
"32" "" 2003-02-26 27.94 "SEA" "" "ATL" "W" 17 NA NA NA NA NA NA NA NA NA NA NA NA NA NA NA NA
"33" "" 2003-02-28 27.94 "SEA" "" "LAL" "W" 17 NA NA NA NA NA NA NA NA NA NA NA NA NA NA NA NA
"34" "" 2003-03-01 27.95 "SEA" "@" "LAC" "W" 8 NA NA NA NA NA NA NA NA NA NA NA NA NA NA NA NA
"35" "" 2003-03-04 27.95 "SEA" "" "MIN" "W" 9 NA NA NA NA NA NA NA NA NA NA NA NA NA NA NA NA
"36" "23" 2003-03-05 27.96 "SEA" "@" "UTA" "L" -11 0 6.13333333333333 0 0 17.8 0 9.5 0 0 0 0 16.3 33 124 -1.5 -22.9
"37" "" 2003-03-07 27.96 "SEA" "" "PHI" "L" -9 NA NA NA NA NA NA NA NA NA NA NA NA NA NA NA NA
"38" "24" 2003-03-11 27.97 "SEA" "" "POR" "L" -15 0 14.6166666666667 0 0 0 0 0 0 0 12.1 33.3 10.5 0 119 -1 -11.9
"39" "" 2003-03-13 27.98 "SEA" "" "DAL" "W" 7 NA NA NA NA NA NA NA NA NA NA NA NA NA NA NA NA
"40" "" 2003-03-15 27.98 "SEA" "" "GSW" "L" -6 NA NA NA NA NA NA NA NA NA NA NA NA NA NA NA NA
"41" "" 2003-03-16 27.99 "SEA" "@" "DEN" "W" 8 NA NA NA NA NA NA NA NA NA NA NA NA NA NA NA NA
"42" "" 2003-03-18 27.99 "SEA" "" "HOU" "W" 6 NA NA NA NA NA NA NA NA NA NA NA NA NA NA NA NA
"43" "" 2003-03-19 27.99 "SEA" "@" "GSW" "L" -6 NA NA NA NA NA NA NA NA NA NA NA NA NA NA NA NA
"44" "" 2003-03-21 28 "SEA" "" "DEN" "W" 2 NA NA NA NA NA NA NA NA NA NA NA NA NA NA NA NA
"45" "" 2003-03-24 28.01 "SEA" "@" "PHO" "W" 9 NA NA NA NA NA NA NA NA NA NA NA NA NA NA NA NA
"46" "" 2003-03-26 28.01 "SEA" "" "WAS" "L" -6 NA NA NA NA NA NA NA NA NA NA NA NA NA NA NA NA
"47" "" 2003-03-28 28.02 "SEA" "" "MEM" "W" 24 NA NA NA NA NA NA NA NA NA NA NA NA NA NA NA NA
"48" "" 2003-03-30 28.02 "SEA" "" "LAL" "W" 21 NA NA NA NA NA NA NA NA NA NA NA NA NA NA NA NA
"49" "" 2003-04-01 28.03 "SEA" "@" "CHI" "W" 7 NA NA NA NA NA NA NA NA NA NA NA NA NA NA NA NA
"50" "" 2003-04-02 28.03 "SEA" "@" "MIN" "L" -5 NA NA NA NA NA NA NA NA NA NA NA NA NA NA NA NA
"51" "" 2003-04-04 28.04 "SEA" "" "LAC" "W" 8 NA NA NA NA NA NA NA NA NA NA NA NA NA NA NA NA
"52" "" 2003-04-06 28.04 "SEA" "" "UTA" "W" 2 NA NA NA NA NA NA NA NA NA NA NA NA NA NA NA NA
"53" "25" 2003-04-08 28.05 "SEA" "@" "SAC" "L" -22 0 8.51666666666667 0.667 0.667 0 16.7 7.2 0 0 0 0 16.4 132 122 2.6 0.7
"54" "" 2003-04-09 28.05 "SEA" "" "MIN" "W" 8 NA NA NA NA NA NA NA NA NA NA NA NA NA NA NA NA
"55" "" 2003-04-11 28.06 "SEA" "@" "SAS" "L" -8 NA NA NA NA NA NA NA NA NA NA NA NA NA NA NA NA
"56" "" 2003-04-12 28.06 "SEA" "@" "HOU" "L" -15 NA NA NA NA NA NA NA NA NA NA NA NA NA NA NA NA
"57" "" 2003-04-14 28.07 "SEA" "@" "DAL" "L" -3 NA NA NA NA NA NA NA NA NA NA NA NA NA NA NA NA
"58" "26" 2003-04-16 28.07 "SEA" "" "PHO" "W" 14 0 7.08333333333333 0.5 0.5 0 17.1 7.9 0 0 10.9 0 27.5 98 78 3 5.1
"1" "1" 2003-10-30 28.61 "SEA" "" "LAC" "W" 9 0 6.4 NA NA 23.6 32.7 27.4 34.3 0 0 100 5.6 100 100 2.4 5.6
"2" "" 2003-10-31 28.61 "SEA" "@" "LAC" "W" 19 NA NA NA NA NA NA NA NA NA NA NA NA NA NA NA NA
"3" "" 2003-11-07 28.63 "SEA" "" "POR" "W" 18 NA NA NA NA NA NA NA NA NA NA NA NA NA NA NA NA
"4" "" 2003-11-09 28.64 "SEA" "" "ATL" "L" -10 NA NA NA NA NA NA NA NA NA NA NA NA NA NA NA NA
"5" "2" 2003-11-11 28.64 "SEA" "@" "MIN" "W" 2 0 4.03333333333333 0 0 0 0 0 0 0 0 50 24.2 0 108 -2.1 -33.2
"6" "" 2003-11-12 28.65 "SEA" "@" "MIL" "W" 5 NA NA NA NA NA NA NA NA NA NA NA NA NA NA NA NA
"7" "3" 2003-11-14 28.65 "SEA" "@" "IND" "L" -23 0 9.16666666666667 0 0 12.1 0 6 39.5 0 0 25 21.9 37 127 -1.4 -15.1
"8" "" 2003-11-15 28.65 "SEA" "@" "CHI" "W" 8 NA NA NA NA NA NA NA NA NA NA NA NA NA NA NA NA
"9" "" 2003-11-18 28.66 "SEA" "" "MIA" "L" -7 NA NA NA NA NA NA NA NA NA NA NA NA NA NA NA NA
"10" "" 2003-11-21 28.67 "SEA" "" "MEM" "L" -1 NA NA NA NA NA NA NA NA NA NA NA NA NA NA NA NA
"11" "4" 2003-11-23 28.68 "SEA" "" "WAS" "W" 3 0 12.3333333333333 0 0 0 27.9 14 0 0 6.3 33.3 23.4 0 94 -4 -29.3
"12" "5" 2003-11-25 28.68 "SEA" "" "NJN" "L" -23 0 9.73333333333333 0 NA 0 23.4 11.4 0 5.9 6.8 0 4.6 0 98 0.3 -5.7
"13" "6" 2003-11-28 28.69 "SEA" "@" "UTA" "L" -17 0 18.75 1 1 6.3 25 14.4 26.7 0 0 50 15.8 102 113 4.3 -1.2
"14" "7" 2003-11-29 28.69 "SEA" "" "HOU" "W" 7 0 23.7166666666667 0.425 0.4 0 9.5 4.8 0 0 0 0 11.8 88 109 1.3 -8.3
"15" "8" 2003-12-03 28.7 "SEA" "" "NYK" "W" 8 0 19.2166666666667 0.571 0.571 0 36.1 16.4 0 0 0 12.5 19.6 96 99 5.2 -3
"16" "9" 2003-12-05 28.71 "SEA" "" "IND" "L" -7 0 10.5666666666667 0.82 0.75 10.4 34.4 21.8 23.1 0 0 0 20.7 175 114 7.5 11.7
"17" "10" 2003-12-07 28.72 "SEA" "@" "TOR" "L" -10 0 15.2666666666667 0.5 0.5 15.8 6 10.2 11.5 0 0 20 14.6 105 123 3 -3.1
"18" "11" 2003-12-09 28.72 "SEA" "@" "NJN" "L" -13 1 21.8333333333333 0.333 0.333 10.6 33.9 19.6 0 0 0 0 12.9 89 117 2.4 -9.8
"19" "12" 2003-12-10 28.72 "SEA" "@" "BOS" "L" -14 0 3.93333333333333 0 0 0 0 0 0 0 0 0 30.2 0 131 -2.1 -38.4
"20" "13" 2003-12-12 28.73 "SEA" "@" "DET" "W" 21 0 6.95 0.798 1 24.5 0 9.7 24.4 0 0 34.7 21.7 118 106 2.7 5.9
"21" "" 2003-12-14 28.73 "SEA" "" "MIL" "W" 6 NA NA NA NA NA NA NA NA NA NA NA NA NA NA NA NA
"22" "" 2003-12-16 28.74 "SEA" "@" "PHO" "L" -1 NA NA NA NA NA NA NA NA NA NA NA NA NA NA NA NA
"23" "14" 2003-12-17 28.74 "SEA" "" "DEN" "L" -1 0 7.4 0 0 17.6 16.3 16.9 0 0 0 25 25.2 17 109 -2.1 -25.7
"24" "15" 2003-12-19 28.75 "SEA" "" "SAS" "L" -14 0 8.9 NA NA 0 13.7 6.1 0 0 0 100 5.4 0 109 -1.1 -15.4
"25" "16" 2003-12-20 28.75 "SEA" "@" "DEN" "W" 9 0 8.13333333333333 0.333 0.333 14.4 11.1 12.5 0 0 9 0 14.3 94 110 2 -5
"26" "" 2003-12-23 28.76 "SEA" "" "PHO" "W" 26 NA NA NA NA NA NA NA NA NA NA NA NA NA NA NA NA
"27" "" 2003-12-27 28.77 "SEA" "" "MIN" "L" -18 NA NA NA NA NA NA NA NA NA NA NA NA NA NA NA NA
"28" "17" 2003-12-29 28.78 "SEA" "@" "HOU" "W" 1 0 12.65 0.667 0.667 16.7 0 9 0 0 0 0 11.2 153 108 2.1 -5.3
"29" "18" 2003-12-30 28.78 "SEA" "@" "MEM" "W" 6 0 9.36666666666667 0.5 0.5 0 46.4 24.8 31.7 0 0 33.3 14.8 94 98 2.2 0.2
"30" "19" 2004-01-02 28.79 "SEA" "" "LAL" "W" 2 0 22.9833333333333 0.732 0.75 0 5.6 2.8 0 0 0 18.4 21.4 109 119 6.9 -2.6
"31" "20" 2004-01-04 28.79 "SEA" "@" "SAC" "L" -31 0 15.0166666666667 0.5 0.5 0 0 0 0 0 0 0 28.6 93 137 4.6 -5.9
"32" "21" 2004-01-05 28.79 "SEA" "" "POR" "W" 11 0 5.8 NA NA 0 19.6 10.8 19.6 0 0 100 8.5 53 117 -0.4 -8.5
"33" "" 2004-01-07 28.8 "SEA" "" "SAC" "W" 11 NA NA NA NA NA NA NA NA NA NA NA NA NA NA NA NA
"34" "22" 2004-01-09 28.81 "SEA" "" "MEM" "W" 6 0 12.9 0.681 0.6 12.7 18.9 16.3 0 0 0 0 35.9 154 131 10.6 0.2
"35" "" 2004-01-10 28.81 "SEA" "@" "GSW" "L" -3 NA NA NA NA NA NA NA NA NA NA NA NA NA NA NA NA
"36" "" 2004-01-13 28.82 "SEA" "" "CLE" "L" -8 NA NA NA NA NA NA NA NA NA NA NA NA NA NA NA NA
"37" "23" 2004-01-16 28.82 "SEA" "@" "NYK" "L" -20 0 24.95 0.228 0.143 11.5 15.2 13.1 7.1 2 2.8 10.2 17.4 65 112 1.5 -10.8
"38" "24" 2004-01-17 28.83 "SEA" "@" "WAS" "L" -15 0 17 0.75 0.75 6.4 0 3.8 0 0 0 0 10.9 149 114 4.3 -3.1
"39" "25" 2004-01-19 28.83 "SEA" "@" "PHI" "W" 9 0 5.16666666666667 0 0 0 0 0 0 0 0 50 18.6 0 104 -2.1 -28
"40" "" 2004-01-20 28.84 "SEA" "@" "CLE" "L" -5 NA NA NA NA NA NA NA NA NA NA NA NA NA NA NA NA
"41" "" 2004-01-22 28.84 "SEA" "" "GSW" "W" 16 NA NA NA NA NA NA NA NA NA NA NA NA NA NA NA NA
"42" "26" 2004-01-24 28.85 "SEA" "" "LAC" "W" 5 0 22.7666666666667 0.368 0.4 11.8 24.2 18.6 0 5 0 15.5 14.3 81 99 3.2 -5.7
"43" "27" 2004-01-27 28.85 "SEA" "" "DAL" "L" -2 1 27.4166666666667 0.82 0.875 10.5 12.7 11.7 17.5 2 0 0 17.5 175 132 16.6 9.2
"44" "28" 2004-01-28 28.86 "SEA" "@" "LAL" "L" -14 1 25.1833333333333 0.425 0.4 20 12.3 15.8 0 0 2.6 25.4 15 85 112 2.3 -8.2
"45" "29" 2004-01-31 28.87 "SEA" "" "SAC" "L" -7 1 29.8333333333333 0.676 0.625 4.1 12.6 8.3 0 3.5 2.7 25.3 18.1 98 114 8.9 -0.6
"46" "30" 2004-02-02 28.87 "SEA" "" "CHI" "W" 12 1 32.45 0.444 0.429 8.1 12.1 10.1 12.2 0 2.4 20.2 13.9 96 115 4.4 -8.1
"47" "31" 2004-02-03 28.87 "SEA" "@" "SAC" "L" -16 1 29.2166666666667 0.325 0.222 12.6 20 16.4 4.7 0 0 8.5 19.1 86 135 3.2 -12.9
"48" "32" 2004-02-05 28.88 "SEA" "" "SAS" "L" -6 1 31.8 0.5 0.5 10.2 6.8 8.5 12 1.7 2.2 0 17.6 116 108 10.6 5.1
"49" "33" 2004-02-06 28.88 "SEA" "@" "PHO" "W" 2 1 20.25 0.387 0.333 6.3 28.2 18.9 13.1 0 0 34 14.2 77 114 2 -8.6
"50" "34" 2004-02-08 28.89 "SEA" "@" "POR" "L" -10 1 24.8166666666667 0.338 0.25 8.2 38.4 22.1 0 2.1 3.1 18.4 20.7 67 96 4.3 -5.1
"51" "35" 2004-02-10 28.89 "SEA" "" "GSW" "L" -9 1 33.85 0.666 0.636 4.2 0 1.9 0 0 6.2 7.3 20 127 122 12.3 1.1
"52" "36" 2004-02-12 28.9 "SEA" "" "TOR" "W" 20 1 23.0833333333333 0.533 0.444 12.8 5.2 9.4 7.5 5.1 0 0 20.9 133 89 9.4 2.4
"53" "37" 2004-02-19 28.92 "SEA" "" "PHI" "L" -11 1 21.7 0.615 0.75 10.9 17.1 13.9 19.8 2.4 0 17 12 113 116 6.9 2.7
"54" "38" 2004-02-21 28.92 "SEA" "@" "GSW" "L" -2 1 15.8833333333333 0.538 0.571 22 12.5 16.9 0 0 5 0 22.6 123 112 7.7 4.6
"55" "39" 2004-02-22 28.93 "SEA" "" "BOS" "W" 21 1 23.85 0.282 0.25 15.3 13 14.3 5.5 0 0 18.4 21.3 73 109 0.4 -17.5
"56" "40" 2004-02-24 28.93 "SEA" "@" "UTA" "L" -13 1 24.2166666666667 0.81 0.667 10.4 21.3 16.4 10.6 0 2.7 41 14.6 105 115 5.8 0
"57" "41" 2004-02-25 28.93 "SEA" "" "UTA" "L" -1 1 36.2666666666667 0.286 0.286 11.4 17.2 14.4 16.2 1.7 4.1 30 14.4 71 102 4.2 -1.6
"58" "42" 2004-02-27 28.94 "SEA" "" "PHO" "L" -5 1 17.2833333333333 0.333 0.333 18 20.2 19 9.1 0 0 25 9.8 89 110 2.2 -6.6
"59" "43" 2004-02-29 28.95 "SEA" "@" "HOU" "W" 17 1 27.0166666666667 0.604 0.545 14 12.1 13 15.2 0 0 17.6 32.6 109 99 10.3 -2.2
"60" "44" 2004-03-02 28.95 "SEA" "@" "DAL" "L" -11 1 22.0333333333333 0.75 0.75 4.4 4.7 4.5 7.7 0 0 33.3 12.2 99 121 2.9 -5.5
"61" "45" 2004-03-03 28.95 "SEA" "@" "SAS" "L" -4 1 28.4333333333333 0.667 0.667 12.2 13.2 12.8 0 0 0 50 10.7 76 106 -0.4 -9.9
"62" "46" 2004-03-05 28.96 "SEA" "@" "LAL" "L" -8 1 32.8333333333333 0.583 0.583 3.5 20.8 12.3 5.6 1.6 0 7.7 18.8 108 111 10 -1.8
"63" "47" 2004-03-07 28.96 "SEA" "" "DET" "L" -21 1 19.65 0.25 0.25 7.5 13.7 10.7 0 0 4.9 20 14.1 53 118 0.2 -10
"64" "48" 2004-03-09 28.97 "SEA" "" "MIN" "L" -13 1 30.0166666666667 0.538 0.538 8.4 15.2 12 0 0 2.4 13.3 24.7 96 122 7.8 -5.5
"65" "" 2004-03-12 28.98 "SEA" "@" "MIA" "L" -8 NA NA NA NA NA NA NA NA NA NA NA NA NA NA NA NA
"66" "49" 2004-03-13 28.98 "SEA" "@" "ORL" "W" 14 1 31.95 0.661 0.667 4.4 13.2 8.8 3.8 0 0 0 14 147 129 9.7 -4.4
"67" "50" 2004-03-16 28.99 "SEA" "@" "ATL" "W" 8 1 32.3666666666667 0.492 0.455 8.1 9.8 9 15.3 0 0 7 19.8 110 119 7.9 -5.7
"68" "51" 2004-03-18 28.99 "SEA" "@" "MEM" "W" 3 1 24.7833333333333 0.799 0.833 6.2 8.5 7.6 15.1 2.2 0 30.4 20.1 114 108 6.7 1
"69" "52" 2004-03-19 29 "SEA" "@" "NOH" "W" 11 1 30.5333333333333 0.636 0.636 13.7 26 20.5 15.4 0 6 15.4 21.2 119 92 13.3 7
"70" "53" 2004-03-21 29 "SEA" "" "ORL" "W" 17 1 36.4666666666667 0.781 0.769 3.9 24.2 15.4 6.8 1.6 0 6.9 20.2 141 82 18.5 7.4
"71" "54" 2004-03-24 29.01 "SEA" "" "UTA" "W" 7 1 38.6 0.255 0.2 4.2 16.1 11.5 5 0 3.6 14.5 9.4 65 100 2.3 -4.1
"72" "55" 2004-03-26 29.01 "SEA" "" "DEN" "W" 16 1 35.3 0.333 0.333 8.9 21.8 15.2 0 1.5 0 11.8 20.6 78 94 4.3 -7.9
"73" "56" 2004-03-27 29.02 "SEA" "@" "POR" "L" -7 1 41.5666666666667 0.717 0.625 18 17.2 17.6 3.6 0 1.8 9.3 13.1 151 126 14.5 0.1
"74" "57" 2004-03-30 29.02 "SEA" "@" "DEN" "L" -5 1 21.5666666666667 0.6 0.6 20.8 16.4 18.6 17 2.3 2.8 28.6 13 121 126 7.2 2.5
"75" "58" 2004-03-31 29.03 "SEA" "@" "MIN" "L" -7 1 37.85 0.529 0.529 7.9 21.1 13.5 0 0 0 5.6 22.9 103 108 10.6 -2
"76" "59" 2004-04-02 29.03 "SEA" "" "LAL" "L" -11 1 37.8833333333333 0.6 0.6 9.2 18.7 13 4.8 3.1 0 23.1 16.6 99 117 8.8 -2.6
"77" "60" 2004-04-04 29.04 "SEA" "" "NOH" "W" 8 0 25.9 0.333 0.333 4.6 13.4 9 0 2.1 0 14.3 13.1 67 99 0.6 -9.6
"78" "61" 2004-04-06 29.04 "SEA" "@" "DAL" "L" -10 1 24.0833333333333 0.322 0.3 0 0 0 0 0 2.6 0 20 72 138 1.1 -16.3
"79" "62" 2004-04-07 29.05 "SEA" "@" "SAS" "L" -21 1 19.9666666666667 0.375 0.375 0 0 0 0 0 3.7 20 24 61 119 -0.9 -13.1
"80" "63" 2004-04-10 29.05 "SEA" "" "DAL" "W" 20 1 21.6166666666667 0.4 0.4 0 29.2 16.9 0 0 3 0 11.5 75 99 3.8 -4.2
"81" "64" 2004-04-12 29.06 "SEA" "" "HOU" "L" -4 1 30.0333333333333 0.505 0.455 16 17.1 16.5 5.5 1.7 4.6 14.4 21.5 104 118 8.4 -4.6
"82" "65" 2004-04-14 29.07 "SEA" "@" "LAC" "W" 31 1 19.95 0.455 0.455 0 24.7 12.9 0 0 0 0 24.1 89 95 3.9 -11.9
"1" "" 2004-12-11 29.73 "SEA" "" "BOS" "L" -14 NA NA NA NA NA NA NA NA NA NA NA NA NA NA NA NA
"2" "1" 2004-12-14 29.73 "SEA" "" "LAL" "W" 15 0 1.3 NA NA 0 0 0 0 0 0 NA 0 0 117 0 -5.6
"3" "" 2004-12-17 29.74 "SEA" "" "PHO" "L" -2 NA NA NA NA NA NA NA NA NA NA NA NA NA NA NA NA
"4" "" 2004-12-22 29.76 "SEA" "" "DEN" "W" 15 NA NA NA NA NA NA NA NA NA NA NA NA NA NA NA NA
"5" "" 2004-12-27 29.77 "SEA" "@" "UTA" "W" 10 NA NA NA NA NA NA NA NA NA NA NA NA NA NA NA NA
"6" "2" 2004-12-28 29.77 "SEA" "" "PHI" "L" -7 0 5.65 1 1 0 45.7 21.1 0 0 0 50 14 73 114 0.5 -9.7
"7" "3" 2004-12-30 29.78 "SEA" "@" "ATL" "W" 15 0 4.58333333333333 NA NA 0 25.5 14.5 0 0 0 NA 0 0 88 -0.5 -11.1
"8" "" 2004-12-31 29.78 "SEA" "@" "CHA" "W" 6 NA NA NA NA NA NA NA NA NA NA NA NA NA NA NA NA
"9" "" 2005-01-03 29.79 "SEA" "@" "MIA" "W" 2 NA NA NA NA NA NA NA NA NA NA NA NA NA NA NA NA
"10" "4" 2005-01-05 29.79 "SEA" "@" "ORL" "L" -18 0 1.71666666666667 NA NA 0 0 0 0 0 0 NA 0 0 130 0 -8.5
"11" "5" 2005-01-06 29.8 "SEA" "@" "WAS" "L" -11 0 7.31666666666667 1 1 15.6 29.2 22.6 0 0 0 33.3 18.5 118 112 2.9 1.6
"12" "6" 2005-01-09 29.81 "SEA" "" "MIA" "W" 10 1 8.11666666666667 1 1 17.1 29.3 23.7 0 0 0 50 11.6 97 108 1.6 -1.3
"13" "" 2005-01-11 29.81 "SEA" "" "LAC" "W" 5 NA NA NA NA NA NA NA NA NA NA NA NA NA NA NA NA
"14" "" 2005-01-12 29.81 "SEA" "@" "LAC" "L" -11 NA NA NA NA NA NA NA NA NA NA NA NA NA NA NA NA
"15" "7" 2005-01-14 29.82 "SEA" "" "GSW" "W" 19 0 2.76666666666667 0.5 0.5 43.2 0 20.3 0 0 0 0 32.1 131 111 1.7 1.1
"16" "8" 2005-01-16 29.82 "SEA" "" "CLE" "W" 8 0 4.51666666666667 NA NA 64 18.8 35.6 0 0 0 100 9 55 109 0.3 -10.5
"17" "" 2005-01-18 29.83 "SEA" "" "DEN" "L" -6 NA NA NA NA NA NA NA NA NA NA NA NA NA NA NA NA
"18" "" 2005-01-21 29.84 "SEA" "" "MIN" "L" -5 NA NA NA NA NA NA NA NA NA NA NA NA NA NA NA NA
"19" "" 2005-01-23 29.84 "SEA" "" "UTA" "W" 17 NA NA NA NA NA NA NA NA NA NA NA NA NA NA NA NA
"20" "" 2005-01-25 29.85 "SEA" "@" "LAL" "W" 11 NA NA NA NA NA NA NA NA NA NA NA NA NA NA NA NA
"21" "9" 2005-01-26 29.85 "SEA" "@" "UTA" "L" -9 0 2.5 NA NA 0 0 0 0 0 0 100 15.1 0 133 -1.8 -42.3
"22" "" 2005-01-28 29.86 "SEA" "@" "GSW" "W" 3 NA NA NA NA NA NA NA NA NA NA NA NA NA NA NA NA
"23" "" 2005-01-31 29.87 "SEA" "" "SAS" "L" -19 NA NA NA NA NA NA NA NA NA NA NA NA NA NA NA NA
"24" "" 2005-02-01 29.87 "SEA" "@" "SAC" "W" 5 NA NA NA NA NA NA NA NA NA NA NA NA NA NA NA NA
"25" "" 2005-02-05 29.88 "SEA" "" "CHA" "W" 14 NA NA NA NA NA NA NA NA NA NA NA NA NA NA NA NA
"26" "10" 2005-02-08 29.89 "SEA" "" "NOH" "W" 17 0 7.5 0.5 0.5 0 16.7 9.9 0 8.1 0 0 28.9 114 93 1.7 -9.7
"27" "" 2005-02-10 29.89 "SEA" "" "SAC" "W" 8 NA NA NA NA NA NA NA NA NA NA NA NA NA NA NA NA
"28" "" 2005-02-11 29.9 "SEA" "@" "PHO" "W" 8 NA NA NA NA NA NA NA NA NA NA NA NA NA NA NA NA
"29" "11" 2005-02-13 29.9 "SEA" "" "DAL" "L" -3 0 7.11666666666667 0.5 0.5 0 18.5 7.7 0 7.6 0 0 12.9 103 94 1.9 3.6
"30" "" 2005-02-16 29.91 "SEA" "" "GSW" "L" -7 NA NA NA NA NA NA NA NA NA NA NA NA NA NA NA NA
"31" "12" 2005-02-22 29.93 "SEA" "@" "HOU" "W" 2 0 18.3166666666667 0.333 0.333 18.2 18.6 18.4 0 0 0 0 14.4 98 101 2.8 -4.4
"32" "" 2005-02-23 29.93 "SEA" "@" "NOH" "W" 18 NA NA NA NA NA NA NA NA NA NA NA NA NA NA NA NA
"33" "13" 2005-02-25 29.93 "SEA" "" "MIN" "W" 10 0 24.55 0.727 0.667 20.8 18.2 19.8 0 2.3 0 0 13.3 167 100 10.8 5.2
"34" "14" 2005-02-27 29.94 "SEA" "@" "MIL" "L" -26 0 6.1 0 0 0 42.1 17 0 0 0 0 7.3 0 110 -0.1 -9.9
"35" "" 2005-03-01 29.95 "SEA" "@" "IND" "W" 8 NA NA NA NA NA NA NA NA NA NA NA NA NA NA NA NA
"36" "" 2005-03-02 29.95 "SEA" "@" "CLE" "W" 17 NA NA NA NA NA NA NA NA NA NA NA NA NA NA NA NA
"37" "" 2005-03-04 29.95 "SEA" "" "DET" "W" 8 NA NA NA NA NA NA NA NA NA NA NA NA NA NA NA NA
"38" "" 2005-03-06 29.96 "SEA" "" "PHO" "L" -11 NA NA NA NA NA NA NA NA NA NA NA NA NA NA NA NA
"39" "15" 2005-03-08 29.96 "SEA" "" "HOU" "L" -2 0 0.583333333333333 NA NA 0 0 0 0 0 0 NA 0 0 117 0 -3.2
"40" "16" 2005-03-11 29.97 "SEA" "" "CHI" "L" -3 0 1.48333333333333 NA NA 0 0 0 0 0 0 NA 0 0 119 0 -5
"41" "" 2005-03-13 29.98 "SEA" "@" "NYK" "W" 10 NA NA NA NA NA NA NA NA NA NA NA NA NA NA NA NA
"42" "17" 2005-03-15 29.98 "SEA" "@" "CHI" "W" 6 0 2.71666666666667 1 1 0 0 0 0 0 0 0 23 200 114 1.3 7.7
"43" "" 2005-03-16 29.99 "SEA" "@" "DET" "L" -7 NA NA NA NA NA NA NA NA NA NA NA NA NA NA NA NA
"44" "18" 2005-03-18 29.99 "SEA" "" "ORL" "W" 8 0 15.7833333333333 0.75 0.75 7.3 47.4 26.6 0 0 0 0 11.9 158 102 5.3 1.1
"45" "19" 2005-03-20 30 "SEA" "@" "LAL" "W" 2 0 27.9 0.777 0.5 5 12.5 9.1 0 1.9 0 12.4 14.2 149 115 9.4 -1.3
"46" "20" 2005-03-22 30 "SEA" "" "MIL" "W" 8 0 22.4666666666667 0.444 0.444 9.7 10.7 10.2 8.1 0 0 10 21.1 93 109 4.6 -6.5
"47" "21" 2005-03-24 30.01 "SEA" "@" "POR" "W" 5 0 3.6 0 0 26.7 0 14.8 0 0 0 0 21.7 33 114 -0.7 -24.5
"48" "22" 2005-03-25 30.01 "SEA" "" "NYK" "W" 8 0 27.6 0.773 0.667 9 12.3 10.8 5.9 2 0 43.6 11.6 99 107 4.9 -1.7
"49" "23" 2005-03-27 30.02 "SEA" "" "WAS" "L" -1 0 4.73333333333333 0 0 25.9 0 12.2 0 0 15.2 0 9.1 60 105 0.7 -2.4
"50" "24" 2005-03-29 30.02 "SEA" "@" "MEM" "W" 3 0 4.8 0 0 0 0 0 0 0 0 0 7.7 0 131 -1.1 -20.5
"51" "25" 2005-03-30 30.02 "SEA" "@" "SAS" "L" -13 0 8.78333333333333 0.387 0.333 0 38.3 20 0 0 0 0 23.4 90 99 1.4 -3.4
"52" "" 2005-04-01 30.03 "SEA" "" "POR" "W" 2 NA NA NA NA NA NA NA NA NA NA NA NA NA NA NA NA
"53" "" 2005-04-03 30.04 "SEA" "@" "GSW" "L" -9 NA NA NA NA NA NA NA NA NA NA NA NA NA NA NA NA
"54" "26" 2005-04-05 30.04 "SEA" "@" "SAC" "L" -21 0 3.91666666666667 1 1 0 0 0 44.4 0 0 0 11.5 202 147 1.6 7.8
"55" "27" 2005-04-08 30.05 "SEA" "" "LAL" "L" -23 0 4.06666666666667 1 1 30 29.3 29.6 0 0 0 0 11.9 206 135 2.3 4
"56" "28" 2005-04-09 30.05 "SEA" "@" "DEN" "L" -16 0 23.85 0.676 0.625 19 15.5 17.6 21.2 0 0 10.1 18.2 142 135 11.3 2.5
"57" "29" 2005-04-11 30.06 "SEA" "" "HOU" "L" -12 0 32.7833333333333 0.488 0.417 8.6 17.1 12 0 0 6.1 0 20 113 112 9.3 1.4
"58" "30" 2005-04-13 30.06 "SEA" "" "DAL" "L" -5 0 2.85 1 1 0 0 0 0 0 0 0 15.9 200 122 1.7 15.9
"59" "" 2005-04-15 30.07 "SEA" "" "NOH" "W" 25 NA NA NA NA NA NA NA NA NA NA NA NA NA NA NA NA
"60" "31" 2005-04-17 30.07 "SEA" "@" "MIN" "W" 15 0 4.61666666666667 NA NA 0 22.3 12.3 20.4 0 0 NA 0 219 107 1 7.7
"61" "32" 2005-04-19 30.08 "SEA" "@" "DAL" "L" -5 0 22.2666666666667 0.458 0.2 5.9 15.6 11 7.1 5 0 0 16.6 121 111 7 0.9
"62" "33" 2005-04-20 30.08 "SEA" "@" "HOU" "L" -28 0 18.6166666666667 0.716 0.667 0 17.8 7.6 13.1 0 0 9.9 29.6 133 137 8.3 2.5
"1" "1" 2005-11-04 30.62 "SEA" "" "MIN" "W" 5 0 10.9833333333333 0.5 0.5 12.4 12.4 12.4 0 0 0 0 8.1 134 113 1.6 -2.9
"2" "2" 2005-11-08 30.64 "SEA" "@" "MEM" "L" -25 0 18.2333333333333 0.258 0.333 5.9 12.2 9 0 0 0 34 15.4 39 112 -1.6 -13.1
"3" "3" 2005-11-09 30.64 "SEA" "@" "CLE" "L" -27 1 15.25 0.333 0.333 7.2 28.6 16.4 0 0 0 0 19.3 78 127 1 -14.2
"4" "4" 2005-11-11 30.64 "SEA" "@" "WAS" "L" -41 1 27.3833333333333 0.51 0.4 12.2 9.7 11.1 0 0 0 0 9.3 133 147 4 -8.6
"5" "" 2005-11-13 30.65 "SEA" "@" "TOR" "W" 5 NA NA NA NA NA NA NA NA NA NA NA NA NA NA NA NA
"6" "" 2005-11-15 30.65 "SEA" "@" "NJN" "L" -10 NA NA NA NA NA NA NA NA NA NA NA NA NA NA NA NA
"7" "5" 2005-11-16 30.66 "SEA" "@" "BOS" "W" 13 0 17.5166666666667 0.5 0.5 12.7 14.4 13.5 0 0 0 0 15.3 124 117 4.2 -7.1
"8" "6" 2005-11-18 30.66 "SEA" "" "CHI" "W" 14 0 19.6333333333333 0.512 0.5 6.8 0 2.9 0 0 3.9 29.1 17.3 78 108 1.2 -11.1
"9" "7" 2005-11-20 30.67 "SEA" "" "SAC" "W" 2 0 14.1333333333333 0.8 0.8 0 21.9 9.2 0 0 5.9 0 16.1 153 114 6.2 2.1
"10" "8" 2005-11-22 30.67 "SEA" "" "UTA" "L" -6 0 13.65 0 0 0 11 4.8 0 0 0 25 14 0 117 -3.6 -21.7
"11" "9" 2005-11-24 30.68 "SEA" "@" "LAL" "L" -12 0 11.9833333333333 0.347 0 9.8 18.2 14.1 0 0 0 41 9.3 65 120 -0.2 -10.8
"12" "" 2005-11-26 30.68 "SEA" "" "NOK" "L" -6 NA NA NA NA NA NA NA NA NA NA NA NA NA NA NA NA
"13" "10" 2005-11-30 30.7 "SEA" "" "CHA" "W" 10 0 14.6333333333333 0.521 0.5 0 22.9 11.7 0 0 0 0 9 108 104 0.9 -8.9
"14" "11" 2005-12-02 30.7 "SEA" "" "CLE" "W" 7 0 4.23333333333333 NA NA 0 0 0 0 0 0 NA 0 0 127 -0.4 -10.4
"15" "" 2005-12-04 30.71 "SEA" "" "IND" "W" 5 NA NA NA NA NA NA NA NA NA NA NA NA NA NA NA NA
"16" "12" 2005-12-06 30.71 "SEA" "" "NYK" "L" -3 0 3.4 NA NA 0 0 0 45.5 0 0 100 13.9 45 120 -1.5 -23.1
"17" "" 2005-12-09 30.72 "SEA" "@" "UTA" "W" 16 NA NA NA NA NA NA NA NA NA NA NA NA NA NA NA NA
"18" "" 2005-12-10 30.72 "SEA" "" "SAC" "L" -19 NA NA NA NA NA NA NA NA NA NA NA NA NA NA NA NA
"19" "" 2005-12-13 30.73 "SEA" "" "GSW" "L" -3 NA NA NA NA NA NA NA NA NA NA NA NA NA NA NA NA
"20" "13" 2005-12-15 30.74 "SEA" "" "HOU" "L" -6 1 21.15 0.667 0.667 5 7.6 6.1 7.7 0 0 25 8.7 113 131 2.2 -5.5
"21" "14" 2005-12-16 30.74 "SEA" "@" "POR" "W" 12 1 13.45 1 1 23 41.2 31.3 0 0 0 0 14.7 207 115 8.3 6.6
"22" "15" 2005-12-19 30.75 "SEA" "" "WAS" "W" 10 1 20.7333333333333 0.5 0.5 13.2 35.6 25 13.9 0 0 0 9.1 141 115 6.2 0.7
"23" "16" 2005-12-20 30.75 "SEA" "@" "PHO" "L" -28 1 9.28333333333333 0 0 0 0 0 0 0 0 50 8.8 0 129 -1.7 -16.1
"24" "17" 2005-12-23 30.76 "SEA" "" "DAL" "L" -3 1 14.4666666666667 0.412 0 22.1 8.5 15.8 0 0 0 45.2 20.3 64 122 0.1 -15.3
"25" "18" 2005-12-26 30.77 "SEA" "" "BOS" "W" 7 1 17.4833333333333 0.258 0 25 15.3 20.6 7 2.9 0 20.5 11.7 99 116 4 -2.5
"26" "19" 2005-12-28 30.77 "SEA" "@" "MIN" "L" -13 1 10.3833333333333 1 1 10.8 0 6 17.9 0 0 0 8.3 204 120 4 6.5
"27" "20" 2005-12-29 30.78 "SEA" "@" "DEN" "W" 7 1 15.2666666666667 1 1 16.5 27.3 22.5 0 0 0 0 5.6 209 108 5.6 4.1
"28" "21" 2005-12-31 30.78 "SEA" "" "MEM" "L" -4 1 18.2333333333333 0.8 0.8 0 0 0 9.9 3.4 0 0 14.5 165 127 7 4
"29" "22" 2006-01-02 30.79 "SEA" "@" "IND" "L" -19 1 6.3 0 0 0 22.4 9.6 0 0 0 0 7.2 0 132 -0.8 -14.4
"30" "" 2006-01-04 30.79 "SEA" "@" "CHI" "W" 4 NA NA NA NA NA NA NA NA NA NA NA NA NA NA NA NA
"31" "" 2006-01-06 30.8 "SEA" "@" "DET" "L" -12 NA NA NA NA NA NA NA NA NA NA NA NA NA NA NA NA
"32" "" 2006-01-08 30.8 "SEA" "@" "NYK" "L" -4 NA NA NA NA NA NA NA NA NA NA NA NA NA NA NA NA
"33" "" 2006-01-09 30.81 "SEA" "@" "PHI" "L" -9 NA NA NA NA NA NA NA NA NA NA NA NA NA NA NA NA
"34" "23" 2006-01-11 30.81 "SEA" "" "ORL" "W" 9 0 2.36666666666667 0 0 54.8 0 28.2 0 0 0 0 20.6 79 122 -0.8 -39.6
"35" "24" 2006-01-13 30.82 "SEA" "" "MIA" "L" -13 0 0.783333333333333 NA NA 0 0 0 0 0 0 100 56.6 0 138 -1 -72.2
"36" "" 2006-01-14 30.82 "SEA" "@" "LAC" "L" -26 NA NA NA NA NA NA NA NA NA NA NA NA NA NA NA NA
"37" "" 2006-01-16 30.82 "SEA" "@" "GSW" "L" -16 NA NA NA NA NA NA NA NA NA NA NA NA NA NA NA NA
"38" "" 2006-01-20 30.84 "SEA" "" "TOR" "L" -8 NA NA NA NA NA NA NA NA NA NA NA NA NA NA NA NA
"39" "" 2006-01-22 30.84 "SEA" "@" "PHO" "W" 3 NA NA NA NA NA NA NA NA NA NA NA NA NA NA NA NA
"40" "" 2006-01-25 30.85 "SEA" "@" "UTA" "W" 19 NA NA NA NA NA NA NA NA NA NA NA NA NA NA NA NA
"41" "" 2006-01-26 30.85 "SEA" "" "DAL" "L" -7 NA NA NA NA NA NA NA NA NA NA NA NA NA NA NA NA
"42" "" 2006-01-28 30.86 "SEA" "" "NJN" "W" 9 NA NA NA NA NA NA NA NA NA NA NA NA NA NA NA NA
"43" "" 2006-01-30 30.86 "SEA" "" "POR" "L" -5 NA NA NA NA NA NA NA NA NA NA NA NA NA NA NA NA
"44" "" 2006-02-01 30.87 "SEA" "" "GSW" "W" 4 NA NA NA NA NA NA NA NA NA NA NA NA NA NA NA NA
"45" "" 2006-02-03 30.87 "SEA" "@" "HOU" "L" -23 NA NA NA NA NA NA NA NA NA NA NA NA NA NA NA NA
"46" "" 2006-02-04 30.88 "SEA" "@" "DAL" "L" -19 NA NA NA NA NA NA NA NA NA NA NA NA NA NA NA NA
"47" "" 2006-02-06 30.88 "SEA" "@" "CHA" "L" -13 NA NA NA NA NA NA NA NA NA NA NA NA NA NA NA NA
"48" "" 2006-02-08 30.89 "SEA" "@" "NOK" "L" -7 NA NA NA NA NA NA NA NA NA NA NA NA NA NA NA NA
"49" "" 2006-02-10 30.89 "SEA" "" "ATL" "W" 8 NA NA NA NA NA NA NA NA NA NA NA NA NA NA NA NA
"50" "" 2006-02-12 30.9 "SEA" "" "DEN" "L" -8 NA NA NA NA NA NA NA NA NA NA NA NA NA NA NA NA
"51" "" 2006-02-14 30.9 "SEA" "@" "MIL" "L" -15 NA NA NA NA NA NA NA NA NA NA NA NA NA NA NA NA
"52" "" 2006-02-15 30.91 "SEA" "@" "MIN" "L" -10 NA NA NA NA NA NA NA NA NA NA NA NA NA NA NA NA
"53" "" 2006-02-21 30.92 "SEA" "@" "SAS" "L" -25 NA NA NA NA NA NA NA NA NA NA NA NA NA NA NA NA
"54" "" 2006-02-22 30.93 "SEA" "@" "ATL" "W" 5 NA NA NA NA NA NA NA NA NA NA NA NA NA NA NA NA
"55" "" 2006-02-23 30.93 "SAC" "@" "LAL" "L" -21 NA NA NA NA NA NA NA NA NA NA NA NA NA NA NA NA
"56" "25" 2006-02-27 30.94 "SAC" "" "POR" "W" 24 0 2.45 NA NA 0 0 0 0 0 0 NA 0 0 106 0 -8.7
"57" "" 2006-03-01 30.95 "SAC" "@" "CLE" "W" 7 NA NA NA NA NA NA NA NA NA NA NA NA NA NA NA NA
"58" "" 2006-03-03 30.95 "SAC" "@" "ATL" "W" 9 NA NA NA NA NA NA NA NA NA NA NA NA NA NA NA NA
"59" "" 2006-03-05 30.96 "SAC" "@" "WAS" "L" -10 NA NA NA NA NA NA NA NA NA NA NA NA NA NA NA NA
"60" "26" 2006-03-06 30.96 "SAC" "@" "NJN" "W" 25 0 3.4 NA NA 0 28.8 16.4 0 0 0 NA 0 0 92 0.3 -3.8
"61" "" 2006-03-08 30.96 "SAC" "@" "MIL" "W" 7 NA NA NA NA NA NA NA NA NA NA NA NA NA NA NA NA
"62" "" 2006-03-10 30.97 "SAC" "" "MEM" "W" 12 NA NA NA NA NA NA NA NA NA NA NA NA NA NA NA NA
"63" "" 2006-03-12 30.98 "SAC" "" "DAL" "W" 5 NA NA NA NA NA NA NA NA NA NA NA NA NA NA NA NA
"64" "" 2006-03-14 30.98 "SAC" "" "LAL" "W" 16 NA NA NA NA NA NA NA NA NA NA NA NA NA NA NA NA
"65" "" 2006-03-17 30.99 "SAC" "@" "IND" "L" -5 NA NA NA NA NA NA NA NA NA NA NA NA NA NA NA NA
"66" "" 2006-03-19 30.99 "SAC" "@" "MIN" "L" -6 NA NA NA NA NA NA NA NA NA NA NA NA NA NA NA NA
"67" "" 2006-03-21 31 "SAC" "" "SEA" "W" 9 NA NA NA NA NA NA NA NA NA NA NA NA NA NA NA NA
"68" "27" 2006-03-22 31 "SAC" "@" "LAL" "L" -7 0 3.76666666666667 0.5 0.5 0 0 0 0 0 0 33.3 37.9 60 108 0 -13.1
"69" "28" 2006-03-25 31.01 "SAC" "@" "UTA" "W" 2 0 3.85 NA NA 0 0 0 0 0 0 NA 0 0 101 -1.2 -21.5
"70" "" 2006-03-26 31.01 "SAC" "" "GSW" "L" -7 NA NA NA NA NA NA NA NA NA NA NA NA NA NA NA NA
"71" "29" 2006-03-28 31.02 "SAC" "" "WAS" "L" -13 0 1.13333333333333 1 1 0 0 0 0 0 0 0 41.1 200 118 1.7 40.4
"72" "30" 2006-03-29 31.02 "SAC" "@" "POR" "W" 16 0 3.11666666666667 0.5 0.5 0 0 0 0 0 0 0 33.7 95 121 1 -12.5
"73" "" 2006-03-31 31.03 "SAC" "@" "GSW" "W" 3 NA NA NA NA NA NA NA NA NA NA NA NA NA NA NA NA
"74" "" 2006-04-02 31.03 "SAC" "" "LAC" "W" 10 NA NA NA NA NA NA NA NA NA NA NA NA NA NA NA NA
"75" "31" 2006-04-04 31.04 "SAC" "@" "DAL" "L" -26 0 8.21666666666667 1 1 14.6 0 8.3 36.3 0 0 0 5.8 208 151 3 4
"76" "" 2006-04-05 31.04 "SAC" "@" "SAS" "W" 10 NA NA NA NA NA NA NA NA NA NA NA NA NA NA NA NA
"77" "" 2006-04-07 31.05 "SAC" "@" "LAC" "W" 3 NA NA NA NA NA NA NA NA NA NA NA NA NA NA NA NA
"78" "" 2006-04-09 31.05 "SAC" "" "HOU" "W" 9 NA NA NA NA NA NA NA NA NA NA NA NA NA NA NA NA
"79" "" 2006-04-11 31.06 "SAC" "" "PHO" "L" -13 NA NA NA NA NA NA NA NA NA NA NA NA NA NA NA NA
"80" "32" 2006-04-15 31.07 "SAC" "@" "DEN" "W" 18 0 2.58333333333333 NA NA 0 0 0 0 0 0 100 18.1 0 105 -1 -28.2
"81" "33" 2006-04-16 31.07 "SAC" "" "NOK" "W" 17 0 3.28333333333333 1 1 0 0 0 0 0 0 0 15 200 96 1.3 2.3
"82" "" 2006-04-18 31.08 "SAC" "" "SEA" "W" 6 NA NA NA NA NA NA NA NA NA NA NA NA NA NA NA NA
"1" "" 2006-11-01 31.62 "SAC" "@" "MIN" "L" -9 NA NA NA NA NA NA NA NA NA NA NA NA NA NA NA NA
"2" "" 2006-11-03 31.62 "SAC" "@" "CHI" "W" 1 NA NA NA NA NA NA NA NA NA NA NA NA NA NA NA NA
"3" "" 2006-11-04 31.62 "SAC" "@" "MIL" "L" -13 NA NA NA NA NA NA NA NA NA NA NA NA NA NA NA NA
"4" "" 2006-11-06 31.63 "SAC" "" "MIN" "W" 12 NA NA NA NA NA NA NA NA NA NA NA NA NA NA NA NA
"5" "" 2006-11-08 31.64 "SAC" "" "DET" "W" 13 NA NA NA NA NA NA NA NA NA NA NA NA NA NA NA NA
"6" "" 2006-11-12 31.65 "SAC" "" "TOR" "W" 15 NA NA NA NA NA NA NA NA NA NA NA NA NA NA NA NA
"7" "" 2006-11-15 31.65 "SAC" "" "MEM" "W" 4 NA NA NA NA NA NA NA NA NA NA NA NA NA NA NA NA
"8" "" 2006-11-16 31.66 "SAC" "@" "GSW" "L" -12 NA NA NA NA NA NA NA NA NA NA NA NA NA NA NA NA
"9" "" 2006-11-19 31.67 "SAC" "" "SAS" "L" -9 NA NA NA NA NA NA NA NA NA NA NA NA NA NA NA NA
"10" "" 2006-11-22 31.67 "SAC" "" "UTA" "L" -9 NA NA NA NA NA NA NA NA NA NA NA NA NA NA NA NA
"11" "" 2006-11-24 31.68 "SAC" "@" "SEA" "W" 9 NA NA NA NA NA NA NA NA NA NA NA NA NA NA NA NA
"12" "" 2006-11-28 31.69 "SAC" "" "LAC" "W" 13 NA NA NA NA NA NA NA NA NA NA NA NA NA NA NA NA
"13" "" 2006-12-01 31.7 "SAC" "@" "DAL" "L" -19 NA NA NA NA NA NA NA NA NA NA NA NA NA NA NA NA
"14" "" 2006-12-02 31.7 "SAC" "@" "SAS" "L" -2 NA NA NA NA NA NA NA NA NA NA NA NA NA NA NA NA
"15" "" 2006-12-04 31.71 "SAC" "" "ORL" "L" -3 NA NA NA NA NA NA NA NA NA NA NA NA NA NA NA NA
"16" "1" 2006-12-05 31.71 "SAC" "@" "PHO" "L" -25 0 3.66666666666667 0 0 0 0 0 0 0 0 0 22.8 0 136 -1.4 -28.5
"17" "" 2006-12-07 31.72 "SAC" "" "MIA" "L" -2 NA NA NA NA NA NA NA NA NA NA NA NA NA NA NA NA
"18" "2" 2006-12-10 31.72 "SAC" "" "ATL" "W" 25 0 5.53333333333333 0 0 0 21.2 12.4 0 0 0 50 33.5 0 93 -4.3 -46.1
"19" "" 2006-12-12 31.73 "SAC" "@" "GSW" "L" -13 NA NA NA NA NA NA NA NA NA NA NA NA NA NA NA NA
"20" "" 2006-12-15 31.74 "SAC" "@" "UTA" "W" 1 NA NA NA NA NA NA NA NA NA NA NA NA NA NA NA NA
"21" "" 2006-12-16 31.74 "SAC" "" "PHO" "L" -7 NA NA NA NA NA NA NA NA NA NA NA NA NA NA NA NA
"22" "" 2006-12-18 31.75 "SAC" "" "DAL" "L" -18 NA NA NA NA NA NA NA NA NA NA NA NA NA NA NA NA
"23" "" 2006-12-21 31.75 "SAC" "" "WAS" "L" -7 NA NA NA NA NA NA NA NA NA NA NA NA NA NA NA NA
"24" "" 2006-12-22 31.76 "SAC" "@" "DEN" "W" 5 NA NA NA NA NA NA NA NA NA NA NA NA NA NA NA NA
"25" "" 2006-12-27 31.77 "SAC" "" "PHI" "W" 25 NA NA NA NA NA NA NA NA NA NA NA NA NA NA NA NA
"26" "" 2006-12-29 31.78 "SAC" "@" "LAC" "L" -9 NA NA NA NA NA NA NA NA NA NA NA NA NA NA NA NA
"27" "" 2006-12-30 31.78 "SAC" "" "GSW" "W" 23 NA NA NA NA NA NA NA NA NA NA NA NA NA NA NA NA
"28" "" 2007-01-02 31.79 "SAC" "" "NYK" "W" 12 NA NA NA NA NA NA NA NA NA NA NA NA NA NA NA NA
"29" "" 2007-01-04 31.79 "SAC" "" "LAL" "L" -4 NA NA NA NA NA NA NA NA NA NA NA NA NA NA NA NA
"30" "" 2007-01-06 31.8 "SAC" "" "POR" "L" -5 NA NA NA NA NA NA NA NA NA NA NA NA NA NA NA NA
"31" "" 2007-01-09 31.81 "SAC" "" "CLE" "L" -10 NA NA NA NA NA NA NA NA NA NA NA NA NA NA NA NA
"32" "" 2007-01-12 31.81 "SAC" "@" "POR" "L" -8 NA NA NA NA NA NA NA NA NA NA NA NA NA NA NA NA
"33" "" 2007-01-13 31.82 "SAC" "" "HOU" "L" -4 NA NA NA NA NA NA NA NA NA NA NA NA NA NA NA NA
"34" "" 2007-01-15 31.82 "SAC" "@" "NYK" "L" -5 NA NA NA NA NA NA NA NA NA NA NA NA NA NA NA NA
"35" "" 2007-01-17 31.83 "SAC" "@" "TOR" "L" -16 NA NA NA NA NA NA NA NA NA NA NA NA NA NA NA NA
"36" "" 2007-01-19 31.83 "SAC" "@" "BOS" "W" 5 NA NA NA NA NA NA NA NA NA NA NA NA NA NA NA NA
"37" "" 2007-01-20 31.84 "SAC" "@" "DET" "L" -17 NA NA NA NA NA NA NA NA NA NA NA NA NA NA NA NA
"38" "" 2007-01-22 31.84 "SAC" "" "NJN" "W" 1 NA NA NA NA NA NA NA NA NA NA NA NA NA NA NA NA
"39" "" 2007-01-24 31.85 "SAC" "" "MIL" "W" 8 NA NA NA NA NA NA NA NA NA NA NA NA NA NA NA NA
"40" "" 2007-01-26 31.85 "SAC" "@" "NOK" "L" -4 NA NA NA NA NA NA NA NA NA NA NA NA NA NA NA NA
"41" "" 2007-01-27 31.85 "SAC" "@" "DAL" "L" -2 NA NA NA NA NA NA NA NA NA NA NA NA NA NA NA NA
"42" "" 2007-01-29 31.86 "SAC" "@" "MEM" "L" -7 NA NA NA NA NA NA NA NA NA NA NA NA NA NA NA NA
"43" "" 2007-01-31 31.87 "SAC" "@" "MIN" "W" 2 NA NA NA NA NA NA NA NA NA NA NA NA NA NA NA NA
"44" "" 2007-02-03 31.87 "SAC" "" "DEN" "W" 7 NA NA NA NA NA NA NA NA NA NA NA NA NA NA NA NA
"45" "" 2007-02-05 31.88 "SAC" "" "NOK" "W" 6 NA NA NA NA NA NA NA NA NA NA NA NA NA NA NA NA
"46" "" 2007-02-08 31.89 "SAC" "" "CHI" "W" 9 NA NA NA NA NA NA NA NA NA NA NA NA NA NA NA NA
"47" "" 2007-02-10 31.89 "SAC" "@" "SEA" "W" 21 NA NA NA NA NA NA NA NA NA NA NA NA NA NA NA NA
"48" "" 2007-02-11 31.9 "SAC" "" "SEA" "L" -11 NA NA NA NA NA NA NA NA NA NA NA NA NA NA NA NA
"49" "" 2007-02-13 31.9 "SAC" "@" "HOU" "L" -5 NA NA NA NA NA NA NA NA NA NA NA NA NA NA NA NA
"50" "" 2007-02-14 31.9 "SAC" "@" "NOK" "L" -17 NA NA NA NA NA NA NA NA NA NA NA NA NA NA NA NA
"51" "" 2007-02-20 31.92 "SAC" "" "BOS" "W" 3 NA NA NA NA NA NA NA NA NA NA NA NA NA NA NA NA
"52" "" 2007-02-22 31.93 "SAC" "@" "WAS" "L" -3 NA NA NA NA NA NA NA NA NA NA NA NA NA NA NA NA
"53" "" 2007-02-23 31.93 "SAC" "@" "NJN" "L" -13 NA NA NA NA NA NA NA NA NA NA NA NA NA NA NA NA
"54" "" 2007-02-25 31.93 "SAC" "@" "IND" "W" 17 NA NA NA NA NA NA NA NA NA NA NA NA NA NA NA NA
"55" "" 2007-02-26 31.94 "SAC" "@" "PHI" "L" -7 NA NA NA NA NA NA NA NA NA NA NA NA NA NA NA NA
"56" "" 2007-03-02 31.95 "SAC" "@" "LAL" "W" 8 NA NA NA NA NA NA NA NA NA NA NA NA NA NA NA NA
"57" "" 2007-03-03 31.95 "SAC" "@" "POR" "W" 8 NA NA NA NA NA NA NA NA NA NA NA NA NA NA NA NA
"58" "" 2007-03-06 31.96 "SAC" "" "IND" "W" 4 NA NA NA NA NA NA NA NA NA NA NA NA NA NA NA NA
"59" "" 2007-03-08 31.96 "SAC" "" "SAS" "L" -7 NA NA NA NA NA NA NA NA NA NA NA NA NA NA NA NA
"60" "" 2007-03-11 31.97 "SAC" "" "DEN" "L" -12 NA NA NA NA NA NA NA NA NA NA NA NA NA NA NA NA
"61" "" 2007-03-13 31.98 "SAC" "@" "CLE" "L" -24 NA NA NA NA NA NA NA NA NA NA NA NA NA NA NA NA
"62" "" 2007-03-14 31.98 "SAC" "@" "CHA" "L" -3 NA NA NA NA NA NA NA NA NA NA NA NA NA NA NA NA
"63" "" 2007-03-16 31.99 "SAC" "@" "MIA" "L" -6 NA NA NA NA NA NA NA NA NA NA NA NA NA NA NA NA
"64" "" 2007-03-17 31.99 "SAC" "@" "ORL" "W" 12 NA NA NA NA NA NA NA NA NA NA NA NA NA NA NA NA
"65" "3" 2007-03-19 31.99 "SAC" "@" "ATL" "L" -23 0 3.68333333333333 NA NA 0 31.8 15.5 0 0 0 NA 0 0 107 0.3 -2.3
"66" "" 2007-03-21 32 "SAC" "" "MIN" "L" -6 NA NA NA NA NA NA NA NA NA NA NA NA NA NA NA NA
"67" "" 2007-03-22 32 "SAC" "@" "PHO" "L" -18 NA NA NA NA NA NA NA NA NA NA NA NA NA NA NA NA
"68" "" 2007-03-25 32.01 "SAC" "" "PHO" "W" 7 NA NA NA NA NA NA NA NA NA NA NA NA NA NA NA NA
"69" "" 2007-03-30 32.02 "SAC" "" "LAC" "L" -4 NA NA NA NA NA NA NA NA NA NA NA NA NA NA NA NA
"70" "" 2007-04-01 32.03 "SAC" "@" "LAL" "L" -23 NA NA NA NA NA NA NA NA NA NA NA NA NA NA NA NA
"71" "" 2007-04-03 32.04 "SAC" "" "DAL" "L" -4 NA NA NA NA NA NA NA NA NA NA NA NA NA NA NA NA
"72" "" 2007-04-04 32.04 "SAC" "@" "DEN" "L" -5 NA NA NA NA NA NA NA NA NA NA NA NA NA NA NA NA
"73" "" 2007-04-06 32.04 "SAC" "" "UTA" "W" 4 NA NA NA NA NA NA NA NA NA NA NA NA NA NA NA NA
"74" "" 2007-04-08 32.05 "SAC" "" "HOU" "L" -6 NA NA NA NA NA NA NA NA NA NA NA NA NA NA NA NA
"75" "" 2007-04-10 32.05 "SAC" "@" "MEM" "W" 12 NA NA NA NA NA NA NA NA NA NA NA NA NA NA NA NA
"76" "" 2007-04-11 32.06 "SAC" "@" "SAS" "L" -9 NA NA NA NA NA NA NA NA NA NA NA NA NA NA NA NA
"77" "" 2007-04-13 32.06 "SAC" "" "GSW" "L" -17 NA NA NA NA NA NA NA NA NA NA NA NA NA NA NA NA
"78" "" 2007-04-15 32.07 "SAC" "@" "LAC" "W" 5 NA NA NA NA NA NA NA NA NA NA NA NA NA NA NA NA
"79" "" 2007-04-16 32.07 "SAC" "" "NOK" "L" -7 NA NA NA NA NA NA NA NA NA NA NA NA NA NA NA NA
"80" "" 2007-04-18 32.08 "SAC" "" "LAL" "L" -11 NA NA NA NA NA NA NA NA NA NA NA NA NA NA NA NA
