"Rk" "G" "Date" "Age" "Tm" "H/A" "Opp" "W/L" "By Amt" "GS" "MP" "TS%" "eFG%" "ORB%" "DRB%" "TRB%" "AST%" "STL%" "BLK%" "TOV%" "USG%" "ORtg" "DRtg" "GmSc" "BPM"
"1" "" 2014-10-29 23.28 "BOS" "" "BRK" "W" 16 NA NA NA NA NA NA NA NA NA NA NA NA NA NA NA NA
"2" "" 2014-11-01 23.28 "BOS" "@" "HOU" "L" -14 NA NA NA NA NA NA NA NA NA NA NA NA NA NA NA NA
"3" "" 2014-11-03 23.29 "BOS" "@" "DAL" "L" -5 NA NA NA NA NA NA NA NA NA NA NA NA NA NA NA NA
"4" "" 2014-11-05 23.3 "BOS" "" "TOR" "L" -3 NA NA NA NA NA NA NA NA NA NA NA NA NA NA NA NA
"5" "" 2014-11-07 23.3 "BOS" "" "IND" "W" 3 NA NA NA NA NA NA NA NA NA NA NA NA NA NA NA NA
"6" "" 2014-11-08 23.3 "BOS" "@" "CHI" "W" 5 NA NA NA NA NA NA NA NA NA NA NA NA NA NA NA NA
"7" "" 2014-11-12 23.32 "BOS" "" "OKC" "L" -15 NA NA NA NA NA NA NA NA NA NA NA NA NA NA NA NA
"8" "1" 2014-11-14 23.32 "BOS" "" "CLE" "L" -1 0 0.0333333333333333 NA NA 0 0 0 0 0 0 NA 0 0 126 0 -6.2
"9" "" 2014-11-17 23.33 "BOS" "" "PHO" "L" -4 NA NA NA NA NA NA NA NA NA NA NA NA NA NA NA NA
"10" "" 2014-11-19 23.33 "BOS" "@" "PHI" "W" 11 NA NA NA NA NA NA NA NA NA NA NA NA NA NA NA NA
"11" "2" 2014-11-21 23.34 "BOS" "@" "MEM" "L" -17 0 2.46666666666667 1 1 0 0 0 0 0 0 0 17.8 200 126 1.3 2.8
"12" "" 2014-11-23 23.35 "BOS" "" "POR" "L" -6 NA NA NA NA NA NA NA NA NA NA NA NA NA NA NA NA
"13" "" 2014-11-28 23.36 "BOS" "" "CHI" "L" -7 NA NA NA NA NA NA NA NA NA NA NA NA NA NA NA NA
"14" "3" 2014-11-30 23.36 "BOS" "" "SAS" "L" -22 0 4.31666666666667 0.75 0.75 0 27.8 12.8 0 11.7 0 33.3 61.4 79 91 3.7 15
"15" "" 2014-12-02 23.37 "BOS" "@" "ATL" "L" -4 NA NA NA NA NA NA NA NA NA NA NA NA NA NA NA NA
"16" "" 2014-12-03 23.37 "BOS" "" "DET" "W" 7 NA NA NA NA NA NA NA NA NA NA NA NA NA NA NA NA
"17" "" 2014-12-05 23.38 "BOS" "" "LAL" "W" 17 NA NA NA NA NA NA NA NA NA NA NA NA NA NA NA NA
"18" "" 2014-12-07 23.38 "BOS" "" "WAS" "W" 8 NA NA NA NA NA NA NA NA NA NA NA NA NA NA NA NA
"19" "" 2014-12-08 23.39 "BOS" "@" "WAS" "L" -1 NA NA NA NA NA NA NA NA NA NA NA NA NA NA NA NA
"20" "" 2014-12-10 23.39 "BOS" "@" "CHO" "L" -9 NA NA NA NA NA NA NA NA NA NA NA NA NA NA NA NA
"21" "4" 2014-12-12 23.4 "BOS" "" "NYK" "L" -6 0 0.0166666666666667 NA NA 0 0 0 0 0 0 NA 0 0 117 0 -7.5
"22" "5" 2014-12-15 23.41 "BOS" "@" "PHI" "W" 18 0 2.35 0.568 NA 0 0 0 0 19.6 0 0 14.6 122 56 1.6 20.2
"23" "" 2014-12-17 23.41 "BOS" "" "ORL" "W" 17 NA NA NA NA NA NA NA NA NA NA NA NA NA NA NA NA
"24" "" 2014-12-20 23.42 "DAL" "" "SAS" "W" 6 NA NA NA NA NA NA NA NA NA NA NA NA NA NA NA NA
"25" "" 2014-12-22 23.42 "DAL" "" "ATL" "L" -3 NA NA NA NA NA NA NA NA NA NA NA NA NA NA NA NA
"26" "6" 2014-12-23 23.43 "DAL" "@" "PHO" "L" -9 0 0.633333333333333 NA NA 0 0 0 0 0 0 NA 0 0 126 0 -3.6
"27" "" 2014-12-26 23.44 "DAL" "" "LAL" "W" 4 NA NA NA NA NA NA NA NA NA NA NA NA NA NA NA NA
"28" "" 2014-12-28 23.44 "DAL" "" "OKC" "W" 5 NA NA NA NA NA NA NA NA NA NA NA NA NA NA NA NA
"29" "7" 2014-12-30 23.45 "DAL" "" "WAS" "W" 27 0 5.6 0.41 0.5 0 20.9 10.5 0 0 0 0 20.6 77 94 0.5 -10.7
"30" "8" 2015-01-02 23.45 "DAL" "@" "BOS" "W" 18 0 1.35 NA NA 79 0 39.5 79 0 0 NA 0 229 114 1.4 39.3
"31" "9" 2015-01-04 23.46 "DAL" "@" "CLE" "W" 19 0 2.55 1 1 0 42.8 25.4 0 0 0 0 20.3 200 97 2 11.4
"32" "" 2015-01-05 23.46 "DAL" "@" "BRK" "W" 8 NA NA NA NA NA NA NA NA NA NA NA NA NA NA NA NA
"33" "10" 2015-01-07 23.47 "DAL" "" "DET" "L" -13 0 0.566666666666667 NA NA 0 0 0 100 0 0 NA 0 216 121 0.7 74.4
"34" "11" 2015-01-10 23.48 "DAL" "@" "LAC" "L" -20 0 4.75 1.389 1.5 0 0 0 0 0 0 0 27.9 270 130 7 45.1
"35" "" 2015-01-13 23.48 "DAL" "@" "SAC" "W" 4 NA NA NA NA NA NA NA NA NA NA NA NA NA NA NA NA
"36" "12" 2015-01-14 23.49 "DAL" "@" "DEN" "L" -7 0 28.8166666666667 0.619 0.625 10 8.3 9.3 10.2 0 2.6 10.1 14.1 124 116 8.4 -2.9
"37" "13" 2015-01-16 23.49 "DAL" "" "DEN" "W" 8 0 14.4666666666667 0.5 0.5 0 6 3.2 0 7 0 20 15.7 73 84 2.1 -2.3
"38" "14" 2015-01-19 23.5 "DAL" "@" "MEM" "W" 8 0 16.6166666666667 0.399 0 0 7.4 3.4 0 3.1 0 0 10.5 95 102 0.5 -6.8
"39" "15" 2015-01-21 23.51 "DAL" "@" "MIN" "W" 23 0 19.9166666666667 1 1 14.6 37.1 28.4 7.6 0 0 25 10.5 155 78 7.4 3.3
"40" "16" 2015-01-23 23.51 "DAL" "" "CHI" "L" -4 0 21.15 0.347 0 0 0 0 0 2.5 7.3 0 12.8 82 116 2.4 -6.4
"41" "17" 2015-01-25 23.52 "DAL" "@" "NOP" "L" -3 0 15.4166666666667 0.906 1 37.1 8.6 24 19 0 5 0 17 200 129 14.1 20.2
"42" "18" 2015-01-27 23.52 "DAL" "" "MEM" "L" -19 0 13.6666666666667 0 0 0 29.3 14 0 3.9 0 50 7.1 0 114 -1.4 -13.5
"43" "19" 2015-01-28 23.53 "DAL" "@" "HOU" "L" -5 0 9.28333333333333 0.667 0.667 27.2 0 12.2 0 0 0 0 13.8 151 114 3.7 2.8
"44" "" 2015-01-30 23.53 "DAL" "@" "MIA" "W" 21 NA NA NA NA NA NA NA NA NA NA NA NA NA NA NA NA
"45" "" 2015-01-31 23.53 "DAL" "@" "ORL" "W" 15 NA NA NA NA NA NA NA NA NA NA NA NA NA NA NA NA
"46" "20" 2015-02-02 23.54 "DAL" "" "MIN" "W" 6 0 1.78333333333333 NA NA 0 0 0 0 0 0 NA 0 0 116 0 -9.2
"47" "" 2015-02-04 23.55 "DAL" "@" "GSW" "L" -14 NA NA NA NA NA NA NA NA NA NA NA NA NA NA NA NA
"48" "21" 2015-02-05 23.55 "DAL" "@" "SAC" "W" 23 0 4.36666666666667 0.4 0.4 0 23.4 11.3 0 11.2 0 0 50.2 76 60 1.8 -3.3
"49" "" 2015-02-07 23.55 "DAL" "" "POR" "W" 10 NA NA NA NA NA NA NA NA NA NA NA NA NA NA NA NA
"50" "22" 2015-02-09 23.56 "DAL" "" "LAC" "L" -17 0 13.9833333333333 0.543 0 0 6.9 3.4 0 3.8 0 0 8.9 126 123 2 -3.6
"51" "" 2015-02-11 23.56 "DAL" "" "UTA" "W" 5 NA NA NA NA NA NA NA NA NA NA NA NA NA NA NA NA
"52" "" 2015-02-19 23.59 "DAL" "@" "OKC" "L" -15 NA NA NA NA NA NA NA NA NA NA NA NA NA NA NA NA
"53" "" 2015-02-20 23.59 "DAL" "" "HOU" "W" 11 NA NA NA NA NA NA NA NA NA NA NA NA NA NA NA NA
"54" "" 2015-02-22 23.59 "DAL" "" "CHO" "W" 11 NA NA NA NA NA NA NA NA NA NA NA NA NA NA NA NA
"55" "" 2015-02-24 23.6 "DAL" "" "TOR" "W" 7 NA NA NA NA NA NA NA NA NA NA NA NA NA NA NA NA
"56" "23" 2015-02-25 23.6 "DAL" "@" "ATL" "L" -17 0 9.36666666666667 0.429 0.429 34.9 37.5 36.2 0 0 0 22.2 44.8 78 111 2.5 -12.7
"57" "" 2015-02-28 23.61 "DAL" "" "BRK" "L" -10 NA NA NA NA NA NA NA NA NA NA NA NA NA NA NA NA
"58" "" 2015-03-02 23.62 "DAL" "" "NOP" "W" 9 NA NA NA NA NA NA NA NA NA NA NA NA NA NA NA NA
"59" "" 2015-03-05 23.62 "DAL" "@" "POR" "L" -19 NA NA NA NA NA NA NA NA NA NA NA NA NA NA NA NA
"60" "24" 2015-03-06 23.63 "DAL" "@" "GSW" "L" -15 0 6.41666666666667 0 0 0 37.4 17.6 23.4 0 0 25 27.3 11 104 -1.8 -18.7
"61" "" 2015-03-08 23.63 "DAL" "@" "LAL" "W" 7 NA NA NA NA NA NA NA NA NA NA NA NA NA NA NA NA
"62" "" 2015-03-10 23.64 "DAL" "" "CLE" "L" -33 NA NA NA NA NA NA NA NA NA NA NA NA NA NA NA NA
"63" "" 2015-03-13 23.65 "DAL" "" "LAC" "W" 30 NA NA NA NA NA NA NA NA NA NA NA NA NA NA NA NA
"64" "" 2015-03-16 23.65 "DAL" "" "OKC" "W" 4 NA NA NA NA NA NA NA NA NA NA NA NA NA NA NA NA
"65" "" 2015-03-18 23.66 "DAL" "" "ORL" "W" 5 NA NA NA NA NA NA NA NA NA NA NA NA NA NA NA NA
"66" "" 2015-03-20 23.67 "DAL" "" "MEM" "L" -11 NA NA NA NA NA NA NA NA NA NA NA NA NA NA NA NA
"67" "" 2015-03-22 23.67 "DAL" "@" "PHO" "L" -6 NA NA NA NA NA NA NA NA NA NA NA NA NA NA NA NA
"68" "" 2015-03-24 23.68 "DAL" "" "SAS" "W" 7 NA NA NA NA NA NA NA NA NA NA NA NA NA NA NA NA
"69" "25" 2015-03-27 23.68 "DAL" "@" "SAS" "L" -18 0 2.48333333333333 0.5 0.5 0 0 0 0 0 0 0 36.3 100 116 1 5.5
"70" "" 2015-03-29 23.69 "DAL" "@" "IND" "L" -5 NA NA NA NA NA NA NA NA NA NA NA NA NA NA NA NA
"71" "" 2015-04-01 23.7 "DAL" "@" "OKC" "W" 4 NA NA NA NA NA NA NA NA NA NA NA NA NA NA NA NA
"72" "" 2015-04-02 23.7 "DAL" "" "HOU" "L" -7 NA NA NA NA NA NA NA NA NA NA NA NA NA NA NA NA
"73" "26" 2015-04-04 23.71 "DAL" "" "GSW" "L" -13 0 3.73333333333333 0.515 0.333 0 0 0 0 0 0 20.5 52.4 86 126 1.3 -9.8
"74" "" 2015-04-08 23.72 "DAL" "" "PHO" "W" 3 NA NA NA NA NA NA NA NA NA NA NA NA NA NA NA NA
"75" "" 2015-04-10 23.72 "DAL" "@" "DEN" "W" 1 NA NA NA NA NA NA NA NA NA NA NA NA NA NA NA NA
"76" "27" 2015-04-12 23.73 "DAL" "@" "LAL" "W" 14 0 2.01666666666667 NA NA 0 0 0 0 0 44.1 100 22.4 0 81 -0.3 -10.7
"77" "28" 2015-04-13 23.73 "DAL" "@" "UTA" "L" -17 0 24.2333333333333 0.372 0.278 8.3 29 17.8 6.6 0 3.7 0 19.7 96 112 5.1 -4.3
"78" "29" 2015-04-15 23.74 "DAL" "" "POR" "W" 16 0 4 NA NA 0 0 0 0 0 0 NA 0 0 105 0 -4.6
"1" "1" 2015-10-28 24.27 "DAL" "@" "PHO" "W" 16 0 17.3166666666667 0.57 0.571 0 30.2 16.5 9.6 0 0 8.7 29.9 105 90 7 -2.6
"2" "2" 2015-10-29 24.28 "DAL" "@" "LAC" "L" -16 0 19.0666666666667 0.507 0.5 8.5 30.8 18.6 0 0 0 10.1 21.5 96 103 5.6 -2.8
"3" "3" 2015-11-01 24.28 "DAL" "@" "LAL" "W" 10 0 24.8333333333333 0.538 0.571 9.2 23.7 17 12 0 7.6 11.8 15.5 108 92 7.7 0
"4" "4" 2015-11-03 24.29 "DAL" "" "TOR" "L" -11 0 25.7666666666667 0.336 0.286 3.7 41.9 20.5 21.9 3.9 0 0 24.7 87 94 8.5 3.7
"5" "5" 2015-11-05 24.3 "DAL" "" "CHO" "L" -14 0 23.4666666666667 0.509 0.5 8.5 32.5 20 10.4 2.1 3.3 0 26.3 109 104 12.3 5.5
"6" "6" 2015-11-07 24.3 "DAL" "" "NOP" "W" 9 0 25.75 0.794 0.778 9.1 21.7 15.5 6.9 0 3.2 0 17.1 164 102 14.2 7.4
"7" "7" 2015-11-10 24.31 "DAL" "@" "NOP" "L" -15 0 16.7166666666667 0.74 0.8 18.3 19.1 18.7 10.4 0 4.9 12.9 19.8 138 116 9.1 3.5
"8" "8" 2015-11-11 24.31 "DAL" "" "LAC" "W" 10 0 16.3 0.8 0.8 24.5 18 20.8 9.7 0 0 16.7 17.3 148 117 7.2 0.5
"9" "9" 2015-11-13 24.32 "DAL" "" "LAL" "W" 8 0 21.8833333333333 0.644 0.5 4.5 43.1 25.1 18.7 2.2 0 0 15.5 142 67 13.4 12.1
"10" "10" 2015-11-14 24.32 "DAL" "@" "HOU" "W" 12 0 26.15 0.666 0.625 4.7 30 18.8 16.3 0 7.3 9.3 18.1 132 97 14.6 9.1
"11" "11" 2015-11-16 24.33 "DAL" "@" "PHI" "W" 6 0 25.9666666666667 0.554 0.6 8.4 27.1 17.4 0 3.7 0 32.2 15.9 79 80 4.9 -3
"12" "12" 2015-11-18 24.33 "DAL" "@" "BOS" "W" 4 0 22.55 0.452 0.25 11.8 18.5 15.6 6.1 0 6.5 23.1 17.6 91 104 4.3 -5
"13" "13" 2015-11-20 24.34 "DAL" "" "UTA" "W" 9 0 21.9666666666667 0.671 0.5 11.5 9.9 10.7 6.7 5 3.6 0 18.2 153 101 11.8 7.1
"14" "14" 2015-11-22 24.34 "DAL" "@" "OKC" "L" -3 0 13.4666666666667 0.742 0.714 0 8.7 4.6 0 7.2 0 0 27.8 149 108 11.2 11.2
"15" "15" 2015-11-24 24.35 "DAL" "@" "MEM" "L" -14 0 20.65 0.167 0.167 11.3 28.5 20.7 25.2 0 7.2 25 17.2 58 101 2.9 -3.4
"16" "16" 2015-11-25 24.35 "DAL" "@" "SAS" "L" -5 0 12.05 0.667 0.667 8.1 16.3 12.2 0 0 0 40 19.7 75 101 1.6 -6.3
"17" "17" 2015-11-28 24.36 "DAL" "" "DEN" "W" 11 0 20.8166666666667 0.5 0.5 10.2 11 10.6 8.8 7.7 4.6 14.3 15.8 101 78 7.6 4.9
"18" "18" 2015-11-30 24.36 "DAL" "@" "SAC" "L" -14 0 12.2333333333333 0.347 0 9.3 49 28.7 0 0 8.2 25.8 13.9 70 107 1.7 -8
"19" "19" 2015-12-01 24.37 "DAL" "@" "POR" "W" 3 0 13.1166666666667 0.333 0.333 16.5 8.1 12.2 11.6 3.9 6.7 0 20.8 96 102 3.9 -1.9
"20" "20" 2015-12-04 24.38 "DAL" "" "HOU" "L" -4 0 16 0.764 0.8 7.3 32.6 20.7 12 0 5.2 12.2 23 136 102 10.9 11.2
"21" "" 2015-12-06 24.38 "DAL" "@" "WAS" "W" 12 NA NA NA NA NA NA NA NA NA NA NA NA NA NA NA NA
"22" "21" 2015-12-07 24.38 "DAL" "@" "NYK" "W" 7 0 19.0166666666667 0.84 0.667 12.3 25.9 18.9 0 0 0 17.4 14.6 152 107 7.5 -1.2
"23" "22" 2015-12-09 24.39 "DAL" "" "ATL" "L" -3 0 22.5166666666667 0.535 0.4 10.5 17.3 13.1 0 2.3 0 7.1 25.6 117 103 9.6 0.8
"24" "23" 2015-12-12 24.4 "DAL" "" "WAS" "L" -3 0 20.7 0.58 0.5 10.1 11.9 10.9 0 0 0 0 16.1 133 120 7.6 -2.4
"25" "24" 2015-12-14 24.4 "DAL" "" "PHO" "W" 10 0 16.2833333333333 0.952 1 0 36.8 20.1 0 0 0 0 12.1 200 96 7.6 4.9
"26" "25" 2015-12-16 24.41 "DAL" "@" "IND" "L" -26 0 7.46666666666667 1 1 0 15.7 6.8 0 0 0 0 6.1 200 112 0.8 -6.6
"27" "26" 2015-12-18 24.41 "DAL" "" "MEM" "W" 9 0 9.45 0 0 12.7 0 5.7 0 5.5 0 0 9.6 35 94 -0.9 -13.5
"28" "27" 2015-12-22 24.42 "DAL" "@" "TOR" "L" -4 0 14.5833333333333 0.387 0.333 14 16.5 15.1 0 0 0 20.5 15.6 84 115 0.7 -13.9
"29" "28" 2015-12-23 24.43 "DAL" "@" "BRK" "W" 1 0 8.21666666666667 1 1 19.5 14.7 16.8 0 0 0 0 6.1 213 119 1.9 -4.2
"30" "29" 2015-12-26 24.44 "DAL" "" "CHI" "W" 7 0 20.8333333333333 0.615 0.667 10.5 23.6 16.7 0 5 0 12 17.4 116 111 6.8 -3.8
"31" "30" 2015-12-28 24.44 "DAL" "" "MIL" "W" 10 0 15.5 0.508 0.429 6.3 8.4 7.2 10.8 3.4 0 0 24.5 112 101 6.6 0.7
"32" "31" 2015-12-30 24.45 "DAL" "" "GSW" "W" 23 0 25.4333333333333 0.556 0.556 4.6 11.8 8.5 5.8 0 0 10 17.8 112 102 5.4 -4.4
"33" "32" 2016-01-01 24.45 "DAL" "@" "MIA" "L" -24 0 13.8 0.085 0 31.6 0 19.3 0 3.9 0 0 19.8 62 117 0.8 -15.6
"34" "33" 2016-01-02 24.45 "DAL" "" "NOP" "L" -7 0 8.78333333333333 1 1 0 14 6.4 0 0 0 0 5.2 200 109 1.6 -2.9
"35" "" 2016-01-05 24.46 "DAL" "" "SAC" "W" 1 NA NA NA NA NA NA NA NA NA NA NA NA NA NA NA NA
"36" "34" 2016-01-06 24.47 "DAL" "@" "NOP" "W" 9 0 29.8333333333333 0.558 0.444 10.3 20.1 15.6 10.5 3.4 5.2 7.9 19.1 121 88 14.7 6.3
"37" "35" 2016-01-08 24.47 "DAL" "@" "MIL" "L" -1 0 8.23333333333333 0.667 0.667 13.2 14.2 13.7 0 0 0 40 27.2 73 111 1.3 -13
"38" "36" 2016-01-10 24.48 "DAL" "@" "MIN" "W" 6 0 13.55 NA NA 0 36.3 18.4 9.8 4 5.6 100 3.6 41 84 2.2 2.6
"39" "37" 2016-01-12 24.48 "DAL" "" "CLE" "L" -3 0 3.9 0 0 0 0 0 0 0 0 0 26 0 128 -1.8 -36.9
"40" "38" 2016-01-13 24.48 "DAL" "@" "OKC" "L" -19 0 32 0.282 0.167 9.2 19.6 14.2 10.3 3 0 12.3 22.3 67 105 4.5 -6.5
"41" "39" 2016-01-15 24.49 "DAL" "@" "CHI" "W" 6 0 14.4 0 0 7.9 13.9 11.1 0 0 0 0 7.1 35 94 -0.1 -9.2
"42" "40" 2016-01-17 24.5 "DAL" "@" "SAS" "L" -29 0 15.5333333333333 0.735 0.625 0 13.4 6.4 0 0 4.4 8.9 33 126 111 10.5 13.6
"43" "41" 2016-01-18 24.5 "DAL" "" "BOS" "W" 5 0 17.0166666666667 0.5 0.5 0 23.5 12.5 9.2 3 4.9 20 13.2 87 99 4.2 1.8
"44" "42" 2016-01-20 24.5 "DAL" "" "MIN" "W" 12 0 2.96666666666667 0 0 35 0 18.2 0 0 0 0 15.2 62 101 0 -14.1
"45" "43" 2016-01-22 24.51 "DAL" "" "OKC" "L" -3 0 6.58333333333333 NA NA 19.7 17 18.2 0 0 0 NA 0 225 121 0.2 -11.7
"46" "44" 2016-01-24 24.52 "DAL" "@" "HOU" "L" -11 0 13.8 0.564 0.5 8.9 0 4.6 12 0 0 0 18 134 132 5 0.5
"47" "45" 2016-01-26 24.52 "DAL" "@" "LAL" "W" 2 0 10.2833333333333 0.515 0.333 0 24.6 11.4 0 0 0 0 19.4 107 104 2.9 -2.7
"48" "46" 2016-01-27 24.52 "DAL" "@" "GSW" "L" -20 0 25.1166666666667 0.764 0.8 4.7 23.2 12.9 15.8 0 0 21.7 17.2 130 140 9.5 2.1
"49" "47" 2016-01-29 24.53 "DAL" "" "BRK" "W" 12 0 1.16666666666667 NA NA 0 0 0 0 0 0 NA 0 0 102 0 -7
"50" "48" 2016-01-31 24.53 "DAL" "" "PHO" "W" 13 0 11.55 1.042 1 9 31.2 19.3 0 0 0 0 11.7 219 88 6.6 10.6
"51" "49" 2016-02-01 24.54 "DAL" "@" "ATL" "L" -15 0 7.03333333333333 0.532 0 0 42.7 15.7 0 0 0 34.7 18.2 73 116 0.1 -13.9
"52" "" 2016-02-03 24.54 "DAL" "" "MIA" "L" -3 NA NA NA NA NA NA NA NA NA NA NA NA NA NA NA NA
"53" "50" 2016-02-05 24.55 "DAL" "" "SAS" "L" -26 0 13.15 0.613 0.333 9.4 28.1 18.7 12.4 3.9 0 0 23.8 139 116 8.4 10.6
"54" "51" 2016-02-06 24.55 "DAL" "@" "MEM" "W" 4 0 14.2833333333333 1.05 1 21 18.6 19.9 0 3.8 0 17.4 19.9 182 106 11 11.4
"55" "52" 2016-02-09 24.56 "DAL" "" "UTA" "L" -2 0 11.5833333333333 1.017 1 0 21.3 11.4 0 0 0 22.5 19.5 137 125 5.7 4.2
"56" "53" 2016-02-19 24.59 "DAL" "@" "ORL" "L" -6 0 3.95 NA NA 24.4 0 12.4 0 12.7 0 NA 0 241 86 0.9 -0.8
"57" "54" 2016-02-21 24.59 "DAL" "" "PHI" "W" 26 0 9.78333333333333 1.087 1 12 11.7 11.8 0 0 0 26.6 16.6 166 115 5.3 2.3
"58" "55" 2016-02-24 24.6 "DAL" "" "OKC" "L" -13 0 1.18333333333333 NA NA 0 0 0 0 0 0 NA 0 0 133 0 -9.2
"59" "" 2016-02-26 24.61 "DAL" "" "DEN" "W" 6 NA NA NA NA NA NA NA NA NA NA NA NA NA NA NA NA
"60" "56" 2016-02-28 24.61 "DAL" "" "MIN" "W" 27 0 8.61666666666667 0.333 0.333 0 9.6 5.8 13.4 5.8 0 0 15.7 87 99 2.3 -1.6
"61" "57" 2016-03-01 24.62 "DAL" "" "ORL" "W" 13 0 3.58333333333333 0 0 81.2 0 33.1 0 27.8 0 33.3 38 55 60 0.6 -16
"62" "" 2016-03-03 24.62 "DAL" "" "SAC" "L" -3 NA NA NA NA NA NA NA NA NA NA NA NA NA NA NA NA
"63" "" 2016-03-06 24.63 "DAL" "@" "DEN" "L" -2 NA NA NA NA NA NA NA NA NA NA NA NA NA NA NA NA
"64" "58" 2016-03-07 24.63 "DAL" "" "LAC" "L" -19 0 5.9 0 0 0 0 0 0 8.4 0 0 14.8 0 100 -0.4 -7.9
"65" "" 2016-03-09 24.64 "DAL" "" "DET" "L" -6 NA NA NA NA NA NA NA NA NA NA NA NA NA NA NA NA
"66" "" 2016-03-12 24.65 "DAL" "" "IND" "L" -7 NA NA NA NA NA NA NA NA NA NA NA NA NA NA NA NA
"67" "" 2016-03-14 24.65 "DAL" "@" "CHO" "W" 11 NA NA NA NA NA NA NA NA NA NA NA NA NA NA NA NA
"68" "59" 2016-03-16 24.66 "DAL" "@" "CLE" "L" -1 0 2.56666666666667 1 1 0 0 0 0 0 0 0 19.2 200 117 0.9 -3.5
"69" "60" 2016-03-18 24.66 "DAL" "" "GSW" "L" -18 0 1.96666666666667 0.5 0.5 0 0 0 0 0 0 0 42.6 96 132 1 -4.5
"70" "" 2016-03-20 24.67 "DAL" "" "POR" "W" 12 NA NA NA NA NA NA NA NA NA NA NA NA NA NA NA NA
"71" "" 2016-03-23 24.68 "DAL" "@" "POR" "L" -6 NA NA NA NA NA NA NA NA NA NA NA NA NA NA NA NA
"72" "61" 2016-03-25 24.68 "DAL" "@" "GSW" "L" -8 0 23.5833333333333 0.317 0.286 8.5 23.7 15.7 20.9 0 0 11.3 15.5 97 135 3.6 -8.9
"73" "62" 2016-03-27 24.69 "DAL" "@" "SAC" "L" -22 0 16.2166666666667 0.777 0.75 18.9 25.4 21.7 17.9 0 4.8 0 18.8 175 132 13.3 13.1
"74" "63" 2016-03-28 24.69 "DAL" "@" "DEN" "W" 9 1 29.85 0.615 0.615 6.8 25.9 14.4 0 3.6 3.5 0 21.4 124 96 14.1 1.7
"75" "64" 2016-03-30 24.7 "DAL" "" "NYK" "W" 2 1 17.7833333333333 0.167 0.167 16.9 7.3 12.7 8.4 0 0 14.3 17.6 61 102 -0.1 -11.4
"76" "65" 2016-04-01 24.7 "DAL" "@" "DET" "W" 9 0 0.0333333333333333 NA NA 0 0 0 0 0 0 NA 0 0 -233 -0.4 -590.6
"77" "66" 2016-04-03 24.71 "DAL" "@" "MIN" "W" 10 0 3.65 0 0 0 0 0 0 0 0 0 13.1 0 100 -0.7 -17.9
"78" "" 2016-04-06 24.72 "DAL" "" "HOU" "W" 2 NA NA NA NA NA NA NA NA NA NA NA NA NA NA NA NA
"79" "67" 2016-04-08 24.72 "DAL" "" "MEM" "W" 10 0 0.75 NA NA 0 0 0 0 0 98.5 NA 0 0 56 0.7 50.1
"80" "68" 2016-04-10 24.73 "DAL" "@" "LAC" "L" -7 0 8.68333333333333 0.694 1 13.5 23 18.6 0 0 0 0 15.5 130 108 3.9 6
"81" "" 2016-04-11 24.73 "DAL" "@" "UTA" "W" 9 NA NA NA NA NA NA NA NA NA NA NA NA NA NA NA NA
"82" "69" 2016-04-13 24.73 "DAL" "" "SAS" "L" -5 0 2.88333333333333 NA NA 0 0 0 0 19 0 NA 0 0 77 1 12.2
"1" "1" 2016-10-26 25.27 "DAL" "@" "IND" "L" -9 0 16.4833333333333 0 0 17.9 27.4 22.3 7.1 0 4.3 0 7.3 77 113 1.7 -8.2
"2" "2" 2016-10-28 25.27 "DAL" "" "HOU" "L" -8 0 19.8166666666667 1 1 11.5 14.7 12.9 0 7.8 6.4 0 2.4 210 98 6.6 5.7
"3" "3" 2016-10-30 25.28 "DAL" "@" "HOU" "L" -1 0 12.2166666666667 0.5 0.5 0 20.1 8.7 19.4 4.3 0 0 26.5 108 96 5.6 9.7
"4" "4" 2016-11-02 25.29 "DAL" "@" "UTA" "L" -16 0 15.9166666666667 0.619 0.625 0 8.2 3.9 0 0 0 0 28.7 116 113 6.1 1.2
"5" "5" 2016-11-04 25.29 "DAL" "" "POR" "L" -10 0 23.3333333333333 0.735 0.667 9.8 28.1 19.1 20.7 6.5 4.2 0 9.4 172 93 13.5 15.1
"6" "6" 2016-11-06 25.3 "DAL" "" "MIL" "W" 11 0 10.3166666666667 0 0 9.9 22.8 15.9 0 0 0 50 9.5 27 79 -1.6 -16.7
"7" "7" 2016-11-08 25.3 "DAL" "@" "LAL" "W" 12 0 26.7666666666667 0.556 0.556 4.8 14.5 9.7 0 9.9 3.4 10 18 103 90 12 3.7
"8" "8" 2016-11-09 25.31 "DAL" "@" "GSW" "L" -21 1 26.2833333333333 0.751 0.75 11.7 32.2 20.3 7.9 4 0 0 16.2 160 123 16.6 9
"9" "9" 2016-11-14 25.32 "DAL" "@" "NYK" "L" -16 0 18.4 0.338 0.25 5.4 18.2 11.5 0 3 4.9 18.4 28.4 63 101 2.1 -9.8
"10" "10" 2016-11-16 25.33 "DAL" "@" "BOS" "L" -7 0 29.4166666666667 0.169 0.125 3.6 28.6 15.4 0 3.6 3 10.1 16.7 38 90 0.7 -9.8
"11" "11" 2016-11-18 25.33 "DAL" "" "MEM" "L" -16 0 17.3833333333333 0 0 0 6.6 3 0 0 10.6 0 8.3 0 90 -1.6 -9.7
"12" "12" 2016-11-19 25.33 "DAL" "@" "ORL" "L" -8 0 20.5166666666667 0.244 0 10.4 24 16.7 0 2.5 0 0 18.8 67 98 2.6 -9.3
"13" "13" 2016-11-21 25.34 "DAL" "@" "SAS" "L" -5 0 19.2166666666667 0.25 0.25 6.1 32.9 19 0 5.6 0 0 10 70 98 3.4 -1.9
"14" "14" 2016-11-23 25.35 "DAL" "" "LAC" "L" -20 0 14.4833333333333 0.508 0.429 7.1 24.9 15.2 11.8 0 0 11.3 27.3 102 129 5.2 -6.2
"15" "15" 2016-11-25 25.35 "DAL" "@" "CLE" "L" -38 0 12 0.727 0.667 0 10.8 4.7 57.1 0 9.5 12.7 28.8 131 131 9.1 15
"16" "16" 2016-11-27 25.36 "DAL" "" "NOP" "W" 10 0 26.1166666666667 0.667 0.667 4.3 8.2 6.3 6.5 10.8 3.2 0 5.6 151 76 9.2 9.4
"17" "17" 2016-11-30 25.36 "DAL" "" "SAS" "L" -7 0 14.9833333333333 0.727 0.667 14.9 17.8 16.2 0 3.8 0 12.7 26.8 132 106 8.6 6.4
"18" "18" 2016-12-01 25.37 "DAL" "@" "CHO" "L" -10 0 24.2666666666667 0.615 0.5 9 33 19.8 0 2.1 3.5 0 9.2 141 99 6.5 -0.6
"19" "19" 2016-12-03 25.37 "DAL" "" "CHI" "W" 25 0 28.3 0.666 0.636 11.3 17 14 6 0 0 7.3 22.2 132 97 13.5 0.4
"20" "20" 2016-12-05 25.38 "DAL" "" "CHO" "L" -8 0 31.9 0.609 0.636 11.4 12.9 12 0 0 2.5 0 17.8 130 119 12.9 -0.3
"21" "21" 2016-12-07 25.38 "DAL" "" "SAC" "L" -31 0 24.7 0.429 0.429 9 15.8 12.1 37.1 4 3.1 0 12.7 123 115 9.6 6.6
"22" "22" 2016-12-09 25.39 "DAL" "" "IND" "W" 8 0 21.0666666666667 0.735 0.5 5.8 28.5 16 7.1 0 0 9.5 24.3 145 119 10.6 -1
"23" "23" 2016-12-10 25.39 "DAL" "@" "HOU" "L" -22 0 26.0666666666667 1 1 4.2 25.6 13.8 15 4.2 0 20 9.8 161 117 11 6.9
"24" "24" 2016-12-12 25.4 "DAL" "" "DEN" "W" 20 0 22.3666666666667 0.8 0.8 6.9 0 2.8 5.9 0 0 16.7 14.1 140 123 6.1 -3.5
"25" "25" 2016-12-14 25.4 "DAL" "" "DET" "L" -10 0 19.85 0.699 0.667 0 7.1 3 21.7 2.7 0 13.4 18.7 121 110 6.9 2.1
"26" "26" 2016-12-16 25.41 "DAL" "@" "UTA" "L" -3 0 23.6666666666667 0.446 0.333 5.1 21.7 11.9 7 0 0 0 24.6 104 127 6.8 -6
"27" "27" 2016-12-18 25.41 "DAL" "" "SAC" "W" 20 0 20.0166666666667 0.82 0.75 11.4 21.8 16.7 8.9 2.6 0 0 12 179 88 10.7 8.9
"28" "28" 2016-12-19 25.42 "DAL" "@" "DEN" "L" -10 0 29.4666666666667 0.688 0.688 8.6 30.5 18.6 4.7 0 8.9 0 13.6 146 123 12.6 4.1
"29" "29" 2016-12-21 25.42 "DAL" "@" "POR" "W" 1 0 23.75 0.755 0.5 23 16.4 20 0 6.7 9 14.4 13.6 154 92 13.4 8.8
"30" "30" 2016-12-23 25.43 "DAL" "@" "LAC" "W" 2 0 17.5 0.667 0.667 11.2 16.1 13.2 0 9.1 0 25 10.4 108 85 6.7 3.9
"31" "31" 2016-12-26 25.44 "DAL" "@" "NOP" "L" -7 0 21.2 0.63 0.667 0 34.3 15.5 0 0 0 0 11.4 123 127 4.2 -6.8
"32" "32" 2016-12-27 25.44 "DAL" "" "HOU" "L" -16 0 23.3 0.752 0.75 4.2 5.7 4.8 22.3 2.2 0 0 16.6 165 132 11.7 5.1
"33" "33" 2016-12-29 25.44 "DAL" "@" "LAL" "W" 12 0 14.1666666666667 0.778 0.778 9.2 43.4 26.7 0 0 0 0 31.1 154 102 12.3 11.8
"34" "34" 2016-12-30 25.45 "DAL" "@" "GSW" "L" -9 0 25.8166666666667 0.714 0.714 11.2 56.3 29.1 6.3 0 7.3 0 11.9 154 109 13.9 6.3
"35" "35" 2017-01-03 25.46 "DAL" "" "WAS" "W" 8 0 13.3166666666667 0.769 0.667 0 24 13.5 12.1 3.6 0 16.1 22.2 135 100 7.1 5.2
"36" "36" 2017-01-05 25.46 "DAL" "" "PHO" "L" -7 0 9.08333333333333 0.25 0.25 25.2 37.7 31.5 0 0 7.8 20 27.4 66 104 1.2 -15.1
"37" "37" 2017-01-07 25.47 "DAL" "" "ATL" "L" -15 0 15.6 0.8 0.8 13.1 30 21 0 3.4 0 0 15.3 161 101 9.3 10.7
"38" "38" 2017-01-09 25.47 "DAL" "@" "MIN" "L" -9 0 5.96666666666667 0.532 0 0 0 0 0 0 0 0 15.8 118 119 1.3 -4.7
"39" "39" 2017-01-12 25.48 "DAL" "@" "PHO" "W" 5 0 15.1833333333333 0.571 0.429 22.6 17.1 20 0 6.7 10.5 18.6 32.2 108 99 10 2
"40" "40" 2017-01-15 25.49 "DAL" "" "MIN" "W" 11 0 17.3333333333333 0 0 0 18.5 9.8 7.7 0 4.7 0 5.7 32 99 -0.7 -9.9
"41" "41" 2017-01-17 25.5 "DAL" "@" "CHI" "W" 1 0 12.0833333333333 0.75 0.75 0 9.7 5 15.8 0 0 0 16.2 147 113 5.4 6.5
"42" "42" 2017-01-19 25.5 "DAL" "@" "MIA" "L" -4 0 9.56666666666667 0.258 0 12.9 44.3 27.5 0 0 9.5 0 20.3 74 100 1.4 -9
"43" "43" 2017-01-20 25.5 "DAL" "" "UTA" "L" -5 0 26.8166666666667 0.81 0.833 8.4 4 6.2 0 0 0 0 15.3 168 118 10.7 3.8
"44" "44" 2017-01-22 25.51 "DAL" "" "LAL" "W" 49 0 18.6333333333333 0.717 0.625 19.3 25.1 22.3 20.4 8.6 5 0 11.9 185 63 12.5 19
"45" "45" 2017-01-25 25.52 "DAL" "" "NYK" "W" 8 0 10.4166666666667 1 1 20.9 9.8 15.2 0 0 0 0 4.6 207 110 3 -3.1
"46" "46" 2017-01-26 25.52 "DAL" "@" "OKC" "L" -11 0 13.8 0.4 0.4 0 29.8 13.2 11.2 0 7 0 17.1 91 115 3.6 -1.6
"47" "47" 2017-01-29 25.53 "DAL" "@" "SAS" "W" 4 0 9.96666666666667 1.064 1 0 24.1 11.2 0 0 0 0 9.1 227 109 3.9 2.8
"48" "48" 2017-01-30 25.53 "DAL" "" "CLE" "W" 7 0 28.6833333333333 0.589 0.545 14.9 18.1 16.3 0 3.6 7.8 0 19.3 134 97 14.9 5.1
"49" "49" 2017-02-01 25.54 "DAL" "" "PHI" "W" 18 0 10.4333333333333 0.51 0.5 9.4 22.4 15.3 14.9 4.9 8.4 14.5 29 103 87 4 0.2
"50" "50" 2017-02-03 25.54 "DAL" "@" "POR" "W" 4 0 8.06666666666667 0.798 1 0 25.9 14.9 0 6.7 0 0 12.4 161 100 2.7 1.2
"51" "51" 2017-02-06 25.55 "DAL" "@" "DEN" "L" -23 0 25.8666666666667 0.717 0.75 8.8 10.3 9.5 16.2 4 6.6 0 18.8 146 111 16.4 12.3
"52" "52" 2017-02-07 25.55 "DAL" "" "POR" "L" -1 0 12.2666666666667 NA NA 0 17 9.2 0 4.2 6.7 NA 0 0 112 2.3 2.3
"53" "53" 2017-02-09 25.56 "DAL" "" "UTA" "W" 7 0 6.58333333333333 0 0 0 0 0 0 0 0 0 7.4 0 116 -0.7 -12.9
"54" "54" 2017-02-11 25.56 "DAL" "" "ORL" "W" 32 0 16.5333333333333 0.75 0.75 14.2 5.8 9.6 17.4 3.1 0 0 16.2 167 89 10.1 11.8
"55" "55" 2017-02-13 25.57 "DAL" "" "BOS" "L" -13 0 17.45 0 0 7.2 13.8 10.6 7.9 0 0 0 2.8 94 124 0.9 -6.5
"56" "56" 2017-02-15 25.58 "DAL" "@" "DET" "L" -7 0 0.266666666666667 NA NA 0 0 0 0 0 0 NA 0 0 112 0 -10
"57" "57" 2017-02-24 25.6 "DAL" "@" "MIN" "L" -13 0 7.23333333333333 0 0 15.4 18.4 16.8 0 7.3 0 0 19.5 22 97 -0.1 -11.9
"58" "" 2017-02-25 25.6 "DAL" "" "NOP" "W" 13 NA NA NA NA NA NA NA NA NA NA NA NA NA NA NA NA
"59" "58" 2017-02-27 25.61 "DAL" "" "MIA" "W" 7 0 6.26666666666667 0.798 1 0 17.4 8.8 0 0 0 34.7 22.3 90 103 1.2 -6
"60" "59" 2017-03-01 25.61 "DAL" "@" "ATL" "L" -5 0 11.3333333333333 1.136 NA 10.6 31.4 19 0 0 0 0 3.6 247 116 3.3 0.1
"61" "" 2017-03-03 25.62 "DAL" "" "MEM" "W" 4 NA NA NA NA NA NA NA NA NA NA NA NA NA NA NA NA
"62" "60" 2017-03-05 25.62 "DAL" "" "OKC" "W" 15 0 2.58333333333333 0 0 0 41.3 21.6 0 0 0 0 18.4 0 88 -0.4 -18.3
"63" "61" 2017-03-07 25.63 "DAL" "" "LAL" "W" 11 0 8.1 1.064 1 15.2 12.9 13.9 0 6.1 9.9 51.5 21.8 109 97 4 2.5
"64" "62" 2017-03-10 25.64 "DAL" "" "BRK" "W" 9 0 20.2666666666667 0.754 0.5 6.2 37.7 23.1 7.7 0 0 17.7 12.7 142 101 6.9 1.5
"65" "63" 2017-03-11 25.64 "DAL" "" "PHO" "L" -2 0 9.78333333333333 1 1 0 34.2 16.7 0 0 0 0 4.8 200 107 2.2 -0.6
"66" "64" 2017-03-13 25.65 "DAL" "@" "TOR" "L" -22 0 21.2 0.484 0.444 12.8 44 25.4 0 0 4.3 8.8 26.2 95 108 8 -1.1
"67" "" 2017-03-15 25.65 "DAL" "@" "WAS" "W" 5 NA NA NA NA NA NA NA NA NA NA NA NA NA NA NA NA
"68" "65" 2017-03-17 25.66 "DAL" "@" "PHI" "L" -42 0 17.7166666666667 0.583 0.583 0 0 0 19.7 0 0 7.7 33.1 95 126 6.9 4.3
"69" "66" 2017-03-19 25.66 "DAL" "@" "BRK" "W" 7 0 11.6 0.568 NA 12.2 10.3 11.2 0 0 0 0 3.8 161 118 0.8 -7.5
"70" "67" 2017-03-21 25.67 "DAL" "" "GSW" "L" -25 0 8.21666666666667 0.595 0.6 10.6 0 6.9 0 0 0 0 31.7 121 124 3 -5.7
"71" "68" 2017-03-23 25.67 "DAL" "" "LAC" "W" 2 0 11.9666666666667 0.51 0.4 0 20.6 10.2 0 0 0 0 23.8 102 106 3.5 -5.1
"72" "69" 2017-03-25 25.68 "DAL" "" "TOR" "L" -8 0 3.9 0.532 0 28 0 14.7 0 0 20.5 0 22.5 141 105 2.7 12.1
"73" "" 2017-03-27 25.68 "DAL" "" "OKC" "L" -1 NA NA NA NA NA NA NA NA NA NA NA NA NA NA NA NA
"74" "70" 2017-03-29 25.69 "DAL" "@" "NOP" "L" -3 0 14.9 0.6 0.6 0 15.7 7.9 0 0 0 0 15.6 117 134 3.5 -6.7
"75" "" 2017-03-31 25.7 "DAL" "@" "MEM" "L" -9 NA NA NA NA NA NA NA NA NA NA NA NA NA NA NA NA
"76" "71" 2017-04-02 25.7 "DAL" "@" "MIL" "W" 4 0 4.25 0.5 0.5 34.2 0 17.9 0 0 0 33.3 35.7 82 122 0.7 -18.4
"77" "72" 2017-04-04 25.71 "DAL" "@" "SAC" "L" -11 1 33.7 0.463 0.455 0 23.7 11.1 5.4 0 2.4 14.4 19.4 79 107 5.2 -7.8
"78" "73" 2017-04-05 25.71 "DAL" "@" "LAC" "L" -11 0 1.13333333333333 1.5 1.5 0 0 0 0 0 0 0 38.5 300 121 2.7 90.2
"79" "74" 2017-04-07 25.72 "DAL" "" "SAS" "L" -13 0 25.25 0.607 0.667 7.9 14.1 11.2 6.7 0 2.8 9.2 20.6 107 110 9.1 1.4
"80" "75" 2017-04-09 25.72 "DAL" "@" "PHO" "L" -13 0 32.4666666666667 0.685 0.714 0 21.1 8.5 10.1 3.1 2.4 11.5 22.2 123 123 16.4 5.5
"81" "76" 2017-04-11 25.73 "DAL" "" "DEN" "L" -18 0 22.2833333333333 0.506 0.444 8.4 14.7 11.3 0 2.2 0 0 20.1 109 114 7.8 -1.1
"82" "77" 2017-04-12 25.73 "DAL" "@" "MEM" "W" 7 1 34.3666666666667 0.44 0.273 3.5 6.2 4.9 0 1.6 0 12.8 21.7 86 111 3.8 -10.9
"1" "1" 2017-10-18 26.25 "DAL" "" "ATL" "L" -6 0 13.9 1 1 0 0 0 0 3.5 4.5 25 12.5 113 115 4.6 3.8
"2" "2" 2017-10-20 26.25 "DAL" "" "SAC" "L" -5 0 9.73333333333333 0.3 0.3 20.5 21.9 21.2 18.9 0 0 0 25.6 90 107 2.2 -5.7
"3" "3" 2017-10-21 26.25 "DAL" "@" "HOU" "L" -16 0 20.3833333333333 0.551 0.5 4.4 23 12.4 9 2.4 0 0 11.9 122 107 6.1 1.4
"4" "4" 2017-10-23 26.26 "DAL" "" "GSW" "L" -30 0 19.2166666666667 0.479 0.45 4.6 6.6 5.4 8.9 0 0 16.1 25.6 88 136 3.5 -8
"5" "5" 2017-10-25 26.27 "DAL" "" "MEM" "W" 9 0 24.6166666666667 0.333 0.333 0 21.1 11 5.7 2.1 9.5 0 6 82 95 3.8 -1
"6" "6" 2017-10-26 26.27 "DAL" "@" "MEM" "L" -5 0 15.5833333333333 0.333 0.333 16.8 42 28 10.7 3.3 0 0 7.9 116 93 4.7 -0.9
"7" "7" 2017-10-28 26.27 "DAL" "" "PHI" "L" -2 0 18.05 0.425 0.4 7.8 32.4 21.3 16.3 0 0 14.5 18.4 97 118 3.7 -7.2
"8" "8" 2017-10-30 26.28 "DAL" "@" "UTA" "L" -15 0 25.0166666666667 0.583 0.583 15.1 34.4 24.9 13.6 0 8.3 0 11 145 104 10.2 8.3
"9" "9" 2017-11-01 26.28 "DAL" "@" "LAC" "L" -21 0 17.2833333333333 0 0 5.4 23.1 12.8 7.9 5.6 0 22.2 22.4 15 111 -3.4 -19.9
"10" "10" 2017-11-03 26.29 "DAL" "" "NOP" "L" -5 0 12.2166666666667 0.333 0.333 0 16.7 7.9 13.1 3.9 0 0 10.5 81 93 1.4 -2.4
"11" "11" 2017-11-04 26.29 "DAL" "@" "MIN" "L" -13 0 19.2666666666667 0.727 0.667 5.5 7.3 6.3 21.3 5.2 0 36.8 12.6 112 110 6 4.4
"12" "12" 2017-11-07 26.3 "DAL" "@" "WAS" "W" 14 0 1.66666666666667 0 0 0 0 0 0 0 0 0 26 0 104 -1.5 -51.9
"13" "13" 2017-11-11 26.31 "DAL" "" "CLE" "L" -7 0 16.1 0.307 0.25 11.5 41.6 25.1 0 3 0 0 13.1 87 100 3.2 -6.4
"14" "14" 2017-11-12 26.32 "DAL" "@" "OKC" "L" -13 0 18.9333333333333 0.87 0.9 5.6 15.4 9.8 18.9 5.1 6.3 24 18.4 134 103 12.1 14.8
"15" "" 2017-11-14 26.32 "DAL" "" "SAS" "L" -6 NA NA NA NA NA NA NA NA NA NA NA NA NA NA NA NA
"16" "15" 2017-11-17 26.33 "DAL" "" "MIN" "L" -24 0 6.85 0.5 0.5 0 0 0 0 0 0 0 13.4 101 130 1 -5.8
"17" "16" 2017-11-18 26.33 "DAL" "" "MIL" "W" 32 0 24.85 0.546 0.5 20.9 34.8 28.9 0 0 0 12 15.5 119 85 8.3 -2
"18" "17" 2017-11-20 26.34 "DAL" "" "BOS" "L" -8 0 23.3833333333333 0.6 0.6 12.1 5.4 9.3 0 0 0 0 9.8 136 110 5.3 -2.8
"19" "18" 2017-11-22 26.34 "DAL" "@" "MEM" "W" 1 0 18.7333333333333 0.752 0.75 5.1 30.5 16.7 0 2.6 4.9 0 12.9 153 88 9.1 5.4
"20" "19" 2017-11-25 26.35 "DAL" "" "OKC" "W" 16 0 15.4666666666667 0.833 0.833 8 21.7 15.1 0 0 6.9 0 19.2 164 91 9.7 9.4
"21" "20" 2017-11-27 26.36 "DAL" "@" "SAS" "L" -7 0 20.1666666666667 0.558 0.6 0 29.8 14.3 7 9.8 0 0 20.6 116 98 11.5 8.7
"22" "21" 2017-11-29 26.36 "DAL" "" "BRK" "L" -5 0 20.4833333333333 0.788 0.813 10.4 23 17.1 28.2 2.4 3.8 18.4 24.5 130 103 14.7 13.4
"23" "22" 2017-12-02 26.37 "DAL" "" "LAC" "W" 26 0 20.45 0.581 0.5 16.8 23.5 20.4 8.1 2.6 3.7 30.4 22 99 84 7.6 0.3
"24" "23" 2017-12-04 26.38 "DAL" "" "DEN" "W" 17 0 23.1333333333333 0.751 0.833 10.6 20 16 16.1 0 3.8 0 15.1 165 112 12.9 7.1
"25" "24" 2017-12-06 26.38 "DAL" "@" "BOS" "L" -7 0 13.4833333333333 0.25 0.25 21.4 29.7 25.4 0 0 0 20 17.4 72 103 1.1 -13.5
"26" "25" 2017-12-08 26.39 "DAL" "@" "MIL" "L" -7 0 29.7 0.856 0.786 4.4 16.6 10.6 0 0 0 0 14.5 174 120 13.2 3.9
"27" "26" 2017-12-10 26.39 "DAL" "@" "MIN" "L" -5 0 13.4166666666667 0 0 17 39.8 27.5 19.3 0 0 0 15.1 61 107 -0.4 -14.3
"28" "27" 2017-12-12 26.4 "DAL" "" "SAS" "W" 6 0 17.3666666666667 0.685 0.714 23.5 43.4 33.8 0 3 0 10.2 26.9 133 84 11.5 7.3
"29" "28" 2017-12-14 26.4 "DAL" "@" "GSW" "L" -15 0 22.35 0.75 0.75 9.5 15.9 11.9 21.1 0 0 0 8.5 171 126 7.7 1.6
"30" "29" 2017-12-16 26.41 "DAL" "@" "SAS" "L" -2 0 18.1666666666667 1.031 1 14.7 18.4 16.7 0 0 0 34 16.7 137 113 6.2 -3.1
"31" "30" 2017-12-18 26.41 "DAL" "" "PHO" "L" -6 0 12.5166666666667 1 1 7.7 9.4 8.4 0 0 7.1 0 6.9 207 100 3.9 -1
"32" "31" 2017-12-20 26.42 "DAL" "" "DET" "W" 17 0 20.4333333333333 0.765 0.7 0 6 3.1 0 0 0 25.4 19.3 105 110 3.8 -6.8
"33" "32" 2017-12-22 26.42 "DAL" "@" "MIA" "L" -12 0 16.8333333333333 1 1 0 27.2 10 10.7 6.8 6.1 0 13 206 116 10.8 14.1
"34" "33" 2017-12-23 26.43 "DAL" "@" "ATL" "L" -5 0 22.1 1.02 1 11.1 15 12.8 13.5 2.4 4.3 25.4 16.8 151 118 12.8 6.7
"35" "34" 2017-12-26 26.44 "DAL" "" "TOR" "W" 5 0 18.0333333333333 0.381 0.286 15.1 19 17.1 0 2.8 0 0 18.4 104 94 5.4 -2.2
"36" "35" 2017-12-27 26.44 "DAL" "@" "IND" "W" 4 0 22.7166666666667 0.732 0.667 0 16.7 8.6 0 2.4 0 0 18.5 146 104 10.1 1.7
"37" "36" 2017-12-29 26.44 "DAL" "@" "NOP" "W" 8 0 14.7666666666667 1.059 1 0 23.2 13.2 0 3.2 0 0 21.7 227 115 14.1 12.5
"38" "37" 2017-12-31 26.45 "DAL" "@" "OKC" "W" 3 0 15.1166666666667 0.6 0.6 15.1 16.3 15.7 0 6.8 5.6 0 15.5 136 105 8 5.8
"39" "38" 2018-01-03 26.46 "DAL" "" "GSW" "L" -3 0 28.1 0.938 0.889 18.6 12.8 15.9 11 1.6 0 8.2 18.7 181 120 22.5 12.3
"40" "39" 2018-01-05 26.46 "DAL" "" "CHI" "L" -3 0 27.0333333333333 1.009 1 0 10.1 4.7 4.6 5.2 0 13.4 11.7 167 119 12.1 1.6
"41" "40" 2018-01-07 26.47 "DAL" "" "NYK" "L" -4 0 14.3 0.347 0.5 0 32.7 13.6 10.6 0 0 0 8.8 76 103 1.3 -6.9
"42" "41" 2018-01-09 26.47 "DAL" "" "ORL" "W" 15 0 22.85 0.717 0.75 0 15 8 5.7 0 0 0 10.6 144 113 5 -4.2
"43" "42" 2018-01-10 26.48 "DAL" "@" "CHO" "W" 4 0 12.1 0.852 NA 9.4 9.9 9.7 0 0 6.8 0 6.8 197 108 3.5 -2.4
"44" "43" 2018-01-13 26.48 "DAL" "" "LAL" "L" -6 0 30.2 0.781 0.857 0 15.3 7.2 7.5 0 0 10.7 14.8 130 106 9 0.2
"45" "44" 2018-01-16 26.49 "DAL" "@" "DEN" "L" -3 0 20.8666666666667 0.333 0.333 6.2 30.7 19.6 6.9 4.7 0 0 13.3 85 96 5 -1
"46" "45" 2018-01-20 26.5 "DAL" "@" "POR" "L" -9 0 10.7666666666667 0 0 0 38.2 17.4 0 4.9 0 33.3 12.8 0 117 -0.9 -16.5
"47" "46" 2018-01-22 26.51 "DAL" "" "WAS" "W" 23 0 23.1666666666667 0.735 0.667 10.6 13.8 12.6 6.1 2.3 11.5 0 9.4 167 77 10.5 8.8
"48" "47" 2018-01-24 26.52 "DAL" "" "HOU" "L" -7 0 23.7833333333333 0.205 0.25 9 8.6 8.8 0 2.2 0 38.1 15.5 41 111 -2.8 -16.7
"49" "48" 2018-01-26 26.52 "DAL" "" "POR" "L" -14 0 16.9166666666667 0.571 0.571 10.9 14.6 12.5 0 3.1 5.8 0 19.6 122 111 7.2 1.6
"50" "49" 2018-01-27 26.52 "DAL" "@" "DEN" "L" -2 0 15.2333333333333 0.694 0.833 6.1 7.2 6.6 0 3.4 0 18.8 16.5 109 100 4.5 0.8
"51" "50" 2018-01-29 26.53 "DAL" "" "MIA" "L" -7 0 20.9833333333333 1 1 16.7 40 28.2 0 7.8 0 33.3 6.5 137 88 8.4 4.3
"52" "51" 2018-01-31 26.53 "DAL" "@" "PHO" "L" -14 1 27.5166666666667 0.658 0.75 12.9 12.5 12.7 0 1.8 0 0 8.3 146 109 8.1 -3.9
"53" "52" 2018-02-03 26.54 "DAL" "@" "SAC" "W" 7 1 31.2166666666667 0.824 0.778 18.1 22.6 20.4 5.1 1.7 0 8.8 17 160 108 18.1 5.6
"54" "53" 2018-02-05 26.55 "DAL" "@" "LAC" "L" -3 1 29.25 0.709 0.667 12 31.9 21.3 22.1 0 2.7 26.2 11.5 135 105 10.4 3.9
"55" "54" 2018-02-08 26.56 "DAL" "@" "GSW" "L" -18 1 31.3833333333333 0.836 0.778 10.9 10.7 10.8 10.4 3.2 0 0 15 179 129 20.5 8.8
"56" "55" 2018-02-10 26.56 "DAL" "" "LAL" "W" 7 0 23.1166666666667 0.69 0.667 16.4 21.3 18.9 6.6 4.2 0 6.8 27.9 138 118 17.6 4.1
"57" "56" 2018-02-11 26.56 "DAL" "@" "HOU" "L" -7 1 28.7 0.615 0.5 16.1 27.9 21.4 0 0 5.1 12 24.4 119 106 15.1 2
"58" "57" 2018-02-13 26.57 "DAL" "" "SAC" "L" -5 0 26.1833333333333 0.773 0.722 9.9 19.3 14.7 33.9 0 0 7.9 22.7 155 123 18.8 11
"59" "58" 2018-02-23 26.6 "DAL" "@" "LAL" "L" -22 0 26.8333333333333 0.19 0.143 3.4 18.3 9.8 15.2 0 6 0 13.2 67 123 1.9 -11.2
"60" "59" 2018-02-24 26.6 "DAL" "@" "UTA" "L" -7 0 24.6666666666667 0.74 0.6 9.7 20.3 15.5 6.9 2 3.7 0 12.6 162 96 11.8 8
"61" "60" 2018-02-26 26.61 "DAL" "" "IND" "W" 6 1 32.6333333333333 0.5 0.5 6.1 38.4 21.9 4.5 0 0 9.1 15.3 102 104 7.7 -5.8
"62" "61" 2018-02-28 26.61 "DAL" "" "OKC" "L" -1 1 37.1666666666667 0.671 0.769 6.3 18.2 12.4 14.4 4.2 0 11.3 22.1 118 102 19 6.3
"63" "62" 2018-03-02 26.62 "DAL" "@" "CHI" "L" -8 1 25.5 0.551 0.6 4 42.8 22.8 6.4 0 0 0 9.3 124 108 6.5 -3.3
"64" "63" 2018-03-04 26.62 "DAL" "" "NOP" "L" -17 1 23.3 0.665 0.5 12.1 42.3 25.2 5.4 0 0 0 6.9 165 123 7.2 -3.6
"65" "64" 2018-03-06 26.63 "DAL" "" "DEN" "W" 11 1 23.8 0.625 0.556 8.6 7.6 8.1 0 3.9 3.6 15.2 23.1 112 98 11.2 1
"66" "65" 2018-03-10 26.64 "DAL" "" "MEM" "W" 34 1 29.2666666666667 0.788 0.667 16 18.9 17.6 21.6 3.5 0 17.4 18.5 152 82 19 11.2
"67" "66" 2018-03-11 26.64 "DAL" "" "HOU" "L" -23 1 22.85 0.842 0.864 11.3 10 10.7 0 2.3 0 0 22.3 164 112 18.4 17.7
"68" "67" 2018-03-13 26.65 "DAL" "@" "NYK" "W" 13 0 8.9 1.268 1.5 11.7 14.2 12.8 0 0 0 0 13.7 259 109 7.7 17.5
"69" "68" 2018-03-16 26.65 "DAL" "@" "TOR" "L" -7 1 33.1666666666667 0.781 0.875 8.2 22.8 15.8 7.4 0 0 14.8 9.9 143 122 8.2 -1.7
"70" "69" 2018-03-17 26.66 "DAL" "@" "BRK" "L" -8 1 28.8333333333333 0.827 0.8 3.6 15.9 9.5 11.3 1.8 0 15.5 19.8 139 123 14.5 4.5
"71" "70" 2018-03-20 26.67 "DAL" "@" "NOP" "L" -10 1 24.6 0.917 0.917 12.7 14.6 13.6 17.6 0 0 0 11.4 192 124 12.3 5.8
"72" "71" 2018-03-22 26.67 "DAL" "" "UTA" "L" -7 1 18.9166666666667 0.37 0.2 0 21.7 10.3 6.4 2.7 4.4 0 16.3 91 120 4.8 -4.6
"73" "72" 2018-03-24 26.68 "DAL" "" "CHO" "L" -4 1 18.4 0.42 0 0 34.8 18.3 21.7 0 7.8 38.7 18.2 69 89 3.2 -5.4
"74" "" 2018-03-27 26.68 "DAL" "@" "SAC" "W" 6 NA NA NA NA NA NA NA NA NA NA NA NA NA NA NA NA
"75" "73" 2018-03-28 26.69 "DAL" "@" "LAL" "L" -10 1 19.95 0.6 0.6 10 17.6 13.5 9.3 7.5 0 0 11.8 136 95 8.9 5.5
"76" "74" 2018-03-30 26.69 "DAL" "" "MIN" "L" -1 1 20.9333333333333 0.773 0.833 20.8 15 17.8 13.7 0 0 34 13.1 125 104 5.8 -1.7
"77" "75" 2018-04-01 26.7 "DAL" "@" "CLE" "L" -11 1 22.6 1.087 1.5 0 14.5 7.2 0 0 3.6 42 10.2 113 106 3.3 -4
"78" "76" 2018-04-03 26.7 "DAL" "" "POR" "W" 6 1 18.5833333333333 0.75 0.75 10.5 25.8 17.4 8.9 2.6 0 0 19.2 152 106 11.1 6.5
"79" "" 2018-04-04 26.71 "DAL" "@" "ORL" "L" -5 NA NA NA NA NA NA NA NA NA NA NA NA NA NA NA NA
"80" "77" 2018-04-06 26.71 "DAL" "@" "DET" "L" -7 1 27.7666666666667 0.574 0.5 0 31.8 14.1 11.8 1.9 3.1 8.1 21 111 107 11.4 2.4
"81" "78" 2018-04-08 26.72 "DAL" "@" "PHI" "L" -12 1 35.4833333333333 0.558 0.556 5.1 25.8 14.2 15.6 1.4 2.1 7.9 15.4 117 110 14 3
"82" "79" 2018-04-10 26.72 "DAL" "" "PHO" "L" -27 1 21.45 0.581 0.5 11.4 16.6 13 22.2 4.8 0 0 13.4 146 126 11.4 4.9
"1" "1" 2018-10-17 27.24 "DAL" "@" "PHO" "L" -21 0 17.4833333333333 0.752 0.75 11.4 24.2 16.7 0 3 5.8 0 27.6 153 123 15.6 12.6
"2" "2" 2018-10-20 27.25 "DAL" "" "MIN" "W" 4 0 16.85 0.903 0.929 13.6 34.5 22.8 17.9 0 5 22.2 29.9 142 124 16.2 11.4
"3" "3" 2018-10-22 27.26 "DAL" "" "CHI" "W" 6 0 16.4 0.694 0.5 7.3 25.1 15.6 37.5 5.9 0 0 21.6 171 100 14.6 19.8
"4" "4" 2018-10-24 27.26 "DAL" "@" "ATL" "L" -7 0 12.4833333333333 1 1 7.3 21.8 14.5 34 0 7.3 0 12.9 207 101 9.3 13.7
"5" "5" 2018-10-26 27.27 "DAL" "@" "TOR" "L" -9 0 14.5 1 1 0 14.4 7 0 6.6 0 50 11.4 76 105 2.8 -4.1
"6" "6" 2018-10-28 27.27 "DAL" "" "UTA" "L" -9 0 11.3833333333333 0.5 0.5 9 10.8 9.8 0 4.3 0 20 18.3 85 109 1.4 -10.1
"7" "7" 2018-10-29 27.28 "DAL" "@" "SAS" "L" -5 0 11.75 0 0 0 9.8 5 0 4.1 0 0 3.7 0 99 -0.6 -8.3
"8" "8" 2018-10-31 27.28 "DAL" "@" "LAL" "L" -1 0 17.25 0.694 0.667 27.1 29.3 28.2 8.7 0 0 25.8 27.6 116 110 9.1 -0.2
"9" "9" 2018-11-02 27.29 "DAL" "" "NYK" "L" -12 0 15.2333333333333 0.8 0.8 0 16.2 7.9 0 3.3 5.7 0 14.4 156 114 6.4 6.4
"10" "10" 2018-11-06 27.3 "DAL" "" "WAS" "W" 19 0 15.15 0.608 0.5 0 28.2 15.5 9.7 0 6.1 14.8 19.3 114 99 5.8 0.2
"11" "11" 2018-11-07 27.3 "DAL" "@" "UTA" "L" -15 0 10.95 0.714 0.5 11.2 9.7 10.4 17.8 0 8.4 0 16.1 168 114 6.2 10.3
"12" "12" 2018-11-10 27.31 "DAL" "" "OKC" "W" 15 0 20.0166666666667 0.643 0.6 0 12 7.9 0 2.6 0 15.5 15.4 100 100 4.8 -5.5
"13" "13" 2018-11-12 27.32 "DAL" "@" "CHI" "W" 5 0 16.8166666666667 0.72 0.7 13 11.4 12.1 0 2.7 10.2 0 19.7 153 88 11.9 12.1
"14" "14" 2018-11-14 27.32 "DAL" "" "UTA" "W" 50 0 25.6166666666667 0.637 0.563 0 18 11.2 20 1.9 4.1 8.9 19.7 134 68 12 8
"15" "15" 2018-11-17 27.33 "DAL" "" "GSW" "W" 3 0 17.0666666666667 0.543 0.5 13.1 11.3 12.1 0 2.8 0 0 16.3 125 108 6.6 -0.2
"16" "" 2018-11-19 27.33 "DAL" "@" "MEM" "L" -10 NA NA NA NA NA NA NA NA NA NA NA NA NA NA NA NA
"17" "" 2018-11-21 27.34 "DAL" "" "BRK" "W" 6 NA NA NA NA NA NA NA NA NA NA NA NA NA NA NA NA
"18" "" 2018-11-24 27.35 "DAL" "" "BOS" "W" 9 NA NA NA NA NA NA NA NA NA NA NA NA NA NA NA NA
"19" "16" 2018-11-28 27.36 "DAL" "@" "HOU" "W" 20 0 18.6 0.75 0.75 0 18.4 10.3 0 2.7 6.1 0 9.4 151 109 5.8 -0.8
"20" "17" 2018-11-30 27.36 "DAL" "@" "LAL" "L" -11 0 16.9333333333333 0.679 0.556 6 37 21.3 28.6 0 0 7.4 32.8 135 107 13.2 9.2
"21" "18" 2018-12-02 27.37 "DAL" "" "LAC" "W" 4 0 16.45 0.82 0.75 11 26.5 18.9 17.6 0 4.1 17 14 151 102 8.8 6.2
"22" "19" 2018-12-04 27.38 "DAL" "" "POR" "W" 9 0 15.9666666666667 0.509 0.5 17.3 6.5 12.3 9.4 0 0 22.5 22.9 97 110 2.7 -7.7
"23" "20" 2018-12-05 27.38 "DAL" "@" "NOP" "L" -26 0 23.6333333333333 0.652 0.571 11.7 36.5 22.3 0 0 6.4 17.9 19.2 115 121 11.1 -1.6
"24" "21" 2018-12-08 27.39 "DAL" "" "HOU" "W" 3 0 16 0.25 0.25 0 22.5 11.3 23.7 3.3 0 33.3 17.1 65 112 0.8 -7.5
"25" "22" 2018-12-10 27.39 "DAL" "" "ORL" "W" 25 0 20.75 0.601 0.583 5.3 13.9 9.8 12.3 0 0 13.1 33.8 102 85 9.1 -1
"26" "23" 2018-12-12 27.4 "DAL" "" "ATL" "W" 7 0 14.7166666666667 0.47 0.5 0 6.8 4.1 0 0 0 15.8 19.1 75 114 -0.5 -18.5
"27" "24" 2018-12-13 27.4 "DAL" "@" "PHO" "L" -10 0 15.7166666666667 0.521 0.25 29.1 24 26.3 10.9 0 4.7 34.2 23.2 92 99 4.8 -3.9
"28" "25" 2018-12-16 27.41 "DAL" "" "SAC" "L" -7 0 18.4 0.68 0.6 10 5.4 7.8 16.2 2.5 3.9 0 12.4 160 114 9.7 7.2
"29" "26" 2018-12-18 27.41 "DAL" "@" "DEN" "L" -8 0 16.9166666666667 0.68 0.7 0 14.6 7.1 9 0 0 14.5 18.2 112 131 4.8 -4.5
"30" "27" 2018-12-20 27.42 "DAL" "@" "LAC" "L" -4 0 6.5 0.602 0.5 16.4 36.9 26.1 0 0 0 0 20.9 144 127 3.1 -3.5
"31" "" 2018-12-22 27.42 "DAL" "@" "GSW" "L" -4 NA NA NA NA NA NA NA NA NA NA NA NA NA NA NA NA
"32" "28" 2018-12-23 27.43 "DAL" "@" "POR" "L" -3 0 18.6833333333333 0.549 0.455 10.5 0 5.6 0 0 0 0 29.1 118 112 8.9 1.6
"33" "29" 2018-12-26 27.44 "DAL" "" "NOP" "W" 3 0 17.8 0.512 0.5 6.7 12 9.5 0 0 4.3 0 12 116 118 3 -8.3
"34" "30" 2018-12-28 27.44 "DAL" "@" "NOP" "L" -2 0 13.2333333333333 0.61 0.5 27.2 37.8 33 13.9 0 0 0 27.4 149 111 8.5 0.4
"35" "31" 2018-12-30 27.45 "DAL" "" "OKC" "W" 2 0 14.55 0.342 0.286 8 7 7.5 0 0 0 10.2 28.3 71 106 0.7 -13.6
"36" "32" 2018-12-31 27.45 "DAL" "@" "OKC" "L" -20 0 15.5 0.798 1 0 16.9 9.8 0 0 7.8 61.5 13.1 49 104 -0.8 -11.2
"37" "33" 2019-01-02 27.45 "DAL" "@" "CHO" "W" 38 0 23.75 1.025 1 13.2 17.7 15.7 11.9 4.1 3.5 12 14.9 183 78 19.1 18
"38" "34" 2019-01-04 27.46 "DAL" "@" "BOS" "L" -21 0 17.3666666666667 0.375 0.375 11.1 31.9 21.7 0 2.9 0 0 20 90 109 5.8 -2.9
"39" "35" 2019-01-05 27.46 "DAL" "@" "PHI" "L" -6 0 17.25 0.793 0.833 11.1 5.8 8.5 11.6 2.8 9.8 10.9 22.6 140 97 13.4 15.8
"40" "36" 2019-01-07 27.47 "DAL" "" "LAL" "L" -10 0 14.55 0.68 0.7 21.1 26.9 24.1 25.3 0 5.1 0 16.9 161 103 9.5 11.8
"41" "37" 2019-01-09 27.47 "DAL" "" "PHO" "W" 10 0 16.35 0.347 0.5 7.7 21.5 14.9 21.7 0 0 25.8 10.5 84 100 1.8 -4.8
"42" "38" 2019-01-11 27.48 "DAL" "@" "MIN" "W" 4 0 18.2666666666667 0.889 0.875 11.2 5.4 8.2 0 0 6.7 10.6 21.7 154 118 13.9 9.3
"43" "39" 2019-01-13 27.48 "DAL" "" "GSW" "L" -5 0 17.0333333333333 0.481 0.429 11.1 5.8 8.5 9.5 3 0 0 20.3 124 126 6.9 -0.8
"44" "40" 2019-01-16 27.49 "DAL" "" "SAS" "L" -4 0 20.5166666666667 0.625 0.5 12.3 11.7 12 14.5 0 0 0 15.9 158 128 8.5 3.2
"45" "41" 2019-01-19 27.5 "DAL" "@" "IND" "L" -12 0 14.1166666666667 0.709 0.667 14.2 24.9 19.1 29.1 0 0 11.4 27.1 139 120 10.3 11.5
"46" "42" 2019-01-21 27.51 "DAL" "@" "MIL" "L" -10 0 16.2166666666667 0.4 0.4 0 13.2 6 8.4 2.8 10 0 12.6 90 103 4.6 -0.2
"47" "43" 2019-01-22 27.51 "DAL" "" "LAC" "W" 8 0 2.68333333333333 1 1 0 0 0 0 0 0 0 17.1 200 117 1.7 10.1
"48" "44" 2019-01-25 27.52 "DAL" "" "DET" "W" 5 0 20.6833333333333 0.654 0.667 0 29.6 15.6 8.4 0 0 0 15.5 133 109 7.3 -1.7
"49" "45" 2019-01-27 27.52 "DAL" "" "TOR" "L" -3 0 12.2166666666667 0.8 0.8 9.1 8.9 9 0 0 0 0 17.2 158 128 6.3 2.4
"50" "46" 2019-01-30 27.53 "DAL" "@" "NYK" "W" 24 0 19.55 0.875 0.875 6.8 15.7 11.8 6.5 2.5 0 20 11.5 137 90 6.9 3.9
"51" "47" 2019-01-31 27.53 "DAL" "@" "DET" "L" -4 0 24.2166666666667 0.563 0.563 0 20.6 10.3 7.1 2.2 7.5 0 16.9 118 94 8.6 6.3
"52" "48" 2019-02-02 27.54 "DAL" "@" "CLE" "W" 13 0 24.1666666666667 0.68 0.6 0 11.5 6.3 5.8 0 3.2 25.4 14.9 105 106 5.2 -3.9
"53" "49" 2019-02-06 27.55 "DAL" "" "CHO" "W" 6 0 26.95 0.661 0.571 13.2 28.5 20.6 11.5 3.6 6.9 0 12.9 156 83 17.3 11.1
"54" "50" 2019-02-08 27.56 "DAL" "" "MIL" "L" -15 0 20.2833333333333 0.82 0.75 14.2 31.1 21.5 16.4 2.4 0 21.5 20.1 140 119 11.4 6.7
"55" "51" 2019-02-10 27.56 "DAL" "" "POR" "W" 1 0 26.9 0.683 0.5 15.2 17.8 16.4 11.6 0 0 0 15.2 162 106 13.8 5.8
"56" "52" 2019-02-11 27.56 "DAL" "@" "HOU" "L" -16 0 28.2666666666667 0.833 0.9 0 17.4 9.6 0 0 0 12.2 13.5 137 130 9.1 -0.6
"57" "53" 2019-02-13 27.57 "DAL" "" "MIA" "L" -11 0 26.0333333333333 0.615 0.5 0 21.1 8.7 6.1 0 0 0 8.2 134 119 5.1 -6.1
"58" "54" 2019-02-22 27.59 "DAL" "" "DEN" "L" -10 0 25.3 0.644 0.542 15.5 6.8 10.8 8.4 0 0 6.1 27.6 132 118 15.5 4.9
"59" "55" 2019-02-23 27.6 "DAL" "@" "UTA" "L" -16 0 29.6833333333333 0.432 0.385 3.1 19.3 10.2 24.6 0 0 6.7 22.3 98 130 8.4 -3.6
"60" "56" 2019-02-25 27.6 "DAL" "@" "LAC" "L" -9 1 36.7333333333333 1.01 1 13.8 11.1 12.3 21.8 2.7 4.8 0 14.8 209 118 29.7 16.2
"61" "57" 2019-02-27 27.61 "DAL" "" "IND" "W" 9 1 37.1 0.644 0.688 12.3 10.2 11.3 7.7 2.8 0 17.7 13.8 121 109 11.5 -1.4
"62" "58" 2019-03-02 27.62 "DAL" "" "MEM" "L" -30 1 31.9 0.674 0.643 5.1 26.6 12.9 30.1 3.1 0 17.2 16 121 113 12.9 3.6
"63" "59" 2019-03-04 27.62 "DAL" "@" "BRK" "L" -39 1 32.4833333333333 1.142 1.214 5.9 17.4 10.6 40.1 0 0 10.2 13.1 198 127 22.1 15.5
"64" "60" 2019-03-06 27.63 "DAL" "@" "WAS" "L" -9 1 36 0.888 0.958 13.9 16.7 15.2 8.8 0 2.2 0 17.4 184 137 27.9 9.3
"65" "61" 2019-03-08 27.63 "DAL" "@" "ORL" "L" -5 1 32.4666666666667 0.674 0.571 6.3 13.8 9.9 8.2 3 0 17.2 15.6 125 111 12.1 0.8
"66" "62" 2019-03-10 27.64 "DAL" "" "HOU" "L" -1 1 26.1166666666667 0.75 0.75 4.8 17 12 23.3 2 5.1 14.3 12.5 134 99 10.2 6.1
"67" "63" 2019-03-12 27.64 "DAL" "" "SAS" "L" -7 1 39.2166666666667 0.553 0.433 9.2 13.6 11.3 4 0 0 0 20.6 128 121 14.3 -2
"68" "64" 2019-03-14 27.65 "DAL" "@" "DEN" "L" -1 1 36.0833333333333 0.656 0.55 8.9 23.9 15.8 0 0 2.6 14.1 18.4 121 112 13.1 -1.4
"69" "65" 2019-03-16 27.65 "DAL" "" "CLE" "W" 5 1 29.3666666666667 0.766 0.8 4.5 8.8 6.7 9.9 0 3.4 8.7 18.5 140 130 11.8 -4
"70" "66" 2019-03-18 27.66 "DAL" "" "NOP" "L" -4 1 34.8 0.82 0.813 8.3 15.2 11.6 4.1 2.7 0 0 11.2 173 112 17.1 3.7
"71" "67" 2019-03-20 27.67 "DAL" "@" "POR" "L" -8 1 25.75 0.625 0.625 8.9 31.8 20.2 0 1.8 3.4 33.3 10.3 96 119 5.4 -5.1
"72" "68" 2019-03-21 27.67 "DAL" "@" "SAC" "L" -16 1 29.95 0.81 0.75 5.8 7 6.3 27.1 1.6 6.2 0 12.7 178 117 17.7 11.4
"73" "69" 2019-03-23 27.67 "DAL" "@" "GSW" "W" 35 1 25.8833333333333 0.667 0.667 20.6 7.6 13.1 23 1.9 0 0 5.5 198 97 9.4 5.3
"74" "70" 2019-03-26 27.68 "DAL" "" "SAC" "L" -4 1 32.1333333333333 0.887 0.857 14 34.7 25.9 14.9 0 9.3 7.8 18.8 178 123 25.5 13.1
"75" "71" 2019-03-28 27.69 "DAL" "@" "MIA" "L" -6 1 31.8166666666667 0.506 0.45 5.5 21.1 12.9 10.1 0 2.6 0 14.6 116 104 10.8 0.8
"76" "72" 2019-03-31 27.7 "DAL" "@" "OKC" "W" 3 1 28.35 0.37 0.321 15.4 14.9 15.1 0 0 0 25.2 30.6 69 107 0.9 -15.4
"77" "73" 2019-04-01 27.7 "DAL" "" "PHI" "W" 20 1 22.4 0.956 1 4 11.5 7.9 18.2 2.1 3.6 12 15.5 165 95 14.6 13.3
"78" "74" 2019-04-03 27.7 "DAL" "" "MIN" "L" -2 1 30.5833333333333 0.933 0.889 14 14.9 14.4 10.3 3.2 2.7 0 18.2 198 105 28.4 19.3
"79" "" 2019-04-05 27.71 "DAL" "" "MEM" "L" -10 NA NA NA NA NA NA NA NA NA NA NA NA NA NA NA NA
"80" "75" 2019-04-07 27.72 "DAL" "@" "MEM" "W" 2 1 21.15 0.689 0.7 4.6 15 9.6 9.1 2.4 0 0 22.9 137 119 12.5 3.1
"81" "76" 2019-04-09 27.72 "DAL" "" "PHO" "W" 11 1 27.35 0.681 0.6 20.6 17.2 18.9 14.7 0 9.9 27.1 15.7 126 98 12.8 0.7
"82" "77" 2019-04-10 27.72 "DAL" "@" "SAS" "L" -11 1 33.2 0.621 0.333 11.1 23.5 16.7 8.1 0 0 0 7.9 158 112 10 -3.3
"1" "" 2019-10-23 28.26 "DAL" "" "WAS" "W" 8 NA NA NA NA NA NA NA NA NA NA NA NA NA NA NA NA
"2" "" 2019-10-25 28.27 "DAL" "@" "NOP" "W" 7 NA NA NA NA NA NA NA NA NA NA NA NA NA NA NA NA
"3" "" 2019-10-27 28.27 "DAL" "" "POR" "L" -2 NA NA NA NA NA NA NA NA NA NA NA NA NA NA NA NA
"4" "1" 2019-10-29 28.28 "DAL" "@" "DEN" "W" 3 1 13.5666666666667 0.532 0.5 15.4 15.4 15.4 0 0 0 21 16.4 105 119 2 -12.2
"5" "2" 2019-11-01 28.28 "DAL" "" "LAL" "L" -9 1 25.0666666666667 0.717 0.688 8 12.9 10.4 0 0 0 23.5 20.1 110 111 8.5 1.5
"6" "3" 2019-11-03 28.29 "DAL" "@" "CLE" "W" 20 1 27.2666666666667 0.571 0.571 4.4 10.2 7.7 0 1.8 0 20.2 15.4 93 114 5.5 -7.5
"7" "4" 2019-11-06 28.3 "DAL" "" "ORL" "W" 1 1 33.9333333333333 0.676 0.625 12.3 13.8 13 9.8 1.4 0 10.1 12.2 141 106 12.2 3.9
"8" "5" 2019-11-08 28.3 "DAL" "" "NYK" "L" -4 1 27.25 0.266 0 7.2 9.8 8.6 0 1.8 0 0 3 108 106 2 -5.9
"9" "6" 2019-11-09 28.31 "DAL" "@" "MEM" "W" 16 0 29.2666666666667 0.59 0.625 8 18.2 13.3 11.2 3.1 5.6 17.7 15.5 116 109 11.8 1.6
"10" "7" 2019-11-11 28.31 "DAL" "@" "BOS" "L" -10 0 29.55 0.761 0.857 16.6 0 8.8 17.9 0 3.2 11.3 13.4 149 129 12 4
"11" "8" 2019-11-14 28.32 "DAL" "@" "NYK" "L" -3 1 29.3666666666667 0.636 0.611 6.5 7 6.7 11.7 0 0 0 14.2 141 120 10.7 0.9
"12" "9" 2019-11-16 28.33 "DAL" "" "TOR" "W" 8 0 14.3833333333333 1.064 1 0 13.3 6.9 9.9 0 0 0 5.5 227 107 3.8 0.6
"13" "10" 2019-11-18 28.33 "DAL" "" "SAS" "W" 7 1 25.45 0.5 0.5 0 15.4 8.5 4.7 0 0 50 7 58 119 -0.7 -11.2
"14" "11" 2019-11-20 28.34 "DAL" "" "GSW" "W" 48 1 24.7666666666667 0.75 0.75 5.9 7.6 6.9 4.3 2 3.1 20 8.7 131 96 6.7 -0.3
"15" "12" 2019-11-22 28.34 "DAL" "" "CLE" "W" 42 1 23.8166666666667 0.75 0.75 5.6 0 2.4 11.6 0 0 0 7.4 179 117 6.4 -1.4
"16" "13" 2019-11-24 28.35 "DAL" "@" "HOU" "W" 14 1 25.9 0.532 1 3.6 11.3 7.4 3.9 1.7 6.9 34.7 4.2 89 113 3.4 -2.3
"17" "14" 2019-11-26 28.35 "DAL" "" "LAC" "L" -15 1 24.25 0.85 0.9 0 11 5.8 9 5.7 0 25.4 13.6 117 104 9.1 6.5
"18" "15" 2019-11-29 28.36 "DAL" "@" "PHO" "W" 7 1 23.6 0.387 0.5 4.5 16.6 10.8 6.2 0 0 0 7.2 102 117 1.9 -6.2
"19" "16" 2019-12-01 28.37 "DAL" "@" "LAL" "W" 14 1 32.4166666666667 0.568 0.545 8.5 20.2 13.9 0 1.5 0 7 17.8 118 101 11.6 -0.4
"20" "17" 2019-12-03 28.37 "DAL" "@" "NOP" "W" 21 1 26.3166666666667 0.872 1 0 14.6 7.4 0 1.8 0 0 5.7 165 99 6.5 0.2
"21" "18" 2019-12-04 28.38 "DAL" "" "MIN" "W" 7 1 25.25 1.071 1.111 9.1 12.1 10.7 26.3 2 7.5 0 19.3 218 117 26.8 28.2
"22" "19" 2019-12-07 28.38 "DAL" "" "NOP" "W" 46 1 18.7666666666667 1 1 7.5 23.3 17.2 0 7.6 0 33.3 6.9 130 70 7.2 8.3
"23" "20" 2019-12-08 28.39 "DAL" "" "SAC" "L" -4 1 25.6833333333333 0.773 0.667 4.9 20.2 12.5 10 0 0 20.5 9 144 125 6.6 -1.5
"24" "21" 2019-12-12 28.4 "DAL" "@" "DET" "W" 11 1 31.0833333333333 0.781 0.75 7.7 26.9 18 3.8 1.6 3.3 0 8.2 176 110 12.4 3.3
"25" "22" 2019-12-14 28.4 "DAL" "" "MIA" "L" -4 1 27.2 0.546 0.583 7.5 8.7 8 10 1.8 0 0 11.9 127 114 8.2 1.6
"26" "23" 2019-12-16 28.41 "DAL" "@" "MIL" "W" 4 1 19.1666666666667 0.291 0.167 5.6 29.7 19.3 6.5 0 3.9 0 15.1 82 105 2.4 -8.9
"27" "24" 2019-12-18 28.41 "DAL" "" "BOS" "L" -6 1 31.1333333333333 0.451 0.333 6.2 10.1 8 5 1.6 6.4 0 11.4 114 116 7.8 -3
"28" "25" 2019-12-20 28.42 "DAL" "@" "PHI" "W" 19 1 25.3166666666667 0.521 0.333 0 18.2 10 19.3 0 0 10.4 16.8 117 102 7.7 -0.8
"29" "26" 2019-12-22 28.42 "DAL" "@" "TOR" "L" -3 1 30.2 0.759 0.778 6.2 21 13.8 18.7 1.6 2.6 15.2 17.6 131 105 17.2 10.4
"30" "27" 2019-12-26 28.44 "DAL" "" "SAS" "W" 4 1 30.1333333333333 0.533 0.444 6 18.1 11.5 5 1.6 2.9 0 14.9 125 99 10.4 0.7
"31" "28" 2019-12-28 28.44 "DAL" "@" "GSW" "W" 20 1 24.45 0.85 0.8 23.4 12.8 17.8 14.7 3.8 3.6 25.4 13.5 159 113 13.7 3.6
"32" "29" 2019-12-29 28.44 "DAL" "@" "LAL" "L" -13 1 32.4333333333333 0.451 0.333 16.1 23.4 19.4 10.2 3 2.7 11.4 11.2 114 107 11.2 3.4
"33" "30" 2019-12-31 28.45 "DAL" "@" "OKC" "L" -5 1 29.2 0.72 0.6 6 6.6 6.3 11.7 3.5 2.6 0 10.9 167 111 14 9.3
"34" "31" 2020-01-02 28.45 "DAL" "" "BRK" "W" 12 1 23 0.25 0.25 0 4.5 2.3 5.1 2.2 7.7 20 19.1 50 113 -1.4 -15.3
"35" "32" 2020-01-04 28.46 "DAL" "" "CHO" "L" -3 1 37.9333333333333 0.661 0.714 5.5 16.2 10.4 0 4.3 2.3 0 10 140 117 11.5 -1.1
"36" "33" 2020-01-06 28.47 "DAL" "" "CHI" "W" 8 1 30.05 1.031 1 12.3 13 12.7 4.6 0 0 11.4 13.2 189 123 16 3.9
"37" "34" 2020-01-08 28.47 "DAL" "" "DEN" "L" -1 1 27.0666666666667 0.83 0.857 10.1 26 18.7 18.8 1.9 5.8 17.2 20.5 144 108 16.8 8.7
"38" "35" 2020-01-10 28.48 "DAL" "" "LAL" "L" -15 1 26.1666666666667 0.565 0.5 0 17.5 7.6 10.4 0 0 0 9.4 133 134 6 -2.8
"39" "36" 2020-01-11 28.48 "DAL" "" "PHI" "W" 18 1 34.9 0.696 0.727 10.3 21.7 17 4.7 1.5 0 22.7 22.9 111 97 15 1.3
"40" "37" 2020-01-14 28.49 "DAL" "@" "GSW" "W" 27 1 24.1333333333333 1.063 1.056 9 17.7 13.4 12.8 2.1 0 9.2 19.3 192 99 21.1 18.2
"41" "38" 2020-01-15 28.49 "DAL" "@" "SAC" "W" 4 1 34.5333333333333 0.814 0.8 19 9.3 14.1 3.9 0 0 0 12.8 180 128 18.2 4
"42" "39" 2020-01-17 28.5 "DAL" "" "POR" "W" 8 1 27.5333333333333 0.581 0.5 11.6 13.8 12.6 10.3 0 0 0 10.5 153 120 8.6 -0.9
"43" "40" 2020-01-21 28.51 "DAL" "" "LAC" "L" -3 1 9.11666666666667 0.266 0 0 27.7 14.9 13.5 0 0 34.7 13.4 54 108 0.5 -8.5
"44" "" 2020-01-23 28.51 "DAL" "@" "POR" "W" 8 NA NA NA NA NA NA NA NA NA NA NA NA NA NA NA NA
"45" "" 2020-01-25 28.52 "DAL" "@" "UTA" "L" -5 NA NA NA NA NA NA NA NA NA NA NA NA NA NA NA NA
"46" "" 2020-01-27 28.52 "DAL" "@" "OKC" "W" 10 NA NA NA NA NA NA NA NA NA NA NA NA NA NA NA NA
"47" "" 2020-01-28 28.53 "DAL" "" "PHO" "L" -29 NA NA NA NA NA NA NA NA NA NA NA NA NA NA NA NA
"48" "" 2020-01-31 28.53 "DAL" "@" "HOU" "L" -7 NA NA NA NA NA NA NA NA NA NA NA NA NA NA NA NA
"49" "" 2020-02-01 28.54 "DAL" "" "ATL" "W" 23 NA NA NA NA NA NA NA NA NA NA NA NA NA NA NA NA
"50" "" 2020-02-03 28.54 "DAL" "@" "IND" "W" 9 NA NA NA NA NA NA NA NA NA NA NA NA NA NA NA NA
"51" "" 2020-02-05 28.55 "DAL" "" "MEM" "L" -14 NA NA NA NA NA NA NA NA NA NA NA NA NA NA NA NA
"52" "" 2020-02-07 28.55 "DAL" "@" "WAS" "L" -1 NA NA NA NA NA NA NA NA NA NA NA NA NA NA NA NA
"53" "" 2020-02-08 28.56 "DAL" "@" "CHO" "W" 16 NA NA NA NA NA NA NA NA NA NA NA NA NA NA NA NA
"54" "" 2020-02-10 28.56 "DAL" "" "UTA" "L" -4 NA NA NA NA NA NA NA NA NA NA NA NA NA NA NA NA
"55" "" 2020-02-12 28.57 "DAL" "" "SAC" "W" 19 NA NA NA NA NA NA NA NA NA NA NA NA NA NA NA NA
"56" "" 2020-02-21 28.59 "DAL" "@" "ORL" "W" 16 NA NA NA NA NA NA NA NA NA NA NA NA NA NA NA NA
"57" "" 2020-02-22 28.59 "DAL" "@" "ATL" "L" -4 NA NA NA NA NA NA NA NA NA NA NA NA NA NA NA NA
"58" "" 2020-02-24 28.6 "DAL" "" "MIN" "W" 16 NA NA NA NA NA NA NA NA NA NA NA NA NA NA NA NA
"59" "" 2020-02-26 28.61 "DAL" "@" "SAS" "W" 6 NA NA NA NA NA NA NA NA NA NA NA NA NA NA NA NA
"60" "" 2020-02-28 28.61 "DAL" "@" "MIA" "L" -8 NA NA NA NA NA NA NA NA NA NA NA NA NA NA NA NA
"61" "" 2020-03-01 28.62 "DAL" "@" "MIN" "W" 20 NA NA NA NA NA NA NA NA NA NA NA NA NA NA NA NA
"62" "" 2020-03-02 28.62 "DAL" "@" "CHI" "L" -2 NA NA NA NA NA NA NA NA NA NA NA NA NA NA NA NA
"63" "" 2020-03-04 28.62 "DAL" "" "NOP" "W" 4 NA NA NA NA NA NA NA NA NA NA NA NA NA NA NA NA
"64" "" 2020-03-06 28.63 "DAL" "" "MEM" "W" 25 NA NA NA NA NA NA NA NA NA NA NA NA NA NA NA NA
"65" "" 2020-03-08 28.64 "DAL" "" "IND" "L" -3 NA NA NA NA NA NA NA NA NA NA NA NA NA NA NA NA
"66" "" 2020-03-10 28.64 "DAL" "@" "SAS" "L" -10 NA NA NA NA NA NA NA NA NA NA NA NA NA NA NA NA
"67" "" 2020-03-11 28.64 "DAL" "" "DEN" "W" 16 NA NA NA NA NA NA NA NA NA NA NA NA NA NA NA NA
"68" "" 2020-07-31 29.03 "DAL" "" "HOU" "L" -4 NA NA NA NA NA NA NA NA NA NA NA NA NA NA NA NA
"69" "" 2020-08-02 29.04 "DAL" "@" "PHO" "L" -2 NA NA NA NA NA NA NA NA NA NA NA NA NA NA NA NA
"70" "" 2020-08-04 29.04 "DAL" "@" "SAC" "W" 4 NA NA NA NA NA NA NA NA NA NA NA NA NA NA NA NA
"71" "" 2020-08-06 29.05 "DAL" "" "LAC" "L" -15 NA NA NA NA NA NA NA NA NA NA NA NA NA NA NA NA
"72" "" 2020-08-08 29.05 "DAL" "" "MIL" "W" 4 NA NA NA NA NA NA NA NA NA NA NA NA NA NA NA NA
"73" "" 2020-08-10 29.06 "DAL" "@" "UTA" "W" 8 NA NA NA NA NA NA NA NA NA NA NA NA NA NA NA NA
"74" "" 2020-08-11 29.06 "DAL" "" "POR" "L" -3 NA NA NA NA NA NA NA NA NA NA NA NA NA NA NA NA
"75" "" 2020-08-13 29.07 "DAL" "@" "PHO" "L" -26 NA NA NA NA NA NA NA NA NA NA NA NA NA NA NA NA
"1" "1" 2020-12-23 29.43 "DAL" "@" "PHO" "L" -4 1 17.5333333333333 0.333 0.333 5.7 7 6.3 8.2 2.7 0 40 12.7 59 103 -0.2 -8.8
"2" "2" 2020-12-25 29.43 "DAL" "@" "LAL" "L" -23 1 23.5333333333333 0.955 1.125 0 14.9 7.6 6.2 6.2 0 14.8 13.3 156 130 11.8 5
"3" "3" 2020-12-27 29.44 "DAL" "@" "LAC" "W" 51 1 17.9 1.064 1 6.4 16.8 11.9 0 2.9 0 34.7 7.4 145 80 4.5 -0.9
"4" "4" 2020-12-30 29.45 "DAL" "" "CHO" "L" -19 1 24.2666666666667 0.496 0.333 11.6 5.2 8.9 13.2 2 4 18.1 19 103 119 7.1 -5.3
"5" "5" 2021-01-01 29.45 "DAL" "" "MIA" "W" 10 1 28.1166666666667 0.362 0 0 27.3 15.2 5.3 3.5 0 0 4.5 93 81 4 -1
"6" "6" 2021-01-03 29.46 "DAL" "@" "CHI" "L" -10 1 20.2166666666667 0.34 0.2 4.9 17.4 10.7 25.9 2.3 4.9 14.5 14.1 94 112 4.8 0.9
"7" "7" 2021-01-04 29.46 "DAL" "@" "HOU" "W" 13 0 14.55 0.5 0.5 17.4 0 7.7 0 3.5 8.9 0 6.2 144 99 2.9 -0.1
"8" "8" 2021-01-07 29.47 "DAL" "@" "DEN" "W" 7 0 10.4666666666667 1.054 1 0 0 0 0 4.8 0 0 14.8 225 110 7 8.8
"9" "9" 2021-01-09 29.47 "DAL" "" "ORL" "W" 14 0 20.9166666666667 0.333 0.333 11.8 14.3 13.2 13.3 0 7.9 14.3 15.5 91 101 3.9 -5
"10" "" 2021-01-13 29.48 "DAL" "@" "CHO" "W" 11 NA NA NA NA NA NA NA NA NA NA NA NA NA NA NA NA
"11" "" 2021-01-15 29.49 "DAL" "@" "MIL" "L" -3 NA NA NA NA NA NA NA NA NA NA NA NA NA NA NA NA
"12" "" 2021-01-17 29.5 "DAL" "" "CHI" "L" -16 NA NA NA NA NA NA NA NA NA NA NA NA NA NA NA NA
"13" "" 2021-01-18 29.5 "DAL" "@" "TOR" "L" -23 NA NA NA NA NA NA NA NA NA NA NA NA NA NA NA NA
"14" "" 2021-01-20 29.5 "DAL" "@" "IND" "W" 12 NA NA NA NA NA NA NA NA NA NA NA NA NA NA NA NA
"15" "" 2021-01-22 29.51 "DAL" "@" "SAS" "W" 5 NA NA NA NA NA NA NA NA NA NA NA NA NA NA NA NA
"16" "" 2021-01-23 29.51 "DAL" "" "HOU" "L" -25 NA NA NA NA NA NA NA NA NA NA NA NA NA NA NA NA
"17" "" 2021-01-25 29.52 "DAL" "" "DEN" "L" -4 NA NA NA NA NA NA NA NA NA NA NA NA NA NA NA NA
"18" "10" 2021-01-27 29.52 "DAL" "@" "UTA" "L" -12 0 13.1666666666667 0 0 0 25.4 12.7 8.7 0 7.3 0 3.5 51 117 1.2 -4.1
"19" "11" 2021-01-29 29.53 "DAL" "@" "UTA" "L" -19 0 14.1166666666667 0.521 0.5 14.5 20.8 17.7 0 0 0 0 18 120 125 5.5 -0.7
"20" "12" 2021-01-30 29.53 "DAL" "" "PHO" "L" -6 0 17.9833333333333 0.658 0.667 0 13 6.8 6.9 5.5 0 24.8 20.7 103 106 4.4 -2.7
"21" "" 2021-02-01 29.54 "DAL" "" "PHO" "L" -1 NA NA NA NA NA NA NA NA NA NA NA NA NA NA NA NA
"22" "" 2021-02-03 29.54 "DAL" "@" "ATL" "W" 6 NA NA NA NA NA NA NA NA NA NA NA NA NA NA NA NA
"23" "13" 2021-02-04 29.55 "DAL" "" "GSW" "L" -31 0 14.5 0.568 NA 6.5 46 22.8 8.7 0 0 0 2.6 176 144 1.9 -8.7
"24" "14" 2021-02-06 29.55 "DAL" "" "GSW" "W" 2 0 16.5166666666667 1.031 1 17.8 15.3 16.7 0 0 0 20.5 11.5 171 129 7.6 0.2
"25" "15" 2021-02-08 29.56 "DAL" "" "MIN" "W" 5 0 16.7833333333333 0.704 0.6 26 19.1 22.5 15.7 0 0 0 21.3 167 122 13.2 6.1
"26" "16" 2021-02-10 29.56 "DAL" "" "ATL" "W" 1 0 4.86666666666667 0 0 0 23.5 12.5 0 0 0 0 9.7 0 121 -1.2 -21.8
"27" "17" 2021-02-12 29.57 "DAL" "" "NOP" "W" 13 0 1.18333333333333 NA NA 0 0 0 0 0 0 NA 0 0 139 0 -7.4
"28" "" 2021-02-14 29.57 "DAL" "" "POR" "L" -3 NA NA NA NA NA NA NA NA NA NA NA NA NA NA NA NA
"29" "18" 2021-02-22 29.59 "DAL" "" "MEM" "W" 10 1 26.6833333333333 0.338 0.25 0 12.6 7.2 17.2 0 2.9 18.4 18.2 71 93 1.2 -7.5
"30" "19" 2021-02-23 29.6 "DAL" "" "BOS" "W" 3 1 10.8333333333333 0.41 0.25 10.5 10.5 10.5 0 0 0 0 20.7 102 119 2.6 -7.2
"31" "20" 2021-02-25 29.6 "DAL" "@" "PHI" "L" -14 0 9.76666666666667 0.647 0 0 10.2 5.5 15.4 0 0 30.1 30.8 104 121 2.8 -7.9
"32" "21" 2021-02-27 29.61 "DAL" "@" "BRK" "W" 17 0 5.46666666666667 0.5 0.5 0 0 0 0 0 0 0 17.3 98 117 0.6 -13.4
"33" "22" 2021-03-01 29.61 "DAL" "@" "ORL" "W" 6 0 12.8333333333333 0.82 0.75 8.9 24.9 17.2 0 0 0 17 20.3 138 126 5.8 -6.7
"34" "23" 2021-03-03 29.62 "DAL" "" "OKC" "W" 9 0 3.98333333333333 NA NA 27.4 0 12.3 0 0 0 NA 0 222 90 0.3 -7.3
"35" "" 2021-03-10 29.64 "DAL" "" "SAS" "W" 11 NA NA NA NA NA NA NA NA NA NA NA NA NA NA NA NA
"36" "24" 2021-03-11 29.64 "DAL" "@" "OKC" "L" -8 0 11.9 0.174 0 9 25.7 17.5 0 0 6.8 25.8 15.3 48 120 -0.7 -19.1
"37" "25" 2021-03-13 29.65 "DAL" "@" "DEN" "W" 13 0 19.0666666666667 0.615 0.5 18.4 36 28 0 2.8 0 0 12.2 156 102 7.6 -2.4
"38" "" 2021-03-15 29.65 "DAL" "" "LAC" "L" -10 NA NA NA NA NA NA NA NA NA NA NA NA NA NA NA NA
"39" "26" 2021-03-17 29.66 "DAL" "" "LAC" "W" 16 0 3.31666666666667 NA NA 0 0 0 0 0 0 NA 0 0 104 0 -2.3
"40" "27" 2021-03-19 29.66 "DAL" "@" "POR" "L" -6 0 11.8 0 0 0 17.3 9.9 9.2 0 0 0 4.1 67 138 0.2 -8.8
"41" "28" 2021-03-21 29.67 "DAL" "@" "POR" "W" 40 0 13.3333333333333 1.127 1.125 11.3 6.8 8.5 10.7 0 7.5 0 16.8 232 100 11.8 21.5
"42" "29" 2021-03-24 29.68 "DAL" "@" "MIN" "W" 20 0 19.3333333333333 0.766 0.75 22.1 22.1 22.1 16.2 2.5 5.2 0 21.8 171 100 17.3 15.1
"43" "30" 2021-03-26 29.68 "DAL" "" "IND" "L" -15 0 10.4666666666667 0 0 0 18.7 9.2 23.5 4.9 0 33.3 11.8 34 105 -0.6 -8.6
"44" "31" 2021-03-27 29.68 "DAL" "@" "NOP" "L" -9 0 17.0333333333333 0 0 0 7.8 3.5 0 3.2 0 0 5.6 0 122 -1.3 -13.1
"45" "32" 2021-03-29 29.69 "DAL" "@" "OKC" "W" 21 0 15.3166666666667 1.215 1.25 20.9 20.9 20.9 0 0 0 0 8.2 241 108 7.8 1.7
"46" "" 2021-03-31 29.7 "DAL" "@" "BOS" "W" 5 NA NA NA NA NA NA NA NA NA NA NA NA NA NA NA NA
"47" "33" 2021-04-02 29.7 "DAL" "@" "NYK" "W" 13 0 12.35 0.5 0.5 0 0 0 0 0 7.6 0 15.2 97 95 2.3 -1.8
"48" "34" 2021-04-03 29.7 "DAL" "@" "WAS" "W" 22 0 24.0333333333333 0.425 0.3 16.3 13.3 14.9 10.5 0 3.3 0 10.9 135 96 6.1 -0.5
"49" "35" 2021-04-05 29.71 "DAL" "" "UTA" "W" 8 0 13.6666666666667 1 1 8 14.6 11.5 10.3 0 0 0 6.8 216 116 5 5.1
"50" "36" 2021-04-07 29.72 "DAL" "@" "HOU" "L" -9 0 8.96666666666667 0.521 0.5 21.4 0 11.3 19.4 0 0 0 14.6 138 120 3.7 3.8
"51" "37" 2021-04-08 29.72 "DAL" "" "MIL" "W" 15 0 14.7166666666667 1.064 1 12.3 11.9 12.1 0 6.6 4.9 0 10.6 228 90 11.3 16.2
"52" "38" 2021-04-11 29.73 "DAL" "" "SAS" "L" -2 0 15.2333333333333 1.014 1 0 8.8 4 0 3.2 0 0 12.4 207 120 9.1 9.5
"53" "39" 2021-04-12 29.73 "DAL" "" "PHI" "L" -18 0 13.8333333333333 0.521 0.5 7.7 25.4 16.1 22 11 0 41 15.9 84 98 5.2 7.7
"54" "40" 2021-04-14 29.73 "DAL" "@" "MEM" "W" 1 0 15.4 0.857 0.857 14.8 39 27.7 0 3.3 0 12.5 23.4 144 107 11.5 9.1
"55" "41" 2021-04-16 29.74 "DAL" "" "NYK" "L" -8 0 9.91666666666667 NA NA 10.5 12.1 11.3 0 0 0 100 8.9 32 130 -1.4 -20.5
"56" "42" 2021-04-18 29.75 "DAL" "" "SAC" "L" -14 0 16.6833333333333 0 0 6.9 20.6 13.7 14.8 3 8.9 0 2.6 124 115 3.9 3.1
"57" "43" 2021-04-21 29.75 "DAL" "" "DET" "W" 10 1 11.4333333333333 0.75 0.75 9.1 21.5 14.8 0 0 0 20 19.2 119 124 4.3 -5
"58" "44" 2021-04-22 29.76 "DAL" "" "LAL" "W" 5 1 16.9166666666667 0.74 0.8 6.8 6.9 6.8 9.9 5.8 0 12.9 20 131 108 9.2 5.5
"59" "45" 2021-04-24 29.76 "DAL" "" "LAL" "W" 15 1 28.4666666666667 0.938 0.917 4.2 28.7 17.4 8.7 0 0 7 23 172 98 22.2 12.8
"60" "46" 2021-04-26 29.77 "DAL" "@" "SAC" "L" -7 1 12.6833333333333 0.512 0.5 7.7 30.7 17.6 0 0 0 17 20.6 93 123 2.4 -11.8
"61" "47" 2021-04-27 29.77 "DAL" "@" "GSW" "W" 30 1 18.5166666666667 0.521 0.5 18.5 25.4 22.3 0 0 0 25.8 8.8 118 103 3.4 -5.7
"62" "48" 2021-04-29 29.78 "DAL" "@" "DET" "W" 10 1 25.8333333333333 0.752 0.75 8.4 0 5 5.4 1.9 4.4 15.8 10.7 140 104 8.4 0.6
"63" "49" 2021-05-01 29.78 "DAL" "" "WAS" "W" 1 1 18.8666666666667 0.72 0.6 6.5 11.8 9.3 0 0 0 0 18.1 155 130 8.4 -3.5
"64" "50" 2021-05-02 29.78 "DAL" "" "SAC" "L" -12 1 20.15 0.934 1 16.6 27.2 21.4 0 5 13.5 30.1 21.4 133 99 14.5 11.5
"65" "51" 2021-05-04 29.79 "DAL" "@" "MIA" "W" 14 0 28.55 0.788 0.75 19.5 21 20.3 12.3 5.3 7.8 0 6.9 199 104 14.9 8.6
"66" "52" 2021-05-06 29.79 "DAL" "" "BRK" "W" 4 0 27.1833333333333 1.042 1 6.7 28.8 17.3 26.8 1.8 3 0 9 223 104 19 15.2
"67" "53" 2021-05-07 29.8 "DAL" "" "CLE" "W" 20 0 21.75 0.82 0.75 5.4 14.1 10 19.3 0 4.1 29.1 14.9 130 99 6.8 -0.1
"68" "54" 2021-05-09 29.8 "DAL" "@" "CLE" "W" 27 0 27.05 0.75 0.75 14.8 24.2 20 18 1.8 12.9 20 16.5 137 90 16.1 8.4
"69" "55" 2021-05-11 29.81 "DAL" "@" "MEM" "L" -29 0 11.45 1 1 8.9 0 5.3 25.6 0 0 50 7.7 127 151 1.6 -8.3
"70" "56" 2021-05-12 29.81 "DAL" "" "NOP" "W" 18 1 30.3166666666667 0.949 1 7.5 19 13.8 0 1.6 0 13.7 10.3 165 103 12.1 2
"71" "57" 2021-05-14 29.82 "DAL" "" "TOR" "W" 4 1 26.2166666666667 0.621 0.333 3.6 15.7 8.5 4.9 0 3.9 15.1 11.3 124 115 6.9 -4
"72" "58" 2021-05-16 29.82 "DAL" "@" "MIN" "L" -15 1 27.6166666666667 0.773 0.667 13.7 18.3 16 34.3 0 7 20.5 7.3 173 137 12 5.7
