"Rk" "G" "Date" "Age" "Tm" "H/A" "Opp" "W/L" "By Amt" "GS" "MP" "TS%" "eFG%" "ORB%" "DRB%" "TRB%" "AST%" "STL%" "BLK%" "TOV%" "USG%" "ORtg" "DRtg" "GmSc" "BPM"
"1" "1" 1995-11-03 22.41 "VAN" "@" "POR" "W" 12 0 10 1 1 0 9.2 5.3 0 0 0 0 8.9 200 91 2.9 3.5
"2" "2" 1995-11-05 22.41 "VAN" "" "MIN" "W" 2 0 7 0 0 0 0 0 0 0 0 50 13.1 0 112 -2.5 -27.4
"3" "3" 1995-11-07 22.42 "VAN" "@" "DAL" "L" -11 0 14 0.5 0.5 7.5 14.6 11.1 0 3.8 4.2 42.9 23.3 58 102 1.2 -11.6
"4" "4" 1995-11-08 22.42 "VAN" "@" "SAS" "L" -49 0 9 0.699 0.667 10.3 0 5.9 0 0 0 0 30.5 147 124 5.9 15.7
"5" "5" 1995-11-10 22.42 "VAN" "" "LAC" "L" -7 0 5 0.568 NA 0 22.9 13.9 0 0 0 69.4 27.8 34 105 -1.9 -32.9
"6" "6" 1995-11-11 22.43 "VAN" "@" "SEA" "L" -36 0 10 0.2 0.2 8.4 14.1 10.5 0 0 0 16.7 25.7 46 130 -1.9 -21.2
"7" "7" 1995-11-13 22.43 "VAN" "" "DAL" "L" -5 0 13 0.277 0.286 44.3 0 20.1 0 8.6 4.9 0 49.6 80 106 5.5 -5.2
"8" "8" 1995-11-16 22.44 "VAN" "@" "LAC" "L" -5 0 20 0.536 0.5 6.3 11.7 9.1 0 0 0 0 22.2 117 118 5.7 -5.5
"9" "9" 1995-11-17 22.44 "VAN" "" "LAL" "L" -23 0 17 0.25 0.25 7.6 14.9 11.3 0 0 0 20 13.5 57 128 -1.7 -17.8
"10" "10" 1995-11-19 22.45 "VAN" "@" "NYK" "L" -5 0 10 0.644 0.667 0 42.4 19.7 0 0 0 20.5 23.6 97 114 2.8 -5.7
"11" "11" 1995-11-22 22.46 "VAN" "@" "ORL" "L" -2 0 20 0.388 0.333 6.2 21.3 14.3 15.4 0 0 0 15.5 106 108 4.5 -2.6
"12" "12" 1995-11-24 22.46 "VAN" "@" "CHH" "L" -12 0 18 0.461 0.375 0 17.8 7.2 0 0 0 0 23.2 108 126 3.2 -9.8
"13" "13" 1995-11-25 22.47 "VAN" "@" "MIA" "L" -20 0 13 0 0 0 11.5 5.3 22.4 0 0 21 18.5 25 129 -4.7 -26.6
"14" "14" 1995-11-28 22.47 "VAN" "@" "MIN" "L" -23 0 18 0.317 0.286 11.6 17.2 13.9 0 0 4.3 11.3 21 74 125 1 -14.3
"15" "15" 1995-11-30 22.48 "VAN" "" "CHI" "L" -6 1 37 0.571 0.429 0 22.1 12.1 4.8 2.9 1.8 34.2 19.3 76 98 5.8 -4.6
"16" "16" 1995-12-01 22.48 "VAN" "@" "LAL" "L" -13 1 38 0.488 0.417 16.6 13 14.8 17.7 1.4 0 0 15.2 138 124 14.6 1.4
"17" "17" 1995-12-03 22.49 "VAN" "" "MIL" "L" -14 1 37 0.558 0.556 10 22.4 15.3 17 0 2 7.9 16.2 122 128 12.4 -1.4
"18" "18" 1995-12-05 22.49 "VAN" "@" "PHO" "L" -4 1 11 0.5 0.5 12.5 11.8 12.1 0 0 0 20 21.1 86 121 0 -20.2
"19" "19" 1995-12-07 22.5 "VAN" "" "DET" "L" -9 1 44 0.448 0.421 6.2 14.1 9.9 9.8 0 4.4 8.6 27.2 94 120 9.5 -5.3
"20" "20" 1995-12-10 22.51 "VAN" "" "TOR" "L" -12 1 31 0.556 0.5 6.1 31.9 16.4 0 1.7 0 5.8 23.8 112 101 12.9 1.8
"21" "21" 1995-12-13 22.52 "VAN" "" "HOU" "L" -11 1 34 0.372 0.222 7.7 13.8 10.7 9.4 1.5 2.4 15.7 15 88 106 6.8 -5.4
"22" "22" 1995-12-15 22.52 "VAN" "" "POR" "W" 4 1 45 0.512 0.5 20.8 20.5 20.6 4.7 1.2 1.8 10.9 26.3 107 98 19.1 -1
"23" "23" 1995-12-16 22.52 "VAN" "" "GSW" "L" -31 1 29 0.364 0.364 8.1 17.9 12.7 12.1 0 4.9 26.7 23.5 64 124 2.1 -11.9
"24" "24" 1995-12-18 22.53 "VAN" "@" "SAC" "L" -7 1 37 0.81 0.75 10.8 11.4 11.1 7.1 0 2 26 24.8 121 112 15.6 1.6
"25" "25" 1995-12-19 22.53 "VAN" "" "SEA" "W" 1 1 45 0.313 0.1 5 25.3 14.5 7.4 0 0 12.2 16.7 78 104 3.5 -10
"26" "26" 1995-12-22 22.54 "VAN" "" "PHO" "L" -21 1 37 0.453 0.353 9.3 3.8 6.8 5.8 1.4 0 12.5 29.2 88 113 8.6 -6.5
"27" "27" 1995-12-26 22.55 "VAN" "@" "HOU" "L" -16 1 45 0.353 0.353 12.7 36.7 23.1 0 1.2 2.1 22.7 21.8 68 110 5.2 -9.7
"28" "28" 1995-12-28 22.56 "VAN" "@" "DAL" "L" -2 1 49 0.4 0.368 4.3 18.9 12.7 4.1 1.1 1.4 8.2 23.2 85 88 9.3 -5.3
"29" "29" 1995-12-30 22.56 "VAN" "" "BOS" "W" 8 1 23 0.791 0.8 18.6 44.7 31.2 0 0 0 0 11 170 90 11.2 5.2
"30" "30" 1996-01-05 22.58 "VAN" "" "PHI" "W" 1 1 38 0.47 0.375 2.5 16.6 8.5 12 1.3 2.4 15.8 14.5 92 99 6.8 -6.1
"31" "31" 1996-01-07 22.58 "VAN" "" "LAC" "L" -8 1 34 0.601 0.583 16.1 17.1 16.6 15.6 0 0 23.1 22.3 104 109 10.5 -1.8
"32" "32" 1996-01-09 22.59 "VAN" "@" "GSW" "L" -6 1 38 0.531 0.385 9.2 15.8 12.5 3.6 0 3.7 26.1 25.6 91 117 10.2 -7.2
"33" "33" 1996-01-10 22.59 "VAN" "" "DEN" "L" -6 1 40 0.442 0.417 10.9 35.7 22.2 0 0 0 0 13.9 105 98 9.1 -3.8
"34" "34" 1996-01-12 22.6 "VAN" "" "GSW" "L" -9 1 26 0.574 0.5 6 18.1 13.5 13.3 0 0 19.7 28 96 109 6.8 -7.6
"35" "35" 1996-01-13 22.6 "VAN" "" "MIA" "W" 4 1 33 0.167 0.167 6.3 14.5 10.6 14.2 0 4.5 0 9.2 61 78 2.7 -4.1
"36" "36" 1996-01-18 22.61 "VAN" "" "CLE" "L" -8 1 44 0.672 0.6 10.2 32.1 21.5 13.4 0 5.8 24 19.1 116 113 16.1 -0.6
"37" "37" 1996-01-20 22.62 "VAN" "" "NYK" "W" 4 1 37 0.543 0.5 6.7 26.6 16.6 19.3 0 0 18.9 21 97 94 10.1 -1.1
"38" "38" 1996-01-22 22.62 "VAN" "@" "MIL" "W" 8 1 39 0.588 0.538 9.2 30.8 18.8 8.7 0 0 9.7 25.3 117 105 17.2 1
"39" "39" 1996-01-24 22.63 "VAN" "@" "CHI" "L" -20 1 36 0.569 0.5 6.5 9.1 7.8 7.4 1.5 1.9 0 25.5 126 115 18.7 7.4
"40" "40" 1996-01-25 22.63 "VAN" "@" "TOR" "W" 5 1 47 0.723 0.583 3 15.4 9.6 9.4 1.1 1.6 18.8 21.5 123 100 19.8 1.6
"41" "41" 1996-01-27 22.64 "VAN" "@" "WSB" "L" -25 1 39 0.547 0.545 4.7 7.7 5.9 0 0 1.9 7.8 14.9 109 127 7.8 -5.9
"42" "42" 1996-01-29 22.64 "VAN" "@" "PHI" "L" -11 1 39 0.508 0.429 6 14.1 9.7 4.3 5.5 2.3 20.2 23.2 89 106 11.8 -3.8
"43" "43" 1996-01-31 22.65 "VAN" "@" "BOS" "L" -33 1 34 0.649 0.636 10.5 11.8 11.1 20.8 0 0 14 16.6 125 129 14.7 1.7
"44" "44" 1996-02-02 22.65 "VAN" "" "NJN" "L" -9 1 45 0.375 0.375 2.2 28.2 12.9 3.9 0 1.7 11.1 20 71 110 5.2 -10.8
"45" "45" 1996-02-05 22.66 "VAN" "" "UTA" "L" -9 1 42 0.403 0.273 7.1 38.1 23.5 12.9 0 0 12.8 19.4 88 107 8 -3.6
"46" "46" 1996-02-07 22.67 "VAN" "@" "UTA" "L" -23 1 34 0.333 0.333 0 22.1 9.7 10.4 0 0 14.3 10.1 69 117 2.1 -7.9
"47" "47" 1996-02-14 22.69 "VAN" "" "SAC" "W" 7 1 39 0.474 0.385 5.4 23.6 14.6 10.8 1.4 1.9 6.3 18.8 107 96 12.7 -2.3
"48" "48" 1996-02-16 22.69 "VAN" "" "ATL" "L" -10 1 48 0.705 0.722 2.9 28.6 15.9 11.1 4.3 0 9.8 19.2 126 112 25.6 5
"49" "49" 1996-02-18 22.7 "VAN" "" "SEA" "L" -9 1 39 0.61 0.615 16.6 7.9 12.7 4.5 0 0 6.3 17.7 132 132 14.3 -3.2
"50" "50" 1996-02-19 22.7 "VAN" "@" "PHO" "L" -4 1 40 0.383 0.4 7 13.5 10.7 12.9 0 1.6 32.4 20.2 65 110 1.3 -11.5
"51" "51" 1996-02-25 22.72 "VAN" "" "SAS" "L" -11 1 38 0.557 0.5 10.8 18.5 14.4 11.2 1.4 0 13.2 26.6 108 107 16.2 4.3
"52" "52" 1996-02-28 22.73 "VAN" "" "LAL" "L" -19 1 42 0.483 0.429 8.4 5.3 6.8 5.5 1.3 5.4 20.9 31.9 86 115 10.2 -4.2
"53" "53" 1996-03-01 22.73 "VAN" "" "DAL" "L" -8 1 40 0.691 0.643 9.7 9.1 9.3 10.5 0 2.3 26.5 23.7 107 123 15.3 -3.6
"54" "54" 1996-03-02 22.73 "VAN" "@" "DEN" "L" -26 1 30 0.488 0.5 6.2 38.8 18.8 7.5 1.6 2.7 7 20.5 94 105 10.6 1.4
"55" "55" 1996-03-04 22.74 "VAN" "" "WSB" "L" -15 1 37 0.484 0.412 13.3 10 11.6 5.7 0 1.8 9.2 28.7 105 118 11.4 -4.4
"56" "56" 1996-03-05 22.74 "VAN" "@" "GSW" "L" -32 1 31 0.549 0.545 5.3 4.1 4.8 14.3 3.3 6.5 19 21.5 92 117 10.1 -0.5
"57" "57" 1996-03-08 22.75 "VAN" "" "IND" "L" -14 1 36 0.607 0.556 0 5.9 3.3 10.5 3.1 0 16.8 16.4 102 111 8.1 -3.1
"58" "58" 1996-03-10 22.76 "VAN" "" "HOU" "L" -6 1 32 0.337 0.273 10.7 33.8 22 0 0 0 20.2 21.9 66 105 1.3 -16.5
"59" "59" 1996-03-11 22.76 "VAN" "@" "SAC" "L" -4 1 39 0.55 0.476 16.2 22.7 19.4 0 0 1.9 4.1 30.9 115 105 20.2 1.7
"60" "60" 1996-03-15 22.77 "VAN" "" "ORL" "L" -5 1 43 0.438 0.438 2.5 44.6 23.1 13 2.7 2.4 5.9 19.7 93 91 13.6 2.7
"61" "61" 1996-03-17 22.78 "VAN" "@" "MIN" "L" -5 1 37 0.634 0.588 6.2 31.6 18.1 6.5 2.8 0 16.3 31.2 104 94 18.5 2.4
"62" "62" 1996-03-19 22.78 "VAN" "@" "NJN" "L" -5 1 40 0.388 0.389 11.1 16.7 13.3 4.9 1.4 0 17.2 25.6 76 95 5.9 -7.7
"63" "63" 1996-03-20 22.78 "VAN" "@" "ATL" "L" -5 1 39 0.549 0.5 9.2 25.9 17.4 0 1.4 0 9.9 24.5 110 110 13.9 -5.1
"64" "64" 1996-03-22 22.79 "VAN" "@" "IND" "L" -17 1 39 0.591 0.538 13.7 18.2 15.4 13 0 0 11.1 21.3 120 127 14.7 -2.1
"65" "65" 1996-03-24 22.79 "VAN" "@" "CLE" "L" -5 1 38 0.425 0.4 12.3 26.6 19.2 9.7 0 2.3 7.8 16.8 98 106 9.7 -3.6
"66" "66" 1996-03-26 22.8 "VAN" "@" "DET" "L" -11 1 41 0.477 0.5 2.2 22.3 11.1 7.2 1.3 0 11.5 29.3 82 95 10.2 -0.4
"67" "67" 1996-03-28 22.81 "VAN" "" "DEN" "L" -4 1 40 0.466 0.368 16.4 14 15.2 9 0 1.6 4.3 28.3 112 116 15.7 -4.2
"68" "68" 1996-03-29 22.81 "VAN" "@" "UTA" "L" -14 1 37 0.466 0.417 5.6 15.8 10.4 15.9 0 0 18.9 20.3 86 120 5.6 -9
"69" "69" 1996-03-31 22.81 "VAN" "" "CHH" "L" -33 1 31 0.485 0.357 9.7 28.2 17.2 18.4 1.8 0 5.4 28 114 134 13.6 0.2
"70" "70" 1996-04-02 22.82 "VAN" "@" "POR" "L" -16 1 28 0.468 0.462 3.2 10.4 6 0 0 3 12.6 24.9 81 109 4.3 -7.5
"71" "71" 1996-04-03 22.82 "VAN" "" "MIN" "W" 2 1 32 0.694 0.571 15.4 16.1 15.7 13.6 1.6 0 16.6 34.9 126 116 20.7 1.6
"72" "72" 1996-04-05 22.83 "VAN" "@" "LAL" "L" -10 1 29 0.338 0.25 0 26.9 13.8 4.9 0 2.5 18.4 17.3 65 112 1.5 -10.8
"73" "73" 1996-04-07 22.83 "VAN" "" "PHO" "L" -20 1 28 0.468 0.462 7 33.3 18.2 0 0 2.8 6.7 23.6 93 116 9.1 -3.5
"74" "74" 1996-04-12 22.85 "VAN" "" "SAC" "W" 1 1 38 0.613 0.6 7.9 19.4 14.2 13.2 0 12.6 10.9 22.3 118 101 19.7 3.8
"75" "75" 1996-04-14 22.85 "VAN" "" "POR" "L" -2 1 35 0.372 0.333 3.1 16.7 9.7 15.9 3 7.8 0 15.4 86 85 8.9 -1
"76" "76" 1996-04-16 22.86 "VAN" "" "SAS" "L" -9 1 9 0.286 0.286 12.7 17.8 14.8 0 0 0 0 38.3 66 113 0.5 -18.6
"77" "77" 1996-04-18 22.86 "VAN" "" "UTA" "L" -15 1 14 0.85 0.8 15.6 8 11.8 22.4 3.9 0 14.5 22.6 147 106 10.5 16.2
"1" "1" 1996-11-01 23.4 "VAN" "" "POR" "L" -29 1 25.6333333333333 0.267 0.267 4.5 13.8 9.1 20.8 0 0 6.3 29.4 65 126 0.6 -14.8
"2" "2" 1996-11-03 23.41 "VAN" "" "GSW" "L" -10 1 37.3666666666667 0.504 0.5 10 19.5 14.1 14.1 1.3 2.2 19.2 24.2 91 110 10.6 -8.2
"3" "3" 1996-11-05 23.41 "VAN" "@" "CHI" "L" -23 1 33.3333333333333 0.359 0.286 5.8 10.1 7.8 12.5 1.6 2.2 6.1 22.1 86 109 6.8 -0.7
"4" "4" 1996-11-06 23.41 "VAN" "@" "MIL" "L" -16 1 35.9833333333333 0.169 0.125 12.1 26.7 18.6 11.2 2.8 0 25.3 13.9 55 104 1.8 -7.8
"5" "5" 1996-11-08 23.42 "VAN" "@" "CLE" "L" -16 1 31.4333333333333 0.475 0.4 6.2 15.5 10.3 0 0 2.7 19.2 23.3 83 107 5.7 -7
"6" "6" 1996-11-10 23.42 "VAN" "" "NYK" "L" -19 1 34.95 0.592 0.4 8.9 18.5 13.2 17 0 2 42.5 15.3 83 117 4.7 -10.2
"7" "7" 1996-11-12 23.43 "VAN" "" "LAC" "L" -7 1 49.7666666666667 0.632 0.556 4.9 20.1 12.9 10.8 1.2 7.6 14.4 29.7 112 97 24.2 4.8
"8" "8" 1996-11-14 23.44 "VAN" "" "PHO" "W" 3 1 41.9 0.444 0.444 2.5 11.7 6.7 17.6 1.2 1.8 25 12.9 83 101 6.2 -6.7
"9" "9" 1996-11-15 23.44 "VAN" "@" "UTA" "L" -8 1 39.3166666666667 0.506 0.471 4.7 9 6.6 16.9 1.3 0 0 21.7 117 116 14.4 1.1
"10" "10" 1996-11-17 23.44 "VAN" "@" "SEA" "L" -10 1 25.5 0.338 0.25 12.9 21.5 17.2 0 2.1 0 57.5 17.9 39 100 -2.4 -16.6
"11" "11" 1996-11-18 23.45 "VAN" "" "SAC" "L" -1 1 34.9666666666667 0.72 0.636 3.6 12.8 8.5 0 0 1.9 23.3 24.9 107 108 11.1 -3.8
"12" "12" 1996-11-20 23.45 "VAN" "" "MIA" "L" -19 1 38.8666666666667 0.522 0.5 7 22.4 15.6 15 0 4.5 6.1 21.2 102 107 12.6 -0.2
"13" "13" 1996-11-24 23.46 "VAN" "" "SAS" "W" 5 1 40.5333333333333 0.615 0.6 3.8 18.7 12.5 7.8 1.4 0 0 16 127 103 13.2 -2.9
"14" "14" 1996-11-26 23.47 "VAN" "@" "ATL" "L" -21 1 31.75 0.312 0.286 3 17 9.6 11.1 1.6 0 0 20.7 75 107 4.2 -5.7
"15" "" 1996-11-27 23.47 "VAN" "@" "DET" "L" -9 NA NA NA NA NA NA NA NA NA NA NA NA NA NA NA NA
"16" "" 1996-11-29 23.48 "VAN" "@" "IND" "L" -10 NA NA NA NA NA NA NA NA NA NA NA NA NA NA NA NA
"17" "" 1996-11-30 23.48 "VAN" "@" "PHI" "L" -6 NA NA NA NA NA NA NA NA NA NA NA NA NA NA NA NA
"18" "" 1996-12-04 23.49 "VAN" "" "IND" "L" -47 NA NA NA NA NA NA NA NA NA NA NA NA NA NA NA NA
"19" "15" 1996-12-06 23.5 "VAN" "@" "SAS" "W" 16 1 31.0166666666667 0.778 0.75 4.8 19.8 13.7 6.6 1.8 2.2 21.2 36.6 119 101 20.5 3.3
"20" "16" 1996-12-07 23.5 "VAN" "@" "DAL" "L" -11 1 37.4666666666667 0.239 0.133 9.4 7.9 8.8 18.3 0 2.1 10.7 22.7 67 112 2 -10.2
"21" "17" 1996-12-09 23.5 "VAN" "" "CHH" "L" -16 1 37.6166666666667 0.437 0.429 3.6 31.6 17.8 3.9 1.4 2 11.8 21.9 82 117 8.2 -7.6
"22" "" 1996-12-12 23.51 "VAN" "@" "POR" "L" -21 NA NA NA NA NA NA NA NA NA NA NA NA NA NA NA NA
"23" "18" 1996-12-13 23.52 "VAN" "" "ORL" "W" 2 1 43.45 0.551 0.524 11.6 8.8 10.4 4.4 0 2.1 10.9 27.6 109 111 16.7 -3.2
"24" "19" 1996-12-15 23.52 "VAN" "@" "PHO" "L" -19 1 36.25 0.44 0.462 3.3 20.5 11.7 4.9 1.5 0 16.9 23.1 76 113 4.3 -8.8
"25" "20" 1996-12-17 23.53 "VAN" "" "HOU" "W" 1 1 33.1 0.468 0.462 15.3 15.7 15.5 5.5 0 3 12.6 24.4 95 117 7.3 -11.4
"26" "21" 1996-12-19 23.53 "VAN" "" "DAL" "L" -7 1 37.7833333333333 0.4 0.4 6.5 21.1 13.5 19.2 1.6 0 16.7 15.7 99 130 6.7 -10.5
"27" "22" 1996-12-20 23.53 "VAN" "@" "DEN" "L" -15 1 26.6833333333333 0.291 0.333 5.1 19.2 12.3 4.4 0 2.9 12.7 14.8 65 129 1.3 -13.7
"28" "23" 1996-12-22 23.54 "VAN" "" "WSB" "W" 4 1 35.3833333333333 0.455 0.455 6.3 21.7 14.1 19.5 0 2 15.4 16.8 98 103 8.1 -3.1
"29" "24" 1996-12-26 23.55 "VAN" "@" "SAC" "L" -23 1 31.6333333333333 0.583 0.556 0 6.1 3.1 5.7 0 2 0 13.1 121 124 6.7 -4.9
"30" "25" 1996-12-28 23.56 "VAN" "" "PHO" "L" -5 1 43.0833333333333 0.468 0.462 14.9 12.1 13.2 21.4 1.3 1.7 6.7 17.5 115 119 13.1 -2.5
"31" "26" 1996-12-30 23.56 "VAN" "" "SAS" "L" -7 1 37.3833333333333 0.444 0.4 0 19.7 8.4 12.4 0 11.2 22.8 10.8 85 109 6 -5.4
"32" "27" 1997-01-03 23.57 "VAN" "" "SEA" "L" -14 1 34.55 0.533 0.5 7.8 24.6 17.2 21 0 0 19.7 21.2 100 118 9.6 -3.8
"33" "28" 1997-01-05 23.58 "VAN" "" "LAL" "L" -13 1 28.5 0.111 0.111 12 15.4 13.5 5.8 1.9 0 10 14.4 49 107 -0.8 -14.4
"34" "29" 1997-01-08 23.59 "VAN" "@" "GSW" "W" 14 1 39.2166666666667 0.581 0.533 3.1 15.4 10.3 0 0 0 21.7 25.8 93 105 8.7 -10.7
"35" "30" 1997-01-09 23.59 "VAN" "" "GSW" "L" -16 1 37.0166666666667 0.467 0.467 0 12.2 5.3 23.2 3 3.9 6.3 20.8 97 115 11.9 -0.5
"36" "31" 1997-01-11 23.59 "VAN" "" "SAC" "L" -8 1 41.6 0.551 0.56 14.6 20.2 17 4.6 0 1.8 12.8 31.9 106 121 17.7 -4.4
"37" "32" 1997-01-14 23.6 "VAN" "@" "LAL" "L" -10 1 36.05 0.576 0.577 11.1 16.3 13.7 12.3 1.4 2.1 17.8 20.5 102 93 12 3.3
"38" "33" 1997-01-15 23.61 "VAN" "" "DET" "L" -24 1 30.6833333333333 0.19 0.143 11.7 17.7 14.1 5.1 0 2.9 20.2 13.7 55 119 -0.9 -14
"39" "34" 1997-01-17 23.61 "VAN" "" "UTA" "L" -38 1 36.0666666666667 0.525 0.571 8 29.2 16.3 9.3 0 3.8 0 20.8 109 120 13.1 1.1
"40" "35" 1997-01-19 23.62 "VAN" "" "TOR" "W" 8 1 35.15 0.515 0.333 6.9 23.9 15.9 7.9 0 4.4 7.9 16.3 126 104 10.9 -2.4
"41" "36" 1997-01-20 23.62 "VAN" "@" "SEA" "L" -16 1 33.85 0.509 0.5 20.8 13.2 17.1 4.7 0 0 36.8 15 85 132 2.7 -12.6
"42" "37" 1997-01-22 23.62 "VAN" "@" "DEN" "L" -10 1 36.1666666666667 0.66 0.667 3.3 28.2 17.4 5.7 0 5 13.4 20.1 112 100 15 1.6
"43" "38" 1997-01-23 23.63 "VAN" "" "MIN" "L" -19 1 36.8333333333333 0.573 0.529 0 23.1 11.5 0 0 2 17.2 28.2 92 102 11.2 -4
"44" "39" 1997-01-25 23.63 "VAN" "" "DEN" "L" -1 1 45.1 0.482 0.478 8.2 12.1 10 0 1.2 0 14.3 28.7 87 98 11.4 -6.1
"45" "40" 1997-01-27 23.64 "VAN" "@" "GSW" "L" -25 1 30.1833333333333 0.628 0.571 3.7 26.7 13.2 0 0 0 10.2 15 118 137 6.9 -8.9
"46" "41" 1997-01-28 23.64 "VAN" "" "CHI" "L" -15 1 34.2666666666667 0.5 0.5 16 26 20.7 18 0 0 14.3 25.1 107 118 14 -1.7
"47" "42" 1997-01-30 23.65 "VAN" "@" "LAC" "L" -6 1 40.1333333333333 0.578 0.526 5.3 28.6 16.6 16.4 1.4 0 4.4 25.9 126 109 20.2 1.9
"48" "43" 1997-01-31 23.65 "VAN" "" "ATL" "L" -11 1 39.1166666666667 0.37 0.357 2.7 17.1 9.1 14.9 0 0 0 19.7 90 112 5.9 -6.4
"49" "44" 1997-02-02 23.65 "VAN" "@" "BOS" "W" 10 1 39.6666666666667 0.685 0.667 24 20.6 21.8 5 0 2.6 11.1 28.7 131 92 30 8.2
"50" "45" 1997-02-04 23.66 "VAN" "@" "NJN" "L" -6 1 34.35 0.492 0.474 2.9 15.4 9.6 16.7 0 0 12.9 30.8 96 124 9.5 -9.2
"51" "46" 1997-02-06 23.67 "VAN" "@" "MIN" "L" -17 1 25.15 0.37 0.4 3.9 14 8.5 0 0 0 12.9 13.5 72 119 0.5 -13.2
"52" "47" 1997-02-11 23.68 "VAN" "@" "HOU" "L" -9 1 39.6833333333333 0.683 0.667 20 15.8 17.6 12.7 0 2.2 21.5 22.1 121 124 17 0.5
"53" "48" 1997-02-12 23.68 "VAN" "@" "SAS" "W" 5 1 40.3166666666667 0.769 0.643 11.3 25.1 19.2 9.5 0 0 16.6 29.2 138 115 25.4 1.5
"54" "49" 1997-02-14 23.69 "VAN" "" "BOS" "W" 3 1 42.7333333333333 0.727 0.722 5.7 22.3 15.1 0 1.1 3.1 4.6 22 137 107 26 1.5
"55" "50" 1997-02-17 23.7 "VAN" "" "DAL" "L" -5 1 44.85 0.624 0.579 0 3 1.6 7.8 0 1.7 15.6 31.5 104 127 15.3 -7.4
"56" "51" 1997-02-19 23.7 "VAN" "" "MIN" "L" -11 1 37.55 0.504 0.462 5.4 19.4 11.8 0 0 1.9 6.7 18.6 104 100 8.6 -2.7
"57" "52" 1997-02-21 23.71 "VAN" "@" "LAL" "L" -8 1 38.75 0.558 0.444 3.3 18.6 10.5 4.7 1.5 0 7.9 17.3 111 119 8.8 -6.9
"58" "53" 1997-02-23 23.71 "VAN" "" "CLE" "L" -7 1 41.9666666666667 0.574 0.5 5.2 15.2 9.3 6.2 0 0 8.1 30.8 113 122 15.7 -1.7
"59" "54" 1997-02-26 23.72 "VAN" "" "LAC" "L" -3 1 36.8166666666667 0.455 0.455 0 17.5 9.5 21.2 0 0 26.7 17.9 74 92 3.2 -5.5
"60" "55" 1997-02-28 23.73 "VAN" "" "PHI" "L" -4 1 40.25 0.599 0.5 5.9 15 10.8 4.5 1.3 1.9 15.6 29.7 110 116 16.4 -5.6
"61" "56" 1997-03-02 23.73 "VAN" "" "UTA" "L" -7 1 41.2833333333333 0.628 0.615 8.2 19 13.2 19.8 0 0 17.3 20.1 110 112 14.6 0.4
"62" "57" 1997-03-06 23.74 "VAN" "" "NJN" "L" -6 1 34.5333333333333 0.387 0.333 16.5 22.2 18.9 18.4 0 3.8 14.7 17.8 98 117 8.9 -7.7
"63" "58" 1997-03-09 23.75 "VAN" "@" "TOR" "L" -4 1 45.4166666666667 0.533 0.474 3.3 22 15.7 27.5 0 1.7 11.8 30.1 102 87 17.7 3.6
"64" "59" 1997-03-11 23.76 "VAN" "@" "CHH" "L" -6 1 42.6 0.478 0.476 9.5 23.9 16.3 13 1.3 3.6 11.1 29 100 111 16.9 0.7
"65" "60" 1997-03-12 23.76 "VAN" "@" "WSB" "L" -22 1 26.8666666666667 0.587 0.455 0 0 0 0 0 0 6.8 26.3 121 130 8.1 -1.8
"66" "61" 1997-03-14 23.76 "VAN" "@" "MIA" "L" -6 1 41.2333333333333 0.571 0.571 6.3 30.1 17.9 12.4 0 0 4.1 28 127 108 19.2 5.9
"67" "62" 1997-03-16 23.77 "VAN" "@" "ORL" "L" -11 1 38.0833333333333 0.416 0.385 7.2 23.5 16.2 4.4 0 4.1 16.1 24 85 115 5.6 -9.7
"68" "" 1997-03-18 23.78 "VAN" "@" "NYK" "L" -25 NA NA NA NA NA NA NA NA NA NA NA NA NA NA NA NA
"69" "63" 1997-03-19 23.78 "VAN" "@" "MIN" "L" -23 1 24.15 0.254 0.143 0 17.6 7.2 8.7 0 0 11.3 17.2 53 105 -1.1 -12.9
"70" "64" 1997-03-21 23.78 "VAN" "" "DEN" "W" 7 1 40.4 0.602 0.583 14.6 14.7 14.7 4.3 0 0 3.7 29.7 133 116 23.2 0.4
"71" "65" 1997-03-23 23.79 "VAN" "" "SEA" "L" -14 1 39.25 0.733 0.692 7.7 6.5 7 6.5 1.5 0 12.3 21.1 134 130 15.2 0.5
"72" "66" 1997-03-25 23.79 "VAN" "@" "LAC" "L" -6 1 46.8333333333333 0.4 0.4 8.7 14.6 12.1 12.7 0 7.4 28.6 14.7 83 113 7.9 -4.1
"73" "67" 1997-03-27 23.8 "VAN" "" "LAL" "L" -4 1 27.95 0.509 0.455 8.6 18.2 13.8 7.7 0 0 13.6 26 100 113 6.1 -9.6
"74" "68" 1997-03-28 23.8 "VAN" "@" "POR" "L" -34 1 31.8833333333333 0.571 0.571 3.9 19.2 11.7 28.8 0 0 11.3 13.6 121 130 9.2 -1.4
"75" "" 1997-04-01 23.81 "VAN" "" "MIL" "L" -11 NA NA NA NA NA NA NA NA NA NA NA NA NA NA NA NA
"76" "69" 1997-04-04 23.82 "VAN" "@" "UTA" "L" -27 1 33.7833333333333 0.493 0.462 9 13.2 10.7 14.5 0 4.3 16.5 26.1 92 120 9.9 -2
"77" "70" 1997-04-06 23.83 "VAN" "" "HOU" "L" -9 1 42.5166666666667 0.461 0.429 7.8 15.9 11.8 24.3 0 0 10.7 29.6 101 116 13.9 -3.3
"78" "71" 1997-04-08 23.83 "VAN" "@" "SAC" "L" -16 1 39.4 0.561 0.476 16 19.5 17.7 5.5 0 0 7.4 29.1 122 124 20.3 -0.1
"79" "72" 1997-04-10 23.84 "VAN" "@" "HOU" "L" -8 1 40.8 0.476 0.429 3 18.6 11.3 15.1 0 3.9 11.3 20.4 103 115 11 -2.3
"80" "73" 1997-04-12 23.84 "VAN" "@" "DAL" "W" 11 1 44.7833333333333 0.533 0.5 3.4 21.9 13.7 7.2 1.3 3.9 10.6 19.9 110 99 14.5 -1.1
"81" "74" 1997-04-17 23.86 "VAN" "" "POR" "L" -32 1 40.5833333333333 0.307 0.25 5.6 22.8 13.5 25.3 2.8 0 12 20.4 74 121 4.9 -7.9
"82" "75" 1997-04-19 23.86 "VAN" "@" "PHO" "W" 14 1 44.05 0.665 0.643 9.9 19.4 15.4 10.8 0 1.7 9.3 33 128 115 29.3 -0.8
"1" "1" 1997-10-31 24.4 "VAN" "" "DAL" "L" -2 1 34.75 0.456 0.438 16.1 4.6 11.9 0 1.6 0 23.3 25.8 83 108 5.1 -10.6
"2" "2" 1997-11-01 24.4 "VAN" "" "SAC" "W" 1 1 38.6333333333333 0.666 0.636 6.5 15.4 11.4 8.4 0 3.2 7.3 16.7 134 110 15.9 3.9
"3" "3" 1997-11-04 24.41 "VAN" "@" "DAL" "L" -5 1 40.85 0.404 0.438 6.5 14.9 10.4 8.1 0 4.8 10.4 20.7 83 103 8.2 -4.3
"4" "4" 1997-11-05 24.41 "VAN" "@" "SAS" "L" -8 1 33.8333333333333 0.375 0.375 6 6.3 6.1 9.5 1.6 3.6 38.5 17.6 56 99 0.8 -9.3
"5" "5" 1997-11-07 24.42 "VAN" "" "MIN" "L" -11 1 38.7333333333333 0.607 0.538 7.4 21.1 13 13 0 1.6 11.3 18.4 120 109 15 1.4
"6" "6" 1997-11-09 24.42 "VAN" "" "DET" "W" 8 1 39.3166666666667 0.684 0.692 13.3 16.6 15.1 5.3 1.4 1.9 5.9 20.9 136 95 20.9 7.6
"7" "7" 1997-11-11 24.43 "VAN" "" "LAC" "W" 6 1 29.75 0.553 0.6 6.8 19.2 13.2 9.3 1.6 2.3 7.8 17.6 112 110 10.5 -1.6
"8" "8" 1997-11-12 24.43 "VAN" "@" "UTA" "L" -18 1 21.4 0.54 0.538 10.4 18.7 14.7 13.4 0 0 0 30.4 115 111 11.6 6.4
"9" "" 1997-11-15 24.44 "VAN" "" "MIL" "W" 15 NA NA NA NA NA NA NA NA NA NA NA NA NA NA NA NA
"10" "" 1997-11-16 24.44 "VAN" "@" "LAL" "L" -26 NA NA NA NA NA NA NA NA NA NA NA NA NA NA NA NA
"11" "9" 1997-11-18 24.45 "VAN" "@" "DEN" "W" 13 1 32.4 0.455 0.444 11.8 9.9 10.8 4.8 0 4.3 16.8 16.5 93 106 5.8 -7.6
"12" "10" 1997-11-19 24.45 "VAN" "@" "SEA" "L" -20 1 38.3 0.47 0.429 0 21.1 10.9 22.4 0 0 28.7 12.2 82 111 4.3 -3.9
"13" "11" 1997-11-21 24.45 "VAN" "" "DEN" "W" 3 1 33.4 0.336 0.286 8.8 12.3 10.5 9.3 0 3.7 11.8 22.4 75 104 5.5 -9.8
"14" "12" 1997-11-23 24.46 "VAN" "@" "NYK" "L" -20 1 30.6666666666667 0.587 0.571 3.6 4 3.8 21.2 0 0 6.1 24.1 113 122 10.4 0.6
"15" "13" 1997-11-26 24.47 "VAN" "@" "MIL" "L" -19 1 20.6666666666667 0.63 0.667 22.4 24.1 23.1 28.1 0 0 22.5 27.2 105 109 9.4 3.1
"16" "14" 1997-11-27 24.47 "VAN" "@" "IND" "L" -21 1 31.0833333333333 0.484 0.444 4.4 10 7 18 6.8 0 32.6 23.1 76 109 6.1 -3.5
"17" "15" 1997-11-29 24.48 "VAN" "@" "MIN" "L" -19 1 32.3166666666667 0.571 0.571 10.5 18.8 14.5 5.8 0 0 36.4 15.6 78 116 3.8 -8.9
"18" "16" 1997-11-30 24.48 "VAN" "@" "DET" "W" 2 1 37.3333333333333 0.605 0.571 9.6 17.3 14.4 14.1 0 0 11.8 21.9 114 107 12.7 -0.9
"19" "17" 1997-12-03 24.49 "VAN" "" "ORL" "L" -4 1 13.8333333333333 0.333 0.333 9.8 51.4 32 0 0 0 0 20.2 84 106 1.5 -15.4
"20" "18" 1997-12-05 24.49 "VAN" "" "CLE" "L" -9 1 36.8166666666667 0.405 0.167 5.9 19.3 12.8 28.6 4 1.9 31.6 14.4 85 101 9.7 1.9
"21" "19" 1997-12-09 24.5 "VAN" "@" "PHO" "L" -22 1 32.95 0.291 0.333 3.5 22 11.6 22 0 0 12.7 10.7 80 120 2.9 -6
"22" "20" 1997-12-12 24.51 "VAN" "" "GSW" "W" 7 1 32.9833333333333 0.515 0.444 0 17.8 10.3 16.1 0 3.4 7.9 17.9 105 96 9.2 -2.6
"23" "21" 1997-12-14 24.52 "VAN" "" "HOU" "W" 5 1 37.3666666666667 0.779 0.769 8.6 24.1 17.8 0 2.8 2.1 21.3 24.4 113 108 18.8 -2.6
"24" "22" 1997-12-16 24.52 "VAN" "@" "HOU" "L" -27 1 32.1333333333333 0.492 0.455 6.7 19.7 12.7 5.7 1.5 4.8 0 17.3 113 115 11.7 0.8
"25" "23" 1997-12-17 24.53 "VAN" "@" "SAS" "L" -11 1 39.0333333333333 0.539 0.5 4.6 11.4 7.7 23.8 0 4.8 4.5 25.6 115 106 17.5 7
"26" "24" 1997-12-19 24.53 "VAN" "@" "POR" "L" -5 1 31.3 0.818 0.818 3.5 3.5 3.5 8.1 0 0 0 15.9 166 113 13.2 4.8
"27" "25" 1997-12-21 24.54 "VAN" "" "POR" "W" 2 1 31.9666666666667 0.6 0.6 0 16.3 8.2 6.8 0 2.3 23.1 18.3 89 96 4.9 -6.2
"28" "26" 1997-12-26 24.55 "VAN" "" "PHO" "L" -18 1 33.15 0.444 0.444 8.6 15.5 12.6 0 0 0 25 16.9 71 125 1.6 -14.2
"29" "27" 1997-12-28 24.56 "VAN" "" "UTA" "L" -1 1 42.4666666666667 0.388 0.333 12.4 17.1 14.8 7.5 0 0 15.2 21.3 85 104 5.9 -7.3
"30" "28" 1997-12-30 24.56 "VAN" "" "SAS" "L" -9 1 36.05 0.391 0.353 13.6 29.2 19.8 14.4 1.5 3.2 0 22.2 110 134 12.6 -6.2
"31" "29" 1998-01-01 24.57 "VAN" "" "PHI" "L" -11 1 36.1833333333333 0.595 0.429 12.4 11.4 12 3.8 0 1.9 9 14.1 133 135 11.6 -6.8
"32" "30" 1998-01-02 24.57 "VAN" "@" "SAC" "L" -14 1 35.6833333333333 0.282 0.125 10.3 29.6 20.6 4.5 0 2 15.8 16.7 67 102 2.9 -11.4
"33" "31" 1998-01-04 24.58 "VAN" "" "SEA" "L" -12 1 25.6333333333333 0.63 0.667 13.8 22.4 17.7 0 0 0 29.6 11 101 126 3.6 -9.9
"34" "32" 1998-01-06 24.58 "VAN" "" "LAL" "L" -13 1 41.0833333333333 0.716 0.733 4.6 22 13 20.3 0 3.7 5.6 17.2 139 102 22.4 10.1
"35" "33" 1998-01-07 24.58 "VAN" "@" "LAC" "L" -8 1 34.75 0.424 0.444 0 23.5 11.3 11 0 0 17.5 14.5 82 119 3.6 -7.7
"36" "34" 1998-01-09 24.59 "VAN" "" "CHH" "L" -8 1 35.8833333333333 0.769 0.769 14.3 21.1 18.2 21.6 0 2 18.8 22.1 129 112 18.5 5.1
"37" "35" 1998-01-11 24.59 "VAN" "" "MIA" "L" -6 1 22.9166666666667 0.25 0.25 14.6 7.9 10.9 7.2 0 6.7 20 9.6 76 107 1.4 -7.9
"38" "36" 1998-01-13 24.6 "VAN" "@" "PHI" "L" -18 1 35.0666666666667 0.739 0.75 5.3 26.8 14.7 26.6 0 0 12.3 19.5 132 111 18.4 6.5
"39" "37" 1998-01-15 24.61 "VAN" "@" "BOS" "L" -4 1 40.6 0.743 0.667 12.5 18.8 16.7 8 1.3 0 15.3 38.2 131 104 31 7.6
"40" "38" 1998-01-16 24.61 "VAN" "@" "WAS" "L" -2 1 34.1833333333333 0.405 0.333 4.6 13.1 9.5 23 1.5 0 28.8 18.9 84 123 3.6 -8.5
"41" "39" 1998-01-20 24.62 "VAN" "" "DEN" "W" 11 1 39.0333333333333 0.41 0.25 12 27.4 19.2 8.6 1.5 2 23.5 15.7 89 90 7.7 -5.4
"42" "40" 1998-01-23 24.63 "VAN" "@" "GSW" "W" 8 1 36.6 0.509 0.455 3 21.1 12.1 11.5 0 2 0 17.3 110 92 9.8 -1.7
"43" "41" 1998-01-24 24.63 "VAN" "" "GSW" "W" 11 1 26.7333333333333 0.461 0.5 4.9 30.9 19.5 5.1 0 0 9.3 17.6 93 103 4.6 -9.6
"44" "42" 1998-01-27 24.64 "VAN" "" "CHI" "L" -18 1 29 0.472 0.417 4 18 11.4 0 0 0 12.7 25.1 86 112 5.2 -7.3
"45" "43" 1998-01-29 24.64 "VAN" "" "MIN" "L" -6 1 37.55 0.506 0.556 10.8 14.7 12.6 6.9 1.3 6.1 9.2 11.9 109 112 11.8 -3.6
"46" "44" 1998-01-31 24.65 "VAN" "" "NJN" "L" -10 1 34.55 0.644 0.643 3.6 2.5 3 4.8 0 0 0 21.6 139 134 14.3 -1.9
"47" "45" 1998-02-02 24.65 "VAN" "@" "DAL" "L" -14 1 37.0666666666667 0.607 0.538 8.8 21.6 15.1 5 0 0 6 20.7 131 121 15 0.9
"48" "46" 1998-02-03 24.66 "VAN" "@" "HOU" "L" -13 1 27.4333333333333 0.6 0.6 15.8 19.8 17.6 11.6 2 0 37.5 13.8 96 121 5.1 -7.9
"49" "47" 1998-02-05 24.66 "VAN" "@" "CHH" "L" -15 1 21.05 0.717 0.75 10.9 21.3 16.1 8.4 0 0 0 10.5 155 116 5.9 -3.1
"50" "48" 1998-02-12 24.68 "VAN" "" "HOU" "L" -9 1 31.5833333333333 0.551 0.5 4.7 23.9 15.8 0 0 0 31.5 23.2 76 121 3.6 -13.6
"51" "49" 1998-02-14 24.69 "VAN" "" "WAS" "W" 2 1 30.6833333333333 0.671 0.667 20.8 17.9 19 10.6 0 5.3 10.9 26.7 132 103 22.3 9.2
"52" "50" 1998-02-18 24.7 "VAN" "" "BOS" "L" -9 1 29.9833333333333 0.775 0.75 4.2 16.3 11 5.8 0 2.1 12.3 23.2 135 120 16 1.3
"53" "51" 1998-02-20 24.7 "VAN" "@" "ATL" "L" -23 1 31.7833333333333 0.538 0.538 16 22.5 19 0 1.6 2.3 27.8 23 86 116 8.5 -4.9
"54" "52" 1998-02-22 24.71 "VAN" "@" "TOR" "L" -8 1 38.0166666666667 0.265 0.231 11.8 19 14.9 7.8 2.8 6.5 5.6 18.9 79 107 6.5 -8
"55" "53" 1998-02-24 24.72 "VAN" "@" "NJN" "L" -9 1 39.9 0.675 0.632 11.1 26.7 18.2 9.4 1.3 3 14.8 27.2 124 111 26.4 8.9
"56" "54" 1998-02-25 24.72 "VAN" "@" "CLE" "L" -5 1 34.8666666666667 0.574 0.55 10.8 17.6 14.2 18 1.4 3.8 7.3 34.6 113 107 21.9 3.4
"57" "55" 1998-03-01 24.73 "VAN" "" "ATL" "L" -25 1 29.8 0.571 0.571 11.6 18.8 15.1 9.3 0 4.2 12.5 22.3 106 107 12.5 2.2
"58" "56" 1998-03-03 24.73 "VAN" "" "IND" "L" -8 1 30.8666666666667 0.528 0.526 7.9 24.2 15.3 23.8 0 3 16.8 34.4 95 122 10.6 -4.3
"59" "57" 1998-03-06 24.74 "VAN" "" "SAC" "L" -2 1 40.05 0.677 0.647 3.4 14 9.2 12.9 0 1.7 13.5 25.5 123 112 18.1 2.5
"60" "58" 1998-03-08 24.75 "VAN" "" "TOR" "W" 7 1 36.8666666666667 0.733 0.667 19.5 14.7 17 13.4 1.4 3.8 7.2 32.2 153 114 35.3 13.5
"61" "59" 1998-03-12 24.76 "VAN" "@" "DEN" "L" -5 1 38.1833333333333 0.464 0.4 12.6 8.2 10 9.9 0 6.7 20.5 30.6 86 115 10.1 -7.4
"62" "60" 1998-03-13 24.76 "VAN" "@" "UTA" "L" -9 1 40.9833333333333 0.534 0.444 14.3 20.7 16.9 9.5 0 1.8 4.4 24.1 126 124 19.1 2.2
"63" "61" 1998-03-15 24.77 "VAN" "" "LAL" "L" -9 1 40.4833333333333 0.581 0.5 6.5 17.1 11.7 17 2.6 1.9 4.6 25.2 126 123 20.4 1.4
"64" "62" 1998-03-17 24.77 "VAN" "@" "ORL" "L" -7 1 31.4333333333333 0.464 0.471 14.3 23.3 19 6.8 0 0 5.2 27.8 107 113 10.5 -0.4
"65" "63" 1998-03-18 24.78 "VAN" "@" "MIA" "L" -3 1 38.8 0.592 0.563 14.9 14.7 14.8 10.3 3.1 2.1 0 21.8 142 116 19.2 6.3
"66" "64" 1998-03-20 24.78 "VAN" "@" "CHI" "L" -6 1 43.4166666666667 0.556 0.478 9.1 16.5 11.8 22.6 1.3 2.2 10 30.8 120 118 21.8 4.9
"67" "65" 1998-03-21 24.78 "VAN" "@" "MIN" "L" -14 1 37.9333333333333 0.388 0.333 9.7 14.9 12.1 7.9 2.9 3.5 7.2 17.5 94 112 8.3 -4.4
"68" "66" 1998-03-23 24.79 "VAN" "" "LAC" "W" 11 1 37.8333333333333 0.593 0.538 12.4 16.1 14.3 21.7 1.3 9.3 9.2 34.1 124 93 30.7 12.2
"69" "67" 1998-03-26 24.8 "VAN" "@" "POR" "L" -6 1 39.3 0.688 0.632 2.9 21.1 11.2 21.2 1.4 2.1 4.3 28.5 139 121 26.1 9.4
"70" "68" 1998-03-27 24.8 "VAN" "" "NYK" "L" -8 1 48.5666666666667 0.598 0.5 7.1 27 16.8 5.4 2.3 3.2 3.3 30.2 127 100 29.5 8.6
"71" "69" 1998-03-29 24.81 "VAN" "@" "PHO" "L" -8 1 37.7166666666667 0.67 0.667 3.2 12.6 7.2 4 0 0 21.1 16.1 110 123 8 -3.9
"72" "70" 1998-03-31 24.81 "VAN" "" "DAL" "L" -3 1 26.4666666666667 0.494 0.467 6 3.5 4.4 13.6 0 2.3 14.9 35.7 105 131 7 -10.5
"73" "71" 1998-04-03 24.82 "VAN" "" "SEA" "L" -40 1 28.1333333333333 0.533 0.556 8 12.2 10.1 12.1 0 2.7 32.6 23.3 78 146 4.1 -14
"74" "72" 1998-04-05 24.82 "VAN" "" "UTA" "L" -6 1 42 0.641 0.579 8.6 8.6 8.6 22.4 1.4 1.7 4.1 28.3 142 119 25.6 10.6
"75" "73" 1998-04-07 24.83 "VAN" "@" "LAC" "W" 16 1 32.3166666666667 0.557 0.545 13.9 17.4 15.5 11.1 1.5 4.5 8.2 30.4 114 92 20.4 5.6
"76" "74" 1998-04-08 24.83 "VAN" "@" "LAL" "L" -11 1 21.4166666666667 0.273 0.273 9.9 22 16.3 14.2 0 3.3 0 21.6 79 111 3.7 -6.2
"77" "" 1998-04-11 24.84 "VAN" "" "POR" "W" 9 NA NA NA NA NA NA NA NA NA NA NA NA NA NA NA NA
"78" "" 1998-04-12 24.84 "VAN" "" "PHO" "L" -23 NA NA NA NA NA NA NA NA NA NA NA NA NA NA NA NA
"79" "" 1998-04-14 24.85 "VAN" "@" "SEA" "L" -12 NA NA NA NA NA NA NA NA NA NA NA NA NA NA NA NA
"80" "" 1998-04-16 24.85 "VAN" "" "SAS" "L" -13 NA NA NA NA NA NA NA NA NA NA NA NA NA NA NA NA
"81" "" 1998-04-18 24.86 "VAN" "@" "GSW" "L" -12 NA NA NA NA NA NA NA NA NA NA NA NA NA NA NA NA
"82" "" 1998-04-19 24.86 "VAN" "@" "SAC" "W" 4 NA NA NA NA NA NA NA NA NA NA NA NA NA NA NA NA
"1" "1" 1999-02-07 25.67 "VAN" "@" "SAC" "L" -22 0 27.55 0.438 0.438 19.4 12.1 16.2 20.3 1.8 2.3 5.9 25.8 100 112 12.4 2.4
"2" "2" 1999-02-08 25.67 "VAN" "" "POR" "L" -19 0 13.2166666666667 0.512 0.5 7.1 21.7 12.9 18.8 0 0 0 15.9 124 106 3.4 1.3
"3" "3" 1999-02-10 25.68 "VAN" "" "LAC" "W" 6 0 25.4166666666667 0.473 0.333 9 4.9 7 11.8 2 0 0 15.7 121 108 6.5 -3.8
"4" "4" 1999-02-11 25.68 "VAN" "" "IND" "L" -4 0 32.4166666666667 0.468 0.462 15.4 8.1 11.8 0 1.9 0 6.7 22.8 108 127 8.5 -6.6
"5" "5" 1999-02-14 25.69 "VAN" "" "DAL" "W" 4 0 22.6166666666667 0.338 0.25 5.1 5.1 5.1 0 0 2.9 25.3 23.9 62 116 -1.7 -21.7
"6" "6" 1999-02-16 25.69 "VAN" "@" "LAC" "W" 4 0 31.7666666666667 0.67 0.667 3.3 3.4 3.4 0 1.8 0 26.3 24.2 95 93 6.7 -5.3
"7" "7" 1999-02-17 25.7 "VAN" "" "BOS" "L" -2 0 34.7333333333333 0.774 0.571 8.4 20.4 15 5.3 0 0 14 18.9 148 113 14.8 0.9
"8" "8" 1999-02-19 25.7 "VAN" "@" "MIN" "L" -19 0 30.0333333333333 0.482 0.429 8.2 26.7 17.1 4.8 0 1.9 20.8 20.8 88 122 5.3 -9.6
"9" "9" 1999-02-21 25.71 "VAN" "@" "TOR" "L" -15 0 30.15 0.481 0.4 0 7.3 4.2 33.9 1.8 0 22.8 29.4 84 118 5.9 -5.5
"10" "10" 1999-02-23 25.71 "VAN" "" "LAL" "W" 10 1 22.05 0.313 0.222 0 21.8 12.1 17.7 0 3.4 8.2 25.9 69 87 0.9 -9
"11" "11" 1999-02-25 25.72 "VAN" "" "PHO" "L" -8 1 20.7333333333333 0.435 0.429 30.1 5.2 16.7 9.5 2.5 0 24.6 26.3 84 107 4 -6.7
"12" "12" 1999-02-27 25.72 "VAN" "" "HOU" "L" -12 1 24.4166666666667 0.242 0.222 4.2 22.2 11.9 29.6 0 0 32.6 28.8 46 95 -2.8 -11.7
"13" "13" 1999-02-28 25.73 "VAN" "@" "DEN" "L" -4 1 24.2166666666667 0.508 0.5 10.5 10.8 10.7 21.4 0 0 0 28.8 116 128 10.3 -5
"14" "14" 1999-03-02 25.73 "VAN" "" "SAC" "L" -10 1 34.5166666666667 0.409 0.4 7.4 13.4 10.6 13 0 0 11.2 23.1 92 120 4.8 -9.7
"15" "15" 1999-03-03 25.73 "VAN" "@" "UTA" "L" -23 1 25.7 0.19 0.143 0 16.8 7.3 6.3 2 0 11.3 16.5 42 121 -1.1 -14.5
"16" "16" 1999-03-04 25.74 "VAN" "" "MIN" "L" -9 0 23.5666666666667 0.545 0.5 0 27.9 15 0 0 0 17.9 30.5 91 109 5.8 -8.6
"17" "17" 1999-03-06 25.74 "VAN" "" "HOU" "L" -15 0 38.1 0.37 0.357 11.7 14 12.5 12.3 0 2.8 11.8 17.8 89 120 6 -7
"18" "18" 1999-03-08 25.75 "VAN" "" "POR" "L" -19 1 31.5666666666667 0.272 0.286 9.2 7.7 8.5 0 1.7 0 17.9 16 57 109 -1 -11.5
"19" "19" 1999-03-09 25.75 "VAN" "@" "GSW" "L" -10 1 13.2833333333333 0.425 0.4 0 32.8 15.1 0 4 0 25.4 27.9 62 87 1.7 -9.1
"20" "20" 1999-03-11 25.76 "VAN" "@" "HOU" "L" -11 1 35.1833333333333 0.431 0.455 3.2 13.4 8.2 4.4 0 2.2 13.6 19.2 80 117 3.4 -8.8
"21" "21" 1999-03-13 25.76 "VAN" "@" "DAL" "L" -17 1 28.9 0.41 0.25 8.5 7.5 8 19.6 0 0 17 9.8 99 109 2.7 -5.1
"22" "22" 1999-03-15 25.77 "VAN" "@" "DEN" "L" -26 1 18.25 0.291 0.167 0 25 10.5 0 0 0 12.7 18.9 60 118 -1.5 -17.1
"23" "23" 1999-03-16 25.77 "VAN" "@" "SEA" "L" -2 1 32.55 0.498 0.5 11.1 17.9 14.1 0 3.6 0 4.5 31.3 108 99 13.7 1.5
"24" "24" 1999-03-18 25.78 "VAN" "" "MIN" "W" 5 1 40.7166666666667 0.59 0.556 10.3 20.5 16.7 9.5 1.3 0 7.8 30.4 117 87 20.2 4.8
"25" "25" 1999-03-20 25.78 "VAN" "" "SAS" "L" -4 1 41.3166666666667 0.291 0.267 8.3 14.4 11.5 13.5 1.3 3.4 5.5 20 75 93 5.3 -4.5
"26" "" 1999-03-22 25.79 "VAN" "@" "PHO" "L" -5 NA NA NA NA NA NA NA NA NA NA NA NA NA NA NA NA
"27" "" 1999-03-24 25.79 "VAN" "" "PHI" "L" -5 NA NA NA NA NA NA NA NA NA NA NA NA NA NA NA NA
"1" "1" 1999-11-02 26.4 "VAN" "" "POR" "L" -20 1 36.5666666666667 0.727 0.778 8.6 11.1 9.7 12.4 1.5 1.9 32.6 18.8 95 118 9.4 -1
"2" "2" 1999-11-03 26.41 "VAN" "@" "LAL" "L" -15 1 36.0333333333333 0.564 0.625 2.9 19.5 10.7 0 0 1.6 23.5 15.7 84 112 4 -7.4
"3" "3" 1999-11-06 26.41 "VAN" "" "DEN" "W" 15 1 37.6 0.6 0.588 11.1 16.6 14 3.9 0 2.4 5.2 24.7 131 113 16.1 -1.1
"4" "4" 1999-11-10 26.42 "VAN" "" "ATL" "W" 5 1 43.2666666666667 0.424 0.389 5.4 14 9.6 10.5 1.2 1.5 9.6 22 93 98 8.9 -5.6
"5" "5" 1999-11-12 26.43 "VAN" "" "GSW" "L" -10 1 30.3 0.557 0.5 3.7 26 14.9 6 0 0 25 33.3 89 107 8.9 -5.5
"6" "6" 1999-11-14 26.44 "VAN" "" "LAC" "W" 20 1 32.7666666666667 0.372 0.333 4.3 13.2 9.3 21.5 0 0 27.1 20.9 80 99 2.2 -9.8
"7" "7" 1999-11-16 26.44 "VAN" "@" "SAC" "L" -4 1 39.55 0.214 0.214 0 15.5 8.8 0 1.2 1.7 17.6 17.9 40 83 -2.3 -8.8
"8" "8" 1999-11-18 26.45 "VAN" "" "SEA" "L" -2 1 30.8 0.466 0.462 12.2 5.8 8.5 10.1 0 0 15.7 27 97 122 6.6 -8.6
"9" "9" 1999-11-21 26.45 "VAN" "" "MIN" "L" -24 1 32.6166666666667 0.44 0.385 13.2 7.3 10.4 0 3.2 2 6.3 22.5 98 112 9 -1.6
"10" "10" 1999-11-23 26.46 "VAN" "@" "WAS" "L" -2 1 37.8 0.465 0.462 6 3.2 4.6 6.7 0 0 3.6 33 101 111 11 -2.9
"11" "11" 1999-11-24 26.46 "VAN" "@" "CHH" "L" -16 1 23.8333333333333 0.17 0.2 0 19.5 9.3 21.4 0 0 0 10.7 56 96 -0.6 -4.1
"12" "12" 1999-11-26 26.47 "VAN" "@" "IND" "L" -19 1 23.25 0.463 0.455 20.9 12.6 17.2 9.7 2.3 3.3 7.8 25.6 105 114 8.5 0.5
"13" "" 1999-11-27 26.47 "VAN" "@" "MIN" "L" -31 NA NA NA NA NA NA NA NA NA NA NA NA NA NA NA NA
"14" "" 1999-11-29 26.48 "VAN" "" "HOU" "L" -8 NA NA NA NA NA NA NA NA NA NA NA NA NA NA NA NA
"15" "" 1999-12-01 26.48 "VAN" "" "IND" "L" -7 NA NA NA NA NA NA NA NA NA NA NA NA NA NA NA NA
"16" "" 1999-12-03 26.49 "VAN" "" "CHH" "L" -19 NA NA NA NA NA NA NA NA NA NA NA NA NA NA NA NA
"17" "" 1999-12-06 26.5 "VAN" "@" "HOU" "L" -3 NA NA NA NA NA NA NA NA NA NA NA NA NA NA NA NA
"18" "13" 1999-12-11 26.51 "VAN" "" "LAL" "L" -12 0 16.4 0.25 0.25 7.1 16.2 11.4 8.6 0 4.1 0 12.2 84 124 1.9 -3.4
"19" "14" 1999-12-13 26.52 "VAN" "@" "LAC" "L" -12 0 18.8 0.218 0.167 13.7 12.3 13 0 0 3.8 12.7 19 58 117 0.1 -12.6
"20" "15" 1999-12-15 26.52 "VAN" "" "SAC" "L" -3 1 28.8166666666667 0.43 0.333 13.2 21.5 17.5 0 1.5 0 25.6 21.9 78 99 4 -9.6
"21" "16" 1999-12-18 26.53 "VAN" "@" "SEA" "L" -23 1 29.9666666666667 0.4 0.4 8.2 25.3 16.6 0 1.7 2.7 28.6 11.2 70 116 2.2 -7.6
"22" "17" 1999-12-19 26.53 "VAN" "" "LAC" "W" 1 1 20.65 0.333 0.333 0 24.7 11.3 0 2.6 4 0 6.8 77 92 2.4 -5
"23" "18" 1999-12-23 26.54 "VAN" "" "DEN" "W" 2 1 21.35 0.425 0.4 10.2 0 5.4 14.1 0 3.5 0 12.4 114 106 3.8 -2.1
"24" "19" 1999-12-26 26.55 "VAN" "@" "DEN" "L" -23 1 25.7666666666667 0.568 0.545 3.8 39.9 19.3 15.4 1.9 0 7.5 22.1 110 109 10.4 2
"25" "20" 1999-12-27 26.55 "VAN" "" "PHI" "L" -7 1 28.9666666666667 0.648 0.615 12.1 18.4 15.4 6.2 1.9 2.2 0 22.4 145 110 15.7 6
"26" "21" 1999-12-29 26.56 "VAN" "@" "UTA" "L" -11 1 33.8833333333333 0.521 0.333 11.8 36.6 22.4 0 0 7.2 10.4 13.5 114 112 9.7 1.3
"27" "22" 1999-12-30 26.56 "VAN" "" "SAS" "L" -10 1 35.9166666666667 0.421 0.364 0 22.2 9.9 13.5 4.6 4.3 29.6 22.7 66 102 4.8 -4.7
"28" "23" 2000-01-04 26.58 "VAN" "@" "MIA" "W" 4 1 18.9 0.25 0.25 0 19.4 8.7 9.5 2.9 0 33.3 14.1 45 95 -2.2 -12.4
"29" "24" 2000-01-05 26.58 "VAN" "@" "ORL" "L" -20 1 22.35 0.541 0.429 11.2 7 9.4 8.2 0 0 0 15.9 133 127 6.5 -1.6
"30" "25" 2000-01-07 26.58 "VAN" "@" "NJN" "W" 10 1 18.3166666666667 0.2 0.2 21.6 17.4 19.3 0 0 5 37.5 19.5 46 100 -1.2 -17.6
"31" "26" 2000-01-09 26.59 "VAN" "@" "TOR" "W" 10 1 17.2 0.364 0.364 0 25.7 13.4 0 3.1 3.8 0 29 87 98 4.4 -5.3
"32" "27" 2000-01-10 26.59 "VAN" "@" "BOS" "W" 9 1 19.6333333333333 0.63 0.333 0 10.7 5.6 14.3 0 0 17.4 12.5 130 118 4.1 -3.3
"33" "28" 2000-01-12 26.6 "VAN" "" "PHO" "L" -3 1 25 0.45 0.375 5.3 17.5 12.7 0 2.2 2.8 10.1 17.8 98 101 4.9 -4.2
"34" "29" 2000-01-14 26.6 "VAN" "" "CLE" "L" -2 1 20.0833333333333 0.5 0.5 12 0 5.8 18.3 0 0 0 9.3 126 99 3.6 -0.9
"35" "30" 2000-01-16 26.61 "VAN" "" "MIA" "L" -11 1 26.1166666666667 0.773 0.833 13.2 14.6 13.8 7.5 0 0 11.4 16.9 137 118 9.7 -2.7
"36" "31" 2000-01-20 26.62 "VAN" "" "UTA" "L" -5 1 31.3666666666667 0.273 0.273 3.5 29.3 15.3 8.8 1.7 0 0 16 75 104 3.5 -5.7
"37" "32" 2000-01-22 26.62 "VAN" "" "ORL" "L" -3 1 20.1666666666667 0.291 0.167 16.7 38.2 27.6 0 0 0 0 14.6 96 90 4 -3.9
"38" "33" 2000-01-24 26.63 "VAN" "@" "DEN" "L" -12 1 16.95 0.388 0.333 13.1 12.5 12.8 0 0 3.8 38.3 26.2 58 118 -2.1 -22.1
"39" "34" 2000-01-26 26.64 "VAN" "@" "UTA" "W" 17 1 27.75 0.4 0.286 5.4 36.1 22 8.2 2 5.3 18.6 18.2 89 104 5.4 -5.8
"40" "35" 2000-01-27 26.64 "VAN" "" "NJN" "W" 2 1 33.1333333333333 0.648 0.615 4.2 20.8 12.5 15.4 0 2.9 0 19.5 138 117 15.1 2.7
"41" "36" 2000-01-31 26.65 "VAN" "" "MIL" "L" -5 1 39.4166666666667 0.624 0.6 16.8 27 21.7 22.5 0 0 31.2 28.5 94 100 14.8 0.6
"42" "37" 2000-02-02 26.65 "VAN" "@" "GSW" "L" -6 1 38.4166666666667 0.635 0.571 2.6 10.9 6 7.4 0 0 33.7 12.8 93 120 3.3 -9
"43" "38" 2000-02-04 26.66 "VAN" "" "CHI" "W" 25 1 17.5333333333333 0.405 0.333 34.2 26 30 25.8 3.1 0 0 25.9 124 84 9.1 2.4
"44" "39" 2000-02-06 26.67 "VAN" "" "DAL" "L" -4 1 21.6166666666667 0.436 0.333 9.3 32.1 19.9 7.5 2.4 3.3 30.4 19.4 77 96 4.4 -3.1
"45" "40" 2000-02-08 26.67 "VAN" "@" "PHO" "L" -18 1 19.4166666666667 0.355 0.375 5.6 18 10.4 0 0 3.8 19.2 25.3 62 110 -0.8 -13.8
"46" "41" 2000-02-10 26.68 "VAN" "@" "LAC" "W" 22 1 22.0333333333333 0.167 0.167 0 26.6 14.5 0 0 3.1 0 12.2 44 95 -0.4 -11
"47" "42" 2000-02-16 26.69 "VAN" "" "WAS" "W" 5 1 16.1666666666667 0.333 0.333 7.3 17.6 13 0 0 0 25 11.7 65 102 -0.3 -13.3
"48" "43" 2000-02-18 26.7 "VAN" "@" "MIN" "L" -12 1 25.8166666666667 0.685 0.714 5 16.8 10.5 0 0 2.7 25.5 20.9 96 111 7.2 -1.5
"49" "44" 2000-02-19 26.7 "VAN" "@" "MIL" "W" 11 1 23.0166666666667 0.381 0.429 6 23.9 14.9 14 4.6 3 11.3 19.1 81 100 4.9 -4.5
"50" "45" 2000-02-21 26.71 "VAN" "@" "CLE" "L" -1 1 21.7333333333333 0.615 0.5 22.4 17.6 20.1 6.9 0 0 0 15.3 153 119 8.8 -2
"51" "46" 2000-02-22 26.71 "VAN" "@" "CHI" "W" 4 1 36.2333333333333 0.466 0.385 5.9 15.5 10.6 0 0 0 11.1 24.6 94 100 6 -11.5
"52" "47" 2000-02-24 26.72 "VAN" "" "BOS" "L" -24 1 6.05 0 0 0 22.2 10.5 0 0 0 50 31.6 0 112 -3.1 -33.6
"53" "48" 2000-03-07 26.75 "VAN" "@" "NYK" "L" -25 1 25 0.431 0.4 13.4 0 8.6 9 0 0 0 20.3 107 133 5.2 -6.3
"54" "49" 2000-03-08 26.75 "VAN" "@" "PHI" "L" -17 1 14.4333333333333 0.347 0 9.7 7.6 8.5 19.4 0 0 25.8 11.9 89 119 0.4 -7.3
"55" "50" 2000-03-10 26.76 "VAN" "@" "DET" "L" -14 1 15.9666666666667 0.218 0.167 24.3 39.5 32 11.1 0 0 22.5 25 61 116 -0.1 -17.3
"56" "51" 2000-03-11 26.76 "VAN" "@" "ATL" "L" -5 1 25.8333333333333 0.444 0.429 5 12.3 8.3 0 0 0 11.3 17.2 88 110 2.4 -7.9
"57" "52" 2000-03-13 26.76 "VAN" "" "SEA" "L" -10 1 33.8166666666667 0.832 0.813 19.6 23.5 21.7 23.9 0 0 30 35.7 116 123 23 4.1
"58" "53" 2000-03-16 26.77 "VAN" "@" "SEA" "L" -14 1 39.7 0.758 0.818 3.6 17.6 10.7 3.5 1.3 0 20.2 16.5 111 123 12 -1.8
"59" "54" 2000-03-17 26.78 "VAN" "" "PHO" "L" -15 1 20.0333333333333 0.387 0.333 0 0 0 9.4 0 3 56.3 20.2 37 108 -4.3 -17.6
"60" "55" 2000-03-19 26.78 "VAN" "" "DET" "L" -2 1 27.35 0.607 0.556 5.7 36.6 21.9 12.2 0 0 23.3 21.3 107 112 8.5 -2.7
"61" "56" 2000-03-21 26.79 "VAN" "" "GSW" "W" 16 1 24.3333333333333 0.473 0.5 0 20.8 10.8 0 0 0 0 17.3 101 93 4.3 -6.5
"62" "57" 2000-03-25 26.8 "VAN" "" "UTA" "L" -9 1 23.6833333333333 0.508 0.429 20.4 17.4 18.9 0 2.4 0 11.3 17.3 111 96 7 0
"63" "58" 2000-03-29 26.81 "VAN" "" "LAL" "L" -9 1 22.85 0.644 0.625 19.6 4.9 11.1 14.1 2.4 0 17.7 24 120 125 9.2 -0.7
"64" "59" 2000-03-31 26.81 "VAN" "" "NYK" "L" -6 1 37.2833333333333 0.466 0.5 7.6 22.6 16.2 4.5 0 3.7 38.3 14.2 66 101 2.5 -7.3
"65" "60" 2000-04-02 26.82 "VAN" "" "DAL" "L" -14 1 25.2 0.333 0.333 7.7 14.4 10.7 7 0 0 0 15.9 85 112 2.7 -8.4
"66" "61" 2000-04-04 26.82 "VAN" "" "HOU" "W" 2 1 28.35 0.388 0.333 3.5 4.1 3.8 10.7 0 5.2 7.2 21.3 84 109 4.8 -7.2
"67" "62" 2000-04-06 26.83 "VAN" "" "POR" "W" 2 1 18.8833333333333 0.798 1 0 17.2 9.8 16.6 9.2 3.6 0 5.2 175 88 7.1 11.6
"68" "63" 2000-04-08 26.84 "VAN" "@" "POR" "L" -13 1 22.95 0.381 0.429 0 30.9 13.7 0 0 0 20.2 22.4 60 125 -1.3 -18.6
"69" "64" 2000-04-09 26.84 "VAN" "" "SAS" "L" -8 1 17.7666666666667 0.6 0.6 27.4 8.3 18.8 9.5 0 0 16.7 16.3 126 127 5.7 -3.2
"70" "65" 2000-04-11 26.84 "VAN" "@" "GSW" "L" -12 1 17.5166666666667 0.444 0.429 7.4 6.7 7 8.6 0 0 0 21.1 103 123 3 -8.5
"71" "" 2000-04-12 26.85 "VAN" "@" "PHO" "L" -6 NA NA NA NA NA NA NA NA NA NA NA NA NA NA NA NA
"72" "66" 2000-04-14 26.85 "VAN" "" "MIN" "L" -10 1 17.05 0.644 0.667 28.4 15.2 22 10.6 3.6 0 20.5 14.7 125 104 7 5.9
"73" "67" 2000-04-16 26.86 "VAN" "@" "DAL" "L" -8 1 18.85 0.333 0.333 5.4 30.9 18.4 7.4 2.7 0 0 13.9 90 114 4.8 -1.2
"74" "68" 2000-04-17 26.86 "VAN" "@" "SAS" "L" -7 1 14.1666666666667 0.307 0.25 29.4 8.8 18.5 24 0 5.3 0 18.4 108 121 2.7 -5.3
"75" "69" 2000-04-19 26.87 "VAN" "@" "HOU" "W" 4 1 30.2833333333333 0.628 0.571 0 12.3 6.4 0 3.6 2.8 0 13.9 137 99 9.7 2.2
"1" "1" 2000-10-31 27.4 "VAN" "" "SEA" "W" 6 1 32.7333333333333 0.301 0.25 2.8 31.4 16.9 0 1.5 2.4 13.1 9.9 62 86 3.9 -8.2
"2" "2" 2000-11-02 27.4 "VAN" "@" "LAC" "W" 8 1 29.45 0.508 0.429 10.2 8.6 9.5 10.3 0 0 20.2 14.1 104 108 4.4 -7.3
"3" "3" 2000-11-04 27.41 "VAN" "" "LAL" "L" -9 1 26.6166666666667 0.34 0.2 4.8 24.8 15.6 6.1 0 0 0 9.9 88 100 1.7 -6.3
"4" "4" 2000-11-06 27.41 "VAN" "" "ATL" "W" 10 1 18.85 0.2 0.2 5.5 11.2 8.3 0 0 0 0 11.1 59 96 -1 -13.4
"5" "5" 2000-11-08 27.42 "VAN" "@" "DAL" "W" 27 1 25.0666666666667 0.375 0.375 10.4 11.1 10.8 11.9 2 0 27.3 19.4 73 80 2.5 -4.1
"6" "6" 2000-11-09 27.42 "VAN" "@" "HOU" "L" -7 1 23.7166666666667 0.654 0.667 6.3 17.1 11.9 0 2.4 0 12.7 17.1 116 97 6.4 2.2
"7" "7" 2000-11-11 27.43 "VAN" "@" "SAS" "L" -13 1 28.5666666666667 0.333 0.333 0 4.8 1.9 0 0 3.1 0 4.9 68 103 0.1 -8.6
"8" "8" 2000-11-16 27.44 "VAN" "" "LAC" "L" -4 1 17.55 0.2 0.2 0 24.2 13.2 11 3.5 4.1 0 14.5 60 88 0.9 -6.2
"9" "9" 2000-11-18 27.45 "VAN" "" "DAL" "L" -3 1 15.5666666666667 0.387 0.333 6.8 33.3 18.8 0 0 0 34 17.5 59 104 0 -15.6
"10" "10" 2000-11-20 27.45 "VAN" "" "DEN" "L" -3 1 20.6 0.322 0.25 29.8 35.6 32.7 7.5 0 0 0 19.2 103 100 6.6 -4.2
"11" "11" 2000-11-22 27.46 "VAN" "@" "MIN" "L" -1 1 17.9166666666667 0.2 0.2 0 0 0 7 5.8 0 28.6 18.3 37 105 -1.2 -12.1
"12" "12" 2000-11-24 27.46 "VAN" "@" "DET" "L" -22 1 13 0.521 0.5 8.4 23.1 14.6 0 0 5.3 51 18.3 53 118 -0.2 -14.5
"13" "" 2000-11-26 27.47 "VAN" "@" "BOS" "W" 11 NA NA NA NA NA NA NA NA NA NA NA NA NA NA NA NA
"14" "13" 2000-11-27 27.47 "VAN" "@" "NYK" "L" -25 0 24.05 0.359 0.25 0 10.5 4.5 25 2.3 0 0 19.3 87 110 4.3 0
"15" "14" 2000-11-29 27.48 "VAN" "" "PHO" "W" 3 0 18.8 0.699 0.667 6.4 17 12 0 2.7 0 0 15.3 144 92 7.8 6.4
"16" "15" 2000-12-01 27.48 "VAN" "" "IND" "L" -10 0 9.85 0.333 0.333 9.6 13.6 11.3 0 6 0 0 14.8 84 90 1.9 -1.5
"17" "16" 2000-12-03 27.49 "VAN" "" "SAS" "L" -18 0 15.8833333333333 0.444 0.444 12.5 17.6 14.6 0 3.5 0 0 26.1 103 111 5.5 0.1
"18" "17" 2000-12-05 27.49 "VAN" "" "DET" "W" 8 0 21.7333333333333 0.644 0.5 16.8 16.4 16.6 7.4 2.5 3.5 11.4 19.8 131 93 10.6 5.2
"19" "18" 2000-12-07 27.5 "VAN" "@" "UTA" "L" -11 0 26.4833333333333 0.833 0.75 10.5 47.5 29 10.3 2 12.6 8.9 20.2 159 90 20.9 19.2
"20" "19" 2000-12-09 27.5 "VAN" "" "PHI" "L" -4 0 21.7833333333333 0.436 0.333 10.9 25.4 18.4 10.6 7.3 6.5 12.7 16.8 93 74 8.8 8.4
"21" "20" 2000-12-11 27.51 "VAN" "" "HOU" "L" -7 0 28.65 0.421 0.364 6.9 28.3 16.7 14.2 0 5.7 7.8 22.5 90 92 8.8 2.7
"22" "21" 2000-12-13 27.52 "VAN" "" "SEA" "L" -1 0 39.1166666666667 0.519 0.5 10.7 13.7 12 9 2.7 5.8 12.2 19 104 98 13.9 2.5
"23" "22" 2000-12-15 27.52 "VAN" "@" "LAL" "L" -22 0 22.9666666666667 0.3 0.286 0 22.2 11.1 7.5 0 0 10.7 19.1 59 107 0.5 -10
"24" "23" 2000-12-17 27.53 "VAN" "" "ORL" "L" -10 0 21.7 0.467 0.286 4.6 17.7 10.4 0 0 0 0 20.9 118 124 3.7 -11.9
"25" "24" 2000-12-20 27.53 "VAN" "" "WAS" "W" 14 0 29.7666666666667 0.705 0.636 20 12.6 16 10.4 0 2.2 19 22.8 127 110 13.9 -0.1
"26" "25" 2000-12-22 27.54 "VAN" "" "SAC" "L" -2 0 15.05 0.25 0.25 13.3 0 7 0 3.6 0 0 11.8 84 106 1.2 -7.6
"27" "26" 2000-12-23 27.54 "VAN" "@" "LAC" "L" -2 0 20.6166666666667 0.337 0.273 10.4 26.6 18.4 16.2 0 0 0 24.7 92 101 4.6 -6.3
"28" "27" 2000-12-26 27.55 "VAN" "" "PHO" "L" -2 0 24.1166666666667 0.676 0.625 12.9 22.9 18.2 0 0 6.3 10.1 19.6 129 100 11 5.2
"29" "28" 2000-12-29 27.56 "VAN" "@" "POR" "L" -23 0 29.5166666666667 0.6 0.6 8.9 12.6 10.8 5.5 5 0 16.7 9.6 104 105 7.1 -2.4
"30" "29" 2000-12-30 27.56 "VAN" "" "GSW" "L" -1 0 8.21666666666667 0.333 0.333 47.4 14.3 30 0 6.1 0 25 21.1 83 92 0.7 -14.8
"31" "30" 2001-01-03 27.57 "VAN" "" "CHH" "W" 10 0 12.7333333333333 0.291 0.333 21.7 7.2 13 0 0 4.8 22.5 16.3 70 100 0.1 -12.7
"32" "31" 2001-01-05 27.58 "VAN" "@" "PHO" "L" -32 0 11.7666666666667 0.399 0 0 11.1 4.7 0 4.2 11.1 0 13.6 95 101 3.5 2.7
"33" "32" 2001-01-07 27.58 "VAN" "" "MIL" "W" 3 0 26.6833333333333 0.707 0.7 26.3 14.8 19 16.9 3.4 2.1 15 20.4 133 107 17 8.6
"34" "33" 2001-01-09 27.59 "VAN" "" "DEN" "L" -7 0 9.46666666666667 0.317 0.286 28.8 9 16.7 18.8 0 6 0 38.7 89 116 2.8 -9.3
"35" "34" 2001-01-12 27.6 "VAN" "@" "SEA" "L" -13 1 38.75 0.767 0.722 5.4 21.1 12.2 9.5 0 1.8 4.7 23.3 147 117 25.9 7.3
"36" "35" 2001-01-13 27.6 "VAN" "" "CLE" "W" 12 1 34.9 0.558 0.444 13.3 37.1 27.8 14.2 0 0 0 15.7 144 112 14.7 -0.1
"37" "36" 2001-01-15 27.61 "VAN" "@" "LAL" "L" -1 1 38.8833333333333 0.488 0.417 8.7 20.2 14.5 4.1 0 0 7 15.8 107 108 8.1 -3.5
"38" "37" 2001-01-17 27.61 "VAN" "@" "DEN" "L" -24 1 28.3833333333333 0.612 0.591 0 25.2 12.1 6.1 1.7 4.7 0 16.3 122 116 12.7 4.8
"39" "38" 2001-01-19 27.62 "VAN" "" "MIA" "L" -11 1 32.4666666666667 0.691 0.615 11.3 14.6 13 0 1.7 0 16.5 26.8 117 110 15.2 2.9
"40" "39" 2001-01-21 27.62 "VAN" "" "MIN" "L" -2 1 25.9833333333333 0.375 0.375 15.8 20.5 18.5 0 0 2.3 0 15.4 98 111 4.3 -8.3
"41" "40" 2001-01-23 27.63 "VAN" "@" "SAS" "L" -33 1 11.3333333333333 1.042 1 9.9 0 5.2 17 0 0 58.1 14.1 92 126 0.5 -9.4
"42" "41" 2001-01-25 27.63 "VAN" "@" "DAL" "L" -37 1 16.8333333333333 0.598 0.571 12.5 14.1 13.3 16.9 0 0 17.9 30.8 104 139 6.8 -2.1
"43" "42" 2001-01-26 27.64 "VAN" "@" "HOU" "L" -17 0 17.5833333333333 0.667 0.667 6.2 17.8 12.1 9.1 0 4 0 15.9 137 115 6.8 3.6
"44" "43" 2001-01-29 27.64 "VAN" "" "NJN" "W" 11 1 37.4166666666667 0.592 0.4 3.9 21.6 13.8 8.8 0 6.1 12.9 9.8 119 91 9 0.9
"45" "44" 2001-01-31 27.65 "VAN" "@" "PHO" "L" -9 1 25.2833333333333 0.444 0.444 9.1 15.2 12 29.2 2.1 2.5 10 17.7 103 107 7.9 3.1
"46" "" 2001-02-02 27.65 "VAN" "@" "SAC" "L" -10 NA NA NA NA NA NA NA NA NA NA NA NA NA NA NA NA
"47" "" 2001-02-03 27.66 "VAN" "" "CHI" "W" 7 NA NA NA NA NA NA NA NA NA NA NA NA NA NA NA NA
"48" "45" 2001-02-05 27.66 "VAN" "@" "SEA" "L" -13 0 35.0833333333333 0.608 0.5 0 19.1 10.5 14.1 1.6 0 14.8 9.9 117 108 6.9 -1.1
"49" "46" 2001-02-07 27.67 "VAN" "" "UTA" "L" -10 1 27.3666666666667 0.615 0.5 4.3 27.4 15.6 0 0 0 38.1 14 77 104 1.9 -9
"50" "47" 2001-02-13 27.68 "VAN" "" "BOS" "W" 1 1 35.9833333333333 0.703 0.643 8.9 27.2 20.3 11.6 0 2.2 14.9 24.6 125 102 19.3 4
"51" "48" 2001-02-15 27.69 "VAN" "" "GSW" "W" 10 1 31.2166666666667 0.773 0.667 0 25.8 16 15.1 1.7 0 20.5 15.4 129 90 11.6 2.4
"52" "49" 2001-02-16 27.69 "VAN" "@" "GSW" "W" 13 1 28.7333333333333 0.605 0.571 4.9 21.2 13.6 10.5 0 0 11.8 14.5 117 93 5.9 -2.8
"53" "50" 2001-02-18 27.7 "VAN" "@" "MIN" "W" 8 1 18.5333333333333 0.375 0.375 0 27.2 14.2 8.1 2.9 3.4 20 24 69 101 2.7 -8.7
"54" "51" 2001-02-20 27.7 "VAN" "@" "WAS" "W" 12 1 32.2833333333333 0.5 0.5 12.5 12.8 12.7 7.9 1.5 0 20 13.1 101 107 7.7 -2.4
"55" "52" 2001-02-21 27.71 "VAN" "@" "PHI" "L" -16 1 14.4333333333333 0.333 0.333 0 13.4 7.4 15.2 0 0 25 12.4 61 115 -0.6 -9.3
"56" "53" 2001-02-23 27.71 "VAN" "@" "MIL" "L" -12 1 27.8333333333333 0.34 0.2 10.7 21 15.9 13 0 0 25.4 13 77 102 3.4 -6.2
"57" "54" 2001-02-24 27.72 "VAN" "@" "CHI" "L" -15 1 15.55 0.667 0.667 8.2 29.8 19.5 0 0 0 57.1 21.5 48 97 -0.6 -15.7
"58" "55" 2001-02-27 27.72 "VAN" "" "DAL" "L" -4 1 20.8333333333333 0.788 0.75 8.2 14.7 11.6 7.1 0 0 18.4 22.9 128 125 10.4 2.2
"59" "56" 2001-02-28 27.73 "VAN" "@" "UTA" "L" -18 1 18.1333333333333 1.031 1 6.7 0 4 10.3 3.2 0 20.5 13.3 160 126 8.1 6.4
"60" "57" 2001-03-03 27.73 "VAN" "" "LAL" "L" -10 1 33.4833333333333 0.442 0.417 11.4 23.7 17 0 1.6 0 7.4 18.6 94 104 7.5 -6.8
"61" "58" 2001-03-05 27.74 "VAN" "" "SAS" "L" -14 1 38 0.466 0.5 6.5 19.8 14 0 1.4 5.7 7.2 18 87 97 9.5 -0.4
"62" "" 2001-03-06 27.74 "VAN" "@" "POR" "W" 8 NA NA NA NA NA NA NA NA NA NA NA NA NA NA NA NA
"63" "" 2001-03-09 27.75 "VAN" "" "POR" "W" 10 NA NA NA NA NA NA NA NA NA NA NA NA NA NA NA NA
"64" "" 2001-03-11 27.76 "VAN" "" "TOR" "L" -17 NA NA NA NA NA NA NA NA NA NA NA NA NA NA NA NA
"65" "" 2001-03-13 27.76 "VAN" "@" "ATL" "L" -10 NA NA NA NA NA NA NA NA NA NA NA NA NA NA NA NA
"66" "59" 2001-03-14 27.76 "VAN" "@" "CHH" "L" -5 0 19.9166666666667 0.667 0.667 13.3 10.9 12 0 0 0 57.1 15.7 59 113 -0.9 -15.1
"67" "60" 2001-03-16 27.77 "VAN" "@" "ORL" "L" -4 0 23.7666666666667 0.512 0.5 0 25 13.2 20.7 2.2 3 29.1 14 86 110 4.3 -3.9
"68" "61" 2001-03-17 27.77 "VAN" "@" "MIA" "L" -14 0 31 0.551 0.6 10.1 19.4 13.9 0 1.8 0 15.5 19.8 97 111 6.9 -3.9
"69" "62" 2001-03-20 27.78 "VAN" "@" "NJN" "L" -14 1 23.1833333333333 0.436 0.333 8.9 6.3 7.8 0 0 5.5 22.5 17.4 80 116 2.1 -10.6
"70" "63" 2001-03-22 27.79 "VAN" "@" "CLE" "L" -14 1 21.6166666666667 0.571 0.571 6.2 11.7 9 41.8 0 0 0 18.5 136 129 7.4 0.9
"71" "64" 2001-03-23 27.79 "VAN" "@" "IND" "L" -20 1 9.28333333333333 NA NA 29.6 13.3 22.7 0 0 0 100 4.8 76 109 1.4 -10.7
"72" "65" 2001-03-25 27.79 "VAN" "@" "TOR" "L" -10 0 29.9333333333333 0.4 0.4 7.4 24.3 16.2 11.2 1.8 0 16.7 18.9 79 107 4.9 -6.6
"73" "66" 2001-03-29 27.81 "VAN" "" "NYK" "W" 21 1 35.7833333333333 0.5 0.5 0 29.6 16.5 5 0 3.9 0 20.1 95 74 10.1 1.5
"74" "67" 2001-04-01 27.81 "VAN" "" "UTA" "L" -19 1 27.2333333333333 0.322 0.25 3.9 18.7 10.6 0 2.1 5.2 17.7 20.5 61 106 1.9 -8.8
"75" "68" 2001-04-04 27.82 "VAN" "" "LAC" "W" 8 1 26.4166666666667 0.5 0.5 5 30.8 18.7 14.4 0 0 20 18.8 88 90 4.2 -2.7
"76" "69" 2001-04-06 27.83 "VAN" "" "SAC" "L" -28 1 20.7166666666667 0.273 0.273 13.2 22.9 17.4 0 0 6.3 8.3 25.3 66 123 1.6 -14.2
"77" "70" 2001-04-07 27.83 "VAN" "@" "DEN" "L" -1 1 35.8166666666667 0.519 0.5 8.7 26.7 17.6 0 0 2.5 0 17.4 114 103 12.3 -2.4
"78" "71" 2001-04-10 27.84 "VAN" "" "MIN" "L" -13 1 25.5666666666667 0.273 0.273 3.8 18.9 10.6 5.7 2 2.6 0 19.2 68 111 3 -9.1
"79" "72" 2001-04-12 27.84 "VAN" "" "POR" "L" -13 1 30.6833333333333 0.508 0.429 3.8 6.6 5.3 5.2 1.8 0 6 27.9 98 117 10.2 -4
"80" "73" 2001-04-14 27.85 "VAN" "" "HOU" "L" -5 1 24.7666666666667 0.3 0.3 23.6 30 25.9 0 2.2 0 9.1 18.5 88 112 5.8 -9.6
"81" "74" 2001-04-16 27.85 "VAN" "@" "SAC" "L" -10 1 22.5833333333333 0.607 0.556 4.9 22.7 14.1 23.6 2.1 2.8 23.3 24 101 106 8.7 2.1
"82" "75" 2001-04-18 27.86 "VAN" "@" "GSW" "W" 14 1 27.15 0.19 0.143 9.7 13.9 12 0 0 5.9 0 12.3 74 92 1.4 -11.6
