"Rk" "G" "Date" "Age" "Tm" "H/A" "Opp" "W/L" "By Amt" "GS" "MP" "TS%" "eFG%" "ORB%" "DRB%" "TRB%" "AST%" "STL%" "BLK%" "TOV%" "USG%" "ORtg" "DRtg" "GmSc" "BPM"
"1" "" 2015-10-28 22.12 "MIA" "" "CHO" "W" 10 NA NA NA NA NA NA NA NA NA NA NA NA NA NA NA NA
"2" "" 2015-10-30 22.12 "MIA" "@" "CLE" "L" -10 NA NA NA NA NA NA NA NA NA NA NA NA NA NA NA NA
"3" "" 2015-11-01 22.13 "MIA" "" "HOU" "W" 20 NA NA NA NA NA NA NA NA NA NA NA NA NA NA NA NA
"4" "" 2015-11-03 22.13 "MIA" "" "ATL" "L" -6 NA NA NA NA NA NA NA NA NA NA NA NA NA NA NA NA
"5" "1" 2015-11-05 22.14 "MIA" "@" "MIN" "W" 12 0 6.83333333333333 0 0 0 0 0 0 0 0 50 13.6 0 98 -2.5 -22.2
"6" "" 2015-11-06 22.14 "MIA" "@" "IND" "L" -3 NA NA NA NA NA NA NA NA NA NA NA NA NA NA NA NA
"7" "" 2015-11-08 22.15 "MIA" "" "TOR" "W" 20 NA NA NA NA NA NA NA NA NA NA NA NA NA NA NA NA
"8" "2" 2015-11-10 22.15 "MIA" "" "LAL" "W" 13 0 14.75 0.266 0 0 0 0 17.1 3.6 0 0 5.8 101 97 1.9 -2.5
"9" "3" 2015-11-12 22.16 "MIA" "" "UTA" "W" 1 1 20.7666666666667 0.8 0.8 0 13.9 7.8 0 0 0 0 11.2 159 102 5 1.5
"10" "" 2015-11-17 22.17 "MIA" "" "MIN" "L" -12 NA NA NA NA NA NA NA NA NA NA NA NA NA NA NA NA
"11" "" 2015-11-19 22.18 "MIA" "" "SAC" "W" 7 NA NA NA NA NA NA NA NA NA NA NA NA NA NA NA NA
"12" "4" 2015-11-21 22.18 "MIA" "" "PHI" "W" 5 0 4.4 0 0 0 0 0 0 0 0 50 20.8 0 109 -1.7 -27.3
"13" "" 2015-11-23 22.19 "MIA" "" "NYK" "W" 17 NA NA NA NA NA NA NA NA NA NA NA NA NA NA NA NA
"14" "5" 2015-11-25 22.19 "MIA" "@" "DET" "L" -23 0 5.65 0 0 0 16.7 8.8 26.5 0 0 0 8.6 47 121 0.3 -8
"15" "6" 2015-11-27 22.2 "MIA" "@" "NYK" "W" 19 0 1.8 0.75 0.75 0 65 32.9 0 0 0 0 53.2 129 79 2.3 40.7
"16" "" 2015-11-30 22.21 "MIA" "" "BOS" "L" -10 NA NA NA NA NA NA NA NA NA NA NA NA NA NA NA NA
"17" "7" 2015-12-03 22.22 "MIA" "" "OKC" "W" 2 0 8.33333333333333 0.568 NA 14 15.2 14.6 0 0 0 0 5 151 108 1.6 -2.9
"18" "8" 2015-12-05 22.22 "MIA" "" "CLE" "W" 15 0 7.56666666666667 NA NA 0 12.9 8.2 0 0 0 100 6.6 0 94 -1.5 -15
"19" "9" 2015-12-07 22.23 "MIA" "" "WAS" "L" -11 0 8.25 NA NA 0 13.9 8.2 0 0 0 NA 0 0 127 -0.5 -11
"20" "10" 2015-12-09 22.23 "MIA" "@" "CHO" "L" -18 0 15.4333333333333 0.525 0.5 0 15.9 7.5 24 3.3 0 0 14.4 119 102 4.7 5
"21" "11" 2015-12-11 22.24 "MIA" "@" "IND" "L" -13 0 8.75 0 0 0 12.5 6.1 0 0 0 50 10.4 0 105 -2.6 -20.5
"22" "" 2015-12-13 22.24 "MIA" "" "MEM" "W" 3 NA NA NA NA NA NA NA NA NA NA NA NA NA NA NA NA
"23" "" 2015-12-14 22.25 "MIA" "@" "ATL" "W" 12 NA NA NA NA NA NA NA NA NA NA NA NA NA NA NA NA
"24" "" 2015-12-16 22.25 "MIA" "@" "BRK" "W" 6 NA NA NA NA NA NA NA NA NA NA NA NA NA NA NA NA
"25" "12" 2015-12-18 22.26 "MIA" "" "TOR" "L" -14 0 3.43333333333333 NA NA 0 0 0 0 0 23.7 NA 0 0 103 -0.1 -1.6
"26" "" 2015-12-20 22.26 "MIA" "" "POR" "W" 7 NA NA NA NA NA NA NA NA NA NA NA NA NA NA NA NA
"27" "13" 2015-12-22 22.27 "MIA" "" "DET" "L" -1 0 14.0333333333333 0.41 0.25 8.1 8.3 8.2 19.2 0 0 0 17 115 118 3.6 -3.1
"28" "" 2015-12-25 22.28 "MIA" "" "NOP" "W" 6 NA NA NA NA NA NA NA NA NA NA NA NA NA NA NA NA
"29" "" 2015-12-26 22.28 "MIA" "@" "ORL" "W" 7 NA NA NA NA NA NA NA NA NA NA NA NA NA NA NA NA
"30" "" 2015-12-28 22.28 "MIA" "" "BRK" "L" -6 NA NA NA NA NA NA NA NA NA NA NA NA NA NA NA NA
"31" "" 2015-12-29 22.29 "MIA" "@" "MEM" "L" -9 NA NA NA NA NA NA NA NA NA NA NA NA NA NA NA NA
"32" "" 2016-01-01 22.3 "MIA" "" "DAL" "W" 24 NA NA NA NA NA NA NA NA NA NA NA NA NA NA NA NA
"33" "14" 2016-01-03 22.3 "MIA" "@" "WAS" "W" 22 0 3.71666666666667 0 0 0 23.1 13 33.1 0 0 66.7 37.5 18 83 -2.5 -42.9
"34" "" 2016-01-04 22.3 "MIA" "" "IND" "W" 3 NA NA NA NA NA NA NA NA NA NA NA NA NA NA NA NA
"35" "" 2016-01-06 22.31 "MIA" "" "NYK" "L" -8 NA NA NA NA NA NA NA NA NA NA NA NA NA NA NA NA
"36" "" 2016-01-08 22.32 "MIA" "@" "PHO" "W" 8 NA NA NA NA NA NA NA NA NA NA NA NA NA NA NA NA
"37" "" 2016-01-09 22.32 "MIA" "@" "UTA" "L" -15 NA NA NA NA NA NA NA NA NA NA NA NA NA NA NA NA
"38" "15" 2016-01-11 22.32 "MIA" "@" "GSW" "L" -8 0 3.83333333333333 0 0 0 0 0 0 0 0 0 11.6 0 119 -0.7 -17.4
"39" "16" 2016-01-13 22.33 "MIA" "@" "LAC" "L" -14 0 3.3 1.136 NA 0 0 0 93.8 0 21.1 53.2 25.9 135 95 3.1 32.2
"40" "17" 2016-01-15 22.33 "MIA" "@" "DEN" "W" 3 0 10.4333333333333 0.25 0.25 0 11.8 5.8 0 0 0 0 18 54 110 -0.9 -18.2
"41" "18" 2016-01-17 22.34 "MIA" "@" "OKC" "L" -25 0 19.8 0.375 0.375 0 11.5 6.1 0 0 0 0 10.1 80 117 1.2 -5.4
"42" "19" 2016-01-19 22.35 "MIA" "" "MIL" "L" -12 0 30.2166666666667 0.169 0.125 3.6 4.8 4.1 6.3 5.5 0 0 14.2 52 99 0.9 -5.3
"43" "20" 2016-01-20 22.35 "MIA" "@" "WAS" "L" -19 0 35.1 0.381 0.286 0 11.7 6.3 18.1 1.6 3.9 33.7 16.9 68 119 2.8 -7.1
"44" "21" 2016-01-22 22.35 "MIA" "@" "TOR" "L" -20 0 33.4666666666667 0.333 0.333 2.9 4.2 3.5 20 3.3 2.9 10 14.3 84 112 4.4 -1.8
"45" "" 2016-01-25 22.36 "MIA" "@" "CHI" "W" 5 NA NA NA NA NA NA NA NA NA NA NA NA NA NA NA NA
"46" "" 2016-01-26 22.36 "MIA" "@" "BRK" "W" 4 NA NA NA NA NA NA NA NA NA NA NA NA NA NA NA NA
"47" "" 2016-01-29 22.37 "MIA" "@" "MIL" "W" 4 NA NA NA NA NA NA NA NA NA NA NA NA NA NA NA NA
"48" "22" 2016-01-31 22.38 "MIA" "" "ATL" "W" 18 0 1.18333333333333 NA NA 0 0 0 0 0 0 NA 0 0 97 0 -3.8
"49" "23" 2016-02-02 22.38 "MIA" "@" "HOU" "L" -13 0 3.26666666666667 0 0 0 35.8 17.3 0 0 0 0 12.9 0 119 -0.8 -23.5
"50" "" 2016-02-03 22.39 "MIA" "@" "DAL" "W" 3 NA NA NA NA NA NA NA NA NA NA NA NA NA NA NA NA
"51" "" 2016-02-05 22.39 "MIA" "@" "CHO" "W" 3 NA NA NA NA NA NA NA NA NA NA NA NA NA NA NA NA
"52" "" 2016-02-07 22.4 "MIA" "" "LAC" "L" -7 NA NA NA NA NA NA NA NA NA NA NA NA NA NA NA NA
"53" "" 2016-02-09 22.4 "MIA" "" "SAS" "L" -18 NA NA NA NA NA NA NA NA NA NA NA NA NA NA NA NA
"54" "24" 2016-02-19 22.43 "MIA" "@" "ATL" "W" 4 0 19.6833333333333 0.875 0.875 0 5.5 2.8 0 2.4 0 0 8.5 167 110 5.9 0
"55" "25" 2016-02-20 22.43 "MIA" "" "WAS" "W" 20 0 35.2333333333333 0.313 0.313 0 13.6 7.3 9.2 0 5.3 0 9.5 92 94 5.4 -1.3
"56" "26" 2016-02-22 22.44 "MIA" "" "IND" "W" 8 0 8.55 0 0 0 11.7 5.6 0 5.9 0 0 4.8 0 83 0.6 -2.3
"57" "27" 2016-02-24 22.44 "MIA" "" "GSW" "L" -6 0 28.6166666666667 1.09 1.083 3.7 3.8 3.8 0 1.7 2.7 12.7 11.8 181 120 12.9 7.8
"58" "28" 2016-02-27 22.45 "MIA" "@" "BOS" "L" -12 0 26.8333333333333 0.828 0.75 0 6.9 3.5 5.8 3.6 4.5 31.1 15 113 98 9.1 3.7
"59" "29" 2016-02-28 22.45 "MIA" "@" "NYK" "W" 17 0 30.25 0.581 0.5 0 8.8 5.1 9 3.5 0 0 10.1 134 90 8.9 4.1
"60" "30" 2016-03-01 22.46 "MIA" "" "CHI" "W" 18 0 26.8166666666667 0.605 0.643 0 12.8 8 8 3.6 0 0 12.9 127 111 8 0.1
"61" "31" 2016-03-03 22.47 "MIA" "" "PHO" "W" 16 0 22.5 0.381 0.357 0 9.1 5 17.9 2.2 0 11.3 17.9 84 98 2.6 -5.7
"62" "32" 2016-03-04 22.47 "MIA" "@" "PHI" "W" 10 0 33.35 0.429 0.429 3.2 10.7 7.3 12 0 2.2 12.5 9.6 102 109 4.4 -2.9
"63" "33" 2016-03-06 22.47 "MIA" "" "PHI" "W" 5 0 23.0833333333333 0.7 0.7 0 0 0 7 0 0 16.7 11.7 121 118 3.6 -4.6
"64" "34" 2016-03-09 22.48 "MIA" "@" "MIL" "L" -6 0 24.3666666666667 0.902 0.917 0 9.6 5.4 11.5 4.2 2.7 0 14.8 188 117 14.9 16
"65" "35" 2016-03-11 22.49 "MIA" "@" "CHI" "W" 22 0 31.7333333333333 0.917 0.917 3.7 3.7 3.7 18.1 1.6 0 0 16.8 181 106 20.8 11.6
"66" "36" 2016-03-12 22.49 "MIA" "@" "TOR" "L" -8 0 26.4333333333333 0.481 0.5 7.9 5.3 6.8 0 3.9 0 0 13.6 112 109 5.2 -0.3
"67" "37" 2016-03-14 22.5 "MIA" "" "DEN" "W" 5 0 32.75 0.781 0.8 4.4 11 8 7.7 3 6 8.4 16.5 144 117 16.9 10
"68" "38" 2016-03-17 22.5 "MIA" "" "CHO" "L" -3 0 24.55 0.836 0.944 5.4 14 10 7.4 0 3.3 15.7 24.8 128 120 12.3 5.6
"69" "39" 2016-03-19 22.51 "MIA" "" "CLE" "W" 21 0 32.0666666666667 0.883 0.889 0 9.4 4.4 8.1 1.7 2.9 15.7 18.2 146 111 16.4 8.9
"70" "40" 2016-03-22 22.52 "MIA" "@" "NOP" "W" 14 0 24.4166666666667 0.375 0.375 0 3.9 2.1 0 0 0 11.1 15.8 72 109 -0.3 -12.1
"71" "41" 2016-03-23 22.52 "MIA" "@" "SAS" "L" -24 0 34.2 0.654 0.654 3.5 3.5 3.5 20.7 4.7 2.1 0 19 135 121 17.4 11.7
"72" "42" 2016-03-25 22.53 "MIA" "" "ORL" "W" 11 0 32.9833333333333 0.742 0.722 0 6.2 3.3 8.9 0 0 9.6 14.4 138 113 9.5 0.2
"73" "43" 2016-03-28 22.53 "MIA" "" "BRK" "W" 11 1 38.2333333333333 0.81 0.833 3.8 14.3 9.2 9.3 2.7 1.9 9.2 13.5 149 105 16.6 7.4
"74" "44" 2016-03-30 22.54 "MIA" "@" "LAL" "L" -2 0 29.35 0.056 0 4.1 6 5.2 13.2 1.8 0 10.1 15.6 38 108 -2.4 -14.2
"75" "45" 2016-04-01 22.55 "MIA" "@" "SAC" "W" 6 0 27.55 0.438 0.438 0 11.1 6.6 4.7 0 2.6 20 16.2 75 114 1.3 -9.5
"76" "46" 2016-04-02 22.55 "MIA" "@" "POR" "L" -17 0 30.2166666666667 0.551 0.55 0 4.2 1.8 24.4 3.3 0 15.5 18.1 103 115 9.3 2.2
"77" "47" 2016-04-05 22.56 "MIA" "" "DET" "W" 18 0 35.4833333333333 0.889 0.889 0 5.9 3.2 0 0 0 0 12.3 169 106 12.3 5.8
"78" "48" 2016-04-07 22.56 "MIA" "" "CHI" "W" 8 0 32.3 0.557 0.5 0 6.8 3.4 3.9 0 0 0 13.4 131 116 6.4 -2.2
"79" "49" 2016-04-08 22.56 "MIA" "@" "ORL" "L" -3 0 32.7 0.509 0.455 10.9 4.1 8.2 15 1.5 2.1 7.3 16.7 130 117 12.7 5.2
"80" "50" 2016-04-10 22.57 "MIA" "" "ORL" "W" 22 0 34.1166666666667 0.571 0.5 4.3 6.5 5.6 14.5 0 0 11.3 12.2 119 105 8 -2.1
"81" "51" 2016-04-12 22.58 "MIA" "@" "DET" "W" 6 0 37.2666666666667 0.387 0.333 0 15.8 8.9 3.5 1.4 3.9 20.5 6.2 73 99 4 -0.8
"82" "52" 2016-04-13 22.58 "MIA" "@" "BOS" "L" -10 0 26.95 0 0 8.3 8.9 8.6 4.7 0 2.5 0 10.6 32 119 -2 -13.3
"1" "" 2016-10-26 23.11 "MIA" "@" "ORL" "W" 12 NA NA NA NA NA NA NA NA NA NA NA NA NA NA NA NA
"2" "" 2016-10-28 23.12 "MIA" "" "CHO" "L" -6 NA NA NA NA NA NA NA NA NA NA NA NA NA NA NA NA
"3" "" 2016-10-30 23.12 "MIA" "" "SAS" "L" -7 NA NA NA NA NA NA NA NA NA NA NA NA NA NA NA NA
"4" "" 2016-11-01 23.13 "MIA" "" "SAC" "W" 12 NA NA NA NA NA NA NA NA NA NA NA NA NA NA NA NA
"5" "1" 2016-11-04 23.14 "MIA" "@" "TOR" "L" -9 0 11.6 0 0 0 9.4 4.4 0 4.5 0 33.3 23.1 0 102 -4.3 -25.9
"6" "2" 2016-11-07 23.15 "MIA" "@" "OKC" "L" -12 0 25.2666666666667 0.438 0.438 7.8 9.7 8.6 0 0 0 11.1 16.2 90 112 2.4 -7.4
"7" "3" 2016-11-10 23.15 "MIA" "" "CHI" "L" -3 0 28.4 0.615 0.615 0 3.8 1.8 0 0 2.3 0 20.4 123 115 9.1 2.8
"8" "4" 2016-11-12 23.16 "MIA" "" "UTA" "L" -11 1 32.8833333333333 0.375 0.375 0 10.7 5.2 20 3.2 2.4 5.9 25.5 78 107 7.4 -3
"9" "5" 2016-11-14 23.16 "MIA" "@" "SAS" "L" -4 1 28.2666666666667 0.444 0.444 3.5 0 1.8 22.5 1.8 0 25 19.2 80 110 3.2 -7.5
"10" "6" 2016-11-15 23.17 "MIA" "" "ATL" "L" -3 1 38.0833333333333 0.638 0.607 2.7 10.2 6.1 9.7 2.6 6 16.8 19.1 118 92 15.3 8.3
"11" "7" 2016-11-17 23.17 "MIA" "" "MIL" "W" 23 1 32.3333333333333 0.474 0.474 2.8 5.5 4.2 5.2 0 0 5 26.2 102 90 7.3 0.7
"12" "8" 2016-11-19 23.18 "MIA" "@" "WAS" "W" 3 1 34.0666666666667 0.735 0.75 3.2 19.7 11.3 3.8 1.5 2.3 8.9 14 147 116 13.7 6.5
"13" "9" 2016-11-21 23.18 "MIA" "@" "PHI" "L" -7 1 28.9166666666667 0.168 0.136 0 9.2 3.7 5.1 1.8 3.2 0 17.4 52 112 -1.1 -11.1
"14" "10" 2016-11-23 23.19 "MIA" "@" "DET" "L" -23 1 20.1 0.4 0.4 0 23.9 11.1 10.7 0 0 16.7 14 69 116 0.6 -11.1
"15" "11" 2016-11-25 23.19 "MIA" "@" "MEM" "W" 9 1 26.9 0.667 0.667 0 10.7 5.6 27.6 2 0 0 15.9 146 94 11.6 11
"16" "12" 2016-11-26 23.2 "MIA" "" "MEM" "L" -3 1 29.4 0.582 0.542 4.1 9.9 6.7 25.6 0 0 13.4 24.2 118 126 10.2 0.8
"17" "13" 2016-11-28 23.2 "MIA" "" "BOS" "L" -8 0 28.7666666666667 0.607 0.611 4.1 12.5 8.2 0 1.7 0 9.2 17 107 116 7.3 -0.7
"18" "" 2016-11-30 23.21 "MIA" "@" "DEN" "W" 8 NA NA NA NA NA NA NA NA NA NA NA NA NA NA NA NA
"19" "" 2016-12-01 23.21 "MIA" "@" "UTA" "W" 1 NA NA NA NA NA NA NA NA NA NA NA NA NA NA NA NA
"20" "" 2016-12-03 23.22 "MIA" "@" "POR" "L" -7 NA NA NA NA NA NA NA NA NA NA NA NA NA NA NA NA
"21" "" 2016-12-06 23.22 "MIA" "" "NYK" "L" -11 NA NA NA NA NA NA NA NA NA NA NA NA NA NA NA NA
"22" "" 2016-12-07 23.23 "MIA" "@" "ATL" "L" -8 NA NA NA NA NA NA NA NA NA NA NA NA NA NA NA NA
"23" "" 2016-12-09 23.23 "MIA" "@" "CLE" "L" -30 NA NA NA NA NA NA NA NA NA NA NA NA NA NA NA NA
"24" "14" 2016-12-10 23.24 "MIA" "@" "CHI" "L" -5 0 26.0166666666667 0.427 0.417 3.8 9 6.1 22.5 2 0 7.2 23.1 98 113 7.1 -1.7
"25" "15" 2016-12-12 23.24 "MIA" "" "WAS" "W" 11 0 29.05 0.714 0.714 0 14.4 7.9 12.9 1.7 0 22.2 13.9 117 106 8.2 1.8
"26" "16" 2016-12-14 23.25 "MIA" "" "IND" "W" 6 0 30.4833333333333 0.625 0.625 3.4 12.6 8.2 15.4 0 0 27.3 16 98 99 7 -0.2
"27" "17" 2016-12-16 23.25 "MIA" "" "LAC" "L" -4 0 29.6 0.365 0.273 0 3.7 1.7 9.8 1.7 2.8 0 18.5 85 106 4.3 -4.8
"28" "18" 2016-12-18 23.26 "MIA" "" "BOS" "L" -10 1 34.5166666666667 0.273 0.273 0 9.1 5.3 0 0 0 0 14.9 58 116 0 -12.3
"29" "19" 2016-12-20 23.26 "MIA" "" "ORL" "L" -6 1 43.8833333333333 0.327 0.25 2.6 8.8 5.6 16.7 0 0 12.7 16.1 82 118 3.2 -7.6
"30" "20" 2016-12-22 23.27 "MIA" "" "LAL" "W" 8 1 36.5 0.409 0.409 3.2 11.4 7.6 9.9 0 2.5 15.4 16.2 87 115 4.8 -8.7
"31" "21" 2016-12-23 23.27 "MIA" "@" "NOP" "L" -4 1 32.9166666666667 0.322 0.25 0 2.5 1.3 13.2 1.5 0 15.5 17.6 68 100 0.6 -7.9
"32" "22" 2016-12-27 23.28 "MIA" "" "OKC" "L" -12 1 37.4666666666667 0.652 0.625 0 17.3 8.2 15.7 1.4 0 0 20.9 140 116 17.4 5.6
"33" "23" 2016-12-29 23.29 "MIA" "@" "CHO" "L" -9 1 33.1666666666667 0.693 0.679 0 10.9 5.8 13.5 1.5 2.2 6.5 21.5 117 96 15.5 8
"34" "24" 2016-12-30 23.29 "MIA" "@" "BOS" "L" -3 1 34.55 0.545 0.529 8.2 15.9 12.1 30.1 5.9 6.6 14.7 26.7 113 113 19.7 6.8
"35" "25" 2017-01-01 23.3 "MIA" "" "DET" "L" -9 1 37.7666666666667 0.474 0.462 0 3.1 1.6 35.5 2.7 0 11.9 22.4 100 115 10.4 -2.1
"36" "26" 2017-01-03 23.3 "MIA" "@" "PHO" "L" -9 1 36.8666666666667 0.344 0.344 0 6.4 2.8 13.2 2.9 4.8 15.8 22.5 69 107 4.1 -4.8
"37" "27" 2017-01-04 23.3 "MIA" "@" "SAC" "W" 5 1 37.1 0.409 0.409 0 28.8 15.9 17.4 2.7 0 21.4 17.6 80 108 6.7 -6
"38" "28" 2017-01-06 23.31 "MIA" "@" "LAL" "L" -27 1 30.3 0.436 0.417 0 3.3 1.5 9.1 0 0 22.5 12.4 76 134 0.7 -11.5
"39" "" 2017-01-08 23.32 "MIA" "@" "LAC" "L" -12 NA NA NA NA NA NA NA NA NA NA NA NA NA NA NA NA
"40" "" 2017-01-10 23.32 "MIA" "@" "GSW" "L" -12 NA NA NA NA NA NA NA NA NA NA NA NA NA NA NA NA
"41" "" 2017-01-13 23.33 "MIA" "@" "MIL" "L" -8 NA NA NA NA NA NA NA NA NA NA NA NA NA NA NA NA
"42" "" 2017-01-17 23.34 "MIA" "" "HOU" "W" 6 NA NA NA NA NA NA NA NA NA NA NA NA NA NA NA NA
"43" "" 2017-01-19 23.35 "MIA" "" "DAL" "W" 4 NA NA NA NA NA NA NA NA NA NA NA NA NA NA NA NA
"44" "" 2017-01-21 23.35 "MIA" "" "MIL" "W" 12 NA NA NA NA NA NA NA NA NA NA NA NA NA NA NA NA
"45" "" 2017-01-23 23.36 "MIA" "" "GSW" "W" 3 NA NA NA NA NA NA NA NA NA NA NA NA NA NA NA NA
"46" "" 2017-01-25 23.36 "MIA" "@" "BRK" "W" 3 NA NA NA NA NA NA NA NA NA NA NA NA NA NA NA NA
"47" "" 2017-01-27 23.37 "MIA" "@" "CHI" "W" 12 NA NA NA NA NA NA NA NA NA NA NA NA NA NA NA NA
"48" "" 2017-01-28 23.37 "MIA" "" "DET" "W" 13 NA NA NA NA NA NA NA NA NA NA NA NA NA NA NA NA
"49" "" 2017-01-30 23.38 "MIA" "" "BRK" "W" 8 NA NA NA NA NA NA NA NA NA NA NA NA NA NA NA NA
"50" "" 2017-02-01 23.38 "MIA" "" "ATL" "W" 23 NA NA NA NA NA NA NA NA NA NA NA NA NA NA NA NA
"51" "" 2017-02-04 23.39 "MIA" "" "PHI" "W" 23 NA NA NA NA NA NA NA NA NA NA NA NA NA NA NA NA
"52" "" 2017-02-06 23.39 "MIA" "@" "MIN" "W" 2 NA NA NA NA NA NA NA NA NA NA NA NA NA NA NA NA
"53" "" 2017-02-08 23.4 "MIA" "@" "MIL" "W" 18 NA NA NA NA NA NA NA NA NA NA NA NA NA NA NA NA
"54" "" 2017-02-10 23.41 "MIA" "@" "BRK" "W" 9 NA NA NA NA NA NA NA NA NA NA NA NA NA NA NA NA
"55" "" 2017-02-11 23.41 "MIA" "@" "PHI" "L" -8 NA NA NA NA NA NA NA NA NA NA NA NA NA NA NA NA
"56" "" 2017-02-13 23.41 "MIA" "" "ORL" "L" -9 NA NA NA NA NA NA NA NA NA NA NA NA NA NA NA NA
"57" "" 2017-02-15 23.42 "MIA" "@" "HOU" "W" 8 NA NA NA NA NA NA NA NA NA NA NA NA NA NA NA NA
"58" "29" 2017-02-24 23.44 "MIA" "@" "ATL" "W" 18 0 13.1166666666667 0 0 0 0 0 27.4 0 0 0 15.7 41 103 -2.2 -16.6
"59" "30" 2017-02-25 23.45 "MIA" "" "IND" "W" 18 0 14.2833333333333 0.333 0.333 8.2 22.4 15.6 9.7 0 0 0 9.4 107 103 1 -8.7
"60" "31" 2017-02-27 23.45 "MIA" "@" "DAL" "L" -7 0 7.93333333333333 0.5 0.5 0 0 0 0 0 0 0 11.9 106 123 1 -8
"61" "32" 2017-03-01 23.46 "MIA" "" "PHI" "W" 27 0 24.1833333333333 0.438 0.438 0 27.1 14.5 23.1 2 2.9 11.1 15.9 105 94 7.8 0.5
"62" "33" 2017-03-03 23.46 "MIA" "@" "ORL" "L" -11 0 24.3 0.735 0.5 3.8 14.5 8.5 0 0 0 17.4 10.3 133 119 4.7 -6.7
"63" "34" 2017-03-04 23.47 "MIA" "" "CLE" "W" 28 0 25.05 0.444 0.444 4.8 28 16.6 15 0 4.2 0 16.7 127 105 8.2 -0.9
"64" "35" 2017-03-06 23.47 "MIA" "@" "CLE" "W" 8 0 31.7333333333333 0.434 0.25 0 7.4 3.4 16.1 4.8 0 0 8.4 119 100 7.4 0.5
"65" "36" 2017-03-08 23.48 "MIA" "" "CHO" "W" 7 0 25.1166666666667 0.338 0.25 8.3 4.9 6.7 0 4.1 0 10.1 17.6 80 108 3.1 -8.6
"66" "37" 2017-03-11 23.48 "MIA" "" "TOR" "W" 15 0 22.2666666666667 0.307 0.25 0 13.5 7.8 6.6 2.3 3 0 10.7 73 96 2.7 -4.4
"67" "38" 2017-03-12 23.49 "MIA" "@" "IND" "L" -4 1 36.8333333333333 0.467 0.286 12.1 8.5 10.4 0 4.4 1.9 9.4 12.7 114 107 10.4 0.9
"68" "39" 2017-03-15 23.5 "MIA" "" "NOP" "W" 8 0 15.7666666666667 1 1 14.5 0 7.3 17.5 0 0 20 13.8 168 120 8.2 10.3
"69" "40" 2017-03-17 23.5 "MIA" "" "MIN" "W" 18 0 31.5 0.37 0.2 5.3 11.7 9 9.4 0 6.5 0 9.5 119 113 6.1 -1.8
"70" "41" 2017-03-19 23.51 "MIA" "" "POR" "L" -11 1 32.5833333333333 0.563 0.563 0 3.8 1.8 8.4 1.6 2.6 10.1 13.8 113 132 6.4 -4.5
"71" "42" 2017-03-21 23.51 "MIA" "" "PHO" "W" 15 1 35.9666666666667 0.538 0.538 2.8 3.2 3 7.9 0 2 7.1 15.6 119 102 8.2 -1.8
"72" "43" 2017-03-23 23.52 "MIA" "" "TOR" "L" -17 1 35.1 0.45 0.458 0 7.4 3.1 16.3 0 4.9 0 16.8 98 111 7.3 -1.5
"73" "44" 2017-03-26 23.53 "MIA" "@" "BOS" "L" -4 1 36.7166666666667 0.414 0.35 0 4.1 1.7 17.6 2.8 4.9 15.5 14.4 97 117 7.6 0.6
"74" "45" 2017-03-28 23.53 "MIA" "@" "DET" "W" 1 1 32.9833333333333 0.379 0.318 3.2 11.9 7.7 18.4 1.6 2.5 7.8 18.1 91 106 6.3 -1.9
"75" "46" 2017-03-29 23.53 "MIA" "@" "NYK" "W" 17 1 34.8333333333333 0.708 0.708 0 2.8 1.5 4.5 7.5 2.2 20 20.4 108 92 15.1 9.1
"76" "47" 2017-03-31 23.54 "MIA" "" "NYK" "L" -4 1 28.85 0.205 0 4 0 2.1 24.5 1.8 5.2 29.1 10.7 71 105 3.8 -0.4
"77" "48" 2017-04-02 23.55 "MIA" "" "DEN" "L" -3 1 37.55 0.715 0.727 3.1 6.4 4.7 3.7 1.3 5.7 7.8 15.5 128 115 13.8 4.2
"78" "49" 2017-04-05 23.55 "MIA" "@" "CHO" "W" 13 1 36.1166666666667 0.62 0.571 0 18 8.7 20.7 0 2.5 6.1 22.8 130 116 14.7 1.5
"79" "50" 2017-04-07 23.56 "MIA" "@" "TOR" "L" -2 1 36.3 0.417 0.417 5.7 0 3 19.1 4.1 2 14.3 16.1 94 101 7.9 3.2
"80" "51" 2017-04-08 23.56 "MIA" "@" "WAS" "W" 3 1 36.6 0.644 0.5 0 3.3 1.6 11.4 6.8 4.4 11.4 10.6 127 100 14 8.8
"81" "52" 2017-04-10 23.57 "MIA" "" "CLE" "W" 3 1 46.3333333333333 0.658 0.643 4.7 10.4 7.4 16.4 5.1 0 12.2 15.3 125 102 20.7 6.8
"82" "53" 2017-04-12 23.57 "MIA" "" "WAS" "W" 8 1 37.1666666666667 0.625 0.625 0 5.7 3 3.4 0 2.1 7.7 15.2 127 111 9.2 0
"1" "1" 2017-10-18 24.09 "MIA" "@" "ORL" "L" -7 1 34.9333333333333 0.556 0.556 0 6.2 2.9 7.1 0 2 18.2 12.4 92 115 4.8 -5.5
"2" "2" 2017-10-21 24.1 "MIA" "" "IND" "W" 4 1 37.5666666666667 0.676 0.688 3.4 17.2 11.4 12.8 0 1.7 25.3 14.2 111 111 9.7 -2
"3" "3" 2017-10-23 24.1 "MIA" "" "ATL" "W" 11 1 36.8833333333333 0.573 0.559 2.9 10.6 6.3 9.1 2.6 4.4 5.2 22.5 116 94 16.1 5.4
"4" "4" 2017-10-25 24.11 "MIA" "" "SAS" "L" -17 1 33 0.307 0.125 7.3 12.1 9.6 12.3 4.7 0 23.5 19.1 70 120 2.8 -9.3
"5" "5" 2017-10-28 24.12 "MIA" "" "BOS" "L" -6 1 35.8333333333333 0.673 0.636 0 0 0 15.5 0 2.3 33.6 22.8 90 112 5.9 -3
"6" "6" 2017-10-30 24.12 "MIA" "" "MIN" "L" -3 1 32.4166666666667 0.25 0.25 0 3.6 1.8 3.6 3 4.8 16.7 15.3 55 111 -0.4 -6.9
"7" "7" 2017-11-01 24.13 "MIA" "" "CHI" "W" 6 1 22.2 0.214 0.214 0 8.3 4.2 6.8 2.2 0 22.2 19 38 92 -1.6 -12.8
"8" "8" 2017-11-03 24.13 "MIA" "@" "DEN" "L" -1 1 32.6333333333333 0.438 0.438 4.1 19.2 12.6 18.6 1.6 2.6 33.3 16.8 78 100 4.4 -3.9
"9" "9" 2017-11-05 24.14 "MIA" "@" "LAC" "W" 3 1 35.35 0.595 0.55 3.2 3 3.1 17.2 4.4 0 14.5 17.2 116 111 12.2 4.3
"10" "10" 2017-11-06 24.14 "MIA" "@" "GSW" "L" -17 1 32.3333333333333 0.429 0.429 0 0 0 0 4.5 5.4 46.2 17.5 41 99 -0.1 -7.1
"11" "11" 2017-11-08 24.15 "MIA" "@" "PHO" "W" 11 1 28.9166666666667 0.4 0.4 4.3 17.3 11.4 4.2 1.6 0 16.7 9 89 113 1.8 -8.5
"12" "12" 2017-11-10 24.15 "MIA" "@" "UTA" "W" 10 1 34.5 0.571 0.571 0 12.4 6.3 5.4 2.9 0 30 13.4 81 79 4 0.8
"13" "13" 2017-11-12 24.16 "MIA" "@" "DET" "L" -9 1 35.8 0.609 0.591 2.7 12.5 7.2 16.6 1.4 2.3 0 15.6 131 117 14.5 4.3
"14" "14" 2017-11-15 24.17 "MIA" "" "WAS" "L" -9 1 33.6666666666667 0.286 0.286 3.5 7 5.2 9.8 1.6 0 0 9.7 88 117 2.8 -4.6
"15" "15" 2017-11-17 24.17 "MIA" "@" "WAS" "W" 3 1 35.8166666666667 0.15 0.15 2.7 2.7 2.7 8.2 0 2.7 16.7 15.2 41 100 -4.1 -13.3
"16" "16" 2017-11-19 24.18 "MIA" "" "IND" "L" -25 1 29.9333333333333 0.577 0.577 0 4.7 2.1 13.5 3.5 0 0 20.2 121 131 12 1.6
"17" "17" 2017-11-22 24.19 "MIA" "" "BOS" "W" 6 1 29.9666666666667 0 0 8.7 3.3 5.7 4 0 2.8 28.6 10.8 31 104 -4 -12
"18" "18" 2017-11-24 24.19 "MIA" "@" "MIN" "W" 12 1 36.7833333333333 0.371 0.333 0 2.8 1.5 3.8 0 0 17.5 14.9 67 115 -0.7 -14.5
"19" "19" 2017-11-26 24.2 "MIA" "@" "CHI" "W" 7 1 24.25 0 0 0 7.8 4.3 5.8 2 3.5 37.5 16.3 8 96 -3.9 -16.4
"20" "20" 2017-11-28 24.2 "MIA" "@" "CLE" "L" -11 1 27.1833333333333 0.833 0.833 0 9.1 4.1 13.4 1.8 0 18.2 18 123 112 10.9 4.6
"21" "21" 2017-11-29 24.21 "MIA" "@" "NYK" "L" -29 1 30.3 0.437 0.429 0 15.8 5.7 6.6 4.9 2.6 11.8 24.8 76 114 6.9 -3.6
"22" "22" 2017-12-01 24.21 "MIA" "" "CHO" "W" 5 1 34.5833333333333 0.881 0.893 3.6 3.5 3.5 5.8 1.4 2.4 11.5 21.8 146 104 21.4 11.1
"23" "23" 2017-12-03 24.22 "MIA" "" "GSW" "L" -28 1 31.4833333333333 0.545 0.545 0 5.1 2.2 12 0 2.8 15.4 19.9 93 136 6.3 -4.5
"24" "24" 2017-12-06 24.22 "MIA" "@" "SAS" "L" -12 1 31.2166666666667 0.873 0.85 5.1 4.7 4.9 10.9 0 0 15.5 20.8 142 138 14 0.5
"25" "25" 2017-12-09 24.23 "MIA" "@" "BRK" "W" 12 1 32.0833333333333 0.336 0.286 3.5 17 10.3 3.8 0 2.8 0 11 86 101 2.9 -8.2
"26" "26" 2017-12-11 24.24 "MIA" "@" "MEM" "W" 25 1 29.7 0.759 0.722 6 16.6 12.2 11.2 0 3.6 15.2 23.8 129 97 12.7 2
"27" "27" 2017-12-13 24.24 "MIA" "" "POR" "L" -7 1 36.9166666666667 0.55 0.55 3.4 4.2 3.8 0 3 0 0 13.4 119 118 7.4 -0.5
"28" "28" 2017-12-15 24.25 "MIA" "@" "CHO" "W" 6 1 33.1333333333333 0.698 0.643 4 15.7 10.6 13.1 4.5 2.6 20.2 14.1 120 97 12.9 4.7
"29" "29" 2017-12-16 24.25 "MIA" "" "LAC" "W" 5 1 36 0.829 0.813 0 10 4.8 15.1 1.5 7.7 10.6 25.4 136 98 23.4 17
"30" "30" 2017-12-18 24.26 "MIA" "@" "ATL" "L" -6 1 40.6833333333333 0.613 0.579 0 10.7 5.8 14.6 3.6 3.9 12.4 25.7 112 108 20.6 6.4
"31" "31" 2017-12-20 24.26 "MIA" "@" "BOS" "W" 1 1 37.8333333333333 0.539 0.467 2.8 8.5 5.6 30 1.4 0 5.4 24.1 115 100 15.9 5.1
"32" "32" 2017-12-22 24.27 "MIA" "" "DAL" "W" 12 1 36.3666666666667 0.857 0.857 0 14.7 9.3 21 1.6 6.6 12.5 24.7 152 114 22.5 8.9
"33" "33" 2017-12-23 24.27 "MIA" "" "NOP" "L" -15 1 36.7333333333333 0.416 0.393 5.9 8.4 7 8.9 1.5 0 6.5 19.3 97 125 6.8 -5.5
"34" "34" 2017-12-26 24.28 "MIA" "" "ORL" "W" 18 1 36.2166666666667 0.635 0.571 13.8 5.6 9.8 21.8 1.4 2.2 6 19.6 145 98 20.9 8.6
"35" "35" 2017-12-29 24.29 "MIA" "" "BRK" "L" -24 1 28.2833333333333 0.669 0.583 2.9 4.4 3.5 18.7 1.7 0 12.3 24.2 123 116 13.6 4.7
"36" "36" 2017-12-30 24.29 "MIA" "@" "ORL" "W" 6 1 40.55 0.5 0.5 0 12.5 6.1 15.1 2.6 2.2 8.3 13.7 113 120 10.1 -2
"37" "37" 2018-01-03 24.3 "MIA" "" "DET" "W" 7 1 37.85 0.799 0.792 0 0 0 18.6 1.4 2 22.5 22.3 123 112 16.8 5.2
"38" "38" 2018-01-05 24.31 "MIA" "" "NYK" "W" 4 1 40.1333333333333 0.597 0.458 2.9 0 1.6 8.4 4.1 2 6.2 18.2 131 104 15.6 4.3
"39" "39" 2018-01-07 24.31 "MIA" "" "UTA" "W" 1 1 36.9 0.549 0.545 3 7 4.8 28.3 2.9 5.2 7.3 17.9 122 110 16.5 8.4
"40" "40" 2018-01-09 24.32 "MIA" "@" "TOR" "W" 1 1 38.35 0.231 0.231 2.5 12.3 7.4 14.2 0 5.4 27.8 19.7 51 98 -0.2 -9.1
"41" "41" 2018-01-10 24.32 "MIA" "@" "IND" "W" 8 1 38.3666666666667 0.709 0.722 3.2 5.8 4.6 13.6 1.3 0 16.8 14.1 125 110 10.8 1.2
"42" "42" 2018-01-14 24.33 "MIA" "" "MIL" "W" 18 1 30.8333333333333 0.81 0.778 0 17.3 10.5 0 1.6 3.1 9.2 17.3 133 83 13.8 6.2
"43" "43" 2018-01-15 24.33 "MIA" "@" "CHI" "L" -8 1 32.0166666666667 0.55 0.55 0 17.4 8.8 26.5 3 6.1 9.1 15.2 108 111 12.1 4.5
"44" "44" 2018-01-17 24.34 "MIA" "@" "MIL" "W" 5 1 34.7833333333333 0.438 0.438 6.4 16.8 11.5 13.9 2.9 0 0 20.3 103 105 10.2 -0.8
"45" "45" 2018-01-19 24.35 "MIA" "@" "BRK" "L" -6 1 37.1166666666667 0.436 0.375 5.6 6.3 5.9 30.4 4.3 0 12.7 19.2 101 110 11.9 2.1
"46" "46" 2018-01-20 24.35 "MIA" "@" "CHO" "W" 1 1 36.25 0.407 0.375 0 8.5 4.4 19.6 1.4 4.2 12.6 29.8 83 107 8.4 -7.3
"47" "47" 2018-01-22 24.35 "MIA" "@" "HOU" "L" -9 1 36.6666666666667 0.5 0.5 0 9.6 4.9 4 1.4 3 14.3 18 89 109 5.7 -2.6
"48" "48" 2018-01-25 24.36 "MIA" "" "SAC" "L" -1 1 35.7833333333333 0.209 0.154 3.4 18.3 11.2 23.7 4.3 0 6.5 20 63 91 5.3 -4.3
"49" "49" 2018-01-27 24.37 "MIA" "" "CHO" "W" 4 1 33.9166666666667 0.625 0.538 3.1 2.7 2.9 24 1.5 2.4 0 20.5 142 103 17.7 11.6
"50" "50" 2018-01-29 24.37 "MIA" "@" "DAL" "W" 7 1 38.1 0.717 0.75 0 9.2 4.7 13.1 2.9 8.8 23.5 16.2 109 98 13.2 7.2
"51" "51" 2018-01-31 24.38 "MIA" "@" "CLE" "L" -2 1 35.2333333333333 0.558 0.577 3.1 5.1 4.2 10.3 0 5 13 18.6 99 91 9.2 2.5
"52" "52" 2018-02-02 24.38 "MIA" "@" "PHI" "L" -6 1 29.45 0.545 0.545 3.5 7.8 5.6 25.2 1.8 2.7 0 16.4 136 113 11.7 8.1
"53" "53" 2018-02-03 24.39 "MIA" "@" "DET" "L" -4 1 36.45 0.731 0.731 0 3.4 1.6 23.6 4.2 2.3 13.3 18.8 129 116 18.5 7.1
"54" "54" 2018-02-05 24.39 "MIA" "" "ORL" "L" -2 1 37.0666666666667 0.658 0.615 0 6.3 2.8 8.7 1.3 0 11.6 18.5 123 115 14.7 1.6
"55" "55" 2018-02-07 24.4 "MIA" "" "HOU" "L" -8 1 39.0166666666667 0.734 0.725 5.3 8.2 6.5 24.2 1.4 2.9 4.7 24.8 152 122 26.2 18.2
"56" "56" 2018-02-09 24.4 "MIA" "" "MIL" "W" 6 1 30.2333333333333 0.601 0.542 0 7.9 3.6 0 1.7 0 13.1 21.7 107 91 8.4 0.4
"57" "57" 2018-02-13 24.41 "MIA" "@" "TOR" "L" -3 1 36.5333333333333 0.506 0.444 0 8.2 4.3 17.3 1.3 2.4 23.3 15.3 95 116 7.2 -1.8
"58" "58" 2018-02-14 24.42 "MIA" "@" "PHI" "L" -2 1 22.6333333333333 0.6 0.6 0 4.3 2.4 13.8 2.3 3.7 28.6 14.9 86 113 2.7 -3.7
"59" "59" 2018-02-23 24.44 "MIA" "@" "NOP" "L" -1 1 37.9833333333333 0.519 0.5 10 7.2 8.6 10.4 4.7 3.6 6.5 16.3 115 100 17.8 6.1
"60" "60" 2018-02-24 24.44 "MIA" "" "MEM" "W" 26 1 26.9833333333333 0.54 0.5 4 7.9 5.9 5.9 9.4 0 0 22.3 122 84 14.9 6.4
"61" "61" 2018-02-27 24.45 "MIA" "" "PHI" "W" 1 1 37.8166666666667 0.273 0.273 5.6 10.6 7.8 11.8 5.1 0 15.4 15.1 69 100 3.9 -5.8
"62" "62" 2018-03-01 24.46 "MIA" "" "LAL" "L" -18 1 35.5333333333333 0.441 0.441 9.2 0 5.3 7.1 4.2 2.7 19 25.1 87 131 7.5 -6.1
"63" "63" 2018-03-03 24.46 "MIA" "" "DET" "W" 9 1 35.4 0.612 0.577 6.2 5.8 6 9.9 2.9 4.2 0 17.5 143 104 16.3 6.9
"64" "64" 2018-03-05 24.47 "MIA" "" "PHO" "W" 22 1 18.7 0.872 0.833 11.7 10.9 11.3 14 0 0 22.5 20.3 140 113 9.6 0.4
"65" "65" 2018-03-06 24.47 "MIA" "@" "WAS" "L" -4 1 35.0666666666667 0.743 0.722 3.3 4.2 3.7 8.8 4.5 0 21.8 17.3 117 114 12.5 3.6
"66" "66" 2018-03-08 24.48 "MIA" "" "PHI" "W" 9 1 21.8333333333333 0.542 0.542 0 16.9 9.3 14.2 2.1 4.5 7.7 25.8 100 95 9.1 4.3
"67" "67" 2018-03-10 24.48 "MIA" "" "WAS" "W" 27 1 21.3666666666667 1.083 1.083 0 5 2.7 23.3 4.5 0 14.3 14.7 183 101 15.3 16.9
"68" "68" 2018-03-12 24.49 "MIA" "@" "POR" "L" -16 1 16.0666666666667 0.333 0.333 5.9 6.6 6.2 9 0 0 0 16.4 84 124 0.7 -12.6
"69" "" 2018-03-14 24.49 "MIA" "@" "SAC" "L" -4 NA NA NA NA NA NA NA NA NA NA NA NA NA NA NA NA
"70" "69" 2018-03-16 24.5 "MIA" "@" "LAL" "W" 1 1 31.5166666666667 0.225 0.188 11.3 16 13.2 17.7 6.3 0 25.3 16.3 65 89 5.4 -3.4
"71" "70" 2018-03-19 24.51 "MIA" "" "DEN" "W" 8 1 41.2166666666667 0.594 0.538 3.4 11.3 7.6 14.8 1.2 9.1 6.5 17.3 127 119 16.9 2.7
"72" "71" 2018-03-21 24.51 "MIA" "" "NYK" "W" 21 1 27.8833333333333 1 1 0 12.9 7.2 23.7 5.7 3 0 10.7 202 100 17.1 16.4
"73" "72" 2018-03-23 24.52 "MIA" "@" "OKC" "L" -6 1 32.3166666666667 0.2 0.2 3.2 0 1.6 23.9 0 0 9.1 15.4 66 118 0.6 -8.9
"74" "73" 2018-03-25 24.52 "MIA" "@" "IND" "L" -6 1 39.6666666666667 0.506 0.444 2.8 6.4 4.5 7.5 2.6 0 16.8 14.5 93 111 8 -4.8
"75" "74" 2018-03-27 24.53 "MIA" "" "CLE" "W" 19 1 30.3666666666667 0.54 0.5 8.1 16.8 12.9 11.5 3.5 2.7 6.7 23.3 113 84 13.1 4
"76" "75" 2018-03-29 24.53 "MIA" "" "CHI" "W" 11 1 33.2166666666667 0.604 0.531 3.4 11.3 7.7 17 0 4.5 5.2 25.3 122 94 17.2 6.5
"77" "76" 2018-03-31 24.54 "MIA" "" "BRK" "L" -1 1 39.8 0.433 0.433 0 19.4 9.5 11.4 2.4 0 11.8 18.5 85 99 8.3 -1.7
"78" "77" 2018-04-03 24.55 "MIA" "" "ATL" "W" 3 1 35.55 0.455 0.389 0 14.4 7.1 7.3 1.4 4.9 9.2 13.3 94 103 7.4 -3.3
"79" "78" 2018-04-04 24.55 "MIA" "@" "ATL" "W" 29 1 27.3833333333333 0.713 0.667 0 13 6.9 11.8 5.2 11.7 0 20.8 148 73 21.8 19.4
"80" "79" 2018-04-06 24.56 "MIA" "@" "NYK" "L" -24 1 19.45 0.258 0 0 11.2 5.3 14.1 0 4.7 20.5 11 60 124 0.8 -10.5
"81" "80" 2018-04-09 24.56 "MIA" "" "OKC" "L" -22 1 33.7833333333333 0.605 0.607 0 10.1 5 14.9 1.5 0 11.8 22.2 108 120 12.2 1.9
"82" "81" 2018-04-11 24.57 "MIA" "" "TOR" "W" 7 1 34.8333333333333 0.253 0.182 5.3 13.2 8.9 17.7 3 0 0 14.6 91 106 6.8 -3.5
"1" "1" 2018-10-17 25.09 "MIA" "@" "ORL" "L" -3 1 37.5833333333333 0.47 0.429 2.5 9.8 6.2 13.8 1.2 1.9 11.8 26.4 95 102 11 1.4
"2" "2" 2018-10-18 25.09 "MIA" "@" "WAS" "W" 1 1 38.4166666666667 0.571 0.5 4.5 6.2 5.3 22.3 1.2 2.3 7.5 25.9 129 111 20.9 8.2
"3" "3" 2018-10-20 25.1 "MIA" "" "CHO" "L" -1 1 26.8333333333333 0.318 0.318 4.5 11 8 10 0 0 21.4 21.6 66 119 -1.5 -16.5
"4" "4" 2018-10-24 25.11 "MIA" "" "NYK" "W" 23 1 34.85 0.75 0.75 3.5 16.9 11.5 4.9 1.4 0 22.2 23.1 104 89 14.1 2.4
"5" "5" 2018-10-27 25.12 "MIA" "" "POR" "W" 9 1 36.25 0.356 0.367 0 13.8 6.8 17.7 1.3 2.4 11.5 19.3 85 113 6 -6
"6" "6" 2018-10-29 25.12 "MIA" "" "SAC" "L" -10 1 36.5666666666667 0.644 0.571 5.3 2.7 4 0 2.4 5.5 0 25.3 139 111 24.5 10.3
"7" "7" 2018-10-30 25.12 "MIA" "@" "CHO" "L" -12 1 28.7333333333333 0.493 0.423 0 10.4 4.6 15.4 1.7 3.2 6.2 24 106 128 8.9 -4.7
"8" "8" 2018-11-03 25.13 "MIA" "@" "ATL" "L" -5 1 37.9 0.775 0.722 0 3.5 1.6 13.4 2.5 2.3 4.6 24.2 156 121 25.9 9.5
"9" "9" 2018-11-05 25.14 "MIA" "@" "DET" "W" 5 1 38.05 0.617 0.595 5.8 13.5 10.1 19.4 0 4 4.4 24.8 126 103 21.5 7.4
"10" "10" 2018-11-07 25.15 "MIA" "" "SAS" "W" 7 1 37.75 0.318 0.318 7.5 4.4 5.8 22.4 2.6 0 8.3 26.8 79 97 6.4 -4.1
"11" "11" 2018-11-09 25.15 "MIA" "" "IND" "L" -8 1 28.6666666666667 0.469 0.412 0 0 0 38.7 3.3 0 23.8 36.7 83 106 6.3 -5.7
"12" "12" 2018-11-10 25.15 "MIA" "" "WAS" "L" -6 1 36.2 0.685 0.643 2.9 6.6 4.6 23.4 1.4 0 10.2 21.9 136 121 18.8 5.9
"13" "13" 2018-11-12 25.16 "MIA" "" "PHI" "L" -10 1 37.25 0.833 0.75 0 3.1 1.6 0 1.3 2.7 22.7 16 123 131 10.8 -0.5
"14" "14" 2018-11-14 25.16 "MIA" "@" "BRK" "W" 13 1 35.5 0.508 0.462 3.8 9.5 7.3 17.2 0 0 16.9 21 100 106 8.3 -4.2
"15" "15" 2018-11-16 25.17 "MIA" "@" "IND" "L" -8 1 40.7166666666667 0.852 0.844 0 11.2 4.8 10.2 1.2 0 15.4 20.2 133 103 20.6 9.7
"16" "16" 2018-11-18 25.18 "MIA" "" "LAL" "L" -16 1 24.7666666666667 0.69 0.636 0 23.3 11.9 27.1 2 2.9 0 22.2 149 111 15.7 9.8
"17" "17" 2018-11-20 25.18 "MIA" "" "BRK" "L" -12 1 39 0.347 0.3 0 10.5 4.7 21.5 2.5 0 11.5 26.1 77 107 6.1 -3.8
"18" "18" 2018-11-23 25.19 "MIA" "@" "CHI" "W" 7 1 33.8166666666667 0.8 0.781 0 5.8 2.9 18.7 1.4 2.2 0 20.9 160 99 23 14
"19" "19" 2018-11-25 25.19 "MIA" "@" "TOR" "L" -10 1 34.0666666666667 0.439 0.395 5.3 10.6 7.6 4.6 1.5 0 0 26.3 107 132 9.7 -5.4
"20" "20" 2018-11-27 25.2 "MIA" "" "ATL" "L" -2 1 35.7166666666667 0.525 0.412 5.7 19.2 12.1 16.8 6.3 0 19.3 29 99 102 16.9 0.7
"21" "21" 2018-11-30 25.21 "MIA" "" "NOP" "W" 5 1 35.95 0.437 0.432 0 6.1 2.9 4.6 4.1 2.5 8 29.3 86 102 9.2 -1.5
"22" "22" 2018-12-02 25.21 "MIA" "" "UTA" "W" 2 1 39.1666666666667 0.429 0.313 2.3 5.3 3.7 15.8 0 0 17.7 24.2 86 112 5.7 -7.7
"23" "23" 2018-12-04 25.22 "MIA" "" "ORL" "L" -15 1 31.95 0.208 0.179 9.4 3.6 6.7 21.5 0 0 0 20 82 126 1.3 -12
"24" "24" 2018-12-07 25.23 "MIA" "@" "PHO" "W" 17 1 38.55 0.4 0.4 0 9.8 4.6 16.3 1.2 2.8 0 11.8 100 101 7.9 -4.2
"25" "" 2018-12-08 25.23 "MIA" "@" "LAC" "W" 23 NA NA NA NA NA NA NA NA NA NA NA NA NA NA NA NA
"26" "25" 2018-12-10 25.24 "MIA" "@" "LAL" "L" -3 1 30.45 0.46 0.4 3.3 6.6 4.9 21.1 1.6 0 0 14.7 123 115 8.8 -1.1
"27" "26" 2018-12-12 25.24 "MIA" "@" "UTA" "L" -27 1 25.45 0.463 0.455 0 10.8 4.6 17.6 0 0 20.2 27.9 74 123 2.3 -9.1
"28" "27" 2018-12-14 25.25 "MIA" "@" "MEM" "W" 3 1 36.6166666666667 0.491 0.471 6.9 8.5 7.8 34.2 1.5 0 5.2 23.9 124 113 14.9 1.9
"29" "28" 2018-12-16 25.25 "MIA" "@" "NOP" "W" 6 1 35.6 0.527 0.5 0 2.9 1.4 20.9 4.4 0 16.1 28.2 106 104 12.5 3.3
"30" "29" 2018-12-20 25.26 "MIA" "" "HOU" "W" 2 1 37.9166666666667 0.579 0.579 2.4 12.9 7.4 36 0 0 5 21.6 132 113 18 8.4
"31" "30" 2018-12-22 25.27 "MIA" "" "MIL" "W" 7 1 38.6666666666667 0.606 0.545 0 11.9 5.9 13.4 1.2 3 18.5 18.1 102 88 10.2 0.7
"32" "31" 2018-12-23 25.27 "MIA" "@" "ORL" "W" 24 1 37.1 0.463 0.357 7 24.6 16.4 13.7 2.8 0 11 22.6 106 96 13 -1.1
"33" "32" 2018-12-26 25.28 "MIA" "" "TOR" "L" -2 1 36.3333333333333 0.66 0.625 0 6.8 3.4 26.4 1.4 2.7 7.2 18.3 134 118 16.8 5.8
"34" "33" 2018-12-28 25.28 "MIA" "" "CLE" "W" 24 1 33 0.494 0.429 3.4 0 1.7 17.9 3.1 3.3 0 22.4 120 103 14.7 3.3
"35" "34" 2018-12-30 25.29 "MIA" "" "MIN" "L" -9 1 36.3166666666667 0.529 0.385 5.4 5.1 5.2 8.3 1.3 1.9 0 17.5 134 118 13 2.4
"36" "35" 2019-01-02 25.3 "MIA" "@" "CLE" "W" 25 1 31.95 0.711 0.688 0 8.3 4.4 24.6 0 0 10.6 26.6 143 110 17.7 4.6
"37" "36" 2019-01-04 25.3 "MIA" "" "WAS" "W" 6 1 37.0666666666667 0.507 0.438 0 13.8 7.3 10.7 1.3 2.1 10.1 21.7 102 107 12.1 -2
"38" "37" 2019-01-06 25.31 "MIA" "@" "ATL" "L" -24 1 28.75 0.431 0.364 0 11.6 5 27.5 0 0 7.3 20.5 91 117 6.4 -6.3
"39" "38" 2019-01-08 25.32 "MIA" "" "DEN" "L" -4 1 34.4166666666667 0.45 0.375 3.2 9.5 6.3 17.2 0 2.3 0 18.6 110 118 8.3 -4.9
"40" "39" 2019-01-10 25.32 "MIA" "" "BOS" "W" 16 1 33.6833333333333 0.692 0.692 0 8.6 4.9 23.7 0 0 0 17.2 152 112 16 5.6
"41" "40" 2019-01-12 25.33 "MIA" "" "MEM" "W" 4 1 35.5666666666667 0.513 0.409 7.1 14.2 10.7 35.1 3 0 6.8 18.9 134 117 16.6 5.3
"42" "41" 2019-01-15 25.33 "MIA" "@" "MIL" "L" -38 1 25.3166666666667 0.273 0.273 0 12.4 5.9 31.3 0 0 8.3 21.4 66 124 1.7 -11
"43" "" 2019-01-18 25.34 "MIA" "@" "DET" "L" -5 NA NA NA NA NA NA NA NA NA NA NA NA NA NA NA NA
"44" "42" 2019-01-19 25.35 "MIA" "@" "CHI" "W" 14 1 29.6333333333333 0.819 0.8 0 9.5 5.5 11.2 0 0 0 24.2 161 111 21 9.5
"45" "43" 2019-01-21 25.35 "MIA" "@" "BOS" "L" -8 1 31.65 0.423 0.423 0 4.2 2 15.2 6.1 0 7.1 18.8 92 103 8.5 2.1
"46" "44" 2019-01-23 25.36 "MIA" "" "LAC" "L" -12 1 37.1166666666667 0.494 0.433 0 18.5 8 19.9 1.4 0 0 20.9 118 119 12.9 1.8
"47" "45" 2019-01-25 25.36 "MIA" "@" "CLE" "W" 6 1 36.5 0.519 0.357 0 0 0 15.3 0 0 29.3 17.2 88 110 2.7 -9.4
"48" "46" 2019-01-27 25.37 "MIA" "@" "NYK" "W" 9 1 34.2 0.51 0.4 0 9.2 5 8.1 2.9 2.4 7.8 16.7 105 98 9 -1
"49" "47" 2019-01-30 25.38 "MIA" "" "CHI" "L" -16 1 38.1333333333333 0.389 0.367 2.5 6.8 4.3 8.7 1.4 2.1 6.1 19 89 114 6.1 -4.5
"50" "48" 2019-02-01 25.38 "MIA" "" "OKC" "L" -16 1 33.75 0.477 0.444 5.9 5.8 5.9 13.7 2.8 0 5 24.6 103 116 11.7 -0.5
"51" "49" 2019-02-02 25.38 "MIA" "" "IND" "L" -7 1 35.85 0.665 0.5 0 5.7 3.1 15.5 0 0 22.2 17.2 114 111 8.8 -1.6
"52" "50" 2019-02-05 25.39 "MIA" "@" "POR" "W" 10 1 33.7333333333333 0.773 0.722 0 12.6 7.2 7.8 2.9 0 0 15.6 165 112 17.1 5.5
"53" "51" 2019-02-08 25.4 "MIA" "@" "SAC" "L" -6 1 37.4666666666667 0.68 0.667 2.7 2.7 2.7 19.4 0 6 11.5 19.5 124 105 16.4 5.7
"54" "52" 2019-02-10 25.41 "MIA" "@" "GSW" "L" -2 1 37.15 0.824 0.818 0 3.4 1.5 21.6 1.3 0 8.2 25.4 159 126 29.6 17.7
"55" "53" 2019-02-11 25.41 "MIA" "@" "DEN" "L" -16 1 32.8333333333333 0.607 0.556 0 2.9 1.6 41.5 1.5 0 41.5 23.5 83 113 5.6 -4.9
"56" "54" 2019-02-13 25.41 "MIA" "@" "DAL" "W" 11 1 35.2 0.543 0.542 3.9 5.5 4.8 22.8 0 3.8 13.4 19.1 114 111 9.8 -2.2
"57" "55" 2019-02-21 25.44 "MIA" "@" "PHI" "L" -4 1 36.9 0.433 0.433 2.8 2.9 2.9 17.5 0 2.3 11.8 20.4 88 115 6.9 -5.7
"58" "56" 2019-02-23 25.44 "MIA" "" "DET" "L" -23 1 35.65 0.604 0.563 3.1 8.7 5.5 11.1 0 0 5.2 24.2 121 131 14.1 0.2
"59" "57" 2019-02-25 25.45 "MIA" "" "PHO" "L" -3 1 37.05 0.309 0.2 2.8 17.5 9.4 25.7 1.3 0 15 14.4 94 123 7.5 -7.1
"60" "58" 2019-02-27 25.45 "MIA" "" "GSW" "W" 1 1 37.7166666666667 0.706 0.679 6.2 8.7 7.5 19.2 0 0 6.3 18.5 154 133 16.8 3.4
"61" "59" 2019-02-28 25.45 "MIA" "@" "HOU" "L" -3 1 37.2666666666667 0.705 0.682 0 15.2 7.4 7.5 4.1 0 7.3 16.8 133 124 14.9 2
"62" "60" 2019-03-02 25.46 "MIA" "" "BRK" "W" 29 1 34.6833333333333 0.436 0.417 0 13.1 7.4 26.1 0 3 0 17.2 116 94 11.1 -2.5
"63" "61" 2019-03-04 25.47 "MIA" "" "ATL" "W" 1 1 33.05 0.615 0.6 4.4 11.9 8.9 22.4 1.5 3.2 0 20.8 139 118 17.6 4.2
"64" "62" 2019-03-06 25.47 "MIA" "@" "CHO" "W" 7 1 39.3833333333333 0.412 0.357 0 2.8 1.3 15.3 0 0 6 18.1 101 102 6.5 -4
"65" "63" 2019-03-08 25.48 "MIA" "" "CLE" "W" 16 1 35.1666666666667 0.727 0.667 3.8 3.7 3.7 18.5 1.5 0 0 17.8 172 122 19.1 5.5
"66" "64" 2019-03-10 25.48 "MIA" "" "TOR" "L" -21 1 26.4166666666667 0.368 0.3 3.9 5.5 4.5 14.9 1.8 0 8.4 18.9 85 129 4.9 -8.1
"67" "65" 2019-03-13 25.49 "MIA" "" "DET" "W" 34 1 30.9333333333333 0.597 0.6 7.8 19.4 14.1 24.8 3.5 3.9 15.5 18.9 123 78 14.6 10.3
"68" "66" 2019-03-15 25.5 "MIA" "" "MIL" "L" -15 1 36.5833333333333 0.55 0.55 0 9.2 4.1 8.3 1.3 0 16.7 13.6 92 112 5.7 -4.7
"69" "67" 2019-03-17 25.5 "MIA" "" "CHO" "W" 18 1 38.1166666666667 0.187 0.118 2.6 12.3 7.6 20 2.9 0 5.1 23.6 63 86 1 -10.2
"70" "68" 2019-03-18 25.5 "MIA" "@" "OKC" "W" 9 1 39.6 0.302 0.25 8.1 10.1 9.1 17.2 1.2 0 6.3 17.2 88 111 7.5 -7.2
"71" "69" 2019-03-20 25.51 "MIA" "@" "SAS" "W" 5 1 39.4333333333333 0.456 0.438 0 11.7 6.5 14.9 1.3 4.5 5.7 20.4 96 110 11.1 -1.9
"72" "70" 2019-03-22 25.52 "MIA" "@" "MIL" "L" -29 1 34.6833333333333 0.417 0.417 0 10.6 4.5 26.1 1.5 0 0 16 100 125 7.8 -2.6
"73" "71" 2019-03-23 25.52 "MIA" "@" "WAS" "W" 5 1 38.8833333333333 0.654 0.583 2.8 2.3 2.5 16.9 2.6 1.9 6.8 17 139 118 17 3.2
"74" "72" 2019-03-26 25.53 "MIA" "" "ORL" "L" -5 1 40.2166666666667 0.581 0.458 0 2.5 1.3 22.9 1.2 0 0 16.4 129 115 14.9 3.8
"75" "" 2019-03-28 25.53 "MIA" "" "DAL" "W" 6 NA NA NA NA NA NA NA NA NA NA NA NA NA NA NA NA
"76" "" 2019-03-30 25.54 "MIA" "@" "NYK" "W" 8 NA NA NA NA NA NA NA NA NA NA NA NA NA NA NA NA
"77" "" 2019-04-01 25.54 "MIA" "@" "BOS" "L" -5 NA NA NA NA NA NA NA NA NA NA NA NA NA NA NA NA
"78" "73" 2019-04-03 25.55 "MIA" "" "BOS" "L" -10 1 16 0.583 0.583 0 8.1 3.4 20 6.1 0 0 15.2 133 107 6.9 8.6
"79" "" 2019-04-05 25.55 "MIA" "@" "MIN" "L" -2 NA NA NA NA NA NA NA NA NA NA NA NA NA NA NA NA
"80" "" 2019-04-07 25.56 "MIA" "@" "TOR" "L" -8 NA NA NA NA NA NA NA NA NA NA NA NA NA NA NA NA
"81" "" 2019-04-09 25.56 "MIA" "" "PHI" "W" 23 NA NA NA NA NA NA NA NA NA NA NA NA NA NA NA NA
"82" "" 2019-04-10 25.57 "MIA" "@" "BRK" "L" -19 NA NA NA NA NA NA NA NA NA NA NA NA NA NA NA NA
"1" "1" 2019-10-23 26.1 "PHI" "" "BOS" "W" 14 1 33.1 0.533 0.333 6.7 9.7 8.4 9.3 1.4 4.5 11.1 22.5 113 91 13 3.5
"2" "2" 2019-10-26 26.11 "PHI" "@" "DET" "W" 6 1 37.05 0.388 0.333 0 3.5 1.8 21.1 2.3 0 18.9 16.8 83 104 5.9 -5.4
"3" "3" 2019-10-28 26.12 "PHI" "@" "ATL" "W" 2 1 30.8166666666667 0.5 0.5 3.2 13.8 8.3 16.9 0 8.2 17.6 22.1 91 98 7.7 -1.7
"4" "4" 2019-10-30 26.12 "PHI" "" "MIN" "W" 22 1 31.5166666666667 0.51 0.5 3.5 9.9 6.8 4.1 5.7 0 20.3 17.8 91 86 8.3 0.3
"5" "5" 2019-11-02 26.13 "PHI" "@" "POR" "W" 1 1 35.85 0.535 0.5 3 10.9 6.5 18 1.3 3 23.9 22.7 95 126 10.6 -7.7
"6" "6" 2019-11-04 26.14 "PHI" "@" "PHO" "L" -5 1 38.4166666666667 0.337 0.318 0 11 4.8 16.3 0 0 25.2 16.8 68 116 -0.1 -10.1
"7" "7" 2019-11-06 26.14 "PHI" "@" "UTA" "L" -2 1 34.6833333333333 0.767 0.692 3.2 8.5 6 25.2 4.2 0 6 21.1 150 105 23.3 13.8
"8" "8" 2019-11-08 26.15 "PHI" "@" "DEN" "L" -3 1 32.1666666666667 0.35 0.35 0 0 0 22.3 3.1 2.3 16.7 16.2 80 104 5 -3.2
"9" "9" 2019-11-10 26.15 "PHI" "" "CHO" "W" 8 1 32.4833333333333 0.611 0.611 4.2 19.7 12.9 22.1 1.5 0 25 16 112 109 9.8 -0.3
"10" "10" 2019-11-12 26.16 "PHI" "" "CLE" "W" 1 1 34.1833333333333 0.475 0.441 0 3.2 1.5 23.3 1.5 0 14.4 27 92 107 8.9 -4.5
"11" "11" 2019-11-13 26.16 "PHI" "@" "ORL" "L" -15 1 29.8166666666667 0.586 0.571 0 20.1 10.2 28 1.6 0 11 26.2 110 108 13.9 4.8
"12" "12" 2019-11-15 26.17 "PHI" "@" "OKC" "L" -8 1 33.8333333333333 0.794 0.767 3.6 8.7 5.9 10.7 1.6 0 18.5 29.8 130 129 18.8 5.6
"13" "13" 2019-11-17 26.17 "PHI" "@" "CLE" "W" 19 1 28.6 0.311 0.25 4.8 9.9 7.8 0 0 2.6 0 20.7 69 101 1.5 -13.7
"14" "" 2019-11-20 26.18 "PHI" "" "NYK" "W" 5 NA NA NA NA NA NA NA NA NA NA NA NA NA NA NA NA
"15" "" 2019-11-22 26.19 "PHI" "" "SAS" "W" 11 NA NA NA NA NA NA NA NA NA NA NA NA NA NA NA NA
"16" "14" 2019-11-23 26.19 "PHI" "" "MIA" "W" 27 1 25.5333333333333 0.93 0.933 0 4.2 2.3 35.3 2 0 0 30.9 181 96 28 29.1
"17" "15" 2019-11-25 26.19 "PHI" "@" "TOR" "L" -5 1 36.7166666666667 0.59 0.605 2.8 14.5 8.6 5.4 0 2.6 4.5 26.1 116 111 16.3 6.4
"18" "16" 2019-11-27 26.2 "PHI" "" "SAC" "W" 6 1 17.2333333333333 0.75 0.75 0 0 0 33.6 0 4.6 14.3 18.6 131 99 7.8 7.8
"19" "" 2019-11-29 26.21 "PHI" "@" "NYK" "W" 6 NA NA NA NA NA NA NA NA NA NA NA NA NA NA NA NA
"20" "" 2019-11-30 26.21 "PHI" "" "IND" "W" 3 NA NA NA NA NA NA NA NA NA NA NA NA NA NA NA NA
"21" "" 2019-12-02 26.21 "PHI" "" "UTA" "W" 9 NA NA NA NA NA NA NA NA NA NA NA NA NA NA NA NA
"22" "" 2019-12-05 26.22 "PHI" "@" "WAS" "L" -6 NA NA NA NA NA NA NA NA NA NA NA NA NA NA NA NA
"23" "" 2019-12-07 26.23 "PHI" "" "CLE" "W" 47 NA NA NA NA NA NA NA NA NA NA NA NA NA NA NA NA
"24" "" 2019-12-08 26.23 "PHI" "" "TOR" "W" 6 NA NA NA NA NA NA NA NA NA NA NA NA NA NA NA NA
"25" "17" 2019-12-10 26.24 "PHI" "" "DEN" "W" 5 1 19.1166666666667 0.188 0.188 5.6 0 2.9 0 2.6 0 0 18.1 52 98 -0.9 -11.1
"26" "18" 2019-12-12 26.24 "PHI" "@" "BOS" "W" 6 1 25.85 0.589 0.545 0 8.1 4.8 11.7 4 6.2 7.8 23.2 117 110 12.3 6
"27" "19" 2019-12-13 26.24 "PHI" "" "NOP" "W" 7 1 26.1 0.368 0.4 8.8 11 10 0 0 0 8.4 19.7 78 117 2.3 -13
"28" "20" 2019-12-15 26.25 "PHI" "@" "BRK" "L" -20 1 24.15 0.346 0.333 8.6 9.2 8.9 0 2 0 15.9 34.3 63 112 0.1 -17.5
"29" "21" 2019-12-18 26.26 "PHI" "" "MIA" "L" -4 1 36.65 0.475 0.441 7.7 7.1 7.4 26.1 0 2.4 10.1 23.5 109 124 11.9 -0.2
"30" "22" 2019-12-20 26.26 "PHI" "" "DAL" "L" -19 1 32.5166666666667 0.625 0.625 2.8 17.2 9.3 18.4 2.9 0 27.3 14.4 98 115 9.2 -0.3
"31" "23" 2019-12-21 26.27 "PHI" "" "WAS" "W" 17 1 32 0.587 0.559 3.2 3.4 3.3 12.7 0 0 10.1 25.4 119 113 12.6 -3.7
"32" "24" 2019-12-23 26.27 "PHI" "@" "DET" "W" 16 1 33 0.379 0.364 0 7.9 3.7 9.4 1.5 5.4 20.2 19.4 79 114 3 -12.4
"33" "25" 2019-12-25 26.28 "PHI" "" "MIL" "W" 12 1 36.8666666666667 0.45 0.45 7.4 6.1 6.8 14.9 1.3 2.1 4.8 23.9 106 115 12.6 -1.8
"34" "26" 2019-12-27 26.28 "PHI" "@" "ORL" "L" -1 1 36.2 0.54 0.5 2.9 5.5 4.3 29.4 3.9 2.3 12.6 18.9 107 95 14.3 6.3
"35" "27" 2019-12-28 26.28 "PHI" "@" "MIA" "L" -1 1 40.4666666666667 0.65 0.65 0 13.9 7.3 7.4 0 2 18.7 19 105 116 9.8 -2.1
"36" "28" 2019-12-31 26.29 "PHI" "@" "IND" "L" -18 1 29.95 0.617 0.536 0 8.4 3.8 31.1 3.4 2.6 5.8 24.7 131 116 18.4 11.6
"37" "29" 2020-01-03 26.3 "PHI" "@" "HOU" "L" -10 1 38.5333333333333 0.322 0.3 0 0 0 25.2 1.2 0 21.6 15.2 74 122 2.8 -7.7
"38" "30" 2020-01-06 26.31 "PHI" "" "OKC" "W" 7 1 36.8833333333333 0.613 0.588 0 5.5 2.9 15.2 1.3 0 5.1 23.8 123 118 15.7 0.7
"39" "31" 2020-01-09 26.32 "PHI" "" "BOS" "W" 11 1 33.8333333333333 0.711 0.594 0 9.9 4.9 32.8 0 0 8.9 29.6 147 111 24.4 10.1
"40" "32" 2020-01-11 26.32 "PHI" "@" "DAL" "L" -18 1 34.1833333333333 0.538 0.5 2.5 3.5 2.9 0 0 0 16.8 23.4 90 127 5.8 -9.3
"41" "33" 2020-01-13 26.33 "PHI" "@" "IND" "L" -6 1 35.5 0.521 0.447 5.5 5.1 5.3 15.5 0 0 4.3 28.8 114 116 14 1
"42" "34" 2020-01-15 26.33 "PHI" "" "BRK" "W" 11 1 36.6833333333333 0.545 0.458 2.8 11.1 7 6.8 1.3 6.3 12.7 18.6 109 107 12.2 -0.6
"43" "35" 2020-01-17 26.34 "PHI" "" "CHI" "W" 11 1 27.3 0.167 0.167 4.4 25.7 15.2 18.4 0 0 14.3 12.6 69 101 1.7 -11.8
"44" "36" 2020-01-18 26.34 "PHI" "@" "NYK" "W" 3 1 34.1833333333333 0.551 0.5 0 8.8 4.7 23.2 3 2.2 30 33 78 92 8.9 -4.3
"45" "37" 2020-01-20 26.35 "PHI" "@" "BRK" "W" 6 1 32.15 0.582 0.542 3.2 3.4 3.3 18.1 1.5 0 7.2 17.6 123 114 12 -1.3
"46" "38" 2020-01-22 26.35 "PHI" "@" "TOR" "L" -12 1 3.86666666666667 NA NA 0 0 0 0 0 0 NA 0 0 120 0 -9.6
"47" "" 2020-01-25 26.36 "PHI" "" "LAL" "W" 17 NA NA NA NA NA NA NA NA NA NA NA NA NA NA NA NA
"48" "" 2020-01-28 26.37 "PHI" "" "GSW" "W" 11 NA NA NA NA NA NA NA NA NA NA NA NA NA NA NA NA
"49" "" 2020-01-30 26.38 "PHI" "@" "ATL" "L" -10 NA NA NA NA NA NA NA NA NA NA NA NA NA NA NA NA
"50" "" 2020-02-01 26.38 "PHI" "@" "BOS" "L" -21 NA NA NA NA NA NA NA NA NA NA NA NA NA NA NA NA
"51" "" 2020-02-03 26.39 "PHI" "@" "MIA" "L" -31 NA NA NA NA NA NA NA NA NA NA NA NA NA NA NA NA
"52" "" 2020-02-06 26.39 "PHI" "@" "MIL" "L" -11 NA NA NA NA NA NA NA NA NA NA NA NA NA NA NA NA
"53" "39" 2020-02-07 26.4 "PHI" "" "MEM" "W" 12 0 14.95 0.286 0.286 7.8 6.6 7.1 0 0 4.5 36.4 30.3 42 104 -3.6 -25.9
"54" "40" 2020-02-09 26.4 "PHI" "" "CHI" "W" 7 0 19.1333333333333 0.399 0.5 0 0 0 12.7 2.6 0 21 10.5 81 120 1 -9.9
"55" "41" 2020-02-11 26.41 "PHI" "" "LAC" "W" 7 1 31.5333333333333 0.643 0.633 3.2 13.8 8.3 4.8 0 5.2 5.8 23.9 123 105 16.3 7.3
"56" "42" 2020-02-20 26.43 "PHI" "" "BRK" "W" 8 1 38.9333333333333 0.292 0.292 6.1 13.1 9.8 12 3.9 2 20 17.8 66 96 3.5 -5.4
"57" "43" 2020-02-22 26.44 "PHI" "@" "MIL" "L" -21 1 26.6 0.45 0.45 0 4.5 1.8 6.5 1.7 0 0 15.4 95 118 5.2 -3.7
"58" "44" 2020-02-24 26.44 "PHI" "" "ATL" "W" 17 1 38.9166666666667 0.472 0.375 6.3 9.3 8 9.2 0 2.1 6.8 16.2 111 115 9.4 -6.3
"59" "45" 2020-02-26 26.45 "PHI" "@" "CLE" "L" -14 1 32.2 0.362 0.375 0 32.6 13.2 19.9 3.2 5.5 7.4 19.4 80 111 9.1 -3.2
"60" "46" 2020-02-27 26.45 "PHI" "" "NYK" "W" 9 1 34.1666666666667 0.396 0.385 3.4 20.1 11.8 11.1 1.6 4.7 0 19 100 114 9.7 -6.4
"61" "47" 2020-03-01 26.46 "PHI" "@" "LAC" "L" -6 1 10.2833333333333 0.75 0.75 0 14.1 6.3 15.9 0 0 0 24.8 152 144 7.4 7.3
"62" "" 2020-03-03 26.47 "PHI" "@" "LAL" "L" -13 NA NA NA NA NA NA NA NA NA NA NA NA NA NA NA NA
"63" "" 2020-03-05 26.47 "PHI" "@" "SAC" "W" 17 NA NA NA NA NA NA NA NA NA NA NA NA NA NA NA NA
"64" "" 2020-03-07 26.48 "PHI" "@" "GSW" "L" -4 NA NA NA NA NA NA NA NA NA NA NA NA NA NA NA NA
"65" "48" 2020-03-11 26.49 "PHI" "" "DET" "W" 18 1 29.7166666666667 0.515 0.417 0 3.8 2 4.2 0 6.6 0 11.4 124 113 5.8 -4.9
"66" "49" 2020-08-01 26.88 "PHI" "@" "IND" "L" -6 1 29.8833333333333 0.5 0.5 0 0 0 3.8 3.1 0 42.9 9 65 125 0.5 -7.1
"67" "50" 2020-08-03 26.88 "PHI" "" "SAS" "W" 2 1 33.9666666666667 0.539 0.433 3.6 0 1.8 7.3 1.4 2.1 5.4 23.3 115 131 12.1 -3.8
"68" "51" 2020-08-05 26.89 "PHI" "@" "WAS" "W" 9 1 35.35 0.759 0.722 0 0 0 13.1 1.4 0 16.8 14.8 122 106 11.8 1.8
"69" "52" 2020-08-07 26.9 "PHI" "" "ORL" "W" 7 1 34.0333333333333 0.208 0.208 0 0 0 4 1.5 0 0 14.5 54 109 -1.7 -11.3
"70" "53" 2020-08-09 26.9 "PHI" "@" "POR" "L" -3 1 38.05 0.814 0.8 5.3 9.2 7.1 24.7 0 0 12.6 25.2 149 125 27.5 11.2
"71" "" 2020-08-11 26.91 "PHI" "" "PHO" "L" -13 NA NA NA NA NA NA NA NA NA NA NA NA NA NA NA NA
"72" "54" 2020-08-12 26.91 "PHI" "" "TOR" "L" -4 1 24.1833333333333 0.536 0.438 4.4 16.2 10.6 0 3.8 4.2 30 22.9 77 114 5 -8.6
"73" "55" 2020-08-14 26.92 "PHI" "@" "HOU" "W" 38 1 23.3 0.625 0.625 0 4.7 2.6 4.6 0 0 0 7.3 135 100 3.2 -4.1
"1" "1" 2020-12-23 27.27 "DAL" "@" "PHO" "L" -4 1 36.2666666666667 0.545 0.545 2.8 20.4 10.6 4.5 1.3 0 15.4 16 94 105 6.9 -2.7
"2" "2" 2020-12-25 27.28 "DAL" "@" "LAL" "L" -23 1 27.3833333333333 0.638 0.583 4.5 4.3 4.4 11.5 3.5 0 0 22.6 133 140 13.8 0.5
"3" "3" 2020-12-27 27.28 "DAL" "@" "LAC" "W" 51 1 26.7 0.781 0.769 8.6 3.7 6 12.6 2 0 0 23 164 85 18 12.7
"4" "4" 2020-12-30 27.29 "DAL" "" "CHO" "L" -19 1 26.7833333333333 0.184 0.1 3.5 4.7 4 11.1 0 3.6 8.4 18.4 54 123 -1.3 -16.7
"5" "5" 2021-01-01 27.3 "DAL" "" "MIA" "W" 10 1 34.7833333333333 0.55 0.55 3.4 5.5 4.6 16.5 0 0 16.7 15.9 99 93 6.6 -2
"6" "6" 2021-01-03 27.3 "DAL" "@" "CHI" "L" -10 1 35.85 0.508 0.464 5.6 6.5 6 8.3 0 2.8 16 21.7 95 122 6.9 -6.4
"7" "7" 2021-01-04 27.3 "DAL" "@" "HOU" "W" 13 1 30.7833333333333 0.615 0.5 4.1 0 1.8 0 1.7 0 7.6 19.5 124 108 7.9 -4
"8" "8" 2021-01-07 27.31 "DAL" "@" "DEN" "W" 7 1 41.2666666666667 0.441 0.4 0 2.8 1.4 3.6 2.4 0 5.9 19.1 85 115 5.9 -10.3
"9" "" 2021-01-09 27.32 "DAL" "" "ORL" "W" 14 NA NA NA NA NA NA NA NA NA NA NA NA NA NA NA NA
"10" "" 2021-01-13 27.33 "DAL" "@" "CHO" "W" 11 NA NA NA NA NA NA NA NA NA NA NA NA NA NA NA NA
"11" "" 2021-01-15 27.33 "DAL" "@" "MIL" "L" -3 NA NA NA NA NA NA NA NA NA NA NA NA NA NA NA NA
"12" "" 2021-01-17 27.34 "DAL" "" "CHI" "L" -16 NA NA NA NA NA NA NA NA NA NA NA NA NA NA NA NA
"13" "" 2021-01-18 27.34 "DAL" "@" "TOR" "L" -23 NA NA NA NA NA NA NA NA NA NA NA NA NA NA NA NA
"14" "" 2021-01-20 27.35 "DAL" "@" "IND" "W" 12 NA NA NA NA NA NA NA NA NA NA NA NA NA NA NA NA
"15" "" 2021-01-22 27.35 "DAL" "@" "SAS" "W" 5 NA NA NA NA NA NA NA NA NA NA NA NA NA NA NA NA
"16" "" 2021-01-23 27.36 "DAL" "" "HOU" "L" -25 NA NA NA NA NA NA NA NA NA NA NA NA NA NA NA NA
"17" "" 2021-01-25 27.36 "DAL" "" "DEN" "L" -4 NA NA NA NA NA NA NA NA NA NA NA NA NA NA NA NA
"18" "9" 2021-01-27 27.37 "DAL" "@" "UTA" "L" -12 1 23.75 0.429 0.429 0 9.4 4.7 0 2.1 0 12.5 15.7 71 122 2.5 -9.2
"19" "10" 2021-01-29 27.37 "DAL" "@" "UTA" "L" -19 1 25.05 0.375 0.375 4.1 3.9 4 12.3 2 0 0 14.1 92 128 3.4 -5.9
"20" "11" 2021-01-30 27.38 "DAL" "" "PHO" "L" -6 1 35.25 0.393 0.364 0 10 5.2 7.1 0 0 8 16.3 81 120 3.4 -8.4
"21" "12" 2021-02-01 27.38 "DAL" "" "PHO" "L" -1 1 36.6666666666667 0.676 0.625 6.4 8.5 7.5 20.8 2.6 0 10.1 23.3 131 110 20.3 7.2
"22" "13" 2021-02-03 27.39 "DAL" "@" "ATL" "W" 6 1 35.6333333333333 0.482 0.318 8.8 9 8.9 6.9 2.7 5.2 12.1 19.5 108 115 12.1 -1.9
"23" "14" 2021-02-04 27.39 "DAL" "" "GSW" "L" -31 1 31.05 0.333 0.333 3 0 1.8 22.1 1.5 0 10 13.8 92 144 4.3 -7.6
"24" "15" 2021-02-06 27.39 "DAL" "" "GSW" "W" 2 1 30.95 0.871 0.875 0 8.2 3.6 4.3 1.5 0 23.5 16.1 124 126 11.5 1.5
"25" "16" 2021-02-08 27.4 "DAL" "" "MIN" "W" 5 1 36.1333333333333 0.738 0.65 0 14.8 7.5 28.7 0 0 14.1 16.5 143 123 16.9 1
"26" "17" 2021-02-10 27.41 "DAL" "" "ATL" "W" 1 1 29.3 0.563 0.5 8.9 0 4.1 21.5 0 0 10.1 15.9 127 127 8.7 -0.4
"27" "18" 2021-02-12 27.41 "DAL" "" "NOP" "W" 13 1 32.5333333333333 0.709 0.583 0 7.2 3.9 19 0 0 0 11.1 172 137 12 -0.5
"28" "19" 2021-02-14 27.42 "DAL" "" "POR" "L" -3 1 25.0166666666667 0.429 0.429 5.3 5.5 5.4 16.8 2.1 0 30 18.4 83 131 2.2 -10.3
"29" "20" 2021-02-22 27.44 "DAL" "" "MEM" "W" 10 1 34.9 0.571 0.536 3.2 14.5 9.6 15.4 2.7 0 25.2 25.4 91 89 9.6 -0.6
"30" "21" 2021-02-23 27.44 "DAL" "" "BOS" "W" 3 1 29.85 0.667 0.667 0 15.3 7.7 5.2 0 0 7.7 20 122 117 10.1 -0.5
"31" "22" 2021-02-25 27.45 "DAL" "@" "PHI" "L" -14 1 31.9 0.528 0.455 3.7 15.7 10.1 0 0 0 14 20.3 97 120 7.5 -6.7
"32" "23" 2021-02-27 27.45 "DAL" "@" "BRK" "W" 17 1 25.9 0.583 0.556 0 8.4 4.5 14.8 2 0 9.6 19.1 115 109 7.8 -3.2
"33" "24" 2021-03-01 27.46 "DAL" "@" "ORL" "W" 6 1 29 0.463 0.409 3.9 3.7 3.8 16.4 0 6.1 0 18.2 116 124 9.7 -4.3
"34" "25" 2021-03-03 27.46 "DAL" "" "OKC" "W" 9 1 35.4833333333333 0.494 0.393 0 15 8.3 5.4 5.7 0 11 23.8 91 74 11.5 2.7
"35" "26" 2021-03-10 27.48 "DAL" "" "SAS" "W" 11 1 32.1166666666667 0.607 0.556 0 6.8 3.7 16.1 0 2.7 16.8 16.9 119 114 9 0.3
"36" "27" 2021-03-11 27.48 "DAL" "@" "OKC" "L" -8 1 35.1833333333333 0.765 0.767 0 2.9 1.5 38.3 1.5 4.6 10.2 26.1 141 129 23.8 11.5
"37" "28" 2021-03-13 27.49 "DAL" "@" "DEN" "W" 13 1 35.1833333333333 0.784 0.727 10 2.8 6.1 16.1 3 0 7.3 18.6 162 115 19.7 10.8
"38" "29" 2021-03-15 27.5 "DAL" "" "LAC" "L" -10 1 30.2333333333333 0.375 0.375 3.9 8.4 6 9.3 3.5 2.9 11.1 15 83 119 5.6 -3.9
"39" "30" 2021-03-17 27.5 "DAL" "" "LAC" "W" 16 1 38.85 0.709 0.667 3.5 11 7.7 7.3 3.9 2.2 9.2 13.1 140 91 14.9 8.9
"40" "31" 2021-03-19 27.51 "DAL" "@" "POR" "L" -6 1 35.7166666666667 0.222 0.222 7.7 11.4 9.8 3.3 1.5 2.9 25 16.3 54 135 -0.7 -16.7
"41" "32" 2021-03-21 27.51 "DAL" "@" "POR" "W" 40 1 29.5166666666667 0.852 0.818 0 9.2 5.7 18.6 0 0 0 19.1 183 104 19.8 10.9
"42" "33" 2021-03-24 27.52 "DAL" "@" "MIN" "W" 20 1 31.1 0.727 0.667 6.9 13.7 10.3 10.7 0 0 12.7 10.2 150 111 9.1 -1.3
"43" "34" 2021-03-26 27.53 "DAL" "" "IND" "L" -15 1 35.9833333333333 0.37 0.357 2.6 8.2 5.3 11.9 2.8 3.3 16.8 20.5 76 114 5.4 -2.9
"44" "35" 2021-03-27 27.53 "DAL" "@" "NOP" "L" -9 1 34.3333333333333 0.168 0.091 0 23.3 10.5 15.7 0 2.5 20.2 20.7 46 125 -1.8 -16.7
"45" "36" 2021-03-29 27.53 "DAL" "@" "OKC" "W" 21 1 24.8166666666667 0.643 0.643 0 12.9 6.4 22.4 0 0 12.5 14.1 130 111 7.5 -4.1
"46" "37" 2021-03-31 27.54 "DAL" "@" "BOS" "W" 5 1 39.2333333333333 0.444 0.444 0 15.6 9.3 14.3 0 2.6 25 14.1 83 110 4.4 -5.4
"47" "38" 2021-04-02 27.55 "DAL" "@" "NYK" "W" 13 1 27.4833333333333 0.55 0.55 0 13.4 7.8 5.4 1.8 0 9.1 18.8 99 92 7.5 0.3
"48" "" 2021-04-03 27.55 "DAL" "@" "WAS" "W" 22 NA NA NA NA NA NA NA NA NA NA NA NA NA NA NA NA
"49" "39" 2021-04-05 27.55 "DAL" "" "UTA" "W" 8 1 29.7833333333333 0.944 0.944 0 16.8 8.8 10.3 0 0 10 15.6 163 115 14.2 9.8
"50" "40" 2021-04-07 27.56 "DAL" "@" "HOU" "L" -9 1 29.45 0.051 0 3.3 7.2 5.1 19.8 1.8 0 9.2 16.8 37 113 -2.4 -13.7
"51" "41" 2021-04-08 27.56 "DAL" "" "MIL" "W" 15 1 33.4833333333333 0.415 0.375 2.7 10.4 6.6 16.7 2.9 2.1 0 20.9 107 101 11.8 0.1
"52" "42" 2021-04-11 27.57 "DAL" "" "SAS" "L" -2 1 35.75 0.571 0.571 12.8 3.7 8.6 11.3 1.4 0 0 16.7 137 125 14.4 2.3
"53" "43" 2021-04-12 27.57 "DAL" "" "PHI" "L" -18 1 31.05 0.444 0.429 0 3.8 1.8 10.2 0 3.2 0 11.4 105 123 3.7 -5.5
"54" "44" 2021-04-14 27.58 "DAL" "@" "MEM" "W" 1 1 26.7833333333333 0.455 0.389 0 11.2 6 13.9 0 0 9.2 18.3 98 123 5.9 -5.1
"55" "45" 2021-04-16 27.58 "DAL" "" "NYK" "L" -8 1 33.2666666666667 0.583 0.583 6.3 7.2 6.7 18.4 3.1 5 0 16 132 119 14.6 5
"56" "46" 2021-04-18 27.59 "DAL" "" "SAC" "L" -14 1 27.1666666666667 0.389 0.389 4.2 4.2 4.2 5.2 0 0 18.2 17.7 77 134 1.2 -12.6
"57" "47" 2021-04-21 27.6 "DAL" "" "DET" "W" 10 1 28.3333333333333 0.558 0.5 3.7 8.7 6 8.6 1.8 0 8.5 18.2 117 122 8.4 -4.9
"58" "48" 2021-04-22 27.6 "DAL" "" "LAL" "W" 5 1 30.75 0.547 0.5 0 7.6 3.8 4.8 0 5.2 7.8 18.3 105 117 9 -2.6
"59" "" 2021-04-24 27.61 "DAL" "" "LAL" "W" 15 NA NA NA NA NA NA NA NA NA NA NA NA NA NA NA NA
"60" "" 2021-04-26 27.61 "DAL" "@" "SAC" "L" -7 NA NA NA NA NA NA NA NA NA NA NA NA NA NA NA NA
"61" "" 2021-04-27 27.61 "DAL" "@" "GSW" "W" 30 NA NA NA NA NA NA NA NA NA NA NA NA NA NA NA NA
"62" "49" 2021-04-29 27.62 "DAL" "@" "DET" "W" 10 1 31.25 0.388 0.333 3.5 30.7 14.5 13 3.1 0 13.4 20.8 83 102 6.6 -5.3
"63" "50" 2021-05-01 27.62 "DAL" "" "WAS" "W" 1 1 23.3 0.35 0.318 0 0 0 10.1 4.2 2.9 25.9 29.5 60 123 1.6 -13.2
"64" "51" 2021-05-02 27.63 "DAL" "" "SAC" "L" -12 1 26.2166666666667 0.506 0.45 0 15.7 7 13.7 3.8 0 0 18 120 114 9.1 0.9
"65" "52" 2021-05-04 27.63 "DAL" "@" "MIA" "W" 14 1 22.6666666666667 0.715 0.682 4.9 0 2.6 6.4 0 0 7.8 25.3 139 127 11.7 -0.2
"66" "53" 2021-05-06 27.64 "DAL" "" "BRK" "W" 4 1 29.4 0.5 0.5 3.1 0 1.6 4.9 4.9 0 9.1 16 99 107 7.2 -1
"67" "54" 2021-05-07 27.64 "DAL" "" "CLE" "W" 20 1 28.15 0.692 0.692 4.2 14.5 9.7 18.7 5.5 3.2 7.1 23.5 134 89 18.8 14.3
"68" "55" 2021-05-09 27.65 "DAL" "@" "CLE" "W" 27 1 25.2833333333333 0.672 0.643 5.3 4.3 4.7 5.8 3.9 0 0 26.2 139 101 17.5 4.5
"69" "56" 2021-05-11 27.65 "DAL" "@" "MEM" "L" -29 1 22.4 0.563 0.563 4.6 0 2.7 15.1 9.3 3.8 11.1 17.8 112 127 10 6.5
"70" "57" 2021-05-12 27.65 "DAL" "" "NOP" "W" 18 0 14.1333333333333 0.214 0.214 0 6.8 3.7 7.8 0 0 0 21.1 57 110 -1.3 -16.5
"71" "58" 2021-05-14 27.66 "DAL" "" "TOR" "W" 4 0 20.5666666666667 0.571 0.429 4.6 0 2.7 6.8 2.4 0 10.2 21.2 115 114 6.9 -1.8
"72" "59" 2021-05-16 27.67 "DAL" "@" "MIN" "L" -15 0 22.4333333333333 0.393 0.393 11.3 16.9 14.1 25.7 0 0 12.5 29.6 93 142 5.9 -12.3
