"Rk" "G" "Date" "Age" "Tm" "H/A" "Opp" "W/L" "By Amt" "GS" "MP" "TS%" "eFG%" "ORB%" "DRB%" "TRB%" "AST%" "STL%" "BLK%" "TOV%" "USG%" "ORtg" "DRtg" "GmSc" "BPM"
"1" "1" 2012-10-31 21.74 "TOR" "" "IND" "L" -2 0 6.4 0 0 0 20.8 8.5 0 0 0 0 13.7 0 106 -1.1 -18.2
"2" "" 2012-11-03 21.75 "TOR" "@" "BRK" "L" -7 NA NA NA NA NA NA NA NA NA NA NA NA NA NA NA NA
"3" "2" 2012-11-04 21.75 "TOR" "" "MIN" "W" 19 0 7.21666666666667 0.25 0.25 0 21.5 8.9 19.9 0 0 33.3 36.8 46 98 -2.6 -32.1
"4" "3" 2012-11-06 21.75 "TOR" "@" "OKC" "L" -20 0 13.9 0.714 0.714 0 19.2 8.3 21.3 3.5 0 12.5 24.7 115 107 7.2 11.8
"5" "4" 2012-11-07 21.76 "TOR" "@" "DAL" "L" -5 0 7.78333333333333 0.333 0.333 0 0 0 0 0 0 0 18 71 128 -0.5 -17
"6" "5" 2012-11-10 21.76 "TOR" "" "PHI" "L" -10 0 12.6333333333333 0.6 0.6 0 10.3 4.7 17 4.3 0 16.7 23.3 95 101 3.5 4.4
"7" "6" 2012-11-12 21.77 "TOR" "" "UTA" "L" -7 0 3.03333333333333 0 0 0 0 0 0 0 0 0 15 0 131 -0.7 -22.8
"8" "7" 2012-11-13 21.77 "TOR" "@" "IND" "W" 2 0 12.9166666666667 0.7 0.7 0 0 0 0 4.5 0 0 20.1 130 89 5.3 15
"9" "8" 2012-11-17 21.78 "TOR" "@" "BOS" "L" -18 0 23.9333333333333 0.776 0.833 0 24.3 11.1 9.1 2.3 3.3 31.8 19.2 86 116 6.8 1.6
"10" "9" 2012-11-18 21.79 "TOR" "" "ORL" "W" 11 0 4.25 0 0 0 29.7 14.1 0 0 0 0 11.3 0 97 -0.4 -15
"11" "" 2012-11-20 21.79 "TOR" "@" "PHI" "L" -8 NA NA NA NA NA NA NA NA NA NA NA NA NA NA NA NA
"12" "10" 2012-11-21 21.79 "TOR" "@" "CHA" "L" -1 0 14.95 0.611 0.611 8.7 17.8 13.2 15.3 3.4 4.8 0 28.1 127 98 8.8 8.5
"13" "11" 2012-11-23 21.8 "TOR" "@" "DET" "L" -1 0 16.9666666666667 0 0 0 13.2 6.8 0 3.2 0 16.7 17 0 101 -3.7 -20.5
"14" "12" 2012-11-25 21.81 "TOR" "" "SAS" "L" -5 0 20.7166666666667 0.375 0.375 4.5 11 7.4 7.5 0 0 0 8.4 100 105 2.2 -2.1
"15" "13" 2012-11-27 21.81 "TOR" "@" "HOU" "L" -16 0 35.7333333333333 0.559 0.559 6.1 10.1 8 4.5 0 0 5.6 22.5 111 129 11.9 -2.8
"16" "14" 2012-11-28 21.81 "TOR" "@" "MEM" "L" -21 0 30.2833333333333 0.288 0.308 3.9 4.2 4 14 5.2 0 12.6 24.8 60 109 1.5 -5.5
"17" "15" 2012-11-30 21.82 "TOR" "" "PHO" "W" 4 0 14.2 0.5 0.5 0 9.7 4.5 0 7.3 0 0 22.8 101 94 4.8 1.7
"18" "16" 2012-12-03 21.83 "TOR" "@" "DEN" "L" -3 0 24 0.676 0.625 5.1 19.6 13.3 0 0 0 18.4 19.7 113 114 6.6 -3.5
"19" "17" 2012-12-05 21.83 "TOR" "@" "SAC" "L" -7 0 12.2 0 0 8.4 9.8 9 0 0 0 0 10.8 26 116 -1.1 -16
"20" "18" 2012-12-07 21.84 "TOR" "@" "UTA" "L" -32 0 19.4 0.286 0.286 5.2 11.2 8.1 8.8 0 7.3 0 15.7 78 133 2.5 -5.8
"21" "19" 2012-12-09 21.84 "TOR" "@" "LAC" "L" -19 0 22.9833333333333 0.214 0.214 0 9.7 5 15 0 3.5 22.2 19.1 48 121 -2 -12.5
"22" "20" 2012-12-10 21.85 "TOR" "@" "POR" "L" -18 0 13.3833333333333 0.2 0.2 0 7.6 3.9 0 0 0 0 18.4 44 109 -1.2 -14
"23" "21" 2012-12-12 21.85 "TOR" "" "BRK" "L" -6 0 21.4 0.438 0.438 0 14 6.5 0 5.2 0 11.1 20.9 76 104 3.8 -2.2
"24" "22" 2012-12-14 21.86 "TOR" "" "DAL" "W" 21 0 22.6833333333333 0.571 0.5 17.6 5.7 12.4 19.9 2.4 0 6 34.2 125 86 13.9 9.8
"25" "23" 2012-12-16 21.86 "TOR" "" "HOU" "W" 7 0 23 0.414 0.45 5.1 4.5 4.8 6.8 2.2 3.8 15.5 26.7 71 104 3.4 -7.9
"26" "24" 2012-12-18 21.87 "TOR" "@" "CLE" "W" 14 0 14.5666666666667 0.75 0.75 0 9.7 4.8 0 0 0 0 6.5 158 122 2.3 -1.8
"27" "25" 2012-12-19 21.87 "TOR" "" "DET" "W" 6 0 10.75 0.75 0.75 0 0 0 26.1 0 0 0 30.6 148 125 6.3 7.9
"28" "26" 2012-12-21 21.88 "TOR" "" "ORL" "W" 3 0 22.9666666666667 0.813 0.813 4.8 0 2.7 0 4.7 3.7 0 16.8 151 100 12.8 15.4
"29" "27" 2012-12-26 21.89 "TOR" "@" "SAS" "L" -20 0 26.0166666666667 0.55 0.55 0 5.3 2.3 7.8 2.1 0 16.7 22.5 87 117 5.6 -2.8
"30" "28" 2012-12-28 21.9 "TOR" "@" "NOH" "W" 7 0 23.6 0.225 0.125 4.6 20.9 12.2 0 2.4 0 0 18.8 58 101 1.3 -12
"31" "29" 2012-12-29 21.9 "TOR" "@" "ORL" "W" 35 0 22.25 0.8 0.8 6.3 9.6 8.2 6.5 0 3.4 0 21.7 157 102 13.3 11
"32" "30" 2013-01-02 21.91 "TOR" "" "POR" "W" 23 0 24.8833333333333 0.781 0.786 5.7 20.3 13.4 15.1 4.5 0 0 33.6 148 88 23.1 24.4
"33" "31" 2013-01-04 21.92 "TOR" "" "SAC" "L" -9 0 18.1166666666667 0.214 0.214 0 7.4 3.2 19.4 0 4.1 0 16.8 68 116 0.1 -8.4
"34" "32" 2013-01-06 21.92 "TOR" "" "OKC" "L" -12 0 11.5333333333333 0 0 0 11.6 5.8 24.5 4.6 0 0 11.8 38 110 -0.3 -6.5
"35" "" 2013-01-09 21.93 "TOR" "" "PHI" "W" 18 NA NA NA NA NA NA NA NA NA NA NA NA NA NA NA NA
"36" "33" 2013-01-11 21.93 "TOR" "" "CHA" "W" 21 0 14.6 0.583 0.583 7 7.8 7.4 22.6 8.3 0 0 19.4 150 89 7.6 14.5
"37" "34" 2013-01-13 21.94 "TOR" "" "MIL" "L" -11 0 3.38333333333333 0 0 0 0 0 0 0 0 75 50.7 0 128 -3.7 -65.4
"38" "35" 2013-01-15 21.95 "TOR" "@" "BRK" "L" -7 0 22.9833333333333 0.222 0.222 16.9 33 25.1 5.8 0 0 10 19.9 72 127 1.3 -13.5
"39" "36" 2013-01-16 21.95 "TOR" "" "CHI" "L" -2 0 14.2166666666667 0 0 0 8.5 4.2 0 0 0 50 6.7 0 116 -1.8 -13.3
"40" "37" 2013-01-18 21.95 "TOR" "@" "PHI" "L" -7 0 25.4 0.643 0.643 5.4 29.8 18 8.2 2.1 0 0 26.1 128 108 14 9.7
"41" "38" 2013-01-20 21.96 "TOR" "" "LAL" "W" 5 0 18.4333333333333 0.286 0.286 0 6.2 3.4 6.4 0 0 0 17.1 74 119 0.5 -12.1
"42" "39" 2013-01-23 21.97 "TOR" "@" "MIA" "L" -7 0 25.5666666666667 0.5 0.5 0 11.2 5.1 14.1 4.4 0 5.9 33.9 95 125 9.4 -1.8
"43" "40" 2013-01-24 21.97 "TOR" "@" "ORL" "W" 2 0 23.5333333333333 0.625 0.625 0 9.9 5.2 0 2.3 0 0 16.9 118 107 6 0
"44" "41" 2013-01-26 21.98 "TOR" "" "CLE" "L" -1 0 18.7833333333333 1 1 0 6.7 3.3 0 0 0 20 12.2 139 115 5.3 3.4
"45" "42" 2013-01-28 21.98 "TOR" "" "GSW" "L" -12 0 22.5 0.611 0.611 4.5 5.5 5 15.6 0 0 10 19.9 112 128 7.3 -1.7
"46" "43" 2013-01-30 21.99 "TOR" "@" "ATL" "L" -1 0 20.9166666666667 0.205 0 4.8 11.5 7.8 7 4.8 0 29.1 14.1 48 92 0.4 -6.7
"47" "44" 2013-02-01 21.99 "TOR" "" "LAC" "W" 25 0 15.4166666666667 0.25 0.25 0 0 0 29.4 0 0 11.1 27.9 68 93 -0.9 -16.3
"48" "45" 2013-02-03 22 "TOR" "" "MIA" "L" -15 0 13.7166666666667 0.375 0.375 0 33.9 14.6 14.3 0 0 0 13.4 99 118 1.4 -3.4
"49" "46" 2013-02-06 22 "TOR" "" "BOS" "L" -4 0 4.61666666666667 NA NA 0 0 0 30.6 0 19.3 100 9.6 36 99 0 -1.1
"50" "47" 2013-02-08 22.01 "TOR" "@" "IND" "W" 2 0 17.8833333333333 0.3 0.3 0 7.6 3.4 7.6 0 5.3 0 12.5 84 107 0.8 -3.3
"51" "48" 2013-02-10 22.01 "TOR" "" "NOH" "W" 13 0 7.91666666666667 0 0 0 0 0 0 0 0 0 6.3 0 110 -0.7 -12.3
"52" "49" 2013-02-12 22.02 "TOR" "" "DEN" "W" 1 0 13.65 0.583 0.583 8.4 8.6 8.5 0 0 0 25 25.5 89 123 1.8 -11.9
"53" "50" 2013-02-13 22.02 "TOR" "@" "NYK" "W" 4 0 3.88333333333333 0 0 0 0 0 0 0 0 0 26.4 0 117 -2.2 -40.1
"54" "51" 2013-02-19 22.04 "TOR" "@" "WAS" "W" 8 0 3.36666666666667 NA NA 0 0 0 0 0 0 NA 0 0 108 0 -5.2
"55" "52" 2013-02-20 22.04 "TOR" "" "MEM" "L" -6 0 14.45 0.2 0.2 0 6.5 3.7 0 0 5 0 17.2 47 112 -0.1 -7.3
"56" "" 2013-02-22 22.05 "TOR" "" "NYK" "W" 2 NA NA NA NA NA NA NA NA NA NA NA NA NA NA NA NA
"57" "53" 2013-02-25 22.05 "TOR" "" "WAS" "L" -6 0 6.25 0.75 0.75 0 0 0 0 0 0 0 14.6 143 107 2 6.9
"58" "" 2013-02-27 22.06 "TOR" "@" "CLE" "L" -11 NA NA NA NA NA NA NA NA NA NA NA NA NA NA NA NA
"59" "54" 2013-03-01 22.07 "TOR" "" "IND" "L" -12 0 12.6166666666667 0 0 0 11.9 5.2 13.1 4.4 0 0 15.9 13 106 -0.8 -9.4
"60" "55" 2013-03-02 22.07 "TOR" "@" "MIL" "L" -8 0 5 NA NA 0 0 0 0 0 0 NA 0 0 125 0 -7.8
"61" "56" 2013-03-04 22.07 "TOR" "@" "GSW" "L" -7 0 8.4 0 0 0 0 0 0 0 0 0 18.7 0 130 -3.2 -26.2
"62" "57" 2013-03-06 22.08 "TOR" "@" "PHO" "W" 27 0 21.45 0.635 0.571 6.2 15.3 11.2 14.8 0 0 33.7 25.4 90 80 4.5 -3.2
"63" "" 2013-03-08 22.08 "TOR" "@" "LAL" "L" -2 NA NA NA NA NA NA NA NA NA NA NA NA NA NA NA NA
"64" "58" 2013-03-10 22.09 "TOR" "" "CLE" "W" 4 1 28.4 0.549 0.5 3.8 14.1 9.2 19.3 1.7 0 0 19.6 122 100 12.1 6.2
"65" "59" 2013-03-13 22.1 "TOR" "@" "BOS" "L" -24 0 24.4666666666667 0.65 0.65 0 11.9 5.3 17.7 6.1 3.2 9.1 20.7 117 108 12.3 10.3
"66" "60" 2013-03-15 22.1 "TOR" "" "CHA" "W" 14 0 23.9 0.9 0.9 0 7.9 4.9 8 2.3 0 16.7 12.2 145 93 7.6 6.9
"67" "61" 2013-03-17 22.11 "TOR" "" "MIA" "L" -17 0 26.7166666666667 0.551 0.5 11.2 6.2 9.3 6 0 0 0 17 146 127 8.5 1.8
"68" "62" 2013-03-20 22.12 "TOR" "@" "CHA" "L" -6 0 17.0833333333333 0.4 0.4 12.8 0 6.5 0 3.1 0 0 12.7 108 121 3.3 -4
"69" "63" 2013-03-22 22.12 "TOR" "" "NYK" "L" -5 0 18.7833333333333 0.23 0.2 6.4 0 3.5 0 0 0 8.4 31.2 52 122 -3.5 -25.9
"70" "64" 2013-03-23 22.13 "TOR" "@" "NYK" "L" -26 1 30.8333333333333 0.65 0.65 0 26.7 11.8 5.9 0 2.6 23.1 19.9 100 124 7 0.1
"71" "65" 2013-03-27 22.14 "TOR" "" "ATL" "L" -19 0 23.5 0.658 0.611 9.7 15.3 12.5 0 2.2 0 9.2 21 123 115 11 6.2
"72" "66" 2013-03-29 22.14 "TOR" "@" "DET" "W" 17 0 15.05 0.6 0.6 0 0 0 9.3 0 0 16.7 19.9 104 107 3 -5.4
"73" "67" 2013-03-31 22.15 "TOR" "@" "WAS" "L" -17 0 11.9 0 0 0 8.8 4.3 0 0 0 0 19.1 0 123 -4.4 -28.3
"74" "68" 2013-04-01 22.15 "TOR" "" "DET" "L" -10 0 12.7833333333333 0 0 0 12.5 6.5 9.2 0 0 50 7.9 29 132 -1.5 -16.3
"75" "69" 2013-04-03 22.16 "TOR" "" "WAS" "W" 10 0 7.9 0.5 0.5 0 0 0 0 0 0 0 12.5 93 95 1 -2
"76" "70" 2013-04-05 22.16 "TOR" "@" "MIN" "W" 2 0 16.4666666666667 0.7 0.7 0 8.1 3.6 0 0 0 0 13.9 141 109 4.2 1.3
"77" "71" 2013-04-06 22.16 "TOR" "@" "MIL" "L" -17 0 27.8666666666667 0.564 0.5 0 4.8 2.3 0 3.7 0 0 15.4 117 106 8.1 1.8
"78" "72" 2013-04-09 22.17 "TOR" "@" "CHI" "W" 3 0 18.4333333333333 0.689 0.667 0 12.1 7.1 0 0 0 0 27.1 126 117 8.9 3.4
"79" "" 2013-04-12 22.18 "TOR" "" "CHI" "W" 9 NA NA NA NA NA NA NA NA NA NA NA NA NA NA NA NA
"80" "" 2013-04-14 22.19 "TOR" "" "BRK" "W" 6 NA NA NA NA NA NA NA NA NA NA NA NA NA NA NA NA
"81" "73" 2013-04-16 22.19 "TOR" "@" "ATL" "W" 17 0 17.6166666666667 0.508 0.429 0 10.7 6.1 0 8.7 0 0 19.9 110 90 7.1 1.9
"82" "" 2013-04-17 22.19 "TOR" "" "BOS" "W" 24 NA NA NA NA NA NA NA NA NA NA NA NA NA NA NA NA
"1" "1" 2013-10-30 22.73 "TOR" "" "BOS" "W" 6 0 12.2 0.773 0.833 0 21.9 9.7 0 8.6 0 20.5 17 122 82 5.1 11.4
"2" "2" 2013-11-01 22.74 "TOR" "@" "ATL" "L" -7 0 13.2 0 0 0 9.3 4.6 0 0 0 50 6.9 0 114 -2.2 -15.1
"3" "3" 2013-11-02 22.74 "TOR" "@" "MIL" "W" 7 0 22.3166666666667 0.51 0.5 0 22.4 11 8.1 0 0 25.4 15.2 82 95 1.5 -7.2
"4" "4" 2013-11-05 22.75 "TOR" "" "MIA" "L" -9 0 23.95 0.619 0.563 0 10.8 5.1 16 2.3 0 10.1 19.5 126 118 8.6 8.2
"5" "5" 2013-11-06 22.75 "TOR" "@" "CHA" "L" -2 0 11.85 0.509 0.5 0 0 0 0 0 0 0 28.6 110 118 3.2 2.3
"6" "6" 2013-11-08 22.76 "TOR" "@" "IND" "L" -7 0 11.0666666666667 0.625 0.625 0 12 5.4 0 0 7.6 0 16.8 134 106 4 9.6
"7" "7" 2013-11-09 22.76 "TOR" "" "UTA" "W" 24 0 17.35 0.5 0.5 0 14.2 7.2 28.7 0 0 18.2 28.2 98 108 4.2 -6.2
"8" "8" 2013-11-11 22.76 "TOR" "@" "HOU" "L" -6 0 27.5166666666667 0.75 0.75 3.2 9.6 5.7 0 1.9 0 0 9.1 161 101 6.3 2.9
"9" "9" 2013-11-13 22.77 "TOR" "@" "MEM" "W" 16 0 20.2 0.68 0.6 0 24.4 12.3 0 2.7 0 0 14.4 143 97 7.9 4.1
"10" "10" 2013-11-15 22.78 "TOR" "" "CHI" "L" -16 0 16.0666666666667 0 0 6.2 20.8 13.1 20.6 0 4.7 20 13.9 28 104 -0.5 -9.2
"11" "11" 2013-11-17 22.78 "TOR" "" "POR" "L" -8 0 13.9333333333333 0 0 0 0 0 0 0 0 25 12.3 0 122 -3.1 -16.1
"12" "12" 2013-11-20 22.79 "TOR" "@" "PHI" "W" 10 0 32.15 0.773 0.773 9 14.6 11.5 11.7 1.5 2.7 0 15.2 158 101 18.1 10.1
"13" "13" 2013-11-22 22.79 "TOR" "" "WAS" "W" 8 0 24.5333333333333 0.698 0.643 4.6 9.3 6.9 6.7 0 0 0 15.1 153 103 8.9 3.7
"14" "14" 2013-11-26 22.81 "TOR" "" "BRK" "L" -2 0 21.4833333333333 0.5 0.5 0 6.2 3.1 0 0 0 0 15.2 104 119 2.8 -4.6
"15" "15" 2013-11-29 22.81 "TOR" "" "MIA" "L" -7 0 23.2833333333333 0 0 0 22.9 10.4 0 2.2 0 0 9.9 0 96 -2.1 -10.4
"16" "16" 2013-12-01 22.82 "TOR" "" "DEN" "L" -14 0 21.4333333333333 0.563 0.5 4.8 0 2.5 0 0 0 0 17.8 128 128 5.5 -2
"17" "17" 2013-12-03 22.82 "TOR" "@" "GSW" "L" -9 0 10.2333333333333 0.4 0.4 13 12.3 12.7 0 0 0 16.7 27.3 78 126 0.9 -13
"18" "18" 2013-12-06 22.83 "TOR" "@" "PHO" "L" -9 0 8.9 0.258 0 11.7 12.5 12.1 0 0 0 0 19.7 76 120 0.5 -11.8
"19" "19" 2013-12-08 22.84 "TOR" "@" "LAL" "W" 12 0 28.05 0.557 0.556 0 12.8 6.6 0 3.6 0 9.2 17.9 98 97 7.4 0
"20" "20" 2013-12-10 22.84 "TOR" "" "SAS" "L" -13 1 38.4 0.504 0.462 3.2 10.7 6.8 3.8 0 2.1 26.5 21.8 80 127 3.3 -8.2
"21" "21" 2013-12-13 22.85 "TOR" "" "PHI" "W" 8 1 33.6166666666667 0.75 0.75 0 14.6 8 0 1.5 2.3 11.1 23.9 122 104 17.6 7
"22" "22" 2013-12-14 22.85 "TOR" "@" "CHI" "W" 22 1 24.2333333333333 0.349 0.333 10.4 17.2 14.1 24.7 2.1 2.9 18.9 30.9 75 81 5.5 -3
"23" "23" 2013-12-18 22.87 "TOR" "" "CHA" "L" -2 1 24.3833333333333 0.278 0.278 4.4 15.9 9.7 5.9 2.1 0 0 16.3 78 101 2 -5.4
"24" "24" 2013-12-20 22.87 "TOR" "@" "DAL" "W" 1 1 29.85 0.759 0.722 0 8.3 3.9 0 1.8 0 16.8 18.5 126 113 9.9 4.1
"25" "25" 2013-12-22 22.88 "TOR" "@" "OKC" "W" 6 1 22.8 0.3 0.3 0 9.8 4.7 13.2 0 0 0 18 76 108 0.2 -5.5
"26" "26" 2013-12-23 22.88 "TOR" "@" "SAS" "L" -13 1 33.1666666666667 0.719 0.719 3.2 6.4 4.8 0 0 0 11.1 24.8 120 124 14.3 4.4
"27" "27" 2013-12-27 22.89 "TOR" "@" "NYK" "W" 12 1 23.4833333333333 0.688 0.688 4.6 4.3 4.4 0 0 0 11.1 17.8 120 103 7 4.3
"28" "28" 2013-12-28 22.89 "TOR" "" "NYK" "W" 15 1 31.9 0.719 0.719 0 15.4 7.3 6.3 3.2 0 0 22.1 145 105 18.5 12.6
"29" "29" 2013-12-31 22.9 "TOR" "@" "CHI" "W" 6 1 28.9333333333333 0.5 0.5 0 21.6 11.2 6.9 0 0 25 13.6 74 88 1.9 -4.7
"30" "30" 2014-01-01 22.9 "TOR" "" "IND" "W" 13 1 38.2166666666667 0.654 0.583 3.3 10.2 6.7 9.5 4 0 17.9 20 109 86 13.4 4.4
"31" "31" 2014-01-03 22.91 "TOR" "@" "WAS" "W" 13 1 31.8 0.5 0.5 4.2 7.7 6 9.3 3.6 2.2 6.7 23.4 104 103 9.8 2.5
"32" "32" 2014-01-05 22.92 "TOR" "@" "MIA" "L" -5 1 33.5666666666667 0.5 0.5 0 3.5 1.9 4.1 0 2 0 11.5 105 122 2.9 -4.9
"33" "33" 2014-01-07 22.92 "TOR" "@" "IND" "L" -7 1 29.75 0.188 0.188 3.4 26.9 14.5 5.7 5.4 2.5 11.1 14.8 44 83 2.4 -2
"34" "34" 2014-01-08 22.92 "TOR" "" "DET" "W" 21 1 29.3166666666667 0.654 0.654 0 9.1 4.8 0 0 0 0 18.8 123 96 9.6 2.9
"35" "35" 2014-01-11 22.93 "TOR" "" "BRK" "W" 16 1 34.0666666666667 0.595 0.55 6.1 10.1 8 0 0 0 14.5 18.8 113 101 6.9 -2.3
"36" "36" 2014-01-13 22.94 "TOR" "" "MIL" "W" 22 1 26.45 0.45 0.375 0 20.2 10.6 5 6.1 0 0 15.2 118 93 6.8 -0.3
"37" "37" 2014-01-15 22.94 "TOR" "@" "BOS" "L" -5 1 25.2833333333333 0.571 0.571 0 15.2 7.4 0 0 0 22.2 16.8 79 103 1.9 -6.8
"38" "38" 2014-01-17 22.95 "TOR" "" "MIN" "W" 5 1 39.0666666666667 0.508 0.464 0 11.4 5.6 4.6 2.9 1.9 6 21.1 101 102 10.6 -0.1
"39" "39" 2014-01-19 22.95 "TOR" "" "LAL" "L" -6 1 33.4833333333333 0.455 0.455 3.8 3.6 3.7 0 1.6 2.5 0 14.6 106 122 5.4 -5.9
"40" "40" 2014-01-20 22.96 "TOR" "@" "CHA" "L" -5 1 21.2166666666667 0.073 0 4.1 12.6 7.5 0 2.5 0 12.7 16 24 110 -3.1 -16.6
"41" "41" 2014-01-22 22.96 "TOR" "" "DAL" "W" 8 1 19.2333333333333 0.214 0.214 0 19.7 10.3 25.4 2.7 0 0 16.9 71 92 1.3 -3.6
"42" "42" 2014-01-24 22.97 "TOR" "@" "PHI" "W" 9 1 20.0333333333333 0.714 0.714 0 4.8 2.5 0 0 0 22.2 19.8 96 107 4.2 -3.7
"43" "43" 2014-01-25 22.97 "TOR" "" "LAC" "L" -8 1 43.8833333333333 0.763 0.724 8.4 18.8 13.3 5.9 1.2 0 8.2 38 148 140 37.7 12.2
"44" "44" 2014-01-27 22.98 "TOR" "@" "BRK" "W" 1 1 33.15 0.465 0.444 0 26.7 12.8 8.9 0 2.7 21.8 18.4 80 108 4.9 -4.5
"45" "45" 2014-01-29 22.98 "TOR" "" "ORL" "W" 15 1 36.9333333333333 0.432 0.385 0 20.4 11.2 16.3 0 4 12.6 19.3 94 92 9.1 1.1
"46" "46" 2014-01-31 22.99 "TOR" "@" "DEN" "W" 10 1 36.7166666666667 0.795 0.75 0 3 1.5 14.1 2.7 6.6 15 16.2 134 92 17.5 10
"47" "47" 2014-02-01 22.99 "TOR" "@" "POR" "L" -3 1 26.3833333333333 0.311 0.25 0 13.6 6.8 0 0 0 7.2 23 63 114 -0.9 -14.3
"48" "48" 2014-02-03 22.99 "TOR" "@" "UTA" "W" 15 1 22.9 0.313 0.313 4.9 15.7 10.1 6.4 2.6 0 0 17.3 88 98 2.3 -6.5
"49" "49" 2014-02-05 23 "TOR" "@" "SAC" "L" -8 1 21.3 0.389 0.389 0 5.2 2.7 15.4 0 0 10 20.2 89 126 2.2 -6.9
"50" "50" 2014-02-07 23.01 "TOR" "@" "LAC" "L" -13 1 27.9666666666667 0.414 0.4 0 0 0 0 1.8 0 8.4 18.3 81 128 0.8 -9.5
"51" "51" 2014-02-10 23.01 "TOR" "" "NOP" "W" 7 1 34.75 0.875 0.875 3.8 11.5 7.7 0 0 2.1 11.1 12.2 145 115 11.7 5.7
"52" "52" 2014-02-12 23.02 "TOR" "" "ATL" "W" 21 1 26.5166666666667 0.591 0.591 3.5 0 2 0 0 3.1 0 18 124 97 8.3 4.4
"53" "53" 2014-02-18 23.04 "TOR" "@" "WAS" "W" 10 1 17.9333333333333 0.5 0.5 0 12.4 7.8 0 5.9 0 33.3 8.4 60 95 1 -3.7
"54" "54" 2014-02-19 23.04 "TOR" "" "CHI" "L" -2 1 25.65 0.477 0.444 4.5 0 2.6 6.8 0 0 0 17.1 112 117 4.9 -2.4
"55" "55" 2014-02-21 23.04 "TOR" "" "CLE" "W" 7 1 36.9166666666667 0.556 0.556 0 2.8 1.5 0 4.4 0 5.3 23.1 107 103 12.1 2.5
"56" "56" 2014-02-23 23.05 "TOR" "" "ORL" "W" 15 1 29.2 0.699 0.682 5.1 13.2 10 13.6 0 0 0 18.1 149 101 14 9.1
"57" "57" 2014-02-25 23.05 "TOR" "@" "CLE" "W" 6 1 32.0166666666667 0.864 0.864 0 3.5 1.8 6.1 3.4 2.2 26.7 21.7 102 104 12.6 8
"58" "58" 2014-02-27 23.06 "TOR" "" "WAS" "L" -5 1 15.75 0.935 0.9 0 14 7.5 12.1 0 0 0 17.7 183 118 10 17.2
"59" "" 2014-03-02 23.07 "TOR" "" "GSW" "W" 6 NA NA NA NA NA NA NA NA NA NA NA NA NA NA NA NA
"60" "59" 2014-03-07 23.08 "TOR" "" "SAC" "W" 12 1 26.2166666666667 0.75 0.75 0 9.2 4.8 8 2 3.5 0 22.6 138 96 13.8 14.7
"61" "60" 2014-03-09 23.09 "TOR" "@" "MIN" "W" 7 1 24.85 0.845 0.813 0 7.4 4.5 7.1 0 2.5 10.1 17.6 155 114 10 6.5
"62" "61" 2014-03-10 23.09 "TOR" "@" "BRK" "L" -4 1 32.5 0.5 0.5 5.1 11.7 8.8 5.3 0 0 7.7 20.5 101 123 5.7 -5.9
"63" "62" 2014-03-12 23.1 "TOR" "" "DET" "W" 14 1 30.1666666666667 0.5 0.5 0 6.6 3.4 10.4 5 0 18.2 15.2 92 88 6.9 3
"64" "63" 2014-03-14 23.1 "TOR" "" "MEM" "W" 13 1 20.1333333333333 0.595 0.5 0 6 3.4 7.6 2.7 0 33.8 21.9 82 100 2.1 -5.4
"65" "64" 2014-03-16 23.11 "TOR" "" "PHO" "L" -8 1 31.8 0.745 0.692 0 4.4 2.1 9.6 1.5 0 6.3 22.2 134 128 15.8 5.1
"66" "65" 2014-03-18 23.11 "TOR" "@" "ATL" "L" -5 1 39.9666666666667 0.611 0.611 0 7.7 4.4 3.8 0 4.4 25 14.6 89 118 5.9 -0.9
"67" "66" 2014-03-19 23.12 "TOR" "@" "NOP" "W" 7 1 17.3333333333333 0.333 0.333 10.9 0 6.8 10 0 0 0 22.4 100 122 1.4 -14.1
"68" "67" 2014-03-21 23.12 "TOR" "" "OKC" "L" -1 1 21.9833333333333 0.111 0.111 0 15.2 7.6 0 4.6 0 0 17.8 27 99 -2.6 -12
"69" "68" 2014-03-23 23.13 "TOR" "" "ATL" "W" 10 1 34.0833333333333 0.346 0.357 3.4 13.7 8.5 0 3.1 0 0 18.8 81 94 4.5 -4.1
"70" "69" 2014-03-25 23.13 "TOR" "@" "CLE" "L" -2 1 32.4 0.621 0.583 0 8.5 3.4 5.4 0 0 13.4 20.7 102 120 8.1 -2.8
"71" "70" 2014-03-26 23.13 "TOR" "@" "BOS" "W" 9 1 36.7333333333333 0.73 0.719 0 8.7 4.7 10.8 1.5 0 5.7 21.9 143 104 18.3 11.7
"72" "71" 2014-03-28 23.14 "TOR" "" "BOS" "W" 2 1 28.05 0.576 0.5 9 10.7 9.8 17.3 3.8 3 0 23.9 138 111 17.1 10.3
"73" "72" 2014-03-30 23.15 "TOR" "@" "ORL" "W" 5 1 22.1166666666667 0.7 0.7 12.4 7.8 10.3 8.2 0 0 0 11 158 114 7.1 4.7
"74" "73" 2014-03-31 23.15 "TOR" "@" "MIA" "L" -10 1 24.05 0.167 0.167 0 38.6 18.1 0 0 0 0 13.5 35 113 -0.4 -11.2
"75" "74" 2014-04-02 23.15 "TOR" "" "HOU" "W" 4 1 34.65 0.543 0.542 0 29 15 0 0 0 23.7 22.2 75 103 5.1 -7.3
"76" "75" 2014-04-04 23.16 "TOR" "" "IND" "W" 8 1 33.15 0.64 0.618 7.2 10.6 8.9 5.1 1.6 0 0 26.6 134 107 18.1 9.3
"77" "76" 2014-04-05 23.16 "TOR" "@" "MIL" "W" 4 1 29.4166666666667 0.405 0.333 0 12.6 6.4 0 0 0 0 16.2 98 119 2.6 -8.7
"78" "77" 2014-04-09 23.17 "TOR" "" "PHI" "W" 11 1 33.65 0.698 0.643 0 8.4 4 15.5 1.6 2.2 11.3 12 139 125 11 3.8
"79" "78" 2014-04-11 23.18 "TOR" "" "NYK" "L" -8 1 28.2833333333333 0.505 0.458 3.7 4.8 4.2 0 0 0 13.4 24.4 96 128 3.2 -8.2
"80" "79" 2014-04-13 23.18 "TOR" "@" "DET" "W" 9 1 22.5333333333333 0.676 0.625 0 16.1 9 24.5 4.4 3.3 31.1 13 109 101 6.3 3.8
"81" "80" 2014-04-14 23.19 "TOR" "" "MIL" "W" 10 1 34.2 0.405 0.389 3.4 3.8 3.6 12.5 4.7 0 16.8 15.8 91 107 5.8 -3.7
"82" "81" 2014-04-16 23.19 "TOR" "@" "NYK" "L" -3 1 20.9 0.4 0.4 6.2 0 2.7 0 2.4 0 28.6 14.4 64 104 0.6 -8.2
"1" "1" 2014-10-29 23.73 "TOR" "" "ATL" "W" 7 1 28.2833333333333 0.591 0.591 0 12.1 5.7 17.9 1.8 2.9 0 16.4 132 112 11.2 5.5
"2" "2" 2014-11-01 23.74 "TOR" "@" "ORL" "W" 13 1 28.6333333333333 0.635 0.571 3.6 7.6 5.6 0 1.8 2.7 11.3 13.4 125 100 7.1 2.8
"3" "3" 2014-11-02 23.74 "TOR" "@" "MIA" "L" -5 1 17.15 0.381 0.286 0 9.3 3.9 0 3.1 0 0 20.8 85 118 2.8 -5.5
"4" "4" 2014-11-04 23.75 "TOR" "" "OKC" "W" 12 1 24.7666666666667 0.45 0.45 0 17.6 7.3 8 0 0 16.7 22 75 102 2.4 -8.2
"5" "5" 2014-11-05 23.75 "TOR" "@" "BOS" "W" 3 1 24.2333333333333 0.2 0.2 0 11.3 5 9.9 0 3.8 16.7 11.4 50 118 0.2 -9.3
"6" "6" 2014-11-07 23.75 "TOR" "" "WAS" "W" 19 1 29.3833333333333 0.6 0.6 7.4 8.9 8.3 6.9 0 0 16.7 27.6 102 95 8.7 2
"7" "7" 2014-11-09 23.76 "TOR" "" "PHI" "W" 32 1 29.2666666666667 0.715 0.727 6.8 14.3 11.7 4.9 3.3 6.2 7.8 19.3 131 86 16.3 11.2
"8" "8" 2014-11-11 23.76 "TOR" "" "ORL" "W" 4 1 27.8166666666667 0.833 0.75 0 16.8 8.7 0 1.8 0 8.9 18.9 148 105 13.8 8.7
"9" "9" 2014-11-13 23.77 "TOR" "" "CHI" "L" -7 1 32.6333333333333 0.6 0.6 0 11.6 5.1 10.6 1.5 2.4 9.1 14.4 116 108 8.4 2.8
"10" "10" 2014-11-15 23.78 "TOR" "" "UTA" "W" 18 1 22.6666666666667 0.4 0.4 0 5.4 2.6 10.9 0 0 0 10.4 108 114 2.2 -4.6
"11" "11" 2014-11-19 23.79 "TOR" "" "MEM" "W" 4 1 33.8 0.554 0.536 0 6.6 3.3 4.8 1.6 2 6.5 22.7 101 109 9.8 0
"12" "12" 2014-11-21 23.79 "TOR" "" "MIL" "W" 42 1 23.75 0.813 0.813 0 8.1 4.6 11.6 2.2 0 0 14.4 179 92 12 12.7
"13" "13" 2014-11-22 23.79 "TOR" "@" "CLE" "W" 17 1 18.4666666666667 0.2 0.2 0 7 3.2 0 0 0 0 12.2 43 105 -1.6 -12.6
"14" "14" 2014-11-24 23.8 "TOR" "" "PHO" "W" 4 1 29.2833333333333 0.528 0.455 0 16.4 8.3 5.4 1.7 0 0 18.7 113 105 9 1.2
"15" "15" 2014-11-26 23.81 "TOR" "@" "ATL" "W" 11 1 21.7 0.761 0.714 0 6.5 3.3 0 0 0 0 16.2 161 131 8.6 1.9
"16" "16" 2014-11-28 23.81 "TOR" "" "DAL" "L" -4 1 23.3333333333333 0.438 0.438 4.5 0 2.2 0 2.1 0 11.1 16.1 90 112 2.9 -3.3
"17" "17" 2014-11-30 23.82 "TOR" "@" "LAL" "L" -7 1 38.0166666666667 0.833 0.833 2.5 10.9 6.5 4.1 0 0 7.7 14.4 149 124 15.2 2.9
"18" "18" 2014-12-02 23.82 "TOR" "@" "SAC" "W" 8 1 30.2 0.667 0.667 9.3 9.1 9.2 0 0 0 6.3 23.1 138 125 11.7 0.8
"19" "19" 2014-12-03 23.82 "TOR" "@" "UTA" "W" 19 1 30.7333333333333 0.619 0.563 15.6 3.7 8.7 0 1.8 0 10.1 15.7 133 124 9 -0.9
"20" "20" 2014-12-05 23.83 "TOR" "" "CLE" "L" -14 1 30.7166666666667 0.333 0.333 3.3 19.1 10.7 0 1.8 2.4 10 14.8 70 114 3.4 -4.4
"21" "21" 2014-12-08 23.84 "TOR" "" "DEN" "W" 5 1 39.6333333333333 0.504 0.5 0 9.7 5.8 0 1.4 0 0 19.7 103 111 10.1 -3.5
"22" "22" 2014-12-09 23.84 "TOR" "@" "CLE" "L" -4 1 27.7 0.67 0.654 5.6 9.9 7.9 6.2 0 0 27.1 31.5 97 129 8.3 -4.6
"23" "23" 2014-12-12 23.85 "TOR" "" "IND" "W" 12 1 26.6833333333333 0.337 0.273 0 30 13.8 5.5 1.9 0 20.2 24.2 63 97 0.7 -11.8
"24" "24" 2014-12-14 23.85 "TOR" "@" "NYK" "W" 5 1 33.4166666666667 0.718 0.679 0 17.6 9.3 6.8 3.2 0 11.5 25.2 122 91 16.4 8.5
"25" "25" 2014-12-15 23.86 "TOR" "" "ORL" "W" 13 1 21.6666666666667 0.409 0.409 0 40.3 17.7 7.3 0 0 0 24.2 93 95 4.6 -3.4
"26" "26" 2014-12-17 23.86 "TOR" "" "BRK" "W" 16 1 22.1833333333333 0.431 0.4 0 4.8 2.5 0 0 0 16.1 27.6 75 110 0.7 -14.2
"27" "27" 2014-12-19 23.87 "TOR" "@" "DET" "W" 10 1 21.65 0.423 0.423 5 21.3 13.9 7.2 2.3 0 0 27 94 100 7.8 -0.9
"28" "28" 2014-12-21 23.87 "TOR" "" "NYK" "W" 10 1 35.9 0.583 0.6 0 7.6 3.6 4.1 0 0 0 19.1 133 125 10.8 -1.9
"29" "29" 2014-12-22 23.88 "TOR" "@" "CHI" "L" -9 1 35.1 0.531 0.531 2.9 13.2 7 3.8 2.9 2.2 11.1 20.3 113 133 8.8 0
"30" "30" 2014-12-27 23.89 "TOR" "@" "LAC" "W" 12 1 36.8166666666667 0.367 0.367 0 6.5 3 11.3 1.4 2.3 0 18.9 90 110 5.7 -4.5
"31" "31" 2014-12-28 23.89 "TOR" "@" "DEN" "W" 14 1 35.3333333333333 0.368 0.35 2.9 20.7 11.7 3.5 0 0 8.4 14.9 82 110 3.9 -7.6
"32" "32" 2014-12-30 23.9 "TOR" "@" "POR" "L" -5 1 38.2666666666667 0.4 0.4 2.8 10.9 6.9 4.2 2.8 0 0 18 94 105 8.1 1.6
"33" "33" 2015-01-02 23.91 "TOR" "@" "GSW" "L" -21 1 29 0.551 0.5 0 0 0 5 3.5 0 21.6 20.9 90 133 5.1 -4.8
"34" "34" 2015-01-04 23.91 "TOR" "@" "PHO" "L" -16 1 26.7333333333333 0.6 0.6 4.3 21.4 12.8 0 0 0 16.7 18.6 97 121 6.8 -3.6
"35" "35" 2015-01-08 23.92 "TOR" "" "CHO" "L" -8 1 21.7666666666667 0.35 0.35 0 20.5 10 8.4 2.3 3.1 0 20.4 76 101 3.2 -3.5
"36" "36" 2015-01-10 23.93 "TOR" "" "BOS" "W" 13 1 20.6166666666667 0.333 0.333 0 5.5 2.6 12.8 0 0 10 20.7 78 107 0.4 -9.8
"37" "37" 2015-01-12 23.93 "TOR" "" "DET" "L" -3 1 23.2 0.545 0.545 0 4.2 2.4 0 0 2.8 8.3 22.3 98 123 5.9 -3.2
"38" "38" 2015-01-14 23.94 "TOR" "" "PHI" "W" 16 1 18.3833333333333 0.25 0.25 0 0 0 0 0 0 0 9.6 54 98 -0.8 -9.7
"39" "39" 2015-01-16 23.95 "TOR" "" "ATL" "L" -21 1 26.1166666666667 0.282 0.188 4.6 6.8 5.5 5.5 0 0 0 15.3 80 129 1.5 -7.7
"40" "40" 2015-01-18 23.95 "TOR" "" "NOP" "L" -2 1 10.7333333333333 0 0 0 10.9 5.7 0 0 0 0 13.4 0 109 -1.8 -17.1
"41" "41" 2015-01-19 23.95 "TOR" "@" "MIL" "W" 3 0 22.9 0.621 0.667 4 18.6 10.8 9.8 2.3 0 7.2 25.2 122 96 10.6 9
"42" "42" 2015-01-21 23.96 "TOR" "@" "MEM" "L" -6 0 17.9333333333333 0 0 0 28.2 11.3 0 0 4 0 7.1 0 102 -0.2 -6.7
"43" "43" 2015-01-23 23.96 "TOR" "@" "PHI" "W" 5 0 21.1166666666667 0.5 0.5 0 10.3 5.1 16 0 8.7 0 10.9 119 102 5.7 5.1
"44" "44" 2015-01-25 23.97 "TOR" "" "DET" "W" 4 0 22.6833333333333 0.509 0.417 0 14.1 7.8 5.5 0 3.8 12.7 16.4 95 118 4.5 -4.2
"45" "45" 2015-01-27 23.98 "TOR" "@" "IND" "W" 13 0 19.0166666666667 0.55 0.55 12.6 22.4 17.8 11.8 0 0 16.7 30.9 97 103 6.1 -4.8
"46" "46" 2015-01-28 23.98 "TOR" "" "SAC" "W" 17 0 15.5 1.009 1 0 0 0 22.5 0 0 0 18.4 204 118 12.2 17.5
"47" "47" 2015-01-30 23.98 "TOR" "@" "BRK" "W" 5 0 20.2833333333333 0.357 0.357 0 5.2 2.8 6.3 0 0 0 16 82 124 1.9 -6.9
"48" "48" 2015-01-31 23.99 "TOR" "@" "WAS" "W" 4 0 17.9 0.621 0.583 0 14.8 8 8.4 0 0 23.7 21.9 94 116 4.3 -3.4
"49" "49" 2015-02-02 23.99 "TOR" "" "MIL" "L" -7 0 31.6666666666667 0.417 0.417 0 15.2 6.7 16 1.7 0 0 17.7 95 93 4.8 0.5
"50" "50" 2015-02-04 24 "TOR" "" "BRK" "L" -16 0 29.3333333333333 0.719 0.719 0 12.6 6.4 0 0 2.6 0 27.3 136 128 16.6 10.6
"51" "51" 2015-02-06 24 "TOR" "" "LAC" "W" 16 0 20.5666666666667 0.087 0 0 23.9 13 23.3 0 0 25.8 17.7 50 121 -2.6 -16.3
"52" "52" 2015-02-08 24.01 "TOR" "" "SAS" "W" 5 0 14.65 0.25 0.25 0 21.1 13.1 11.4 7.2 0 20 16.6 49 75 2.5 0.7
"53" "53" 2015-02-11 24.02 "TOR" "" "WAS" "W" 2 0 13.4333333333333 0 0 0 0 0 11.5 0 0 0 7.1 30 114 -0.7 -9.8
"54" "54" 2015-02-20 24.04 "TOR" "@" "ATL" "W" 25 0 22.6333333333333 0.188 0.188 0 7.9 4.1 5.2 2.2 0 11.1 17 46 89 -1.7 -12.7
"55" "55" 2015-02-21 24.04 "TOR" "@" "HOU" "L" -22 0 20.55 0.304 0.222 4.9 16.3 10.3 23 2.2 0 16.8 24.7 62 97 1.7 -5.2
"56" "56" 2015-02-23 24.05 "TOR" "@" "NOP" "L" -3 0 21.5333333333333 0.429 0.429 0 12.4 5.1 0 2.5 0 0 14.8 98 115 3.1 -3.4
"57" "57" 2015-02-24 24.05 "TOR" "@" "DAL" "L" -7 0 16.4666666666667 0.5 0.5 7.5 0 3.8 8.3 6 4.9 25 10.9 93 94 4 7.2
"58" "58" 2015-02-27 24.06 "TOR" "" "GSW" "L" -24 0 24.3666666666667 0.605 0.607 0 9.2 4.4 11.4 2 0 6.3 28.9 110 117 11.5 8.7
"59" "59" 2015-02-28 24.06 "TOR" "@" "NYK" "L" -5 0 15.8166666666667 0 0 0 16 7.2 0 0 0 33.3 8.6 0 116 -2.2 -15.3
"60" "60" 2015-03-02 24.07 "TOR" "@" "PHI" "W" 11 0 29.3 0.6 0.6 0 4.6 2.3 9.5 0 0 9.1 18.1 117 123 7.3 -2.3
"61" "61" 2015-03-04 24.07 "TOR" "" "CLE" "L" -8 0 25.5833333333333 0.667 0.667 0 15.6 8.2 5.6 2.1 0 10 19.9 118 134 8.9 0.8
"62" "62" 2015-03-06 24.08 "TOR" "@" "CHO" "L" -9 1 32.2166666666667 0.4 0.4 3 7.8 5.1 32.1 3.1 0 0 14.5 103 107 10 5.4
"63" "63" 2015-03-08 24.08 "TOR" "@" "OKC" "L" -4 1 25.7333333333333 0.833 0.833 3.9 16.5 9.1 12.9 4 3.1 0 20.4 166 110 18.9 21.8
"64" "64" 2015-03-10 24.09 "TOR" "@" "SAS" "L" -10 1 24.7833333333333 0.278 0.278 0 9.4 4.3 0 2.1 2.9 18.2 18.7 53 125 -0.2 -9.9
"65" "65" 2015-03-13 24.1 "TOR" "" "MIA" "W" 10 1 20.3333333333333 0.563 0.563 0 11.5 5.4 0 0 4.2 0 17.2 103 96 5.1 0.6
"66" "66" 2015-03-15 24.1 "TOR" "" "POR" "L" -16 1 25.2166666666667 0.25 0.25 0 4.8 2.4 5.4 0 0 14.3 12.9 53 126 -2 -12
"67" "67" 2015-03-16 24.11 "TOR" "@" "IND" "W" 19 1 20.5 0.75 0.75 0 4.9 2.7 0 0 0 14.3 15.2 118 104 4.1 1.3
"68" "68" 2015-03-18 24.11 "TOR" "" "MIN" "W" 5 1 28.7333333333333 0.833 0.833 0 0 0 6.7 0 0 10 16.2 133 112 10.4 3.3
"69" "69" 2015-03-20 24.12 "TOR" "@" "CHI" "L" -16 1 31.55 0.346 0.346 0 4.1 1.8 12.7 1.8 0 0 20.5 81 133 3.8 -8.9
"70" "70" 2015-03-22 24.12 "TOR" "" "NYK" "W" 17 1 30.9166666666667 0.661 0.643 4.6 6.5 5.7 0 1.7 0 0 12.4 139 100 8.8 2
"71" "71" 2015-03-24 24.13 "TOR" "@" "DET" "L" -4 1 30.15 0.409 0.409 0 6.2 3.7 5.6 0 0 0 17.6 100 131 3 -9.1
"72" "72" 2015-03-25 24.13 "TOR" "" "CHI" "L" -13 1 36.3 0.727 0.727 0 0 0 4.4 1.5 0 0 14.8 151 136 12 2
"73" "73" 2015-03-27 24.14 "TOR" "" "LAL" "W" 11 1 21.8166666666667 0.625 0.625 0 4.6 2.6 8.1 5.1 3.3 0 18.7 122 94 9.7 11
"74" "74" 2015-03-30 24.15 "TOR" "" "HOU" "W" 3 1 23.1666666666667 0.417 0.417 0 4.3 2.3 6.7 2.2 0 14.3 13.8 82 106 1 -6.8
"75" "75" 2015-04-01 24.15 "TOR" "@" "MIN" "W" 14 1 28.1166666666667 0.673 0.636 5.2 5.2 5.2 5.4 0 0 0 20.7 144 118 12 -0.8
"76" "76" 2015-04-03 24.16 "TOR" "@" "BRK" "L" -5 1 21.15 0.333 0.333 0 0 0 12.1 0 0 33.3 19.2 59 135 -2.6 -18.2
"77" "77" 2015-04-04 24.16 "TOR" "" "BOS" "L" -1 1 29.7333333333333 0.515 0.5 4.3 21.8 13.9 4.7 0 0 0 6 128 112 5.1 -0.1
"78" "78" 2015-04-08 24.17 "TOR" "@" "CHO" "W" 18 1 23.4 0.643 0.643 0 4.4 2.5 15.3 5 0 12.5 17.4 118 90 7.2 7.1
"79" "79" 2015-04-10 24.18 "TOR" "@" "ORL" "W" 2 1 20.6333333333333 0.438 0.438 0 10.8 5.1 7.3 2.5 0 20 20.1 78 106 2.9 -4.5
"80" "80" 2015-04-11 24.18 "TOR" "@" "MIA" "W" 3 1 17.2666666666667 0.45 0.45 17.4 12.1 14.8 0 0 4.6 0 26.2 114 117 6.2 0.6
"81" "81" 2015-04-14 24.19 "TOR" "@" "BOS" "L" -2 1 27.6666666666667 0.462 0.462 0 9.8 5.6 0 3.5 4.8 13.3 24.4 78 95 6.8 1.2
"82" "82" 2015-04-15 24.19 "TOR" "" "CHO" "W" 5 1 33.4333333333333 0.433 0.433 0 8.2 4.2 14 0 0 0 24 94 116 6.8 -6
"1" "1" 2015-10-28 24.73 "TOR" "" "IND" "W" 7 0 8.45 0.512 0.375 0 0 0 18.7 0 0 0 23.7 120 104 1.7 -1.8
"2" "2" 2015-10-30 24.73 "TOR" "@" "BOS" "W" 10 0 21.1 0.788 0.75 0 17.8 10 0 0 0 13.1 29.4 127 100 15 9.6
"3" "3" 2015-11-01 24.74 "TOR" "" "MIL" "W" 19 0 21.0333333333333 0.611 0.611 5.2 19.6 11.6 14.3 5.1 0 10 20.4 131 93 9.5 10.4
"4" "4" 2015-11-03 24.74 "TOR" "@" "DAL" "W" 11 0 22.8333333333333 0.25 0.25 0 4.1 2.3 12.8 2.2 0 11.1 17.3 60 99 -1.1 -9.7
"5" "5" 2015-11-04 24.75 "TOR" "@" "OKC" "W" 5 0 14.2666666666667 0.375 0.375 0 15.3 7.8 0 0 0 20 15.3 65 110 0.2 -7.9
"6" "6" 2015-11-06 24.75 "TOR" "@" "ORL" "L" -5 0 14.6833333333333 0 0 0 0 0 0 3.7 0 0 9.1 0 103 -1.9 -12.6
"7" "7" 2015-11-08 24.76 "TOR" "@" "MIA" "L" -20 0 19.8333333333333 0 0 0 11 5.6 0 2.8 3.8 20 12.5 0 107 -2.7 -13.1
"8" "" 2015-11-10 24.76 "TOR" "" "NYK" "L" -2 NA NA NA NA NA NA NA NA NA NA NA NA NA NA NA NA
"9" "" 2015-11-11 24.76 "TOR" "@" "PHI" "W" 16 NA NA NA NA NA NA NA NA NA NA NA NA NA NA NA NA
"10" "" 2015-11-13 24.77 "TOR" "" "NOP" "W" 19 NA NA NA NA NA NA NA NA NA NA NA NA NA NA NA NA
"11" "" 2015-11-15 24.78 "TOR" "@" "SAC" "L" -6 NA NA NA NA NA NA NA NA NA NA NA NA NA NA NA NA
"12" "" 2015-11-17 24.78 "TOR" "@" "GSW" "L" -5 NA NA NA NA NA NA NA NA NA NA NA NA NA NA NA NA
"13" "" 2015-11-18 24.78 "TOR" "@" "UTA" "L" -4 NA NA NA NA NA NA NA NA NA NA NA NA NA NA NA NA
"14" "8" 2015-11-20 24.79 "TOR" "@" "LAL" "W" 11 0 14.0333333333333 0.667 0.667 0 9 4.2 0 0 0 0 20.4 129 110 4.5 0.3
"15" "9" 2015-11-22 24.79 "TOR" "@" "LAC" "W" 11 0 16.1833333333333 0 0 0 0 0 0 3.4 0 0 8.4 0 94 -1.5 -7.3
"16" "10" 2015-11-25 24.8 "TOR" "" "CLE" "W" 4 0 10 0.75 0.75 0 33.5 17.6 0 0 18.1 0 19.7 146 97 6.3 20.7
"17" "11" 2015-11-28 24.81 "TOR" "@" "WAS" "W" 2 0 19.9166666666667 0.41 0.25 0 9.3 5.4 8.4 2.6 4.1 38.1 19 58 87 0.8 -6.1
"18" "12" 2015-11-29 24.81 "TOR" "" "PHO" "L" -5 0 14.4833333333333 0 0 7.4 6.9 7.1 8.7 0 0 0 12.7 35 120 -1.5 -15.9
"19" "13" 2015-12-02 24.82 "TOR" "@" "ATL" "W" 10 0 24.6833333333333 0.538 0.5 0 10.6 6.3 6.4 2.1 0 11.8 16.2 102 96 4.7 -0.5
"20" "14" 2015-12-03 24.82 "TOR" "" "DEN" "L" -1 0 17.0166666666667 0.167 0.167 12.5 0 7 7.8 0 0 0 24 58 124 -0.8 -16.8
"21" "15" 2015-12-05 24.83 "TOR" "" "GSW" "L" -3 0 12.5666666666667 0.833 0.833 0 32.7 14.1 0 4.1 0 0 10.6 162 115 5.6 8.8
"22" "16" 2015-12-07 24.84 "TOR" "" "LAL" "W" 9 1 38.7666666666667 0.854 0.833 3 14.1 8.7 0 2.8 0 0 16.8 168 104 20.6 10.9
"23" "17" 2015-12-09 24.84 "TOR" "" "SAS" "W" 3 1 26.9 0.6 0.6 0 12.4 7.8 0 0 3.5 37.5 15.2 65 110 1.1 -6.9
"24" "18" 2015-12-11 24.85 "TOR" "" "MIL" "W" 7 1 30.8833333333333 0.5 0.5 0 3.7 2 15.9 1.8 2.3 22.2 14.6 89 98 4.6 -0.7
"25" "19" 2015-12-13 24.85 "TOR" "" "PHI" "W" 20 1 28.7166666666667 0 0 0 10.4 5.4 5.2 1.8 3 0 9.9 10 87 -0.9 -9.6
"26" "20" 2015-12-14 24.85 "TOR" "@" "IND" "L" -16 1 30.6833333333333 0.455 0.455 3.2 11.7 7 6.9 1.7 2.4 0 15.9 111 115 7.9 2.5
"27" "21" 2015-12-17 24.86 "TOR" "@" "CHO" "L" -10 1 37.6 0.708 0.708 0 3.3 1.5 5.3 1.4 0 0 14.4 137 111 13 6
"28" "22" 2015-12-18 24.87 "TOR" "@" "MIA" "W" 14 0 25.3833333333333 0.944 0.944 0 5.3 2.6 6.4 2.1 7.7 10 19.6 159 102 15.1 16.9
"29" "23" 2015-12-20 24.87 "TOR" "" "SAC" "L" -10 0 32.7833333333333 0.464 0.464 2.9 7.1 4.8 10.6 0 0 17.6 21.9 87 114 4.1 -4.9
"30" "24" 2015-12-22 24.88 "TOR" "" "DAL" "W" 4 1 32.9833333333333 0.81 0.778 0 9.3 5 5.2 1.5 0 0 14 165 105 13.9 9
"31" "25" 2015-12-26 24.89 "TOR" "@" "MIL" "W" 21 0 29.3333333333333 0.75 0.75 4.3 3.7 4 5.4 5.5 0 0 20.2 145 99 16.7 10.4
"32" "26" 2015-12-28 24.89 "TOR" "@" "CHI" "L" -7 0 30.0166666666667 0.333 0.333 3.3 3.5 3.4 0 0 2.4 0 13.6 76 116 1.8 -9.3
"33" "27" 2015-12-30 24.9 "TOR" "" "WAS" "W" 3 0 28.55 0.583 0.583 3.3 17.5 10.2 0 0 0 7.7 19 111 100 8.4 2.5
"34" "28" 2016-01-01 24.9 "TOR" "" "CHO" "W" 10 0 21.75 0.444 0.444 4.5 23 13.7 0 0 0 0 17.7 113 108 3.5 -5.2
"35" "29" 2016-01-03 24.91 "TOR" "" "CHI" "L" -2 0 20.55 0.3 0.3 0 7.3 3 0 5 7.7 0 10.8 69 114 2.8 -1.7
"36" "30" 2016-01-04 24.91 "TOR" "@" "CLE" "L" -22 0 27.9 0.381 0.286 0 11.9 5.2 5.3 6.1 0 20.2 17.9 68 137 3.4 -9.5
"37" "31" 2016-01-06 24.92 "TOR" "@" "BRK" "W" 17 0 19.4166666666667 0.3 0.3 0 11.5 5.6 0 2.7 0 0 11.8 69 83 1.5 -3.2
"38" "32" 2016-01-08 24.92 "TOR" "@" "WAS" "W" 9 0 17.7666666666667 0.875 0.875 0 11.3 6.6 0 0 4.6 20 12.5 132 92 5.7 6.3
"39" "33" 2016-01-09 24.93 "TOR" "@" "PHI" "W" 13 0 23.7833333333333 0.68 0.65 0 10.1 5.6 0 2.2 0 7.8 25.8 124 107 10.8 1.4
"40" "34" 2016-01-14 24.94 "TOR" "@" "ORL" "W" 3 0 16.7 0.167 0.167 0 0 0 0 0 4.3 14.3 19.5 31 105 -2.9 -18.8
"41" "35" 2016-01-18 24.95 "TOR" "" "BRK" "W" 12 0 24.2 1.2 1.2 0 5.5 2.6 6 2.2 0 0 9.9 239 114 12.5 11.2
"42" "36" 2016-01-20 24.96 "TOR" "" "BOS" "W" 6 0 28.3833333333333 0.778 0.778 0 4.7 2.4 4.5 0 2.9 10 16.3 139 121 9.6 3.8
"43" "37" 2016-01-22 24.96 "TOR" "" "MIA" "W" 20 0 21.8 1.128 1.25 0 9 5.3 8.4 0 0 25.8 17.8 152 100 10.7 10.4
"44" "38" 2016-01-24 24.97 "TOR" "" "LAC" "W" 18 0 33.2166666666667 0.827 0.85 4.1 10.1 7.4 8.9 6 0 15.5 17 140 91 16.4 14.9
"45" "39" 2016-01-26 24.97 "TOR" "" "WAS" "W" 17 0 31.4666666666667 0.603 0.625 0 6.9 3.7 5.9 1.6 0 0 17.6 126 99 10.9 6.1
"46" "40" 2016-01-28 24.98 "TOR" "" "NYK" "W" 10 0 22.45 0.304 0.278 5 18.2 11.9 6.5 2.4 6.2 0 19.6 85 99 5.1 -1.6
"47" "41" 2016-01-30 24.98 "TOR" "" "DET" "W" 4 0 21.7333333333333 0.625 0.625 0 0 0 0 0 0 0 7.9 137 119 3 -1.6
"48" "42" 2016-02-01 24.99 "TOR" "@" "DEN" "L" -19 0 27.0166666666667 0.551 0.55 0 21.5 8.5 0 1.8 0 15.5 21.4 89 117 6.4 -4.7
"49" "43" 2016-02-02 24.99 "TOR" "@" "PHO" "W" 7 0 26.5666666666667 0.673 0.636 4.8 10.3 7.4 7.5 2 0 0 21.4 143 110 12.5 5.7
"50" "44" 2016-02-04 25 "TOR" "@" "POR" "W" 7 0 29.8 0.53 0.5 0 11.2 5.7 5 0 0 8.1 18 105 115 6 -6.6
"51" "45" 2016-02-08 25.01 "TOR" "@" "DET" "W" 14 0 29.35 0.692 0.692 0 14.5 8.7 11.9 3.6 0 0 23 131 96 15.1 9.5
"52" "46" 2016-02-10 25.01 "TOR" "@" "MIN" "L" -5 0 26.6833333333333 0.55 0.55 0 13.2 6.3 11.3 0 0 9.1 18.7 108 131 4.9 -4.3
"53" "47" 2016-02-19 25.04 "TOR" "@" "CHI" "L" -10 0 24.2833333333333 0.167 0.167 0 17.6 8.4 0 2 0 0 10.7 37 118 0 -12.4
"54" "48" 2016-02-21 25.04 "TOR" "" "MEM" "W" 13 0 27.1833333333333 0.533 0.563 0 0 0 6.8 0 0 0 14 113 100 4.5 1.8
"55" "49" 2016-02-22 25.05 "TOR" "@" "NYK" "W" 27 0 20.5833333333333 0.6 0.6 0 10.1 5.4 6.4 0 0 0 22.4 131 114 7.1 0.8
"56" "50" 2016-02-24 25.05 "TOR" "" "MIN" "W" 9 0 19.4166666666667 0.563 0.563 0 20 9.9 0 2.7 3.9 11.1 20.5 107 110 5.4 1.5
"57" "51" 2016-02-26 25.06 "TOR" "" "CLE" "W" 2 0 27.05 0.682 0.682 0 9.1 4.9 6.7 0 0 0 20.5 133 117 10.6 7.8
"58" "52" 2016-02-28 25.06 "TOR" "@" "DET" "L" -13 0 35.0333333333333 0.664 0.632 0 4.4 2 5.4 0 0 0 30 134 140 17.9 3.5
"59" "53" 2016-03-02 25.07 "TOR" "" "UTA" "W" 10 0 27.1166666666667 0.423 0.423 0 11.8 6.8 0 4.1 0 0 23.4 99 107 6.4 0
"60" "54" 2016-03-04 25.08 "TOR" "" "POR" "W" 2 0 22.0333333333333 0.25 0.25 0 5.6 2.9 0 0 0 0 8.4 58 128 -1.3 -10
"61" "55" 2016-03-06 25.08 "TOR" "" "HOU" "L" -6 0 16.15 0.414 0.35 0 13.8 7.5 10.6 3.1 0 0 31.1 91 118 5.1 -6.2
"62" "56" 2016-03-08 25.09 "TOR" "" "BRK" "W" 5 0 24.0833333333333 0.611 0.611 5.7 29.3 17.3 6.9 0 2.8 0 17.1 138 110 9.5 4.2
"63" "57" 2016-03-10 25.09 "TOR" "" "ATL" "W" 8 0 25.8666666666667 0.5 0.5 0 12.9 6.9 6.5 0 0 0 20.7 113 106 7.2 2.2
"64" "58" 2016-03-12 25.1 "TOR" "" "MIA" "W" 8 0 19.8666666666667 0.595 0.5 0 0 0 0 0 0 0 13.8 125 115 2.7 -5.1
"65" "59" 2016-03-14 25.1 "TOR" "" "CHI" "L" -2 0 17.9 0.375 0.375 0 13.4 6.7 7.8 0 0 0 10.6 94 128 0.7 -8.8
"66" "60" 2016-03-15 25.11 "TOR" "@" "MIL" "W" 18 0 29.7166666666667 0.458 0.458 4 7.2 5.7 5 0 2.5 7.7 21.1 98 110 5.1 -6.3
"67" "61" 2016-03-17 25.11 "TOR" "@" "IND" "W" 7 0 21.2833333333333 0.45 0.375 0 14.6 7.1 9.2 4.9 7.9 18.4 22.8 84 79 5.8 8.4
"68" "62" 2016-03-18 25.12 "TOR" "" "BOS" "W" 14 0 24.8833333333333 0.45 0.45 0 9.6 5 13.2 4.2 0 0 19.3 102 99 7.2 0.7
"69" "63" 2016-03-20 25.12 "TOR" "" "ORL" "W" 5 0 27.6333333333333 0.597 0.55 3.7 9.1 6.1 6.6 0 2.8 8.4 18.6 120 111 8.5 0.2
"70" "64" 2016-03-23 25.13 "TOR" "@" "BOS" "L" -12 0 35.7666666666667 0.336 0.306 0 9.2 4 0 1.5 0 0 23.8 76 103 2.7 -5.7
"71" "" 2016-03-25 25.13 "TOR" "@" "HOU" "L" -3 NA NA NA NA NA NA NA NA NA NA NA NA NA NA NA NA
"72" "" 2016-03-26 25.14 "TOR" "@" "NOP" "W" 24 NA NA NA NA NA NA NA NA NA NA NA NA NA NA NA NA
"73" "" 2016-03-28 25.14 "TOR" "" "OKC" "L" -19 NA NA NA NA NA NA NA NA NA NA NA NA NA NA NA NA
"74" "65" 2016-03-30 25.15 "TOR" "" "ATL" "W" 8 0 22.9666666666667 0.597 0.6 0 13.3 7.1 0 6.7 0 0 22 112 96 11.1 6.8
"75" "66" 2016-04-01 25.15 "TOR" "@" "MEM" "W" 4 0 17.5 0.857 0.857 7.8 11.4 9.9 0 0 0 22.2 24.3 121 114 7.6 6.6
"76" "67" 2016-04-02 25.16 "TOR" "@" "SAS" "L" -7 0 30.5 0.421 0.4 0 7.7 4 9.8 1.8 0 6.1 26.6 86 118 5.3 -4.8
"77" "68" 2016-04-05 25.16 "TOR" "" "CHO" "W" 6 0 20.9666666666667 0.602 0.5 0 18 10.2 0 0 0 23.1 9.6 93 104 2.8 -4.5
"78" "69" 2016-04-07 25.17 "TOR" "@" "ATL" "L" -8 0 18.8166666666667 0.6 0.6 0 29.7 14.7 9.5 0 0 28.6 17.2 84 108 3.5 -1.6
"79" "70" 2016-04-08 25.17 "TOR" "" "IND" "W" 13 0 20.1833333333333 0.538 0.538 8.2 0 3.4 0 0 0 7.1 33.1 98 115 4.6 -10.6
"80" "71" 2016-04-10 25.18 "TOR" "@" "NYK" "W" 4 0 20.6666666666667 0.528 0.5 0 5.3 2.7 0 0 0 0 31 105 113 6.4 -3.9
"81" "72" 2016-04-12 25.18 "TOR" "" "PHI" "W" 24 0 27.0833333333333 0.781 0.75 0 8.2 4.2 19.9 3.8 0 0 16.6 175 105 17.8 13.4
"82" "73" 2016-04-13 25.19 "TOR" "@" "BRK" "W" 7 0 28.6 0.548 0.548 6.7 29.2 17.5 13 0 2.7 0 33.8 124 104 18 7.5
"1" "1" 2016-10-26 25.72 "TOR" "" "DET" "W" 18 0 18.5666666666667 0.5 0.5 0 23 11.4 21.6 5.4 0 20 11.8 101 86 5.5 6.6
"2" "2" 2016-10-28 25.73 "TOR" "" "CLE" "L" -3 0 14.25 0 0 0 16 7.4 0 7.2 0 33.3 8.7 0 89 -0.2 -4.6
"3" "3" 2016-10-31 25.74 "TOR" "" "DEN" "W" 3 0 14.95 0.595 0.5 0 14.9 7.2 0 3.5 0 0 17.8 129 110 5.1 1.7
"4" "4" 2016-11-02 25.74 "TOR" "@" "WAS" "W" 10 0 17.6166666666667 0.889 0.875 8 8.3 8.1 20.4 5.7 0 10.6 25.5 157 104 14.8 18.8
"5" "5" 2016-11-04 25.75 "TOR" "" "MIA" "W" 9 0 20.7666666666667 0.648 0.633 0 18.9 9.9 0 2.5 0 0 33.4 135 92 13.7 14.2
"6" "6" 2016-11-06 25.75 "TOR" "" "SAC" "L" -5 0 19.3833333333333 0.444 0.444 0 11.5 5.5 0 5.8 0 25 28.7 62 105 2.1 -5.7
"7" "" 2016-11-09 25.76 "TOR" "@" "OKC" "W" 10 NA NA NA NA NA NA NA NA NA NA NA NA NA NA NA NA
"8" "7" 2016-11-11 25.77 "TOR" "@" "CHO" "W" 2 0 19.9 0.82 0.75 0 0 0 6.7 2.5 0 0 11.2 170 124 8.1 4.5
"9" "8" 2016-11-12 25.77 "TOR" "" "NYK" "W" 11 0 17.7166666666667 0.564 0.438 0 0 0 0 2.7 0 0 23.9 124 113 7.2 0.4
"10" "9" 2016-11-15 25.78 "TOR" "@" "CLE" "L" -4 0 25.3166666666667 0.75 0.75 0 15 6.6 0 3.8 0 0 20.3 147 120 15.3 9.9
"11" "10" 2016-11-16 25.78 "TOR" "" "GSW" "L" -6 0 21.6333333333333 0.539 0.375 5.4 11.1 8.2 0 2.2 4.4 0 19.8 133 123 8.4 3
"12" "11" 2016-11-18 25.79 "TOR" "@" "DEN" "W" 2 0 30.25 0.699 0.727 0 7.5 3.4 10.8 1.6 0 8 18.4 121 103 11.5 6.9
"13" "12" 2016-11-20 25.79 "TOR" "@" "SAC" "L" -3 0 15.0333333333333 0.4 0.4 0 8.9 3.8 0 0 0 0 14.4 91 113 0.8 -9
"14" "13" 2016-11-21 25.79 "TOR" "@" "LAC" "L" -8 0 26.3333333333333 0.667 0.667 0 16.1 7.4 0 1.8 0 14.3 12.1 106 126 4.3 -4.5
"15" "14" 2016-11-23 25.8 "TOR" "@" "HOU" "W" 13 0 20.2333333333333 0.583 0.583 5.5 14 9.2 8.2 2.5 6.6 0 25.6 129 108 11.7 7.3
"16" "15" 2016-11-25 25.81 "TOR" "@" "MIL" "W" 6 0 20.0666666666667 0.571 0.571 5.7 0 3.1 7.8 2.8 0 12.5 19.3 112 115 5.3 1.4
"17" "16" 2016-11-28 25.81 "TOR" "" "PHI" "W" 27 0 23.0333333333333 0.893 0.864 6.1 9.1 7.8 0 0 0 0 25 179 114 18.8 12.6
"18" "17" 2016-11-30 25.82 "TOR" "" "MEM" "W" 15 0 17.0666666666667 0.25 0.25 0 6.3 3.9 0 0 0 0 16.6 65 122 -0.9 -16.2
"19" "18" 2016-12-02 25.82 "TOR" "" "LAL" "W" 33 0 19.5333333333333 0.5 0.5 0 4.4 2.7 6.1 0 0 14.3 17.4 91 97 1.8 -7
"20" "19" 2016-12-03 25.83 "TOR" "" "ATL" "W" 44 0 18.2 0.938 0.938 0 5.4 3.1 14.2 0 0 0 19.4 192 100 13.5 16.3
"21" "20" 2016-12-05 25.83 "TOR" "" "CLE" "L" -4 0 22.4833333333333 0.709 0.667 4.7 0 2.6 7.2 0 16.4 0 19.7 148 127 11.9 13.8
"22" "21" 2016-12-08 25.84 "TOR" "" "MIN" "W" 14 0 16.2666666666667 0.571 0.5 0 0 0 8.6 6.6 0 0 21.2 136 116 7.6 5.7
"23" "22" 2016-12-09 25.84 "TOR" "@" "BOS" "W" 7 0 16.9166666666667 0.4 0.4 0 11.3 5.9 0 0 6.9 0 13.5 83 100 1.4 -6.1
"24" "23" 2016-12-12 25.85 "TOR" "" "MIL" "W" 22 0 20.9333333333333 0.682 0.706 0 26.1 13.8 0 5 0 0 39.1 137 99 19.8 16.5
"25" "24" 2016-12-14 25.86 "TOR" "@" "PHI" "W" 9 0 18.6333333333333 0.611 0.438 0 13.6 6.3 0 2.8 0 0 24.5 142 121 9.8 1.9
"26" "25" 2016-12-16 25.86 "TOR" "" "ATL" "L" -4 0 21.5333333333333 0.672 0.643 0 6.4 3.1 0 0 0 0 15.6 138 137 6.6 -2.4
"27" "26" 2016-12-18 25.87 "TOR" "@" "ORL" "W" 30 0 23.05 0.423 0.423 0 8.9 4.7 0 2.2 3.4 0 25.5 90 85 5.4 -0.7
"28" "27" 2016-12-20 25.87 "TOR" "" "BRK" "W" 12 0 22.5333333333333 0.286 0.286 4.3 12.8 8.5 5.6 2.1 3.8 0 12.7 78 103 3.1 -5.7
"29" "28" 2016-12-23 25.88 "TOR" "@" "UTA" "W" 6 0 20.3666666666667 0.714 0.714 0 5.9 3.1 7 0 0 0 16.9 146 116 7.3 4.1
"30" "29" 2016-12-26 25.89 "TOR" "@" "POR" "W" 4 0 14.9333333333333 0.25 0.25 0 13.1 6.1 0 13.1 5.4 20 27.3 42 66 2.1 -0.6
"31" "30" 2016-12-28 25.9 "TOR" "@" "GSW" "L" -10 0 33.7 0.522 0.522 7 16.3 10.4 5.5 2.9 0 0 27.4 117 124 16.3 3.8
"32" "31" 2016-12-29 25.9 "TOR" "@" "PHO" "L" -8 0 30.3 0.318 0.318 0 13.8 7 6.3 6.5 2.6 8.3 18 66 93 5.3 0.8
"33" "32" 2017-01-01 25.91 "TOR" "@" "LAL" "W" 9 0 23.7666666666667 0.611 0.611 0 19.8 12.2 0 0 0 10 19.2 106 121 6 -4.1
"34" "33" 2017-01-03 25.91 "TOR" "@" "SAS" "L" -28 0 24.6 0.715 0.727 0 27.9 11.3 0 2.2 0 7.8 24 134 120 13.2 11.7
"35" "34" 2017-01-05 25.92 "TOR" "" "UTA" "W" 8 0 30.2166666666667 0.5 0.5 0 0 0 5.7 0 6 0 17.8 120 117 6.9 0.2
"36" "35" 2017-01-07 25.92 "TOR" "@" "CHI" "L" -5 0 25.0333333333333 0.35 0.35 0 12.2 6.3 6.9 4 0 0 18.6 73 114 3.6 -5.7
"37" "36" 2017-01-08 25.93 "TOR" "" "HOU" "L" -7 0 24.9 0.333 0.333 0 8.6 4.9 5.6 1.8 0 7.7 23.2 66 124 1.7 -11.9
"38" "37" 2017-01-10 25.93 "TOR" "" "BOS" "W" 8 0 21.1833333333333 0.25 0.25 0 0 0 5.9 7 0 20 9.8 59 102 2.3 -0.7
"39" "38" 2017-01-13 25.94 "TOR" "" "BRK" "W" 19 0 30.8 0.545 0.545 0 7.8 3.7 3.5 0 0 0 15 122 121 7.2 -5
"40" "39" 2017-01-15 25.95 "TOR" "" "NYK" "W" 15 0 22.5833333333333 0.857 0.857 0 9.9 5.1 6 0 0 0 13.6 172 113 9.6 8.5
"41" "40" 2017-01-17 25.95 "TOR" "@" "BRK" "W" 10 0 30.3666666666667 0.682 0.682 0 14.1 7.4 8.2 1.6 5 8.3 17.6 132 110 13.7 6.2
"42" "41" 2017-01-18 25.95 "TOR" "@" "PHI" "L" -5 0 31.4 0.4 0.4 0 25.5 10.3 0 0 0 9.1 16 74 103 2.6 -6.7
"43" "42" 2017-01-20 25.96 "TOR" "@" "CHO" "L" -35 0 27.15 0.278 0.278 0 19.6 8.4 6.9 3.8 0 0 15.3 63 118 3 -4.2
"44" "43" 2017-01-22 25.96 "TOR" "" "PHO" "L" -12 0 24.7666666666667 0.354 0.278 4.3 5.5 4.8 13.3 0 3.4 0 17.8 88 124 4.2 -5.5
"45" "44" 2017-01-24 25.97 "TOR" "" "SAS" "L" -2 0 30.25 0.777 0.75 0 0 0 0 0 5.2 18.2 24 129 112 12.8 5.1
"46" "45" 2017-01-25 25.97 "TOR" "@" "MEM" "L" -2 0 20.5 0.333 0.333 0 5.7 2.6 6.8 0 0 0 19.4 81 120 1.5 -5.8
"47" "46" 2017-01-27 25.98 "TOR" "" "MIL" "W" 16 0 18.4666666666667 0.254 0.214 0 33.2 17.3 15.1 2.8 0 11.3 21.3 64 85 2.3 -5.6
"48" "47" 2017-01-29 25.98 "TOR" "" "ORL" "L" -1 0 28.4166666666667 0.814 0.8 0 4.6 2.2 6.5 5.4 0 8.7 18.3 144 115 13.4 7.9
"49" "48" 2017-01-31 25.99 "TOR" "" "NOP" "W" 2 0 21.8666666666667 0.333 0.333 0 22.4 12 0 0 0 10 21.1 67 108 0.6 -10
"50" "49" 2017-02-01 25.99 "TOR" "@" "BOS" "L" -5 0 22.75 0.276 0.3 0 28.1 15.8 18.3 2.3 0 21.6 28.2 58 111 0.5 -12.4
"51" "50" 2017-02-03 26 "TOR" "@" "ORL" "L" -8 0 28.1 0.6 0.6 3.6 12.2 7.6 6.3 0 2.6 9.1 17.5 118 114 8.2 3.9
"52" "51" 2017-02-05 26 "TOR" "@" "BRK" "W" 8 0 26.2333333333333 0.773 0.773 4.3 8.3 6.3 13.5 0 4.4 8.3 20.6 139 102 14.5 11.3
"53" "52" 2017-02-06 26 "TOR" "" "LAC" "W" 9 0 19.4 0.375 0.375 6 11 8.6 12.8 2.6 0 42.9 16.4 66 114 0.1 -8.4
"54" "53" 2017-02-08 26.01 "TOR" "@" "MIN" "L" -3 0 13.9833333333333 0.611 0.611 0 18.6 9.5 13.8 3.9 0 0 30.6 131 122 8.2 5.4
"55" "54" 2017-02-12 26.02 "TOR" "" "DET" "L" -1 0 18.3833333333333 0.583 0.583 0 18.2 9.9 17.3 0 0 0 16.5 127 117 4.7 -1.4
"56" "" 2017-02-15 26.03 "ORL" "" "SAS" "L" -28 NA NA NA NA NA NA NA NA NA NA NA NA NA NA NA NA
"57" "55" 2017-02-23 26.05 "ORL" "" "POR" "L" -9 1 32.9833333333333 0.355 0.294 5.9 12.1 8.6 5.2 4.3 0 5.2 24 83 107 6.5 -4.6
"58" "56" 2017-02-25 26.05 "ORL" "" "ATL" "W" 19 1 35.3 0.8 0.8 0 10.5 5.7 11.6 2.8 2.3 0 19.5 154 89 22 13.3
"59" "57" 2017-03-01 26.07 "ORL" "" "NYK" "L" -11 1 36.75 0.3 0.3 0 13.9 7 8.7 1.4 0 9.1 13.7 65 109 2.7 -6
"60" "58" 2017-03-03 26.07 "ORL" "" "MIA" "W" 11 1 35.3666666666667 0.556 0.556 0 10.4 5.8 17.8 2.8 4.3 10 12.6 113 101 12.4 4.2
"61" "59" 2017-03-05 26.08 "ORL" "@" "WAS" "L" -1 1 32.05 0.556 0.556 0 15 7.4 4.7 3.2 5.4 10 26.9 110 117 11.9 0.9
"62" "60" 2017-03-06 26.08 "ORL" "" "NYK" "L" -8 1 35.0833333333333 0.25 0.25 0 12.7 6.3 3.7 1.5 1.9 23.1 16.4 45 120 -1.8 -14.8
"63" "61" 2017-03-08 26.08 "ORL" "" "CHI" "W" 7 1 31.1833333333333 0.526 0.5 3.1 7.3 5 5.3 0 0 0 19.1 119 109 8 -4.3
"64" "62" 2017-03-10 26.09 "ORL" "@" "CHO" "L" -40 1 27.9 0 0 0 5.9 2.3 0 4 0 28.6 12.6 0 135 -4.4 -19.5
"65" "63" 2017-03-11 26.09 "ORL" "" "CLE" "L" -12 1 32.0333333333333 0.431 0.364 0 12.8 5.8 4.7 1.6 0 7.3 18.2 88 120 5.2 -7.6
"66" "64" 2017-03-13 26.1 "ORL" "@" "SAC" "L" -5 1 29.35 0.571 0.571 0 8.8 3.8 16.3 0 0 0 9.9 128 122 7.3 -4.2
"67" "65" 2017-03-16 26.11 "ORL" "@" "GSW" "L" -30 1 25.0666666666667 0.581 0.583 0 4.8 2 0 0 3.1 12.7 12.3 104 122 3.4 -5.5
"68" "66" 2017-03-17 26.11 "ORL" "@" "PHO" "W" 6 1 30.55 0.7 0.7 0 3.3 1.7 9.6 0 0 23.1 17.4 104 108 5.7 -4.9
"69" "67" 2017-03-20 26.12 "ORL" "" "PHI" "W" 3 1 34.7 0.436 0.333 0 14.1 7.1 10.6 1.4 2.2 18.9 24.5 79 98 6.3 -4.3
"70" "68" 2017-03-22 26.12 "ORL" "" "CHO" "L" -7 1 31.05 0.633 0.633 3.5 3.7 3.6 5.6 3.4 0 11.8 24.7 112 118 13 2.4
"71" "69" 2017-03-24 26.13 "ORL" "" "DET" "W" 28 1 20.5666666666667 0.953 0.944 0 17.6 9.6 14.1 2.4 3.2 0 20.6 169 84 16.8 21
"72" "70" 2017-03-27 26.14 "ORL" "@" "TOR" "L" -19 1 28.7666666666667 0.589 0.571 0 9.8 4.4 0 6.6 0 6.5 23.1 109 120 12.4 -0.2
"73" "71" 2017-03-29 26.14 "ORL" "" "OKC" "L" -8 1 45.4833333333333 0.676 0.676 0 2.2 1.1 8.2 1.1 1.7 15 19 108 109 14.3 1.9
"74" "72" 2017-03-31 26.15 "ORL" "@" "BOS" "L" -1 1 37.5833333333333 0.594 0.538 0 9.1 4.1 3.8 2.5 2.5 21.8 19.8 90 112 8.6 -4.2
"75" "73" 2017-04-01 26.15 "ORL" "@" "BRK" "L" -10 1 33.15 0.287 0.3 0 7.2 3.4 7.1 1.4 0 0 13.5 72 124 2 -12.1
"76" "74" 2017-04-04 26.16 "ORL" "@" "CLE" "L" -20 1 32.6 0.429 0.429 0 4 1.7 17.2 3 0 6.7 19.8 89 125 7.2 -4.1
"77" "75" 2017-04-06 26.16 "ORL" "" "BRK" "W" 8 1 24.7666666666667 0.417 0.417 0 8.4 4.5 20.3 3.8 0 0 10.2 111 104 7 1.2
"78" "76" 2017-04-08 26.17 "ORL" "" "IND" "L" -15 1 36.4666666666667 0.791 0.765 0 15 6.8 9.5 2.6 0 17.9 27.5 115 124 20.5 3.4
"79" "77" 2017-04-10 26.18 "ORL" "@" "CHI" "L" -47 1 17.0166666666667 0.276 0.2 0 7.2 3.1 10.8 0 4.5 0 14.3 66 129 0 -11.9
"80" "78" 2017-04-12 26.18 "ORL" "" "DET" "W" 4 1 22.35 0.5 0.5 0 10.4 6.2 16.2 4.2 3.1 33.3 6.1 101 102 5.3 1.2
"1" "1" 2017-10-18 26.7 "ORL" "" "MIA" "W" 7 1 31.2 0.631 0.591 0 18.5 9.8 17.4 2.9 0 7.8 17 129 102 14.9 7.2
"2" "2" 2017-10-20 26.7 "ORL" "@" "BRK" "L" -5 1 30.2666666666667 0.583 0.556 7.6 13.8 10.8 8.2 1.5 0 0 12.7 135 118 10.1 -1
"3" "3" 2017-10-21 26.71 "ORL" "@" "CLE" "W" 21 1 22.2166666666667 0.126 0.091 4.8 8.8 6.9 11.4 0 0 7.8 25.1 45 102 -3.4 -20.9
"4" "4" 2017-10-24 26.72 "ORL" "" "BRK" "W" 4 1 27.7166666666667 0 0 0 3.3 1.9 4.2 1.6 2.8 16.7 9.3 11 117 -3 -12.2
"5" "5" 2017-10-27 26.72 "ORL" "" "SAS" "W" 27 1 24.1666666666667 0.167 0.167 5.2 21.3 14.8 0 2 3.1 25 14.8 36 83 -0.4 -9.3
"6" "6" 2017-10-29 26.73 "ORL" "@" "CHO" "L" -7 1 33.75 0.494 0.433 2.5 13.5 7.3 8.8 1.3 1.8 14.9 24.1 89 112 9.7 -5.5
"7" "7" 2017-10-30 26.73 "ORL" "@" "NOP" "W" 16 1 30.7 0.508 0.5 3.9 10.2 7.3 12.2 3.1 0 11.3 12.7 109 97 8.2 1
"8" "8" 2017-11-01 26.74 "ORL" "@" "MEM" "W" 2 1 23.1833333333333 0.504 0.5 0 16.8 9 8.1 0 8 21.2 37.2 77 102 5 -9.3
"9" "9" 2017-11-03 26.74 "ORL" "" "CHI" "L" -22 1 26.75 0.357 0.357 3.9 9 6.3 0 1.9 0 0 12.1 77 113 3.2 -7
"10" "10" 2017-11-05 26.75 "ORL" "" "BOS" "L" -16 1 29.2333333333333 0.317 0.167 0 0 0 0 1.7 0 6.6 22.3 65 108 0.6 -10.3
"11" "11" 2017-11-08 26.76 "ORL" "" "NYK" "W" 13 1 24.15 0.6 0.6 0 11.4 5.6 15.3 4.2 0 16.7 11.7 111 105 5.8 -1.7
"12" "12" 2017-11-10 26.76 "ORL" "@" "PHO" "W" 16 1 24.05 1.037 1.167 5.7 12.2 9.5 12.1 3.7 0 19.6 17.1 150 102 16.6 14
"13" "13" 2017-11-11 26.76 "ORL" "@" "DEN" "L" -18 1 25.6 0.592 0.625 0 4.6 2.2 5.6 1.9 0 10.6 16.4 102 131 5.4 -5.5
"14" "14" 2017-11-13 26.77 "ORL" "@" "GSW" "L" -10 1 28.4833333333333 0.458 0.458 0 3.9 2 0 5.1 0 14.3 22.1 70 108 5.1 -5.6
"15" "15" 2017-11-15 26.78 "ORL" "@" "POR" "L" -5 1 27.3666666666667 0.5 0.5 4.6 12 8.6 10.5 5.8 0 0 9 123 101 7.5 4.7
"16" "16" 2017-11-18 26.78 "ORL" "" "UTA" "L" -40 1 20.4166666666667 0.932 0.917 0 9.6 4.7 12.2 2.4 0 13.4 16.3 156 130 10.7 7.5
"17" "17" 2017-11-20 26.79 "ORL" "" "IND" "L" -8 1 24.4666666666667 0.7 0.7 0 12.5 6 6.7 1.9 0 16.7 10.1 112 103 5.5 0.3
"18" "18" 2017-11-22 26.79 "ORL" "@" "MIN" "L" -6 1 33.9666666666667 0.718 0.679 3.6 15 9.9 4.1 0 0 6.1 20.1 134 123 15.3 1.9
"19" "19" 2017-11-24 26.8 "ORL" "@" "BOS" "L" -15 1 19.3333333333333 0.644 0.667 0 0 0 0 0 0 0 8.4 135 133 2.9 -6.5
"20" "20" 2017-11-25 26.8 "ORL" "@" "PHI" "L" -19 1 30.0166666666667 0.665 0.5 0 10.7 5.1 21.4 4.8 2.6 0 5.5 166 122 10.1 3
"21" "21" 2017-11-27 26.81 "ORL" "@" "IND" "L" -12 0 25.4166666666667 0.318 0.318 0 28.6 12.1 16.5 1.9 3.6 8.3 20 75 121 4 -5.7
"22" "22" 2017-11-29 26.81 "ORL" "" "OKC" "W" 13 0 13.6666666666667 1 1 0 6.3 4.1 9.2 0 11 25 14 131 115 5.7 9.5
"23" "" 2017-12-01 26.82 "ORL" "" "GSW" "L" -21 NA NA NA NA NA NA NA NA NA NA NA NA NA NA NA NA
"24" "" 2017-12-03 26.82 "ORL" "@" "NYK" "W" 5 NA NA NA NA NA NA NA NA NA NA NA NA NA NA NA NA
"25" "" 2017-12-04 26.83 "ORL" "@" "CHO" "L" -10 NA NA NA NA NA NA NA NA NA NA NA NA NA NA NA NA
"26" "" 2017-12-06 26.83 "ORL" "" "ATL" "W" 4 NA NA NA NA NA NA NA NA NA NA NA NA NA NA NA NA
"27" "" 2017-12-08 26.84 "ORL" "" "DEN" "L" -14 NA NA NA NA NA NA NA NA NA NA NA NA NA NA NA NA
"28" "" 2017-12-09 26.84 "ORL" "@" "ATL" "L" -7 NA NA NA NA NA NA NA NA NA NA NA NA NA NA NA NA
"29" "" 2017-12-13 26.85 "ORL" "" "LAC" "L" -11 NA NA NA NA NA NA NA NA NA NA NA NA NA NA NA NA
"30" "" 2017-12-15 26.86 "ORL" "" "POR" "L" -7 NA NA NA NA NA NA NA NA NA NA NA NA NA NA NA NA
"31" "" 2017-12-17 26.86 "ORL" "@" "DET" "L" -4 NA NA NA NA NA NA NA NA NA NA NA NA NA NA NA NA
"32" "" 2017-12-20 26.87 "ORL" "@" "CHI" "L" -18 NA NA NA NA NA NA NA NA NA NA NA NA NA NA NA NA
"33" "" 2017-12-22 26.88 "ORL" "" "NOP" "L" -14 NA NA NA NA NA NA NA NA NA NA NA NA NA NA NA NA
"34" "" 2017-12-23 26.88 "ORL" "@" "WAS" "L" -27 NA NA NA NA NA NA NA NA NA NA NA NA NA NA NA NA
"35" "" 2017-12-26 26.89 "ORL" "@" "MIA" "L" -18 NA NA NA NA NA NA NA NA NA NA NA NA NA NA NA NA
"36" "" 2017-12-28 26.89 "ORL" "" "DET" "W" 13 NA NA NA NA NA NA NA NA NA NA NA NA NA NA NA NA
"37" "" 2017-12-30 26.9 "ORL" "" "MIA" "L" -6 NA NA NA NA NA NA NA NA NA NA NA NA NA NA NA NA
"38" "" 2018-01-01 26.9 "ORL" "@" "BRK" "L" -3 NA NA NA NA NA NA NA NA NA NA NA NA NA NA NA NA
"39" "" 2018-01-03 26.91 "ORL" "" "HOU" "L" -18 NA NA NA NA NA NA NA NA NA NA NA NA NA NA NA NA
"40" "" 2018-01-06 26.92 "ORL" "" "CLE" "L" -4 NA NA NA NA NA NA NA NA NA NA NA NA NA NA NA NA
"41" "" 2018-01-09 26.93 "ORL" "@" "DAL" "L" -15 NA NA NA NA NA NA NA NA NA NA NA NA NA NA NA NA
"42" "" 2018-01-10 26.93 "ORL" "@" "MIL" "L" -7 NA NA NA NA NA NA NA NA NA NA NA NA NA NA NA NA
"43" "" 2018-01-12 26.93 "ORL" "@" "WAS" "L" -6 NA NA NA NA NA NA NA NA NA NA NA NA NA NA NA NA
"44" "" 2018-01-16 26.95 "ORL" "" "MIN" "W" 6 NA NA NA NA NA NA NA NA NA NA NA NA NA NA NA NA
"45" "" 2018-01-18 26.95 "ORL" "@" "CLE" "L" -1 NA NA NA NA NA NA NA NA NA NA NA NA NA NA NA NA
"46" "" 2018-01-21 26.96 "ORL" "@" "BOS" "W" 8 NA NA NA NA NA NA NA NA NA NA NA NA NA NA NA NA
"47" "" 2018-01-23 26.96 "ORL" "" "SAC" "L" -6 NA NA NA NA NA NA NA NA NA NA NA NA NA NA NA NA
"48" "" 2018-01-27 26.98 "ORL" "@" "IND" "L" -2 NA NA NA NA NA NA NA NA NA NA NA NA NA NA NA NA
"49" "" 2018-01-30 26.98 "ORL" "@" "HOU" "L" -7 NA NA NA NA NA NA NA NA NA NA NA NA NA NA NA NA
"50" "" 2018-01-31 26.99 "ORL" "" "LAL" "W" 22 NA NA NA NA NA NA NA NA NA NA NA NA NA NA NA NA
"51" "" 2018-02-03 26.99 "ORL" "" "WAS" "L" -17 NA NA NA NA NA NA NA NA NA NA NA NA NA NA NA NA
"52" "" 2018-02-05 27 "ORL" "@" "MIA" "W" 2 NA NA NA NA NA NA NA NA NA NA NA NA NA NA NA NA
"53" "" 2018-02-06 27 "ORL" "" "CLE" "W" 18 NA NA NA NA NA NA NA NA NA NA NA NA NA NA NA NA
"54" "" 2018-02-08 27.01 "ORL" "" "ATL" "W" 2 NA NA NA NA NA NA NA NA NA NA NA NA NA NA NA NA
"55" "" 2018-02-10 27.01 "ORL" "" "MIL" "L" -7 NA NA NA NA NA NA NA NA NA NA NA NA NA NA NA NA
"56" "" 2018-02-12 27.02 "ORL" "@" "CHI" "L" -4 NA NA NA NA NA NA NA NA NA NA NA NA NA NA NA NA
"57" "" 2018-02-14 27.02 "ORL" "" "CHO" "L" -2 NA NA NA NA NA NA NA NA NA NA NA NA NA NA NA NA
"58" "" 2018-02-22 27.05 "ORL" "" "NYK" "L" -7 NA NA NA NA NA NA NA NA NA NA NA NA NA NA NA NA
"59" "" 2018-02-24 27.05 "ORL" "@" "PHI" "L" -11 NA NA NA NA NA NA NA NA NA NA NA NA NA NA NA NA
"60" "" 2018-02-26 27.06 "ORL" "@" "OKC" "L" -7 NA NA NA NA NA NA NA NA NA NA NA NA NA NA NA NA
"61" "" 2018-02-28 27.06 "ORL" "" "TOR" "L" -13 NA NA NA NA NA NA NA NA NA NA NA NA NA NA NA NA
"62" "" 2018-03-02 27.07 "ORL" "" "DET" "W" 9 NA NA NA NA NA NA NA NA NA NA NA NA NA NA NA NA
"63" "" 2018-03-03 27.07 "ORL" "" "MEM" "W" 7 NA NA NA NA NA NA NA NA NA NA NA NA NA NA NA NA
"64" "" 2018-03-05 27.08 "ORL" "@" "UTA" "L" -14 NA NA NA NA NA NA NA NA NA NA NA NA NA NA NA NA
"65" "" 2018-03-07 27.08 "ORL" "@" "LAL" "L" -1 NA NA NA NA NA NA NA NA NA NA NA NA NA NA NA NA
"66" "" 2018-03-09 27.09 "ORL" "@" "SAC" "L" -6 NA NA NA NA NA NA NA NA NA NA NA NA NA NA NA NA
"67" "" 2018-03-10 27.09 "ORL" "@" "LAC" "L" -8 NA NA NA NA NA NA NA NA NA NA NA NA NA NA NA NA
"68" "" 2018-03-13 27.1 "ORL" "@" "SAS" "L" -36 NA NA NA NA NA NA NA NA NA NA NA NA NA NA NA NA
"69" "" 2018-03-14 27.1 "ORL" "" "MIL" "W" 9 NA NA NA NA NA NA NA NA NA NA NA NA NA NA NA NA
"70" "" 2018-03-16 27.11 "ORL" "" "BOS" "L" -9 NA NA NA NA NA NA NA NA NA NA NA NA NA NA NA NA
"71" "" 2018-03-20 27.12 "ORL" "" "TOR" "L" -7 NA NA NA NA NA NA NA NA NA NA NA NA NA NA NA NA
"72" "" 2018-03-22 27.12 "ORL" "" "PHI" "L" -20 NA NA NA NA NA NA NA NA NA NA NA NA NA NA NA NA
"73" "" 2018-03-24 27.13 "ORL" "" "PHO" "W" 6 NA NA NA NA NA NA NA NA NA NA NA NA NA NA NA NA
"74" "" 2018-03-28 27.14 "ORL" "" "BRK" "L" -7 NA NA NA NA NA NA NA NA NA NA NA NA NA NA NA NA
"75" "" 2018-03-30 27.15 "ORL" "" "CHI" "L" -8 NA NA NA NA NA NA NA NA NA NA NA NA NA NA NA NA
"76" "" 2018-04-01 27.15 "ORL" "@" "ATL" "L" -6 NA NA NA NA NA NA NA NA NA NA NA NA NA NA NA NA
"77" "" 2018-04-03 27.16 "ORL" "@" "NYK" "W" 24 NA NA NA NA NA NA NA NA NA NA NA NA NA NA NA NA
"78" "" 2018-04-04 27.16 "ORL" "" "DAL" "W" 5 NA NA NA NA NA NA NA NA NA NA NA NA NA NA NA NA
"79" "" 2018-04-06 27.16 "ORL" "" "CHO" "L" -37 NA NA NA NA NA NA NA NA NA NA NA NA NA NA NA NA
"80" "23" 2018-04-08 27.17 "ORL" "@" "TOR" "L" -11 0 9.86666666666667 0.3 0.3 0 0 0 26.2 0 0 28.6 32 55 123 -0.7 -16.8
"81" "" 2018-04-09 27.17 "ORL" "@" "MIL" "L" -16 NA NA NA NA NA NA NA NA NA NA NA NA NA NA NA NA
"82" "24" 2018-04-11 27.18 "ORL" "" "WAS" "W" 9 0 14.4 0.424 0.389 0 18.5 10.9 14.5 0 10.9 17.5 36.4 73 93 3.5 -4.9
"1" "1" 2018-10-17 27.7 "ORL" "" "MIA" "W" 3 0 25.5333333333333 0.222 0.222 0 14.7 7.3 21.3 3.6 11.7 10 15.7 63 87 4.7 1.9
"2" "2" 2018-10-19 27.7 "ORL" "" "CHO" "L" -32 0 19.0333333333333 0.574 0.45 0 5.7 2.5 0 2.5 0 7.6 28.9 111 122 8.9 2.5
"3" "3" 2018-10-20 27.7 "ORL" "@" "PHI" "L" -1 0 28.9666666666667 0.504 0.464 3.5 10.4 7 10.1 1.7 0 0 21.7 118 124 10.4 -3.2
"4" "4" 2018-10-22 27.71 "ORL" "@" "BOS" "W" 3 0 19.2333333333333 0.375 0.375 0 5 2.5 0 2.6 0 11.1 21.1 63 94 1.1 -8.9
"5" "5" 2018-10-25 27.72 "ORL" "" "POR" "L" -14 0 29.2833333333333 0.727 0.75 7.6 8 7.8 11 1.7 0 17.2 26.3 116 135 15.4 5
"6" "6" 2018-10-27 27.72 "ORL" "@" "MIL" "L" -22 0 17.5333333333333 0.292 0.292 0 7.6 2.8 44.2 0 0 7.7 29.8 67 114 0.3 -9.2
"7" "7" 2018-10-30 27.73 "ORL" "" "SAC" "L" -8 0 27.1833333333333 0.5 0.5 0 7.8 3.6 14.9 5.2 0 5.6 27.2 93 101 9.9 1.9
"8" "8" 2018-11-02 27.74 "ORL" "" "LAC" "L" -25 0 19.8833333333333 0.35 0.35 0 11.5 5.4 14.7 2.4 4 0 22.3 79 117 3.3 -4.3
"9" "9" 2018-11-04 27.75 "ORL" "@" "SAS" "W" 7 0 31.4 0.66 0.625 0 10.9 5.3 16.6 0 0 0 18.4 144 122 13.5 2.7
"10" "10" 2018-11-05 27.75 "ORL" "" "CLE" "W" 2 0 30.1833333333333 0.536 0.536 0 8.4 3.9 5.4 1.7 0 17.6 24.9 87 110 6.9 -5.2
"11" "11" 2018-11-07 27.75 "ORL" "" "DET" "L" -7 0 27.55 0.582 0.583 4.1 11.1 7.7 0 1.7 3.3 18.9 24.9 87 103 8.9 -1.5
"12" "12" 2018-11-09 27.76 "ORL" "" "WAS" "W" 9 0 29.7333333333333 0.505 0.5 0 30.5 14.9 13.5 3.3 0 25.2 23.4 83 106 7.3 -6.3
"13" "13" 2018-11-11 27.76 "ORL" "@" "NYK" "W" 26 0 22.4 0.884 0.875 0 7.8 4 23.9 0 7.1 7.4 25.3 151 90 18.3 17.7
"14" "14" 2018-11-12 27.77 "ORL" "@" "WAS" "L" -8 0 24.8666666666667 0.685 0.643 0 17.5 7.7 13.1 0 4.2 6.1 29.8 128 125 14.4 5.3
"15" "15" 2018-11-14 27.77 "ORL" "" "PHI" "W" 5 0 31.1166666666667 0.833 0.833 0 22 11.9 5 1.6 0 18.2 17 123 112 12.2 3.5
"16" "16" 2018-11-17 27.78 "ORL" "" "LAL" "W" 13 0 16.3 1.028 1 0 15.5 7.2 0 0 0 24 21.1 141 118 7.7 0.4
"17" "17" 2018-11-18 27.78 "ORL" "" "NYK" "W" 14 0 22.7166666666667 0.385 0.385 0 18.8 11 5.3 0 3.4 7.1 26.8 76 118 3.7 -13.8
"18" "18" 2018-11-20 27.79 "ORL" "" "TOR" "L" -2 0 20.25 0.2 0.2 0 5.4 2.6 8.1 0 0 9.1 24.5 44 102 -2.6 -16.4
"19" "19" 2018-11-23 27.8 "ORL" "@" "DEN" "L" -25 0 22.5666666666667 1.125 1.125 0 0 0 12.4 0 0 20 21.2 139 125 12.7 10.8
"20" "20" 2018-11-25 27.8 "ORL" "@" "LAL" "W" 4 0 28.9833333333333 0.667 0.667 0 24.2 11.4 5.2 3.2 0 20 22.1 94 99 11.1 3
"21" "21" 2018-11-26 27.81 "ORL" "@" "GSW" "L" -6 0 27.6666666666667 0.774 0.733 0 4.6 2.2 14.2 3.5 0 5.2 30 140 119 22.6 14.7
"22" "22" 2018-11-28 27.81 "ORL" "@" "POR" "L" -3 0 26.1333333333333 0.313 0.313 0 27.4 15.3 5.6 5.7 4 0 28.9 64 103 7.3 -7.2
"23" "23" 2018-11-30 27.82 "ORL" "@" "PHO" "W" 14 0 30.8166666666667 0.581 0.533 0 3.5 1.9 5.5 0 2.8 5.2 29.2 113 100 12.8 1.2
"24" "24" 2018-12-04 27.83 "ORL" "@" "MIA" "W" 15 0 29.9666666666667 0.663 0.615 0 10 5.3 17.9 0 0 6.5 23.2 133 106 14.7 6.3
"25" "25" 2018-12-05 27.83 "ORL" "" "DEN" "L" -6 0 32.1166666666667 0.66 0.625 0 4.3 2 14.1 1.6 0 0 19.8 135 123 14.4 4.4
"26" "26" 2018-12-07 27.84 "ORL" "" "IND" "L" -22 0 26 0.55 0.55 0 7.5 3.7 6.9 1.9 0 0 17 110 116 7.1 -1
"27" "27" 2018-12-10 27.84 "ORL" "@" "DAL" "L" -25 0 23.7666666666667 0.306 0.273 0 4.6 2.1 23.4 2.1 0 0 21.8 73 109 3.1 -4.3
"28" "28" 2018-12-13 27.85 "ORL" "" "CHI" "W" 6 0 29.3666666666667 0.372 0.278 0 4.7 2.2 0 0 3.1 8.5 17.8 74 98 1.7 -9.3
"29" "29" 2018-12-15 27.86 "ORL" "" "UTA" "W" 7 0 23.1666666666667 1.056 1.056 5.9 7.5 6.9 0 4.3 0 0 18.1 200 92 18.4 22.2
"30" "30" 2018-12-19 27.87 "ORL" "" "SAS" "L" -39 0 21.6333333333333 0.318 0.318 8.5 0 5.7 8.1 2.4 0 0 22.7 80 138 3.6 -6.9
"31" "31" 2018-12-21 27.87 "ORL" "@" "CHI" "L" -10 0 27.9166666666667 0.091 0.091 0 12 5.3 0 0 0 0 18.1 21 110 -5.2 -20
"32" "32" 2018-12-23 27.88 "ORL" "" "MIA" "L" -24 0 27.9333333333333 0.354 0.333 0 23.2 10.9 6.7 0 0 9.2 18.1 76 128 2.3 -8.2
"33" "33" 2018-12-26 27.89 "ORL" "" "PHO" "L" -2 0 36.1 0.587 0.571 3.3 3.5 3.4 4.2 2.8 0 0 18.6 129 116 13.5 2.9
"34" "34" 2018-12-28 27.89 "ORL" "" "TOR" "W" 29 0 21.3166666666667 0.7 0.7 5.9 10.7 8.9 0 0 0 9.1 21 123 93 8.4 2
"35" "35" 2018-12-30 27.9 "ORL" "" "DET" "W" 2 0 27.45 0.346 0.346 4.1 26.4 16.4 0 0 2.9 7.1 22.6 71 108 4.3 -8.5
"36" "36" 2018-12-31 27.9 "ORL" "@" "CHO" "L" -25 0 18.6666666666667 0.357 0.357 9.7 18.8 13.7 9.3 2.6 0 6.7 34.6 79 126 4.8 -6.1
"37" "37" 2019-01-02 27.91 "ORL" "@" "CHI" "W" 28 0 24.8333333333333 0.833 0.833 0 27.6 15.9 11.9 2.1 0 18.2 21.9 122 90 12.9 6.3
"38" "38" 2019-01-04 27.91 "ORL" "@" "MIN" "L" -17 0 23.4833333333333 0.464 0.464 0 10.2 4.6 6.4 0 0 0 26.7 88 126 6.1 -5.9
"39" "39" 2019-01-06 27.92 "ORL" "@" "LAC" "L" -10 0 26.6666666666667 0.429 0.313 3.3 13.8 8.4 18.4 1.8 2.5 9.7 16.3 97 107 5.9 -3.4
"40" "40" 2019-01-07 27.92 "ORL" "@" "SAC" "L" -16 0 23.35 0.804 0.792 0 4.1 2 23.3 3.9 0 7.4 24.3 140 103 16.3 17.4
"41" "41" 2019-01-09 27.93 "ORL" "@" "UTA" "L" -13 0 28.8833333333333 0.5 0.5 0 21.9 9.8 0 1.7 0 7.1 22.6 89 110 6.6 -2
"42" "42" 2019-01-12 27.93 "ORL" "" "BOS" "W" 2 0 30.8166666666667 0.574 0.525 0 12.2 6.5 13.2 1.6 0 4.4 32.4 113 105 16 7.3
"43" "43" 2019-01-13 27.94 "ORL" "" "HOU" "W" 7 0 28.55 0.539 0.5 4.1 12 8.1 10.9 1.8 0 0 24.5 124 116 13.2 2.9
"44" "44" 2019-01-16 27.95 "ORL" "@" "DET" "L" -5 0 33 0.783 0.786 0 7.5 3.8 4.7 1.6 2.6 6.1 23.7 138 124 17.4 9.2
"45" "45" 2019-01-18 27.95 "ORL" "" "BRK" "L" -2 0 27.9 0.574 0.55 0 15 7.6 4.5 0 6.7 0 17.2 124 116 10.5 0.1
"46" "46" 2019-01-19 27.95 "ORL" "" "MIL" "L" -10 0 29.6666666666667 0.533 0.533 0 5.2 2.1 9.9 3.3 0 11.8 26.2 89 117 9.6 -3
"47" "47" 2019-01-21 27.96 "ORL" "@" "ATL" "W" 19 0 26.6666666666667 0.518 0.5 0 20 10.1 37.7 5.4 0 11.5 28.2 107 97 15.7 6.4
"48" "48" 2019-01-23 27.96 "ORL" "@" "BRK" "L" -4 0 27.1 0.349 0.292 0 4.1 2 0 1.8 0 7.2 21.5 71 118 1.3 -13.1
"49" "49" 2019-01-25 27.97 "ORL" "" "WAS" "L" -4 0 33.2166666666667 0.554 0.536 6.3 13.1 9.6 19.7 1.6 0 6.5 21.2 119 105 13.6 6.2
"50" "50" 2019-01-27 27.98 "ORL" "@" "HOU" "L" -5 0 30.2833333333333 0.469 0.469 2.9 19.3 10 10.7 0 3.6 5.9 22.9 103 109 9.1 0.5
"51" "51" 2019-01-29 27.98 "ORL" "" "OKC" "L" -9 0 31.7 0.5 0.5 2.8 18.5 9.5 4.3 0 2.2 5.9 21.1 106 125 9.8 -1.5
"52" "52" 2019-01-31 27.99 "ORL" "" "IND" "W" 7 0 27.1 0.776 0.75 3.9 11.8 7.9 0 5.4 0 0 32.1 149 95 26.4 23.4
"53" "53" 2019-02-02 27.99 "ORL" "" "BRK" "W" 13 0 26.4333333333333 0.25 0.25 0 7.3 3.7 0 0 0 6.7 24 47 95 -2 -15.2
"54" "54" 2019-02-05 28 "ORL" "@" "OKC" "L" -10 0 26.25 0.644 0.583 3.7 18.3 10.3 6.7 4.8 0 0 30 129 112 21.8 12.5
"55" "55" 2019-02-07 28.01 "ORL" "" "MIN" "W" 10 0 31.0166666666667 0.696 0.696 0 16.5 9.2 6.2 0 0 4.2 35 133 120 22.3 6.4
"56" "56" 2019-02-09 28.01 "ORL" "@" "MIL" "W" 20 0 24.9666666666667 0.625 0.625 0 12.8 7.1 5.9 0 3.2 0 21.2 121 88 11.2 6.9
"57" "57" 2019-02-10 28.01 "ORL" "@" "ATL" "W" 16 0 23.6333333333333 0.58 0.417 0 28.3 14.9 11.6 0 0 6.1 30.1 125 117 13.4 0
"58" "58" 2019-02-12 28.02 "ORL" "@" "NOP" "W" 30 0 17.8666666666667 0.214 0.214 0 5 2.7 13.7 0 4.1 12.5 18.7 55 93 -0.1 -11.4
"59" "59" 2019-02-14 28.02 "ORL" "" "CHO" "W" 38 0 21.8166666666667 0.643 0.633 0 4 2.3 14.5 0 3.5 0 33.6 129 99 15.7 8
"60" "60" 2019-02-22 28.05 "ORL" "" "CHI" "L" -1 0 26.0333333333333 0.656 0.636 0 29.3 15.2 5.8 0 0 8 21.7 117 115 11.1 1.3
"61" "61" 2019-02-24 28.05 "ORL" "@" "TOR" "W" 15 0 29.85 0.581 0.5 10.1 21 15.4 5.8 0 0 7.7 37.5 116 103 18.7 2.2
"62" "62" 2019-02-26 28.06 "ORL" "@" "NYK" "L" -5 0 19.6333333333333 0.15 0.15 0 10 5 0 0 0 16.7 25.8 28 116 -6.2 -27.4
"63" "63" 2019-02-28 28.06 "ORL" "" "GSW" "W" 7 0 26.65 0.538 0.5 0 13.6 7.2 29.1 1.8 0 11.8 27.5 105 95 10.7 4.6
"64" "64" 2019-03-02 28.07 "ORL" "@" "IND" "W" 5 0 27.25 0.613 0.559 0 16 6.9 5.5 1.9 0 0 30.5 128 119 16.1 3.7
"65" "65" 2019-03-03 28.07 "ORL" "@" "CLE" "L" -14 0 29.2 0.083 0.083 0 11.7 5.8 8.8 0 0 14.3 22.2 24 120 -6.5 -23.3
"66" "" 2019-03-05 28.08 "ORL" "@" "PHI" "L" -8 NA NA NA NA NA NA NA NA NA NA NA NA NA NA NA NA
"67" "66" 2019-03-08 28.08 "ORL" "" "DAL" "W" 5 0 27.9833333333333 0.688 0.688 0 10.9 5.7 12.1 1.8 0 0 25.2 139 111 17.3 10.7
"68" "67" 2019-03-10 28.09 "ORL" "@" "MEM" "L" -8 0 27.9666666666667 0.524 0.5 0 19.5 8.8 15.3 3.6 6.7 21.8 28.1 83 100 8.2 1.6
"69" "68" 2019-03-13 28.1 "ORL" "@" "WAS" "L" -10 0 29.4 0.26 0.231 0 10.6 5.2 5.4 0 2.6 6.9 22.7 57 112 0 -13.7
"70" "69" 2019-03-14 28.1 "ORL" "" "CLE" "W" 29 0 26.1 0.543 0.542 0 16 7.9 20.5 3.8 3.3 13.4 24.6 103 89 11.9 4.4
"71" "70" 2019-03-17 28.11 "ORL" "" "ATL" "W" 10 0 24.4833333333333 0.355 0.313 0 14.8 7.5 6.7 5.7 0 37.2 23.2 47 82 0.7 -8.9
"72" "71" 2019-03-20 28.12 "ORL" "" "NOP" "W" 23 0 22.7666666666667 0.707 0.731 0 10.7 5.5 0 0 0 6.9 24.9 128 102 11.8 4.2
"73" "72" 2019-03-22 28.12 "ORL" "" "MEM" "W" 4 0 35.5833333333333 0.95 0.933 0 20.9 10.9 0 1.4 0 10.9 24.2 142 113 25.2 13.4
"74" "73" 2019-03-25 28.13 "ORL" "" "PHI" "W" 21 0 25.1833333333333 0.478 0.417 4.1 10.3 6.9 13.9 2.1 0 0 13.4 127 109 7.2 -0.6
"75" "74" 2019-03-26 28.13 "ORL" "@" "MIA" "W" 5 0 30.3333333333333 0.36 0.346 0 13.8 6.7 4.9 1.6 3 6.7 20.6 78 100 3.5 -5.5
"76" "75" 2019-03-28 28.14 "ORL" "@" "DET" "L" -17 0 31.9166666666667 0.392 0.273 3.1 4 3.5 9.3 1.6 0 0 16.7 102 127 6.5 -5
"77" "76" 2019-03-30 28.15 "ORL" "@" "IND" "W" 5 0 28.4666666666667 0.538 0.5 0 8.6 4.2 13.1 0 0 0 23.9 116 125 9.7 -4.6
"78" "77" 2019-04-01 28.15 "ORL" "@" "TOR" "L" -12 0 24.35 0.3 0.3 0 9.6 4.6 15.1 4 0 9.1 19.3 72 119 3.1 -7.1
"79" "78" 2019-04-03 28.16 "ORL" "" "NYK" "W" 14 0 23.6 0.821 0.821 0 18.5 8.7 38.1 2.1 0 6.7 25.3 160 103 21.5 24.2
"80" "79" 2019-04-05 28.16 "ORL" "" "ATL" "W" 36 0 27.65 0.873 0.846 0 6.3 3.8 8.2 3.1 0 17.3 24.6 137 103 19.7 8.9
"81" "80" 2019-04-07 28.17 "ORL" "@" "BOS" "W" 8 0 25.8833333333333 0.767 0.654 0 13.9 6.6 18.6 0 3.2 5.6 29.3 152 112 22 16.1
"82" "81" 2019-04-10 28.18 "ORL" "@" "CHO" "W" 8 0 29.85 0.825 0.789 8.7 18.9 13.6 11.2 1.8 0 4.5 34.7 161 123 30.1 19.3
"1" "1" 2019-10-23 28.71 "ORL" "" "CLE" "W" 9 0 19.4666666666667 0.385 0.385 0 20.1 9.9 0 5 0 7.1 32.2 67 81 4.3 -3.4
"2" "2" 2019-10-26 28.72 "ORL" "@" "ATL" "L" -4 0 23.6666666666667 0.392 0.188 0 21.3 8.3 6.2 0 0 8.9 18.9 87 109 3.3 -7.3
"3" "3" 2019-10-28 28.73 "ORL" "@" "TOR" "L" -9 0 23.75 0.446 0.409 0 18 8.2 7.8 1.9 0 19.6 27.4 72 101 4.4 -5.5
"4" "4" 2019-10-30 28.73 "ORL" "" "NYK" "W" 12 0 22.3166666666667 0.1 0.1 4.5 0 2.2 12.3 0 0 0 21.4 45 104 -4.1 -22
"5" "5" 2019-11-01 28.74 "ORL" "" "MIL" "L" -32 0 20.8666666666667 0.356 0.333 4 5.6 4.7 9.3 2.3 0 11.5 35 68 123 1.6 -9.9
"6" "6" 2019-11-02 28.74 "ORL" "" "DEN" "L" -4 0 22.3166666666667 0.556 0.556 4.9 19.6 12.2 22.7 4.6 4.8 18.2 22.4 100 89 9.2 9.5
"7" "7" 2019-11-05 28.75 "ORL" "@" "OKC" "L" -8 0 22.7666666666667 0.51 0.4 4.5 9.6 7 15.2 0 4 25.4 15.2 93 113 3.5 -3.6
"8" "" 2019-11-06 28.75 "ORL" "@" "DAL" "L" -1 NA NA NA NA NA NA NA NA NA NA NA NA NA NA NA NA
"9" "" 2019-11-08 28.76 "ORL" "" "MEM" "W" 32 NA NA NA NA NA NA NA NA NA NA NA NA NA NA NA NA
"10" "8" 2019-11-10 28.76 "ORL" "" "IND" "L" -7 0 18.8 1 1 0 12.8 6.4 0 2.8 0 14.3 17.6 143 119 10.4 8.1
"11" "9" 2019-11-13 28.77 "ORL" "" "PHI" "W" 15 0 25.9833333333333 0.547 0.5 0 11.8 5.8 6 3.6 0 14.4 22.5 92 91 7.3 1.1
"12" "10" 2019-11-15 28.78 "ORL" "" "SAS" "W" 2 0 27.8333333333333 0.698 0.654 0 8.2 3.9 7.2 0 0 6.5 23.6 134 121 13.2 2.8
"13" "11" 2019-11-17 28.78 "ORL" "" "WAS" "W" 4 0 24.6666666666667 0.55 0.409 0 15.6 8.6 5.5 3.9 0 0 23.6 126 115 12 -0.8
"14" "12" 2019-11-20 28.79 "ORL" "@" "TOR" "L" -16 0 27.05 0.543 0.542 3.3 4.8 3.9 0 1.9 3 7.2 21.5 102 123 8.9 0.3
"15" "13" 2019-11-23 28.8 "ORL" "@" "IND" "L" -5 0 27.7833333333333 0.402 0.417 0 15.7 6.9 0 1.8 0 7.4 21.3 73 116 3.3 -9.8
"16" "14" 2019-11-25 28.8 "ORL" "@" "DET" "L" -15 0 29.7833333333333 0.62 0.607 0 7.7 3.6 0 0 0 6.1 25.6 113 121 11.2 1.9
"17" "15" 2019-11-27 28.81 "ORL" "@" "CLE" "W" 12 0 22.7166666666667 0.643 0.625 0 21.1 10.2 14 2.1 0 0 23.6 130 103 13.2 4.3
"18" "16" 2019-11-29 28.81 "ORL" "" "TOR" "L" -7 0 26.3833333333333 0.371 0.389 0 7.3 3.7 8.4 0 7.9 9.6 17 73 100 2 -4.1
"19" "17" 2019-12-01 28.82 "ORL" "" "GSW" "W" 4 0 28.9333333333333 0.615 0.633 0 13 7.1 7 1.8 2.4 0 23.6 126 104 14.1 7.1
"20" "18" 2019-12-03 28.82 "ORL" "@" "WAS" "W" 7 0 18.3666666666667 0.717 0.625 0 5.8 3 7.4 2.5 0 9.3 24.5 133 114 10.2 3.4
"21" "19" 2019-12-04 28.83 "ORL" "" "PHO" "W" 14 0 22.2666666666667 0.679 0.607 0 15.4 8.7 6.4 4.3 0 11 34.8 130 111 15 1.8
"22" "20" 2019-12-06 28.83 "ORL" "@" "CLE" "W" 6 0 26.6 0.648 0.571 4 8.4 6.2 8.5 1.9 0 11 30.1 118 99 14.2 8
"23" "21" 2019-12-09 28.84 "ORL" "@" "MIL" "L" -9 0 30.5 0.71 0.714 0 14 6.4 7 0 0 5.8 23.4 124 115 16.1 7.1
"24" "22" 2019-12-11 28.85 "ORL" "" "LAL" "L" -9 0 28.65 0.182 0.182 0 3.7 1.9 5.5 5.4 0 8.3 19.6 40 102 -0.3 -9.4
"25" "23" 2019-12-13 28.85 "ORL" "" "HOU" "L" -23 0 27.4833333333333 0.574 0.5 0 5.6 2.2 10.6 1.9 7.4 0 19 130 140 11.3 2.4
"26" "24" 2019-12-15 28.86 "ORL" "@" "NOP" "W" 11 0 23.5666666666667 0.778 0.778 5.5 9.7 7.7 5.7 2.1 0 0 16.7 152 122 12.3 6.7
"27" "25" 2019-12-17 28.86 "ORL" "@" "UTA" "L" -7 0 24.85 0.424 0.389 0 8.2 3.9 5.3 0 0 0 17.8 86 116 3 -8.6
"28" "26" 2019-12-18 28.87 "ORL" "@" "DEN" "L" -9 0 22.1333333333333 0.5 0.5 0 10.6 5 7.1 0 0 11.1 18 88 124 3.5 -6.1
"29" "27" 2019-12-20 28.87 "ORL" "@" "POR" "L" -15 0 22.2833333333333 0.365 0.318 3.5 5.3 4.2 0 2.1 0 14 24.2 72 121 0.9 -12.6
"30" "28" 2019-12-23 28.88 "ORL" "" "CHI" "W" 8 0 31.45 0.693 0.647 0 12 6.6 0 1.6 0 0 27.5 132 104 19.5 8.7
"31" "29" 2019-12-27 28.89 "ORL" "" "PHI" "W" 1 0 27.7666666666667 0.599 0.5 0 26.9 13 0 1.7 0 17.4 26.3 97 94 10.7 1.8
"32" "30" 2019-12-28 28.89 "ORL" "@" "MIL" "L" -11 0 27.4 0.571 0.5 0 8.1 3.8 5.9 1.8 3.7 0 13 116 116 8.3 -0.9
"33" "31" 2019-12-30 28.9 "ORL" "" "ATL" "L" -8 0 28.35 0.182 0.182 3.3 12.7 7.4 15.1 0 0 0 17.2 58 112 0 -13
"34" "32" 2020-01-01 28.9 "ORL" "@" "WAS" "W" 21 0 24.3666666666667 0.75 0.75 0 0 0 0 1.9 3.5 9.1 18.7 127 103 10.7 3.9
"35" "33" 2020-01-03 28.91 "ORL" "" "MIA" "W" 20 0 25.0166666666667 0.777 0.769 0 8.2 4.1 0 4 0 0 29.7 141 89 19.7 18.6
"36" "34" 2020-01-04 28.91 "ORL" "" "UTA" "L" -13 0 29.9333333333333 0.676 0.625 0 9.4 5 0 0 0 0 28.4 134 126 16.9 4.7
"37" "35" 2020-01-06 28.92 "ORL" "" "BRK" "W" 12 0 22.05 0.41 0.35 0 10.7 6.2 0 6.5 4.4 7.6 25.5 81 78 6.6 2.4
"38" "36" 2020-01-08 28.92 "ORL" "" "WAS" "W" 34 0 25.4833333333333 0.414 0.35 0 7.8 4.1 0 1.8 0 15.5 20.6 76 93 2.4 -11.6
"39" "37" 2020-01-10 28.93 "ORL" "@" "PHO" "L" -4 0 32.35 0.507 0.469 0 6.7 3.2 0 4.7 0 5.3 24.5 104 102 11.4 4
"40" "38" 2020-01-13 28.94 "ORL" "@" "SAC" "W" 2 0 27.6166666666667 0.564 0.375 0 27.4 11.6 4.5 7 0 0 8.2 131 101 9.3 4.2
"41" "39" 2020-01-15 28.94 "ORL" "@" "LAL" "W" 1 0 31.0333333333333 0.545 0.5 0 12.9 6.4 13.2 1.5 0 12.7 20.4 106 116 8.9 -3.6
"42" "40" 2020-01-16 28.95 "ORL" "@" "LAC" "L" -27 0 28.75 0.504 0.467 0 18.1 8.3 18.1 1.7 2.7 5.9 26.1 96 117 11 2.6
"43" "41" 2020-01-18 28.95 "ORL" "@" "GSW" "L" -14 0 26.8166666666667 0.346 0.357 0 16.3 8 16.9 0 0 6.5 25.9 76 116 3.3 -9.1
"44" "42" 2020-01-20 28.96 "ORL" "@" "CHO" "W" 23 0 30.9166666666667 0.713 0.708 0 7.6 3.6 4.5 3.5 0 0 19.7 152 94 15.9 10.4
"45" "43" 2020-01-22 28.96 "ORL" "" "OKC" "L" -6 0 28.55 0.714 0.656 0 18 6.7 11 3.4 0 5.2 28.6 139 118 19.7 10.8
"46" "44" 2020-01-24 28.97 "ORL" "" "BOS" "L" -11 0 31.55 0.286 0.286 3.2 18.1 10.1 4.8 1.6 0 6.7 20.3 67 113 1.5 -8.9
"47" "45" 2020-01-26 28.97 "ORL" "" "LAC" "L" -15 0 28.1666666666667 0.245 0.2 0 12.8 5.3 5.9 1.8 3.5 0 24.2 59 119 1.6 -12
"48" "46" 2020-01-27 28.98 "ORL" "@" "MIA" "L" -21 0 28.3166666666667 0.393 0.393 0 15.4 6.2 0 0 3.3 0 23.2 80 128 3.6 -9
"49" "47" 2020-02-01 28.99 "ORL" "" "MIA" "L" -13 0 30.7666666666667 0.262 0.227 0 11.1 5.4 10.4 0 0 0 17.9 63 119 1 -10.6
"50" "48" 2020-02-03 28.99 "ORL" "@" "CHO" "W" 12 0 30.5166666666667 0.732 0.75 0 17.9 9.5 8.6 1.8 0 10.1 16.1 123 112 11.5 1.6
"51" "49" 2020-02-05 29 "ORL" "@" "BOS" "L" -16 0 29.15 0.483 0.406 0 9.1 4.1 6.9 3.4 2.6 5.1 30.7 97 118 11 -1.4
"52" "50" 2020-02-06 29 "ORL" "@" "NYK" "L" -2 0 32.3833333333333 0.349 0.269 4.1 17.6 11.4 10 1.5 4.1 12.3 22.4 75 105 6.1 -5.9
"53" "51" 2020-02-08 29.01 "ORL" "" "MIL" "L" -16 0 31.25 0.601 0.536 0 13.4 5.7 17.6 0 0 10.7 25.3 108 115 13.9 0.8
"54" "52" 2020-02-10 29.01 "ORL" "" "ATL" "W" 9 0 30.8666666666667 0.618 0.618 0 4.4 2 4.1 1.6 3 15 27.1 105 127 12 -5.3
"55" "53" 2020-02-12 29.02 "ORL" "" "DET" "W" 4 0 36.0666666666667 0.208 0.208 0 6.4 3.2 3.6 5.6 3.1 7.7 16.5 45 101 2 -10.5
"56" "54" 2020-02-21 29.04 "ORL" "" "DAL" "L" -16 0 27.9 0.487 0.406 5.9 12.9 8.8 5.3 3.4 0 0 28.1 114 120 12.8 3.5
"57" "55" 2020-02-24 29.05 "ORL" "@" "BRK" "W" 2 0 27.7833333333333 0.68 0.667 0 29.4 15.4 5.7 1.8 0 6.1 26.7 120 113 16.4 4.4
"58" "56" 2020-02-26 29.06 "ORL" "@" "ATL" "W" 10 0 27.1 0.457 0.393 0 22.1 11.3 12.7 0 0 11.5 25.8 96 122 6.9 -9.1
"59" "57" 2020-02-28 29.06 "ORL" "" "MIN" "W" 11 0 34.1166666666667 0.66 0.66 0 14.1 8.1 12.2 2.5 0 0 28.7 135 112 25.5 7.8
"60" "58" 2020-02-29 29.07 "ORL" "@" "SAS" "L" -1 0 32.5333333333333 0.739 0.667 0 16.9 8.2 4.6 1.5 0 0 18.7 155 116 17.9 5.8
"61" "59" 2020-03-02 29.07 "ORL" "" "POR" "L" -23 0 26.25 0.669 0.6 0 26.9 10.4 15.1 0 0 0 28.2 134 134 17.8 7.1
"62" "60" 2020-03-04 29.08 "ORL" "@" "MIA" "L" -3 0 34.1833333333333 0.866 0.889 0 0 0 0 0 0 4.7 29.1 147 134 24.6 11.1
"63" "61" 2020-03-06 29.08 "ORL" "@" "MIN" "W" 14 0 34.05 0.8 0.8 0 8.6 5.2 13.7 1.4 2.3 0 13.1 163 117 16.4 5.2
"64" "62" 2020-03-08 29.09 "ORL" "@" "HOU" "W" 20 0 29.8833333333333 0.735 0.7 0 13.7 7.4 0 4.7 0 15.5 17.4 126 99 12 4.9
"65" "63" 2020-03-10 29.09 "ORL" "@" "MEM" "W" 5 0 30.5333333333333 0.591 0.553 0 8.7 3.9 5.2 0 6.7 12.9 31.4 102 114 12 -2.6
"66" "64" 2020-07-31 29.48 "ORL" "@" "BRK" "W" 10 0 23.0333333333333 0.474 0.438 0 13.6 7.7 5.2 2 0 0 15.8 101 115 5.8 -5.5
"67" "65" 2020-08-02 29.49 "ORL" "" "SAC" "W" 16 0 22.55 0.868 0.85 0 9.9 5 7 2.1 0 12.2 30.3 146 115 19.1 10.8
"68" "66" 2020-08-04 29.5 "ORL" "@" "IND" "L" -11 0 25.4333333333333 0.716 0.55 0 16.7 7.5 0 2 0 17.7 29.1 123 122 12.7 2.5
"69" "67" 2020-08-05 29.5 "ORL" "" "TOR" "L" -10 0 31.7833333333333 0.536 0.536 0 4 1.7 11.6 3 3.4 6.7 20.3 97 104 9.4 1.9
"70" "68" 2020-08-07 29.5 "ORL" "@" "PHI" "L" -7 0 26.2 0 0 0 10.6 5.6 9.9 3.8 2.9 0 17 13 106 -3.6 -13.3
"71" "69" 2020-08-09 29.51 "ORL" "@" "BOS" "L" -3 0 37.05 0.491 0.441 0 18.9 9.4 8.8 1.3 0 9.8 23 95 111 10.6 -1.9
"72" "" 2020-08-11 29.52 "ORL" "" "BRK" "L" -12 NA NA NA NA NA NA NA NA NA NA NA NA NA NA NA NA
"73" "" 2020-08-13 29.52 "ORL" "" "NOP" "W" 6 NA NA NA NA NA NA NA NA NA NA NA NA NA NA NA NA
"1" "1" 2020-12-23 29.88 "ORL" "" "MIA" "W" 6 0 28.55 0.603 0.536 0 13.6 6 5.3 1.6 0 16 26.7 103 106 10.8 -2.4
"2" "2" 2020-12-26 29.89 "ORL" "@" "WAS" "W" 10 0 28.1 0.793 0.75 0 6.8 3.5 5.2 3.1 0 11.3 25.1 138 107 20.1 8.2
"3" "3" 2020-12-27 29.89 "ORL" "@" "WAS" "W" 7 0 30.7333333333333 0.702 0.6 3.5 0 1.7 0 1.6 0 9.7 28.7 132 118 16.4 1.7
"4" "4" 2020-12-29 29.9 "ORL" "@" "OKC" "W" 11 0 24.9 0.521 0.538 0 4.4 2.1 5.4 1.9 0 0 22.7 108 108 8.9 -4.6
"5" "" 2020-12-31 29.9 "ORL" "" "PHI" "L" -24 NA NA NA NA NA NA NA NA NA NA NA NA NA NA NA NA
"6" "5" 2021-01-02 29.91 "ORL" "" "OKC" "L" -9 0 30.8166666666667 0.56 0.524 5.1 10.2 7.3 12 1.6 0 0 30.3 122 110 18.8 10.9
"7" "6" 2021-01-04 29.92 "ORL" "" "CLE" "W" 20 0 31.4666666666667 0.524 0.462 0 6.8 3.4 5 6.7 0 12.3 22.1 109 86 10.8 3.1
"8" "7" 2021-01-06 29.92 "ORL" "" "CLE" "W" 11 0 21.7333333333333 0.929 0.944 0 9.2 5 16.5 2.4 3.7 8.5 25 165 98 16.4 20.6
"9" "8" 2021-01-08 29.93 "ORL" "@" "HOU" "L" -42 0 18.3666666666667 0.278 0.278 0 6.5 2.9 9.1 2.7 0 18.2 26.6 50 135 -1.3 -18.2
"10" "9" 2021-01-09 29.93 "ORL" "@" "DAL" "L" -14 0 32.5333333333333 0.387 0.25 0 15.1 6.8 13.2 0 3.8 17.4 23.6 75 120 4 -11.2
"11" "10" 2021-01-11 29.93 "ORL" "" "MIL" "L" -22 0 25.35 0.333 0.333 0 14.2 6.5 16.1 3.9 0 33.3 14.9 62 118 2.2 -9.4
"12" "11" 2021-01-15 29.95 "ORL" "@" "BOS" "L" -27 0 25.0666666666667 0.273 0.273 0 25.9 10.5 5.9 0 0 8.3 20 60 129 -0.1 -15.8
"13" "12" 2021-01-16 29.95 "ORL" "@" "BRK" "L" -7 0 31.75 0.643 0.618 0 13.7 5.7 14.9 0 3.5 5.3 25 124 124 16.2 0.2
"14" "13" 2021-01-18 29.95 "ORL" "@" "NYK" "L" -7 0 33.0333333333333 0.51 0.438 0 8.1 4.2 20.1 0 2.4 13.9 30.2 94 105 8.9 -0.4
"15" "14" 2021-01-20 29.96 "ORL" "@" "MIN" "W" 1 0 24.45 0.277 0.286 8.2 13.7 10.8 34.9 0 0 17.2 30.5 67 107 -0.2 -17.1
"16" "15" 2021-01-22 29.96 "ORL" "@" "IND" "L" -2 0 32.6333333333333 0.558 0.5 0 14.8 7 8.9 3.2 0 0 14.7 126 115 11.5 0
"17" "16" 2021-01-24 29.97 "ORL" "" "CHO" "L" -3 0 30.05 0.625 0.625 3.5 3.9 3.7 14.7 0 0 11.1 13.3 124 119 8.1 -2.4
"18" "17" 2021-01-25 29.97 "ORL" "" "CHO" "W" 9 0 32.4833333333333 0.322 0.188 0 3 1.6 7.3 4.4 2.9 9.7 13.5 79 104 4.4 -6.6
"19" "18" 2021-01-27 29.98 "ORL" "" "SAC" "L" -14 0 26.9666666666667 0.5 0.5 0 11.4 5.5 6.5 5.4 6 11.1 27.2 94 114 11.6 2.5
"20" "19" 2021-01-29 29.98 "ORL" "" "LAC" "L" -26 0 23.4333333333333 0.796 0.708 0 17.8 8.4 13.1 0 0 6.2 28.9 150 120 19.3 13.6
"21" "20" 2021-01-31 29.99 "ORL" "@" "TOR" "L" -13 0 28.3333333333333 0.34 0.2 0 0 0 10.8 1.7 0 0 9.5 87 123 2.1 -11.3
"22" "21" 2021-02-02 29.99 "ORL" "" "TOR" "L" -15 0 23.75 0.188 0.188 0 14.1 7.1 10.4 0 5.3 11.1 16.4 50 125 -1.8 -16.5
"23" "22" 2021-02-05 30 "ORL" "" "CHI" "W" 4 0 30.25 0.7 0.7 0 13 7.1 8.5 1.6 0 44.4 12.7 76 118 3.5 -7.7
"24" "23" 2021-02-06 30 "ORL" "" "CHI" "L" -26 0 20.1166666666667 0.468 0.423 0 11.1 5.1 9.5 0 0 17.8 36.2 83 132 3.8 -12.7
"25" "24" 2021-02-09 30.01 "ORL" "@" "POR" "L" -9 0 31.0666666666667 0.583 0.556 0 11.9 5.8 6.7 1.6 0 5 28.5 108 113 14.5 0.2
"26" "25" 2021-02-11 30.02 "ORL" "@" "GSW" "L" -6 0 40.8666666666667 0.353 0.333 2.3 13.1 7.4 12.3 0 9.3 12.4 31.7 73 111 4.7 -10.5
"27" "26" 2021-02-12 30.02 "ORL" "@" "SAC" "W" 11 0 33.2666666666667 0.45 0.45 0 18 8.6 16.1 0 2.9 4.8 27.6 98 115 10.4 -6.6
"28" "27" 2021-02-14 30.02 "ORL" "@" "PHO" "L" -19 1 36.0166666666667 0.473 0.457 2.3 13.3 7.5 31.7 0 2.4 7.6 32.3 96 116 14.1 2.7
"29" "28" 2021-02-17 30.03 "ORL" "" "NYK" "W" 18 0 29.6333333333333 0.824 0.781 0 19.4 10.1 25.1 3.3 5.4 18 33.2 131 85 25.2 17.8
"30" "29" 2021-02-19 30.04 "ORL" "" "GSW" "W" 4 0 32.7166666666667 0.671 0.647 0 11.3 6.1 4.5 4.2 0 10.1 25.5 114 110 17.4 1.2
"31" "30" 2021-02-21 30.04 "ORL" "" "DET" "W" 9 0 31.6 0.531 0.531 0 11 6.1 18.7 0 0 11.1 26.1 92 104 9.5 -4.4
"32" "31" 2021-02-23 30.05 "ORL" "" "DET" "L" -12 0 27.3666666666667 0.505 0.458 3.4 26.7 14.5 27 7.1 3.2 7.2 22.2 106 91 14.7 9.5
"33" "32" 2021-02-25 30.05 "ORL" "@" "BRK" "L" -37 0 25.0333333333333 0.242 0.167 4 10.1 6.7 17.4 1.8 0 8.8 19.4 62 125 2.1 -9.1
"34" "33" 2021-02-27 30.06 "ORL" "" "UTA" "L" -15 0 31.65 0.296 0.25 3.1 11.4 6.8 12 1.6 0 0 25 75 131 4.7 -13.5
"35" "34" 2021-03-01 30.07 "ORL" "" "DAL" "L" -6 0 36.3833333333333 0.516 0.5 0 12.6 6.1 3.5 2.6 3 0 21.1 104 125 13.1 -2.9
"36" "35" 2021-03-03 30.07 "ORL" "" "ATL" "L" -3 1 41.25 0.713 0.647 2.5 11.1 6.6 13.7 1.2 0 4.8 22.7 141 123 23.7 5.1
"37" "" 2021-03-11 30.09 "ORL" "@" "MIA" "L" -8 NA NA NA NA NA NA NA NA NA NA NA NA NA NA NA NA
"38" "" 2021-03-12 30.1 "ORL" "@" "SAS" "L" -27 NA NA NA NA NA NA NA NA NA NA NA NA NA NA NA NA
"39" "36" 2021-03-14 30.1 "ORL" "" "MIA" "L" -5 0 33.85 0.747 0.737 0 15.1 8.1 22.6 0 0 12.6 31.4 121 110 20.3 9
"40" "" 2021-03-18 30.11 "ORL" "@" "NYK" "L" -1 NA NA NA NA NA NA NA NA NA NA NA NA NA NA NA NA
"41" "" 2021-03-19 30.12 "ORL" "" "BRK" "W" 8 NA NA NA NA NA NA NA NA NA NA NA NA NA NA NA NA
"42" "" 2021-03-21 30.12 "ORL" "@" "BOS" "L" -16 NA NA NA NA NA NA NA NA NA NA NA NA NA NA NA NA
"43" "" 2021-03-23 30.13 "ORL" "" "DEN" "L" -11 NA NA NA NA NA NA NA NA NA NA NA NA NA NA NA NA
"44" "" 2021-03-24 30.13 "ORL" "" "PHO" "W" 1 NA NA NA NA NA NA NA NA NA NA NA NA NA NA NA NA
"45" "" 2021-03-26 30.13 "ORL" "" "POR" "L" -7 NA NA NA NA NA NA NA NA NA NA NA NA NA NA NA NA
"46" "" 2021-03-28 30.14 "ORL" "@" "LAL" "L" -3 NA NA NA NA NA NA NA NA NA NA NA NA NA NA NA NA
"47" "37" 2021-03-30 30.15 "ORL" "@" "LAC" "W" 7 0 25.5833333333333 0.483 0.292 3.7 4 3.8 5.8 2 0 0 26.2 117 110 9.7 -2.3
"48" "38" 2021-04-01 30.15 "ORL" "@" "NOP" "W" 5 0 34.2833333333333 0.426 0.405 0 6.4 3 23.7 2.8 2.4 11.8 31 85 102 10.1 -2.3
"49" "39" 2021-04-03 30.16 "ORL" "@" "UTA" "L" -46 0 26.1 0.413 0.182 0 14.9 6.2 19.5 1.9 0 6.4 25.8 90 137 6.5 -7.1
"50" "40" 2021-04-04 30.16 "ORL" "@" "DEN" "L" -10 0 30.7 0.47 0.444 0 10.4 5.2 20.1 1.6 2.7 4.7 30.8 101 127 11.2 -4.1
"51" "41" 2021-04-07 30.17 "ORL" "" "WAS" "L" -15 0 30.3333333333333 0.644 0.594 3.7 24 12.5 16 1.6 0 9.7 28.6 126 134 18.9 0.9
"52" "42" 2021-04-09 30.17 "ORL" "" "IND" "L" -5 0 27.8166666666667 0.735 0.733 0 14.1 7 8.3 0 2.9 10.9 26.6 123 109 16.5 6.4
"53" "43" 2021-04-11 30.18 "ORL" "" "MIL" "L" -37 0 27.4166666666667 0.291 0.167 0 16.7 7.5 23.2 0 0 22.5 14.3 64 132 1.4 -14.1
"54" "44" 2021-04-12 30.18 "ORL" "" "SAS" "L" -23 0 25.4333333333333 0.645 0.5 0 8.4 4.1 0 0 0 13.9 12.5 117 129 5.2 -7.5
"55" "45" 2021-04-14 30.19 "ORL" "@" "CHI" "W" 9 0 31.45 0.384 0.346 3.3 7.6 5.3 16.1 3.3 0 0 20.9 103 117 8.8 -7.3
"56" "46" 2021-04-16 30.19 "ORL" "@" "TOR" "L" -11 0 21.85 0.551 0.6 0 11.9 5.7 15.5 0 4.7 15.5 13.9 98 123 4.6 -6.2
"57" "" 2021-04-18 30.2 "ORL" "" "HOU" "L" -4 NA NA NA NA NA NA NA NA NA NA NA NA NA NA NA NA
"58" "" 2021-04-20 30.2 "ORL" "@" "ATL" "L" -16 NA NA NA NA NA NA NA NA NA NA NA NA NA NA NA NA
"59" "" 2021-04-22 30.21 "ORL" "" "NOP" "L" -35 NA NA NA NA NA NA NA NA NA NA NA NA NA NA NA NA
"60" "" 2021-04-25 30.22 "ORL" "" "IND" "L" -19 NA NA NA NA NA NA NA NA NA NA NA NA NA NA NA NA
"61" "" 2021-04-26 30.22 "ORL" "" "LAL" "L" -11 NA NA NA NA NA NA NA NA NA NA NA NA NA NA NA NA
"62" "" 2021-04-28 30.22 "ORL" "@" "CLE" "W" 5 NA NA NA NA NA NA NA NA NA NA NA NA NA NA NA NA
"63" "" 2021-04-30 30.23 "ORL" "@" "MEM" "L" -17 NA NA NA NA NA NA NA NA NA NA NA NA NA NA NA NA
"64" "" 2021-05-01 30.23 "ORL" "" "MEM" "W" 1 NA NA NA NA NA NA NA NA NA NA NA NA NA NA NA NA
"65" "" 2021-05-03 30.24 "ORL" "@" "DET" "W" 7 NA NA NA NA NA NA NA NA NA NA NA NA NA NA NA NA
"66" "" 2021-05-05 30.24 "ORL" "" "BOS" "L" -36 NA NA NA NA NA NA NA NA NA NA NA NA NA NA NA NA
"67" "" 2021-05-07 30.25 "ORL" "@" "CHO" "L" -10 NA NA NA NA NA NA NA NA NA NA NA NA NA NA NA NA
"68" "" 2021-05-09 30.25 "ORL" "" "MIN" "L" -32 NA NA NA NA NA NA NA NA NA NA NA NA NA NA NA NA
"69" "" 2021-05-11 30.26 "ORL" "@" "MIL" "L" -12 NA NA NA NA NA NA NA NA NA NA NA NA NA NA NA NA
"70" "" 2021-05-13 30.27 "ORL" "@" "ATL" "L" -23 NA NA NA NA NA NA NA NA NA NA NA NA NA NA NA NA
"71" "" 2021-05-14 30.27 "ORL" "@" "PHI" "L" -25 NA NA NA NA NA NA NA NA NA NA NA NA NA NA NA NA
"72" "" 2021-05-16 30.27 "ORL" "@" "PHI" "L" -11 NA NA NA NA NA NA NA NA NA NA NA NA NA NA NA NA
