"Rk" "G" "Date" "Age" "Tm" "H/A" "Opp" "W/L" "By Amt" "GS" "MP" "TS%" "eFG%" "ORB%" "DRB%" "TRB%" "AST%" "STL%" "BLK%" "TOV%" "USG%" "ORtg" "DRtg" "GmSc" "BPM"
"1" "" 2008-10-29 21.24 "PHI" "" "TOR" "L" -11 NA NA NA NA NA NA NA NA NA NA NA NA NA NA NA NA
"2" "1" 2008-10-31 21.24 "PHI" "" "NYK" "W" 29 0 5.85 0.75 0.75 20.5 25.2 23.4 0 0 0 20 35.3 115 83 4.3 4.6
"3" "" 2008-11-01 21.24 "PHI" "@" "ATL" "L" -7 NA NA NA NA NA NA NA NA NA NA NA NA NA NA NA NA
"4" "2" 2008-11-03 21.25 "PHI" "" "SAC" "W" 34 0 22.4833333333333 0.25 0.25 6.7 7.1 6.9 10.5 4.6 10.5 0 16.2 88 88 5.7 -0.6
"5" "3" 2008-11-05 21.25 "PHI" "@" "MIA" "L" -23 0 16.9 0.5 0.5 35.5 31.6 33.4 15.4 0 0 33.3 23.6 87 111 4.5 -6.5
"6" "4" 2008-11-06 21.26 "PHI" "@" "ORL" "L" -10 0 4.63333333333333 1 1 19.9 0 10.4 40.4 0 18.2 0 9 205 99 3.4 22.7
"7" "5" 2008-11-11 21.27 "PHI" "" "UTA" "L" -13 0 10.4166666666667 0.515 0.333 0 0 0 0 0 6.6 0 17.4 114 107 2.2 -2.9
"8" "6" 2008-11-12 21.27 "PHI" "@" "TOR" "W" 10 0 20 0.607 0.556 30 16 21.8 7.7 0 4.1 0 23.6 144 109 10.8 -0.1
"9" "7" 2008-11-14 21.28 "PHI" "@" "IND" "W" 2 0 1.33333333333333 NA NA 0 0 0 0 37.5 0 NA 0 0 26 1 29.4
"10" "8" 2008-11-15 21.28 "PHI" "" "OKC" "W" 25 0 16.7166666666667 0.483 0.5 22.1 22.5 22.3 0 0 0 17.7 27.1 92 88 5.4 -9.1
"11" "9" 2008-11-19 21.29 "PHI" "@" "MIN" "L" -6 0 11.7166666666667 0.581 0.5 0 0 0 14.8 8.6 6.6 0 25.6 131 89 6.8 11.7
"12" "10" 2008-11-21 21.3 "PHI" "" "LAC" "W" 1 0 15.4666666666667 0.5 0.5 33.7 7.4 21.2 14.4 0 4.6 20 28 97 102 6 -3.9
"13" "11" 2008-11-23 21.3 "PHI" "" "GSW" "W" 8 0 12.4333333333333 0.333 0.333 7.9 18 12.6 0 4.4 6.4 0 20.3 92 82 3.6 2
"14" "12" 2008-11-24 21.31 "PHI" "@" "CHA" "L" -9 0 7.76666666666667 1 1 0 22.1 8.4 0 0 12.9 0 6 200 102 2.3 2.9
"15" "13" 2008-11-26 21.31 "PHI" "" "ORL" "L" -2 0 13.5333333333333 0.761 0.786 8.1 20.9 13.6 0 4 0 11.3 29.8 126 103 9.6 14.5
"16" "14" 2008-11-28 21.32 "PHI" "@" "BOS" "L" -24 0 15.4333333333333 0.47 0.455 26.5 17.3 22.5 0 0 0 7.3 42.3 99 120 6.3 -3.8
"17" "15" 2008-11-30 21.32 "PHI" "" "CHI" "L" -11 0 18.8666666666667 0.615 0.5 11.1 36.3 22 0 2.8 0 17 14.1 113 106 6.1 -1.4
"18" "16" 2008-12-02 21.33 "PHI" "@" "CHI" "W" 8 0 26.0666666666667 0.583 0.556 19.6 13.9 16.9 0 0 0 0 14.9 140 97 9.9 1.4
"19" "17" 2008-12-03 21.33 "PHI" "" "LAL" "L" -12 0 5.5 0 0 0 0 0 0 0 0 25 32.7 0 130 -4.7 -52.7
"20" "18" 2008-12-05 21.34 "PHI" "@" "DET" "W" 5 1 22.5166666666667 0.364 0.364 0 32.8 16.4 8.4 0 3.4 15.4 28.6 68 107 1.9 -12
"21" "19" 2008-12-06 21.34 "PHI" "" "NJN" "L" -11 1 16.4 0.509 0.5 0 17.2 7.2 0 3.4 0 0 19.2 109 109 4.8 0.7
"22" "20" 2008-12-10 21.35 "PHI" "" "CLE" "L" -8 0 7.33333333333333 0.615 0.5 29.8 30.4 30.1 0 7.3 0 0 30.4 143 93 5.8 12.5
"23" "21" 2008-12-12 21.36 "PHI" "@" "CLE" "L" -16 0 2.23333333333333 NA NA 0 0 0 0 0 0 NA 0 0 118 0 -5.9
"24" "22" 2008-12-13 21.36 "PHI" "" "WAS" "W" 15 0 10.55 0.709 0.333 13.4 18.6 16.4 0 0 0 0 25.1 166 99 7.6 8
"25" "23" 2008-12-17 21.37 "PHI" "" "MIL" "W" 5 0 18.7 0.595 0.429 11.2 32.1 20.9 0 2.9 0 9 26.9 125 92 8.8 2.7
"26" "24" 2008-12-19 21.38 "PHI" "@" "WAS" "W" 6 0 21.5666666666667 0.824 0.778 6.4 10.6 8.7 0 0 8.1 8.8 25.2 146 113 14 4.7
"27" "25" 2008-12-20 21.38 "PHI" "" "IND" "L" -1 0 24.5333333333333 0.545 0.545 9.8 8.9 9.3 8.4 2.2 11.7 15.4 23.6 98 99 10.4 3
"28" "26" 2008-12-23 21.39 "PHI" "@" "BOS" "L" -19 0 31.4 0.649 0.636 8.7 14.2 11.8 11.6 0 6.8 7.5 18.7 125 114 14.2 6
"29" "27" 2008-12-26 21.39 "PHI" "@" "DEN" "L" -4 0 18.1666666666667 0.45 0.417 7.1 7 7 10.2 2.8 0 0 32.5 101 115 7.5 -1.9
"30" "28" 2008-12-29 21.4 "PHI" "@" "UTA" "L" -17 0 17.65 0.635 0.571 0 0 0 0 0 0 0 20.6 133 131 5.5 -3.3
"31" "29" 2008-12-31 21.41 "PHI" "@" "LAC" "W" 8 0 7.21666666666667 0.5 0.5 19 0 8.5 0 0 0 33.3 38 68 118 0.3 -21.7
"32" "" 2009-01-02 21.41 "PHI" "@" "DAL" "L" -10 NA NA NA NA NA NA NA NA NA NA NA NA NA NA NA NA
"33" "30" 2009-01-03 21.42 "PHI" "@" "SAS" "L" -2 0 18.3666666666667 0.635 0.571 23.8 20.1 21.8 0 0 0 11.3 24.3 132 129 7.5 -4.9
"34" "31" 2009-01-06 21.42 "PHI" "" "HOU" "W" 8 0 23.1666666666667 0.67 0.667 16.8 23 20.2 7.3 2.3 13.6 8.2 24.7 135 98 17 12.9
"35" "32" 2009-01-07 21.43 "PHI" "@" "MIL" "W" 5 0 13.9166666666667 0.633 0.6 10.8 25.9 19.2 14 0 5.2 24 28.9 104 115 4.7 -6.4
"36" "33" 2009-01-09 21.43 "PHI" "" "CHA" "W" 6 0 16.35 0.393 0.364 22.6 8.2 15.7 0 0 10.5 0 34 105 108 5.5 -6.5
"37" "34" 2009-01-11 21.44 "PHI" "@" "ATL" "W" 15 0 22.6166666666667 0.857 0.857 21.2 32.2 27 0 0 4.4 12.5 16.4 150 104 11.2 3.5
"38" "35" 2009-01-14 21.45 "PHI" "" "POR" "W" 21 0 26.8166666666667 0.547 0.545 5.1 14.1 9.8 7.4 2.2 9.3 7.8 24.5 107 96 10.5 0.7
"39" "36" 2009-01-16 21.45 "PHI" "" "SAS" "W" 22 0 21.05 0.597 0.6 12 30.1 22.6 0 2.5 7.1 0 23.1 132 82 13.5 9.5
"40" "37" 2009-01-17 21.45 "PHI" "@" "NYK" "W" 10 0 21.85 0.556 0.556 10.7 17.3 13.9 0 2.4 0 0 18.3 126 106 8.6 -0.7
"41" "38" 2009-01-19 21.46 "PHI" "" "DAL" "L" -2 0 16.85 0.25 0.25 0 7.7 3.4 0 0 0 0 10.6 60 109 -0.5 -10.8
"42" "39" 2009-01-24 21.47 "PHI" "" "NYK" "W" 6 0 12.2833333333333 0.709 0.667 0 0 0 11.4 4.3 8.1 0 21.2 157 116 7.9 8.8
"43" "40" 2009-01-26 21.48 "PHI" "@" "NOH" "L" -15 0 3.03333333333333 NA NA 0 0 0 0 0 0 NA 0 0 132 -0.8 -20.8
"44" "41" 2009-01-28 21.48 "PHI" "@" "HOU" "W" 2 0 20.7 0.6 0.6 5.9 23.7 15.8 0 0 3.3 16.7 12.9 106 101 5.2 -2.5
"45" "42" 2009-01-30 21.49 "PHI" "" "WAS" "W" 10 0 13.0833333333333 0.694 0.5 10.8 8.9 9.8 10.6 0 0 0 21.6 159 114 7.3 3.5
"46" "43" 2009-01-31 21.49 "PHI" "" "NJN" "L" -2 0 15.7333333333333 0.41 0.25 13 13 13 12.7 0 4.6 45 25.5 59 100 -1 -17.6
"47" "44" 2009-02-03 21.5 "PHI" "" "BOS" "L" -1 0 5.56666666666667 1 1 20.5 0 11.7 0 9.7 0 0 24.8 201 100 6 25.6
"48" "45" 2009-02-05 21.51 "PHI" "" "IND" "W" 5 0 7.05 0 0 14.5 15.1 14.8 0 0 0 0 12.1 34 108 -0.8 -18.2
"49" "46" 2009-02-07 21.51 "PHI" "" "MIA" "W" 10 0 22.0166666666667 0.705 0.625 18.7 16.4 17.4 22.8 0 7.5 0 24.2 157 95 16 14.8
"50" "47" 2009-02-09 21.52 "PHI" "" "PHO" "W" 17 0 24 0.711 0.688 16.7 12.8 14.7 0 2.2 5.6 0 29.3 159 96 22.1 16.3
"51" "48" 2009-02-11 21.52 "PHI" "" "MEM" "W" 4 0 16.1833333333333 0.714 0.714 0 16.9 8.6 0 0 0 0 22.7 131 106 5.7 -2.3
"52" "49" 2009-02-17 21.54 "PHI" "@" "IND" "L" -9 0 2.1 0 0 0 0 0 0 0 0 0 20.3 0 113 -1.5 -42.1
"53" "50" 2009-02-18 21.54 "PHI" "" "DEN" "L" -12 0 22.0333333333333 0.5 0.5 20.9 27.2 23.7 12.7 4.5 3.6 15.4 24 100 95 9.7 3.9
"54" "51" 2009-02-21 21.55 "PHI" "@" "MIA" "L" -6 0 19.8833333333333 0.6 0.6 16.1 20.7 18.1 13 2.8 0 9.1 24.8 123 108 9.9 7.1
"55" "52" 2009-02-23 21.56 "PHI" "@" "NJN" "L" -2 0 17.7166666666667 0.425 0.4 0 7.3 3.7 0 0 11.3 0 15.6 95 111 2.8 -5.7
"56" "53" 2009-02-25 21.56 "PHI" "@" "WAS" "W" 8 0 12.2666666666667 0.5 0.5 0 10 5 0 0 6.2 0 21.2 106 106 2.8 -6.7
"57" "54" 2009-02-27 21.57 "PHI" "@" "NYK" "W" 5 0 7.31666666666667 0.525 0.333 0 46.9 23.7 0 0 0 0 29.5 123 110 3 -5.4
"58" "55" 2009-02-28 21.57 "PHI" "" "ORL" "L" -6 0 7.35 0.5 0.5 0 21.1 9.7 0 0 0 33.3 19.1 63 121 -0.1 -13
"59" "56" 2009-03-02 21.58 "PHI" "" "NOH" "L" -7 0 19.6333333333333 0.143 0.143 16.3 22.2 19.2 7.3 0 3.8 0 17.5 66 112 1.4 -9.4
"60" "57" 2009-03-07 21.59 "PHI" "@" "MEM" "W" 5 0 16.4666666666667 0.554 0.6 6.3 17.1 10.9 0 3.2 8.6 13.7 19.4 103 107 5.8 -1.6
"61" "58" 2009-03-08 21.59 "PHI" "@" "OKC" "L" -15 0 26.8 0.515 0.5 13.4 15.8 14.5 0 0 0 0 13.6 119 104 6 -1.3
"62" "59" 2009-03-11 21.6 "PHI" "" "TOR" "W" 9 0 15.9 0.742 0.714 0 16.3 8.4 10.4 0 0 10.2 28.8 135 118 8 -1.2
"63" "60" 2009-03-13 21.61 "PHI" "" "CHI" "W" 3 0 18.1666666666667 0.556 0.556 0 12 6.2 0 5.7 0 0 22.8 114 103 6.7 -1.2
"64" "61" 2009-03-15 21.61 "PHI" "" "MIA" "W" 8 0 17.6666666666667 0.8 0.8 12.6 23.3 17.4 24.6 0 5.5 0 14 170 94 9.3 13.2
"65" "62" 2009-03-17 21.62 "PHI" "@" "LAL" "W" 1 0 5.38333333333333 0.333 0.333 37.9 26.2 33 0 0 0 0 26 102 109 1.6 -9.8
"66" "63" 2009-03-18 21.62 "PHI" "@" "PHO" "L" -10 0 4.1 0 0 30.8 63.3 46.8 0 0 16.3 0 22 47 117 -0.3 -24.7
"67" "64" 2009-03-20 21.62 "PHI" "@" "GSW" "L" -8 0 17.9333333333333 0.556 0.556 9.6 8.6 9.2 0 0 4.1 18.2 22.5 97 123 4.9 -7.6
"68" "65" 2009-03-22 21.63 "PHI" "@" "SAC" "W" 12 0 20.0833333333333 0.593 0.5 23.9 16.3 19.4 0 0 0 19.2 37.4 106 113 9.2 -11.1
"69" "66" 2009-03-23 21.63 "PHI" "@" "POR" "W" 6 0 14.2166666666667 0.51 0.4 11.7 7.8 9.3 0 0 0 0 21 131 125 3.9 -4.6
"70" "67" 2009-03-25 21.64 "PHI" "" "MIN" "W" 8 0 7.9 0.4 0.4 0 28.3 15.8 0 0 24.3 0 30.8 85 88 2.5 -2.5
"71" "68" 2009-03-27 21.64 "PHI" "" "CHA" "L" -5 0 12.9666666666667 0.347 0 0 0 0 0 0 6.9 0 10.9 81 125 1.3 -5.4
"72" "69" 2009-03-29 21.65 "PHI" "@" "DET" "L" -4 0 13.2166666666667 0.17 0 9.6 11.7 10.5 0 0 0 0 21.8 60 126 -2.1 -25.8
"73" "70" 2009-03-31 21.65 "PHI" "" "ATL" "W" 13 0 25.3833333333333 0.542 0.462 10.8 6.8 9 14.7 0 0 0 28.5 130 118 10.8 0.6
"74" "71" 2009-04-02 21.66 "PHI" "" "MIL" "W" 10 0 26.7666666666667 0.709 0.667 10.5 18.9 14.9 0 1.9 0 9.2 18.1 138 102 11.1 3.5
"75" "72" 2009-04-04 21.67 "PHI" "" "DET" "W" 5 0 24.3666666666667 0.46 0.4 16.9 8.2 11.9 0 0 3.4 0 21.8 117 113 6.4 -4.8
"76" "73" 2009-04-05 21.67 "PHI" "@" "NJN" "L" -29 0 15.1166666666667 0.167 0.167 0 15.1 7.1 0 0 0 0 18.8 41 118 -1.6 -15.4
"77" "74" 2009-04-07 21.67 "PHI" "@" "CHA" "L" -3 0 19.7 0.581 0.5 11.9 7 9.6 0 0 0 12.7 18.9 116 128 4.9 -7.4
"78" "75" 2009-04-09 21.68 "PHI" "@" "CHI" "L" -14 0 26.4333333333333 0.514 0.429 0 17.6 8.3 0 0 0 0 16.4 113 134 4.6 -9.1
"79" "76" 2009-04-10 21.68 "PHI" "" "CLE" "L" -10 0 23.0833333333333 0.455 0.444 30.6 21.3 25.6 8.4 0 3.7 0 22.2 123 127 10 1.4
"80" "77" 2009-04-12 21.69 "PHI" "@" "TOR" "L" -7 0 29.3166666666667 0.385 0.385 7.3 13.6 10.1 0 0 0 0 18.2 108 126 4 -8.7
"81" "78" 2009-04-14 21.69 "PHI" "" "BOS" "L" -2 0 14.7833333333333 0.644 0.667 16.2 25 20.6 10.3 0 5.2 0 12.1 150 112 6.6 5.6
"82" "79" 2009-04-15 21.7 "PHI" "@" "CLE" "W" 1 0 14.4333333333333 0.34 0.2 11.1 9.4 10.2 0 0 0 14.5 23.9 78 126 0.1 -20.5
"1" "1" 2009-10-28 22.23 "PHI" "@" "ORL" "L" -14 0 26.0166666666667 0.895 0.909 10 16.3 13 0 3.9 3.5 6.4 27.5 168 122 24.3 14.8
"2" "2" 2009-10-30 22.24 "PHI" "" "MIL" "W" 13 0 12.9 0.515 0.333 39.2 21.9 29.3 13.2 0 0 20.5 17.5 122 90 3.7 -6.2
"3" "3" 2009-10-31 22.24 "PHI" "@" "NYK" "W" 14 0 29.8833333333333 0.765 0.7 23.6 21.3 22.2 9.2 0 6 18.7 24.1 140 116 19.4 5.5
"4" "4" 2009-11-03 22.25 "PHI" "" "BOS" "L" -31 0 23.8833333333333 0.273 0.273 14 40.2 24.8 0 0 3.9 8.3 22.8 64 116 2.3 -9.4
"5" "5" 2009-11-06 22.26 "PHI" "" "NJN" "W" 3 0 17.7833333333333 0.727 0.667 0 18.8 9.9 0 0 7.8 0 18.9 147 103 9.3 3.9
"6" "6" 2009-11-08 22.26 "PHI" "@" "DET" "L" -7 0 23.4166666666667 0.794 0.778 14 13.4 13.7 20.9 0 6.3 9.6 21.2 147 106 15.1 12.7
"7" "7" 2009-11-09 22.27 "PHI" "" "PHO" "L" -4 0 29.6166666666667 0.658 0.615 4.4 32.4 18 5.2 0 0 0 23.5 143 131 15.6 0
"8" "8" 2009-11-11 22.27 "PHI" "@" "NJN" "W" 3 0 30.4666666666667 0.552 0.533 18.5 11.3 15.2 0 0 0 5.5 28.7 115 97 13.8 0.3
"9" "9" 2009-11-13 22.28 "PHI" "" "UTA" "L" -22 0 24.4 0.515 0.333 4.9 21.3 12.8 0 0 2.8 50.8 15.8 57 126 -0.7 -15.8
"10" "10" 2009-11-14 22.28 "PHI" "@" "CHI" "L" -6 0 15.6 0.6 0.6 7 7.5 7.2 0 6.4 0 16.7 17.4 100 93 5.7 2.9
"11" "" 2009-11-18 22.29 "PHI" "" "CHA" "W" 2 NA NA NA NA NA NA NA NA NA NA NA NA NA NA NA NA
"12" "" 2009-11-20 22.3 "PHI" "" "MEM" "L" -5 NA NA NA NA NA NA NA NA NA NA NA NA NA NA NA NA
"13" "" 2009-11-21 22.3 "PHI" "@" "CLE" "L" -6 NA NA NA NA NA NA NA NA NA NA NA NA NA NA NA NA
"14" "" 2009-11-24 22.31 "PHI" "@" "WAS" "L" -1 NA NA NA NA NA NA NA NA NA NA NA NA NA NA NA NA
"15" "" 2009-11-25 22.31 "PHI" "@" "BOS" "L" -3 NA NA NA NA NA NA NA NA NA NA NA NA NA NA NA NA
"16" "" 2009-11-27 22.32 "PHI" "" "ATL" "L" -14 NA NA NA NA NA NA NA NA NA NA NA NA NA NA NA NA
"17" "" 2009-11-29 22.32 "PHI" "@" "SAS" "L" -8 NA NA NA NA NA NA NA NA NA NA NA NA NA NA NA NA
"18" "" 2009-11-30 22.32 "PHI" "@" "DAL" "L" -2 NA NA NA NA NA NA NA NA NA NA NA NA NA NA NA NA
"19" "" 2009-12-02 22.33 "PHI" "@" "OKC" "L" -11 NA NA NA NA NA NA NA NA NA NA NA NA NA NA NA NA
"20" "" 2009-12-05 22.34 "PHI" "@" "CHA" "L" -1 NA NA NA NA NA NA NA NA NA NA NA NA NA NA NA NA
"21" "" 2009-12-07 22.34 "PHI" "" "DEN" "L" -10 NA NA NA NA NA NA NA NA NA NA NA NA NA NA NA NA
"22" "" 2009-12-09 22.35 "PHI" "" "DET" "L" -4 NA NA NA NA NA NA NA NA NA NA NA NA NA NA NA NA
"23" "" 2009-12-11 22.35 "PHI" "" "HOU" "L" -5 NA NA NA NA NA NA NA NA NA NA NA NA NA NA NA NA
"24" "" 2009-12-14 22.36 "PHI" "" "GSW" "W" 16 NA NA NA NA NA NA NA NA NA NA NA NA NA NA NA NA
"25" "11" 2009-12-16 22.37 "PHI" "" "CLE" "L" -7 0 22.1166666666667 0.53 0.455 9.6 11.4 10.5 8.6 2.5 0 18.5 32.9 99 125 7 -7.5
"26" "12" 2009-12-18 22.37 "PHI" "@" "BOS" "W" 1 0 22.2833333333333 0.435 0.375 22.9 24.5 23.7 9.8 2.3 0 4.9 38.7 105 100 10.7 -0.1
"27" "13" 2009-12-19 22.38 "PHI" "" "LAC" "L" -5 0 35.1166666666667 0.584 0.55 21.1 8.2 15.6 5.7 0 0 4 33.5 126 124 21.2 1.8
"28" "14" 2009-12-22 22.38 "PHI" "@" "WAS" "L" -7 0 19.65 0.666 0.6 14 5.4 9.2 0 0 0 12.9 18.8 124 120 6.2 -4.8
"29" "15" 2009-12-26 22.39 "PHI" "@" "UTA" "L" -21 0 16.3833333333333 0 0 10.9 25.9 16.6 0 6.3 5.1 27.3 31 10 91 -4.4 -21.2
"30" "16" 2009-12-28 22.4 "PHI" "@" "POR" "W" 11 0 17.45 0.875 0.875 0 12 7.3 0 0 4 0 22.9 171 112 11.3 9.9
"31" "17" 2009-12-30 22.41 "PHI" "@" "SAC" "W" 10 0 14.1 0.8 0.8 0 7.7 4.4 24 3.6 9.5 16.7 19.4 135 107 8.8 12.1
"32" "18" 2009-12-31 22.41 "PHI" "@" "LAC" "L" -16 0 18.8166666666667 0.51 0.4 0 15.5 6.5 0 5.6 0 14.5 16.6 89 108 3.7 -8.2
"33" "19" 2010-01-03 22.42 "PHI" "@" "DEN" "W" 3 0 11.1833333333333 0.82 0.75 10.2 0 5.4 15.8 4.5 0 0 20 174 106 8 11.8
"34" "20" 2010-01-05 22.42 "PHI" "" "WAS" "L" -7 0 12.0166666666667 0.363 0.333 21 33.3 27 26.6 0 0 0 25.8 107 112 4.5 -0.9
"35" "21" 2010-01-08 22.43 "PHI" "" "TOR" "L" -2 0 9.85 0.515 0.333 0 12.8 6.2 0 10 0 0 34.7 115 97 6.1 2.6
"36" "22" 2010-01-09 22.43 "PHI" "@" "DET" "W" 10 0 6.36666666666667 0.333 0.333 25.1 51.4 40.8 0 8.4 0 40 38.7 53 78 0.9 -16.3
"37" "23" 2010-01-11 22.44 "PHI" "" "NOH" "W" 4 0 5.1 0 0 23 35.5 30 0 0 0 25 36.6 19 96 -1.8 -35.9
"38" "24" 2010-01-13 22.44 "PHI" "" "NYK" "L" -1 0 8.66666666666667 0.868 1 24.6 48.2 36.5 0 0 0 14.8 35.3 136 101 9.2 20.4
"39" "25" 2010-01-15 22.45 "PHI" "" "SAC" "W" 12 0 16.15 0.347 0 0 22.9 11.1 0 0 5.4 25.8 22.1 58 97 0 -16
"40" "26" 2010-01-18 22.46 "PHI" "@" "MIN" "L" -5 0 17.4166666666667 0.619 0.625 0 26.5 14.8 12.3 6.1 0 0 25.1 122 96 9.7 7
"41" "27" 2010-01-20 22.46 "PHI" "" "POR" "L" -8 0 12.6166666666667 0.37 0.2 20 10.9 15.6 12.6 0 0 0 26.2 106 125 3.9 -3.6
"42" "28" 2010-01-22 22.47 "PHI" "" "DAL" "W" 11 0 25.3333333333333 0.538 0.538 4.5 7.7 6.2 8 6.1 8.6 0 23.3 111 76 13.6 10.6
"43" "29" 2010-01-23 22.47 "PHI" "@" "IND" "W" 10 0 15.7666666666667 0.615 0.5 5.6 14.5 9.5 18 3.1 6.2 17 15.3 122 93 7 6.6
"44" "30" 2010-01-25 22.48 "PHI" "" "IND" "L" -11 0 7.93333333333333 0.5 0.5 0 16.4 7.6 0 0 9.9 0 22.7 101 110 2.6 -1.1
"45" "31" 2010-01-27 22.48 "PHI" "@" "MIL" "L" -3 0 18.6 0.521 0.333 26.5 16.5 21 25.1 3 3.6 10.4 24.1 128 99 10.1 9.4
"46" "32" 2010-01-29 22.49 "PHI" "" "LAL" "L" -8 0 4.85 0 0 0 24.7 12.4 0 0 0 0 9.3 0 113 -0.8 -17.9
"47" "33" 2010-01-31 22.49 "PHI" "@" "NJN" "W" 4 0 11.6166666666667 0.193 0.167 7.8 18.8 12.8 0 0 14 0 29.2 50 84 -0.5 -14.4
"48" "34" 2010-02-03 22.5 "PHI" "" "CHI" "W" 3 0 14.15 0.615 0.5 9.4 34.1 22.3 10 0 0 17 20.1 117 103 4.8 -1
"49" "35" 2010-02-05 22.51 "PHI" "@" "NOH" "W" 7 0 6.91666666666667 0.5 0.5 0 49.6 25.4 0 0 0 0 26.7 103 103 1.7 -10.1
"50" "36" 2010-02-06 22.51 "PHI" "@" "HOU" "W" 7 0 5.93333333333333 0.667 0.667 0 16.5 10.1 0 0 0 0 25.5 122 109 2.2 -4.7
"51" "37" 2010-02-09 22.52 "PHI" "" "MIN" "W" 22 0 3.23333333333333 0 0 0 0 0 0 0 24.3 33.3 42.4 0 88 -2.1 -46.1
"52" "38" 2010-02-10 22.52 "PHI" "@" "TOR" "L" -11 0 7.15 0.387 0.333 16.4 43.8 30.9 0 0 0 20.5 29.9 73 104 0.7 -15.6
"53" "39" 2010-02-16 22.54 "PHI" "" "MIA" "L" -27 0 14.3666666666667 0.225 0.25 6.6 17.6 11.3 0 3.8 4.8 0 29.5 54 113 0.6 -12.8
"54" "40" 2010-02-19 22.55 "PHI" "" "SAS" "W" 12 0 15.1666666666667 0.5 0.5 0 0 0 0 0 0 11.1 27.4 86 112 2.2 -11.8
"55" "41" 2010-02-20 22.55 "PHI" "@" "CHI" "L" -32 0 19.85 0.429 0.429 0 33.9 16.6 0 0 0 0 15.1 93 123 2 -10.9
"56" "42" 2010-02-23 22.56 "PHI" "@" "GSW" "W" 8 0 10.5666666666667 0.483 0.375 33.2 39.8 37.1 16.6 4.4 0 17.7 45.9 97 83 6.7 -4.2
"57" "43" 2010-02-24 22.56 "PHI" "@" "PHO" "L" -11 0 24.5166666666667 0.667 0.667 0 23 9.8 0 0 0 10 18.7 119 118 6.3 -4.1
"58" "44" 2010-02-26 22.56 "PHI" "@" "LAL" "L" -9 0 14.1333333333333 0.375 0.375 0 23.7 11.3 11.4 3.9 4.4 11.1 28.9 77 104 3.5 -2.4
"59" "45" 2010-03-01 22.57 "PHI" "" "ORL" "L" -21 0 23.6 0.4 0.4 0 14 5.9 6 0 3.8 0 19.5 92 140 3 -10.4
"60" "46" 2010-03-03 22.58 "PHI" "@" "ATL" "L" -19 0 14.6 0.102 0 0 8.4 4.2 9.4 0 0 17 18.6 27 123 -2.6 -17.9
"61" "47" 2010-03-05 22.58 "PHI" "" "BOS" "L" -10 0 7.28333333333333 0.5 0.5 16.9 20.6 18.6 27.7 0 0 0 27.1 117 112 3.3 5.7
"62" "48" 2010-03-07 22.59 "PHI" "@" "TOR" "W" 13 0 3.18333333333333 0 0 0 0 0 0 0 0 50 28.4 0 118 -2.1 -44.2
"63" "" 2010-03-09 22.59 "PHI" "@" "IND" "L" -11 NA NA NA NA NA NA NA NA NA NA NA NA NA NA NA NA
"64" "" 2010-03-10 22.6 "PHI" "" "CHA" "L" -15 NA NA NA NA NA NA NA NA NA NA NA NA NA NA NA NA
"65" "" 2010-03-12 22.6 "PHI" "" "CLE" "L" -5 NA NA NA NA NA NA NA NA NA NA NA NA NA NA NA NA
"66" "" 2010-03-14 22.61 "PHI" "@" "MIA" "L" -13 NA NA NA NA NA NA NA NA NA NA NA NA NA NA NA NA
"67" "" 2010-03-15 22.61 "PHI" "" "NYK" "L" -10 NA NA NA NA NA NA NA NA NA NA NA NA NA NA NA NA
"68" "" 2010-03-17 22.62 "PHI" "" "NJN" "W" 11 NA NA NA NA NA NA NA NA NA NA NA NA NA NA NA NA
"69" "49" 2010-03-19 22.62 "PHI" "@" "NYK" "L" -4 0 4.96666666666667 0.174 0 0 22 11.1 0 0 0 0 28.2 40 109 -0.9 -23.5
"70" "50" 2010-03-20 22.62 "PHI" "" "CHI" "L" -14 0 29.6166666666667 0.511 0.429 14.1 27.7 20.5 0 1.7 0 5.7 27.6 108 103 11.7 -0.9
"71" "51" 2010-03-22 22.63 "PHI" "" "ORL" "L" -16 0 12.3666666666667 0 0 15.8 25 19.4 10.8 0 0 0 22.9 35 130 -2.3 -24.8
"72" "52" 2010-03-24 22.64 "PHI" "@" "MIL" "W" 15 0 11.45 0.509 0.5 12.7 8.9 10.5 14.7 0 8.1 12.7 32.2 103 99 3.4 -6.6
"73" "53" 2010-03-26 22.64 "PHI" "" "ATL" "W" 7 1 18.6 0.4 0.4 12.9 13.2 13.1 8.4 0 4.3 0 23.7 106 114 4.4 -8.9
"74" "54" 2010-03-30 22.65 "PHI" "" "OKC" "L" -18 0 20.1333333333333 0.481 0.167 12.2 32.5 23 7.1 0 6.3 8.8 26.5 105 110 9.3 1.3
"75" "55" 2010-03-31 22.65 "PHI" "@" "CHA" "L" -19 0 22 0.597 0.6 0 26 13.1 0 2.3 0 21.6 27.1 86 104 5.9 -3.9
"76" "56" 2010-04-03 22.66 "PHI" "" "TOR" "L" -5 0 10.5666666666667 0.901 1 13.6 15.7 14.5 20.1 0 0 0 21 178 134 7.3 7
"77" "57" 2010-04-06 22.67 "PHI" "" "DET" "L" -21 0 31.5833333333333 0.636 0.538 0 35.1 15.5 10.7 1.7 0 15.4 29.6 112 137 13.9 -4.8
"78" "58" 2010-04-07 22.67 "PHI" "@" "MIA" "L" -4 0 10.3 0.4 0.4 0 18.6 10.7 0 0 0 0 23.1 84 109 0.7 -13.5
"79" "59" 2010-04-09 22.68 "PHI" "" "MIL" "L" -5 0 15.4833333333333 0.311 0.333 7.6 8.2 7.8 0 0 6.5 0 18.7 75 110 1.5 -9
"80" "60" 2010-04-10 22.68 "PHI" "@" "MEM" "W" 19 0 21.0333333333333 0.6 0.588 12.3 19.6 15.8 8.7 0 4.1 0 39.9 129 107 15.8 -0.6
"81" "61" 2010-04-12 22.69 "PHI" "" "MIA" "L" -2 0 16.6333333333333 0.286 0.286 0 8.5 4.2 0 0 0 0 21.6 56 130 -0.6 -21.8
"82" "62" 2010-04-14 22.69 "PHI" "@" "ORL" "L" -14 0 23.1 0.71 0.643 20.8 27.7 23.7 0 2.3 7.3 0 33.1 152 128 21.2 9.2
"1" "1" 2010-10-27 23.23 "PHI" "" "MIA" "L" -10 0 3.65 0.129 0 0 0 0 0 0 0 0 49.1 31 114 -1.9 -39.1
"2" "2" 2010-10-29 23.24 "PHI" "" "ATL" "L" -3 0 2.7 0 0 0 0 0 0 0 0 66.7 49.6 0 121 -3.1 -67.9
"3" "3" 2010-10-30 23.24 "PHI" "@" "IND" "L" -13 0 8.38333333333333 1 1 0 22.9 11.8 0 0 8.8 0 5.3 200 98 2.6 3.4
"4" "4" 2010-11-02 23.25 "PHI" "@" "WAS" "L" -1 0 17.2333333333333 0.6 0.6 0 33.2 17.3 0 0 0 16.7 16.1 89 111 1.9 -10.4
"5" "5" 2010-11-03 23.25 "PHI" "" "IND" "W" 26 0 13.6333333333333 0.167 0.167 8 62.9 38.7 10.2 0 0 25 27.6 41 65 -0.6 -17
"6" "6" 2010-11-05 23.25 "PHI" "" "CLE" "L" -7 0 12.3333333333333 0.82 0.75 20.5 11.8 16.4 0 4 6.3 29.1 24.8 120 121 6.6 -2.8
"7" "7" 2010-11-07 23.26 "PHI" "@" "NYK" "W" 10 0 10.0833333333333 0.667 0.667 11.1 28 20.3 17.3 4.8 0 25 17.4 111 85 4.2 4.6
"8" "8" 2010-11-10 23.27 "PHI" "@" "OKC" "L" -6 0 7.68333333333333 0.174 0 0 20.8 8.8 32 0 0 25.8 22.3 54 119 -0.1 -7.4
"9" "9" 2010-11-12 23.27 "PHI" "@" "DAL" "L" -9 0 5.86666666666667 0.5 0.5 0 0 0 0 0 0 0 15.4 105 123 -0.2 -13.7
"10" "10" 2010-11-13 23.28 "PHI" "@" "SAS" "L" -23 0 24.5166666666667 0.511 0.444 13.1 19.6 16.1 0 0 2.9 8.5 21.4 107 119 8.1 -2.6
"11" "" 2010-11-16 23.28 "PHI" "@" "CLE" "L" -8 NA NA NA NA NA NA NA NA NA NA NA NA NA NA NA NA
"12" "11" 2010-11-17 23.29 "PHI" "" "TOR" "L" -8 0 6.53333333333333 0.667 0.667 27.2 19.3 24 0 0 0 25 26.2 103 106 2.6 -4.7
"13" "12" 2010-11-19 23.29 "PHI" "" "MIL" "W" 11 0 16.6333333333333 0.19 0.143 14.8 50.2 34 0 3.3 0 20.2 28.1 45 71 -0.3 -15.8
"14" "13" 2010-11-23 23.3 "PHI" "@" "WAS" "L" -2 0 29.1666666666667 0.615 0.615 12.4 22.3 17.6 0 0 4.8 7.1 20.9 120 109 12.8 -0.6
"15" "14" 2010-11-24 23.31 "PHI" "@" "TOR" "L" -16 0 21.0833333333333 0.507 0.5 5.6 5.8 5.7 8.8 0 3.9 25.3 26.4 81 121 3.2 -8.7
"16" "15" 2010-11-26 23.31 "PHI" "@" "MIA" "L" -9 0 14.9 0.667 0.667 0 22.5 12.2 0 0 0 0 19.9 128 116 5.1 -0.2
"17" "16" 2010-11-27 23.32 "PHI" "" "NJN" "W" 16 0 13.05 0.425 0.4 9.7 24 17.5 10.3 0 0 0 22.3 106 103 3.4 -6
"18" "17" 2010-11-30 23.32 "PHI" "" "POR" "W" 9 0 14.4166666666667 0.581 0.5 9.2 27.2 19.6 31.7 3.9 0 12.7 29 114 82 7.1 6.9
"19" "18" 2010-12-03 23.33 "PHI" "@" "ATL" "L" -5 0 14.0166666666667 0.571 0.571 7.6 7.3 7.4 15.4 0 5.1 12.5 26.8 99 102 4.9 0.7
"20" "19" 2010-12-04 23.33 "PHI" "" "CHA" "W" 18 0 7.16666666666667 0.333 0.333 0 35.3 17.9 0 0 0 0 20.4 73 104 0.5 -13.2
"21" "" 2010-12-07 23.34 "PHI" "" "CLE" "W" 20 NA NA NA NA NA NA NA NA NA NA NA NA NA NA NA NA
"22" "" 2010-12-09 23.35 "PHI" "" "BOS" "L" -1 NA NA NA NA NA NA NA NA NA NA NA NA NA NA NA NA
"23" "20" 2010-12-12 23.36 "PHI" "" "NOH" "W" 18 0 12.7 0.085 0 0 28 15.7 0 0 0 0 22.1 19 74 -2.5 -17.9
"24" "21" 2010-12-14 23.36 "PHI" "@" "NJN" "W" 5 0 5.78333333333333 1 1 0 0 0 38.2 0 0 0 8.8 205 102 1.6 7
"25" "" 2010-12-15 23.36 "PHI" "" "LAC" "W" 14 NA NA NA NA NA NA NA NA NA NA NA NA NA NA NA NA
"26" "22" 2010-12-17 23.37 "PHI" "" "LAL" "L" -12 0 5.91666666666667 0.81 0.667 15 19.8 17.1 0 0 0 0 32.7 175 106 5.9 19.3
"27" "23" 2010-12-18 23.37 "PHI" "@" "ORL" "W" 8 0 16.5333333333333 0.47 0.429 0 5.9 3.2 0 0 0 11.8 23.9 82 104 1.8 -9.3
"28" "24" 2010-12-21 23.38 "PHI" "@" "CHI" "L" -45 0 11.9166666666667 0.25 0.25 0 44.8 15.7 16.8 4.4 0 20 18.6 51 125 0.4 -8.3
"29" "" 2010-12-22 23.38 "PHI" "@" "BOS" "L" -4 NA NA NA NA NA NA NA NA NA NA NA NA NA NA NA NA
"30" "" 2010-12-26 23.39 "PHI" "@" "DEN" "W" 6 NA NA NA NA NA NA NA NA NA NA NA NA NA NA NA NA
"31" "25" 2010-12-27 23.4 "PHI" "@" "GSW" "L" -15 0 2.48333333333333 NA NA 37.2 0 19.7 0 0 0 NA 0 209 124 0.7 -5.4
"32" "" 2010-12-29 23.4 "PHI" "@" "PHO" "W" 13 NA NA NA NA NA NA NA NA NA NA NA NA NA NA NA NA
"33" "" 2010-12-31 23.41 "PHI" "@" "LAL" "L" -4 NA NA NA NA NA NA NA NA NA NA NA NA NA NA NA NA
"34" "26" 2011-01-03 23.42 "PHI" "@" "NOH" "L" -7 1 23.9833333333333 0.676 0.625 8.2 22.2 14.1 0 0 0 10.1 19.4 132 107 9.6 5.6
"35" "27" 2011-01-05 23.42 "PHI" "" "WAS" "W" 12 0 16.0833333333333 0.508 0.571 28 27.8 27.9 22.9 0 0 20.2 30.8 102 107 5.8 -5.1
"36" "28" 2011-01-07 23.43 "PHI" "" "CHI" "W" 6 0 5.06666666666667 1.136 NA 0 25.6 13.2 0 0 0 0 8.6 250 111 1.9 2.4
"37" "29" 2011-01-08 23.43 "PHI" "@" "DET" "L" -3 0 14 0.727 0.833 8.2 43.7 27 0 0 0 0 22.8 134 100 8.3 6
"38" "30" 2011-01-11 23.44 "PHI" "" "IND" "L" -8 0 25.45 0.788 0.75 15.7 28.3 22.3 0 0 0 0 16 166 118 13.5 4.5
"39" "31" 2011-01-14 23.45 "PHI" "" "MIL" "W" 1 0 9.18333333333333 0.608 0.5 20.1 14.1 16.6 40.9 0 7.9 0 33.8 143 109 7.3 15.9
"40" "32" 2011-01-17 23.45 "PHI" "" "CHA" "W" 4 0 19.15 0.506 0.444 16 13.2 14.4 22.2 0 0 9.2 26.4 109 97 7.9 1.7
"41" "33" 2011-01-19 23.46 "PHI" "@" "ORL" "L" -1 0 8.93333333333333 0.347 0 0 13.2 6.2 0 0 0 0 15.4 78 98 -0.3 -12
"42" "34" 2011-01-20 23.46 "PHI" "@" "CHA" "L" -3 0 15.8333333333333 0.26 0 14.1 43.3 28.5 0 0 0 0 16.8 83 110 1.4 -13.9
"43" "35" 2011-01-22 23.47 "PHI" "" "UTA" "W" 11 0 7.23333333333333 0.5 0.5 0 45.2 21.9 0 0 10.2 0 24.4 103 82 3.2 4.1
"44" "36" 2011-01-24 23.47 "PHI" "" "PHO" "W" 10 0 10.7833333333333 0.667 0.667 25.4 11.7 18.3 12.7 0 0 40 22 95 112 2.7 -7.8
"45" "37" 2011-01-26 23.48 "PHI" "@" "TOR" "W" 13 0 17.2333333333333 0.863 0.833 40.8 23.9 33 17.2 0 0 18.4 41.5 141 110 20.2 16.7
"46" "38" 2011-01-28 23.48 "PHI" "" "MEM" "L" -5 0 9.95 0.425 0.4 26.1 0 13 0 0 0 0 27.9 107 123 2.1 -12.6
"47" "39" 2011-01-30 23.49 "PHI" "" "DEN" "W" 11 0 8.73333333333333 0.5 0.5 0 44.6 22.6 0 0 0 0 11.4 99 109 0.7 -11.6
"48" "40" 2011-02-02 23.5 "PHI" "@" "NJN" "W" 14 0 4.88333333333333 0.515 0.333 24 0 11.6 0 0 0 20.5 44.4 99 110 1.6 -14.1
"49" "41" 2011-02-04 23.5 "PHI" "" "NYK" "W" 2 0 3.3 NA NA 0 30.3 16.3 0 0 24.2 NA 0 0 86 0.2 -4.6
"50" "" 2011-02-06 23.51 "PHI" "@" "NYK" "L" -14 NA NA NA NA NA NA NA NA NA NA NA NA NA NA NA NA
"51" "42" 2011-02-08 23.52 "PHI" "@" "ATL" "W" 34 0 5.76666666666667 0.75 0.75 0 0 0 0 0 0 0 32.7 142 99 4.4 6.9
"52" "" 2011-02-09 23.52 "PHI" "" "ORL" "L" -4 NA NA NA NA NA NA NA NA NA NA NA NA NA NA NA NA
"53" "43" 2011-02-11 23.52 "PHI" "" "SAS" "W" 6 0 3.96666666666667 0.5 0.5 0 0 0 0 0 0 0 24.6 92 93 0.2 -9.3
"54" "44" 2011-02-12 23.53 "PHI" "@" "MIN" "W" 20 0 3.06666666666667 NA NA 42.3 0 18.4 0 0 0 NA 0 213 103 0.3 -9.5
"55" "" 2011-02-15 23.53 "PHI" "@" "MEM" "L" -11 NA NA NA NA NA NA NA NA NA NA NA NA NA NA NA NA
"56" "45" 2011-02-16 23.54 "PHI" "@" "HOU" "W" 9 0 10.9333333333333 1.042 1 0 8.6 4.9 0 0 0 0 12.1 218 116 5.3 5.3
"57" "46" 2011-02-23 23.56 "PHI" "" "WAS" "W" 23 0 19.5166666666667 0.651 0.611 7.5 29.5 20.7 17.8 0 3.1 15.7 29.7 119 97 11.5 4.8
"58" "47" 2011-02-25 23.56 "PHI" "" "DET" "W" 16 0 18.6166666666667 0.607 0.556 6.6 36.8 22.3 15.6 0 7.7 0 23 139 94 12.2 8.3
"59" "48" 2011-02-27 23.57 "PHI" "@" "CLE" "W" 4 0 9.85 0 0 0 32.5 17.4 25.6 0 0 25 19.3 28 99 -1.6 -14.7
"60" "49" 2011-03-01 23.57 "PHI" "" "DAL" "L" -8 0 13.6333333333333 0.667 0.667 0 0 0 0 3.7 0 25 13.6 89 103 1.9 -3.3
"61" "50" 2011-03-04 23.58 "PHI" "" "MIN" "W" 11 0 15.4 0.735 0.667 0 46.8 24 0 0 4 17.4 17.4 120 100 6 -1.5
"62" "51" 2011-03-06 23.59 "PHI" "" "GSW" "W" 8 0 11.5333333333333 0.667 0.667 0 19.1 10 31 0 0 0 21.3 147 111 6.6 7.6
"63" "52" 2011-03-08 23.59 "PHI" "@" "IND" "W" 10 0 11.5833333333333 0.25 0.25 29.6 0 16.1 0 0 0 20 37.1 61 113 -1.1 -26.6
"64" "53" 2011-03-09 23.59 "PHI" "" "OKC" "L" -5 0 16.9833333333333 0.8 0.8 5.9 6.8 6.3 0 0 8.4 0 13.4 163 113 8.1 7.3
"65" "54" 2011-03-11 23.6 "PHI" "" "BOS" "W" 3 0 10.8833333333333 0.5 0.5 0 28.2 14.9 0 0 0 0 18.2 92 97 2.9 -1.6
"66" "55" 2011-03-12 23.6 "PHI" "@" "MIL" "L" -28 0 15.15 0.371 0.333 21.6 28 24.4 14.7 3.7 5.4 0 29.5 95 108 6.5 3
"67" "56" 2011-03-14 23.61 "PHI" "@" "UTA" "L" -5 0 2.4 0 0 43.3 0 23.2 0 0 31.1 33.3 57.7 24 94 -2.2 -65.6
"68" "" 2011-03-16 23.61 "PHI" "@" "LAC" "W" 10 NA NA NA NA NA NA NA NA NA NA NA NA NA NA NA NA
"69" "57" 2011-03-18 23.62 "PHI" "@" "SAC" "W" 22 0 8.16666666666667 0.605 0.571 22.2 0 10.9 28.7 0 0 0 37 135 92 7 10.6
"70" "" 2011-03-19 23.62 "PHI" "@" "POR" "L" -9 NA NA NA NA NA NA NA NA NA NA NA NA NA NA NA NA
"71" "" 2011-03-23 23.63 "PHI" "" "ATL" "W" 5 NA NA NA NA NA NA NA NA NA NA NA NA NA NA NA NA
"72" "" 2011-03-25 23.64 "PHI" "@" "MIA" "L" -12 NA NA NA NA NA NA NA NA NA NA NA NA NA NA NA NA
"73" "" 2011-03-27 23.64 "PHI" "" "SAC" "L" -3 NA NA NA NA NA NA NA NA NA NA NA NA NA NA NA NA
"74" "58" 2011-03-28 23.65 "PHI" "@" "CHI" "W" 12 0 5.46666666666667 0 0 0 19.5 10.2 0 0 0 0 16.1 0 90 -2.3 -27.7
"75" "" 2011-03-30 23.65 "PHI" "" "HOU" "W" 11 NA NA NA NA NA NA NA NA NA NA NA NA NA NA NA NA
"76" "59" 2011-04-01 23.66 "PHI" "" "NJN" "W" 25 0 8.85 0.5 0.5 17.5 34.6 27.8 0 0 0 0 33.3 113 100 4.6 -4.8
"77" "60" 2011-04-02 23.66 "PHI" "@" "MIL" "L" -6 0 6.96666666666667 NA NA 0 0 0 0 0 0 NA 0 0 104 -0.4 -11
"78" "61" 2011-04-05 23.67 "PHI" "@" "BOS" "L" -17 0 2.8 0 0 0 0 0 0 0 0 0 33.5 0 124 -1.4 -33.7
"79" "62" 2011-04-06 23.67 "PHI" "" "NYK" "L" -5 0 8.81666666666667 0.667 0.667 10.9 11.6 11.2 0 0 0 0 14.9 144 117 3.3 1.6
"80" "" 2011-04-08 23.68 "PHI" "" "TOR" "W" 5 NA NA NA NA NA NA NA NA NA NA NA NA NA NA NA NA
"81" "63" 2011-04-11 23.68 "PHI" "" "ORL" "L" -10 0 7.23333333333333 0.773 0.667 14.7 31.6 22.9 0 7.8 0 20.5 33.4 123 88 5.6 11.1
"82" "64" 2011-04-13 23.69 "PHI" "" "DET" "L" -4 0 17.8166666666667 0.41 0.375 11.7 15.4 13.3 8.7 0 4.6 0 24.8 98 110 5.4 -6.5
"1" "" 2011-12-26 24.39 "PHI" "@" "POR" "L" -4 NA NA NA NA NA NA NA NA NA NA NA NA NA NA NA NA
"2" "" 2011-12-28 24.4 "PHI" "@" "PHO" "W" 20 NA NA NA NA NA NA NA NA NA NA NA NA NA NA NA NA
"3" "" 2011-12-30 24.41 "PHI" "@" "UTA" "L" -3 NA NA NA NA NA NA NA NA NA NA NA NA NA NA NA NA
"4" "" 2011-12-31 24.41 "PHI" "@" "GSW" "W" 28 NA NA NA NA NA NA NA NA NA NA NA NA NA NA NA NA
"5" "" 2012-01-04 24.42 "MEM" "@" "MIN" "W" 4 NA NA NA NA NA NA NA NA NA NA NA NA NA NA NA NA
"6" "1" 2012-01-06 24.42 "MEM" "@" "UTA" "L" -9 0 5.76666666666667 0 0 0 0 0 25.2 0 13.2 0 15.4 28 100 -0.8 -9.3
"7" "2" 2012-01-08 24.43 "MEM" "@" "LAL" "L" -8 0 28.6333333333333 0.45 0.444 13.7 13.2 13.5 13.6 3.5 0 5 31.3 94 95 11.3 1.2
"8" "3" 2012-01-10 24.44 "MEM" "" "OKC" "L" -5 1 20.4166666666667 0.625 0.625 0 5.5 2.6 0 5.3 0 0 18.3 125 108 7.5 4.8
"9" "4" 2012-01-12 24.44 "MEM" "" "NYK" "W" 11 1 22.35 0.145 0 5.2 35.8 21.7 6.3 0 0 12.7 16.2 44 88 -0.2 -11.6
"10" "5" 2012-01-14 24.45 "MEM" "" "NOH" "W" 9 1 17.7833333333333 0.888 0.8 0 20.8 9.8 22.3 0 4.2 12.9 19.9 161 110 10.5 10.8
"11" "6" 2012-01-16 24.45 "MEM" "" "CHI" "W" 16 1 34.0833333333333 0.474 0.438 15.6 25.6 21.1 7.6 0 2.1 10.6 24.2 110 93 11.7 -0.9
"12" "7" 2012-01-18 24.46 "MEM" "@" "NOH" "W" 6 1 22.7833333333333 0.286 0.286 11.4 37.2 23.7 6.6 0 0 12.5 17.5 76 106 2.8 -9.4
"13" "8" 2012-01-20 24.46 "MEM" "@" "DET" "W" 17 1 22.4833333333333 0.375 0.375 7.6 23.1 16.4 0 0 0 11.1 20.9 72 96 1.7 -12.8
"14" "9" 2012-01-21 24.47 "MEM" "" "SAC" "W" 33 1 28.5 0.676 0.625 13.3 39.6 28.4 4.1 1.7 0 0 13 155 91 15 3.6
"15" "10" 2012-01-23 24.47 "MEM" "@" "GSW" "W" 1 1 23.8166666666667 0.429 0.375 13.1 5.9 10.1 6.7 2.1 0 0 16.6 112 101 6.9 0.2
"16" "11" 2012-01-24 24.47 "MEM" "@" "POR" "L" -13 1 17.5166666666667 0.291 0.167 11 28.1 18.5 0 2.9 5.5 0 17.4 79 95 3.3 -5
"17" "12" 2012-01-26 24.48 "MEM" "@" "LAC" "L" -7 1 8 0.333 0.333 27.3 34.3 30.4 0 0 0 25 20.9 71 107 0.1 -15.7
"18" "13" 2012-01-28 24.48 "MEM" "@" "PHO" "L" -2 1 17.8166666666667 0.5 0.5 0 25.9 15 24.2 0 3.8 0 21.2 110 91 6 4.9
"19" "14" 2012-01-30 24.49 "MEM" "" "SAS" "L" -10 1 22.4 0.644 0.5 5.4 15 10.3 0 0 0 20.5 21.2 108 101 6.2 1.4
"20" "15" 2012-01-31 24.49 "MEM" "" "DEN" "W" 3 1 18.1 0.37 0.2 5.9 22 13 0 2.9 0 30.7 24.1 61 96 0.3 -13.1
"21" "16" 2012-02-02 24.5 "MEM" "@" "ATL" "W" 19 1 15.6 0.2 0.2 0 15.4 7.2 0 0 5.1 28.6 20.4 32 92 -1.8 -16.9
"22" "17" 2012-02-03 24.5 "MEM" "@" "OKC" "L" -7 1 13.1666666666667 0.5 0.5 0 10.7 4.9 0 0 0 20 16.2 83 119 0.5 -9.6
"23" "18" 2012-02-05 24.51 "MEM" "@" "BOS" "L" -18 1 18.3333333333333 0.2 0.2 9.9 17.5 12.6 19.6 0 9.9 9.1 26.9 57 106 0.8 -6.6
"24" "19" 2012-02-06 24.51 "MEM" "" "SAS" "L" -5 1 15.5166666666667 0.41 0.25 0 15.1 7.2 0 0 5.4 0 14.5 90 100 2.5 -2.9
"25" "20" 2012-02-08 24.52 "MEM" "" "MIN" "W" 5 1 28 0.304 0.222 23.6 25 24.3 0 1.9 0 9.2 16 89 86 7.4 -3.8
"26" "21" 2012-02-10 24.52 "MEM" "" "IND" "W" 6 1 37.45 0.625 0.615 6.9 18.7 13.6 10.8 2.8 0 6.2 21.1 122 99 17 5.4
"27" "22" 2012-02-12 24.53 "MEM" "" "UTA" "L" -10 1 27.7666666666667 0.295 0.273 31.4 14 23.5 6 0 0 7.8 21 92 119 4.3 -10.6
"28" "23" 2012-02-14 24.53 "MEM" "" "HOU" "W" 10 1 30.05 0.667 0.667 5.5 15.2 11.2 0 0 2.3 0 9.8 145 99 6.8 2.2
"29" "24" 2012-02-15 24.53 "MEM" "@" "NJN" "W" 5 1 38.2 0.744 0.769 17.1 47.1 29.8 4.4 0 5.6 0 15.7 164 113 22.8 6.5
"30" "25" 2012-02-17 24.54 "MEM" "" "DEN" "W" 1 1 34.9333333333333 0.644 0.625 10.8 22.4 17 8.1 0 4.2 9.7 13.2 135 114 12.8 0.3
"31" "26" 2012-02-18 24.54 "MEM" "" "GSW" "W" 1 1 24.3166666666667 0.49 0.467 24.7 17.9 20.8 0 0 0 10.9 33.3 105 116 9.5 -6.2
"32" "27" 2012-02-20 24.55 "MEM" "@" "HOU" "L" -4 1 30.1333333333333 0.75 0.75 4.3 25.8 15.1 0 0 0 0 12.8 156 115 10.5 3.5
"33" "28" 2012-02-21 24.55 "MEM" "" "PHI" "W" 13 1 21.3833333333333 0.515 0.333 0 10.2 5.4 0 0 3.2 14.7 29.5 95 91 4.6 -7.5
"34" "29" 2012-02-29 24.57 "MEM" "" "DAL" "W" 11 1 18.8166666666667 0.2 0.2 14.6 24.9 20.1 0 0 0 44.4 22.2 37 97 -3.3 -21.1
"35" "30" 2012-03-02 24.58 "MEM" "@" "TOR" "W" 3 1 20.0166666666667 0.307 0.25 0 23.2 10.1 6.7 0 4.3 17 13.5 61 109 0.3 -10.4
"36" "31" 2012-03-03 24.58 "MEM" "" "DET" "W" 17 1 20.1833333333333 0.627 0.545 15.3 30.5 23.8 0 0 0 19 38 106 93 9 -5.3
"37" "32" 2012-03-07 24.59 "MEM" "@" "GSW" "W" 18 1 26.75 0.699 0.667 4.8 22 14.6 26 3.9 2.9 0 22.6 150 92 18.4 11.2
"38" "33" 2012-03-10 24.6 "MEM" "@" "PHO" "L" -7 1 21.95 0.417 0.417 9.7 15.3 12.4 0 0 2.9 0 25.6 90 111 6.2 -5.4
"39" "34" 2012-03-11 24.6 "MEM" "@" "DEN" "W" 3 1 23.5833333333333 0.368 0.4 16.1 29.1 22.9 0 0 2.9 8.4 23.2 79 93 5 -6.6
"40" "35" 2012-03-13 24.61 "MEM" "" "LAL" "L" -5 1 48.8666666666667 0.612 0.6 6 12.2 8.5 15.7 1.1 1.9 0 19.2 134 110 23.1 7.6
"41" "36" 2012-03-16 24.62 "MEM" "" "TOR" "L" -4 1 8.35 0.174 0 0 48.8 22.7 0 0 0 0 14.9 45 107 -1.1 -17.4
"42" "37" 2012-03-18 24.62 "MEM" "" "WAS" "W" 5 1 16.8833333333333 0.333 0.333 16.7 27.1 21.4 10 0 0 0 14.8 104 100 3 -6.6
"43" "38" 2012-03-20 24.63 "MEM" "@" "SAC" "L" -9 0 20.2 0.543 0.5 15.8 18.3 17 6.6 0 0 13.4 15.4 115 119 4.3 -6.7
"44" "39" 2012-03-22 24.63 "MEM" "@" "POR" "L" -4 0 16.7166666666667 0.509 0.5 20 23.9 21.8 20.2 0 0 22.5 24.5 98 113 5.2 -2.2
"45" "40" 2012-03-24 24.64 "MEM" "@" "LAC" "L" -16 0 13.4166666666667 0.717 0.75 0 22.4 9.8 0 0 0 17 21 107 122 4.2 -1.8
"46" "41" 2012-03-25 24.64 "MEM" "@" "LAL" "W" 6 1 19.3333333333333 0.512 0.375 12.4 12.4 12.4 0 0 0 23.5 30.6 92 117 3.8 -13.5
"47" "42" 2012-03-27 24.65 "MEM" "" "MIN" "W" 7 1 32.1666666666667 0.758 0.727 10.7 12.7 11.7 0 1.7 5.3 25.2 22.1 113 97 14.4 3.7
"48" "43" 2012-03-30 24.65 "MEM" "@" "HOU" "L" -9 1 12.0833333333333 0.167 0.167 20.5 54.8 32 12.8 0 0 0 21.2 73 114 1 -12.2
"49" "44" 2012-03-31 24.66 "MEM" "@" "MIL" "W" 4 1 30.0166666666667 0.375 0.333 13.3 19.6 16.5 5.2 1.6 4.9 7 19.5 96 93 8.3 0.2
"50" "45" 2012-04-02 24.66 "MEM" "@" "OKC" "W" 6 1 21.0333333333333 0.533 0.5 19 54 34.5 9.2 2.6 0 19.2 22.6 106 88 9.4 4.3
"51" "46" 2012-04-03 24.67 "MEM" "" "GSW" "W" 4 1 20.0333333333333 0.169 0.125 16.7 12.3 14.6 0 2.6 0 18.4 25.2 49 106 -0.9 -20
"52" "47" 2012-04-04 24.67 "MEM" "@" "DAL" "L" -10 1 19.0166666666667 0.507 0.5 16.5 25.9 20.8 0 0 0 0 22.6 114 110 7.5 -1
"53" "48" 2012-04-06 24.67 "MEM" "@" "MIA" "W" 15 1 24.5833333333333 0.727 0.667 5.1 17.8 11.9 7.4 0 3.1 16.2 24.2 127 98 10.8 3.7
"54" "49" 2012-04-07 24.68 "MEM" "" "DAL" "W" 5 1 20.3833333333333 0.291 0.167 5.6 12.7 8.9 8.2 2.7 4.5 12.7 18.2 68 98 2.5 -6.2
"55" "50" 2012-04-09 24.68 "MEM" "" "LAC" "W" 9 1 23.7833333333333 0.667 0.667 5.5 30.1 19.2 16.2 0 0 10 20 131 96 9.3 5.1
"56" "51" 2012-04-11 24.69 "MEM" "" "PHO" "W" 11 1 22.2833333333333 0.363 0.333 18.5 27.6 23.3 11.4 0 7.8 30.4 20.4 79 108 4.2 -5.9
"57" "52" 2012-04-12 24.69 "MEM" "@" "SAS" "L" -10 1 25.7666666666667 0.615 0.5 17.3 14.3 15.9 0 2 0 14.1 23.6 120 113 11.1 1.6
"58" "53" 2012-04-14 24.7 "MEM" "" "UTA" "W" 5 1 18.2666666666667 0.4 0.4 13.5 6.6 10 9.1 0 0 16.7 16.3 94 118 1.9 -8.8
"59" "54" 2012-04-15 24.7 "MEM" "@" "NOH" "L" -13 1 25.2666666666667 0.4 0.4 8.6 5.3 7.1 0 0 0 16.7 22.6 75 110 1.5 -9.5
"60" "55" 2012-04-17 24.7 "MEM" "@" "MIN" "W" 7 1 14.2166666666667 0.667 0.667 21.6 8.2 15.3 0 0 0 10 31.6 122 108 9.5 7.4
"61" "56" 2012-04-18 24.71 "MEM" "" "NOH" "W" 12 1 14.7166666666667 0.25 0.25 9.1 21.7 14.8 0 0 0 20 16.4 58 112 -0.1 -16.8
"62" "57" 2012-04-20 24.71 "MEM" "@" "CHA" "W" 5 1 23.6166666666667 0.307 0.25 5.2 20.3 12.9 0 0 0 23.5 25.1 55 92 -1.9 -17.2
"63" "58" 2012-04-21 24.72 "MEM" "" "POR" "W" 4 1 31.9333333333333 0.472 0.417 22.4 14 18.4 9.3 0 0 22.5 25.6 96 108 8.1 -7.1
"64" "59" 2012-04-23 24.72 "MEM" "" "CLE" "W" 8 1 30.7833333333333 0.679 0.667 15.6 24.6 20 0 1.7 2.8 13.8 20.6 130 112 15.4 0
"65" "60" 2012-04-26 24.73 "MEM" "" "ORL" "W" 12 0 14.4666666666667 0.333 0.333 0 15.1 8.4 10.8 0 0 25 13.9 62 95 0.2 -7.7
"1" "1" 2012-10-31 25.24 "MEM" "@" "LAC" "L" -9 0 17.0833333333333 0.658 0.5 0 16.1 6.8 0 2.9 0 0 12.8 149 104 5 0.1
"2" "2" 2012-11-02 25.25 "MEM" "@" "GSW" "W" 10 0 18.3166666666667 0.286 0.286 14.6 19.7 17.2 0 0 4.4 12.5 20 69 101 0.3 -13.3
"3" "3" 2012-11-05 25.25 "MEM" "" "UTA" "W" 9 0 21.4833333333333 0.595 0.6 0 27.9 14.4 7.1 2.3 3 33.8 17.6 78 93 3.9 -4.5
"4" "4" 2012-11-07 25.26 "MEM" "@" "MIL" "W" 18 0 21.9833333333333 0.67 0.692 6.1 32.3 21.8 9 0 5.7 6.9 29.9 123 89 14.7 7.9
"5" "5" 2012-11-09 25.27 "MEM" "" "HOU" "W" 8 0 20.6166666666667 0.325 0.222 27.4 7.8 20.1 15.3 0 9.5 0 22.1 106 102 8.4 2.1
"6" "6" 2012-11-11 25.27 "MEM" "" "MIA" "W" 18 0 19.0833333333333 0.291 0.167 19.3 10.7 14.6 7.1 0 0 22.5 20.9 75 100 0.4 -13.5
"7" "7" 2012-11-14 25.28 "MEM" "@" "OKC" "W" 10 0 7.36666666666667 0 0 15.5 35.2 24.7 0 0 0 0 18.2 29 108 -0.8 -17.1
"8" "8" 2012-11-16 25.28 "MEM" "" "NYK" "W" 10 0 11.35 0.363 0.333 0 12.8 6.1 0 0 8 12.7 32 72 112 0 -16.6
"9" "9" 2012-11-17 25.29 "MEM" "@" "CHA" "W" 7 0 20.5833333333333 0.428 0.143 16.3 14.9 15.5 0 0 0 27.5 31.1 77 98 1.9 -15.4
"10" "10" 2012-11-19 25.29 "MEM" "" "DEN" "L" -5 0 13.3333333333333 0.571 0.571 9.5 17.1 13.5 16.7 0 10.9 12.5 28.1 106 109 5.5 2.1
"11" "11" 2012-11-23 25.3 "MEM" "" "LAL" "W" 8 0 14.0333333333333 0.41 0.25 11.4 27.7 20.4 9.9 0 0 0 16.2 126 114 2.3 -7.8
"12" "12" 2012-11-26 25.31 "MEM" "" "CLE" "W" 6 0 5.06666666666667 0 0 25.6 0 12.8 0 0 0 0 10.2 61 109 0 -13.2
"13" "13" 2012-11-28 25.32 "MEM" "" "TOR" "W" 21 0 24.3166666666667 0.705 0.682 20.8 38.5 30 16.3 2.2 3.5 13.6 27.9 130 84 17.8 10.7
"14" "14" 2012-11-30 25.32 "MEM" "" "DET" "W" 12 0 17.2 0.403 0.429 18.2 28.6 23 0 3.1 0 0 19.5 98 81 5.4 -1.4
"15" "15" 2012-12-01 25.33 "MEM" "@" "SAS" "L" -4 0 15.25 0.291 0.167 13.1 44.4 27.8 0 0 17.4 0 18.7 85 82 4.7 1.9
"16" "16" 2012-12-04 25.33 "MEM" "" "PHO" "W" 10 0 2.83333333333333 0 0 0 0 0 46.8 0 0 0 15.9 60 112 0 0.1
"17" "17" 2012-12-07 25.34 "MEM" "@" "NOH" "W" 7 0 10.1166666666667 1 1 27.1 35.6 31.6 0 0 8 66.7 14.6 77 99 2.7 -4
"18" "18" 2012-12-08 25.35 "MEM" "" "ATL" "L" -10 0 5.35 0 0 0 0 0 0 0 0 0 8.9 0 118 -0.7 -13.3
"19" "19" 2012-12-12 25.36 "MEM" "@" "PHO" "L" -2 0 6.28333333333333 0.667 0.667 21.8 46.8 36.4 0 0 0 0 24.6 139 84 4.3 11.8
"20" "20" 2012-12-14 25.36 "MEM" "@" "DEN" "L" -5 0 20 0.636 0.636 5.5 25.7 13.3 0 0 4.1 0 23.1 133 111 11 7.5
"21" "21" 2012-12-15 25.36 "MEM" "@" "UTA" "W" 13 0 13.8166666666667 0.5 0.5 15.1 18.8 16.7 0 0 6.1 20 32.3 91 98 4.7 -3.1
"22" "22" 2012-12-17 25.37 "MEM" "" "CHI" "W" 9 0 16.5666666666667 0.286 0.286 24.7 6.7 16.1 0 0 4.5 22.2 24.5 65 86 0.5 -11.6
"23" "23" 2012-12-19 25.38 "MEM" "" "MIL" "W" 10 0 16.4166666666667 0.563 0.563 23.4 11.7 17.5 12 0 9 18.4 28.3 102 86 7.9 4
"24" "24" 2012-12-21 25.38 "MEM" "" "DAL" "W" 10 0 13.4833333333333 0.403 0.429 0 26 12 0 0 0 0 23.5 88 93 1.6 -8.4
"25" "25" 2012-12-22 25.38 "MEM" "@" "HOU" "L" -25 0 15.6666666666667 0.75 0.75 16.6 8.1 12.3 0 3.2 5.7 20 14.7 123 120 6.4 1.4
"26" "26" 2012-12-26 25.39 "MEM" "" "PHI" "L" -10 0 9.75 0.527 0.5 10.9 32.8 19.7 19.6 0 9 0 29.6 122 108 5.3 7.2
"27" "27" 2012-12-29 25.4 "MEM" "" "DEN" "W" 9 0 16 0.372 0.333 37.5 28.6 33.3 0 3.7 11.5 8.5 35.3 94 75 8.1 2.9
"28" "28" 2012-12-31 25.41 "MEM" "@" "IND" "L" -5 0 14.5833333333333 0.363 0.333 29.3 26.7 28.1 0 0 0 0 20.9 105 106 4.1 -4.7
"29" "29" 2013-01-02 25.41 "MEM" "@" "BOS" "W" 10 0 13.9166666666667 0.727 0.667 21.6 40.6 31.4 0 0 0 12.7 29 131 103 9 6.6
"30" "30" 2013-01-04 25.42 "MEM" "" "POR" "L" -2 1 26.8833333333333 0.594 0.467 28.4 25.5 27 0 2.1 0 9.7 35.6 128 99 18 6.1
"31" "31" 2013-01-06 25.42 "MEM" "@" "PHO" "W" 11 0 12.1833333333333 0.6 0.6 0 25.7 16 0 0 6.1 37.5 33.2 65 91 1.5 -12
"32" "32" 2013-01-07 25.43 "MEM" "@" "SAC" "W" 32 0 20.2833333333333 0.46 0.4 6.4 21.5 14.6 8 0 0 0 25.8 110 97 6 -8.3
"33" "33" 2013-01-09 25.43 "MEM" "@" "GSW" "W" 7 0 8.4 0.6 0.6 38.1 47.6 42.3 50 6.5 0 0 27.2 144 84 7.9 22.8
"34" "34" 2013-01-11 25.44 "MEM" "" "SAS" "W" 3 0 3.1 0 0 0 0 0 0 0 0 50 31.6 0 113 -2.1 -42
"35" "35" 2013-01-12 25.44 "MEM" "@" "DAL" "L" -21 0 13.0666666666667 0.444 0.429 0 19.3 8.3 0 0 0 0 28.3 93 125 3.1 -5.6
"36" "36" 2013-01-14 25.45 "MEM" "" "LAC" "L" -26 0 11.2833333333333 0.2 0.2 22.4 24.3 23.1 0 0 6.9 0 19.3 73 115 0.7 -12.9
"37" "37" 2013-01-16 25.45 "MEM" "@" "SAS" "L" -21 0 12.8333333333333 0.512 0.5 0 37.4 17.3 0 0 12.9 17 23.3 84 106 3.9 2.7
"38" "38" 2013-01-18 25.46 "MEM" "" "SAC" "W" 16 1 26.5333333333333 0.388 0.417 16.4 19.2 17.9 14.5 2.1 0 7.2 24.4 93 78 6.9 -2.1
"39" "39" 2013-01-19 25.46 "MEM" "@" "CHI" "W" 3 0 11.45 0.336 0.286 0 20.1 9.4 0 0 0 0 31.8 80 94 0.3 -11.2
"40" "40" 2013-01-21 25.47 "MEM" "" "IND" "L" -1 0 10.85 0.41 0.25 11.3 14.7 12.8 14.5 5.4 0 17 25.7 92 93 2.5 -0.7
"41" "" 2013-01-22 25.47 "CLE" "" "BOS" "W" 5 NA NA NA NA NA NA NA NA NA NA NA NA NA NA NA NA
"42" "41" 2013-01-25 25.48 "CLE" "" "MIL" "W" 5 0 18.3166666666667 0.571 0.571 0 33.5 18.5 0 5.2 0 0 20.6 115 95 9.3 2.4
"43" "42" 2013-01-26 25.48 "CLE" "@" "TOR" "W" 1 0 26.5333333333333 0.594 0.538 4.8 18.1 11.6 0 2 2.8 12.3 28.8 111 105 11.1 0.3
"44" "43" 2013-01-29 25.49 "CLE" "" "GSW" "L" -13 0 20.7333333333333 0.615 0.5 0 37.3 15.4 8.7 0 0 9.3 23.5 118 120 9.2 -0.6
"45" "44" 2013-02-01 25.5 "CLE" "@" "DET" "L" -18 0 29.1833333333333 0.507 0.433 3.4 27.4 14.5 19.6 0 4.8 5.6 25.5 110 115 12.6 3.1
"46" "45" 2013-02-02 25.5 "CLE" "" "OKC" "W" 5 0 33.35 0.68 0.667 3.1 29.4 15.8 15.1 0 2.3 11.5 22.2 125 112 18.3 5.1
"47" "46" 2013-02-06 25.51 "CLE" "" "CHA" "W" 27 0 19.2333333333333 0.506 0.5 13.1 45.4 30.4 0 0 3.9 21.6 33.4 85 96 6.3 -13.1
"48" "47" 2013-02-08 25.52 "CLE" "" "ORL" "W" 11 0 22.25 0.492 0.231 17.5 12.7 15.2 6.6 0 0 0 37.9 120 117 12.7 -7.2
"49" "48" 2013-02-09 25.52 "CLE" "" "DEN" "L" -8 0 16.1833333333333 0.213 0.1 14.1 7.1 10.6 0 0 4.7 0 31.6 62 117 -0.8 -21.5
"50" "49" 2013-02-11 25.52 "CLE" "" "MIN" "L" -8 0 20.2 0.556 0.556 13.6 7.4 10.6 8.5 0 3.9 25 27.5 88 117 5.8 -6.3
"51" "50" 2013-02-13 25.53 "CLE" "" "SAS" "L" -1 0 15.8333333333333 0.349 0.333 37.1 21.2 29.7 0 3.3 0 0 34.4 97 100 7.1 -2.9
"52" "51" 2013-02-20 25.55 "CLE" "" "NOH" "W" 5 0 18.4333333333333 0.254 0.286 19.5 23.7 21.4 7.9 0 0 0 20.5 86 119 2 -12.7
"53" "52" 2013-02-23 25.56 "CLE" "@" "ORL" "W" 24 0 22.75 0.678 0.5 9.8 31.6 20.3 6.1 2.4 3.2 0 25.6 162 97 18 10.1
"54" "53" 2013-02-24 25.56 "CLE" "@" "MIA" "L" -4 0 18.2 0.698 0.714 7.1 16.5 11.5 0 0 0 20.2 26.2 109 128 6.2 -4.8
"55" "54" 2013-02-26 25.56 "CLE" "@" "CHI" "W" 3 0 17.35 0.581 0.5 15.4 22.4 18.9 0 0 4.9 12.7 21.9 120 115 6.2 -4.8
"56" "55" 2013-02-27 25.57 "CLE" "" "TOR" "W" 11 0 23.6166666666667 0.376 0.25 24.2 22.6 23.5 7.3 0 3.5 6.4 30 99 103 8.1 -7.3
"57" "56" 2013-03-01 25.57 "CLE" "" "LAC" "L" -16 0 17.85 0.512 0.5 13.8 8.4 11.4 12.1 0 4.6 23.5 33.5 87 122 4.5 -5.3
"58" "57" 2013-03-04 25.58 "CLE" "" "NYK" "L" -5 1 31.9 0.73 0.714 8.9 24.4 17 0 1.7 0 6 25.8 135 113 19.2 5.4
"59" "58" 2013-03-06 25.59 "CLE" "" "UTA" "W" 3 0 17.9833333333333 0.554 0.5 34.8 6.5 21.5 11.3 0 3.9 7.3 32 125 109 11.9 2.1
"60" "59" 2013-03-08 25.59 "CLE" "" "MEM" "L" -11 0 24.3666666666667 0.528 0.2 0 5.6 2.8 12.7 0 2.6 19 21.1 99 118 4.3 -6
"61" "60" 2013-03-10 25.6 "CLE" "@" "TOR" "L" -4 0 16.3666666666667 0.506 0.5 0 13.3 6.4 0 3 4.8 0 28.8 100 96 6.3 1.7
"62" "61" 2013-03-12 25.6 "CLE" "" "WAS" "W" 5 0 15.3333333333333 0 0 6.4 34.8 20 0 0 0 28.6 20.9 10 98 -4.1 -26.6
"63" "62" 2013-03-15 25.61 "CLE" "@" "DAL" "L" -10 0 13 0.25 0.25 0 9.2 4.3 12.2 3.9 0 20 17.8 50 100 0.6 -7.6
"64" "63" 2013-03-16 25.61 "CLE" "@" "SAS" "L" -6 0 22.9 0.607 0.538 20.4 20.3 20.4 0 0 13.7 0 30.2 136 121 17.2 5.3
"65" "64" 2013-03-18 25.62 "CLE" "" "IND" "L" -21 0 8.23333333333333 0.5 0.5 10.1 13.2 11.4 0 0 0 33.3 31.2 66 121 0.2 -19.6
"66" "65" 2013-03-20 25.62 "CLE" "" "MIA" "L" -3 0 11.3833333333333 0.4 0.4 11.1 33.3 22.2 0 0 9.8 16.7 24.2 81 108 1.8 -9
"67" "66" 2013-03-22 25.63 "CLE" "@" "HOU" "L" -38 0 16.9333333333333 0.375 0.375 11.1 32.4 19.8 25.2 3 0 20 26.6 74 113 2.6 -7.3
"68" "67" 2013-03-27 25.64 "CLE" "" "BOS" "L" -1 0 17.3833333333333 0.658 0.667 6.3 35.4 20 0 2.8 4.5 23.3 32.3 91 88 8 -1
"69" "68" 2013-03-29 25.65 "CLE" "" "PHI" "L" -10 0 12.9166666666667 0.387 0.167 0 18.1 9 0 0 10.9 0 28.1 92 107 3.8 -4.7
"70" "69" 2013-03-31 25.65 "CLE" "@" "NOH" "L" -20 0 20.8 0.667 0.667 0 24.9 12.1 9.6 0 0 0 20.7 128 122 8.8 1.5
"71" "70" 2013-04-01 25.66 "CLE" "@" "ATL" "L" -8 0 24.7333333333333 0.724 0.733 11.1 25.3 19.2 19.8 2.1 3.8 5.9 32.2 134 106 21 14.9
"72" "71" 2013-04-03 25.66 "CLE" "" "BRK" "L" -18 0 21.7666666666667 0.576 0.538 27 28.5 27.6 11.9 2.3 0 6.7 29.4 123 117 14.2 4.2
"73" "72" 2013-04-05 25.67 "CLE" "@" "BOS" "W" 6 0 2.38333333333333 0.532 0 0 0 0 0 0 0 34.7 50.7 77 97 -0.5 -32.1
"74" "73" 2013-04-07 25.67 "CLE" "" "ORL" "W" 6 0 12.4333333333333 0.508 0.429 7.6 7.1 7.4 37.8 4.2 5 0 26.8 124 88 6.8 10.8
"75" "74" 2013-04-09 25.68 "CLE" "@" "IND" "L" -5 0 12.0666666666667 0.286 0.286 0 0 0 12.8 0 0 12.5 29.3 64 122 -1.6 -17.5
"76" "75" 2013-04-10 25.68 "CLE" "" "DET" "L" -7 0 14.9166666666667 0.41 0.25 31.4 39.2 35.3 8.7 0 0 17 17.9 110 119 4.8 -6.1
"77" "76" 2013-04-12 25.69 "CLE" "" "NYK" "L" -10 0 8.88333333333333 0 0 22.1 13.2 18 15.9 0 0 40 26.1 33 117 -2.9 -30.9
"78" "77" 2013-04-14 25.69 "CLE" "@" "PHI" "L" -14 0 23.5166666666667 0.5 0.5 4.9 13.3 9.3 10.9 2.2 3.1 14.3 25.8 89 97 7.6 1.1
"79" "78" 2013-04-15 25.7 "CLE" "" "MIA" "L" -1 0 17.05 0.381 0.286 5.9 8 6.8 0 0 0 11.3 25.2 80 121 1.5 -15
"80" "79" 2013-04-17 25.7 "CLE" "@" "CHA" "L" -7 0 14.0166666666667 0.5 0.5 18.5 27 22.8 0 0 6.5 14.3 24 94 110 4.2 -8.4
"1" "1" 2013-10-30 26.24 "GSW" "" "LAL" "W" 31 0 19.75 0.322 0.25 6.6 34 22.3 17.7 2.4 0 0 23.8 91 88 5.9 -5.1
"2" "2" 2013-10-31 26.24 "GSW" "@" "LAC" "L" -11 0 11.6833333333333 0.51 0.4 10.8 10.5 10.7 0 0 0 14.5 24.7 99 125 2.1 -10.2
"3" "3" 2013-11-02 26.25 "GSW" "" "SAC" "W" 11 0 16.5166666666667 0.429 0.429 7.9 26.4 19 9.6 0 4.8 12.5 23.4 84 89 3.7 -6.3
"4" "4" 2013-11-04 26.25 "GSW" "@" "PHI" "W" 20 0 14 0.507 0.5 0 12.5 6.5 0 0 5.4 10.1 27.6 88 87 3.7 -8.9
"5" "5" 2013-11-06 26.26 "GSW" "@" "MIN" "W" 13 0 15.5666666666667 0.508 0.5 31.6 24.7 27.7 9.4 0 4.2 20.2 26.8 101 90 6.5 -0.4
"6" "6" 2013-11-08 26.26 "GSW" "@" "SAS" "L" -2 0 8.43333333333333 0.347 0 0 22.8 13.1 0 0 0 41 29.4 43 87 -1.6 -21
"7" "7" 2013-11-09 26.27 "GSW" "@" "MEM" "L" -18 0 12.6666666666667 0.667 0.667 0 23.7 9.8 0 0 0 25 14.2 90 116 1.9 -5.1
"8" "8" 2013-11-12 26.27 "GSW" "" "DET" "W" 18 0 13.8333333333333 0.333 0.333 24.8 14.2 18 0 0 0 25 13.3 82 106 1.3 -8.3
"9" "9" 2013-11-14 26.28 "GSW" "" "OKC" "W" 1 0 6.53333333333333 0.75 0.75 0 21 9.3 0 7.7 0 0 13.7 141 108 3.3 11.5
"10" "10" 2013-11-16 26.28 "GSW" "" "UTA" "W" 14 0 7.63333333333333 0 0 53.9 32.2 42.5 0 0 10.5 25 24.9 51 88 -0.5 -23.6
"11" "11" 2013-11-18 26.29 "GSW" "@" "UTA" "W" 11 0 11.5666666666667 0.205 0 0 16.9 8.6 0 0 0 17 23 41 100 -2 -20.8
"12" "12" 2013-11-20 26.3 "GSW" "" "MEM" "L" -7 0 13.45 0.2 0.2 10.1 22.7 17.3 24.6 0 0 28.6 27.7 49 99 -0.5 -11.5
"13" "13" 2013-11-22 26.3 "GSW" "@" "LAL" "L" -7 0 10.9833333333333 0.169 0.125 48.6 21.3 35.6 14.7 0 0 10.1 38.4 67 112 0.4 -22.8
"14" "14" 2013-11-23 26.3 "GSW" "" "POR" "L" -12 0 12.4333333333333 0.25 0.25 0 7.9 4.4 0 0 5.9 0 14.1 51 112 -0.2 -8.6
"15" "15" 2013-11-26 26.31 "GSW" "@" "NOP" "W" 1 0 11.2166666666667 0.773 0.667 20.4 9.3 14.6 13.6 0 6.3 0 15.5 173 109 6.6 6.8
"16" "16" 2013-11-27 26.32 "GSW" "@" "DAL" "L" -4 0 3.68333333333333 1 1 0 0 0 0 0 0 0 12 200 115 1.7 8
"17" "17" 2013-11-29 26.32 "GSW" "@" "OKC" "L" -1 0 8.4 0.25 0.25 0 25.2 12.1 0 0 0 20 25.7 42 105 -1.6 -18.7
"18" "18" 2013-12-01 26.33 "GSW" "@" "SAC" "W" 2 0 11.45 0.41 0.25 11 25.4 17.7 11.1 0 0 0 18.7 115 119 2.8 -7.9
"19" "19" 2013-12-03 26.33 "GSW" "" "TOR" "W" 9 0 5.66666666666667 0.5 0.5 0 23.5 11.4 0 0 0 0 16.6 99 116 1.3 -6.5
"20" "20" 2013-12-06 26.34 "GSW" "@" "HOU" "L" -22 0 21.3333333333333 0.418 0.333 9.4 23.9 16.6 0 0 4.1 8.5 23.4 88 105 5.7 -0.4
"21" "21" 2013-12-07 26.34 "GSW" "@" "MEM" "W" 26 0 10.2333333333333 0.6 0.6 24.7 19.1 21.6 15.7 0 0 0 22.5 148 99 5.6 6.9
"22" "22" 2013-12-09 26.35 "GSW" "@" "CHA" "L" -4 0 1.45 NA NA 0 0 0 0 0 0 NA 0 0 116 0 -5.3
"23" "23" 2013-12-11 26.35 "GSW" "" "DAL" "W" 2 0 5.01666666666667 0.174 0 0 0 0 0 0 0 0 24.9 43 107 -0.8 -17.6
"24" "24" 2013-12-13 26.36 "GSW" "" "HOU" "L" -4 0 15.5833333333333 0.538 0.5 56 7 31.5 0 0 0 0 38.7 139 123 14.5 5.1
"25" "25" 2013-12-15 26.36 "GSW" "@" "PHO" "L" -4 0 13.15 0.417 0.417 14.3 8.3 11.5 13.7 0 0 0 19.1 107 111 3.6 0.8
"26" "26" 2013-12-17 26.37 "GSW" "" "NOP" "W" 11 0 18.1166666666667 0.455 0.364 10.8 20 15.6 0 0 0 7 33.1 101 99 6.3 -6
"27" "27" 2013-12-19 26.38 "GSW" "" "SAS" "L" -2 0 8.01666666666667 0.773 0.667 0 13.9 7 0 0 0 20.5 24.6 121 107 3.2 -1.2
"28" "28" 2013-12-21 26.38 "GSW" "" "LAL" "W" 19 0 13.4833333333333 0.556 0.556 6.6 14 10.2 0 3.5 11.9 0 26.2 117 74 9 12
"29" "29" 2013-12-23 26.39 "GSW" "@" "DEN" "W" 8 0 13.95 0.694 0.75 7.5 16 11.6 0 0 0 0 18.5 144 91 6.1 6.1
"30" "30" 2013-12-25 26.39 "GSW" "" "LAC" "W" 2 0 11.1333333333333 0.68 0.6 9 0 5 0 4.5 0 25.4 28.9 101 104 3.4 -5.3
"31" "31" 2013-12-27 26.4 "GSW" "" "PHO" "W" 29 0 15.1666666666667 0.581 0.5 15.8 16.7 16.3 0 0 0 12.7 21.4 118 90 5.1 -4.4
"32" "32" 2013-12-29 26.4 "GSW" "@" "CLE" "W" 4 0 13.9833333333333 0.699 0.667 7.7 32.3 19.7 14.1 0 0 23.7 26.6 104 101 5.8 -0.3
"33" "33" 2013-12-31 26.41 "GSW" "@" "ORL" "W" 13 0 20.1833333333333 0.425 0.3 17.8 13.5 15.3 0 0 6.8 0 26.3 109 86 7.8 -1.9
"34" "34" 2014-01-02 26.41 "GSW" "@" "MIA" "W" 9 0 10.6333333333333 0.41 0.25 14.1 11.6 12.7 0 0 0 0 20.3 103 118 1.4 -13.7
"35" "35" 2014-01-03 26.42 "GSW" "@" "ATL" "W" 1 0 11.5 0.563 0.5 17.8 30.5 23.7 0 0 0 31.1 22.6 85 106 3.3 -8.1
"36" "36" 2014-01-05 26.42 "GSW" "@" "WAS" "W" 16 0 16.9166666666667 0.478 0.333 13.8 12.3 13 0 0 0 12 22.3 102 107 3.4 -11.2
"37" "37" 2014-01-07 26.43 "GSW" "@" "MIL" "W" 21 0 14.5666666666667 0.37 0.2 7.8 13.2 10.7 0 0 5.1 12.9 23.1 84 89 1.3 -11
"38" "38" 2014-01-08 26.43 "GSW" "@" "BRK" "L" -4 0 7.48333333333333 0.51 0.4 17.3 0 7.9 27.7 0 11.1 14.5 41.6 101 106 3.2 -2.3
"39" "39" 2014-01-10 26.44 "GSW" "" "BOS" "W" 2 0 12.9 0.716 0.667 7.3 8.5 7.8 0 0 0 9.9 33.4 131 108 8.4 5.7
"40" "40" 2014-01-15 26.45 "GSW" "" "DEN" "L" -7 0 10.3166666666667 0.25 0.25 20.2 0 10.7 0 0 0 11.1 35.9 61 126 -0.8 -24.4
"41" "41" 2014-01-17 26.45 "GSW" "@" "OKC" "L" -6 0 13.6833333333333 0.979 1.125 17.1 31.9 23.7 0 0 0 0 20.4 199 128 11.7 12.3
"42" "42" 2014-01-18 26.46 "GSW" "@" "NOP" "W" 10 0 11.0166666666667 0.554 0.4 0 18.2 9.7 0 0 6.1 0 27.4 122 97 4.8 1.1
"43" "43" 2014-01-20 26.46 "GSW" "" "IND" "L" -8 0 11.6333333333333 0.25 0.25 8.6 16.8 12.8 0 0 0 33.3 22.5 43 111 -1.5 -18.1
"44" "44" 2014-01-24 26.47 "GSW" "" "MIN" "L" -1 0 15.85 0.625 0.625 15.5 13.2 14.3 17.9 0 0 11.1 24.9 124 123 7.6 0.1
"45" "45" 2014-01-26 26.48 "GSW" "" "POR" "W" 15 0 4.83333333333333 NA NA 0 0 0 0 0 0 NA 0 0 101 -0.4 -9.2
"46" "46" 2014-01-28 26.48 "GSW" "" "WAS" "L" -3 0 13.7666666666667 0.902 0.833 0 58.1 30.5 0 0 10.3 20.5 15.6 130 69 8.8 14.5
"47" "47" 2014-01-30 26.49 "GSW" "" "LAC" "W" 19 0 17.8 0.676 0.625 6.4 24 15.5 8.6 2.9 0 18.4 26.5 118 96 9.6 6.4
"48" "48" 2014-01-31 26.49 "GSW" "@" "UTA" "W" 5 0 9.98333333333333 0.25 0.25 19.2 13.7 17 0 0 0 0 18 82 104 -0.3 -18.5
"49" "49" 2014-02-04 26.5 "GSW" "" "CHA" "L" -16 0 9.21666666666667 0.214 0.214 18.3 25.4 21.3 0 0 8 0 31.4 62 94 0.8 -3.7
"50" "50" 2014-02-06 26.51 "GSW" "" "CHI" "W" 15 0 12.35 0.5 0.5 18.1 19 18.5 12.1 0 0 0 15.3 132 104 4.3 1.4
"51" "51" 2014-02-08 26.52 "GSW" "@" "PHO" "L" -13 0 6.88333333333333 1 1 0 41 17.7 0 0 11.8 50 13 83 118 1.6 -1.3
"52" "52" 2014-02-10 26.52 "GSW" "" "PHI" "W" 43 0 26.2833333333333 0.864 0.833 12.5 16.9 14.9 8.7 0 7.5 13.9 33 148 75 28.1 16.4
"53" "53" 2014-02-12 26.53 "GSW" "" "MIA" "L" -1 0 13.0333333333333 0.255 0.2 0 40.9 18.9 20.3 0 0 0 20.2 76 121 1.7 -6.7
"54" "54" 2014-02-19 26.55 "GSW" "@" "SAC" "W" 9 0 5 0.41 0.5 0 0 0 0 0 15.5 0 22.6 75 100 0.5 -9.2
"55" "55" 2014-02-20 26.55 "GSW" "" "HOU" "W" 3 0 6.65 0 0 15 28.5 21.9 0 0 11.2 0 13.8 34 91 0.2 -10.1
"56" "56" 2014-02-22 26.55 "GSW" "" "BRK" "W" 7 0 7.5 0.75 0.75 14.5 0 7.2 0 0 22.5 20 31.2 110 84 5.1 10.4
"57" "57" 2014-02-24 26.56 "GSW" "@" "DET" "W" 8 0 8.16666666666667 0.41 0.25 0 12 6.6 0 0 0 0 27.4 95 108 1.5 -11.6
"58" "58" 2014-02-26 26.56 "GSW" "@" "CHI" "L" -20 0 9.13333333333333 0.436 0.333 0 43.8 21.7 0 0 7.6 0 33 92 93 3.7 2.8
"59" "59" 2014-02-28 26.57 "GSW" "@" "NYK" "W" 23 0 10.3166666666667 0.595 0.429 9.5 0 4.7 0 0 6.6 0 38.9 133 105 8.9 3.7
"60" "60" 2014-03-02 26.58 "GSW" "@" "TOR" "L" -6 0 4.8 0.5 0.5 0 29.4 12.5 0 0 0 0 18.2 106 120 1.3 -2.1
"61" "" 2014-03-04 26.58 "GSW" "@" "IND" "W" 2 NA NA NA NA NA NA NA NA NA NA NA NA NA NA NA NA
"62" "61" 2014-03-05 26.58 "GSW" "@" "BOS" "W" 20 0 12 0.565 0.25 18.2 29.3 23.5 9.5 0 0 32.6 32.2 95 95 4.2 -7.5
"63" "62" 2014-03-07 26.59 "GSW" "" "ATL" "W" 14 0 4.85 0.515 0.333 0 0 0 0 0 0 20.5 45.3 88 112 0.9 -20.7
"64" "" 2014-03-09 26.59 "GSW" "" "PHO" "W" 6 NA NA NA NA NA NA NA NA NA NA NA NA NA NA NA NA
"65" "63" 2014-03-11 26.6 "GSW" "" "DAL" "W" 23 0 4.56666666666667 0.694 0.5 0 0 0 0 0 32.8 25.8 38.3 103 75 3.4 10.9
"66" "64" 2014-03-12 26.6 "GSW" "@" "LAC" "L" -13 0 1.15 NA NA 0 0 0 0 0 0 NA 0 0 124 0 -6.3
"67" "65" 2014-03-14 26.61 "GSW" "" "CLE" "L" -9 0 2.43333333333333 0.266 0 0 48.1 23.8 0 0 0 0 36.2 58 110 0.2 -16
"68" "" 2014-03-16 26.61 "GSW" "@" "POR" "W" 1 NA NA NA NA NA NA NA NA NA NA NA NA NA NA NA NA
"69" "66" 2014-03-18 26.62 "GSW" "" "ORL" "W" 14 0 23.4 0.553 0.5 14 25.6 19.5 7.7 2.2 3.2 14.5 27.6 107 89 9.6 -1.2
"70" "67" 2014-03-20 26.62 "GSW" "" "MIL" "W" 5 0 9.36666666666667 0.615 0.5 13.9 25 19.7 0 5.3 0 17 28.4 111 103 4.1 -4.6
"71" "68" 2014-03-22 26.63 "GSW" "" "SAS" "L" -9 0 7.1 1.042 1 0 13 7.2 38.7 0 0 0 18.1 219 106 6 23.1
"72" "69" 2014-03-28 26.65 "GSW" "" "MEM" "W" 7 1 25.55 0.759 0.778 11.1 26.8 19.8 0 0 2.7 9.2 20.6 138 106 13.2 4.7
"73" "70" 2014-03-30 26.65 "GSW" "" "NYK" "L" -5 1 18.7 0.25 0.25 5.8 42.8 23.9 11.2 0 4.7 0 20.8 72 98 3 -4.1
"74" "71" 2014-04-01 26.66 "GSW" "@" "DAL" "W" 2 0 17.1 0.571 0.571 16.3 44.3 32.1 7.8 0 0 36.4 32.3 82 119 3.7 -14.7
"75" "72" 2014-04-02 26.66 "GSW" "@" "SAS" "L" -21 0 29.8833333333333 0.652 0.625 14.6 23.6 18.5 0 1.7 0 10.6 29.6 117 116 16.5 3.6
"76" "73" 2014-04-04 26.67 "GSW" "" "SAC" "W" 33 0 26.6833333333333 0.505 0.455 7.3 27.7 17.8 10.9 0 0 14.4 22.6 102 73 8.3 -0.5
"77" "74" 2014-04-06 26.67 "GSW" "" "UTA" "W" 28 0 16.45 0.444 0.444 8.3 31 21.4 0 0 0 25 31.8 68 101 0.5 -22.3
"78" "75" 2014-04-10 26.68 "GSW" "" "DEN" "L" -1 0 15.6166666666667 0.436 0.444 0 10.8 6.1 0 0 0 0 29.5 86 107 3.3 -7.7
"79" "76" 2014-04-11 26.68 "GSW" "@" "LAL" "W" 17 0 22.2 0.673 0.636 4.7 28.6 17.5 0 2.1 0 14.4 26.2 113 92 11.3 -0.4
"80" "77" 2014-04-13 26.69 "GSW" "@" "POR" "L" -2 0 0.0333333333333333 NA NA 0 0 0 0 0 0 NA 0 0 121 0 -5
"81" "78" 2014-04-14 26.69 "GSW" "" "MIN" "W" 10 0 15.85 0.324 0.308 29.1 14.4 22.6 8.2 0 4.6 0 33.8 100 117 5.4 -14.1
"82" "79" 2014-04-16 26.7 "GSW" "@" "DEN" "W" 4 1 30.8666666666667 0.346 0.333 10.6 10.8 10.7 12.9 1.5 3.1 15.9 24.6 77 108 3.5 -12.5
"1" "1" 2014-10-29 27.24 "GSW" "@" "SAC" "W" 18 0 17.8166666666667 0.615 0.615 12.8 15.5 14.3 47.1 0 0 18.8 38.8 98 81 10 6.4
"2" "2" 2014-11-01 27.24 "GSW" "" "LAL" "W" 23 0 4.91666666666667 0.5 0.5 30.5 40.7 36.6 0 0 0 0 16.9 132 97 1.9 -4.6
"3" "3" 2014-11-02 27.25 "GSW" "@" "POR" "W" 5 0 12.2833333333333 0.4 0.4 0 15.3 8.1 0 0 0 16.7 21.9 63 97 0.1 -12
"4" "" 2014-11-05 27.25 "GSW" "" "LAC" "W" 17 NA NA NA NA NA NA NA NA NA NA NA NA NA NA NA NA
"5" "4" 2014-11-08 27.26 "GSW" "@" "HOU" "W" 11 0 7.16666666666667 1 1 29.8 0 13.4 0 0 0 25 22.2 133 101 5.1 10.2
"6" "5" 2014-11-09 27.27 "GSW" "@" "PHO" "L" -12 0 12.1333333333333 0.41 0.25 0 9.4 5.3 0 0 8.1 0 18.5 86 108 2.6 -3.6
"7" "6" 2014-11-11 27.27 "GSW" "" "SAS" "L" -13 0 12 0.935 1 0 17.8 10.8 0 0 5.9 14.5 28.1 142 113 8.2 8.3
"8" "7" 2014-11-13 27.28 "GSW" "" "BRK" "W" 8 0 16.25 0.581 0.667 18.5 46.6 30.9 0 3.1 12.1 22.5 24 92 85 8.4 1.8
"9" "8" 2014-11-15 27.28 "GSW" "" "CHO" "W" 25 0 14.45 0.637 0.5 0 39.9 21.7 20.9 3.5 0 0 31.6 144 79 11.6 12.1
"10" "9" 2014-11-16 27.28 "GSW" "@" "LAL" "W" 21 0 20.4166666666667 0.826 0.727 24.1 19.6 21.4 0 0 0 6.4 31.2 166 111 21.6 8.6
"11" "10" 2014-11-21 27.3 "GSW" "" "UTA" "W" 13 0 16.0333333333333 0.651 0.667 0 0 0 13 0 0 8.5 34.1 112 103 7.8 1.2
"12" "11" 2014-11-23 27.3 "GSW" "@" "OKC" "W" 5 0 25.05 0.638 0.611 10.1 14.7 12.3 32.1 0 0 0 37.4 132 94 22.1 18.2
"13" "12" 2014-11-25 27.31 "GSW" "@" "MIA" "W" 17 0 14.8333333333333 0.8 0.8 9.8 24.9 19 10.8 0 0 16.7 20.2 138 107 6.9 1.2
"14" "13" 2014-11-26 27.31 "GSW" "@" "ORL" "W" 15 0 20.15 0.4 0.333 5.7 23.4 15.4 6.9 0 7.1 0 30.2 92 94 6.9 -6.9
"15" "14" 2014-11-28 27.32 "GSW" "@" "CHO" "W" 5 0 23.7666666666667 0.633 0.6 15.5 5.3 11.2 22.7 2.1 3 4.5 38.2 130 104 20.6 12.5
"16" "15" 2014-11-30 27.32 "GSW" "@" "DET" "W" 11 0 19.2833333333333 0.349 0.286 19.7 40.7 32.1 0 0 7.3 11.3 41.4 76 82 5.4 -11.2
"17" "16" 2014-12-02 27.33 "GSW" "" "ORL" "W" 1 0 15.3166666666667 0.551 0.5 7 21.4 14.1 28.1 0 0 15.5 38.5 102 109 6.4 -3.3
"18" "17" 2014-12-04 27.33 "GSW" "" "NOP" "W" 27 0 16.9 0.403 0.357 10.3 23.7 16.5 8.7 2.9 3.8 6.3 38.7 92 81 7.8 -1.8
"19" "18" 2014-12-06 27.34 "GSW" "@" "CHI" "W" 10 0 20.3666666666667 0.451 0.4 19.6 11.2 15.7 7.7 0 0 7.6 28 107 116 6.7 -8.3
"20" "19" 2014-12-08 27.35 "GSW" "@" "MIN" "W" 16 0 20.7166666666667 0.676 0.625 15.1 17.2 16.2 0 2.4 3 18.4 22.1 117 86 9.8 0.6
"21" "20" 2014-12-10 27.35 "GSW" "" "HOU" "W" 12 0 19.7833333333333 0.524 0.462 12.8 29.7 22.3 0 0 4.4 6.5 35.5 104 93 10.8 0.4
"22" "21" 2014-12-13 27.36 "GSW" "@" "DAL" "W" 7 0 18.4 0.286 0.286 5.8 19.7 13.3 0 0 0 22.2 21.8 52 101 -1.4 -16.4
"23" "22" 2014-12-14 27.36 "GSW" "@" "NOP" "W" 6 0 20.2333333333333 0.753 0.75 13.1 15.7 14.6 7.2 4.8 0 31.1 21 113 105 7.6 -1
"24" "23" 2014-12-16 27.37 "GSW" "@" "MEM" "L" -7 0 25.8166666666667 0.571 0.5 17.5 12.7 15.3 0 0 4.8 6 27.3 123 110 13.8 1.8
"25" "24" 2014-12-18 27.37 "GSW" "" "OKC" "W" 5 0 19.4666666666667 0.5 0.5 5.5 26.7 15 6.9 0 8.1 9.1 25.3 97 108 7.2 -3.8
"26" "25" 2014-12-22 27.38 "GSW" "" "SAC" "W" 20 0 12.9166666666667 0.92 0.667 9.3 25.3 17.7 26.8 0 0 13.3 24.6 176 109 11.8 13.6
"27" "26" 2014-12-23 27.39 "GSW" "@" "LAL" "L" -10 0 20.2 0.375 0.375 5.9 23.2 14.7 14.9 0 0 20 21.5 78 119 1.3 -12.1
"28" "27" 2014-12-25 27.39 "GSW" "@" "LAC" "L" -14 1 22.2166666666667 0.473 0.444 0 4.6 2.3 0 2.2 0 14.7 27.9 78 107 3.6 -5.9
"29" "28" 2014-12-27 27.4 "GSW" "" "MIN" "W" 13 1 19.3833333333333 0.635 0.571 17.3 15.8 16.5 31.9 0 0 11.3 19.4 136 103 11.5 6
"30" "29" 2014-12-30 27.41 "GSW" "" "PHI" "W" 40 1 23.65 0.735 0.692 16 3.9 9 29.3 0 12.3 0 29.4 161 93 23.9 13.5
"31" "30" 2015-01-02 27.41 "GSW" "" "TOR" "W" 21 1 25.4333333333333 0.654 0.632 18.9 18 18.4 0 0 0 4.8 35.9 134 116 19.7 0.1
"32" "31" 2015-01-05 27.42 "GSW" "" "OKC" "W" 26 1 16.8166666666667 0.282 0.125 11.7 17.8 15.2 0 0 0 8.6 29.1 69 91 0.4 -16.9
"33" "32" 2015-01-07 27.43 "GSW" "" "IND" "W" 15 1 26 0.699 0.667 4 10.9 6.9 0 0 0 7.2 23.1 127 109 11.9 -0.6
"34" "33" 2015-01-09 27.43 "GSW" "" "CLE" "W" 18 1 28.3166666666667 0.432 0.385 17 13.8 15.2 0 1.8 5.4 17.8 26.9 84 98 5.9 -12
"35" "34" 2015-01-13 27.44 "GSW" "@" "UTA" "W" 11 0 22.0333333333333 0.46 0.45 5.6 0 2.9 0 0 3.6 8.4 24.5 86 119 3 -12.8
"36" "35" 2015-01-14 27.45 "GSW" "" "MIA" "W" 15 0 19.95 0.405 0.333 18 19.5 18.7 15.6 0 0 9.2 25.6 101 104 5.1 -7.5
"37" "36" 2015-01-16 27.45 "GSW" "@" "OKC" "L" -12 1 27.9833333333333 0.592 0.563 6.7 18.6 12.4 25.8 1.7 0 10.6 27.4 117 123 15.5 4.2
"38" "37" 2015-01-17 27.45 "GSW" "@" "HOU" "W" 25 0 19.7166666666667 0.545 0.5 0 25.9 13.8 20.6 0 3.7 0 28 125 101 11.3 1.9
"39" "38" 2015-01-19 27.46 "GSW" "" "DEN" "W" 43 0 13.2333333333333 0.615 0.5 0 13.4 7.9 0 0 0 29.1 35.4 83 85 2.8 -14.6
"40" "39" 2015-01-21 27.47 "GSW" "" "HOU" "W" 13 0 8.28333333333333 0.765 0.7 12.9 12.3 12.6 0 0 10.5 25.4 37.5 114 115 5.2 0.2
"41" "40" 2015-01-23 27.47 "GSW" "" "SAC" "W" 25 0 20.9166666666667 0.663 0.615 10.4 20.4 15.5 8.6 0 3.5 6.5 29.1 131 101 14.1 1.3
"42" "41" 2015-01-25 27.48 "GSW" "" "BOS" "W" 3 0 13.0333333333333 0.143 0.143 8.4 28.9 19.4 0 0 0 12.5 26.1 37 106 -2.8 -25.4
"43" "42" 2015-01-27 27.48 "GSW" "" "CHI" "L" -2 1 21.25 0.357 0.357 13.1 24 18.3 0 0 0 12.5 30.4 72 103 3.4 -10.6
"44" "43" 2015-01-30 27.49 "GSW" "@" "UTA" "L" -10 0 17.4333333333333 0.285 0.143 16.9 29.3 22.9 0 0 0 18.6 26.9 66 111 1.3 -15.2
"45" "" 2015-01-31 27.49 "GSW" "" "PHO" "W" 19 NA NA NA NA NA NA NA NA NA NA NA NA NA NA NA NA
"46" "44" 2015-02-03 27.5 "GSW" "@" "SAC" "W" 25 0 20.6833333333333 0.612 0.615 22.1 22.6 22.4 25.4 0 0 0 28.4 142 104 14.4 5.2
"47" "45" 2015-02-04 27.5 "GSW" "" "DAL" "W" 14 0 13.6 0.595 0.5 18.6 28.2 24.1 12.9 0 5.2 0 37.7 138 110 11.8 3.4
"48" "46" 2015-02-06 27.51 "GSW" "@" "ATL" "L" -8 0 13.4 0.375 0.375 0 49.8 20.1 0 0 0 11.1 26.1 72 126 0.9 -15.9
"49" "47" 2015-02-07 27.51 "GSW" "@" "NYK" "W" 14 0 15.6333333333333 0.512 0.375 7.5 6 6.7 0 0 0 9.3 31.3 106 110 4.8 -10.2
"50" "48" 2015-02-09 27.52 "GSW" "@" "PHI" "W" 5 0 14.75 0.625 0.625 0 7.4 3.5 0 0 0 11.1 27.3 96 94 4.9 -3.2
"51" "49" 2015-02-11 27.52 "GSW" "@" "MIN" "W" 3 0 14.9166666666667 0.4 0.4 0 32.2 16.3 0 0 0 0 29.5 79 92 2.9 -8.4
"52" "50" 2015-02-20 27.55 "GSW" "" "SAS" "W" 11 0 7.85 0.515 0.333 0 0 0 0 0 0 34 34.6 68 113 -0.1 -21.2
"53" "51" 2015-02-22 27.55 "GSW" "@" "IND" "L" -6 0 3.35 0.347 0 27.6 36.7 31.5 42.1 15.1 0 0 76.6 98 79 3.5 15.8
"54" "52" 2015-02-24 27.56 "GSW" "@" "WAS" "W" 7 0 15.0333333333333 0.546 0.5 8 9.4 8.6 12.4 0 0 12 49.9 98 111 8.5 -4.8
"55" "53" 2015-02-26 27.56 "GSW" "@" "CLE" "L" -11 0 7.21666666666667 0 0 0 0 0 17.1 6.7 0 0 5.8 53 106 0.6 -2.5
"56" "54" 2015-02-27 27.57 "GSW" "@" "TOR" "W" 24 0 21.05 0.45 0.375 10.6 14.9 12.8 6.5 0 0 25.3 25.2 81 97 2.4 -13.2
"57" "" 2015-03-01 27.57 "GSW" "@" "BOS" "W" 5 NA NA NA NA NA NA NA NA NA NA NA NA NA NA NA NA
"58" "55" 2015-03-02 27.58 "GSW" "@" "BRK" "L" -2 0 7.05 0.5 0.5 0 15.5 7.7 31.6 0 0 0 36.2 117 122 2.8 -4.9
"59" "" 2015-03-04 27.58 "GSW" "" "MIL" "W" 9 NA NA NA NA NA NA NA NA NA NA NA NA NA NA NA NA
"60" "56" 2015-03-06 27.59 "GSW" "" "DAL" "W" 15 0 16.1666666666667 0.615 0.5 0 6.6 3.5 22.7 0 0 17 31.4 109 94 6.5 -0.3
"61" "57" 2015-03-08 27.59 "GSW" "" "LAC" "W" 8 0 2.51666666666667 NA NA 0 0 0 0 0 0 NA 0 0 112 -0.4 -14.5
"62" "58" 2015-03-09 27.59 "GSW" "@" "PHO" "W" 18 0 4.46666666666667 0 0 0 47.8 25.3 61.4 0 0 0 9.8 92 84 1.3 12.4
"63" "59" 2015-03-11 27.6 "GSW" "" "DET" "W" 7 0 17.65 0.667 0.667 0 26.7 14.9 0 0 6.3 18.2 28 96 96 7.8 -0.1
"64" "" 2015-03-13 27.61 "GSW" "@" "DEN" "L" -11 NA NA NA NA NA NA NA NA NA NA NA NA NA NA NA NA
"65" "60" 2015-03-14 27.61 "GSW" "" "NYK" "W" 31 0 17.4 0.441 0.25 14.1 0 5.9 7 2.9 3.9 0 26.4 115 106 8 -5.8
"66" "" 2015-03-16 27.61 "GSW" "" "LAL" "W" 3 NA NA NA NA NA NA NA NA NA NA NA NA NA NA NA NA
"67" "61" 2015-03-18 27.62 "GSW" "" "ATL" "W" 19 0 13.2333333333333 0.5 0.5 0 22.2 12.4 12.3 3.7 0 0 26.2 105 91 6.2 1.5
"68" "62" 2015-03-20 27.62 "GSW" "" "NOP" "W" 16 0 16.85 0.813 0.813 0 21.9 10.2 10.6 0 10.4 11.1 23.7 131 98 11 11.3
"69" "63" 2015-03-21 27.63 "GSW" "" "UTA" "W" 15 0 12.9833333333333 0.286 0.286 21.7 38.9 30.8 24.2 0 0 12.5 29.7 80 104 1.7 -13.3
"70" "64" 2015-03-23 27.63 "GSW" "" "WAS" "W" 31 0 14.4166666666667 0.743 0.667 6.4 27.7 16.6 52.5 0 0 8.5 34 151 85 15.1 25.3
"71" "65" 2015-03-24 27.64 "GSW" "@" "POR" "W" 14 0 4.9 0.5 0.5 0 0 0 24.4 0 0 0 19.4 122 122 1.3 -4
"72" "66" 2015-03-27 27.64 "GSW" "@" "MEM" "W" 23 0 5.48333333333333 0.25 0.25 19 0 10.5 0 0 13.9 0 31.4 72 92 1 -11.2
"73" "67" 2015-03-28 27.65 "GSW" "@" "MIL" "W" 13 0 19.9666666666667 0.505 0.455 14.1 22.7 19.3 24.1 2.4 0 20.2 32.5 96 91 8.5 -0.7
"74" "68" 2015-03-31 27.65 "GSW" "@" "LAC" "W" 4 0 15.1 0.604 0.556 7.8 7.4 7.6 14.4 3.3 0 0 31.4 129 110 10.2 9.1
"75" "69" 2015-04-02 27.66 "GSW" "" "PHO" "W" 1 0 18.3666666666667 0.5 0.5 4.9 29.7 16.2 0 0 0 14.3 32.2 85 107 5.4 -8.3
"76" "70" 2015-04-04 27.67 "GSW" "@" "DAL" "W" 13 0 9.83333333333333 0.922 0.875 19.1 10.2 14.8 35.6 0 0 9.3 42.7 167 109 13.8 26.2
"77" "71" 2015-04-05 27.67 "GSW" "@" "SAS" "L" -15 0 10.7166666666667 0 0 0 25.6 10.4 11.5 0 0 0 12.7 20 116 -0.8 -11.5
"78" "72" 2015-04-07 27.67 "GSW" "@" "NOP" "L" -3 0 13.5833333333333 0.571 0.571 14.7 22.6 18.6 0 0 0 0 22.4 122 110 6.2 0.2
"79" "73" 2015-04-09 27.68 "GSW" "" "POR" "W" 11 0 7.53333333333333 0.667 0.667 16.3 0 7.5 36.1 6.6 0 0 17.9 161 103 5.4 17.6
"80" "74" 2015-04-11 27.68 "GSW" "" "MIN" "W" 9 0 5.5 0 0 0 19.4 9.7 41.6 0 0 33.3 22.9 38 110 -1.1 -15.6
"81" "75" 2015-04-13 27.69 "GSW" "" "MEM" "W" 4 0 12.8333333333333 0.291 0.167 11.7 7.3 9 0 3.7 0 22.5 31.1 56 106 -1 -23.2
"82" "76" 2015-04-15 27.7 "GSW" "" "DEN" "W" 7 0 20.6166666666667 0.511 0.429 10.3 38.8 23 0 4.4 0 5.7 34.8 110 112 12.2 -7.6
"1" "1" 2015-10-27 28.23 "GSW" "" "NOP" "W" 16 0 10.7 0.514 0.357 39 10.4 25.2 14 0 6.9 18.6 38.4 114 96 7 3.2
"2" "2" 2015-10-30 28.24 "GSW" "@" "HOU" "W" 20 0 12.6666666666667 0.589 0.545 15.8 15.8 15.8 18.7 0 6.4 0 40.2 127 94 10.9 10.2
"3" "3" 2015-10-31 28.24 "GSW" "@" "NOP" "W" 14 0 14.4833333333333 0.512 0.5 0 6.5 3.9 16.8 0 4.2 29.1 20.8 85 118 2.6 -6
"4" "4" 2015-11-02 28.25 "GSW" "" "MEM" "W" 50 0 18.8833333333333 0.25 0.25 5.9 27 18.7 6.7 0 0 0 18.3 70 69 1.1 -12.4
"5" "5" 2015-11-04 28.25 "GSW" "" "LAC" "W" 4 0 14.65 0.4 0.286 0 38.1 19.7 0 0 5 10.2 28.9 77 106 3.7 -7.8
"6" "6" 2015-11-06 28.26 "GSW" "" "DEN" "W" 15 0 13.5833333333333 0.19 0.143 15 28.3 21.9 0 3.3 0 20.2 28.9 47 92 -1.1 -22.8
"7" "7" 2015-11-07 28.26 "GSW" "@" "SAC" "W" 9 0 3.16666666666667 0.5 0.5 0 0 0 0 15.2 0 0 25.3 103 73 2 13.3
"8" "8" 2015-11-09 28.27 "GSW" "" "DET" "W" 14 0 3.98333333333333 0.25 0.25 57.4 30.1 44.1 0 0 0 0 42.8 85 98 0.5 -28
"9" "9" 2015-11-11 28.27 "GSW" "@" "MEM" "W" 16 0 5.41666666666667 0 0 0 0 0 0 9.2 32.2 50 49.2 0 62 -3.5 -37.1
"10" "" 2015-11-12 28.27 "GSW" "@" "MIN" "W" 13 NA NA NA NA NA NA NA NA NA NA NA NA NA NA NA NA
"11" "" 2015-11-14 28.28 "GSW" "" "BRK" "W" 8 NA NA NA NA NA NA NA NA NA NA NA NA NA NA NA NA
"12" "10" 2015-11-17 28.29 "GSW" "" "TOR" "W" 5 0 5.18333333333333 0.727 0.667 25 25 25 0 0 0 36.8 45 90 112 1.5 -18.7
"13" "11" 2015-11-19 28.29 "GSW" "@" "LAC" "W" 7 0 12.2 0.355 0 23.1 26.2 24.9 10.4 0 0 15.1 24.2 96 120 2.3 -13.7
"14" "" 2015-11-20 28.3 "GSW" "" "CHI" "W" 12 NA NA NA NA NA NA NA NA NA NA NA NA NA NA NA NA
"15" "12" 2015-11-22 28.3 "GSW" "@" "DEN" "W" 13 0 6.38333333333333 0.5 0.5 19.3 78.3 51.9 0 0 0 0 26 113 88 3.4 -6.6
"16" "13" 2015-11-24 28.31 "GSW" "" "LAL" "W" 34 0 11.7833333333333 0.2 0.2 0 18.5 8.8 0 0 0 28.6 26.7 29 88 -3.3 -28.5
"17" "" 2015-11-27 28.32 "GSW" "@" "PHO" "W" 19 NA NA NA NA NA NA NA NA NA NA NA NA NA NA NA NA
"18" "14" 2015-11-28 28.32 "GSW" "" "SAC" "W" 19 0 16.6666666666667 0.458 0.417 13.7 16 15 11.7 0 0 0 38 110 110 8.8 -8.9
"19" "15" 2015-11-30 28.32 "GSW" "@" "UTA" "W" 3 0 4.35 1 1 0 26.9 13.8 0 0 0 50 21.3 74 114 1 -4.1
"20" "16" 2015-12-02 28.33 "GSW" "@" "CHO" "W" 17 0 11.2333333333333 0.429 0.429 0 23.3 13.6 38.6 0 0 0 27 114 100 4.5 1.9
"21" "17" 2015-12-05 28.34 "GSW" "@" "TOR" "W" 3 0 11.9166666666667 0.434 0.25 0 17.5 9.9 26 0 5.7 41 39 65 114 0.1 -15.9
"22" "18" 2015-12-06 28.34 "GSW" "@" "BRK" "W" 16 0 12.5666666666667 0.415 0.375 8.5 8.1 8.3 0 0 0 10.6 33.3 82 107 1.4 -19.4
"23" "19" 2015-12-08 28.35 "GSW" "@" "IND" "W" 8 0 0.616666666666667 NA NA 0 0 0 0 0 0 NA 0 0 127 0 -6
"24" "20" 2015-12-11 28.35 "GSW" "@" "BOS" "W" 5 0 6.63333333333333 0.338 0.25 0 14.3 7.4 52.6 0 0 0 27.3 97 105 2.3 5.1
"25" "21" 2015-12-12 28.36 "GSW" "@" "MIL" "L" -13 0 5.5 0.333 0.333 17.1 20.8 18.8 0 0 0 0 22.6 87 112 1.3 -7.3
"26" "22" 2015-12-16 28.37 "GSW" "" "PHO" "W" 25 0 12 0.571 0.429 18.6 0 8.9 0 0 0 17.2 39.8 106 103 4.3 -17
"27" "23" 2015-12-18 28.37 "GSW" "" "MIL" "W" 9 0 11.0333333333333 0.286 0.286 10.4 19.3 15 0 0 0 0 25.7 77 113 0.8 -16.2
"28" "" 2015-12-23 28.39 "GSW" "" "UTA" "W" 18 NA NA NA NA NA NA NA NA NA NA NA NA NA NA NA NA
"29" "24" 2015-12-25 28.39 "GSW" "" "CLE" "W" 6 0 4.4 0 0 0 0 0 0 11.4 0 50 20.6 0 75 -1.5 -19.5
"30" "" 2015-12-28 28.4 "GSW" "" "SAC" "W" 19 NA NA NA NA NA NA NA NA NA NA NA NA NA NA NA NA
"31" "25" 2015-12-30 28.41 "GSW" "@" "DAL" "L" -23 0 21.1833333333333 0.466 0.417 9.4 16.6 12.7 0 2.4 0 18.9 34.7 79 120 5.5 -9.6
"32" "26" 2015-12-31 28.41 "GSW" "@" "HOU" "W" 4 0 11.15 0.338 0.25 0 0 0 44.5 0 0 31.1 24.3 80 118 1 -6.1
"33" "27" 2016-01-02 28.41 "GSW" "" "DEN" "W" 3 0 18.0333333333333 0.388 0.333 23.8 23.7 23.7 0 0 0 16.2 33.2 81 105 3.7 -16.4
"34" "28" 2016-01-04 28.42 "GSW" "" "CHO" "W" 10 0 16.6 0.718 0.7 8 6.9 7.4 0 0 4.4 8.7 32.9 122 109 10.7 1.4
"35" "29" 2016-01-05 28.42 "GSW" "@" "LAL" "W" 21 0 23.7833333333333 0.436 0.333 8.6 27.4 19 12.6 0 2.9 0 26.4 108 88 10.3 -3.5
"36" "30" 2016-01-08 28.43 "GSW" "@" "POR" "W" 20 0 14.6333333333333 0.571 0.571 8.6 23.9 17.6 0 6.3 0 30 29.5 75 91 4.8 -7.8
"37" "" 2016-01-09 28.43 "GSW" "@" "SAC" "W" 12 NA NA NA NA NA NA NA NA NA NA NA NA NA NA NA NA
"38" "31" 2016-01-11 28.44 "GSW" "" "MIA" "W" 8 0 5.7 0.75 0.75 17.9 0 8.8 0 0 0 0 31.1 148 112 4.7 9.8
"39" "32" 2016-01-13 28.44 "GSW" "@" "DEN" "L" -2 0 5.66666666666667 0.085 0 39.4 37.6 38.5 0 8.5 39.1 0 45.4 46 67 2.2 -7.7
"40" "" 2016-01-14 28.45 "GSW" "" "LAL" "W" 18 NA NA NA NA NA NA NA NA NA NA NA NA NA NA NA NA
"41" "" 2016-01-16 28.45 "GSW" "@" "DET" "L" -18 NA NA NA NA NA NA NA NA NA NA NA NA NA NA NA NA
"42" "33" 2016-01-18 28.46 "GSW" "@" "CLE" "W" 34 0 9.26666666666667 0.41 0.25 0 13.3 7.1 0 0 0 0 24.1 89 108 1.9 -12.2
"43" "34" 2016-01-20 28.46 "GSW" "@" "CHI" "W" 31 0 6.76666666666667 0.5 0.5 15.8 0 6.8 0 0 0 0 31.2 110 105 2.6 -6.9
"44" "35" 2016-01-22 28.47 "GSW" "" "IND" "W" 12 0 5.58333333333333 0.5 0.5 0 16.9 9.1 50 0 0 0 21.9 138 110 1.8 6
"45" "36" 2016-01-25 28.48 "GSW" "" "SAS" "W" 30 0 18.7 0.487 0.455 19.7 23.3 21.6 15.2 0 4.3 0 27 121 89 8.9 1.7
"46" "37" 2016-01-27 28.48 "GSW" "" "DAL" "W" 20 0 9.5 0.444 0.444 30.6 37 34.1 18.9 0 0 10 50.9 97 116 4.9 -18.2
"47" "38" 2016-01-30 28.49 "GSW" "@" "PHI" "W" 3 0 11.8833333333333 0.429 0.429 18.4 30.5 25 34.7 0 0 0 23.8 119 103 6.6 4.6
"48" "39" 2016-01-31 28.49 "GSW" "@" "NYK" "W" 21 0 11 0.595 0.5 0 41.2 25.7 26.2 0 0 0 25.4 131 92 6.4 5.9
"49" "40" 2016-02-03 28.5 "GSW" "@" "WAS" "W" 13 0 11.9666666666667 0.444 0.444 26.7 28.7 27.7 0 0 0 0 29.2 108 114 6.3 -8.3
"50" "41" 2016-02-06 28.51 "GSW" "" "OKC" "W" 8 0 17.2 0.689 0.65 5.5 6.2 5.8 17.9 0 4.4 8.4 28.6 134 111 11.7 12.3
"51" "42" 2016-02-09 28.52 "GSW" "" "HOU" "W" 13 0 12.1166666666667 0.67 0.611 0 33 17.2 0 0 0 15.2 44.5 112 107 7.9 -0.7
"52" "43" 2016-02-10 28.52 "GSW" "@" "PHO" "W" 8 0 16.5333333333333 0.431 0.4 12.1 16.7 14.5 0 5.4 4 8.7 28.9 87 89 7.2 -3.2
"53" "44" 2016-02-19 28.55 "GSW" "@" "POR" "L" -32 0 12.75 0.47 0.25 27.9 18.4 23.8 13.2 0 0 0 32.2 123 130 8.9 0.6
"54" "45" 2016-02-20 28.55 "GSW" "@" "LAC" "W" 3 0 8.7 0.5 0.5 13.8 0 6.3 0 0 0 33.3 30.8 69 123 -0.1 -20.8
"55" "46" 2016-02-22 28.55 "GSW" "@" "ATL" "W" 10 0 7.86666666666667 0.25 0.25 0 13.6 6.8 0 0 0 33.3 34.1 31 101 -2.5 -29.4
"56" "" 2016-02-24 28.56 "GSW" "@" "MIA" "W" 6 NA NA NA NA NA NA NA NA NA NA NA NA NA NA NA NA
"57" "47" 2016-02-25 28.56 "GSW" "@" "ORL" "W" 16 0 11.5 0.788 0.75 11.3 19.9 15.9 14.9 0 0 10.1 35.8 141 112 11 6
"58" "48" 2016-02-27 28.57 "GSW" "@" "OKC" "W" 3 0 12.25 0.571 0.571 0 9.8 4.6 15.6 0 0 0 25.9 111 115 5.3 0.5
"59" "49" 2016-03-01 28.58 "GSW" "" "ATL" "W" 4 0 12.6666666666667 0.563 0.5 7.9 0 4.5 14.7 0 8.9 0 30.6 132 110 7.7 12.7
"60" "50" 2016-03-03 28.58 "GSW" "" "OKC" "W" 15 0 11.8166666666667 1 1 0 34.6 18.9 13.2 0 6.2 0 19.5 180 102 10.3 21.5
"61" "51" 2016-03-06 28.59 "GSW" "@" "LAL" "L" -17 0 11.1166666666667 0.2 0.2 17.6 10.5 14.4 13.2 0 7 16.7 21.4 60 114 1 -10.4
"62" "52" 2016-03-07 28.59 "GSW" "" "ORL" "W" 6 0 6.05 0.347 0 0 0 0 18.9 0 11.5 25.8 25.7 72 104 0.6 -9.5
"63" "53" 2016-03-09 28.6 "GSW" "" "UTA" "W" 21 0 15.35 0.68 0.65 16.9 21.3 19.3 42.8 0 0 0 35.6 154 103 14.9 15.7
"64" "54" 2016-03-11 28.6 "GSW" "" "POR" "W" 16 0 10.9166666666667 0.129 0 0 9.4 4.6 0 0 0 0 14.9 34 124 -2.4 -24.3
"65" "55" 2016-03-12 28.61 "GSW" "" "PHO" "W" 7 0 17.9166666666667 0.751 0.714 6 48.7 27.1 0 5.4 4.3 0 41.9 149 99 23.8 18.2
"66" "56" 2016-03-14 28.61 "GSW" "" "NOP" "W" 18 0 18.3833333333333 0.549 0.5 25.3 19 21.3 23.1 2.7 0 19 37.7 109 106 9.7 -4.4
"67" "57" 2016-03-16 28.62 "GSW" "" "NYK" "W" 36 0 15.6166666666667 0.732 0.688 7.9 11.6 10 18.2 0 4.3 18.4 30.9 127 94 10 10.2
"68" "58" 2016-03-18 28.62 "GSW" "@" "DAL" "W" 18 0 17.2 0.813 0.813 0 29.1 15.9 17.9 0 4.4 11.1 22.2 135 107 11.6 8.5
"69" "59" 2016-03-19 28.62 "GSW" "@" "SAS" "L" -8 0 10.9333333333333 0.333 0.333 0 10 4.9 0 5 0 14.3 31.9 53 97 0.1 -12.7
"70" "60" 2016-03-21 28.63 "GSW" "@" "MIN" "W" 5 0 13.4166666666667 0.667 0.667 8.9 8.7 8.8 24.9 0 17 0 18.9 148 105 9.1 12.2
"71" "61" 2016-03-23 28.64 "GSW" "" "LAC" "W" 16 0 11.9166666666667 0.291 0.25 16.4 25.7 21 11.5 0 14.1 0 24.9 89 91 3 -3.7
"72" "62" 2016-03-25 28.64 "GSW" "" "DAL" "W" 8 0 12.1666666666667 0.512 0.375 0 24.7 13 0 4.1 6.5 0 18.3 107 112 5.2 -1.4
"73" "63" 2016-03-27 28.65 "GSW" "" "PHI" "W" 12 0 19.9166666666667 0.814 0.8 20.7 21 20.8 26.7 0 0 16.1 27.3 140 111 15 9
"74" "64" 2016-03-29 28.65 "GSW" "" "WAS" "W" 8 0 10.2166666666667 0.421 0.429 0 17.1 9.1 19.7 0 7.5 10.7 38.7 76 86 1.9 -8.7
"75" "65" 2016-03-30 28.65 "GSW" "@" "UTA" "W" 7 0 12 0.5 0.5 9.4 0 4.4 0 0 7.4 42.9 26.9 59 97 -0.8 -14.9
"76" "66" 2016-04-01 28.66 "GSW" "" "BOS" "L" -3 0 11.3833333333333 0.417 0.417 0 28.8 14.9 0 8.4 6.6 0 22.9 83 88 4.4 1.9
"77" "67" 2016-04-03 28.67 "GSW" "" "POR" "W" 25 0 13.3666666666667 0.509 0.417 9.7 16.7 13.5 25.2 0 0 22.5 29.1 108 117 4.2 -5.2
"78" "68" 2016-04-05 28.67 "GSW" "" "MIN" "L" -7 0 8.51666666666667 0.6 0.6 14.5 0 7.2 0 0 0 28.6 35 80 118 2.4 -10.4
"79" "69" 2016-04-07 28.68 "GSW" "" "SAS" "W" 11 0 10.15 0.615 0.5 0 11.5 6.3 13.3 0 0 17 27 109 111 4 -0.4
"80" "70" 2016-04-09 28.68 "GSW" "@" "MEM" "W" 1 0 10.65 0.381 0.286 30.7 15.5 22.1 0 0 6 11.3 38.6 88 104 3.9 -9.9
"81" "71" 2016-04-10 28.68 "GSW" "@" "SAS" "W" 6 0 8.38333333333333 0.615 0.5 0 50.2 28.9 0 0 15.7 0 28.5 125 69 6.9 19.7
"82" "72" 2016-04-13 28.69 "GSW" "" "MEM" "W" 21 0 12.0166666666667 0.607 0.556 10.2 23 17.6 0 8 0 0 35.5 132 89 10.5 2.9
"1" "1" 2016-10-27 29.23 "LAC" "@" "POR" "W" 8 0 15.6166666666667 0.677 0.625 11.4 0 6.4 0 0 0 0 28.8 150 113 10.4 9.7
"2" "2" 2016-10-30 29.24 "LAC" "" "UTA" "W" 13 0 17 0.225 0.188 0 26.9 12.3 0 3.2 5.2 0 23.9 54 76 0.5 -6.1
"3" "3" 2016-10-31 29.24 "LAC" "" "PHO" "W" 18 0 13.1 0.515 0.333 18.8 22.4 20.8 0 3.5 0 20.5 31.7 95 87 4.3 -7.9
"4" "4" 2016-11-02 29.25 "LAC" "" "OKC" "L" -2 0 16.3166666666667 0.709 0.722 5.9 20.5 12.7 36 0 0 0 26 138 90 12.3 19.7
"5" "5" 2016-11-04 29.25 "LAC" "@" "MEM" "W" 11 0 12.1833333333333 0.654 0.667 8.6 8 8.3 19.5 0 0 0 24.5 137 104 5.7 7.6
"6" "6" 2016-11-05 29.25 "LAC" "@" "SAS" "W" 24 0 18.0166666666667 0.705 0.563 13.3 39 26.3 7.3 0 0 0 27 155 100 14.1 11.5
"7" "7" 2016-11-07 29.26 "LAC" "" "DET" "W" 32 0 18.5666666666667 0.427 0.167 0 18.8 12.2 6.7 0 0 0 22.2 96 91 2.7 -12.8
"8" "8" 2016-11-09 29.27 "LAC" "" "POR" "W" 31 0 14.85 0.607 0.556 6.5 43.5 25.4 12.9 3.5 11.1 9.2 32.4 118 65 12.2 18.1
"9" "9" 2016-11-11 29.27 "LAC" "@" "OKC" "W" 2 0 13.9833333333333 0.286 0.286 0 16 7.6 10.7 0 0 0 21.6 70 114 0 -12
"10" "10" 2016-11-12 29.27 "LAC" "@" "MIN" "W" 14 0 13.9 0.571 0.571 10.5 14.4 12.8 0 0 0 0 22.7 123 115 4.8 -1.7
"11" "11" 2016-11-14 29.28 "LAC" "" "BRK" "W" 32 0 18.3 0.507 0.5 7.1 30.5 19.7 6.5 5.4 17.9 10.1 23.5 102 81 10.2 6
"12" "12" 2016-11-16 29.28 "LAC" "" "MEM" "L" -4 0 13.5333333333333 0.46 0.4 8.4 9.9 9.1 0 0 0 0 18.6 106 129 2.1 -11.4
"13" "13" 2016-11-18 29.29 "LAC" "@" "SAC" "W" 6 0 10.85 0.4 0.4 0 32.4 17.9 0 0 7.4 16.7 25.3 62 110 1.5 -12.6
"14" "14" 2016-11-19 29.29 "LAC" "" "CHI" "W" 7 0 18.8 0.913 0.929 27.6 0 12.9 11 0 5.4 10.2 24.9 168 121 14.3 18.1
"15" "15" 2016-11-21 29.3 "LAC" "" "TOR" "W" 8 0 13.75 0.51 0.4 0 52.4 28.3 10.9 0 0 14.5 22.6 96 116 3.2 -6.7
"16" "16" 2016-11-23 29.3 "LAC" "@" "DAL" "W" 20 0 21.9666666666667 0.752 0.688 16.4 41.8 30.1 6.8 2.2 3.6 0 21.6 163 97 17.6 9.3
"17" "17" 2016-11-25 29.31 "LAC" "@" "DET" "L" -11 0 14.3666666666667 0.19 0.143 8.6 9.3 8.9 0 0 4.7 11.3 30.1 44 119 -2.4 -24.9
"18" "18" 2016-11-27 29.32 "LAC" "@" "IND" "L" -21 0 17.0333333333333 0.167 0.167 6.3 36 21.4 0 3 0 25 22.1 32 89 -0.7 -11.9
"19" "19" 2016-11-29 29.32 "LAC" "@" "BRK" "L" -5 0 14.8833333333333 0.521 0.25 6.8 29.4 17.7 0 3.2 0 25.8 22.8 88 100 3.3 -8.1
"20" "20" 2016-12-01 29.33 "LAC" "@" "CLE" "W" 19 0 16.4333333333333 0.571 0.571 6.6 22.5 14.1 0 0 6.5 12.5 21.1 101 97 4.4 -5.5
"21" "21" 2016-12-02 29.33 "LAC" "@" "NOP" "W" 18 0 14.45 0.595 0.6 23.7 14.8 19.1 9.5 3.6 0 0 18.8 146 101 7.9 3.9
"22" "22" 2016-12-04 29.33 "LAC" "" "IND" "L" -9 0 12.2166666666667 0.429 0.429 16.7 9.8 13.5 0 0 0 0 24.3 110 120 1.6 -8.8
"23" "23" 2016-12-07 29.34 "LAC" "" "GSW" "L" -17 0 16.25 0.631 0.591 11.6 49.2 28.6 0 0 0 0 30.4 140 112 12 13.9
"24" "24" 2016-12-10 29.35 "LAC" "" "NOP" "W" 28 0 24.6833333333333 0.708 0.708 11.1 49.9 31.5 19.3 0 0 7.7 23.4 145 105 16 7.4
"25" "25" 2016-12-12 29.36 "LAC" "" "POR" "W" 1 0 14.65 0.571 0.5 15.6 17.2 16.4 10.2 0 0 0 22.8 139 129 7.2 -0.1
"26" "26" 2016-12-14 29.36 "LAC" "@" "ORL" "W" 5 0 13.3666666666667 0.571 0.571 21.1 30.6 26.6 13.7 0 6.4 12.5 28.4 115 109 5.7 -0.3
"27" "27" 2016-12-16 29.37 "LAC" "@" "MIA" "W" 4 0 12.8666666666667 0.515 0.333 8.5 35.2 23.1 0 0 0 11.4 30.9 101 96 4.2 -5
"28" "28" 2016-12-18 29.37 "LAC" "@" "WAS" "L" -7 0 12.4 0.799 0.714 32.3 10.5 21.2 0 0 0 0 30.1 174 124 11.9 15.4
"29" "29" 2016-12-20 29.38 "LAC" "" "DEN" "W" 17 0 16.9333333333333 0.919 1 0 12.1 6.8 0 0 0 15.5 17.6 123 112 6.1 0.5
"30" "30" 2016-12-22 29.38 "LAC" "" "SAS" "W" 5 0 28.9333333333333 0.618 0.55 7.7 12.8 10.5 27 1.7 2.3 8.1 19.5 133 106 13.8 8.4
"31" "31" 2016-12-23 29.39 "LAC" "" "DAL" "L" -2 0 14.25 0.714 0.714 9.9 20.6 16.2 0 3.7 0 0 23.9 139 94 8.9 12.6
"32" "32" 2016-12-25 29.39 "LAC" "@" "LAL" "L" -9 0 20.75 0.778 0.643 5.1 15.4 10.3 7.7 2.4 0 0 20.3 166 114 13.4 9.3
"33" "33" 2016-12-26 29.39 "LAC" "" "DEN" "L" -4 0 14.8833333333333 0.571 0.571 0 14.3 7.2 11 0 6.3 0 24.5 112 110 6.5 5.6
"34" "34" 2016-12-28 29.4 "LAC" "@" "NOP" "L" -4 0 18.3166666666667 0.481 0.455 0 21 10.2 9.9 0 9 8 28.9 100 103 5.6 1.7
"35" "35" 2016-12-30 29.41 "LAC" "@" "HOU" "L" -24 0 19.9166666666667 0.656 0.636 10.3 33.5 20.3 0 0 11.8 8 25.4 125 131 11.8 2.7
"36" "36" 2016-12-31 29.41 "LAC" "@" "OKC" "L" -26 0 24.6833333333333 0.836 0.778 0 24.9 11.9 0 0 0 21.8 27 122 126 10.6 4.5
"37" "37" 2017-01-02 29.41 "LAC" "" "PHO" "W" 11 0 17.7 0.678 0.375 0 28.1 16.4 0 0 6.2 13.1 17.9 132 88 8 5.3
"38" "38" 2017-01-04 29.42 "LAC" "" "MEM" "W" 9 0 13.2333333333333 0.363 0.25 18.6 29.6 24.7 21.7 0 0 12.7 27 95 110 2.2 -10.1
"39" "39" 2017-01-06 29.42 "LAC" "@" "SAC" "W" 8 0 11.45 0.295 0.227 36.5 59.9 48.5 13.7 0 0 0 49.2 88 96 4.9 -12.3
"40" "40" 2017-01-08 29.43 "LAC" "" "MIA" "W" 12 0 14.4333333333333 0.973 0.938 6.9 0 3.3 20.7 0 5.8 9.3 33.1 164 95 14.5 26.6
"41" "41" 2017-01-11 29.44 "LAC" "" "ORL" "W" 9 0 15.5333333333333 0.874 0.929 0 20.2 11 13.1 0 0 21.2 26.9 117 99 8.1 8.1
"42" "42" 2017-01-14 29.45 "LAC" "" "LAL" "W" 16 0 15.35 1.014 1 0 15.3 7.6 0 0 5.3 0 13.5 193 99 6.7 5.3
"43" "43" 2017-01-16 29.45 "LAC" "" "OKC" "W" 22 0 27.4 0.686 0.633 9.5 30.5 21.1 17 1.8 0 10.7 30.8 134 99 19 7.4
"44" "44" 2017-01-19 29.46 "LAC" "" "MIN" "L" -3 0 18.4 0.304 0.278 5.9 19.6 12.4 14.2 2.8 7.7 16.8 28.5 69 106 3.1 -6
"45" "45" 2017-01-21 29.47 "LAC" "@" "DEN" "L" -25 1 27.9333333333333 0.827 0.8 0 14.7 6.4 12.3 1.8 0 8.4 19.2 149 130 14.5 6.9
"46" "46" 2017-01-23 29.47 "LAC" "@" "ATL" "W" 10 0 9.78333333333333 0.75 0.75 0 11.2 5.7 0 0 0 0 9.4 147 116 1.1 -6.7
"47" "47" 2017-01-24 29.47 "LAC" "@" "PHI" "L" -11 0 13.1166666666667 0.75 0.75 0 8.9 4.4 0 0 0 25 27.6 98 130 3.5 -3
"48" "48" 2017-01-28 29.48 "LAC" "@" "GSW" "L" -46 0 19.35 0.417 0.417 0 22.6 9.3 16 0 4.3 0 14.1 97 146 4.2 -4.1
"49" "49" 2017-02-01 29.5 "LAC" "@" "PHO" "W" 10 0 21.3 0.514 0.357 12.9 20.5 17.5 0 0 3 0 17.7 125 112 6.9 -5.3
"50" "50" 2017-02-02 29.5 "LAC" "" "GSW" "L" -13 0 16.6333333333333 0.481 0.357 14.4 26.8 20.9 25.3 0 0 0 21.4 129 133 7.8 1.1
"51" "51" 2017-02-05 29.51 "LAC" "@" "BOS" "L" -5 0 17.1 0.72 0.6 6.4 23.9 15.4 0 0 0 0 19.6 152 110 9.8 8.9
"52" "52" 2017-02-06 29.51 "LAC" "@" "TOR" "L" -9 0 19.55 0.689 0.65 5.5 6 5.7 16.5 5.2 0 0 25 146 121 13.2 13
"53" "53" 2017-02-08 29.52 "LAC" "@" "NYK" "W" 4 0 9.96666666666667 0.5 0.5 11.2 21.4 16.4 0 4.9 0 16.7 25.1 95 110 3.2 -4
"54" "54" 2017-02-11 29.52 "LAC" "@" "CHO" "W" 5 0 14.9 0.571 0.571 7.7 20.1 14.3 21.2 3.4 6.7 12.5 24.1 113 98 6.8 7.3
"55" "55" 2017-02-13 29.53 "LAC" "@" "UTA" "W" 16 0 15.15 0.444 0.357 0 40.3 22.6 0 0 5 20.2 31.7 71 69 2.9 -4.7
"56" "56" 2017-02-15 29.53 "LAC" "" "ATL" "W" 15 0 12.45 0.5 0.5 0 0 0 17.9 0 0 27.3 42.3 68 101 -0.3 -23.2
"57" "57" 2017-02-23 29.56 "LAC" "@" "GSW" "L" -10 0 13.7833333333333 0.538 0.5 0 45.8 19.1 0 0 0 21.2 26.7 79 115 3.4 -5.6
"58" "58" 2017-02-24 29.56 "LAC" "" "SAS" "L" -8 0 15.0333333333333 0.25 0.25 7.3 22.3 14.7 20.1 0 5.7 25 25.2 58 114 -0.3 -9.5
"59" "59" 2017-02-26 29.56 "LAC" "" "CHO" "W" 3 0 8.13333333333333 0.644 0.5 0 0 0 0 0 0 20.5 26.3 105 128 1.1 -11.3
"60" "60" 2017-03-01 29.57 "LAC" "" "HOU" "L" -19 0 7.86666666666667 0 0 0 13.6 6.2 0 0 0 0 5.7 0 133 -1.6 -20.4
"61" "61" 2017-03-03 29.58 "LAC" "@" "MIL" "L" -11 0 9.65 0.25 0.25 0 14.6 7.9 0 0 0 0 19.3 56 123 -0.5 -15.6
"62" "62" 2017-03-04 29.58 "LAC" "@" "CHI" "W" 10 0 17.1333333333333 0.25 0.25 20 21 20.5 0 3 8.5 0 21.1 78 89 4.2 -4
"63" "63" 2017-03-06 29.59 "LAC" "" "BOS" "W" 14 0 14.7 0.581 0.583 17.2 42.6 31.1 0 0 0 12.7 24.1 110 104 5.6 -3.3
"64" "64" 2017-03-08 29.59 "LAC" "@" "MIN" "L" -16 0 15.2333333333333 0.6 0.6 0 55.1 25.6 0 0 0 9.1 32.4 101 107 7.7 6.7
"65" "65" 2017-03-09 29.59 "LAC" "@" "MEM" "W" 16 0 18.9666666666667 0.667 0.667 7.2 11 9.4 0 0 4 25 19.4 96 102 3.8 -2.4
"66" "66" 2017-03-11 29.6 "LAC" "" "PHI" "W" 12 0 11.9666666666667 0.917 0.917 0 20.1 9.8 20.1 0 0 14.3 26.3 137 108 7.9 8.8
"67" "67" 2017-03-13 29.61 "LAC" "@" "UTA" "L" -6 0 10.7333333333333 0.5 0.5 0 0 0 0 0 0 25 19 70 138 -0.9 -14.7
"68" "68" 2017-03-15 29.61 "LAC" "" "MIL" "L" -1 0 11.3666666666667 0.425 0.4 11.1 52.8 32.5 0 0 9 0 24.2 94 94 4 -0.8
"69" "69" 2017-03-16 29.61 "LAC" "@" "DEN" "L" -15 1 15.05 0.667 0.667 7.8 38.9 23.3 9.3 0 0 14.3 22.4 116 133 5.3 -3.3
"70" "70" 2017-03-18 29.62 "LAC" "" "CLE" "W" 30 0 14.6333333333333 0.875 0.875 0 51.5 27.9 21.8 0 5.9 20 15.7 133 73 8.5 15.5
"71" "71" 2017-03-20 29.62 "LAC" "" "NYK" "W" 9 0 16.0833333333333 0.515 0.333 6.9 18.7 13.1 0 3.1 0 20.5 13.7 97 106 3.9 -5
"72" "72" 2017-03-21 29.63 "LAC" "@" "LAL" "W" 24 0 18.6166666666667 0.625 0.625 19.3 21 20.3 7.4 0 0 11.1 20.5 134 113 8.2 0.5
"73" "73" 2017-03-23 29.63 "LAC" "@" "DAL" "L" -2 0 12.8666666666667 0.765 0.7 0 9.3 4.7 15 0 0 0 20.6 162 107 6.9 11.9
"74" "74" 2017-03-25 29.64 "LAC" "" "UTA" "W" 13 0 22.3166666666667 0.698 0.643 20.5 26.9 23.9 14.6 0 10.8 27.6 22 120 95 10.8 6.1
"75" "75" 2017-03-26 29.64 "LAC" "" "SAC" "L" -1 0 12.8666666666667 0.583 0.583 8.1 24.9 16.4 0 4 0 0 22.5 114 98 5.4 2
"76" "76" 2017-03-29 29.65 "LAC" "" "WAS" "W" 9 0 9.7 0.5 0.5 13.4 10.5 11.8 0 0 16.8 16.7 27.2 92 116 2.1 -10
"77" "77" 2017-03-30 29.65 "LAC" "@" "PHO" "W" 6 0 13 1.25 1.25 0 32.8 18 10.1 0 5.4 50 13.6 111 109 3.8 2.9
"78" "78" 2017-04-01 29.66 "LAC" "" "LAL" "W" 11 0 8.85 0 0 0 21.7 13.6 0 0 0 0 5.4 0 109 -0.5 -10.9
"79" "79" 2017-04-05 29.67 "LAC" "" "DAL" "W" 11 0 14.6833333333333 0.389 0.389 17.2 49.7 35 0 0 0 18.2 34.7 73 98 1.8 -16.6
"80" "80" 2017-04-08 29.68 "LAC" "@" "SAS" "W" 11 0 14.4 0.5 0.5 8.1 7.6 7.8 18.9 3.8 5.7 0 17.3 123 92 5.6 8.6
"81" "81" 2017-04-10 29.68 "LAC" "" "HOU" "W" 29 0 17.0666666666667 0.3 0.3 6.4 30.6 18.8 19.5 0 0 16.7 15 87 97 1.6 -5.1
"82" "82" 2017-04-12 29.69 "LAC" "" "SAC" "W" 20 0 17.4 0.438 0.438 6.7 21.2 13.8 7.9 0 0 27.3 30.3 72 110 0.3 -18.5
"1" "" 2017-10-18 30.21 "ORL" "" "MIA" "W" 7 NA NA NA NA NA NA NA NA NA NA NA NA NA NA NA NA
"2" "1" 2017-10-20 30.21 "ORL" "@" "BRK" "L" -5 0 3.4 0.75 0.75 33.6 30.7 32.1 0 0 0 33.3 36 96 116 2 -0.3
"3" "2" 2017-10-21 30.21 "ORL" "@" "CLE" "W" 21 0 18.0833333333333 0.5 0.5 11.8 16.3 14.1 0 0 0 0 24 111 99 6.1 -2.9
"4" "" 2017-10-24 30.22 "ORL" "" "BRK" "W" 4 NA NA NA NA NA NA NA NA NA NA NA NA NA NA NA NA
"5" "3" 2017-10-27 30.23 "ORL" "" "SAS" "W" 27 0 6.16666666666667 0 0 0 13.9 8.3 0 0 0 0 14.5 0 93 -1.9 -22.9
"6" "" 2017-10-29 30.24 "ORL" "@" "CHO" "L" -7 NA NA NA NA NA NA NA NA NA NA NA NA NA NA NA NA
"7" "4" 2017-10-30 30.24 "ORL" "@" "NOP" "W" 16 0 21.35 0.818 0.818 0 24.4 13.1 22.9 0 0 0 22.7 156 100 15.1 17.3
"8" "5" 2017-11-01 30.24 "ORL" "@" "MEM" "W" 2 0 4.06666666666667 0.75 0.75 0 31.9 17.1 82 0 22.7 0 44.9 141 87 5.7 46.9
"9" "6" 2017-11-03 30.25 "ORL" "" "CHI" "L" -22 0 7.31666666666667 0.375 0.375 14.3 0 7.6 23.1 0 0 20 31.5 75 120 1 -6.8
"10" "7" 2017-11-05 30.25 "ORL" "" "BOS" "L" -16 0 3.01666666666667 0.833 0.833 0 0 0 0 0 0 0 42.7 145 112 3.7 38.7
"11" "" 2017-11-08 30.26 "ORL" "" "NYK" "W" 13 NA NA NA NA NA NA NA NA NA NA NA NA NA NA NA NA
"12" "8" 2017-11-10 30.27 "ORL" "@" "PHO" "W" 16 0 6.26666666666667 0.129 0 0 31.3 18.2 17.8 0 0 0 25 48 104 -1 -22.1
"13" "9" 2017-11-11 30.27 "ORL" "@" "DEN" "L" -18 0 17.9833333333333 0.764 0.792 0 13 6.2 0 2.7 0 7.4 33.3 122 127 12.8 8.5
"14" "10" 2017-11-13 30.28 "ORL" "@" "GSW" "L" -10 0 16.4166666666667 0.461 0.313 7 20.4 13.8 0 5.9 4.5 0 26.7 99 98 7.7 2.4
"15" "11" 2017-11-15 30.28 "ORL" "@" "POR" "L" -5 0 16.45 0.714 0.714 0 19.9 10.7 0 0 4.9 12.5 23.8 114 108 6.9 4.7
"16" "12" 2017-11-18 30.29 "ORL" "" "UTA" "L" -40 0 12.8166666666667 0.506 0.55 0 22.9 11.2 0 0 0 15.5 45 79 131 2.1 -7.3
"17" "13" 2017-11-20 30.3 "ORL" "" "IND" "L" -8 0 11 0.667 0.667 0 46.4 22.3 0 0 12.6 0 22.5 121 88 7.1 14.7
"18" "14" 2017-11-22 30.3 "ORL" "@" "MIN" "L" -6 0 11.3333333333333 0.5 0.5 0 0 0 12.7 0 0 11.1 33.2 90 127 2.1 -7.2
"19" "15" 2017-11-24 30.31 "ORL" "@" "BOS" "L" -15 0 21.5833333333333 0.667 0.667 4.5 18.5 11.5 6.9 0 0 10 19.3 129 126 8.1 3.5
"20" "16" 2017-11-25 30.31 "ORL" "@" "PHI" "L" -19 0 14.0833333333333 0.506 0.5 0 7.6 3.6 0 0 0 0 34.1 96 135 4.3 -8.8
"21" "17" 2017-11-27 30.32 "ORL" "@" "IND" "L" -12 0 12.3166666666667 0.605 0.571 8.7 0 5 0 4 0 0 25.7 127 123 6.2 5
"22" "" 2017-11-29 30.32 "ORL" "" "OKC" "W" 13 NA NA NA NA NA NA NA NA NA NA NA NA NA NA NA NA
"23" "" 2017-12-01 30.33 "ORL" "" "GSW" "L" -21 NA NA NA NA NA NA NA NA NA NA NA NA NA NA NA NA
"24" "18" 2017-12-03 30.33 "ORL" "@" "NYK" "W" 5 0 9.48333333333333 0.073 0 0 23 11.6 0 0 0 12.7 38.1 14 106 -4.4 -36.9
"25" "19" 2017-12-04 30.33 "ORL" "@" "CHO" "L" -10 0 15.4166666666667 0.214 0.214 0 6.8 3.4 18.9 0 4.6 22.2 25.9 44 105 -3.1 -15.6
"26" "20" 2017-12-06 30.34 "ORL" "" "ATL" "W" 4 0 0.0166666666666667 NA NA 0 0 0 0 0 0 NA 0 0 110 0 -7.3
"27" "21" 2017-12-08 30.35 "ORL" "" "DEN" "L" -14 0 12.1 0.17 0 0 10.7 4.6 24 0 0 25.4 29.2 40 113 -3 -22.1
"28" "" 2017-12-09 30.35 "ORL" "@" "ATL" "L" -7 NA NA NA NA NA NA NA NA NA NA NA NA NA NA NA NA
"29" "22" 2017-12-13 30.36 "ORL" "" "LAC" "L" -11 0 13.0166666666667 0.333 0.333 0 0 0 12.4 0 0 0 20.3 73 116 1.3 -9.3
"30" "23" 2017-12-15 30.36 "ORL" "" "POR" "L" -7 0 18.5333333333333 0.167 0.167 5.5 12 8.6 8.8 0 3.8 10 24.1 43 98 -2 -12.3
"31" "" 2017-12-17 30.37 "ORL" "@" "DET" "L" -4 NA NA NA NA NA NA NA NA NA NA NA NA NA NA NA NA
"32" "" 2017-12-20 30.38 "ORL" "@" "CHI" "L" -18 NA NA NA NA NA NA NA NA NA NA NA NA NA NA NA NA
"33" "24" 2017-12-22 30.38 "ORL" "" "NOP" "L" -14 1 17.5333333333333 0.394 0.375 0 6.7 3.1 0 0 0 10.1 24.2 74 117 -0.5 -11.6
"34" "25" 2017-12-23 30.39 "ORL" "@" "WAS" "L" -27 0 12.7666666666667 0.19 0.214 0 10.4 4.9 0 0 0 0 27.8 39 136 -2.4 -22.1
"35" "26" 2017-12-26 30.39 "ORL" "@" "MIA" "L" -18 0 16.5333333333333 0.676 0.625 6.2 30.2 18.3 0 3 0 10.1 26.6 123 103 9.4 8.9
"36" "27" 2017-12-28 30.4 "ORL" "" "DET" "W" 13 0 15.1333333333333 0.542 0.462 15.5 19.8 17.8 15 0 5 0 43.6 121 92 10.6 6.3
"37" "28" 2017-12-30 30.41 "ORL" "" "MIA" "L" -6 0 15.4833333333333 0.34 0.2 0 23.8 12.1 15.2 0 0 0 18.3 96 131 2.8 -9.5
"38" "29" 2018-01-01 30.41 "ORL" "@" "BRK" "L" -3 0 16.0833333333333 0.68 0.7 4.9 41.6 20.1 11.5 0 0 14.5 17.3 122 100 6.7 4.9
"39" "30" 2018-01-03 30.42 "ORL" "" "HOU" "L" -18 0 16.0833333333333 0.317 0.214 5.9 12.4 9 9.3 0 5.4 0 20.6 81 113 2.8 -4.3
"40" "31" 2018-01-06 30.42 "ORL" "" "CLE" "L" -4 0 12.9833333333333 0.667 0.667 8.2 8 8.1 19.5 0 0 14.3 20.4 129 125 5.6 4
"41" "32" 2018-01-09 30.43 "ORL" "@" "DAL" "L" -15 0 21.4666666666667 0.732 0.75 5.3 54.4 28.3 18 0 7.8 18.4 23.9 114 116 11.6 7
"42" "33" 2018-01-10 30.44 "ORL" "@" "MIL" "L" -7 0 22.5333333333333 0.709 0.667 0 5.8 2.6 7 0 6.8 0 19.9 138 116 10.1 6.9
"43" "34" 2018-01-12 30.44 "ORL" "@" "WAS" "L" -6 0 13.0166666666667 0.429 0.429 0 17.6 9.1 0 0 4.7 30 33.9 57 127 -0.6 -20.7
"44" "" 2018-01-16 30.45 "ORL" "" "MIN" "W" 6 NA NA NA NA NA NA NA NA NA NA NA NA NA NA NA NA
"45" "35" 2018-01-18 30.46 "ORL" "@" "CLE" "L" -1 0 5.83333333333333 0.75 0.75 0 0 0 25.1 0 0 0 14.8 157 113 1.9 4.4
"46" "36" 2018-01-21 30.47 "ORL" "@" "BOS" "W" 8 0 7.78333333333333 0.833 0.833 0 14.7 7 0 0 10.6 0 17 165 101 4.7 15.2
"47" "37" 2018-01-23 30.47 "ORL" "" "SAC" "L" -6 0 6.58333333333333 0 0 0 0 0 0 0 0 33.3 20.2 0 121 -2.4 -29.1
"48" "38" 2018-01-27 30.48 "ORL" "@" "IND" "L" -2 0 6 0.333 0.333 0 66.7 30.8 47.1 0 0 25 30.5 79 118 1.2 -6.2
"49" "39" 2018-01-30 30.49 "ORL" "@" "HOU" "L" -7 0 21.0333333333333 0.743 0.727 0 33.6 15.6 16.1 2.5 5.4 8 29.1 132 118 13.7 12.1
"50" "40" 2018-01-31 30.49 "ORL" "" "LAL" "W" 22 1 23 0.746 0.682 5.8 14.9 10.7 6.6 0 0 0 27.3 151 111 16 3.7
"51" "41" 2018-02-03 30.5 "ORL" "" "WAS" "L" -17 1 17.5333333333333 0.506 0.444 7.6 7.4 7.5 0 0 0 16.8 30.5 93 132 1.9 -15.5
"52" "42" 2018-02-05 30.51 "ORL" "@" "MIA" "W" 2 0 16.9333333333333 0.607 0.556 0 27.8 15.4 9.6 0 4 28.8 38.1 82 105 4.2 -9.5
"53" "43" 2018-02-06 30.51 "ORL" "" "CLE" "W" 18 0 7.15 0.7 0.7 0 42.9 23.4 0 0 14.3 16.7 36 103 91 5.3 10.1
"54" "44" 2018-02-08 30.52 "ORL" "" "ATL" "W" 2 0 17.2166666666667 0.636 0.636 0 15.1 6.8 12.6 0 9.8 8.3 31.4 110 101 9.6 11.6
"55" "45" 2018-02-10 30.52 "ORL" "" "MIL" "L" -7 0 11.55 0.375 0.375 9.7 10.7 10.1 0 0 0 33.3 23.4 58 123 -1.2 -20.6
"56" "46" 2018-02-12 30.53 "ORL" "@" "CHI" "L" -4 0 12.5666666666667 0.556 0.556 9.1 26.6 18 35.2 0 0 0 33.9 118 115 7.9 7.8
"57" "47" 2018-02-14 30.53 "ORL" "" "CHO" "L" -2 0 19.1333333333333 0.621 0.583 5.5 21.4 13.5 21.4 0 0 0 28.5 132 106 12.1 12.4
"58" "" 2018-02-22 30.55 "ORL" "" "NYK" "L" -7 NA NA NA NA NA NA NA NA NA NA NA NA NA NA NA NA
"59" "" 2018-02-24 30.56 "ORL" "@" "PHI" "L" -11 NA NA NA NA NA NA NA NA NA NA NA NA NA NA NA NA
"60" "" 2018-02-26 30.56 "ORL" "@" "OKC" "L" -7 NA NA NA NA NA NA NA NA NA NA NA NA NA NA NA NA
"61" "" 2018-02-28 30.57 "ORL" "" "TOR" "L" -13 NA NA NA NA NA NA NA NA NA NA NA NA NA NA NA NA
"62" "" 2018-03-02 30.58 "ORL" "" "DET" "W" 9 NA NA NA NA NA NA NA NA NA NA NA NA NA NA NA NA
"63" "48" 2018-03-03 30.58 "ORL" "" "MEM" "W" 7 0 0.0333333333333333 NA NA 0 0 0 0 0 0 NA 0 0 114 0 -7.8
"64" "" 2018-03-05 30.58 "ORL" "@" "UTA" "L" -14 NA NA NA NA NA NA NA NA NA NA NA NA NA NA NA NA
"65" "" 2018-03-07 30.59 "ORL" "@" "LAL" "L" -1 NA NA NA NA NA NA NA NA NA NA NA NA NA NA NA NA
"66" "" 2018-03-09 30.59 "ORL" "@" "SAC" "L" -6 NA NA NA NA NA NA NA NA NA NA NA NA NA NA NA NA
"67" "" 2018-03-10 30.6 "ORL" "@" "LAC" "L" -8 NA NA NA NA NA NA NA NA NA NA NA NA NA NA NA NA
"68" "49" 2018-03-13 30.61 "ORL" "@" "SAS" "L" -36 0 15.7166666666667 0.5 0.5 0 28.4 13.7 14 0 9.4 0 17.3 105 107 5.1 7.4
"69" "" 2018-03-14 30.61 "ORL" "" "MIL" "W" 9 NA NA NA NA NA NA NA NA NA NA NA NA NA NA NA NA
"70" "" 2018-03-16 30.61 "ORL" "" "BOS" "L" -9 NA NA NA NA NA NA NA NA NA NA NA NA NA NA NA NA
"71" "" 2018-03-20 30.62 "ORL" "" "TOR" "L" -7 NA NA NA NA NA NA NA NA NA NA NA NA NA NA NA NA
"72" "50" 2018-03-22 30.63 "ORL" "" "PHI" "L" -20 0 7.18333333333333 0.683 0.667 0 0 0 0 0 0 12 50.2 106 125 4.8 6.8
"73" "" 2018-03-24 30.64 "ORL" "" "PHO" "W" 6 NA NA NA NA NA NA NA NA NA NA NA NA NA NA NA NA
"74" "" 2018-03-28 30.65 "ORL" "" "BRK" "L" -7 NA NA NA NA NA NA NA NA NA NA NA NA NA NA NA NA
"75" "" 2018-03-30 30.65 "ORL" "" "CHI" "L" -8 NA NA NA NA NA NA NA NA NA NA NA NA NA NA NA NA
"76" "" 2018-04-01 30.66 "ORL" "@" "ATL" "L" -6 NA NA NA NA NA NA NA NA NA NA NA NA NA NA NA NA
"77" "" 2018-04-03 30.66 "ORL" "@" "NYK" "W" 24 NA NA NA NA NA NA NA NA NA NA NA NA NA NA NA NA
"78" "" 2018-04-04 30.67 "ORL" "" "DAL" "W" 5 NA NA NA NA NA NA NA NA NA NA NA NA NA NA NA NA
"79" "51" 2018-04-06 30.67 "ORL" "" "CHO" "L" -37 0 24.5333333333333 0.504 0.538 3.7 11.9 6.8 19.4 2.1 0 6.7 27 101 143 8.7 -2.4
"80" "" 2018-04-08 30.68 "ORL" "@" "TOR" "L" -11 NA NA NA NA NA NA NA NA NA NA NA NA NA NA NA NA
"81" "" 2018-04-09 30.68 "ORL" "@" "MIL" "L" -16 NA NA NA NA NA NA NA NA NA NA NA NA NA NA NA NA
"82" "52" 2018-04-11 30.68 "ORL" "" "WAS" "W" 9 0 3.35 0 0 0 26.5 15.6 0 14.9 0 66.7 41 0 56 -2.2 -40.4
