"Rk" "G" "Date" "Age" "Tm" "H/A" "Opp" "W/L" "By Amt" "GS" "MP" "TS%" "eFG%" "ORB%" "DRB%" "TRB%" "AST%" "STL%" "BLK%" "TOV%" "USG%" "ORtg" "DRtg" "GmSc" "BPM"
"1" "1" 1994-11-05 24.39 "HOU" "@" "MIN" "W" 30 0 5 0.521 0.5 0 0 0 0 0 0 25.8 34.5 75 95 0.2 -20.4
"2" "2" 1994-11-11 24.41 "HOU" "@" "BOS" "W" 20 0 4 0 0 0 21.8 12.2 0 0 0 0 10.5 0 82 -1.2 -20.8
"3" "3" 1994-11-12 24.41 "HOU" "@" "NJN" "W" 16 0 1 NA NA 0 0 0 0 0 0 NA 0 0 111 0 -6.2
"4" "4" 1994-11-17 24.42 "HOU" "" "CHI" "W" 23 0 2 1 1 0 46.2 29.6 0 0 0 0 22.7 200 75 1.6 9.9
"5" "5" 1994-11-23 24.44 "HOU" "@" "ORL" "L" -23 0 3 0.5 0.5 35.6 0 17.8 0 0 0 0 28.7 116 131 1.7 0.7
"6" "6" 1994-11-26 24.45 "HOU" "" "SEA" "L" -4 0 1 NA NA 0 0 0 0 0 0 NA 0 0 118 0 -6.5
"7" "7" 1994-11-29 24.46 "HOU" "" "DEN" "W" 15 0 10 0.4 0.4 19.6 36.9 27.3 17.5 0 0 16.7 26.6 88 88 2.5 -6.1
"8" "8" 1994-12-02 24.47 "HOU" "@" "LAL" "L" -18 0 10 0.399 0.5 21.3 28.8 25.3 0 0 0 0 16.8 99 110 2.7 -4.5
"9" "9" 1994-12-06 24.48 "HOU" "@" "SEA" "L" -13 0 3 0.284 NA 0 40 19.5 0 34.7 0 0 26.9 60 36 2.1 23.3
"10" "10" 1994-12-10 24.49 "HOU" "" "SAS" "L" -12 0 2 0.568 NA 0 50 26.7 0 0 33.3 53.2 41.9 53 79 0.6 -5.8
"11" "11" 1994-12-26 24.53 "HOU" "@" "MIA" "W" 13 0 5 0.694 0.5 24 0 10.8 0 0 0 25.8 34.8 113 101 1.1 -19.8
"12" "12" 1995-01-03 24.55 "HOU" "@" "DAL" "W" 12 0 6 0 0 0 16.3 10 0 0 0 0 7.9 0 114 -0.8 -17.5
"13" "13" 1995-01-05 24.56 "HOU" "" "DAL" "W" 9 0 2 1 1 0 0 0 0 0 0 0 22.2 200 115 1.3 6.5
"14" "14" 1995-01-16 24.59 "HOU" "@" "MIN" "L" -19 0 3 0 0 0 0 0 0 0 0 50 30.2 0 121 -1.7 -40.1
"15" "15" 1995-01-19 24.6 "HOU" "" "NYK" "L" -16 0 2 1.136 NA 0 0 0 0 0 0 0 21.3 250 115 2 24
"16" "16" 1995-01-22 24.61 "HOU" "@" "CHI" "L" -19 0 2 0.532 1 0 0 0 0 0 0 0 41.7 74 120 0.9 7.1
"17" "17" 1995-01-28 24.62 "HOU" "" "MIN" "W" 21 0 8 0.444 0.2 34.3 15.4 24.3 0 0 0 30.7 53.1 82 107 -0.4 -40.8
"18" "18" 1995-01-31 24.63 "HOU" "" "DEN" "W" 12 0 3 0 NA 0 71.1 36.8 0 0 0 0 14.2 0 62 -0.2 -13.1
"19" "19" 1995-02-02 24.64 "HOU" "" "UTA" "W" 20 0 2 NA NA 0 60 32.9 0 0 0 100 49 0 99 -2.1 -60.5
"20" "20" 1995-02-05 24.64 "HOU" "@" "PHO" "W" 24 0 3 0.694 0.5 0 0 0 0 0 24.6 0 43.5 147 102 3.3 10.1
"21" "21" 1995-02-06 24.65 "HOU" "@" "POR" "L" -38 0 12 0.258 0 8.7 7.7 8.2 12.5 0 9.5 20.5 17.9 63 126 1.2 -9.4
"22" "22" 1995-02-09 24.65 "HOU" "@" "LAC" "L" -15 0 3 1 1 0 50 25.4 0 0 0 0 15.9 200 127 1.2 -2.8
"23" "23" 1995-02-14 24.67 "HOU" "" "LAC" "W" 20 0 18 0.74 0.6 15.7 14 14.7 0 0 0 12.9 19.1 142 109 7.4 -5.8
"24" "24" 1995-02-16 24.67 "HOU" "@" "CHH" "W" 16 0 2 0.667 0.667 100 0 54.5 0 0 0 0 64.1 159 107 4.1 31.9
"25" "25" 1995-02-17 24.68 "HOU" "@" "WSB" "W" 17 0 2 0 0 100 0 60 0 0 0 0 23.2 109 105 -0.1 -40.5
"26" "26" 1995-03-03 24.72 "HOU" "@" "MIN" "L" -3 0 4 0 0 0 35.3 17.9 0 0 0 0 11.4 0 122 -0.4 -16.5
"27" "27" 1995-03-05 24.72 "HOU" "@" "SAS" "L" -21 0 1 1 1 100 0 55.8 0 0 0 0 44.5 206 142 2.4 49
"28" "28" 1995-03-07 24.73 "HOU" "" "PHO" "L" -11 0 3 0.798 1 0 42.1 18.8 0 0 0 0 28.2 152 122 2.6 15.4
"29" "29" 1995-03-14 24.75 "HOU" "@" "PHI" "W" 29 0 7 0.387 0.333 18.5 0 9.4 16.7 0 9.4 20.5 28.7 91 104 1.6 -13.4
"30" "30" 1995-04-04 24.8 "HOU" "@" "SAC" "L" -4 0 3 0 0 0 0 0 0 0 0 50 27.1 0 128 -2.1 -43.7
"31" "31" 1995-04-06 24.81 "HOU" "@" "GSW" "W" 8 0 2 NA NA 0 0 0 0 0 0 NA 0 0 115 0 -6.5
"32" "32" 1995-04-07 24.81 "HOU" "@" "POR" "L" -18 0 6 0.532 0 0 43.2 18.6 0 0 0 0 12.1 128 122 1.5 -6
"33" "33" 1995-04-11 24.82 "HOU" "" "DAL" "L" -9 0 14 0.868 1 8.3 18.8 14.3 0 0 4.3 25.8 11 124 119 4.9 -0.3
"34" "34" 1995-04-17 24.84 "HOU" "" "LAC" "W" 10 0 2 NA NA 0 0 0 0 0 0 NA 0 0 123 0 -6.2
"35" "35" 1995-04-19 24.84 "HOU" "@" "UTA" "L" -19 0 5 0.798 1 24.6 0 12.3 0 0 0 0 18 169 131 3 6.6
"36" "36" 1995-04-20 24.85 "HOU" "@" "SEA" "L" -10 0 1 NA NA 100 96 100 0 0 0 100 86.7 52 78 -0.3 -70.7
"37" "37" 1995-04-23 24.85 "HOU" "" "UTA" "L" -6 0 20 0.387 0.333 10.2 36.9 22.3 7.4 0 3.6 20.5 10.8 90 101 3.3 -3
"1" "1" 1995-11-03 25.39 "TOR" "" "NJN" "W" 15 1 12 0.5 0.5 9.3 8 8.6 25 0 0 33.3 11.5 95 87 0.8 -7.3
"2" "2" 1995-11-04 25.39 "TOR" "@" "IND" "L" -8 1 30 0.571 0.571 3.1 17.1 8 6.3 0 2.7 0 14.3 126 116 8.7 -0.7
"3" "3" 1995-11-07 25.4 "TOR" "@" "CHI" "L" -9 1 16 0.515 0.667 19.4 18.2 18.8 9.7 0 0 20.5 14 101 125 2.4 -5.5
"4" "4" 1995-11-08 25.4 "TOR" "" "SAC" "L" -19 1 11 0.387 0.333 8.6 33.6 19.4 36.9 0 6.1 0 14.4 114 109 3 1.2
"5" "5" 1995-11-10 25.41 "TOR" "" "PHO" "L" -4 0 18 0.347 0 6.7 14 10.3 6.5 0 0 25.8 9.6 84 123 0.8 -9.5
"6" "6" 1995-11-11 25.41 "TOR" "@" "CHH" "L" -6 0 3 1 1 0 0 0 0 0 0 50 31.6 69 134 0.7 -10.1
"7" "7" 1995-11-13 25.41 "TOR" "" "UTA" "L" -3 0 6 0.5 0.5 0 50 23.2 30.8 0 0 0 14.7 126 113 1.5 0.4
"8" "8" 1995-11-15 25.42 "TOR" "" "HOU" "L" -3 0 37 0.549 0.5 10.2 36.6 21.6 0 2.6 0 21.6 23.8 93 94 12.3 -2.9
"9" "9" 1995-11-17 25.42 "TOR" "" "MIN" "W" 18 0 18 0.51 0.4 10.3 27.2 21.3 30.8 0 7.8 14.5 16.9 121 93 8.3 5
"10" "10" 1995-11-18 25.43 "TOR" "@" "WSB" "W" 1 0 14 0.699 0.667 31.2 7.6 17.6 0 0 5.5 43.7 37.2 79 113 3.3 -15
"11" "11" 1995-11-21 25.44 "TOR" "" "SEA" "W" 5 0 14 0.25 0.25 7.3 37.3 22.1 0 0 0 0 11.6 72 98 1.4 -10.2
"12" "12" 1995-11-22 25.44 "TOR" "@" "MIL" "L" -10 0 19 0.752 0.667 18 12 15 11 0 3.8 10.4 24.1 147 114 12.3 10.1
"13" "13" 1995-11-25 25.45 "TOR" "@" "ATL" "L" -12 0 15 0.5 0.5 0 14.2 8.1 0 0 0 0 12.4 107 129 1.4 -10.6
"14" "14" 1995-11-27 25.45 "TOR" "" "GSW" "W" 3 0 22 0.34 0.4 7.5 26.7 19.6 0 0 0 33.8 20 50 104 -1.6 -17.4
"15" "15" 1995-11-28 25.45 "TOR" "@" "CLE" "L" -4 1 28 0.506 0.444 10.1 30.3 20.2 13.1 4.2 0 16.8 21.3 103 106 9.1 -0.8
"16" "16" 1995-12-01 25.46 "TOR" "" "PHI" "W" 3 0 13 0.4 0.4 10.9 7.7 9 24.1 0 6.4 0 16.8 117 113 3.2 -4.1
"17" "17" 1995-12-03 25.47 "TOR" "" "MIA" "L" -18 0 10 0.551 0.6 10.7 18.5 13.5 16.8 0 17.5 15.5 27.9 95 116 3.8 -0.5
"18" "18" 1995-12-05 25.47 "TOR" "@" "SEA" "L" -30 0 20 0.333 0.333 10.4 20.6 14.8 0 0 0 18.2 22.1 65 119 -0.4 -14.5
"19" "19" 1995-12-07 25.48 "TOR" "@" "POR" "L" -8 0 9 0.6 0.6 33.3 0 16.5 0 0 0 0 24.9 134 108 4.2 -0.9
"20" "20" 1995-12-08 25.48 "TOR" "@" "LAL" "L" -17 0 16 0.661 0.714 0 24.3 11.8 11.5 0 0 32.5 31.7 81 123 2.9 -12.1
"21" "21" 1995-12-10 25.49 "TOR" "@" "VAN" "W" 12 0 10 0 0 14.1 0 5.6 0 0 0 50 9.8 34 95 -3 -22.8
"22" "22" 1995-12-12 25.49 "TOR" "" "BOS" "L" -20 0 21 0.875 0.875 10.2 10.9 10.5 10.4 0 0 11.1 17.9 150 121 11.3 3.6
"23" "23" 1995-12-14 25.5 "TOR" "" "IND" "L" -2 0 8 1 1 0 0 0 0 0 0 0 5.9 200 122 0.9 -6.4
"24" "24" 1995-12-15 25.5 "TOR" "@" "BOS" "L" -19 0 32 0.66 0.636 14.6 16.7 15.6 23.1 0 2.5 12.8 21 131 127 16.9 3.8
"25" "25" 1995-12-17 25.51 "TOR" "" "ORL" "W" 17 0 11 0.644 0.667 14.5 30.4 23.9 17.3 0 0 20.5 21.6 111 100 3.8 -0.8
"26" "26" 1995-12-19 25.51 "TOR" "" "DET" "L" -12 0 18 0.633 0.8 21.1 20 20.5 25 0 0 24 21.2 102 111 6.5 3.8
"27" "27" 1995-12-22 25.52 "TOR" "@" "CHI" "L" -9 0 36 0.75 0.75 0 27.4 13.2 16 1.5 1.9 20 24.7 117 120 17.8 5.5
"28" "28" 1995-12-23 25.52 "TOR" "@" "NYK" "L" -12 0 7 0.5 0.5 0 19.6 9.5 0 0 0 0 13.9 113 126 0.1 -15
"29" "29" 1995-12-26 25.53 "TOR" "" "MIL" "W" 6 0 8 1 1 0 18.8 8 0 7.1 9.5 33.3 17.5 97 87 4 8.8
"30" "30" 1995-12-28 25.54 "TOR" "@" "DET" "L" -22 0 21 0.74 0.8 5.7 8.5 6.8 20 0 5 30.7 21.5 101 129 6.2 -1.3
"31" "31" 1996-01-04 25.56 "TOR" "@" "ATL" "L" -3 0 15 0.5 0.5 10.1 7.2 8.4 0 0 4.6 20 16 84 109 1.9 -6.2
"32" "32" 1996-01-09 25.57 "TOR" "" "CHH" "L" -1 0 15 0.333 0.333 8 44.7 27 0 0 0 33.3 28.4 49 100 -0.7 -20.9
"33" "33" 1996-01-11 25.58 "TOR" "" "ATL" "L" -8 0 19 0.667 0.667 18 25.3 21.6 9 2.9 0 40 11.5 90 99 4.5 -2.2
"34" "34" 1996-01-13 25.58 "TOR" "" "WSB" "W" 6 0 11 0.387 0.333 0 27.9 15.4 12.2 0 0 0 15.8 99 103 0.9 -10.5
"35" "35" 1996-01-15 25.59 "TOR" "@" "NJN" "L" -25 0 17 0.421 0.429 13.4 12 12.7 0 3 3.5 10.7 25.6 82 109 5.2 -2.6
"36" "36" 1996-01-18 25.59 "TOR" "" "CHI" "L" -3 1 28 0.699 0.667 5.4 7.6 6.7 5.5 0 3 31.8 16.4 99 116 4.5 -4.1
"37" "37" 1996-01-21 25.6 "TOR" "" "BOS" "W" 2 1 30 0.53 0.5 7.1 6.7 6.9 0 5 0 15 18.7 100 97 8 -3.7
"38" "38" 1996-01-23 25.61 "TOR" "" "NJN" "W" 7 0 20 0.509 0.5 5.6 6 5.8 0 2.8 0 30.4 23.1 71 98 1.8 -13.6
"39" "39" 1996-01-25 25.61 "TOR" "" "VAN" "L" -5 0 8 0 0 0 0 0 0 0 0 0 11.2 0 116 -2.2 -23.2
"40" "40" 1996-01-27 25.62 "TOR" "@" "DEN" "L" -11 0 21 0.222 0.222 16 36.1 24.1 0 0 3.5 18.2 20.7 54 96 1 -11.4
"41" "41" 1996-01-30 25.63 "TOR" "@" "SAC" "L" -27 0 16 0.333 0.333 23.7 7.3 15.2 0 0 8.2 0 17.1 86 111 3.6 -4.1
"42" "42" 1996-02-02 25.64 "TOR" "@" "GSW" "L" -3 0 14 0.761 0.714 12.7 9.8 11.1 0 0 0 11.3 27.3 142 130 7.5 -2.6
"43" "43" 1996-02-03 25.64 "TOR" "@" "LAC" "W" 6 0 22 0.833 0.833 13.4 0 6 7.3 2.5 3.8 14.3 14.9 150 120 9.4 2.9
"44" "44" 1996-02-05 25.64 "TOR" "" "POR" "L" -3 0 28 0.583 0.583 25.7 13.5 19.8 13.7 1.9 0 7.7 22.1 127 103 13.7 5
"45" "45" 1996-02-07 25.65 "TOR" "" "MIL" "L" -5 0 19 0.666 0.6 0 6.3 3.6 8.9 0 3.9 12.9 19 125 113 5 -4
"46" "46" 1996-02-13 25.67 "TOR" "@" "MIA" "W" 11 0 18 0.429 0.429 15.7 5.6 10.8 9.9 0 0 22.2 21.7 87 100 1.8 -10.6
"47" "47" 1996-02-15 25.67 "TOR" "" "CLE" "L" -19 0 18 0.488 0.333 12.7 9.2 11.3 22.5 0 0 0 23 128 130 4.9 -3.8
"48" "48" 1996-02-17 25.68 "TOR" "@" "DET" "L" -13 0 17 0.102 0 0 47.1 20.9 0 0 0 17 14.7 23 113 -2.6 -19.2
"49" "49" 1996-02-22 25.69 "TOR" "@" "UTA" "L" -16 1 28 0.444 0.429 0 24.5 11.6 0 2 0 11.3 17.3 76 120 2.8 -10.9
"50" "50" 1996-02-23 25.69 "TOR" "@" "PHO" "L" -5 1 36 0.483 0.375 4 22.2 12.7 7.8 2.8 2.1 24.4 15.7 88 112 7.5 -3.6
"51" "51" 1996-02-25 25.7 "TOR" "@" "DAL" "L" -7 1 35 0.799 0.857 16.8 27.4 22.2 0 1.4 4.7 31.3 14.3 111 99 14.3 0.1
"52" "52" 1996-02-27 25.7 "TOR" "@" "HOU" "L" -5 1 32 0.326 0.286 16.7 19.2 17.9 0 0 0 0 20.9 92 116 4.8 -13.1
"53" "53" 1996-02-29 25.71 "TOR" "@" "SAS" "L" -25 1 22 0.785 0.8 10.9 7.5 9.5 8 0 0 11.6 16.2 145 129 9.9 1.3
"54" "54" 1996-03-03 25.72 "TOR" "@" "CLE" "W" 11 1 16 0 0 0 17.1 11.3 15.4 0 5.9 50 13.4 36 104 -2.3 -12
"55" "55" 1996-03-05 25.72 "TOR" "" "DET" "L" -21 0 16 0.2 0.2 14 14.3 14.1 0 0 5.2 16.7 19.2 55 129 -0.6 -17.4
"56" "56" 1996-03-06 25.73 "TOR" "" "NYK" "L" -7 0 27 0.714 0.714 9.7 13.7 11.3 7.4 0 3.4 22.2 14 110 98 8.3 0.5
"57" "57" 1996-03-08 25.73 "TOR" "@" "MIA" "L" -30 0 21 0.4 0.4 4.3 10.9 7.2 0 4.4 0 16.7 11.4 74 102 2.8 -3.1
"58" "58" 1996-03-10 25.74 "TOR" "" "DAL" "W" 16 0 27 0.838 0.833 15.7 34.9 27.7 17.7 0 2.8 20.5 14.6 149 106 16.5 7
"59" "59" 1996-03-12 25.74 "TOR" "@" "PHI" "L" -8 0 10 0.532 1 28.2 10.4 18 12.6 5 0 34.7 13.2 98 119 2.1 -8.8
"60" "60" 1996-03-15 25.75 "TOR" "@" "CHH" "L" -12 0 39 0.353 0.364 8.4 7.5 8 3.4 1.4 2.4 7.3 15.5 87 128 3.8 -10.1
"61" "61" 1996-03-17 25.76 "TOR" "@" "IND" "L" -9 1 25 0.625 0.625 5.1 22.6 13.3 0 0 5.8 20 18.9 98 117 6.5 -5.4
"62" "62" 1996-03-18 25.76 "TOR" "" "DEN" "L" -8 1 17 0 0 12.5 26.5 18.3 12.5 0 0 25.4 19.6 35 129 -3 -22.2
"63" "63" 1996-03-20 25.76 "TOR" "" "CHH" "W" 18 1 38 0.758 0.818 11.1 20.6 16.7 7.7 0 0 20.2 18.3 121 99 14.4 -1
"64" "64" 1996-03-22 25.77 "TOR" "" "SAS" "L" -12 1 27 0.563 0.625 4 24 13 4.9 0 0 10.1 15.3 105 127 5.5 -7.5
"65" "65" 1996-03-24 25.78 "TOR" "" "CHI" "W" 1 0 18 0.545 0.545 17.4 19.5 18.4 0 0 0 0 26.7 130 125 9.3 -2.1
"66" "66" 1996-03-26 25.78 "TOR" "" "ATL" "L" -3 0 20 0.875 0.875 23.2 6 13.5 7.2 0 0 11.1 21 157 138 12.1 2.1
"67" "67" 1996-03-27 25.78 "TOR" "@" "PHI" "L" -9 1 39 0.681 0.688 13.3 33.1 21.5 4.8 2.7 0 23.9 28.5 108 113 18 -1
"1" "1" 1996-11-01 26.38 "TOR" "" "NYK" "L" -8 1 21.7 0.332 0 14.9 23.6 18.9 12.8 0 7.7 46.9 16 62 103 0.8 -8.2
"2" "2" 1996-11-02 26.38 "TOR" "@" "CHH" "L" -11 1 31.6833333333333 0.444 0.357 10.5 7.1 8.8 4.9 0 2.3 11.3 25.8 94 123 7.1 -7.3
"3" "3" 1996-11-05 26.39 "TOR" "" "DAL" "W" 4 1 21.7166666666667 0.436 0.333 5.2 31.8 19.4 0 2.4 0 22.5 17.2 80 94 2.8 -8
"4" "4" 1996-11-08 26.4 "TOR" "" "LAL" "W" 1 1 6.45 0.667 0.667 21.1 16 18.2 80 8.6 0 0 23.3 162 84 5.3 23.8
"5" "" 1996-11-11 26.41 "TOR" "" "DEN" "L" -11 NA NA NA NA NA NA NA NA NA NA NA NA NA NA NA NA
"6" "" 1996-11-13 26.41 "TOR" "" "PHI" "W" 12 NA NA NA NA NA NA NA NA NA NA NA NA NA NA NA NA
"7" "" 1996-11-14 26.42 "TOR" "@" "NYK" "L" -3 NA NA NA NA NA NA NA NA NA NA NA NA NA NA NA NA
"8" "" 1996-11-16 26.42 "TOR" "@" "ORL" "L" -5 NA NA NA NA NA NA NA NA NA NA NA NA NA NA NA NA
"9" "" 1996-11-26 26.45 "TOR" "" "SAC" "L" -11 NA NA NA NA NA NA NA NA NA NA NA NA NA NA NA NA
"10" "5" 1996-11-30 26.46 "TOR" "@" "MIN" "L" -9 0 9.96666666666667 NA NA 0 0 0 0 0 0 100 4.9 0 102 -1.8 -16.6
"11" "" 1996-12-02 26.47 "TOR" "" "HOU" "W" 11 NA NA NA NA NA NA NA NA NA NA NA NA NA NA NA NA
"12" "6" 1996-12-17 26.51 "TOR" "@" "NJN" "W" 9 0 18.25 0.671 0.5 29.6 0 8.9 21.3 0 6.8 37.9 34.7 101 103 5.9 -4.6
"13" "7" 1996-12-19 26.51 "TOR" "" "MIL" "W" 3 0 16.6666666666667 0.576 0.538 13.1 8.6 11.1 17.4 0 5.3 0 37.9 133 114 12 8.5
"14" "8" 1996-12-20 26.52 "TOR" "@" "CLE" "L" -9 0 18.2166666666667 0.4 0.4 7.8 23.5 15.7 22.5 6.2 5 16.7 16.3 86 92 5.6 6.1
"15" "9" 1996-12-22 26.52 "TOR" "@" "IND" "L" -19 0 15.4 0.5 0.5 22.9 18.8 21.3 32 3.4 0 0 26.3 130 115 9.6 10.2
"16" "10" 1996-12-26 26.53 "TOR" "" "NJN" "W" 2 0 19.8 0.5 0.5 10.9 17.8 14.7 8.8 0 10.4 0 18 126 106 8.6 4.1
"17" "11" 1996-12-27 26.53 "TOR" "@" "WSB" "L" -18 0 8.36666666666667 0.266 0 0 12.8 7 0 0 0 0 11.4 61 110 -0.2 -8.2
"18" "12" 1997-01-02 26.55 "TOR" "@" "ORL" "L" -2 0 21.9833333333333 0.63 0.667 0 18.5 8.7 8 2.7 3.9 51.2 22 60 106 0.6 -13.6
"19" "" 1997-01-04 26.56 "TOR" "@" "DET" "L" -44 NA NA NA NA NA NA NA NA NA NA NA NA NA NA NA NA
"20" "" 1997-01-07 26.56 "TOR" "" "LAC" "L" -7 NA NA NA NA NA NA NA NA NA NA NA NA NA NA NA NA
"21" "" 1997-01-09 26.57 "TOR" "" "UTA" "W" 14 NA NA NA NA NA NA NA NA NA NA NA NA NA NA NA NA
"22" "" 1997-01-11 26.58 "TOR" "@" "NJN" "W" 17 NA NA NA NA NA NA NA NA NA NA NA NA NA NA NA NA
"23" "" 1997-01-12 26.58 "TOR" "" "ORL" "L" -3 NA NA NA NA NA NA NA NA NA NA NA NA NA NA NA NA
"24" "" 1997-01-15 26.59 "TOR" "@" "SEA" "L" -44 NA NA NA NA NA NA NA NA NA NA NA NA NA NA NA NA
"25" "" 1997-01-17 26.59 "TOR" "@" "POR" "W" 2 NA NA NA NA NA NA NA NA NA NA NA NA NA NA NA NA
"26" "" 1997-01-19 26.6 "TOR" "@" "VAN" "L" -8 NA NA NA NA NA NA NA NA NA NA NA NA NA NA NA NA
"27" "13" 1997-01-21 26.6 "TOR" "" "MIN" "W" 12 0 7.48333333333333 0.266 0 0 12.2 7.3 0 0 0 34.7 17.1 38 122 -1.6 -27.7
"1" "1" 1997-10-31 27.38 "TOR" "@" "MIA" "L" -13 1 6.25 0.798 1 0 0 0 0 0 0 34.7 19.5 91 132 0.1 -16.2
"2" "2" 1997-11-01 27.38 "TOR" "@" "ATL" "L" -5 1 29.6333333333333 0.635 0.714 6.4 13.7 9.4 0 1.8 2.4 11.3 13.1 112 101 8.1 -0.1
"3" "3" 1997-11-04 27.39 "TOR" "" "GSW" "W" 18 1 25.4833333333333 0.506 0.444 12.8 6.9 9.5 22.4 0 0 9.2 18.7 113 94 8.2 -3.6
"4" "4" 1997-11-06 27.39 "TOR" "" "SEA" "L" -17 1 11.05 0 0 0 14.1 5.6 0 0 6.4 0 4.2 0 121 0.3 -8.2
"5" "5" 1997-11-08 27.4 "TOR" "@" "ORL" "L" -9 1 28.5166666666667 0.44 0.462 8.1 15 11.7 17.1 0 0 11.9 26.2 92 109 5.4 -7.2
"6" "6" 1997-11-10 27.41 "TOR" "" "SAS" "L" -2 1 19.05 0.202 0.143 4.8 22 10 14.7 5.4 4.7 21.2 20.6 53 99 0.7 -10.8
"7" "7" 1997-11-12 27.41 "TOR" "" "NYK" "L" -23 1 15.9166666666667 0.667 0.667 20 23.7 21.7 20 3.4 0 14.3 19.5 118 100 7.5 5.7
"8" "8" 1997-11-14 27.42 "TOR" "@" "BOS" "L" -4 1 15.35 0.564 0.75 0 8.2 4.2 0 6.8 0 27.3 21.2 68 102 2.3 -5.3
"9" "9" 1997-11-15 27.42 "TOR" "" "IND" "L" -28 1 30.75 0.571 0.571 7.6 9.4 8.4 5.8 1.8 2.3 0 11 124 124 8.7 0.3
"10" "10" 1997-11-18 27.43 "TOR" "" "BOS" "L" -13 1 22.7 0.4 0.4 21.4 29.1 25.5 14.1 2.1 2.7 9.1 20.2 103 117 8.1 -3.3
"11" "" 1997-11-20 27.43 "TOR" "@" "HOU" "L" -30 NA NA NA NA NA NA NA NA NA NA NA NA NA NA NA NA
"12" "11" 1997-11-22 27.44 "TOR" "@" "MIA" "L" -4 1 22.8166666666667 0.217 0.286 11.8 27.2 19 0 0 0 0 17.1 65 113 0.6 -14.3
"13" "12" 1997-11-24 27.44 "TOR" "" "POR" "L" -1 0 12.65 0.515 0.667 11.5 26.4 20 12.5 0 0 20.5 18.8 88 101 2 -9.6
"14" "13" 1997-12-09 27.48 "TOR" "" "CHH" "L" -13 0 20.1833333333333 0.512 0.5 4.9 24 13.5 9.5 0 0 17 13 95 105 2.2 -8.4
"15" "14" 1997-12-10 27.49 "TOR" "@" "PHI" "W" 7 1 20.1166666666667 0.583 0.556 6.2 24.5 16.4 0 0 9.7 0 20.5 124 98 9.4 1.9
"16" "15" 1997-12-13 27.5 "TOR" "@" "CHI" "L" -27 1 24.5333333333333 0.291 0.333 4.1 21.3 12.5 0 0 5.6 12.7 13.7 61 104 1.2 -6.4
"17" "16" 1997-12-15 27.5 "TOR" "" "IND" "L" -7 1 29.5833333333333 0.75 0.75 11.4 18.3 14.5 28.7 1.8 0 11.1 14 147 122 14.7 7
"18" "17" 1997-12-17 27.51 "TOR" "" "BOS" "L" -5 0 10.1 0.425 0.4 20 25.3 22.3 0 0 0 14.5 28.8 92 103 2.5 -10.4
"19" "18" 1997-12-19 27.51 "TOR" "" "MIL" "W" 1 0 12.4333333333333 0 0 11.8 9.8 10.7 0 0 0 75 15.8 13 111 -3.9 -27.5
"20" "19" 1997-12-20 27.52 "TOR" "" "WAS" "L" -2 0 6.78333333333333 1 1 18 0 8.8 0 0 0 0 14 203 119 4.1 8.4
"21" "20" 1997-12-22 27.52 "TOR" "@" "CHH" "L" -2 0 19.5833333333333 0.388 0.333 0 12.3 5.9 20.7 0 3.7 23.7 20.3 70 100 0.3 -8.7
"22" "21" 1997-12-27 27.53 "TOR" "@" "NYK" "W" 3 0 12.8 0.333 0.333 0 41 20.5 0 0 0 25 15 51 104 -1.5 -17.8
"23" "22" 1997-12-30 27.54 "TOR" "@" "DET" "L" -5 0 25.6 0.339 0.333 4 3.9 4 15.1 2 10.7 16.2 20.9 72 108 3.3 -4.5
"24" "23" 1997-12-31 27.55 "TOR" "@" "WAS" "L" -27 0 12.7 0.338 0.375 25.2 12.7 20.2 0 0 0 0 30.1 85 135 2 -17.3
"25" "24" 1998-01-02 27.55 "TOR" "" "DET" "L" -3 0 25.0166666666667 0.421 0.429 9.8 19.2 14.6 6.3 0 5.6 26.5 21.1 72 110 3 -9.4
"26" "25" 1998-01-03 27.55 "TOR" "@" "IND" "L" -12 1 28.85 0.222 0.222 4.4 14.6 9.2 13.4 0 0 10 17 60 108 -1.5 -11.7
"27" "26" 1998-01-05 27.56 "TOR" "" "HOU" "L" -24 1 31.0166666666667 0.571 0.571 7.6 22.1 14.3 12.1 1.6 2.7 6.3 22.9 114 123 13.8 -1.8
"28" "27" 1998-01-07 27.56 "TOR" "" "ORL" "L" -2 1 32.2666666666667 0.446 0.462 10.5 10.2 10.3 6 0 2.4 34.2 29.5 63 100 0.7 -14.7
"29" "28" 1998-01-10 27.57 "TOR" "@" "CLE" "W" 9 1 8.8 0.667 0.667 0 19.8 12 0 0 0 0 14.8 138 100 2.5 -4.3
"30" "29" 1998-01-12 27.58 "TOR" "" "NJN" "L" -8 1 13.9166666666667 0.333 0.333 0 9.5 4.6 9.4 0 5.4 40 15.8 51 121 -1.2 -14.9
"31" "30" 1998-01-14 27.58 "TOR" "" "LAC" "W" 8 1 27.4833333333333 0.667 0.667 14 0 6.9 4.7 1.8 5.4 0 9.6 152 110 9.4 0
"32" "31" 1998-01-17 27.59 "TOR" "" "NYK" "L" -11 1 11.8666666666667 0 0 0 0 0 0 4.6 0 0 12.1 0 108 -2.3 -18.7
"33" "32" 1998-01-19 27.6 "TOR" "@" "CHH" "L" -21 1 30.25 0.779 0.769 8 28.6 16.5 7.6 0 0 16.9 28 126 126 16.1 3
"34" "33" 1998-01-21 27.6 "TOR" "" "SAC" "W" 1 1 30.4 0.3 0.3 9.2 10.9 10 0 1.8 6.8 16.7 17 72 109 2.7 -10.7
"35" "34" 1998-01-24 27.61 "TOR" "" "MIN" "W" 6 1 14 0.375 0.375 34.4 9.2 23.7 0 0 0 0 23.8 113 113 5 -8.1
"36" "35" 1998-01-26 27.62 "TOR" "" "PHI" "W" 4 1 18.2333333333333 0.571 0.571 0 11.6 6.3 0 0 0 0 20.6 115 102 4.7 -6
"37" "36" 1998-01-29 27.62 "TOR" "@" "DEN" "W" 4 1 13.65 0.34 0.4 0 14.9 8.5 14.8 0 5 14.5 24 66 94 0.7 -10.4
"38" "37" 1998-01-30 27.63 "TOR" "@" "SAC" "L" -26 1 3.88333333333333 0 0 42.1 37.5 40.4 0 0 0 0 30.4 39 128 -0.4 -27.3
"39" "38" 1998-02-01 27.63 "TOR" "@" "POR" "L" -7 1 15.2 0.25 0.25 0 8.6 3.5 11.5 0 0 0 11.2 71 107 -0.2 -9.2
"40" "39" 1998-02-03 27.64 "TOR" "" "PHO" "L" -5 1 11.2333333333333 0.6 0.6 10.4 0 5.3 0 4.5 6.6 0 20.3 126 111 6.1 6
"41" "" 1998-02-18 27.68 "BOS" "@" "VAN" "W" 9 NA NA NA NA NA NA NA NA NA NA NA NA NA NA NA NA
"42" "40" 1998-03-13 27.74 "BOS" "" "DET" "L" -4 0 4 1 1 0 0 0 0 13.5 0 50 21.8 71 89 0.9 -0.5
"43" "41" 1998-03-15 27.75 "BOS" "@" "ATL" "L" -16 0 7.45 0.5 0.5 0 21.4 8.4 0 0 0 0 12.5 100 106 -0.3 -12.6
"44" "" 1998-03-17 27.75 "BOS" "@" "DAL" "L" -6 NA NA NA NA NA NA NA NA NA NA NA NA NA NA NA NA
"45" "42" 1998-03-19 27.76 "BOS" "@" "HOU" "L" -9 0 5.11666666666667 NA NA 0 0 0 0 0 0 NA 0 0 128 0 -9.6
"46" "" 1998-03-22 27.77 "BOS" "" "PHI" "W" 18 NA NA NA NA NA NA NA NA NA NA NA NA NA NA NA NA
"47" "43" 1998-03-23 27.77 "BOS" "@" "CHI" "L" -23 0 6.85 NA NA 0 0 0 0 0 0 100 21.3 0 136 -3 -30
"48" "44" 1998-03-25 27.78 "BOS" "" "MIA" "L" -14 0 21 0.429 0.429 19 22.9 20.5 14.7 0 0 0 15 122 126 6.2 -3.6
"49" "45" 1998-03-27 27.78 "BOS" "@" "NJN" "W" 6 0 16.85 0.333 0.333 6.7 23.5 15.7 0 3.1 3.5 40 13.5 48 75 0.3 -7.5
"50" "46" 1998-03-29 27.79 "BOS" "@" "PHI" "L" -5 0 3.83333333333333 NA NA 0 0 0 30.8 0 18.2 NA 0 205 106 1 10.6
"51" "47" 1998-03-31 27.79 "BOS" "@" "MIA" "L" -26 0 11.15 0.333 0.333 41.6 46.8 43.6 0 0 16.8 25 16.5 93 118 4 -3.6
"52" "48" 1998-04-01 27.79 "BOS" "@" "ORL" "W" 11 0 24.9 0.654 0.667 17.9 15.4 16.5 24.5 0 2.9 12.7 14.2 139 99 10.5 7.2
"53" "49" 1998-04-03 27.8 "BOS" "@" "DET" "W" 1 0 13.5166666666667 0.51 0.4 0 28.6 13.2 9.8 0 5.6 14.5 22.6 99 110 3.4 -5.6
"54" "50" 1998-04-05 27.81 "BOS" "" "NYK" "W" 10 0 8.11666666666667 0.266 0 43.9 15.8 30.4 0 6.1 9.1 0 10.2 120 82 4 4.3
"55" "51" 1998-04-08 27.81 "BOS" "" "NJN" "L" -13 0 4.63333333333333 NA NA 22.9 0 13.5 0 0 0 NA 0 215 142 0.7 -6.1
"56" "52" 1998-04-10 27.82 "BOS" "" "ORL" "W" 2 1 18.7333333333333 0.6 0.6 5.3 17.4 11 10.5 0 0 28.6 17.5 90 90 3.2 -2.1
"57" "53" 1998-04-12 27.82 "BOS" "" "IND" "L" -6 0 25.0833333333333 0.739 0.714 11.8 39.7 22.2 7.3 4.2 3.5 28.7 17.1 103 94 10.8 3.1
"58" "54" 1998-04-14 27.83 "BOS" "@" "CLE" "L" -9 1 22.0166666666667 0.25 0.25 4.6 0 2.9 0 0 8.9 33.3 11.4 43 109 -2.3 -14.5
"59" "55" 1998-04-15 27.83 "BOS" "" "MIL" "L" -8 1 9.96666666666667 0.102 0 10.2 26.7 17.3 11.7 0 7.5 17 23.6 41 114 -1.7 -20.1
"60" "56" 1998-04-17 27.84 "BOS" "" "CLE" "W" 7 1 9.51666666666667 0 0 0 13 6.3 17.2 0 0 0 5.5 46 90 -0.9 -8.4
"61" "57" 1998-04-18 27.84 "BOS" "@" "WAS" "L" -17 1 19.1666666666667 0.58 0.667 10.3 14.9 12.2 0 0 0 0 18 123 123 4.8 -5.1
"1" "" 1999-11-02 29.38 "IND" "@" "NJN" "W" 7 NA NA NA NA NA NA NA NA NA NA NA NA NA NA NA NA
"2" "1" 1999-11-04 29.39 "IND" "@" "CHH" "L" -9 0 5.23333333333333 NA NA 0 0 0 0 0 0 NA 0 0 101 -0.4 -3.5
"3" "" 1999-11-06 29.39 "IND" "" "BOS" "W" 7 NA NA NA NA NA NA NA NA NA NA NA NA NA NA NA NA
"4" "" 1999-11-09 29.4 "IND" "@" "MIA" "L" -12 NA NA NA NA NA NA NA NA NA NA NA NA NA NA NA NA
"5" "2" 1999-11-11 29.41 "IND" "" "ORL" "W" 15 0 4 0.568 NA 0 0 0 0 0 0 69.4 33 34 113 -1.4 -28
"6" "3" 1999-11-13 29.41 "IND" "" "WAS" "W" 22 0 2.11666666666667 0 0 50 0 24 0 0 0 0 22.5 67 101 0 -20.1
"7" "" 1999-11-15 29.42 "IND" "@" "HOU" "W" 9 NA NA NA NA NA NA NA NA NA NA NA NA NA NA NA NA
"8" "" 1999-11-16 29.42 "IND" "@" "SAS" "L" -3 NA NA NA NA NA NA NA NA NA NA NA NA NA NA NA NA
"9" "" 1999-11-19 29.43 "IND" "" "ATL" "L" -6 NA NA NA NA NA NA NA NA NA NA NA NA NA NA NA NA
"10" "" 1999-11-20 29.43 "IND" "@" "CLE" "W" 9 NA NA NA NA NA NA NA NA NA NA NA NA NA NA NA NA
"11" "" 1999-11-22 29.44 "IND" "@" "BOS" "L" -10 NA NA NA NA NA NA NA NA NA NA NA NA NA NA NA NA
"12" "" 1999-11-25 29.45 "IND" "" "DET" "L" -8 NA NA NA NA NA NA NA NA NA NA NA NA NA NA NA NA
"13" "4" 1999-11-26 29.45 "IND" "" "VAN" "W" 19 0 2.38333333333333 0 0 72.7 0 32.9 0 26.8 0 0 23.4 70 51 0.6 -6.2
"14" "" 1999-11-28 29.45 "IND" "@" "SEA" "L" -11 NA NA NA NA NA NA NA NA NA NA NA NA NA NA NA NA
"15" "" 1999-11-29 29.46 "IND" "@" "POR" "W" 2 NA NA NA NA NA NA NA NA NA NA NA NA NA NA NA NA
"16" "" 1999-12-01 29.46 "IND" "@" "VAN" "W" 7 NA NA NA NA NA NA NA NA NA NA NA NA NA NA NA NA
"17" "5" 1999-12-03 29.47 "IND" "@" "UTA" "W" 25 0 2.83333333333333 NA NA 0 0 0 0 0 0 100 16.1 0 99 -1 -22.6
"18" "6" 2000-03-02 29.72 "IND" "@" "PHO" "L" -31 0 5.4 NA NA 21.3 20.4 20.9 0 0 0 100 9.1 43 126 0 -12.3
"19" "7" 2000-03-03 29.72 "IND" "@" "LAL" "L" -15 0 2.78333333333333 0.532 0.5 37.2 0 18 0 16.8 19.5 0 54.8 119 74 4.6 43.1
"20" "8" 2000-03-05 29.72 "IND" "@" "GSW" "W" 19 0 2.91666666666667 0 0 0 0 0 0 0 0 0 26.3 0 106 -1.4 -33.9
"21" "" 2000-03-07 29.73 "IND" "" "DEN" "W" 1 NA NA NA NA NA NA NA NA NA NA NA NA NA NA NA NA
"22" "" 2000-03-09 29.73 "IND" "" "POR" "W" 8 NA NA NA NA NA NA NA NA NA NA NA NA NA NA NA NA
"23" "" 2000-03-10 29.74 "IND" "@" "CLE" "W" 3 NA NA NA NA NA NA NA NA NA NA NA NA NA NA NA NA
"24" "" 2000-03-12 29.74 "IND" "" "MIA" "L" -9 NA NA NA NA NA NA NA NA NA NA NA NA NA NA NA NA
"25" "9" 2000-03-14 29.75 "IND" "@" "DAL" "L" -21 0 28.95 0.45 0.375 11.8 10.8 11.4 6.4 1.7 2.1 31.1 17.1 78 112 4.1 -6.4
"26" "" 2000-03-15 29.75 "IND" "@" "ATL" "W" 6 NA NA NA NA NA NA NA NA NA NA NA NA NA NA NA NA
"27" "10" 2000-03-17 29.76 "IND" "" "HOU" "W" 9 0 2.71666666666667 NA NA 0 0 0 0 0 0 NA 0 0 117 0 -5
"28" "11" 2000-03-18 29.76 "IND" "" "CHH" "W" 14 0 7.8 0.667 0.667 17.1 13 14.8 0 0 0 0 17.3 143 109 2.5 -3.4
"29" "" 2000-03-21 29.77 "IND" "" "NYK" "W" 4 NA NA NA NA NA NA NA NA NA NA NA NA NA NA NA NA
"30" "12" 2000-03-23 29.77 "IND" "" "MIL" "L" -21 0 5.73333333333333 NA NA 18.2 0 9.6 0 0 10.3 100 7.8 44 114 0.4 -6
"31" "13" 2000-03-26 29.78 "IND" "" "PHI" "L" -10 0 6.68333333333333 0.75 0.75 15.6 29.2 22.6 88.9 0 16.3 0 26.2 163 103 8.5 39
"32" "" 2000-03-28 29.79 "IND" "@" "NJN" "L" -5 NA NA NA NA NA NA NA NA NA NA NA NA NA NA NA NA
"33" "14" 2000-03-31 29.79 "IND" "" "MIN" "W" 24 0 3.56666666666667 0 0 0 41.4 25 0 0 0 0 11.6 0 81 -0.1 -10.4
"34" "15" 2000-04-02 29.8 "IND" "@" "TOR" "W" 21 0 3.26666666666667 1 1 41 34 37.2 0 0 24.6 0 31.7 207 74 5.1 41.2
"35" "" 2000-04-05 29.81 "IND" "" "NJN" "W" 4 NA NA NA NA NA NA NA NA NA NA NA NA NA NA NA NA
"36" "" 2000-04-07 29.81 "IND" "" "CLE" "W" 1 NA NA NA NA NA NA NA NA NA NA NA NA NA NA NA NA
"37" "16" 2000-04-09 29.82 "IND" "@" "CHH" "L" -16 0 1.76666666666667 0 0 46.2 0 25.3 0 0 0 0 47.4 30 114 -1.1 -50.6
"38" "" 2000-04-10 29.82 "IND" "@" "NYK" "L" -2 NA NA NA NA NA NA NA NA NA NA NA NA NA NA NA NA
"39" "" 2000-04-12 29.83 "IND" "" "TOR" "W" 4 NA NA NA NA NA NA NA NA NA NA NA NA NA NA NA NA
"40" "" 2000-04-14 29.83 "IND" "@" "MIA" "W" 4 NA NA NA NA NA NA NA NA NA NA NA NA NA NA NA NA
"41" "17" 2000-04-16 29.84 "IND" "@" "DET" "W" 11 0 0.866666666666667 NA NA 0 0 0 0 0 0 NA 0 0 119 0 -4.3
"42" "" 2000-04-17 29.84 "IND" "@" "PHI" "W" 2 NA NA NA NA NA NA NA NA NA NA NA NA NA NA NA NA
"43" "18" 2000-04-19 29.85 "IND" "" "ATL" "W" 19 0 24 0.625 0.625 14 21.4 18.2 5.9 0 7.7 20 17.4 109 88 9.9 2.3
"1" "1" 2000-10-31 30.38 "IND" "@" "SAS" "L" -13 0 11.7 1 1 0 25.8 11.1 0 0 7.1 50 7.9 79 104 0.8 -4.1
"2" "2" 2000-11-02 30.38 "IND" "@" "DAL" "L" -6 0 30.2833333333333 0.674 0.857 13.3 4.4 8.9 14.3 0 0 17.2 18.3 113 115 8.7 1.6
"3" "3" 2000-11-04 30.39 "IND" "" "CHI" "W" 13 0 28.05 0.781 0.75 0 23.2 11.6 13.8 0 2.7 14.8 11.8 138 94 7.6 1.9
"4" "4" 2000-11-08 30.4 "IND" "" "MIL" "W" 11 0 6.95 0 0 0 14 7.6 0 0 0 0 19.6 0 113 -1.8 -24.5
"5" "5" 2000-11-10 30.41 "IND" "@" "WAS" "W" 12 0 20.6666666666667 0.605 0.571 10.9 24.7 17.4 0 2.5 0 21.2 20.7 98 81 6.1 -1.8
"6" "6" 2000-11-11 30.41 "IND" "" "DET" "W" 10 0 13 0.532 0.5 7.7 20.5 14.5 0 0 0 44.4 23 63 91 0.4 -14
"7" "7" 2000-11-15 30.42 "IND" "@" "DET" "W" 4 0 11.25 0 0 0 0 0 0 4.5 0 0 7.8 0 91 -1.6 -12.8
"8" "8" 2000-11-17 30.42 "IND" "" "GSW" "L" -2 0 15.2333333333333 0.333 0.333 6.7 22.3 14.1 0 0 4.4 0 17.8 85 105 2.1 -9.9
"9" "9" 2000-11-18 30.43 "IND" "@" "NJN" "L" -5 0 17.6166666666667 0.5 0.5 6.3 22.2 14.8 0 0 0 50 9.7 56 108 -0.3 -11
"10" "10" 2000-11-21 30.44 "IND" "" "HOU" "L" -12 0 27.8833333333333 0.761 0.857 13.2 37.1 24.8 0 0 2.8 33.7 21.7 91 118 7.9 -5.9
"11" "11" 2000-11-23 30.44 "IND" "" "TOR" "L" -20 1 26.8333333333333 0.5 0.5 9.1 29.6 19.8 5.8 0 5.6 25 14.1 87 115 5.4 -4.2
"12" "12" 2000-11-24 30.44 "IND" "" "WAS" "W" 12 0 15 1 1 8.9 13.3 11.4 0 0 4.9 50 11.9 86 92 1.4 -7.4
"13" "13" 2000-11-28 30.45 "IND" "@" "LAL" "L" -17 0 1.1 0 0 0 0 0 0 0 0 50 80.3 0 131 -1.7 -80.4
"14" "14" 2000-11-30 30.46 "IND" "@" "GSW" "L" -4 0 1.6 1 1 45.3 100 73.5 0 0 0 50 41.2 80 82 1.6 -0.4
"15" "" 2000-12-01 30.46 "IND" "@" "VAN" "W" 10 NA NA NA NA NA NA NA NA NA NA NA NA NA NA NA NA
"16" "15" 2000-12-03 30.47 "IND" "@" "MIL" "L" -12 0 2.2 NA NA 0 0 0 0 0 0 100 24.3 0 113 -1 -25.7
"17" "16" 2000-12-05 30.47 "IND" "" "NJN" "W" 24 0 9.75 0 0 13 14.8 14.1 14.1 0 0 0 9.2 54 70 -0.6 -9.5
"18" "" 2000-12-06 30.48 "IND" "@" "CHH" "L" -3 NA NA NA NA NA NA NA NA NA NA NA NA NA NA NA NA
"19" "" 2000-12-08 30.48 "IND" "@" "BOS" "W" 13 NA NA NA NA NA NA NA NA NA NA NA NA NA NA NA NA
"20" "" 2000-12-09 30.48 "IND" "" "CHH" "W" 3 NA NA NA NA NA NA NA NA NA NA NA NA NA NA NA NA
"21" "" 2000-12-12 30.49 "IND" "@" "TOR" "L" -14 NA NA NA NA NA NA NA NA NA NA NA NA NA NA NA NA
"22" "" 2000-12-13 30.5 "IND" "" "DAL" "W" 5 NA NA NA NA NA NA NA NA NA NA NA NA NA NA NA NA
"23" "" 2000-12-15 30.5 "IND" "" "CLE" "L" -8 NA NA NA NA NA NA NA NA NA NA NA NA NA NA NA NA
"24" "17" 2000-12-16 30.5 "IND" "@" "MIN" "L" -3 0 25.7666666666667 0.75 0.75 9.5 22 15.3 0 0 2.8 20 8.9 122 112 5.1 -1.9
"25" "18" 2000-12-19 30.51 "IND" "@" "CHI" "W" 5 0 16.2833333333333 0.694 0.75 9.1 35.7 24 0 3.4 5 14.8 20.4 114 86 7.3 4.6
"26" "19" 2000-12-20 30.52 "IND" "" "TOR" "L" -1 0 24.9833333333333 0.773 0.667 16.3 8.5 11.9 0 0 2.8 20.5 9.9 139 111 5.5 -2.1
"27" "20" 2000-12-22 30.52 "IND" "" "UTA" "L" -8 0 6.68333333333333 NA NA 0 0 0 0 0 0 NA 0 0 138 -0.4 -8.8
"28" "21" 2000-12-23 30.52 "IND" "@" "ATL" "L" -4 0 6.1 NA NA 0 39 19.3 0 0 0 100 8.2 0 103 -0.8 -15.6
"29" "22" 2000-12-25 30.53 "IND" "" "ORL" "W" 10 0 4.05 NA NA 0 0 0 0 0 20.7 NA 0 0 100 0.3 -1.1
"30" "" 2000-12-27 30.53 "IND" "@" "MIA" "L" -12 NA NA NA NA NA NA NA NA NA NA NA NA NA NA NA NA
"31" "23" 2000-12-30 30.54 "IND" "" "SAS" "L" -12 0 16.1 0.6 0.6 12 41.9 25.8 0 3.4 0 0 14.6 128 89 6.3 4.1
"32" "24" 2001-01-02 30.55 "IND" "@" "SEA" "W" 8 0 3.68333333333333 0 0 0 54.5 27.6 0 0 0 0 11.5 0 79 -0.1 -10.3
"33" "25" 2001-01-03 30.55 "IND" "@" "POR" "L" -16 0 11.9 1 1 27.3 35.3 30.8 13.8 4.4 0 50 7.6 129 102 4.6 6.5
"34" "26" 2001-01-05 30.56 "IND" "@" "SAC" "W" 2 0 2.36666666666667 0 0 58.9 0 25.5 0 0 0 50 46.2 26 97 -2.2 -61.7
"35" "27" 2001-01-08 30.57 "IND" "@" "LAC" "W" 3 0 2.28333333333333 NA NA 0 0 0 0 0 0 100 25.2 0 107 -1.4 -38
"36" "" 2001-01-09 30.57 "IND" "@" "UTA" "L" -4 NA NA NA NA NA NA NA NA NA NA NA NA NA NA NA NA
"37" "28" 2001-01-11 30.58 "IND" "@" "PHO" "L" -8 0 13.6333333333333 1 1 15.9 24.1 20.6 0 0 0 33.3 10 133 95 3.8 0.8
"38" "29" 2001-01-13 30.58 "IND" "" "MIA" "W" 16 0 16.1333333333333 1 1 0 35.7 18.5 0 3.6 0 66.7 9.3 51 77 0.6 -4.6
"39" "30" 2001-01-15 30.59 "IND" "" "LAC" "W" 15 0 7.51666666666667 0.6 0.6 28.6 14.6 21.7 0 0 0 0 32.6 133 90 5.4 12.6
"40" "31" 2001-01-18 30.59 "IND" "" "ATL" "W" 8 0 6.01666666666667 0 0 0 0 0 0 0 0 0 16.3 0 93 -1.8 -21.7
"41" "" 2001-01-21 30.6 "IND" "@" "NYK" "W" 13 NA NA NA NA NA NA NA NA NA NA NA NA NA NA NA NA
"42" "" 2001-01-25 30.61 "IND" "" "POR" "L" -10 NA NA NA NA NA NA NA NA NA NA NA NA NA NA NA NA
"43" "" 2001-01-28 30.62 "IND" "" "PHI" "L" -5 NA NA NA NA NA NA NA NA NA NA NA NA NA NA NA NA
"44" "" 2001-01-30 30.63 "IND" "@" "ORL" "L" -7 NA NA NA NA NA NA NA NA NA NA NA NA NA NA NA NA
"45" "" 2001-01-31 30.63 "IND" "" "BOS" "L" -6 NA NA NA NA NA NA NA NA NA NA NA NA NA NA NA NA
"46" "32" 2001-02-02 30.64 "IND" "" "DEN" "W" 9 0 25.3333333333333 0.661 0.714 10.7 13.7 12.3 0 0 6.3 19.4 19.8 106 107 7.4 -3.9
"47" "33" 2001-02-03 30.64 "IND" "@" "MIL" "L" -19 0 16.7666666666667 0.174 0 0 23.5 14.1 37.6 0 7.4 58.1 20.4 40 110 -0.2 -5.4
"48" "34" 2001-02-06 30.65 "IND" "@" "MIA" "L" -13 1 23.7333333333333 0.68 0.8 0 17.6 8.6 14.3 0 3 14.5 14.2 118 123 6.9 4.6
"49" "35" 2001-02-13 30.67 "IND" "" "CHH" "L" -11 1 16.7666666666667 0.333 0.333 5.8 16.6 11.3 12.1 3.3 4 0 17.4 78 84 4.2 2.6
"50" "36" 2001-02-15 30.67 "IND" "" "DET" "W" 9 1 14.8666666666667 0.5 0.5 14.2 18.8 16.7 15.7 0 4.8 33.3 30 72 85 2.1 -11.9
"51" "37" 2001-02-18 30.68 "IND" "" "LAL" "W" 1 1 6.73333333333333 0.387 0.333 20.8 16.3 18.3 0 0 9 0 27 102 120 1.4 -14.9
"52" "38" 2001-02-23 30.69 "IND" "@" "CLE" "W" 2 1 20.7833333333333 0.363 0.333 21.3 48.1 33.9 20.5 0 2.9 12.7 18.2 101 99 7.4 1.1
"53" "39" 2001-02-25 30.7 "IND" "" "MIN" "W" 10 1 35.2666666666667 0.553 0.6 22.9 16.7 19.3 12.6 0 2.2 25.4 22.5 105 121 9.4 -6.6
"54" "40" 2001-02-26 30.7 "IND" "@" "CHH" "L" -10 1 18.0666666666667 0 0 5.8 15.4 10.9 11.1 3.2 4 20 13.7 20 91 -0.6 -8.4
"55" "41" 2001-02-28 30.71 "IND" "" "MIL" "W" 13 1 31.2333333333333 0.825 0.857 15 13.8 14.3 5 0 2.7 20.2 16.4 130 107 11.6 -1.2
"56" "42" 2001-03-02 30.71 "IND" "" "SEA" "L" -3 1 19.9833333333333 0.425 0.4 18 18 18 9.2 0 3.4 14.5 17.8 98 110 3.7 -8.2
"57" "43" 2001-03-04 30.72 "IND" "" "NJN" "L" -24 1 4.4 0.5 0.5 0 30 15.2 0 0 0 0 23.1 97 130 0.5 -12.3
"58" "44" 2001-03-06 30.72 "IND" "@" "NYK" "L" -14 0 3.35 NA NA 0 0 0 0 0 0 NA 0 0 125 -1.2 -23.2
"59" "" 2001-03-07 30.73 "IND" "" "NYK" "L" -4 NA NA NA NA NA NA NA NA NA NA NA NA NA NA NA NA
"60" "45" 2001-03-09 30.73 "IND" "" "CLE" "W" 15 0 4.53333333333333 0.266 0 0 40 22.6 0 0 0 0 17.6 67 91 0.5 -10.7
"61" "46" 2001-03-11 30.74 "IND" "@" "DET" "L" -17 0 2.7 0 0 0 35.6 15.8 0 0 0 0 14.7 0 102 -0.4 -13.9
"62" "" 2001-03-13 30.74 "IND" "@" "HOU" "L" -9 NA NA NA NA NA NA NA NA NA NA NA NA NA NA NA NA
"63" "" 2001-03-14 30.75 "IND" "@" "DEN" "L" -12 NA NA NA NA NA NA NA NA NA NA NA NA NA NA NA NA
"64" "" 2001-03-16 30.75 "IND" "" "ATL" "W" 6 NA NA NA NA NA NA NA NA NA NA NA NA NA NA NA NA
"65" "" 2001-03-18 30.76 "IND" "" "SAC" "W" 6 NA NA NA NA NA NA NA NA NA NA NA NA NA NA NA NA
"66" "47" 2001-03-20 30.76 "IND" "@" "TOR" "L" -21 0 6.65 1 1 0 31.9 15.6 0 0 0 50 12.9 79 108 1.3 -1.2
"67" "48" 2001-03-21 30.76 "IND" "" "ORL" "W" 1 0 5.9 1 1 21.1 0 9.2 28.6 0 12.7 0 8.4 209 112 3.4 16.9
"68" "" 2001-03-23 30.77 "IND" "" "VAN" "W" 20 NA NA NA NA NA NA NA NA NA NA NA NA NA NA NA NA
"69" "" 2001-03-25 30.78 "IND" "@" "ORL" "L" -2 NA NA NA NA NA NA NA NA NA NA NA NA NA NA NA NA
"70" "49" 2001-03-27 30.78 "IND" "@" "WAS" "W" 8 0 8.9 0 0 0 13.3 6.8 0 0 0 0 9.9 0 114 -1.9 -20.7
"71" "" 2001-03-29 30.79 "IND" "@" "ATL" "L" -11 NA NA NA NA NA NA NA NA NA NA NA NA NA NA NA NA
"72" "" 2001-03-30 30.79 "IND" "@" "BOS" "W" 5 NA NA NA NA NA NA NA NA NA NA NA NA NA NA NA NA
"73" "" 2001-04-01 30.79 "IND" "@" "PHI" "L" -11 NA NA NA NA NA NA NA NA NA NA NA NA NA NA NA NA
"74" "" 2001-04-03 30.8 "IND" "" "PHO" "W" 4 NA NA NA NA NA NA NA NA NA NA NA NA NA NA NA NA
"75" "50" 2001-04-06 30.81 "IND" "" "CHI" "W" 7 0 9.15 0 0 14 32.3 22.5 0 0 8.9 33.3 16.9 28 107 -0.8 -22.1
"76" "51" 2001-04-08 30.81 "IND" "@" "NJN" "W" 25 0 10.8833333333333 0 0 0 19.8 11.6 10.4 0 0 0 8.6 30 92 -0.5 -9.1
"77" "52" 2001-04-09 30.82 "IND" "" "WAS" "W" 22 0 17.35 0.429 0.429 21.2 15.1 17.6 18.5 3 7.1 22.2 23 89 76 6.3 1.7
"78" "" 2001-04-11 30.82 "IND" "" "NYK" "W" 7 NA NA NA NA NA NA NA NA NA NA NA NA NA NA NA NA
"79" "" 2001-04-13 30.83 "IND" "" "BOS" "W" 5 NA NA NA NA NA NA NA NA NA NA NA NA NA NA NA NA
"80" "53" 2001-04-15 30.83 "IND" "@" "CHI" "W" 7 1 29.4833333333333 0.595 0.615 14.2 8 11.3 26.4 0 2.7 6.9 20.8 129 105 14 6.7
"81" "54" 2001-04-17 30.84 "IND" "" "PHI" "L" -6 1 19.4833333333333 0.425 0.4 10.4 27.6 18.7 0 0 3.2 14.5 14.6 88 104 3.7 -6.4
"82" "55" 2001-04-18 30.84 "IND" "@" "CLE" "W" 4 1 19.5666666666667 0.5 0.5 0 42.6 23.2 7.6 2.5 0 0 13.6 103 87 5.8 -1.2
