"Rk" "G" "Date" "Age" "Tm" "H/A" "Opp" "W/L" "By Amt" "GS" "MP" "TS%" "eFG%" "ORB%" "DRB%" "TRB%" "AST%" "STL%" "BLK%" "TOV%" "USG%" "ORtg" "DRtg" "GmSc" "BPM"
"1" "1" 1997-10-31 21 "LAC" "@" "PHO" "L" -10 0 2.5 0 0 0 0 0 0 0 0 0 21.4 0 125 -0.7 -24.2
"2" "2" 1997-11-01 21.01 "LAC" "" "POR" "L" -8 0 10.2666666666667 0.75 0.75 9.6 22.9 15.7 0 0 7.4 33.3 27.7 87 90 4 3.6
"3" "3" 1997-11-05 21.02 "LAC" "" "HOU" "L" -14 0 22.9666666666667 0.735 0.625 0 16.7 8.9 0 0 3 0 19.6 158 131 12.5 2.6
"4" "4" 1997-11-07 21.02 "LAC" "@" "SAC" "W" 13 0 16.05 0.667 0.667 0 23.5 13.8 0 0 0 14.3 18.8 115 89 3.6 -5.5
"5" "5" 1997-11-08 21.02 "LAC" "" "PHO" "L" -18 0 12.3 0.509 0.5 0 10.8 4.9 0 0 5.9 12.7 27.8 98 136 2.4 -9.3
"6" "6" 1997-11-11 21.03 "LAC" "@" "VAN" "L" -6 0 9.98333333333333 1 1 9.6 10.2 9.9 16.8 0 0 25 17.6 146 123 4.2 -2.1
"7" "" 1997-11-13 21.04 "LAC" "" "MIL" "L" -8 NA NA NA NA NA NA NA NA NA NA NA NA NA NA NA NA
"8" "" 1997-11-15 21.04 "LAC" "@" "CHH" "L" -34 NA NA NA NA NA NA NA NA NA NA NA NA NA NA NA NA
"9" "" 1997-11-16 21.05 "LAC" "@" "ATL" "L" -6 NA NA NA NA NA NA NA NA NA NA NA NA NA NA NA NA
"10" "7" 1997-11-18 21.05 "LAC" "@" "ORL" "L" -18 0 5.36666666666667 0 0 23.4 22.9 23.1 24.6 0 0 40 45.6 23 123 -2.8 -41
"11" "" 1997-11-19 21.05 "LAC" "@" "MIA" "L" -9 NA NA NA NA NA NA NA NA NA NA NA NA NA NA NA NA
"12" "8" 1997-11-21 21.06 "LAC" "" "CHI" "L" -9 0 27.3666666666667 0.554 0.571 15.3 30 21.7 10.3 0 4.9 12.2 28.7 105 98 11.7 4.4
"13" "9" 1997-11-23 21.07 "LAC" "@" "LAL" "L" -17 0 18.6666666666667 0.903 0.8 6.5 14.9 10.4 0 2.5 3.6 35.7 25.1 109 114 8.1 -1.2
"14" "10" 1997-11-26 21.07 "LAC" "" "SAC" "W" 2 0 24.0333333333333 0.515 0.444 4.9 11.1 8.4 6.7 0 2.2 7.9 24.1 108 109 7.3 -2.9
"15" "11" 1997-11-28 21.08 "LAC" "" "NJN" "L" -12 0 26.6833333333333 0.588 0.545 10.5 13 11.9 0 0 2.2 13.6 25.6 113 125 9.1 -2.8
"16" "12" 1997-11-29 21.08 "LAC" "" "UTA" "L" -3 0 17.7833333333333 0.508 0.571 0 5.9 3 0 0 3.6 11.3 22.3 88 109 1.9 -8.3
"17" "13" 1997-12-04 21.1 "LAC" "" "SAS" "W" 4 0 30.0666666666667 0.507 0.467 4.4 23 14.4 6.9 0 6.9 10.7 31.7 99 94 9.8 -1.4
"18" "14" 1997-12-06 21.1 "LAC" "" "ORL" "L" -4 0 31.2166666666667 0.436 0.417 4.1 10.6 7.6 0 0 0 12.7 24.9 84 104 2.8 -10
"19" "15" 1997-12-07 21.1 "LAC" "@" "DEN" "L" -8 0 14.9833333333333 0.512 0.5 0 6.7 3.5 0 0 0 29.1 20.4 72 112 0.1 -14.9
"20" "16" 1997-12-09 21.11 "LAC" "@" "DAL" "W" 7 0 20.1833333333333 0.387 0.333 19.2 11.4 15.7 0 0 0 6.6 33.3 94 107 5.4 -8.8
"21" "17" 1997-12-10 21.11 "LAC" "@" "SAS" "L" -15 0 21.0833333333333 0.392 0.364 9.3 12.7 10.8 9.2 0 0 13.6 31.9 79 117 3 -8.7
"22" "18" 1997-12-12 21.12 "LAC" "" "ATL" "L" -9 0 19.9833333333333 0.667 0.667 6.2 18.5 12.3 10.3 5.3 0 0 14.6 139 85 7.3 7.6
"23" "19" 1997-12-14 21.12 "LAC" "@" "SEA" "L" -6 0 24.7 0.6 0.6 0 16.3 10.1 5.6 0 3.1 28.6 13.2 85 114 3.1 -6.7
"24" "20" 1997-12-16 21.13 "LAC" "" "SEA" "L" -15 0 18.2166666666667 0.949 1 0 9.2 3.6 0 5.4 5 13.7 16.5 158 100 10.9 13.4
"25" "21" 1997-12-18 21.13 "LAC" "" "GSW" "W" 4 0 14.9333333333333 0.643 0.6 7.1 24.6 16.5 0 0 0 15.5 19.4 112 85 4.8 -2
"26" "22" 1997-12-20 21.14 "LAC" "@" "MIN" "L" -1 0 13.55 0.619 0.625 15.1 19.4 17 21.1 0 0 10.1 32.1 118 103 7.5 5.9
"27" "23" 1997-12-21 21.14 "LAC" "@" "BOS" "L" -22 0 17.85 0.5 0.5 0 16 8.5 26.7 0 3.6 33.3 22.1 67 99 0.6 -8.5
"28" "24" 1997-12-23 21.15 "LAC" "@" "CHI" "L" -5 0 18.8166666666667 0.423 0.375 6.2 0 2.5 0 0 3 8.6 29.5 90 125 3 -7
"29" "25" 1997-12-26 21.16 "LAC" "@" "LAL" "L" -4 0 16.2 0.092 0.1 15.1 14.1 14.6 8.3 0 0 0 31.3 45 126 -3.5 -30.4
"30" "26" 1997-12-27 21.16 "LAC" "" "DEN" "W" 2 0 8.06666666666667 0.205 0 0 30 14.5 0 0 0 17 31.1 46 112 -1.2 -27.8
"31" "27" 1998-01-02 21.18 "LAC" "@" "GSW" "W" 15 0 13.15 0.255 0.2 0 13.4 7.5 0 0 5 14.5 23.8 47 83 -1 -16.1
"32" "28" 1998-01-03 21.18 "LAC" "" "DAL" "W" 9 0 25.5833333333333 0.588 0.636 14.5 19.2 16.8 12.7 4 7.3 32 29.6 88 86 11.9 4.1
"33" "29" 1998-01-06 21.19 "LAC" "@" "SAC" "L" -16 0 16.9 0.201 0.167 19.1 5.5 12.8 0 0 0 24.3 37 45 112 -5.5 -29.3
"34" "30" 1998-01-07 21.19 "LAC" "" "VAN" "W" 8 0 30.9666666666667 0.558 0.5 4.4 20.4 12.7 10.7 4.9 0 0 33.4 122 102 21 4.3
"35" "31" 1998-01-09 21.19 "LAC" "" "LAL" "L" -10 0 23.5166666666667 0.697 0.688 16.2 10.3 13.2 0 2.1 0 0 33.3 153 128 19.7 8.5
"36" "32" 1998-01-11 21.2 "LAC" "@" "DET" "L" -28 0 24.8666666666667 0.554 0.5 11.5 8.9 10.3 28.2 4.1 2.2 19.2 26.9 104 117 11.5 3.3
"37" "33" 1998-01-12 21.2 "LAC" "@" "MIL" "L" -15 0 27.05 0.539 0.467 11.6 0 6 17.3 3.6 2 18.5 35.2 96 110 11.5 0.4
"38" "34" 1998-01-14 21.21 "LAC" "@" "TOR" "L" -8 0 21.95 0.632 0.615 0 11.5 5.7 9.3 2.2 0 0 25.7 134 111 12.2 4.1
"39" "35" 1998-01-15 21.21 "LAC" "@" "NJN" "W" 3 0 18 0.63 0.5 8.3 21.1 15.2 7.4 0 4 0 23.8 144 123 9.6 0.7
"40" "36" 1998-01-17 21.22 "LAC" "@" "WAS" "L" -9 0 23.5333333333333 0.479 0.5 5.4 24.2 14.3 0 0 2.9 27.7 27.5 67 121 2 -16.2
"41" "37" 1998-01-19 21.22 "LAC" "@" "MIN" "L" -8 0 20.6833333333333 0.322 0.3 20.8 10.4 15.6 6.9 2.3 2.9 15.5 25.3 80 114 2.6 -12.9
"42" "38" 1998-01-22 21.23 "LAC" "" "DET" "L" -18 0 22.3833333333333 0.564 0.375 9.7 0 5.1 10.2 0 3.2 14.8 28.6 112 122 7.8 2.8
"43" "39" 1998-01-24 21.24 "LAC" "" "DEN" "L" -18 0 21.05 0.417 0.364 21.8 6.5 14.8 0 0 0 0 30.3 107 129 5.2 -8
"44" "40" 1998-01-27 21.24 "LAC" "@" "HOU" "L" -6 0 26.7833333333333 0.563 0.5 16.2 9.4 12.5 6 0 0 5.1 32.7 124 130 15 -2.9
"45" "41" 1998-01-28 21.25 "LAC" "@" "SAS" "L" -23 0 28.1666666666667 0.537 0.533 7 17.6 11.7 8.9 1.9 2.4 0 27.2 116 122 14.1 5.6
"46" "42" 1998-01-30 21.25 "LAC" "" "SAS" "L" -10 0 18.7333333333333 0.37 0.2 12.6 18.5 15.6 0 0 6.5 37.2 25.5 58 106 0 -14.6
"47" "43" 1998-02-01 21.26 "LAC" "" "IND" "L" -7 0 34 0.418 0.333 5.9 9.8 7.8 11.3 0 0 10.7 24.6 91 111 5.6 -6.3
"48" "44" 1998-02-03 21.26 "LAC" "" "UTA" "W" 9 0 29.9166666666667 0.466 0.417 8.9 24.2 16.2 4.7 0 0 7.2 21.4 114 122 6.6 -7.9
"49" "" 1998-02-10 21.28 "LAC" "@" "UTA" "L" -8 NA NA NA NA NA NA NA NA NA NA NA NA NA NA NA NA
"50" "45" 1998-02-11 21.28 "LAC" "" "WAS" "L" -6 0 8.98333333333333 0.5 0.5 11.6 0 5.8 0 0 6.1 0 10 124 122 2.4 -1.6
"51" "46" 1998-02-13 21.29 "LAC" "" "BOS" "L" -1 0 27 0.568 0.455 12.4 29.6 20.9 8.4 1.9 0 6.3 25.2 125 96 13.8 4.7
"52" "47" 1998-02-16 21.3 "LAC" "" "HOU" "L" -22 1 24.4 0.47 0.364 7.8 0 4.6 0 0 0 0 22.1 122 140 5.3 -8.3
"53" "48" 1998-02-19 21.31 "LAC" "" "MIA" "L" -9 1 26.7166666666667 0.453 0.412 11.1 11.6 11.3 0 2.2 0 5.1 35.2 99 106 8.9 0.1
"54" "49" 1998-02-21 21.31 "LAC" "" "CHH" "L" -13 1 25.5 0.612 0.615 0 18.6 7.5 8.9 2.2 0 17.8 31.4 102 125 9.1 -2
"55" "50" 1998-02-23 21.32 "LAC" "" "SEA" "L" -1 0 15.8166666666667 0.637 0.625 23.7 14.6 19 13.6 0 0 22.7 37.4 107 114 7.4 -5.1
"56" "51" 1998-02-25 21.32 "LAC" "" "PHI" "W" 9 0 26.0333333333333 0.71 0.636 6 13.9 11 0 5.7 2.2 6.6 25.3 142 100 18.9 10.9
"57" "52" 1998-02-27 21.33 "LAC" "" "PHO" "L" -5 0 12.4 0.595 0.6 8.8 21.7 14.6 0 4.1 0 0 21.2 126 112 6.2 1.9
"58" "53" 1998-03-03 21.34 "LAC" "@" "HOU" "L" -10 0 13.9833333333333 0.46 0.4 14.3 0 8.6 14.7 0 0 8.4 35.9 103 126 4.1 -8.6
"59" "54" 1998-03-05 21.35 "LAC" "@" "DAL" "L" -10 0 27.5 0.658 0.583 14 8.1 10.8 6.2 0 0 15.8 29.7 124 128 13.4 -3.8
"60" "55" 1998-03-08 21.35 "LAC" "@" "DEN" "W" 11 0 21.85 0.463 0.333 6.6 12.1 9.5 0 0 0 18.8 23.3 85 106 1.9 -13.8
"61" "56" 1998-03-09 21.36 "LAC" "@" "PHO" "L" -29 0 23.7666666666667 0.727 0.667 15.8 5.7 11 16 0 0 16.2 22.6 133 146 12.1 -1.5
"62" "57" 1998-03-12 21.36 "LAC" "" "LAL" "L" -23 0 20.8833333333333 0.484 0.444 0 19.9 8.4 0 0 3.3 8.8 22.6 95 110 3.4 -7.1
"63" "58" 1998-03-13 21.37 "LAC" "" "TOR" "W" 32 0 26.25 0.787 0.818 14.2 15.1 14.8 8.3 0 2.3 8 21.2 155 128 15.2 -1.1
"64" "59" 1998-03-15 21.37 "LAC" "@" "POR" "L" -11 0 19.5666666666667 0.615 0.5 11.8 9 10.7 9 0 0 29.1 17.2 106 135 2.8 -10.7
"65" "60" 1998-03-17 21.38 "LAC" "@" "GSW" "W" 5 0 19.7166666666667 0.589 0.545 6.9 10.2 8.8 9 0 0 0 27.1 129 116 9.9 -0.6
"66" "61" 1998-03-18 21.38 "LAC" "@" "SEA" "L" -19 0 23.95 0.563 0.625 8.9 4.7 6.8 0 4.5 3.3 10.1 19.4 101 107 7.4 1.4
"67" "62" 1998-03-21 21.39 "LAC" "" "CLE" "L" -21 0 28.6166666666667 0.453 0.412 19.9 21.8 20.7 0 1.9 0 9.6 31.5 96 112 11 -0.8
"68" "63" 1998-03-23 21.39 "LAC" "@" "VAN" "L" -11 0 28.7666666666667 0.45 0.417 3 16.2 9.4 25.7 3.4 2 0 19.1 109 105 11.7 1.6
"69" "64" 1998-03-25 21.4 "LAC" "" "NYK" "L" -1 0 30.0166666666667 0.175 0.182 0 14.2 7 23 0 6.5 0 17.5 56 86 2.8 -0.8
"70" "65" 1998-03-27 21.41 "LAC" "" "MIN" "L" -2 0 23.6833333333333 0.799 0.714 6.3 9.5 8.1 0 4.7 0 18.6 20.8 136 113 12 5.6
"71" "66" 1998-03-29 21.41 "LAC" "" "DAL" "W" 22 0 20.6833333333333 0.368 0.3 5.2 10.2 7.7 6 2.4 6.8 15.5 25.9 79 89 4.2 -6.5
"72" "67" 1998-03-31 21.42 "LAC" "@" "IND" "L" -22 0 24.1166666666667 0.601 0.5 11.1 20.5 16 8 0 0 10.7 35.7 120 141 13.5 -3.7
"73" "" 1998-04-02 21.42 "LAC" "@" "NYK" "L" -11 NA NA NA NA NA NA NA NA NA NA NA NA NA NA NA NA
"74" "" 1998-04-03 21.42 "LAC" "@" "PHI" "L" -15 NA NA NA NA NA NA NA NA NA NA NA NA NA NA NA NA
"75" "" 1998-04-07 21.44 "LAC" "" "VAN" "L" -16 NA NA NA NA NA NA NA NA NA NA NA NA NA NA NA NA
"76" "68" 1998-04-09 21.44 "LAC" "" "POR" "L" -4 0 28.85 0.374 0.308 6.9 5 6.1 0 1.9 0 10.3 29.9 79 115 1.8 -14.5
"77" "69" 1998-04-10 21.44 "LAC" "@" "UTA" "L" -17 0 30.6166666666667 0.644 0.571 10.3 7.7 8.8 0 0 0 10.5 29.4 120 142 14.2 -6.1
"78" "70" 1998-04-13 21.45 "LAC" "" "MIN" "L" -19 0 18.7333333333333 0.25 0.25 11.5 6.8 9.4 8.4 0 0 11.1 21.4 66 121 -1 -16.3
"79" "71" 1998-04-15 21.46 "LAC" "" "GSW" "L" -12 0 22.1166666666667 0.388 0.333 18.2 28 22.6 10.9 0 0 10.7 40.3 82 104 4.7 -10
"80" "" 1998-04-16 21.46 "LAC" "@" "POR" "L" -9 NA NA NA NA NA NA NA NA NA NA NA NA NA NA NA NA
"81" "" 1998-04-18 21.47 "LAC" "" "SAC" "W" 6 NA NA NA NA NA NA NA NA NA NA NA NA NA NA NA NA
"1" "1" 1999-02-05 22.27 "LAC" "" "PHO" "L" -9 0 15.3166666666667 0.338 0.375 6.4 8.4 7.3 0 3.2 0 31.1 36.1 49 100 -3.6 -23.3
"2" "2" 1999-02-07 22.27 "LAC" "" "CHI" "L" -5 1 31.9666666666667 0.504 0.462 7.5 6.4 6.9 0 0 2.3 26.5 28 83 114 3 -9.3
"3" "3" 1999-02-10 22.28 "LAC" "@" "VAN" "L" -6 1 32.9 0.676 0.625 7.7 3.5 5.5 15.7 0 0 36 19.3 95 121 4.8 -9.8
"4" "4" 1999-02-13 22.29 "LAC" "@" "PHO" "L" -3 1 37.7333333333333 0.593 0.556 3.3 11.3 7.1 11.6 0 4.5 19.2 31.2 100 110 13 -1.9
"5" "5" 1999-02-14 22.29 "LAC" "" "MIN" "L" -22 1 25.2166666666667 0.498 0.375 4.6 16.9 10.1 11 0 2.9 5 37.9 104 105 10.6 4.9
"6" "6" 1999-02-16 22.3 "LAC" "" "VAN" "L" -4 1 52.55 0.691 0.692 8.3 31.8 20.3 13.1 1.1 2.9 28.3 19.2 104 86 20 5.3
"7" "7" 1999-02-20 22.31 "LAC" "" "DAL" "L" -15 1 34.4833333333333 0.486 0.5 3.1 8.5 5.9 0 0 1.8 15 18.1 83 117 4.3 -8.6
"8" "8" 1999-02-22 22.32 "LAC" "@" "UTA" "L" -15 1 27.1333333333333 0.525 0.429 11.6 20.9 15.6 18.4 0 0 15.6 30.6 101 115 10.1 -0.8
"9" "9" 1999-02-23 22.32 "LAC" "" "GSW" "L" -5 1 38.35 0.512 0.5 6 32.5 18 5.7 1.4 0 4.3 28.8 108 100 14.8 1.5
"10" "10" 1999-02-25 22.32 "LAC" "" "LAL" "L" -15 1 28.8166666666667 0.769 0.769 4.4 9.5 6.8 0 0 2.8 13.3 24.8 129 138 14.1 0.1
"11" "" 1999-02-26 22.33 "LAC" "@" "LAL" "L" -16 NA NA NA NA NA NA NA NA NA NA NA NA NA NA NA NA
"12" "" 1999-02-27 22.33 "LAC" "" "ATL" "L" -29 NA NA NA NA NA NA NA NA NA NA NA NA NA NA NA NA
"13" "11" 1999-03-02 22.34 "LAC" "@" "DAL" "L" -13 1 39.0833333333333 0.429 0.294 24.1 15.8 20.3 16 0 0 12.5 27.4 108 134 14.1 -4.2
"14" "12" 1999-03-04 22.34 "LAC" "@" "HOU" "L" -19 1 26.2 0.788 0.75 0 10.9 4.8 26.5 0 0 18.4 20.1 129 118 11.5 4.8
"15" "13" 1999-03-06 22.35 "LAC" "@" "SAS" "L" -29 1 26.8333333333333 0.388 0.333 4 5.4 4.6 19.8 0 0 7.2 23.9 86 132 3.7 -6.2
"16" "14" 1999-03-09 22.36 "LAC" "" "LAL" "L" -4 1 34.8833333333333 0.703 0.643 0 8.1 3.4 5.8 1.5 0 10.5 24 133 115 15.7 3.5
"17" "15" 1999-03-10 22.36 "LAC" "@" "LAL" "L" -19 1 34.9166666666667 0.434 0.25 11.9 7.2 9.8 7.3 0 1.8 14.8 26.6 89 110 6.8 -5.3
"18" "16" 1999-03-11 22.36 "LAC" "" "SAC" "W" 14 1 24.8 0.388 0.333 0 11.8 6.2 6.1 0 0 15.2 34 80 104 1.1 -16
"19" "17" 1999-03-13 22.37 "LAC" "" "POR" "L" -10 1 38.85 0.407 0.389 13.1 9.3 11.3 13.4 0 0 9.8 23.9 94 117 8.1 -6
"20" "18" 1999-03-14 22.37 "LAC" "@" "SEA" "L" -19 1 28.3333333333333 0.451 0.4 9 9.8 9.4 6.1 1.9 0 0 20.5 108 120 6.5 -5.7
"21" "19" 1999-03-16 22.38 "LAC" "@" "NYK" "L" -24 1 35.2833333333333 0.504 0.308 11.4 21.1 15.5 16.8 0 0 10.1 26.8 108 130 12.3 -3.8
"22" "20" 1999-03-17 22.38 "LAC" "@" "BOS" "L" -34 1 35.5166666666667 0.509 0.5 2.5 0 1.5 6 0 1.9 12.7 20.1 97 140 6.1 -7.7
"23" "21" 1999-03-19 22.38 "LAC" "@" "TOR" "L" -11 1 33.25 0.53 0.455 7.3 3.8 5.6 0 0 0 34.7 30 72 122 0.6 -18.4
"24" "22" 1999-03-21 22.39 "LAC" "@" "MIN" "W" 15 1 35.7333333333333 0.567 0.467 0 6.1 3.1 5 0 1.8 14.5 25.3 110 101 10.1 -3.4
"25" "23" 1999-03-24 22.4 "LAC" "" "GSW" "L" -12 1 39.05 0.496 0.476 3.2 18 10.9 5.9 0 0 7.9 30.2 100 108 11.1 -1.8
"26" "24" 1999-03-26 22.4 "LAC" "@" "SEA" "L" -6 1 33 0.468 0.4 4.5 4.4 4.5 8.5 0 2.6 7.8 17.8 106 121 4.9 -5.9
"27" "25" 1999-03-27 22.41 "LAC" "" "UTA" "W" 26 1 13.2166666666667 0.711 0.75 0 0 0 0 0 0 0 29.1 144 98 6.8 5.6
"28" "26" 1999-03-29 22.41 "LAC" "@" "DEN" "L" -12 1 30.9166666666667 0.36 0.385 6.7 7.6 7.1 17 1.7 2.3 17.8 24.9 70 109 1.8 -11.1
"29" "27" 1999-03-30 22.41 "LAC" "" "HOU" "L" -9 1 35.4333333333333 0.577 0.5 4 0 2.2 16.4 0 2.8 14.2 29.4 111 130 11.9 -2.3
"30" "28" 1999-04-01 22.42 "LAC" "@" "DAL" "L" -9 1 32.4166666666667 0.309 0.3 5.8 0 3.8 15.3 0 0 8.1 18 84 127 1.7 -9.5
"31" "29" 1999-04-03 22.42 "LAC" "@" "SAS" "L" -21 1 35.2166666666667 0.578 0.526 5.8 11.8 8.4 7.5 1.6 2.3 18.8 35 100 120 13.4 1.8
"32" "" 1999-04-04 22.43 "LAC" "@" "DEN" "L" -2 NA NA NA NA NA NA NA NA NA NA NA NA NA NA NA NA
"33" "" 1999-04-06 22.43 "LAC" "" "PHO" "L" -5 NA NA NA NA NA NA NA NA NA NA NA NA NA NA NA NA
"34" "30" 1999-04-08 22.44 "LAC" "" "MIN" "W" 8 1 37.5666666666667 0.663 0.583 14 11 12.3 9 0 3.3 11.7 21.1 135 106 17.6 5.1
"35" "31" 1999-04-10 22.44 "LAC" "" "POR" "L" -27 1 21.75 0.511 0.556 5.5 20.8 13.3 50 0 7.2 8.5 23.6 104 98 8.7 8.9
"36" "32" 1999-04-11 22.45 "LAC" "@" "POR" "W" 6 1 27.5833333333333 0.589 0.5 17.1 20.4 18.8 10.5 0 0 9.3 38.1 120 100 15.6 3.6
"37" "33" 1999-04-13 22.45 "LAC" "" "NJN" "W" 8 1 41.5666666666667 0.422 0.45 17.3 17.4 17.4 6.8 1.3 1.6 8.6 25.4 100 109 11.1 -6.7
"38" "34" 1999-04-15 22.46 "LAC" "" "UTA" "L" -14 1 33.1333333333333 0.407 0.353 13.2 10.9 12.1 0 1.7 0 4.8 28.1 98 120 7.4 -4.6
"39" "35" 1999-04-16 22.46 "LAC" "@" "GSW" "W" 3 1 31.7166666666667 0.315 0.267 9 3.3 6.3 0 1.9 2.1 15.9 27.1 74 110 1.8 -14.5
"40" "36" 1999-04-18 22.47 "LAC" "" "DEN" "L" -2 1 33.8333333333333 0.549 0.5 6.6 7.1 6.8 0 0 2.4 0 35.5 122 122 17.7 2
"41" "37" 1999-04-19 22.47 "LAC" "" "SAC" "L" -4 1 34.5333333333333 0.551 0.55 6.9 3.4 5.1 5.3 1.5 0 12.1 30.4 106 114 12.8 -1.3
"42" "38" 1999-04-21 22.47 "LAC" "@" "VAN" "L" -3 1 42.8 0.474 0.458 13.6 23 17.9 0 0 1.9 10.6 30 102 119 13.7 -6.6
"43" "39" 1999-04-23 22.48 "LAC" "" "HOU" "W" 5 1 43.0833333333333 0.625 0.619 13.7 2.9 8.4 9.9 1.3 0 11.5 27.9 123 111 19.9 3.6
"44" "40" 1999-04-24 22.48 "LAC" "" "VAN" "W" 9 1 40.4333333333333 0.454 0.396 2.9 22.5 11.4 17 2.7 6.7 9.8 35.6 98 104 15.4 -2.4
"45" "41" 1999-04-26 22.49 "LAC" "" "SAS" "L" -6 1 23.1166666666667 0.244 0.154 13.9 5.6 10.2 0 2.4 0 25.9 38 50 112 -4.5 -25.1
"46" "42" 1999-04-29 22.5 "LAC" "@" "SAC" "L" -22 1 26.55 0.381 0.357 6.8 13.2 10.1 16.8 0 2.6 16 28.6 74 105 4.3 -6.3
"47" "43" 1999-05-01 22.5 "LAC" "@" "MIN" "L" -10 1 37.5166666666667 0.419 0.412 3.3 5.1 4.3 9.3 0 1.4 10.1 23.9 85 121 5.7 -7.7
"48" "44" 1999-05-02 22.5 "LAC" "@" "HOU" "L" -26 1 33.3833333333333 0.537 0.533 0 12.5 6 6.8 0 2.5 23 30.6 83 126 5.6 -7.6
"49" "45" 1999-05-04 22.51 "LAC" "@" "UTA" "L" -17 1 20.6666666666667 0.46 0.5 13.7 9.1 12.2 12.3 0 0 15.5 29.7 87 126 2.9 -10.8
"50" "46" 1999-05-05 22.51 "LAC" "" "SEA" "L" -2 1 39.0333333333333 0.521 0.471 2.6 22.7 11.4 0 1.2 0 5 21.8 106 108 11.7 -6.6
"1" "1" 1999-11-02 23.01 "LAC" "" "SEA" "L" -12 1 26.0166666666667 0.538 0.538 4 7.1 5.7 16.7 2 5.1 7.1 24.2 111 109 9.4 2.4
"2" "2" 1999-11-03 23.01 "LAC" "@" "POR" "L" -23 1 39.8666666666667 0.519 0.474 2.8 22.2 10.3 14.3 1.3 0 15.9 29 95 132 12 -4.3
"3" "3" 1999-11-05 23.02 "LAC" "" "PHI" "W" 10 1 32.6166666666667 0.441 0.4 3.8 22.6 15.2 6.8 0 5.3 30.6 29.8 67 78 3.1 -9.9
"4" "4" 1999-11-08 23.02 "LAC" "" "UTA" "L" -15 1 42.0833333333333 0.489 0.4 2.4 13.9 7.1 7.2 0 0 11.3 29.6 92 106 9.4 -3.2
"5" "5" 1999-11-10 23.03 "LAC" "" "SAS" "L" -5 1 23.5 0.575 0.538 0 21.3 11.8 0 2.1 5.3 11.3 34.1 103 98 11.2 2.8
"6" "6" 1999-11-14 23.04 "LAC" "@" "VAN" "L" -20 1 11.3833333333333 0.512 0.5 0 12.8 5.6 18 0 6.4 17 22.8 94 116 3.3 -0.2
"7" "" 1999-11-16 23.05 "LAC" "@" "MIL" "L" -8 NA NA NA NA NA NA NA NA NA NA NA NA NA NA NA NA
"8" "" 1999-11-17 23.05 "LAC" "@" "MIN" "W" 4 NA NA NA NA NA NA NA NA NA NA NA NA NA NA NA NA
"9" "" 1999-11-19 23.05 "LAC" "@" "TOR" "L" -6 NA NA NA NA NA NA NA NA NA NA NA NA NA NA NA NA
"10" "" 1999-11-20 23.06 "LAC" "@" "WAS" "W" 9 NA NA NA NA NA NA NA NA NA NA NA NA NA NA NA NA
"11" "" 1999-11-23 23.07 "LAC" "" "NYK" "W" 5 NA NA NA NA NA NA NA NA NA NA NA NA NA NA NA NA
"12" "" 1999-11-26 23.07 "LAC" "@" "SEA" "L" -5 NA NA NA NA NA NA NA NA NA NA NA NA NA NA NA NA
"13" "" 1999-11-27 23.08 "LAC" "" "POR" "L" -17 NA NA NA NA NA NA NA NA NA NA NA NA NA NA NA NA
"14" "7" 1999-11-30 23.08 "LAC" "" "PHO" "L" -14 1 36.0166666666667 0.504 0.5 5.6 17 11.2 0 1.4 1.7 25.2 24.1 76 97 6.3 -4.3
"15" "8" 1999-12-02 23.09 "LAC" "" "HOU" "L" -13 1 37.0166666666667 0.436 0.389 0 22.1 11.5 0 0 0 19.5 30 76 114 2.9 -12.9
"16" "9" 1999-12-04 23.1 "LAC" "" "SEA" "L" -13 1 38.1333333333333 0.463 0.353 5.5 14.9 9.5 10.3 1.4 2 8.9 25.9 104 114 11.6 -0.5
"17" "10" 1999-12-06 23.1 "LAC" "" "MIA" "L" -8 1 36.3166666666667 0.461 0.444 8 21.1 13.6 14.1 1.4 0 30.3 31.4 72 103 5.4 -8.7
"18" "11" 1999-12-08 23.11 "LAC" "@" "ATL" "L" -18 1 40.6333333333333 0.545 0.5 4.5 14.3 8.8 0 1.3 0 4.7 23.1 111 112 13.5 -2
"19" "12" 1999-12-10 23.11 "LAC" "@" "DET" "L" -24 1 42.15 0.412 0.429 7.5 10.6 9 12.6 2.4 0 16 20.1 80 113 8.4 -4.8
"20" "13" 1999-12-11 23.12 "LAC" "@" "IND" "L" -18 1 35.5833333333333 0.504 0.533 3.2 20.9 12.3 15.8 0 0 15.9 24.1 90 112 7.8 -4.7
"21" "14" 1999-12-13 23.12 "LAC" "" "VAN" "W" 12 1 42.6166666666667 0.623 0.6 0 24.1 11.4 11.7 0 1.8 4.6 24.6 127 104 19.8 1.5
"22" "15" 1999-12-14 23.12 "LAC" "@" "LAL" "L" -27 1 20.7166666666667 0.143 0.143 0 9 4.5 0 4.9 0 22.2 19.5 23 97 -4.3 -18.3
"23" "16" 1999-12-17 23.13 "LAC" "" "GSW" "W" 1 1 25.75 0.46 0.5 3.9 16.1 9.9 7.5 0 2.3 26.9 24.6 69 98 1.1 -12.8
"24" "17" 1999-12-19 23.14 "LAC" "@" "VAN" "L" -1 1 40.5 0.61 0.5 0 10.6 5.8 9.4 2.7 5.7 15.5 23.7 107 95 15.3 2.2
"25" "" 1999-12-22 23.15 "LAC" "@" "GSW" "W" 4 NA NA NA NA NA NA NA NA NA NA NA NA NA NA NA NA
"26" "18" 1999-12-23 23.15 "LAC" "" "SAC" "W" 6 0 29.2333333333333 0.457 0.429 7.1 25.1 16.7 11.7 3.1 2.3 20.7 27 80 81 8.1 -2.5
"27" "19" 1999-12-26 23.16 "LAC" "" "BOS" "W" 3 1 48 0.547 0.545 7 10.8 8.8 3.4 0 0 14.4 25.6 98 112 13 -7.2
"28" "20" 1999-12-28 23.16 "LAC" "@" "DEN" "L" -23 1 41.5166666666667 0.631 0.591 2.4 14.3 7.9 12.6 1.2 5.1 11.2 27.5 118 128 22.6 2.7
"29" "21" 1999-12-30 23.17 "LAC" "@" "HOU" "L" -22 1 39.8666666666667 0.618 0.591 0 8.4 4.2 0 0 0 3.8 28.4 117 129 18.7 -3.3
"30" "22" 2000-01-04 23.18 "LAC" "" "LAL" "L" -24 1 31.6333333333333 0.385 0.316 10.7 5.8 8.4 4.9 0 0 4.6 28 93 126 6.2 -8.1
"31" "23" 2000-01-05 23.18 "LAC" "@" "LAL" "L" -17 1 42.0333333333333 0.533 0.5 4.7 19.4 12.3 4 0 1.3 8.8 23.7 103 118 14.5 -2.8
"32" "24" 2000-01-08 23.19 "LAC" "" "IND" "W" 13 1 38.1 0.528 0.5 9.2 13.7 11.3 8.6 0 0 0 24.4 125 105 15.7 1.2
"33" "25" 2000-01-10 23.2 "LAC" "@" "CLE" "L" -5 1 35.65 0.214 0.214 0 22.2 10.4 8.9 0 5.3 22.2 21.7 39 103 -3.3 -13.4
"34" "26" 2000-01-12 23.2 "LAC" "@" "BOS" "L" -7 1 43.4166666666667 0.53 0.526 5.7 20.7 14.4 8.6 0 1.4 16.2 26.6 97 103 13.2 -1.9
"35" "27" 2000-01-13 23.21 "LAC" "@" "NJN" "L" -5 1 43.9333333333333 0.571 0.536 0 8.2 4.3 9 0 2.9 11.3 19.5 108 127 11.8 -3.5
"36" "28" 2000-01-15 23.21 "LAC" "@" "UTA" "L" -37 1 26 0.333 0.333 3.7 13.2 8 15.6 0 0 0 21.8 75 121 2.2 -9.4
"37" "29" 2000-01-17 23.22 "LAC" "" "SAS" "L" -6 1 40.2833333333333 0.583 0.556 2.7 34.7 17.3 9.2 2.5 0 20.9 27 94 100 13.8 0.1
"38" "30" 2000-01-18 23.22 "LAC" "@" "SAC" "L" -6 1 42.65 0.478 0.478 2.1 8.9 5.5 0 0 0 8 23.3 97 108 9.4 -4.3
"39" "31" 2000-01-21 23.23 "LAC" "" "MIN" "L" -6 1 46.3333333333333 0.412 0.412 5.1 19.9 12.6 6.6 2.2 1.3 15 19.6 83 98 7.8 -3.1
"40" "32" 2000-01-23 23.23 "LAC" "" "ORL" "L" -13 1 43.6166666666667 0.539 0.467 7.8 19.3 14.1 19.2 0 0 14.5 21.2 105 107 14.2 -0.2
"41" "33" 2000-01-25 23.24 "LAC" "@" "SAS" "L" -23 1 39 0.238 0.222 2.6 14.3 8.2 12.3 1.3 3.5 5 24.1 55 111 2.1 -8.4
"42" "34" 2000-01-27 23.24 "LAC" "@" "DAL" "L" -9 1 32.3 0.588 0.545 0 14.6 7.1 6.8 0 4.1 23.9 22.9 91 106 6.6 -5.5
"43" "35" 2000-01-29 23.25 "LAC" "" "NJN" "W" 5 1 42.7666666666667 0.589 0.5 3.5 16.3 11.2 0 0 3.2 23.5 26.3 95 102 11.6 -4.9
"44" "36" 2000-02-01 23.26 "LAC" "" "GSW" "L" -31 1 34.3833333333333 0.444 0.444 6.4 7.4 6.9 16.9 0 3.8 5.3 25.6 97 125 9.6 -0.8
"45" "37" 2000-02-02 23.26 "LAC" "@" "PHO" "L" -46 1 29.0333333333333 0.231 0.231 3.4 37.8 17.7 0 0 0 23.5 26.2 37 120 -3.2 -17.4
"46" "38" 2000-02-05 23.27 "LAC" "" "DAL" "L" -13 1 25.8166666666667 0.504 0.5 14.2 9.7 12.3 13.6 1.8 0 15.1 30.4 99 119 9 -4.9
"47" "39" 2000-02-06 23.27 "LAC" "" "CHI" "L" -10 1 40.6666666666667 0.566 0.579 7.1 13 9.8 0 5.6 2 4.7 25.5 116 115 18.5 2.9
"48" "40" 2000-02-09 23.28 "LAC" "@" "POR" "L" -7 1 40.4 0.578 0.579 3.2 15.5 8.8 4.2 5.7 0 16.8 28.8 100 119 15.5 -1
"49" "" 2000-02-10 23.28 "LAC" "" "VAN" "L" -22 NA NA NA NA NA NA NA NA NA NA NA NA NA NA NA NA
"50" "41" 2000-02-15 23.3 "LAC" "@" "MIA" "L" -19 1 24.2 0.4 0.4 3.6 22.2 12 0 2.1 0 6.3 28.7 79 106 4.5 -7.2
"51" "42" 2000-02-16 23.3 "LAC" "@" "ORL" "L" -33 1 30.9833333333333 0.548 0.5 0 11.9 4.8 11.6 3.1 0 5.5 24 117 129 14.3 0.8
"52" "43" 2000-02-18 23.3 "LAC" "@" "CHH" "L" -28 0 34.0833333333333 0.506 0.45 2.9 12.1 6.7 0 3.2 0 0 30 107 126 14.8 1.3
"53" "44" 2000-02-19 23.31 "LAC" "@" "CHI" "L" -2 1 26.7666666666667 0.466 0.417 8.1 15.6 12.3 16.8 0 0 23.7 30.1 83 89 4.3 -7.4
"54" "45" 2000-02-21 23.31 "LAC" "@" "NYK" "L" -11 1 37.5833333333333 0.441 0.467 3.4 19.9 11.8 6.6 0 0 15.9 24.6 76 103 4.5 -7.1
"55" "46" 2000-02-23 23.32 "LAC" "@" "PHI" "L" -16 1 41.0166666666667 0.453 0.421 2.5 7.8 5.1 10.8 1.3 0 16.8 27.1 79 104 7.1 -4.9
"56" "47" 2000-02-24 23.32 "LAC" "@" "MIN" "L" -25 1 40.6166666666667 0.647 0.647 0 12.7 6.5 5.8 2.7 1.5 5.6 22.2 116 129 17.3 0.5
"57" "48" 2000-02-26 23.33 "LAC" "" "ATL" "W" 1 1 40.5333333333333 0.313 0.313 2.3 7.6 4.9 9 1.3 1.5 5.9 19.2 71 95 4.1 -7.5
"58" "49" 2000-02-28 23.33 "LAC" "" "HOU" "L" -19 1 29.6166666666667 0.305 0.235 2.6 6.5 4.3 8.2 1.7 0 13.3 29.9 66 109 0.1 -11.7
"59" "50" 2000-03-04 23.35 "LAC" "" "CLE" "L" -10 1 27.4166666666667 0.523 0.5 12.1 23.4 17.3 15.2 0 0 7.4 21.7 116 117 9.4 -2.6
"60" "51" 2000-03-06 23.35 "LAC" "" "LAL" "L" -20 1 45.5666666666667 0.526 0.545 10.1 14.4 11.9 0 3.3 1.4 4 22.6 116 124 18.9 1.5
"61" "52" 2000-03-08 23.36 "LAC" "" "TOR" "L" -1 1 43.4333333333333 0.635 0.571 6.4 8.6 7.5 18.6 1.3 0 20.2 21.4 113 113 13.5 -1.5
"62" "" 2000-03-10 23.36 "LAC" "" "CHH" "L" -17 NA NA NA NA NA NA NA NA NA NA NA NA NA NA NA NA
"63" "53" 2000-03-12 23.37 "LAC" "@" "GSW" "W" 9 1 37.6 0.567 0.6 2.8 8.6 5.7 17.7 0 3.4 5.6 20.8 126 124 14.8 0.1
"64" "54" 2000-03-14 23.37 "LAC" "" "DEN" "W" 4 1 41.35 0.444 0.357 7.1 12.1 9.4 10.3 1.3 1.9 11.3 20.2 97 115 8.3 -7.4
"65" "55" 2000-03-15 23.38 "LAC" "@" "SAC" "L" -20 1 35.7333333333333 0.265 0.263 9.7 12.1 10.8 0 2.8 1.9 8.8 25.8 63 102 2.8 -7.3
"66" "56" 2000-03-17 23.38 "LAC" "@" "DEN" "L" -27 1 29.35 0.573 0.529 5.5 10.6 7.7 37.4 0 4.9 5.2 25.6 121 115 17.3 10.1
"67" "57" 2000-03-18 23.38 "LAC" "" "SAC" "L" -21 1 41.6833333333333 0.396 0.385 3 20.8 12.5 12.1 1.2 0 30.2 20.6 65 109 2.5 -8.1
"68" "58" 2000-03-20 23.39 "LAC" "" "WAS" "L" -12 1 31.0833333333333 0.593 0.6 10.1 26.9 18.5 13.6 0 4.1 32.2 26.9 87 111 8.9 -6.1
"69" "" 2000-03-22 23.39 "LAC" "@" "SAS" "L" -25 NA NA NA NA NA NA NA NA NA NA NA NA NA NA NA NA
"70" "" 2000-03-23 23.4 "LAC" "@" "HOU" "L" -15 NA NA NA NA NA NA NA NA NA NA NA NA NA NA NA NA
"71" "" 2000-03-25 23.4 "LAC" "" "DET" "L" -19 NA NA NA NA NA NA NA NA NA NA NA NA NA NA NA NA
"72" "" 2000-03-28 23.41 "LAC" "" "DAL" "L" -10 NA NA NA NA NA NA NA NA NA NA NA NA NA NA NA NA
"73" "" 2000-03-30 23.42 "LAC" "" "MIL" "L" -19 NA NA NA NA NA NA NA NA NA NA NA NA NA NA NA NA
"74" "59" 2000-04-04 23.43 "LAC" "" "UTA" "L" -10 1 38.0833333333333 0.538 0.5 6.3 23.9 14.8 0 1.4 2 11.8 21 105 114 10.6 -2.8
"75" "60" 2000-04-06 23.44 "LAC" "" "MIN" "L" -22 1 28.3833333333333 0.661 0.615 15.6 12 13.5 0 2.1 0 10.3 36.1 125 132 16.7 1.6
"76" "61" 2000-04-08 23.44 "LAC" "@" "DAL" "L" -2 1 44.9833333333333 0.551 0.5 11.9 20.5 16.5 16.2 0 0 18.7 25.7 110 108 17.5 -0.7
"77" "62" 2000-04-11 23.45 "LAC" "" "PHO" "L" -7 1 29.0333333333333 0.333 0.333 0 4 1.9 0 1.8 0 7.7 20.2 64 105 0.3 -11
"78" "" 2000-04-12 23.45 "LAC" "@" "UTA" "L" -9 NA NA NA NA NA NA NA NA NA NA NA NA NA NA NA NA
"79" "" 2000-04-14 23.46 "LAC" "@" "PHO" "L" -24 NA NA NA NA NA NA NA NA NA NA NA NA NA NA NA NA
"80" "" 2000-04-15 23.46 "LAC" "" "DEN" "L" -1 NA NA NA NA NA NA NA NA NA NA NA NA NA NA NA NA
"81" "" 2000-04-18 23.47 "LAC" "" "POR" "L" -16 NA NA NA NA NA NA NA NA NA NA NA NA NA NA NA NA
"82" "" 2000-04-19 23.47 "LAC" "@" "SEA" "W" 8 NA NA NA NA NA NA NA NA NA NA NA NA NA NA NA NA
"1" "1" 2000-10-31 24 "HOU" "" "MIN" "L" -8 1 36.8333333333333 0.781 0.8 3.1 9.7 6.3 5.5 0 1.7 26.9 17.6 107 117 10.2 -2
"2" "2" 2000-11-02 24.01 "HOU" "" "MIL" "W" 22 1 25.2666666666667 0.444 0.444 0 5.1 2.6 0 0 2.9 18.2 20.5 72 109 0.7 -11.1
"3" "3" 2000-11-04 24.01 "HOU" "@" "LAC" "L" -3 1 30.9833333333333 0.295 0.273 0 25.1 10.9 0 1.7 5.7 7.8 19.4 58 82 1.7 -6.8
"4" "4" 2000-11-05 24.02 "HOU" "@" "PHO" "L" -5 1 23.6166666666667 0.405 0.333 0 17.1 8 7.4 2.3 0 23.3 24.5 73 119 0.5 -14.5
"5" "5" 2000-11-07 24.02 "HOU" "" "LAL" "W" 10 1 27.9166666666667 0.556 0.556 4.5 31.6 18 0 2 0 25 20.5 82 84 5.3 -1.8
"6" "6" 2000-11-09 24.03 "HOU" "" "VAN" "W" 7 1 33.7833333333333 0.573 0.529 8.1 0 4.2 38.6 0 2.4 17.9 32 105 98 13.9 4
"7" "7" 2000-11-11 24.03 "HOU" "@" "POR" "L" -23 1 27.5833333333333 0.455 0.455 0 7.5 2.7 0 0 0 8.3 21.2 80 126 2 -11.1
"8" "8" 2000-11-12 24.04 "HOU" "@" "LAL" "L" -6 1 12.1833333333333 0.68 0.6 0 30 14.6 0 0 0 33.8 33.8 86 110 1.6 -13.1
"9" "9" 2000-11-14 24.04 "HOU" "" "CHI" "W" 27 1 30.6 0.505 0.455 0 19.2 11.9 5.2 0 2 7.8 20.6 107 94 8.1 -4.7
"10" "10" 2000-11-16 24.05 "HOU" "" "CHH" "W" 4 1 35.15 0.571 0.571 0 6 3.5 11.4 1.7 3.8 6.3 24.4 110 101 13.4 5.1
"11" "11" 2000-11-18 24.05 "HOU" "" "PHO" "W" 5 1 23.2333333333333 0.444 0.444 5.4 14.2 10.1 0 0 0 18.2 21.1 81 103 0.9 -9.5
"12" "12" 2000-11-21 24.06 "HOU" "@" "IND" "W" 12 1 27.9166666666667 0.441 0.4 9.3 13.2 11.3 0 0 2.9 5.9 30.6 95 110 7.1 -10.1
"13" "13" 2000-11-22 24.06 "HOU" "@" "BOS" "L" -15 1 27.75 0.152 0.111 2.9 25.7 12 13 0 2.5 9.2 16.3 43 101 -0.5 -10.1
"14" "14" 2000-11-25 24.07 "HOU" "@" "MIA" "W" 11 1 26.7666666666667 0.68 0.6 5.6 12.7 9.6 13.3 0 0 14.5 13.9 133 107 6.9 2.4
"15" "15" 2000-11-28 24.08 "HOU" "" "SAC" "L" -7 1 24.1833333333333 0.222 0.222 4.9 8.9 7 16 0 0 30.8 24.8 45 105 -3.2 -13.8
"16" "16" 2000-11-30 24.08 "HOU" "@" "DEN" "W" 4 1 15.5666666666667 0.508 0.571 14.7 7 10.8 12.4 0 0 0 22.4 114 113 3.9 -5.2
"17" "17" 2000-12-02 24.09 "HOU" "" "POR" "L" -11 1 24.25 0.47 0.455 17.1 5.6 11.3 8.3 0 0 0 27.4 113 123 8.6 -1.8
"18" "" 2000-12-05 24.1 "HOU" "" "DAL" "W" 7 NA NA NA NA NA NA NA NA NA NA NA NA NA NA NA NA
"19" "18" 2000-12-08 24.11 "HOU" "@" "SAC" "L" -13 1 21.2 0.333 0.333 0 17.1 8.5 15.5 0 0 25 17.1 60 124 -0.7 -14
"20" "19" 2000-12-09 24.11 "HOU" "@" "SEA" "W" 7 1 32.6833333333333 0.59 0.538 3.5 24.9 13.4 0 0 0 10.5 25.8 108 113 12.2 -3
"21" "20" 2000-12-11 24.12 "HOU" "@" "VAN" "W" 7 1 23.0166666666667 0.063 0 10.2 8.7 9.4 0 0 3.1 27.6 22.4 21 92 -5.4 -21.5
"22" "21" 2000-12-14 24.12 "HOU" "@" "GSW" "W" 3 1 35.5166666666667 0.604 0.625 19.6 10 13.7 6.4 1.5 0 18 28.8 103 105 14.8 -1.7
"23" "22" 2000-12-16 24.13 "HOU" "" "DEN" "L" -2 1 27.1166666666667 0.504 0.467 3.6 16.5 9.7 20.1 0 0 5.9 26.3 117 116 10.1 1
"24" "23" 2000-12-19 24.14 "HOU" "" "SAS" "L" -7 1 24.6166666666667 0.5 0.5 4.2 21.3 12.7 0 0 0 12.5 30 90 98 5.6 -2.5
"25" "24" 2000-12-21 24.14 "HOU" "" "LAL" "L" -5 1 39.35 0.638 0.643 6.5 25.2 16 14.2 0 1.9 11.8 20.4 125 114 15 3.5
"26" "25" 2000-12-23 24.15 "HOU" "" "GSW" "L" -8 1 34.8833333333333 0.5 0.5 18.3 19.6 18.9 10.5 1.5 2 5.9 21.9 113 100 14.9 3
"27" "26" 2000-12-26 24.16 "HOU" "@" "SAS" "L" -8 1 32.7833333333333 0.466 0.5 6.1 17.3 11.3 5 0 2.2 7.2 18.1 100 118 7.3 -1.4
"28" "27" 2000-12-27 24.16 "HOU" "" "SEA" "L" -15 1 29.8666666666667 0.72 0.692 10.2 27.8 18.9 12 1.7 2.1 12.6 23.3 133 108 18.9 12
"29" "28" 2000-12-30 24.17 "HOU" "@" "DAL" "W" 15 1 23.8333333333333 0.6 0.6 18.6 17 17.8 7.4 0 0 28.6 25.3 93 105 5.7 -8
"30" "29" 2001-01-01 24.17 "HOU" "@" "MIN" "L" -10 1 30.5333333333333 0.551 0.5 3.4 20.9 11.2 6.7 0 0 8.4 17.6 109 119 7.3 -3.1
"31" "30" 2001-01-02 24.18 "HOU" "@" "CLE" "W" 5 1 24.4666666666667 0.5 0.5 11.8 3.6 7.5 6.8 2.2 2.3 0 19 118 110 8.2 -0.4
"32" "31" 2001-01-04 24.18 "HOU" "" "DET" "W" 10 1 34.6666666666667 0.735 0.7 7.6 22.3 15.6 9.3 1.5 3.9 0 13.8 165 101 17.9 9.1
"33" "32" 2001-01-06 24.19 "HOU" "" "UTA" "L" -2 1 29.5 0.545 0.545 17 40.4 29 0 1.9 2.3 15.4 21.1 105 101 10.2 0.6
"34" "33" 2001-01-09 24.19 "HOU" "@" "TOR" "W" 19 1 28.1333333333333 0.5 0.5 5 7.5 6.4 14.9 0 0 0 17.8 124 116 8 -2
"35" "34" 2001-01-11 24.2 "HOU" "@" "NYK" "W" 1 1 24.15 0.521 0.5 5 16.3 11.2 9.5 0 0 0 12.3 117 90 4.6 0.9
"36" "35" 2001-01-13 24.21 "HOU" "" "SAC" "L" -3 1 40.9333333333333 0.418 0.333 2.7 14.6 9 13.4 0 1.5 23 23.9 74 95 4.6 -5.3
"37" "36" 2001-01-15 24.21 "HOU" "@" "UTA" "L" -12 1 37.1833333333333 0.582 0.583 6.8 11.9 9.5 11 0 0 7.2 18.7 119 121 9.6 -1.4
"38" "37" 2001-01-16 24.21 "HOU" "" "TOR" "W" 15 1 30.1333333333333 0.767 0.769 4.4 26 16.2 6.4 0 0 20.4 30.5 117 108 16 2.2
"39" "38" 2001-01-18 24.22 "HOU" "@" "GSW" "W" 8 1 6.26666666666667 0 0 0 17 9.6 0 8.5 0 0 7.8 0 94 0.6 -2.7
"40" "" 2001-01-19 24.22 "HOU" "@" "LAL" "L" -13 NA NA NA NA NA NA NA NA NA NA NA NA NA NA NA NA
"41" "39" 2001-01-23 24.23 "HOU" "@" "DEN" "L" -5 1 37.5333333333333 0.528 0.526 10.8 9 9.9 18.5 1.4 0 20.1 29.3 98 119 12.6 -2.1
"42" "40" 2001-01-24 24.24 "HOU" "" "PHI" "L" -1 1 38.95 0.238 0.222 9.2 13.1 11 4.8 0 3.9 17.5 25.5 51 86 -2 -10.7
"43" "41" 2001-01-26 24.24 "HOU" "" "VAN" "W" 17 1 23.75 0.857 0.857 4.4 9.3 6.8 13.3 2.2 5.4 0 12.9 179 95 14.6 15.1
"44" "42" 2001-01-27 24.24 "HOU" "@" "CHH" "W" 13 1 33.2833333333333 0.75 0.75 10.4 14.1 12.3 4.9 0 0 14.3 21.9 127 119 12.6 -2.7
"45" "43" 2001-01-30 24.25 "HOU" "" "MIA" "L" -18 1 18.9333333333333 0.354 0.333 10.5 18.9 14.4 37.1 0 3.5 9.2 25.4 88 113 4 -0.9
"46" "44" 2001-02-01 24.26 "HOU" "" "LAC" "L" -17 1 26.1333333333333 0.576 0.538 10 17.6 14 0 0 0 12.6 32.1 106 124 8.7 -4.3
"47" "45" 2001-02-03 24.26 "HOU" "@" "SAS" "L" -2 1 36.05 0.442 0.417 4.9 23.3 12.8 9.4 1.5 0 0 15 113 103 8.9 1.6
"48" "46" 2001-02-05 24.27 "HOU" "" "NYK" "W" 14 1 32.6833333333333 0.425 0.3 3.9 22.7 12.6 12.6 3.4 0 14.5 19.6 97 98 6.9 -1.6
"49" "47" 2001-02-07 24.27 "HOU" "@" "PHI" "W" 25 1 22.3666666666667 0.359 0.25 9.5 10.9 10.1 0 2.4 0 0 19.7 99 99 4.4 -6.3
"50" "48" 2001-02-08 24.28 "HOU" "@" "DET" "W" 13 1 36.3166666666667 0.522 0.444 0 5.2 3.1 15.2 0 0 0 30.1 109 105 14.1 -2.8
"51" "49" 2001-02-13 24.29 "HOU" "" "WAS" "W" 10 1 27.4333333333333 0.581 0.5 9.9 10.1 10 14 1.9 0 6.8 24.7 124 97 11.7 1.6
"52" "50" 2001-02-16 24.3 "HOU" "@" "ORL" "L" -15 1 23.2833333333333 0.333 0.333 0 28.2 12.7 8.1 0 2.9 33.3 32.6 48 111 -2.7 -17.4
"53" "51" 2001-02-17 24.3 "HOU" "" "CLE" "W" 12 1 16.6333333333333 0.4 0.4 6.9 7.2 7.1 13.6 0 4 16.7 32.2 80 98 1.4 -11.5
"54" "52" 2001-02-20 24.31 "HOU" "" "BOS" "W" 17 1 28.65 0.643 0.647 3.8 26.8 14.3 7.6 3.5 7.2 0 25.9 136 83 20.9 15.3
"55" "53" 2001-02-21 24.31 "HOU" "@" "MIN" "W" 6 1 28.7166666666667 0.653 0.615 4.4 21.5 14.4 8.4 0 4 5.9 28 123 88 17 9.6
"56" "54" 2001-02-23 24.32 "HOU" "" "ORL" "W" 10 1 48 0.639 0.55 6.3 8.2 7.4 19.2 2.2 3.3 10.1 27.2 133 103 29.3 10
"57" "55" 2001-02-26 24.33 "HOU" "" "POR" "L" -6 1 30.5333333333333 0.403 0.429 7.6 8.4 7.9 6.3 0 0 16.8 27.3 74 109 2.3 -9.1
"58" "56" 2001-02-28 24.33 "HOU" "@" "CHI" "W" 17 1 8.96666666666667 0 0 0 10.5 6.1 0 0 0 0 10.7 0 92 -1.5 -17
"59" "57" 2001-03-01 24.33 "HOU" "@" "MIL" "W" 17 1 32.6333333333333 0.47 0.429 7.9 10.9 9.4 21.2 3.3 0 6.3 22.2 112 100 12.6 4.9
"60" "58" 2001-03-03 24.34 "HOU" "@" "DAL" "L" -5 1 31.5333333333333 0.476 0.429 3.3 14.6 8.6 16.1 1.6 0 11.3 24.8 97 107 9.8 0
"61" "" 2001-03-07 24.35 "HOU" "@" "ATL" "W" 6 NA NA NA NA NA NA NA NA NA NA NA NA NA NA NA NA
"62" "59" 2001-03-08 24.35 "HOU" "" "LAC" "W" 12 1 27.2333333333333 0.626 0.6 12.4 22.2 17.6 9.4 0 0 19.3 35.6 106 99 13.5 2.1
"63" "60" 2001-03-10 24.36 "HOU" "" "GSW" "W" 5 1 21.6333333333333 0.253 0.222 10.6 21.3 16 15.2 0 0 16.8 24.5 63 93 0.3 -12.3
"64" "61" 2001-03-11 24.36 "HOU" "@" "PHO" "L" -2 1 27.3333333333333 0.678 0.615 14.4 15.1 14.8 9.5 0 0 11.9 29.1 131 105 14.5 6.2
"65" "62" 2001-03-13 24.37 "HOU" "" "IND" "W" 9 1 50.95 0.568 0.545 2.6 22.8 14.3 4 0 1.4 7.8 23.7 109 97 17.7 2.1
"66" "63" 2001-03-15 24.37 "HOU" "" "NJN" "W" 2 1 41.6333333333333 0.578 0.526 4.2 6.5 5.5 15 1.3 0 8.5 28 112 118 17.2 -1.7
"67" "64" 2001-03-17 24.38 "HOU" "" "SAS" "W" 4 1 30.2 0.508 0.462 11.4 4.3 8.1 6.1 0 4.4 11.9 26.6 103 114 8.8 -4.6
"68" "65" 2001-03-20 24.39 "HOU" "@" "SAC" "L" -16 1 21.5 0.5 0.5 0 26.2 11.3 12.7 2.2 3.5 20 20 86 124 4.8 -4
"69" "66" 2001-03-22 24.39 "HOU" "@" "LAC" "L" -5 1 35.15 0.36 0.308 13.4 7.2 10.8 4.6 1.6 0 0 18.6 100 115 7.1 -6.1
"70" "67" 2001-03-24 24.4 "HOU" "@" "SEA" "L" -3 1 31.1333333333333 0.583 0.583 4.8 14.4 10.3 12.8 0 2.1 14.3 22.8 107 117 9.2 -2
"71" "68" 2001-03-27 24.41 "HOU" "" "UTA" "W" 23 1 12 0.694 0.5 0 17.8 11.3 12.5 0 0 0 12.3 153 102 3.9 1.7
"72" "" 2001-03-29 24.41 "HOU" "" "PHO" "L" -5 NA NA NA NA NA NA NA NA NA NA NA NA NA NA NA NA
"73" "" 2001-03-31 24.42 "HOU" "@" "WAS" "W" 10 NA NA NA NA NA NA NA NA NA NA NA NA NA NA NA NA
"74" "" 2001-04-01 24.42 "HOU" "@" "NJN" "L" -3 NA NA NA NA NA NA NA NA NA NA NA NA NA NA NA NA
"75" "69" 2001-04-03 24.42 "HOU" "" "DAL" "L" -12 1 24.0166666666667 0.522 0.5 0 19.5 8.8 20 0 0 16.4 32.4 93 117 7 -2.2
"1" "" 2002-10-30 26 "HOU" "@" "IND" "L" -9 NA NA NA NA NA NA NA NA NA NA NA NA NA NA NA NA
"2" "" 2002-11-01 26.01 "HOU" "@" "DEN" "W" 9 NA NA NA NA NA NA NA NA NA NA NA NA NA NA NA NA
"3" "" 2002-11-02 26.01 "HOU" "" "TOR" "W" 12 NA NA NA NA NA NA NA NA NA NA NA NA NA NA NA NA
"4" "" 2002-11-05 26.02 "HOU" "" "SEA" "L" -7 NA NA NA NA NA NA NA NA NA NA NA NA NA NA NA NA
"5" "" 2002-11-09 26.03 "HOU" "" "GSW" "W" 7 NA NA NA NA NA NA NA NA NA NA NA NA NA NA NA NA
"6" "1" 2002-11-12 26.04 "HOU" "" "POR" "W" 3 0 13.4333333333333 0.167 0.167 0 0 0 0 4.6 0 0 22.8 41 105 -1.6 -17.4
"7" "2" 2002-11-15 26.04 "HOU" "@" "PHO" "L" -1 0 17.8666666666667 0.538 0.538 0 15.2 7.3 16.3 0 0 7.1 37.1 103 108 7.2 -0.3
"8" "3" 2002-11-17 26.05 "HOU" "@" "LAL" "W" 4 0 23.4 0.581 0.556 0 4.3 2.4 8.9 0 2.8 0 20.5 125 104 8.2 4
"9" "4" 2002-11-19 26.05 "HOU" "" "CLE" "W" 17 0 28.9 0.461 0.375 0 27.6 15.4 20 0 4.7 0 16.4 124 91 9.7 6.3
"10" "5" 2002-11-21 26.06 "HOU" "@" "DAL" "L" -13 0 22.4666666666667 0.2 0.2 4.6 13.3 9.1 7.2 2.2 0 9.1 21.7 49 110 -0.7 -12.5
"11" "6" 2002-11-22 26.06 "HOU" "" "WAS" "W" 7 0 13.2666666666667 0.436 0.333 21.1 25.8 23.7 0 4.6 0 22.5 35.8 83 98 3.1 -12
"12" "7" 2002-11-24 26.07 "HOU" "@" "LAC" "L" -1 0 22.25 0.41 0.333 0 12.5 5.9 0 0 3.8 29.1 21 60 99 0.1 -11.2
"13" "8" 2002-11-26 26.07 "HOU" "@" "POR" "L" -6 0 17.9166666666667 0.45 0.375 0 6.3 3.1 28.1 0 0 10.1 26.2 88 98 3.9 -0.9
"14" "9" 2002-11-27 26.08 "HOU" "@" "GSW" "W" 7 0 12.5666666666667 0.286 0.286 8.8 6.1 7.2 13.9 4.2 0 36.4 38.3 47 94 -2.2 -21.9
"15" "10" 2002-11-29 26.08 "HOU" "@" "SEA" "W" 11 0 3.58333333333333 0.5 0.5 0 0 0 0 0 0 33.3 38.8 58 96 0 -17.8
"16" "11" 2002-12-01 26.09 "HOU" "@" "SAC" "L" -19 0 20.8333333333333 0.491 0.444 6.5 16.3 11.9 0 0 0 8.2 28.4 97 118 6.1 -5.8
"17" "12" 2002-12-03 26.09 "HOU" "" "SAS" "W" 14 1 11.95 0 0 0 8.3 4.5 0 0 0 50 23.8 0 99 -5.6 -31.5
"18" "13" 2002-12-06 26.1 "HOU" "@" "NOH" "L" -2 1 14.0166666666667 0 0 7 43 23.2 10 0 0 16.7 18.3 18 95 -1.6 -13.4
"19" "" 2002-12-07 26.1 "HOU" "" "PHI" "W" 25 NA NA NA NA NA NA NA NA NA NA NA NA NA NA NA NA
"20" "" 2002-12-10 26.11 "HOU" "" "SAC" "W" 7 NA NA NA NA NA NA NA NA NA NA NA NA NA NA NA NA
"21" "" 2002-12-13 26.12 "HOU" "@" "MEM" "L" -5 NA NA NA NA NA NA NA NA NA NA NA NA NA NA NA NA
"22" "" 2002-12-14 26.12 "HOU" "" "LAC" "L" -11 NA NA NA NA NA NA NA NA NA NA NA NA NA NA NA NA
"23" "" 2002-12-16 26.13 "HOU" "@" "MIA" "W" 5 NA NA NA NA NA NA NA NA NA NA NA NA NA NA NA NA
"24" "14" 2002-12-18 26.13 "HOU" "" "IND" "W" 12 0 20.4 0.381 0.286 19.2 5.5 12.8 18.3 5.5 0 0 16.2 128 92 6.8 6.3
"25" "15" 2002-12-20 26.14 "HOU" "" "ATL" "W" 19 1 28.4 0.5 0.5 0 16.2 9.7 0 0 0 0 10.6 94 96 4.1 -6.6
"26" "16" 2002-12-21 26.14 "HOU" "@" "MIN" "L" -12 0 20.05 0.619 0.625 0 6 2.9 21.8 0 0 0 20.6 132 118 7.5 3.4
"27" "17" 2002-12-23 26.15 "HOU" "" "UTA" "L" -5 0 19.9666666666667 0.167 0.167 9.6 16.6 13.3 0 0 0 25 20.5 36 118 -3.3 -20.3
"28" "18" 2002-12-27 26.16 "HOU" "" "NYK" "L" -16 0 27.9333333333333 0.455 0.364 3.3 14.9 8.7 21.2 0 0 0 21 112 114 8.4 2.1
"29" "19" 2002-12-29 26.16 "HOU" "" "NOH" "W" 12 0 13.0166666666667 0.286 0.286 8.2 8.2 8.2 12.9 0 0 12.5 28.2 66 100 -0.2 -13.8
"30" "20" 2002-12-31 26.17 "HOU" "" "MIL" "W" 23 0 12 0.333 0.333 31.6 8.2 18.4 0 4.6 5.3 40 19.9 74 86 2 -4.8
"31" "21" 2003-01-04 26.18 "HOU" "" "GSW" "L" -2 0 27.0166666666667 0.644 0.5 10.5 12.7 11.5 6.4 0 2.5 0 12.8 156 106 11 5.7
"32" "22" 2003-01-07 26.19 "HOU" "" "MIN" "W" 8 0 22.5833333333333 0.628 0.615 10.7 17.8 14.6 13.6 2.2 3.1 17.3 35.6 102 89 12.5 5.2
"33" "23" 2003-01-08 26.19 "HOU" "@" "ORL" "W" 10 0 17.6666666666667 0.218 0.167 16.2 10.1 12.4 0 0 0 12.7 20.1 63 101 -1 -13.2
"34" "24" 2003-01-10 26.2 "HOU" "@" "ATL" "L" -9 0 13.3833333333333 0 0 0 8.8 4 0 4.3 0 0 3.5 0 95 -1 -9.9
"35" "" 2003-01-11 26.2 "HOU" "" "DEN" "W" 2 NA NA NA NA NA NA NA NA NA NA NA NA NA NA NA NA
"36" "" 2003-01-13 26.21 "HOU" "" "BOS" "W" 9 NA NA NA NA NA NA NA NA NA NA NA NA NA NA NA NA
"37" "" 2003-01-15 26.21 "HOU" "" "PHO" "W" 6 NA NA NA NA NA NA NA NA NA NA NA NA NA NA NA NA
"38" "25" 2003-01-17 26.22 "HOU" "" "LAL" "W" 4 0 29.8 0.333 0.333 8.6 10.2 9.5 5.6 0 2.5 14.3 11.3 82 111 2.1 -7
"39" "26" 2003-01-20 26.22 "HOU" "@" "SAS" "L" -5 0 23.4833333333333 0.556 0.556 8.3 15 11.4 30.8 0 3.1 10 19.2 121 105 8.5 6
"40" "27" 2003-01-21 26.23 "HOU" "@" "DAL" "L" -21 1 27.2666666666667 0.457 0.286 4.3 8.5 6.4 16.6 0 2.6 25.5 19 89 124 3.1 -3.4
"41" "28" 2003-01-24 26.24 "HOU" "" "DET" "L" -24 1 13.8166666666667 0.4 0.4 8.6 7.3 7.9 0 0 0 28.6 26.1 63 125 -1.3 -17.4
"42" "29" 2003-01-26 26.24 "HOU" "@" "CHI" "L" -2 1 15.1833333333333 0.222 0.222 0 0 0 11.2 6.8 0 0 26.5 56 101 0.4 -8
"43" "30" 2003-01-27 26.24 "HOU" "@" "MEM" "W" 5 0 29.6 0.722 0.625 0 6.5 3.7 13.3 0 6.5 15.3 19.7 129 111 13.7 7
"44" "31" 2003-01-29 26.25 "HOU" "" "DAL" "L" -23 0 16.8666666666667 0.336 0.286 13.8 20.7 17.2 0 0 0 21.2 25.5 64 118 0 -15.3
"45" "32" 2003-01-31 26.25 "HOU" "" "MIN" "W" 20 0 27.6166666666667 0.6 0.6 4.9 4.4 4.6 9.9 1.8 0 11.8 26.9 112 114 11.3 -2.7
"46" "33" 2003-02-02 26.26 "HOU" "" "SAC" "W" 16 0 11.3166666666667 0.21 0 10.9 28.5 20.3 0 0 6.2 17.4 22.9 51 87 -0.4 -14.4
"47" "34" 2003-02-04 26.27 "HOU" "@" "MIN" "L" -14 0 14.3666666666667 0.429 0.429 8.4 0 4.8 0 0 0 0 23.9 96 124 2.2 -8.1
"48" "35" 2003-02-05 26.27 "HOU" "@" "CLE" "L" -3 0 33.5666666666667 0.65 0.65 7.7 10.6 9.2 15.2 1.6 3.9 4.2 33 132 114 23.9 8.5
"49" "36" 2003-02-11 26.28 "HOU" "" "UTA" "L" -2 0 22.45 0.45 0.5 5 14.6 8.9 8.5 0 0 18.4 24 81 116 1.6 -10.8
"50" "37" 2003-02-12 26.29 "HOU" "@" "UTA" "W" 30 0 22.1833333333333 0.732 0.75 19.3 4.7 10.9 8.1 2.4 0 18.4 22.8 128 89 10.7 6.8
"51" "38" 2003-02-14 26.29 "HOU" "" "MIA" "L" -12 0 13.4166666666667 0.276 0.2 14.5 0 8.6 0 0 0 8.4 41.9 70 120 -0.2 -16.6
"52" "39" 2003-02-18 26.3 "HOU" "@" "LAL" "L" -7 0 41.4333333333333 0.481 0.429 13.9 12.3 13.1 25.7 1.4 0 5.7 19.8 120 110 14.4 5.6
"53" "40" 2003-02-19 26.31 "HOU" "@" "PHO" "W" 18 0 19.35 0.568 0.545 16.5 11.8 14.2 0 0 0 14.9 31 113 108 7.2 -5.1
"54" "41" 2003-02-21 26.31 "HOU" "" "DAL" "L" -15 0 12.45 0.073 0 45.3 18.9 34.6 0 0 0 22.5 29.5 46 117 -0.9 -21.9
"55" "42" 2003-02-22 26.32 "HOU" "" "MEM" "W" 11 0 14.9 0.363 0.333 13.6 21.3 17.4 9.8 0 0 36.8 33.1 58 92 -1.4 -19.8
"56" "43" 2003-02-24 26.32 "HOU" "@" "BOS" "W" 6 0 10.45 0.258 0 0 10 5.8 0 0 0 34 30.8 36 107 -2.6 -28
"57" "44" 2003-02-25 26.32 "HOU" "@" "NYK" "L" -7 0 21.6666666666667 0.515 0.333 0 31.7 17.3 15.9 2.5 0 34 14.2 82 110 3.8 -1.6
"58" "45" 2003-02-27 26.33 "HOU" "@" "WAS" "L" -2 0 26.0166666666667 0.863 0.833 4.7 14.1 8.5 0 0 0 0 25.8 176 113 18.7 16
"59" "46" 2003-03-02 26.34 "HOU" "" "SAS" "L" -9 0 24 0.667 0.667 0 15.4 7.9 0 0 6.2 30.8 26.5 86 112 4.4 -3.9
"60" "47" 2003-03-04 26.34 "HOU" "@" "DET" "L" -13 0 25.8833333333333 0.388 0.333 18.5 35.9 26.7 0 2.3 0 13.4 28.9 85 112 5.5 -7.1
"61" "48" 2003-03-05 26.35 "HOU" "@" "TOR" "W" 2 0 28.8166666666667 0.545 0.545 0 8.1 4 10.3 0 0 8.3 18.5 115 118 6.9 -1.7
"62" "49" 2003-03-08 26.35 "HOU" "" "NJN" "W" 12 0 23.0333333333333 0.282 0.25 18.6 4.6 11.6 0 2.5 6.3 10.1 20.7 75 84 2.7 -3.8
"63" "50" 2003-03-12 26.36 "HOU" "" "LAC" "W" 4 0 37.8833333333333 0.503 0.471 10.5 15.9 13 16 0 0 14.4 25.4 103 117 10.8 -5.7
"64" "51" 2003-03-14 26.37 "HOU" "" "CHI" "W" 30 0 20.0666666666667 0.477 0.444 16.6 5.3 9.7 0 0 0 9.6 24.3 96 104 4.6 -13.1
"65" "52" 2003-03-16 26.38 "HOU" "" "PHO" "W" 10 0 28.4166666666667 0.333 0.333 0 11.2 6.4 13.6 0 0 14.3 26 64 95 0.3 -11.1
"66" "53" 2003-03-18 26.38 "HOU" "@" "SEA" "L" -6 0 15.3333333333333 0.363 0.333 0 18.3 9 11.6 0 0 22.5 28.2 63 114 -0.7 -15.6
"67" "54" 2003-03-19 26.38 "HOU" "@" "POR" "L" -11 0 30.9166666666667 0.474 0.462 0 4.8 2.4 12 0 0 11.9 27.4 88 120 5.4 -6.2
"68" "55" 2003-03-21 26.39 "HOU" "@" "GSW" "W" 10 0 4.5 0 0 0 26.1 13.5 0 0 0 66.7 30.5 0 107 -3.6 -43.9
"69" "56" 2003-03-23 26.39 "HOU" "@" "SAC" "L" -1 0 21.7666666666667 0.549 0.5 8.6 0 4.5 8.8 0 0 0 32.3 124 127 12.1 2.2
"70" "57" 2003-03-24 26.4 "HOU" "@" "LAC" "W" 18 0 23.8833333333333 0.678 0.667 0 9.5 5.8 13.8 0 0 16.2 25 118 107 8.9 -1.2
"71" "58" 2003-03-26 26.4 "HOU" "" "LAL" "L" -3 0 27.3833333333333 0.744 0.571 14 10.2 12.2 0 0 0 22.9 22.1 129 121 9.8 -1.2
"72" "59" 2003-03-27 26.41 "HOU" "@" "SAS" "L" -13 1 28.7666666666667 0.609 0.545 13.1 17 15 13.2 0 0 14 23.6 118 114 11.6 3.9
"73" "60" 2003-03-29 26.41 "HOU" "" "DEN" "W" 13 0 23.25 0.845 0.875 5.1 0 2.3 10.2 0 2.7 36 28 92 110 8.1 -3.6
"74" "61" 2003-03-31 26.42 "HOU" "@" "NJN" "L" -24 0 14 0.667 0.667 0 0 0 18.8 0 4.9 0 21 135 134 6.4 7.7
"75" "62" 2003-04-02 26.42 "HOU" "@" "MIL" "L" -7 0 13.7166666666667 0.735 0.667 0 7.3 4.4 0 0 0 29.6 23.1 101 120 3.2 -4.2
"76" "63" 2003-04-04 26.43 "HOU" "@" "PHI" "W" 9 1 26.0833333333333 0.298 0.3 15.1 26.4 20.7 14 0 0 7.8 21.6 84 90 4.9 -2.9
"77" "64" 2003-04-06 26.43 "HOU" "" "ORL" "W" 21 0 12.6666666666667 0.17 0 10.9 0 5 0 7.6 0 14.5 22.3 52 90 -0.2 -14.3
"78" "65" 2003-04-08 26.44 "HOU" "" "POR" "L" -15 1 26.4833333333333 0.337 0.273 17.4 5.4 12.7 9 2.4 0 25.2 27.4 69 111 3 -5.9
"79" "66" 2003-04-09 26.44 "HOU" "@" "UTA" "L" -21 0 18.8166666666667 0.425 0.4 13.1 24.1 17.7 0 3.1 0 0 27.8 105 107 6.5 1.8
"80" "67" 2003-04-12 26.45 "HOU" "" "SEA" "W" 15 0 12 0 0 0 0 0 9.8 0 0 0 7.9 32 104 -1.5 -11.9
"81" "" 2003-04-15 26.46 "HOU" "" "MEM" "W" 11 NA NA NA NA NA NA NA NA NA NA NA NA NA NA NA NA
"1" "1" 2003-10-30 27 "HOU" "" "DEN" "W" 17 0 19.0333333333333 0.455 0.455 6.8 16.8 12.3 10.4 2.7 4.2 8.3 27.8 99 88 5.7 -1.1
"2" "2" 2003-11-01 27.01 "HOU" "" "MEM" "L" -8 0 21.25 0.381 0.286 12.4 10.2 11.1 0 0 0 20.2 22.5 75 103 1.1 -9.7
"3" "3" 2003-11-03 27.01 "HOU" "@" "CHI" "W" 32 0 24.4166666666667 0.387 0.222 0 10.4 6.7 11.1 0 5.7 14.7 27 74 79 3.2 -10.3
"4" "4" 2003-11-04 27.01 "HOU" "@" "NJN" "W" 11 0 28.0166666666667 0.7 0.7 18.4 13.4 15.2 7.5 1.9 2.5 16.7 21.5 121 85 11.9 7.2
"5" "5" 2003-11-19 27.05 "HOU" "" "GSW" "W" 2 0 15.7333333333333 0.371 0.333 7.6 18.3 12.5 0 0 0 0 31.5 86 105 2.8 -9.1
"6" "6" 2003-11-21 27.06 "HOU" "@" "POR" "L" -7 0 24.9333333333333 0.547 0.545 5.1 3.8 4.4 0 0 2.9 20.2 30.6 86 112 4.8 -5.8
"7" "7" 2003-11-24 27.07 "HOU" "@" "LAC" "W" 15 0 24.9333333333333 0.638 0.583 15.8 0 6.7 7.4 4 0 7 24.8 133 100 13.6 5.7
"8" "8" 2003-11-26 27.07 "HOU" "@" "UTA" "L" -7 0 25.9166666666667 0.568 0.545 17.2 9.2 13.3 0 0 2.8 0 21 134 108 10.6 7.9
"9" "9" 2003-11-28 27.08 "HOU" "@" "SAC" "L" -29 0 21.5666666666667 0.25 0.25 5.1 6.2 5.6 9.2 0 0 11.1 19.5 58 117 -0.9 -10.6
"10" "10" 2003-11-29 27.08 "HOU" "@" "SEA" "L" -7 0 27.05 0.481 0.5 8.8 0 4.4 28 0 0 6.9 27.5 106 120 6.9 0.1
"11" "11" 2003-12-03 27.09 "HOU" "" "UTA" "W" 6 0 35.3666666666667 0.615 0.5 21.6 26 24 13.8 1.6 2.3 55.1 15.2 81 104 4.4 -2.9
"12" "12" 2003-12-05 27.1 "HOU" "@" "NOH" "W" 9 0 31.2666666666667 0.781 0.8 9.4 7 8 9.3 2 0 8.4 20.3 142 98 15.1 9.8
"13" "13" 2003-12-06 27.1 "HOU" "" "DET" "W" 6 0 31.9833333333333 0.521 0.538 7 8.3 7.6 5.7 1.8 0 13 23.5 98 98 8.6 -0.2
"14" "14" 2003-12-09 27.11 "HOU" "" "POR" "W" 2 0 31.55 0.455 0.455 9.4 19.8 15.5 4.7 0 2.2 21.4 21.3 83 109 5.1 -7.3
"15" "15" 2003-12-11 27.12 "HOU" "" "SAS" "L" -4 0 25.8 0.417 0.417 14 14.2 14.1 0 0 2.8 7.7 23.7 85 85 5 0.2
"16" "16" 2003-12-13 27.12 "HOU" "@" "SAS" "L" -13 0 30.8 0.34 0.3 13.5 15.9 14.6 8 2 2.6 14.5 22.2 76 108 4.6 -3.6
"17" "17" 2003-12-16 27.13 "HOU" "@" "MIN" "L" -17 0 29.7833333333333 0.455 0.455 0 15.6 7.7 24 1.8 2.3 26.7 25.2 67 103 4.1 -4
"18" "18" 2003-12-17 27.13 "HOU" "@" "CLE" "W" 4 0 25.2166666666667 0.543 0.5 5.1 7.5 6.5 7.5 0 7.8 18.9 32 89 97 7.9 -1.8
"19" "19" 2003-12-19 27.14 "HOU" "" "LAC" "W" 14 0 21.8833333333333 0.533 0.5 12.4 4.2 7.5 8.3 5 0 7.6 29.6 112 93 9 -0.1
"20" "20" 2003-12-20 27.14 "HOU" "@" "PHO" "L" -15 0 33.65 0.506 0.444 3 15.7 8.5 12.1 1.5 2.2 16.8 15.6 97 111 7.1 -3.2
"21" "21" 2003-12-23 27.15 "HOU" "" "IND" "L" -8 0 26.1 0.184 0.2 14.5 34 24.1 8.3 2.2 8.5 8.4 21.8 55 82 4.5 -0.2
"22" "22" 2003-12-25 27.15 "HOU" "@" "LAL" "W" 12 0 27.6333333333333 0.589 0.545 4.7 24.4 16 7 2 2.4 7.8 22 118 90 11.7 5.7
"23" "23" 2003-12-26 27.16 "HOU" "@" "DEN" "L" -1 0 31.2333333333333 0.586 0.529 15.8 3 8.5 0 1.7 0 5.1 29 125 112 16 3.2
"24" "24" 2003-12-29 27.16 "HOU" "" "SEA" "L" -1 0 31.65 0.528 0.455 7.6 16.1 12.2 12.3 0 3.3 19.6 23.1 98 101 7.7 -1.8
"25" "25" 2003-12-31 27.17 "HOU" "" "PHI" "W" 8 0 28.7 0.388 0.444 14.6 15.6 15.1 14.2 4 2.7 32.6 25.8 66 77 3.2 -4.9
"26" "26" 2004-01-03 27.18 "HOU" "" "UTA" "W" 21 0 29.5166666666667 0.583 0.583 5 15.8 11 0 4.2 2.7 7.7 22.8 115 74 10.4 6.5
"27" "27" 2004-01-05 27.18 "HOU" "" "GSW" "W" 18 0 35.7833333333333 0.643 0.632 8.1 17 13.3 28.1 0 0 13.4 31 116 80 17.9 9.3
"28" "28" 2004-01-07 27.19 "HOU" "@" "DET" "L" -19 0 28.45 0.218 0.167 3.6 31.2 17 0 0 2.7 6.8 26.5 48 98 -1.2 -11.1
"29" "29" 2004-01-08 27.19 "HOU" "@" "NYK" "W" 32 0 27.2833333333333 0.644 0.556 9.6 24.4 18.2 6.8 1.9 0 14.7 24.2 122 83 12.3 2.1
"30" "30" 2004-01-11 27.2 "HOU" "" "BOS" "L" -4 0 33.9333333333333 0.558 0.538 6.6 8.1 7.2 0 1.6 0 6.9 20 113 116 9.5 -3.9
"31" "31" 2004-01-13 27.21 "HOU" "@" "WAS" "W" 13 0 27.0166666666667 0.512 0.375 11.1 20.7 16.6 18 0 11.5 17 21.4 111 90 9.8 3.3
"32" "32" 2004-01-14 27.21 "HOU" "@" "BOS" "W" 15 0 32.95 0.714 0.714 0 9 5.4 21 1.7 0 22.2 13.7 118 98 9 3.2
"33" "33" 2004-01-17 27.22 "HOU" "" "MIN" "W" 19 0 31.0666666666667 0.645 0.5 13.7 0 5.9 5.4 0 0 7.5 20.7 141 96 11.4 3.5
"34" "34" 2004-01-19 27.22 "HOU" "@" "MEM" "L" -5 0 32.1833333333333 0.4 0.4 3.5 19.8 12 10.7 1.8 0 16.7 18.2 79 102 3.9 -5.7
"35" "35" 2004-01-21 27.23 "HOU" "" "NYK" "W" 15 0 36.2333333333333 0.643 0.667 3.7 13 8.7 0 0 0 10.9 25.8 112 88 12.4 1.8
"36" "36" 2004-01-23 27.23 "HOU" "@" "IND" "W" 4 0 22.8166666666667 0.375 0.375 5.4 17.8 12.1 9.2 2.5 3.4 27.3 23.9 65 84 0.5 -8.2
"37" "37" 2004-01-25 27.24 "HOU" "@" "ORL" "W" 12 0 30 0.678 0.615 9.5 23.1 17 6.7 0 2.7 11.9 29 125 101 15.5 4.2
"38" "38" 2004-01-26 27.24 "HOU" "@" "MIA" "L" -14 0 23.9 0.477 0.4 14.3 38.9 25.6 14.3 0 0 10.7 40.4 98 116 8.8 -1.6
"39" "39" 2004-01-28 27.25 "HOU" "" "SAC" "L" -5 0 35.3833333333333 0.571 0.571 20 24.8 22.5 9.8 1.4 0 11.3 21.7 120 107 16 5.1
"40" "40" 2004-01-31 27.25 "HOU" "" "NJN" "L" -11 0 29.8333333333333 0.375 0.375 13.3 25.8 19.1 13.8 0 0 11.1 16.4 89 112 4.8 -3.9
"41" "41" 2004-02-02 27.26 "HOU" "@" "PHO" "L" -20 0 20.8166666666667 0.41 0.25 9 6 7.7 25.7 0 0 17 12.4 99 117 3.6 -3.1
"42" "42" 2004-02-04 27.27 "HOU" "" "MIL" "W" 14 0 22.9333333333333 0.62 0.571 16.9 0 7.5 19.6 0 2.9 0 33.1 137 112 15 6.9
"43" "43" 2004-02-06 27.27 "HOU" "" "CHI" "W" 2 0 27.2166666666667 0.286 0.286 4.9 3.4 4 0 0 2.5 22.2 16.1 49 95 -1.6 -11.9
"44" "44" 2004-02-07 27.27 "HOU" "@" "ATL" "W" 9 0 33.8333333333333 0.506 0.5 3.9 10.1 7.2 21.2 1.6 0 21.6 20.9 89 93 5.3 -3.8
"45" "45" 2004-02-09 27.28 "HOU" "" "SAS" "L" -3 0 23.8333333333333 0.421 0.364 12.3 15.7 14.1 0 2.5 0 25.2 33.5 71 101 2 -10.6
"46" "46" 2004-02-11 27.28 "HOU" "" "LAL" "W" 15 0 29.0666666666667 0.612 0.636 0 7.5 4.4 5.8 2 2.6 14.9 23.8 102 103 8.1 -0.9
"47" "47" 2004-02-17 27.3 "HOU" "" "WAS" "W" 26 0 16.8333333333333 0.714 0.714 8.6 0 3.9 31 0 0 22.2 25.9 118 102 5.9 -2.1
"48" "48" 2004-02-21 27.31 "HOU" "@" "DAL" "L" -9 0 23.8666666666667 0.5 0.5 4.5 13.3 9 14.8 0 2.9 27.3 21.7 82 113 3.9 -4.6
"49" "49" 2004-02-22 27.32 "HOU" "" "ATL" "W" 2 0 30.1166666666667 0.148 0 9.4 16.1 13 15.9 0 0 37.2 17.8 46 112 -2.8 -16.6
"50" "50" 2004-02-24 27.32 "HOU" "@" "SAS" "L" -9 0 27.8166666666667 0.254 0.214 8.2 14.7 11.1 0 2.1 0 20.2 35.9 50 107 -2.9 -17.6
"51" "51" 2004-02-25 27.32 "HOU" "" "CLE" "W" 6 0 23.0166666666667 0.202 0.222 4.3 20.1 12.5 0 2.4 0 16.8 24.4 41 92 -1.9 -16.7
"52" "52" 2004-02-27 27.33 "HOU" "" "POR" "W" 4 0 26.7666666666667 0.432 0.385 4.6 10.9 7.5 14.9 0 0 0 27.4 99 106 6 -5.6
"53" "53" 2004-02-29 27.33 "HOU" "" "SEA" "L" -17 0 30.2666666666667 0.556 0.556 7 20.4 13.2 9 1.9 0 10 16 108 117 8.1 -0.4
"54" "54" 2004-03-03 27.34 "HOU" "" "LAL" "L" -3 0 30.4666666666667 0.418 0.333 4.6 8.6 6.7 10.6 3.6 0 0 18.1 100 104 6.6 -1.4
"55" "55" 2004-03-05 27.35 "HOU" "@" "MIN" "W" 3 0 25.5833333333333 0.901 0.875 10.7 11.6 11.1 15.6 0 0 0 16.9 189 126 15.4 8.6
"56" "56" 2004-03-07 27.35 "HOU" "" "DAL" "W" 3 0 20.2 0.615 0.5 6.2 0 2.9 14 2.4 0 29.1 14 106 105 3.9 0.2
"57" "57" 2004-03-09 27.36 "HOU" "" "LAC" "W" 5 0 33.3 0.483 0.417 0 15.3 7.7 30.7 1.6 2.6 16.2 25.8 92 92 9.6 1.8
"58" "58" 2004-03-11 27.36 "HOU" "" "NOH" "W" 11 0 13.4833333333333 0.667 0.667 9.5 7.9 8.6 13.9 0 0 40 19.3 89 106 2 -5.5
"59" "59" 2004-03-13 27.37 "HOU" "" "MEM" "W" 8 0 24.6166666666667 0.533 0.5 0 16.7 9.8 0 0 5.7 32.2 25.1 70 95 2 -8.4
"60" "" 2004-03-15 27.38 "HOU" "" "PHO" "L" -2 NA NA NA NA NA NA NA NA NA NA NA NA NA NA NA NA
"61" "60" 2004-03-19 27.39 "HOU" "@" "GSW" "L" -6 0 27.4666666666667 0.5 0.5 13 9.1 11.1 0 0 6.2 16.7 19.7 96 107 5.5 -1.8
"62" "61" 2004-03-21 27.39 "HOU" "@" "SAC" "L" -5 1 37.8333333333333 0.648 0.625 3 16.6 9.5 5 0 2.4 14.5 25 114 115 14.4 -1
"63" "62" 2004-03-22 27.39 "HOU" "@" "POR" "W" 8 1 28.35 0.444 0.444 4.8 7.2 6.2 28.8 4.2 2.7 30.8 23.1 79 94 4.8 -1.4
"64" "63" 2004-03-24 27.4 "HOU" "" "TOR" "W" 1 1 41.3166666666667 0.471 0.471 3 12.7 8.3 10.9 0 2 10.5 23 91 97 8.4 -0.8
"65" "64" 2004-03-26 27.41 "HOU" "@" "MEM" "L" -23 1 26.2166666666667 0.676 0.625 0 8.5 4.6 0 0 0 18.4 19.4 108 126 6.2 -3.3
"66" "65" 2004-03-28 27.41 "HOU" "@" "MIL" "W" 4 1 33.0666666666667 0.612 0.5 4.6 14.6 10.7 0 1.6 3.9 11.4 25.4 112 100 12.8 1.1
"67" "66" 2004-03-29 27.41 "HOU" "" "MIN" "L" -6 1 39.9833333333333 0.487 0.471 14.6 14.3 14.5 4.2 2.7 0 10.3 22.1 104 105 12.8 0.5
"68" "67" 2004-04-01 27.42 "HOU" "@" "LAL" "L" -8 1 25.2 0.868 0.75 4.1 0 2 6.7 1.9 2.7 25.8 13.6 131 102 7.1 2
"69" "68" 2004-04-02 27.42 "HOU" "@" "DEN" "L" -10 1 15.6 0.338 0.375 7.4 7.3 7.4 31.6 0 0 18.4 31.2 74 117 0.7 -10.5
"70" "69" 2004-04-04 27.43 "HOU" "" "SAC" "L" -5 1 24.2666666666667 0.474 0.5 5.3 11.8 8.3 26.7 0 0 10.6 17.7 101 110 6.3 0.8
"71" "70" 2004-04-06 27.44 "HOU" "@" "GSW" "L" -7 1 29.2333333333333 0.388 0.333 13.4 5.5 9.9 6 0 3.1 28 29.8 69 115 0 -14.4
"72" "71" 2004-04-07 27.44 "HOU" "@" "LAC" "W" 23 0 28.6333333333333 0.583 0.583 13.8 16.2 15.2 5.6 1.9 0 7.7 21.4 121 90 11.9 1.3
"73" "72" 2004-04-09 27.44 "HOU" "" "DEN" "W" 3 0 27.3333333333333 0.625 0.625 4.9 20.3 12.5 19.7 0 4.8 20 17.1 110 113 7.4 0.1
"74" "73" 2004-04-10 27.45 "HOU" "@" "UTA" "L" -13 0 35.35 0.576 0.538 0 27.5 13.5 8.5 1.6 0 0 19.9 116 96 11.1 5.1
"75" "74" 2004-04-12 27.45 "HOU" "@" "SEA" "W" 4 0 25.5333333333333 0.73 0.571 6.9 14.4 11.3 0 0 0 21.5 27.2 118 119 8.9 -5.9
"76" "75" 2004-04-14 27.46 "HOU" "" "DAL" "L" -3 0 19.9166666666667 0.325 0.222 0 27.5 14 8.2 0 0 8.5 28.4 69 102 1.9 -9.5
"1" "1" 2004-11-02 28.01 "HOU" "@" "DET" "L" -8 1 27.9166666666667 0.505 0.455 8.7 16.6 12.7 8.4 2 3.1 7.8 22.1 108 102 8.7 4.3
"2" "2" 2004-11-03 28.01 "HOU" "@" "TOR" "L" -7 1 32 0.542 0.542 0 17.9 9.6 12.5 1.7 0 20 23.3 89 106 6.3 -1.7
"3" "3" 2004-11-05 28.02 "HOU" "@" "MEM" "W" 8 1 20.0666666666667 0.699 0.667 6.3 32 20.2 0 0 0 13.4 18 121 89 5.5 -1.7
"4" "4" 2004-11-06 28.02 "HOU" "" "SAC" "W" 3 1 31.6666666666667 0.342 0.286 7.3 16.8 12.2 4.8 0 2.1 10.2 15.7 82 109 2.4 -9.4
"5" "5" 2004-11-09 28.03 "HOU" "" "MEM" "W" 3 1 25.5666666666667 0.545 0.545 0 16.5 8.5 25.6 4.2 0 21.4 25.5 91 90 7.5 4
"6" "6" 2004-11-11 28.03 "HOU" "" "MIN" "L" -5 1 30.4 0.638 0.643 15.5 9.1 12.6 14.3 3.5 0 16.8 27.2 110 107 14.6 7.2
"7" "7" 2004-11-13 28.04 "HOU" "" "LAL" "L" -5 1 24.55 0.436 0.333 4.4 14.3 9.2 17.4 2.2 0 22.5 17.6 80 95 3 -5.5
"8" "8" 2004-11-15 28.04 "HOU" "@" "NJN" "W" 11 1 25.8 0.432 0.385 0 19.6 10.6 24.3 0 2.8 6.7 29.8 87 82 6.6 -2.1
"9" "9" 2004-11-16 28.05 "HOU" "@" "ATL" "L" -4 1 25.85 0.2 0.2 5.5 18.3 12.5 16.9 2.1 5.9 37.5 15.5 48 90 1.5 -4.5
"10" "10" 2004-11-18 28.05 "HOU" "" "NYK" "L" -1 1 26.3833333333333 0.509 0.5 0 23.6 12.2 17.1 2.1 2.9 0 13 114 100 7.2 0.9
"11" "11" 2004-11-20 28.06 "HOU" "@" "LAC" "W" 5 1 35.65 0.526 0.5 10.8 22.7 16.6 14.5 0 0 23.1 24.4 90 93 8.1 -0.3
"12" "12" 2004-11-21 28.06 "HOU" "@" "POR" "W" 4 1 30.35 0.429 0.429 4.5 11.8 8.4 10.7 0 0 0 12 115 124 3.7 -6.3
"13" "13" 2004-11-23 28.07 "HOU" "@" "SAC" "L" -6 1 33.0666666666667 0.4 0.4 9.4 25.3 18.9 8.5 0 0 28.6 10.9 85 116 2.9 -5.6
"14" "14" 2004-11-26 28.07 "HOU" "@" "UTA" "L" -10 1 25.6666666666667 0 0 7.5 10.9 8.9 6.4 2.3 5.6 12.5 15.2 22 112 -2 -13.9
"15" "15" 2004-11-27 28.08 "HOU" "" "DEN" "L" -6 1 23.5666666666667 0.5 0.5 5 9.1 7.1 0 0 0 50 17.3 48 98 -2.3 -13
"16" "16" 2004-11-30 28.08 "HOU" "" "DET" "L" -21 1 29.2166666666667 0.564 0.5 0 0 0 23.2 0 0 27.3 26.5 90 127 2.9 -7.1
"17" "17" 2004-12-02 28.09 "HOU" "@" "DAL" "L" -7 0 21.85 0.218 0.167 4.2 24 12.4 0 0 0 22.5 18.4 45 117 -3.3 -19
"18" "18" 2004-12-04 28.1 "HOU" "" "PHI" "W" 1 0 16.9333333333333 0.143 0.143 6.7 6.1 6.4 26.7 3.2 0 12.5 22.2 44 89 -0.9 -10.1
"19" "19" 2004-12-07 28.1 "HOU" "" "NOH" "W" 8 0 24.9333333333333 0.388 0.333 11 21.9 16.5 29.3 0 3.4 8.8 23.2 102 102 7.2 -0.1
"20" "20" 2004-12-09 28.11 "HOU" "" "SAS" "W" 1 0 21.7166666666667 0.2 0.2 5 5.1 5 0 5 0 0 20.7 55 93 -0.8 -8.9
"21" "21" 2004-12-11 28.12 "HOU" "" "DAL" "L" -24 0 24.7833333333333 0.411 0.2 8.3 26.8 17.3 8.7 0 0 31.9 24.6 68 119 1.8 -10.9
"22" "22" 2004-12-15 28.13 "HOU" "" "ATL" "W" 23 0 8.83333333333333 0.129 0 0 10.9 6.1 0 0 0 20.5 25.9 23 84 -2.6 -25.8
"23" "23" 2004-12-17 28.13 "HOU" "" "GSW" "W" 17 0 21.05 0.5 0.5 0 12.6 7.4 15.3 2.6 3.2 0 18.4 114 86 7.6 6
"24" "24" 2004-12-18 28.13 "HOU" "@" "CHA" "L" -1 0 17.6833333333333 0.429 0.429 6.5 11.5 9.2 0 0 0 36.4 27.7 56 101 -2.4 -18.3
"25" "25" 2004-12-20 28.14 "HOU" "" "TOR" "W" 12 0 26.4166666666667 0.857 0.857 4.5 13.2 8.9 24.7 0 0 12.5 13.7 152 114 11.7 7.7
"26" "26" 2004-12-22 28.15 "HOU" "" "CHA" "L" -3 0 20.2833333333333 0.429 0.429 16 0 8.6 0 0 0 30 21.5 70 103 0.6 -10.6
"27" "27" 2004-12-26 28.16 "HOU" "" "LAC" "W" 17 0 22.2833333333333 0.667 0.667 0 22.4 12.1 18.3 0 0 18.2 23.1 110 91 6.3 -1
"28" "28" 2004-12-28 28.16 "HOU" "@" "MIL" "L" -28 0 27.1 0.483 0.417 4.6 8.1 6.4 0 1.8 2.5 16.2 31.7 83 116 5.8 -7.2
"29" "29" 2004-12-29 28.16 "HOU" "@" "CLE" "W" 11 0 24.4 0.444 0.444 12.3 14 13.1 0 0 0 10 19 93 100 4.1 -5.8
"30" "30" 2004-12-31 28.17 "HOU" "" "MIL" "W" 15 0 21.6833333333333 0.727 0.727 0 15.9 9.3 0 0 0 15.4 29.3 112 99 8.4 -1.1
"31" "31" 2005-01-02 28.18 "HOU" "" "UTA" "W" 19 0 10.9 0.102 0 12.8 9.5 10.9 0 0 0 17 24.8 33 96 -3 -24.8
"32" "32" 2005-01-05 28.18 "HOU" "" "PHO" "L" -10 0 20.5166666666667 0.286 0.286 8.3 20.3 13.7 13.7 2.5 0 0 13.9 90 114 3.7 -3.1
"33" "33" 2005-01-07 28.19 "HOU" "@" "LAL" "L" -7 0 23.25 0.709 0.667 0 30.7 14.1 13.6 0 0 0 16 149 126 10.1 4
"34" "34" 2005-01-09 28.19 "HOU" "@" "DEN" "W" 18 0 27.95 0.5 0.5 4.9 8.6 6.9 5.1 0 2.9 0 16.2 110 110 6.5 -3.8
"35" "35" 2005-01-12 28.2 "HOU" "@" "DAL" "W" 10 0 6.66666666666667 1 1 0 15.9 9.9 0 0 0 0 6.9 200 131 1.6 -3.7
"36" "36" 2005-01-13 28.21 "HOU" "" "NJN" "W" 9 0 24.4166666666667 0.474 0.5 0 9.8 5.2 9.1 0 0 19.2 21.8 73 93 2.5 -4.7
"37" "37" 2005-01-15 28.21 "HOU" "" "SAS" "W" 6 0 24 0.359 0.25 0 18.6 9.1 19 0 0 9.3 21.2 80 83 2.6 -0.1
"38" "38" 2005-01-17 28.22 "HOU" "@" "MEM" "L" -19 0 23.9 0.717 0.75 5.3 18.2 11.3 0 0 0 17 12.3 116 121 4.8 -1.8
"39" "" 2005-01-18 28.22 "HOU" "" "IND" "L" -13 NA NA NA NA NA NA NA NA NA NA NA NA NA NA NA NA
"40" "" 2005-02-24 28.32 "NYK" "" "PHI" "W" 12 NA NA NA NA NA NA NA NA NA NA NA NA NA NA NA NA
"41" "39" 2005-02-26 28.33 "NYK" "" "IND" "W" 11 0 4.6 0.5 0.5 0 0 0 0 0 0 0 19.5 106 102 1 -2.9
"42" "40" 2005-02-28 28.33 "NYK" "" "LAL" "W" 2 0 13.05 0.527 0.5 8.9 8.9 8.9 22.7 0 0 13.1 27.9 108 124 4 -6.6
"43" "41" 2005-03-04 28.34 "NYK" "@" "ORL" "L" -22 0 14.5 0.644 0.667 0 20.8 8.6 0 3.9 4.6 34 20.4 77 117 2.8 -5
"44" "42" 2005-03-06 28.35 "NYK" "" "GSW" "W" 16 0 21.4166666666667 0.845 0.875 7.9 21.8 16.1 0 0 0 10.1 22.7 143 114 11.9 3.4
"45" "43" 2005-03-08 28.35 "NYK" "" "WAS" "W" 10 0 8.6 0.333 0.333 0 0 0 23.1 6.5 0 25 22.7 60 86 -1 -12
"46" "44" 2005-03-13 28.37 "NYK" "" "SEA" "L" -10 0 8.65 1.136 NA 0 29.6 13.2 0 0 0 0 4.6 250 106 1.8 -1.5
"47" "45" 2005-03-15 28.37 "NYK" "" "MIA" "L" -2 0 15.65 0.6 0.6 0 32 15 0 0 0 16.7 19.5 92 113 2.4 -7.2
"48" "46" 2005-03-18 28.38 "NYK" "@" "ATL" "W" 14 0 7.25 0 0 0 14.6 8.1 0 0 0 0 7 0 110 -0.8 -14.3
"49" "47" 2005-03-19 28.38 "NYK" "@" "MIA" "L" -15 0 11.85 0.143 0.143 0 8.3 4.2 0 0 0 0 26.2 35 113 -3 -20.8
"50" "48" 2005-03-21 28.39 "NYK" "" "SAS" "W" 13 0 8.81666666666667 0.333 0.333 13.7 34 24.8 21.6 0 0 25 21.2 71 83 1.6 -1.4
"51" "49" 2005-03-23 28.39 "NYK" "" "BOS" "W" 25 0 22.5666666666667 0.63 0.667 12.3 34.8 25.5 8.2 2.4 3.3 8.8 22.5 129 80 11.9 5.8
"52" "50" 2005-03-25 28.4 "NYK" "@" "SEA" "L" -8 0 16.2166666666667 0.307 0.25 14.4 23.7 18.8 20.9 3.5 0 0 14.6 100 107 3.7 0.2
"53" "51" 2005-03-26 28.4 "NYK" "@" "POR" "L" -7 0 4.75 NA NA 0 0 0 0 0 0 100 18.6 0 121 -2.4 -32.6
"54" "52" 2005-03-28 28.41 "NYK" "@" "GSW" "L" -8 0 24.95 0.576 0.538 12.3 12.3 12.3 7.5 0 0 11.9 29.3 113 120 10.4 -1.4
"55" "53" 2005-03-29 28.41 "NYK" "@" "LAL" "L" -10 0 13.25 0 0 0 21.7 10.5 0 0 0 66.7 10.7 0 134 -2.5 -19.5
"56" "54" 2005-04-01 28.42 "NYK" "" "NJN" "L" -2 0 12.5666666666667 0.347 0 19.5 10.5 15.2 28.6 4.4 0 41 18.1 76 98 1.5 -3.4
"57" "55" 2005-04-03 28.42 "NYK" "@" "MIL" "L" -4 0 25.1333333333333 0.628 0.615 16.7 13.2 15.4 0 0 0 12.3 26.6 118 121 11.9 0.1
"58" "56" 2005-04-05 28.43 "NYK" "" "IND" "L" -18 0 22.15 0.333 0.333 0 17.2 8.2 0 2.7 0 14.3 15.9 60 116 1.1 -8.7
"59" "57" 2005-04-07 28.44 "NYK" "@" "NJN" "L" -12 0 22.6833333333333 0.188 0.25 5.8 18.6 12.9 0 0 0 0 10.9 54 124 -0.5 -11.7
"60" "58" 2005-04-08 28.44 "NYK" "" "CHI" "L" -8 0 17.7666666666667 0.5 0.5 0 18.2 7.3 0 3 0 27.3 27.5 72 108 1.4 -10.2
"61" "59" 2005-04-10 28.44 "NYK" "@" "IND" "W" 1 0 8.28333333333333 0.25 0.25 0 47.3 23.1 0 0 0 0 24.2 55 112 0.1 -17.8
"62" "60" 2005-04-12 28.45 "NYK" "" "TOR" "L" -12 0 24.6833333333333 0.814 0.8 15.6 23.3 19.2 10.9 0 0 22.3 24.3 122 113 13 4.9
"63" "61" 2005-04-14 28.45 "NYK" "@" "CLE" "W" 6 0 24 0.581 0.583 0 16 8.7 0 4.5 2.9 12.7 31.7 98 91 11.1 3.4
"64" "62" 2005-04-16 28.46 "NYK" "@" "CHA" "W" 2 0 20.0833333333333 0.291 0.333 6.2 20 13.8 7.5 2.7 0 0 16.6 80 105 2.2 -9.2
"65" "63" 2005-04-17 28.46 "NYK" "" "ATL" "L" -4 0 17.5 0.333 0.333 24.5 0 11.8 0 0 8.7 33.3 22.5 68 137 -0.5 -20.1
"66" "64" 2005-04-19 28.47 "NYK" "@" "CHI" "L" -1 0 23.0666666666667 0.392 0.364 5 34 19.6 7 2.3 3.7 0 25.7 95 93 8.3 1
"67" "65" 2005-04-20 28.47 "NYK" "" "WAS" "W" 8 0 19.3833333333333 0.63 0.556 6.5 0 3 9.2 0 8 8.8 26.9 125 110 10.5 5.1
"1" "1" 2005-11-02 29.01 "NYK" "@" "BOS" "L" -14 0 22.4 0.667 0.667 5 18.6 12.1 8.3 2.2 6.6 14.3 13.7 117 101 8.2 5.1
"2" "2" 2005-11-04 29.01 "NYK" "" "WAS" "L" -11 0 10.8166666666667 0 0 16.4 11.1 14.2 0 0 7.8 0 11.3 25 97 -0.1 -7.1
"3" "" 2005-11-06 29.02 "NYK" "" "GSW" "L" -2 NA NA NA NA NA NA NA NA NA NA NA NA NA NA NA NA
"4" "3" 2005-11-09 29.03 "NYK" "@" "POR" "L" -12 0 17.5666666666667 0.712 0.6 19.1 17.4 18.2 0 0 4 13.7 19 138 106 7.8 4.4
"5" "4" 2005-11-11 29.03 "NYK" "@" "GSW" "L" -2 0 17.3 0.667 0.667 0 5.9 3.1 20.2 0 0 25 11.8 107 108 2.2 -3.7
"6" "" 2005-11-13 29.04 "NYK" "@" "SAC" "W" 10 NA NA NA NA NA NA NA NA NA NA NA NA NA NA NA NA
"7" "" 2005-11-14 29.04 "NYK" "@" "UTA" "W" 11 NA NA NA NA NA NA NA NA NA NA NA NA NA NA NA NA
"8" "" 2005-11-16 29.05 "NYK" "@" "LAL" "L" -5 NA NA NA NA NA NA NA NA NA NA NA NA NA NA NA NA
"9" "5" 2005-11-18 29.05 "NYK" "@" "DEN" "L" -9 0 20.6 0.615 0.5 4.3 30.7 15.2 8.5 0 3.6 29.1 13.4 97 98 5.2 0.9
"10" "6" 2005-11-20 29.06 "NYK" "" "POR" "W" 11 0 18.0666666666667 0.5 0.5 0 0 0 0 3.1 0 33.3 7.9 66 105 0.2 -7.3
"11" "7" 2005-11-23 29.07 "NYK" "@" "CHA" "L" -13 1 13.0333333333333 0 0 11.5 25.1 19.4 23.8 0 0 0 14.5 48 119 -0.6 -13.3
"12" "8" 2005-11-26 29.07 "NYK" "" "PHI" "W" 3 0 7 0.266 0 0 0 0 0 0 0 0 11.2 69 114 -0.1 -10.1
"13" "9" 2005-11-28 29.08 "NYK" "@" "MIA" "L" -13 0 16.9666666666667 0.699 0.667 7.1 7.9 7.4 10.2 0 0 31.8 26.2 97 127 3.9 -5.8
"14" "10" 2005-11-30 29.08 "NYK" "" "CHI" "W" 8 0 15.25 0.25 0.25 18.5 25.5 22.2 11.7 0 0 33.3 18 64 110 -0.6 -14.3
"15" "11" 2005-12-02 29.09 "NYK" "@" "DET" "L" -8 1 15.3833333333333 0.429 0.429 7.4 48.8 25.3 0 0 0 12.5 23.3 84 115 2.3 -10.9
"16" "" 2005-12-04 29.1 "NYK" "" "BOS" "L" -3 NA NA NA NA NA NA NA NA NA NA NA NA NA NA NA NA
"17" "12" 2005-12-06 29.1 "NYK" "@" "SEA" "W" 3 0 0.516666666666667 NA NA 0 0 0 0 0 0 100 88.6 0 120 -1 -102.9
"18" "13" 2005-12-07 29.1 "NYK" "@" "LAC" "L" -5 0 20 0.5 0.5 0 54.5 27.3 0 0 0 20 11.8 80 89 2.8 -4.5
"19" "14" 2005-12-09 29.11 "NYK" "@" "PHO" "L" -4 0 13.4833333333333 0.255 0.2 8.9 16.6 12.9 0 0 0 0 19.5 66 94 0.8 -4.3
"20" "15" 2005-12-12 29.12 "NYK" "" "MIL" "L" -20 0 7.1 0.667 0.667 0 19.3 10.2 0 0 11.5 25 26.8 91 124 2.3 -2.2
"21" "" 2005-12-14 29.12 "NYK" "" "ORL" "L" -15 NA NA NA NA NA NA NA NA NA NA NA NA NA NA NA NA
"22" "16" 2005-12-16 29.13 "NYK" "@" "ATL" "L" -11 0 17.8333333333333 0.424 0.444 6.6 0 3.8 0 0 0 0 21.6 111 141 2.4 -12.1
"23" "17" 2005-12-17 29.13 "NYK" "" "IND" "L" -6 0 12.4 0.397 0.286 7 9.7 8.1 16 0 7.2 9 37.4 92 111 2.1 -9.6
"24" "18" 2005-12-21 29.14 "NYK" "" "SAS" "L" -13 0 9.36666666666667 0.667 0.667 0 15.1 7.3 0 0 0 0 15.3 124 123 2.6 -2.1
"25" "19" 2005-12-23 29.15 "NYK" "" "UTA" "W" 8 0 21.8666666666667 0.436 0.5 0 15.1 6.6 9 7.7 0 36.8 23.5 57 95 0.5 -10.8
"26" "20" 2005-12-26 29.16 "NYK" "" "NJN" "L" -8 0 11.5333333333333 0.5 0.5 11.2 26.9 18.4 13.9 4.5 0 50 15.3 69 111 1.2 -4.9
"27" "21" 2005-12-28 29.16 "NYK" "@" "ORL" "L" -10 0 17.4833333333333 0.75 0.75 5.1 15.7 9.3 12.1 0 0 20 11.4 128 117 3.4 -1.2
"28" "22" 2005-12-30 29.17 "NYK" "@" "MIL" "L" -5 0 21.2833333333333 0.731 0.727 5.6 4.3 4.9 0 0 0 7.5 25.8 136 123 11.1 1.9
"29" "23" 2006-01-02 29.18 "NYK" "" "PHO" "W" 7 0 24.0166666666667 0.322 0.3 4.4 10.3 7.2 0 2 0 21.6 24.2 59 105 -1.5 -14.4
"30" "24" 2006-01-06 29.19 "NYK" "" "WAS" "W" 21 0 26.8166666666667 0.5 0.5 5 20.8 13.6 5.5 1.9 0 0 19.2 127 96 9.1 2.7
"31" "25" 2006-01-08 29.19 "NYK" "" "SEA" "W" 4 0 27.6833333333333 0.796 0.786 14.4 11.6 12.8 7.6 0 0 6.5 24.4 155 129 19.1 6.9
"32" "26" 2006-01-10 29.2 "NYK" "@" "CLE" "W" 8 0 16.3 0.521 0.5 0 5.6 3.2 9.2 0 0 25.8 11 86 99 1.2 -2.8
"33" "27" 2006-01-11 29.2 "NYK" "" "DAL" "W" 2 0 26.55 0.429 0.429 10.9 5.5 8.8 0 0 0 22.2 14.2 90 123 1.5 -8.2
"34" "28" 2006-01-13 29.21 "NYK" "" "ATL" "W" 11 0 17.4333333333333 0.518 0.6 8.1 12.8 10.7 8.7 0 0 37.2 29.6 71 113 1.1 -14.7
"35" "29" 2006-01-15 29.21 "NYK" "@" "TOR" "L" -26 0 15.95 0.773 0.667 7.9 0 4.3 21.5 6.3 0 34 16.7 114 127 5.2 0.9
"36" "" 2006-01-16 29.21 "NYK" "" "MIN" "L" -6 NA NA NA NA NA NA NA NA NA NA NA NA NA NA NA NA
"37" "30" 2006-01-18 29.22 "NYK" "@" "CHI" "L" -2 0 14.9666666666667 0.5 0.5 8 0 4.3 0 7 0 33.3 26.3 71 98 0.7 -9.9
"38" "31" 2006-01-19 29.22 "NYK" "" "DET" "L" -26 0 10.95 0.75 0.75 0 32.1 17.5 0 5.2 0 0 18.5 149 110 6.3 14.2
"39" "32" 2006-01-21 29.23 "NYK" "" "NOK" "L" -11 1 20.55 0.564 0.375 18 13.7 16 8.3 2.5 3.4 15.8 27 116 112 9.1 0.7
"40" "33" 2006-01-25 29.24 "NYK" "" "SAC" "L" -4 1 37.7666666666667 0.717 0.667 11.9 19.7 16.2 5.1 0 1.9 17 21.3 125 102 17 5.2
"41" "34" 2006-01-27 29.24 "NYK" "" "ORL" "W" 3 1 17.6666666666667 0.5 0.5 0 41.8 19.9 11.4 0 0 0 15 120 102 4.3 -1.8
"42" "35" 2006-01-28 29.25 "NYK" "@" "PHI" "L" -15 1 23.5333333333333 0.4 0.4 4.7 13.6 9.3 0 0 0 28.6 29.2 57 109 -1.4 -16.2
"43" "36" 2006-01-30 29.25 "NYK" "@" "ATL" "L" -19 1 20.1333333333333 0.5 0.5 0 12.2 6.5 8.6 0 0 33.3 20.2 69 134 0.9 -11.3
"44" "37" 2006-01-31 29.25 "NYK" "" "LAL" "L" -33 0 18.3 0.667 0.667 17.9 14.2 16.2 0 2.8 0 25 19.2 102 134 6.7 -2.3
"45" "38" 2006-02-03 29.26 "NYK" "@" "TOR" "L" -14 1 17.7833333333333 0.667 0.667 0 0 0 28.1 0 0 25 22.2 99 131 3.6 -6.2
"46" "39" 2006-02-05 29.27 "NYK" "" "HOU" "L" -4 1 27.9333333333333 0.25 0.25 4.2 12 8.2 0 1.9 0 11.1 15.7 52 103 -1.2 -11.7
"47" "40" 2006-02-07 29.27 "NYK" "" "LAC" "L" -3 1 16.35 0.6 0.6 0 23.8 9.9 0 0 0 37.5 22 67 102 0.8 -11.3
"48" "41" 2006-02-08 29.28 "NYK" "@" "NJN" "L" -13 1 4.31666666666667 0 0 0 32.7 15.4 41.2 0 0 0 21.7 28 109 -0.8 -14.7
"49" "42" 2006-02-10 29.28 "NYK" "@" "NOK" "L" -11 1 15.95 0.75 0.75 21.5 22.6 22 0 0 0 11.1 27.1 138 131 9.6 5.2
"50" "43" 2006-02-12 29.29 "NYK" "@" "HOU" "L" -7 1 30.2166666666667 0.415 0.286 7.6 31 19.1 13.3 1.8 0 9.4 16.6 95 100 7.1 0.2
"51" "44" 2006-02-13 29.29 "NYK" "@" "DAL" "L" -28 0 14.3166666666667 0.644 0.667 7.3 9.3 8.2 0 0 0 20.5 16.1 107 126 2.9 -1.2
"52" "45" 2006-02-15 29.3 "NYK" "" "TOR" "W" 2 0 6.95 0 0 0 0 0 0 0 0 0 7.1 0 113 -2.7 -24.6
"53" "46" 2006-02-22 29.32 "NYK" "" "MIA" "L" -20 0 19.7833333333333 0.405 0.333 5 13.1 8.5 9.1 0 0 0 22.7 99 113 3.3 -3.9
"54" "47" 2006-02-24 29.32 "NYK" "" "NJN" "L" -4 0 16.9166666666667 0.5 0.5 0 0 0 13.2 0 0 14.3 19 91 107 1.1 -6
"55" "48" 2006-02-25 29.32 "NYK" "@" "WAS" "L" -21 0 11.75 0.347 0 18.6 24 20.9 14.1 0 0 63.5 28.4 41 124 -3.3 -26
"56" "49" 2006-02-27 29.33 "NYK" "@" "SAS" "L" -28 0 14.0333333333333 0.347 0.333 0 22.8 9.5 0 0 0 18.8 17 61 137 -0.7 -13.6
"57" "50" 2006-03-01 29.33 "NYK" "@" "MEM" "L" -2 0 9.23333333333333 1.136 NA 0 17.3 9 13.3 0 0 53.2 10.5 123 123 1.2 -3.2
"58" "" 2006-03-03 29.34 "NYK" "" "CHI" "L" -7 NA NA NA NA NA NA NA NA NA NA NA NA NA NA NA NA
"59" "" 2006-03-04 29.34 "NYK" "@" "MIL" "W" 5 NA NA NA NA NA NA NA NA NA NA NA NA NA NA NA NA
"60" "" 2006-03-07 29.35 "NYK" "@" "IND" "W" 15 NA NA NA NA NA NA NA NA NA NA NA NA NA NA NA NA
"61" "" 2006-03-11 29.36 "NYK" "@" "CHA" "L" -7 NA NA NA NA NA NA NA NA NA NA NA NA NA NA NA NA
"62" "" 2006-03-13 29.37 "NYK" "" "DEN" "L" -12 NA NA NA NA NA NA NA NA NA NA NA NA NA NA NA NA
"63" "" 2006-03-15 29.37 "NYK" "" "ATL" "W" 4 NA NA NA NA NA NA NA NA NA NA NA NA NA NA NA NA
"64" "" 2006-03-17 29.38 "NYK" "" "DET" "W" 2 NA NA NA NA NA NA NA NA NA NA NA NA NA NA NA NA
"65" "" 2006-03-19 29.38 "NYK" "" "MIA" "L" -11 NA NA NA NA NA NA NA NA NA NA NA NA NA NA NA NA
"66" "51" 2006-03-21 29.39 "NYK" "" "TOR" "L" -5 0 5.31666666666667 0 0 0 19.2 11.4 22.6 0 0 0 16.7 41 124 -0.8 -16.6
"67" "52" 2006-03-22 29.39 "NYK" "@" "ORL" "L" -24 0 20.3833333333333 0 0 6.7 12.7 9.8 15.7 2.8 3.2 42.9 17 26 124 -2.6 -12.3
"68" "53" 2006-03-24 29.4 "NYK" "" "MEM" "L" -16 0 29.9833333333333 0.349 0.333 7.6 21.3 14.7 14.8 0 0 28 27.8 61 110 -0.6 -12.4
"69" "54" 2006-03-26 29.4 "NYK" "@" "MIN" "L" -4 0 11.7 0.4 0.4 0 23.4 10.5 0 0 0 0 19.8 76 105 0.3 -11.7
"70" "55" 2006-03-29 29.41 "NYK" "" "BOS" "L" -25 0 11.1333333333333 0.25 0.25 9.8 22.1 15.6 14 0 0 20 19.6 60 125 0.2 -12.5
"71" "56" 2006-03-31 29.42 "NYK" "" "PHI" "L" -5 0 27.1666666666667 0.75 0.75 9.3 28.5 17.9 7 0 0 11.1 15.1 141 128 9.8 0.9
"72" "57" 2006-04-02 29.42 "NYK" "@" "PHI" "L" -19 0 18.5166666666667 0.5 0.5 7.6 25.1 16 11.5 0 0 20 25.1 87 127 3.5 -10.2
"73" "58" 2006-04-04 29.43 "NYK" "@" "WAS" "L" -15 0 17.4666666666667 0.253 0.222 15.3 14.9 15.1 0 0 0 9.2 27.4 66 118 -0.7 -17.4
"74" "59" 2006-04-05 29.43 "NYK" "" "CLE" "W" 2 0 26.3166666666667 0.25 0.25 0 0 0 5.3 0 0 20 9.1 56 118 -1.5 -10
"75" "60" 2006-04-07 29.44 "NYK" "" "IND" "W" 2 0 23.95 0.4 0.4 5 17.2 10.7 7.2 0 0 23.1 24.7 75 118 0.3 -14.4
"76" "61" 2006-04-09 29.44 "NYK" "@" "BOS" "W" 15 0 22.9833333333333 0.514 0.429 5.6 23.9 14.5 0 2.3 0 18.6 21.9 93 94 4.6 -5.3
"77" "62" 2006-04-10 29.44 "NYK" "@" "IND" "L" -19 0 19.8333333333333 0.363 0.333 6.4 7.3 6.8 18.5 0 0 12.7 19 84 126 2.2 -4.2
"78" "63" 2006-04-13 29.45 "NYK" "@" "CLE" "L" -4 0 22.5666666666667 0 0 0 25.9 13.3 6.6 0 3.5 75 8.8 14 103 -2.4 -15.5
"79" "64" 2006-04-14 29.45 "NYK" "" "MIL" "L" -17 0 29.6833333333333 0.586 0.529 0 17.5 8.5 18.5 1.8 2.6 9.6 34.2 109 108 15.6 7.3
"80" "65" 2006-04-16 29.46 "NYK" "@" "DET" "L" -6 0 26.9666666666667 0.5 0.5 4.7 20.3 12.2 15.9 0 0 25 13.5 97 120 4.6 -4.9
"81" "66" 2006-04-17 29.46 "NYK" "" "CHA" "L" -7 0 28.9 0.4 0.4 4.9 21.3 13.7 11.3 1.9 2.4 28.6 23.8 67 106 2.3 -9.8
"82" "67" 2006-04-19 29.47 "NYK" "@" "NJN" "W" 7 0 15.2833333333333 0.637 0.5 10.5 7.3 8.6 26.6 0 5.5 10.4 32.8 131 108 9.7 8
"1" "1" 2006-11-01 30.01 "SAC" "@" "MIN" "L" -9 0 7.23333333333333 0 0 12.3 19 14.9 21.4 0 0 0 22.5 26 105 -1.5 -16.5
"2" "" 2006-11-03 30.01 "SAC" "@" "CHI" "W" 1 NA NA NA NA NA NA NA NA NA NA NA NA NA NA NA NA
"3" "2" 2006-11-04 30.01 "SAC" "@" "MIL" "L" -13 0 7.86666666666667 0 0 0 38.1 15.1 0 6.9 0 0 5.6 0 103 0.1 -10.4
"4" "3" 2006-11-06 30.02 "SAC" "" "MIN" "W" 12 0 5.46666666666667 0 0 0 0 0 0 0 0 0 8.3 0 101 -0.7 -11.2
"5" "" 2006-11-08 30.02 "SAC" "" "DET" "W" 13 NA NA NA NA NA NA NA NA NA NA NA NA NA NA NA NA
"6" "" 2006-11-12 30.04 "SAC" "" "TOR" "W" 15 NA NA NA NA NA NA NA NA NA NA NA NA NA NA NA NA
"7" "" 2006-11-15 30.04 "SAC" "" "MEM" "W" 4 NA NA NA NA NA NA NA NA NA NA NA NA NA NA NA NA
"8" "" 2006-11-16 30.05 "SAC" "@" "GSW" "L" -12 NA NA NA NA NA NA NA NA NA NA NA NA NA NA NA NA
"9" "" 2006-11-19 30.05 "SAC" "" "SAS" "L" -9 NA NA NA NA NA NA NA NA NA NA NA NA NA NA NA NA
"10" "4" 2006-11-22 30.06 "SAC" "" "UTA" "L" -9 0 6.01666666666667 0 0 0 0 0 0 0 0 0 15.2 0 127 -1.4 -21.9
"11" "" 2006-11-24 30.07 "SAC" "@" "SEA" "W" 9 NA NA NA NA NA NA NA NA NA NA NA NA NA NA NA NA
"12" "" 2006-11-25 30.07 "SAC" "" "POR" "W" 20 NA NA NA NA NA NA NA NA NA NA NA NA NA NA NA NA
"13" "" 2006-11-28 30.08 "SAC" "" "LAC" "W" 13 NA NA NA NA NA NA NA NA NA NA NA NA NA NA NA NA
"14" "" 2006-12-01 30.09 "SAC" "@" "DAL" "L" -19 NA NA NA NA NA NA NA NA NA NA NA NA NA NA NA NA
"15" "" 2006-12-02 30.09 "SAC" "@" "SAS" "L" -2 NA NA NA NA NA NA NA NA NA NA NA NA NA NA NA NA
"16" "" 2006-12-04 30.1 "SAC" "" "ORL" "L" -3 NA NA NA NA NA NA NA NA NA NA NA NA NA NA NA NA
"17" "" 2006-12-05 30.1 "SAC" "@" "PHO" "L" -25 NA NA NA NA NA NA NA NA NA NA NA NA NA NA NA NA
"18" "" 2006-12-07 30.1 "SAC" "" "MIA" "L" -2 NA NA NA NA NA NA NA NA NA NA NA NA NA NA NA NA
"19" "" 2006-12-10 30.11 "SAC" "" "ATL" "W" 25 NA NA NA NA NA NA NA NA NA NA NA NA NA NA NA NA
"20" "" 2006-12-12 30.12 "SAC" "@" "GSW" "L" -13 NA NA NA NA NA NA NA NA NA NA NA NA NA NA NA NA
"21" "" 2006-12-15 30.13 "SAC" "@" "UTA" "W" 1 NA NA NA NA NA NA NA NA NA NA NA NA NA NA NA NA
"22" "" 2006-12-16 30.13 "SAC" "" "PHO" "L" -7 NA NA NA NA NA NA NA NA NA NA NA NA NA NA NA NA
"23" "5" 2006-12-18 30.13 "SAC" "" "DAL" "L" -18 0 2.66666666666667 1.136 NA 0 0 0 54.5 20.2 0 0 14.4 241 83 3.7 57.8
"24" "" 2006-12-21 30.14 "SAC" "" "WAS" "L" -7 NA NA NA NA NA NA NA NA NA NA NA NA NA NA NA NA
"25" "6" 2006-12-22 30.15 "SAC" "@" "DEN" "W" 5 0 8.2 0.425 0.4 13.6 20.9 17.7 22.3 0 0 0 29 103 95 3.9 1.6
"26" "7" 2006-12-27 30.16 "SAC" "" "PHI" "W" 25 0 9.11666666666667 0.5 0.5 0 25.7 14.6 0 0 0 0 11.3 100 92 0.8 -8.7
"27" "" 2006-12-29 30.16 "SAC" "@" "LAC" "L" -9 NA NA NA NA NA NA NA NA NA NA NA NA NA NA NA NA
"28" "" 2006-12-30 30.17 "SAC" "" "GSW" "W" 23 NA NA NA NA NA NA NA NA NA NA NA NA NA NA NA NA
"29" "" 2007-01-02 30.18 "SAC" "" "NYK" "W" 12 NA NA NA NA NA NA NA NA NA NA NA NA NA NA NA NA
"30" "8" 2007-01-04 30.18 "SAC" "" "LAL" "L" -4 0 3.93333333333333 0.266 0 0 0 0 0 0 0 34.7 32.2 37 129 -1.5 -31.3
"31" "9" 2007-01-06 30.19 "SAC" "" "POR" "L" -5 0 13.1166666666667 0.174 0 18.8 37.6 28.2 21.8 0 6.7 25.8 14 77 101 2.5 -1.2
"32" "10" 2007-01-09 30.19 "SAC" "" "CLE" "L" -10 0 16.6166666666667 0.735 0.667 17.5 5.9 10.6 0 3.3 0 17.4 17.2 133 123 6.6 0.8
"33" "" 2007-01-12 30.2 "SAC" "@" "POR" "L" -8 NA NA NA NA NA NA NA NA NA NA NA NA NA NA NA NA
"34" "11" 2007-01-13 30.21 "SAC" "" "HOU" "L" -4 1 8.71666666666667 0 0 0 41.5 22.5 0 0 0 33.3 17.5 0 115 -3.1 -26.7
"35" "12" 2007-01-15 30.21 "SAC" "@" "NYK" "L" -5 1 14.3166666666667 0.551 0.6 29.2 30.5 29.7 0 3.6 0 26.9 23.5 96 104 4.4 -6.2
"36" "" 2007-01-17 30.22 "SAC" "@" "TOR" "L" -16 NA NA NA NA NA NA NA NA NA NA NA NA NA NA NA NA
"37" "" 2007-01-19 30.22 "SAC" "@" "BOS" "W" 5 NA NA NA NA NA NA NA NA NA NA NA NA NA NA NA NA
"38" "" 2007-01-20 30.22 "SAC" "@" "DET" "L" -17 NA NA NA NA NA NA NA NA NA NA NA NA NA NA NA NA
"39" "" 2007-01-22 30.23 "SAC" "" "NJN" "W" 1 NA NA NA NA NA NA NA NA NA NA NA NA NA NA NA NA
