"Rk" "G" "Date" "Age" "Tm" "H/A" "Opp" "W/L" "By Amt" "GS" "MP" "TS%" "eFG%" "ORB%" "DRB%" "TRB%" "AST%" "STL%" "BLK%" "TOV%" "USG%" "ORtg" "DRtg" "GmSc" "BPM"
"1" "" 2004-11-03 19.4 "POR" "@" "GSW" "W" 3 NA NA NA NA NA NA NA NA NA NA NA NA NA NA NA NA
"2" "1" 2004-11-05 19.41 "POR" "" "LAC" "W" 13 0 1.4 NA NA 0 0 0 100 0 0 NA 0 210 108 0.7 12.3
"3" "" 2004-11-07 19.41 "POR" "@" "TOR" "L" -4 NA NA NA NA NA NA NA NA NA NA NA NA NA NA NA NA
"4" "2" 2004-11-09 19.42 "POR" "@" "NJN" "L" -4 0 2.21666666666667 0 0 0 0 0 0 0 0 0 23.6 0 88 -1.1 -30.4
"5" "3" 2004-11-10 19.42 "POR" "@" "BOS" "L" -2 0 4.18333333333333 1.5 1.5 0 0 0 0 0 0 50 25.3 60 114 1.7 9.3
"6" "" 2004-11-13 19.43 "POR" "" "TOR" "W" 3 NA NA NA NA NA NA NA NA NA NA NA NA NA NA NA NA
"7" "4" 2004-11-17 19.44 "POR" "" "MEM" "L" -19 0 14.3666666666667 0.333 0.333 0 0 0 80.4 3.9 0 50 19.9 65 116 2.1 -5
"8" "" 2004-11-19 19.45 "POR" "" "MIL" "W" 12 NA NA NA NA NA NA NA NA NA NA NA NA NA NA NA NA
"9" "" 2004-11-21 19.45 "POR" "" "HOU" "L" -4 NA NA NA NA NA NA NA NA NA NA NA NA NA NA NA NA
"10" "" 2004-11-23 19.46 "POR" "@" "MIA" "W" 12 NA NA NA NA NA NA NA NA NA NA NA NA NA NA NA NA
"11" "" 2004-11-24 19.46 "POR" "@" "ORL" "W" 6 NA NA NA NA NA NA NA NA NA NA NA NA NA NA NA NA
"12" "" 2004-11-26 19.47 "POR" "@" "DAL" "L" -9 NA NA NA NA NA NA NA NA NA NA NA NA NA NA NA NA
"13" "5" 2004-11-28 19.47 "POR" "" "NJN" "W" 12 0 0.5 NA NA 0 0 0 0 0 0 NA 0 0 96 0 -9.4
"14" "" 2004-11-30 19.48 "POR" "" "SEA" "W" 6 NA NA NA NA NA NA NA NA NA NA NA NA NA NA NA NA
"15" "6" 2004-12-04 19.49 "POR" "@" "SEA" "L" -10 0 0.916666666666667 1 1 0 0 0 0 0 0 0 46 200 120 1.7 54.2
"16" "7" 2004-12-05 19.49 "POR" "" "PHO" "L" -22 0 16.1666666666667 0.479 0 0 20 10 16.2 3.2 0 0 24.1 133 125 8.4 4.5
"17" "8" 2004-12-09 19.5 "POR" "" "BOS" "W" 2 0 24.3833333333333 0.619 0.563 0 4 1.9 22.7 0 0 31.1 20.7 96 108 4.2 -5.6
"18" "9" 2004-12-10 19.5 "POR" "@" "UTA" "L" -5 0 21.4 0.412 0.357 0 6 3.1 13 0 0 6 38.5 89 104 4 -6.6
"19" "10" 2004-12-12 19.51 "POR" "" "UTA" "W" 10 0 17.7833333333333 0.488 0.417 0 0 0 0 0 0 32.8 34.7 65 112 -0.6 -18.8
"20" "11" 2004-12-14 19.52 "POR" "@" "MIN" "L" -11 0 0.466666666666667 NA NA 0 0 0 0 0 0 NA 0 0 123 0 -15.4
"21" "12" 2004-12-15 19.52 "POR" "@" "CLE" "L" -24 0 10.7833333333333 0.512 0.5 0 0 0 46.3 0 0 38.1 30.8 75 125 1.3 -12
"22" "13" 2004-12-17 19.52 "POR" "@" "ATL" "W" 16 0 9.16666666666667 0.694 0.5 0 0 0 29.9 5.5 0 51 29.7 81 88 2 -4.8
"23" "" 2004-12-18 19.53 "POR" "@" "DET" "W" 1 NA NA NA NA NA NA NA NA NA NA NA NA NA NA NA NA
"24" "" 2004-12-20 19.53 "POR" "@" "CHI" "L" -5 NA NA NA NA NA NA NA NA NA NA NA NA NA NA NA NA
"25" "14" 2004-12-22 19.54 "POR" "@" "MIL" "W" 9 0 0.516666666666667 NA NA 0 0 0 100 0 0 NA 0 232 116 0.7 55.2
"26" "" 2004-12-27 19.55 "POR" "" "PHI" "L" -7 NA NA NA NA NA NA NA NA NA NA NA NA NA NA NA NA
"27" "15" 2004-12-30 19.56 "POR" "" "SAS" "L" -34 0 7.93333333333333 0.258 0 0 0 0 20 0 0 20.5 29 56 137 -0.4 -17.5
"28" "16" 2005-01-01 19.56 "POR" "" "GSW" "W" 9 0 24.65 0.53 0.455 4.9 13.6 10 41.7 0 0 7 27.3 116 100 11.5 2.2
"29" "17" 2005-01-02 19.57 "POR" "@" "PHO" "L" -19 0 12.05 0.2 0.2 0 0 0 10.3 4.1 0 28.6 23.9 42 120 -2.2 -17.1
"30" "18" 2005-01-05 19.58 "POR" "@" "LAC" "L" -4 0 11.0166666666667 0.388 0.417 0 10.1 5.5 29.8 0 0 13.4 30.9 87 123 1.1 -12.4
"31" "19" 2005-01-07 19.58 "POR" "" "MIA" "L" -11 0 15.8833333333333 0.222 0.222 0 18.3 9 41.8 7.1 0 10 31.7 60 104 2.1 -6.8
"32" "20" 2005-01-09 19.59 "POR" "@" "NYK" "L" -8 0 22.5333333333333 0.167 0.167 0 16.1 7.1 36.6 0 0 40 20.6 64 136 -1.5 -18.8
"33" "21" 2005-01-10 19.59 "POR" "@" "PHI" "W" 9 0 11.3833333333333 0.5 0.5 0 20.8 10.6 26.7 0 0 25 16.8 97 111 2.3 -4
"34" "22" 2005-01-12 19.59 "POR" "@" "WAS" "L" -4 0 10.4 0.258 0 10.4 8.9 9.6 11.8 0 0 20.5 20.3 72 116 -1.4 -23.9
"35" "23" 2005-01-14 19.6 "POR" "@" "NOH" "L" -6 0 6.86666666666667 0.667 0.667 0 0 0 34.8 0 0 0 24.9 147 147 3.4 1.5
"36" "24" 2005-01-15 19.6 "POR" "@" "MIN" "L" -8 0 8.05 0.276 0.2 14.6 17.1 15.8 0 0 0 0 34.2 72 115 0.9 -12.3
"37" "25" 2005-01-18 19.61 "POR" "@" "SAC" "L" -6 0 3.5 NA NA 0 0 0 0 0 0 NA 0 0 126 0 -10
"38" "26" 2005-01-19 19.61 "POR" "" "CLE" "L" -6 0 11.0666666666667 0.5 0.5 0 10.9 5.3 42.7 0 0 0 8 156 122 3.4 0.6
"39" "27" 2005-01-22 19.62 "POR" "" "MIN" "L" -9 0 2.61666666666667 NA NA 0 0 0 0 0 0 NA 0 0 116 -0.4 -17.4
"40" "28" 2005-01-24 19.63 "POR" "" "SAS" "W" 8 0 16.6166666666667 0.694 0.5 0 0 0 23.1 0 0 51 18.8 88 130 0.9 -12.7
"41" "29" 2005-01-26 19.63 "POR" "" "DAL" "L" -7 0 4.31666666666667 0 0 0 31.6 13.5 0 0 0 66.7 33.1 0 104 -2.4 -38.8
"42" "30" 2005-01-28 19.64 "POR" "" "LAC" "W" 4 0 13.4333333333333 0.688 0.688 0 0 0 32.9 0 0 20 32.1 113 112 5.6 3
"43" "31" 2005-02-01 19.65 "POR" "@" "LAL" "L" -13 0 10.5666666666667 0.102 0 0 32.7 15.2 13.6 0 0 29.1 29.4 23 105 -3 -28.7
"44" "32" 2005-02-02 19.65 "POR" "" "DEN" "W" 3 0 14.9 0.571 0.571 0 7.3 3.9 13.1 0 0 11.3 28.8 109 120 4.1 -3.2
"45" "33" 2005-02-04 19.66 "POR" "" "CHA" "W" 12 0 23.45 0.741 0.667 0 11.1 6.3 31.6 4.1 0 6.1 30.1 144 88 21 21.2
"46" "34" 2005-02-05 19.66 "POR" "" "SAC" "W" 6 0 12.0833333333333 0.2 0.2 0 0 0 10.3 0 0 16.7 22.9 49 127 -3 -27.8
"47" "35" 2005-02-09 19.67 "POR" "" "NOH" "L" -11 0 14.25 0.5 0.5 8.4 0 4.3 21.1 4.2 0 11.1 34.3 94 114 4.2 -3
"48" "36" 2005-02-11 19.68 "POR" "@" "MEM" "L" -6 0 2.76666666666667 0 0 0 0 0 0 0 0 0 29.8 0 111 -1.4 -32
"49" "37" 2005-02-13 19.68 "POR" "@" "HOU" "L" -1 0 12.1 0.25 0.25 0 8.7 4.9 30.8 0 0 33.3 26.9 49 101 -1.1 -18.6
"50" "38" 2005-02-14 19.68 "POR" "@" "CHA" "W" 3 0 5.9 0.532 0 0 0 0 29.1 0 0 34.7 29.3 87 111 0.2 -17.2
"51" "39" 2005-02-16 19.69 "POR" "@" "IND" "L" -8 0 12.05 0.5 0.5 0 32.7 17.8 12.9 0 0 0 11.8 121 103 2 -5.8
"52" "40" 2005-02-23 19.71 "POR" "" "LAL" "L" -3 0 3.68333333333333 NA NA 0 0 0 0 0 0 NA 0 0 112 0 -11
"53" "" 2005-02-25 19.72 "POR" "" "ATL" "W" 1 NA NA NA NA NA NA NA NA NA NA NA NA NA NA NA NA
"54" "41" 2005-02-27 19.72 "POR" "" "MIN" "L" -8 0 12.2833333333333 0.085 0 0 8.9 4.8 40 0 0 14.5 27.6 43 114 -1.9 -19.4
"55" "42" 2005-03-01 19.73 "POR" "" "DET" "L" -10 0 11.8333333333333 0.434 0.25 0 13.2 6.1 25.9 0 0 0 24.5 112 123 3.5 -3.2
"56" "43" 2005-03-04 19.73 "POR" "" "IND" "L" -9 1 26.0333333333333 0.571 0.429 0 4.6 2.5 32.1 0 0 25.5 22.6 102 129 6.2 -8.2
"57" "44" 2005-03-05 19.74 "POR" "@" "PHO" "L" -13 1 36.9833333333333 0.567 0.533 0 0 0 25.5 3.8 0 20.1 21 111 124 14.2 1.8
"58" "45" 2005-03-07 19.74 "POR" "@" "DEN" "L" -13 1 32.4166666666667 0.338 0.25 0 14 8.3 37.3 2.8 1.8 44.1 20 64 106 3.5 -8.2
"59" "46" 2005-03-09 19.75 "POR" "" "CHI" "L" -13 1 35.7166666666667 0.477 0.364 4.2 8.3 6.7 23.5 1.5 0 22.7 23.4 88 111 7.5 -6.3
"60" "47" 2005-03-12 19.76 "POR" "" "MEM" "W" 14 1 39.9 0.394 0.375 0 12.5 7 30.7 0 0 18.4 13.2 91 83 5.8 -3.9
"61" "48" 2005-03-14 19.76 "POR" "@" "MEM" "L" -21 1 38.9333333333333 0.463 0.455 0 7.2 3.6 32.1 0 0 29.6 21.5 82 128 5.4 -9.1
"62" "49" 2005-03-16 19.77 "POR" "@" "HOU" "L" -31 1 34.4166666666667 0.452 0 3.4 11.4 7.2 38 0 0 23.1 12.4 99 126 6.1 -7
"63" "50" 2005-03-17 19.77 "POR" "@" "DAL" "L" -4 1 38.35 0.5 0.5 0 2.5 1.4 29.4 0 0 20 22.8 90 113 6.5 -6
"64" "51" 2005-03-19 19.78 "POR" "" "ORL" "L" -5 1 36.05 0.465 0.4 0 10.3 5.9 27.8 2.9 1.4 10.4 25.5 98 106 10.9 -3.1
"65" "52" 2005-03-21 19.78 "POR" "@" "LAC" "L" -7 1 28.2833333333333 0.44 0.364 0 13.5 5.5 23.2 0 0 6.8 21.8 102 112 6.3 -4.5
"66" "53" 2005-03-22 19.78 "POR" "@" "SAC" "L" -19 1 31.85 0.336 0.286 0 5.9 3.4 17.6 0 0 35 15.6 62 126 -0.9 -14.2
"67" "54" 2005-03-24 19.79 "POR" "" "SEA" "L" -5 1 22.0166666666667 0.5 0.5 0 4.6 2.6 7.3 0 0 0 12.7 107 118 2.8 -8.2
"68" "55" 2005-03-26 19.79 "POR" "" "NYK" "W" 7 1 33.8 0.429 0.429 0 10.4 5.1 25.2 0 0 36.4 15.5 76 112 2.6 -10.5
"69" "56" 2005-03-28 19.8 "POR" "" "WAS" "L" -8 1 34.9333333333333 0.576 0.538 0 3.2 1.7 24.6 4.3 0 16.9 22.3 109 119 13.6 -1.2
"70" "57" 2005-03-30 19.81 "POR" "" "HOU" "L" -16 1 31.7 0.19 0.143 0 10.7 5.9 24.6 0 0 27.6 17.5 50 119 -1.3 -15.1
"71" "58" 2005-04-01 19.81 "POR" "@" "SEA" "L" -2 1 36.9 0.676 0.708 0 8.6 4.9 43.9 1.5 0 23.1 23.8 113 109 14.7 3.6
"72" "59" 2005-04-02 19.81 "POR" "" "DEN" "L" -6 1 41.2166666666667 0.454 0.333 5.6 7.3 6.3 36.4 1.3 0 18.5 22.8 100 114 11.9 -2.2
"73" "60" 2005-04-05 19.82 "POR" "@" "UTA" "L" -11 1 43.7833333333333 0.44 0.423 0 5.1 2.9 34.2 1.3 0 21.3 21.5 88 108 6.7 -6.5
"74" "61" 2005-04-06 19.82 "POR" "" "GSW" "L" -2 1 21.85 0.51 0.4 0 4.3 2.4 13 0 0 33.8 17.5 77 119 1.2 -14.4
"75" "62" 2005-04-08 19.83 "POR" "" "SAC" "L" -4 1 40.4666666666667 0.717 0.667 6.7 4.9 5.6 22.1 0 0 6.4 17.4 155 135 18.2 1.5
"76" "63" 2005-04-10 19.84 "POR" "@" "NOH" "W" 9 1 24.95 0.5 0.5 0 4.8 2.3 42.2 2.2 0 18.2 21 96 97 6.6 -2
"77" "64" 2005-04-12 19.84 "POR" "@" "SAS" "L" -6 1 35.2 0.396 0.385 0 2.8 1.5 4.5 3.1 1.9 6.7 19.9 80 115 5.8 -6.2
"78" "65" 2005-04-14 19.85 "POR" "" "DAL" "L" -12 1 41.45 0.468 0.462 0 5.4 2.8 25.7 1.3 0 17.8 18.8 94 119 7.8 -5.7
"79" "" 2005-04-15 19.85 "POR" "@" "GSW" "L" -20 NA NA NA NA NA NA NA NA NA NA NA NA NA NA NA NA
"80" "66" 2005-04-17 19.85 "POR" "" "UTA" "W" 18 1 20.5166666666667 0.205 0 0 10.4 6.3 11.7 5.6 0 0 12.2 73 95 2.8 -7
"81" "67" 2005-04-19 19.86 "POR" "@" "DEN" "L" -4 1 37.4833333333333 0.468 0.4 0 11.2 5.5 43.3 7.3 1.5 14.5 15.1 111 106 19 6.7
"82" "68" 2005-04-20 19.86 "POR" "" "LAL" "W" 3 1 42.5 0.715 0.682 0 8.4 4.6 37 0 0 29.6 19.7 113 118 15.7 -0.9
"1" "1" 2005-11-02 20.4 "POR" "@" "MIN" "L" -4 1 33.6166666666667 0.417 0.417 0 6.5 3.1 12.9 0 0 33.3 12.2 67 109 0.1 -13.7
"2" "2" 2005-11-04 20.41 "POR" "@" "DEN" "L" -39 1 21.9333333333333 0.227 0.227 14.4 5.1 10.5 26.7 2.3 0 21.4 26.9 54 113 -0.3 -11.7
"3" "3" 2005-11-05 20.41 "POR" "" "ATL" "W" 1 1 34.8333333333333 0.567 0.533 0 19.1 9.3 17.7 1.6 0 11.2 22.8 115 107 11.3 0.7
"4" "4" 2005-11-09 20.42 "POR" "" "NYK" "W" 12 1 19.95 0.85 0.9 0 5.6 2.7 17.6 0 0 25.4 17.6 127 103 5 -3.9
"5" "5" 2005-11-11 20.42 "POR" "" "DET" "L" -3 1 29.1166666666667 0.581 0.5 4.8 4.2 4.5 36.6 0 0 30.4 18.1 105 115 5.2 -4.4
"6" "6" 2005-11-16 20.44 "POR" "" "CHI" "W" 3 1 28.6 0.4 0.4 0 0 0 30.8 0 2.3 16.7 21.1 85 124 3.6 -9.2
"7" "7" 2005-11-18 20.44 "POR" "" "GSW" "L" -11 1 39.4 0.563 0.531 0 2.5 1.5 18.8 1.4 0 14.5 25.4 106 112 10.8 0.9
"8" "8" 2005-11-20 20.45 "POR" "@" "NYK" "L" -11 1 40.5333333333333 0.802 0.792 4.4 19.1 12.3 35.2 4.1 0 15.1 24.8 145 113 25.7 11.2
"9" "9" 2005-11-22 20.45 "POR" "@" "MEM" "W" 8 1 28.4333333333333 0.143 0.143 0 9.9 5.8 31.3 0 0 22.2 15.3 56 108 0.2 -13.2
"10" "10" 2005-11-23 20.46 "POR" "@" "MIA" "L" -21 1 20.4 0.276 0.2 0 6.4 3.1 23.8 0 0 26.9 18.5 58 121 -0.5 -15.7
"11" "11" 2005-11-25 20.46 "POR" "@" "ORL" "L" -15 1 34.6666666666667 0.527 0.433 0 10.9 5.3 43.1 1.7 0 0 26.5 126 124 16.6 3.8
"12" "12" 2005-11-27 20.47 "POR" "@" "ATL" "W" 2 1 25.8 0.143 0.143 0 9.3 4.7 18.5 2.3 0 22.2 18.1 41 95 -1.6 -14.3
"13" "13" 2005-11-29 20.47 "POR" "@" "PHI" "L" -24 1 25.2833333333333 0.667 0.667 0 0 0 25.3 2.1 0 10 19.5 119 123 8.6 1
"14" "14" 2005-11-30 20.48 "POR" "@" "WAS" "L" -7 1 38.2833333333333 0.407 0.367 0 12.3 7.2 27.7 1.3 0 10.4 22.2 91 99 9.6 -2.7
"15" "15" 2005-12-02 20.48 "POR" "" "IND" "L" -20 1 26.0333333333333 0.35 0.35 0 5.1 2.3 36.2 2.3 0 9.1 21 86 123 5 -2
"16" "16" 2005-12-04 20.49 "POR" "" "UTA" "L" -5 1 31.25 0.542 0.393 0 0 0 29.7 3.6 0 10.2 29.2 126 115 12.7 3.8
"17" "17" 2005-12-06 20.49 "POR" "@" "PHO" "L" -45 1 25.5833333333333 0.505 0.455 0 4.9 2.1 0 0 0 7.8 21.4 102 149 4.8 -10.6
"18" "18" 2005-12-07 20.5 "POR" "" "MIN" "L" -10 1 26.9833333333333 0.2 0.2 0 4.3 2.2 43.7 2.2 2.9 16.7 22.4 54 105 0.4 -7.9
"19" "19" 2005-12-09 20.5 "POR" "" "NOK" "W" 3 1 31.3833333333333 0.468 0.45 0 5 2.2 40.6 0 0 7.8 20 116 109 8.9 1.8
"20" "20" 2005-12-11 20.51 "POR" "" "HOU" "L" -14 1 25.8166666666667 0.623 0.591 0 0 0 26.9 2.2 0 6.8 25.7 132 120 10.6 7.8
"21" "21" 2005-12-14 20.52 "POR" "@" "UTA" "L" -5 1 19.1166666666667 0.338 0.25 0 9.5 5.6 11.7 3.3 0 31.1 18.3 55 105 0.1 -13.3
"22" "" 2005-12-16 20.52 "POR" "" "SEA" "L" -12 NA NA NA NA NA NA NA NA NA NA NA NA NA NA NA NA
"23" "" 2005-12-18 20.53 "POR" "" "WAS" "W" 5 NA NA NA NA NA NA NA NA NA NA NA NA NA NA NA NA
"24" "" 2005-12-20 20.53 "POR" "@" "DET" "L" -4 NA NA NA NA NA NA NA NA NA NA NA NA NA NA NA NA
"25" "" 2005-12-21 20.53 "POR" "@" "MEM" "L" -10 NA NA NA NA NA NA NA NA NA NA NA NA NA NA NA NA
"26" "" 2005-12-23 20.54 "POR" "@" "MIN" "W" 8 NA NA NA NA NA NA NA NA NA NA NA NA NA NA NA NA
"27" "" 2005-12-26 20.55 "POR" "@" "SAC" "W" 13 NA NA NA NA NA NA NA NA NA NA NA NA NA NA NA NA
"28" "" 2005-12-28 20.55 "POR" "" "PHI" "W" 4 NA NA NA NA NA NA NA NA NA NA NA NA NA NA NA NA
"29" "" 2005-12-30 20.56 "POR" "" "MEM" "L" -3 NA NA NA NA NA NA NA NA NA NA NA NA NA NA NA NA
"30" "" 2006-01-01 20.56 "POR" "" "LAC" "L" -6 NA NA NA NA NA NA NA NA NA NA NA NA NA NA NA NA
"31" "" 2006-01-03 20.57 "POR" "@" "DAL" "L" -14 NA NA NA NA NA NA NA NA NA NA NA NA NA NA NA NA
"32" "" 2006-01-04 20.57 "POR" "@" "SAS" "L" -31 NA NA NA NA NA NA NA NA NA NA NA NA NA NA NA NA
"33" "" 2006-01-06 20.58 "POR" "@" "NOK" "L" -10 NA NA NA NA NA NA NA NA NA NA NA NA NA NA NA NA
"34" "22" 2006-01-08 20.58 "POR" "" "MIA" "L" -29 0 23.7166666666667 0.19 0.143 0 0 0 21 0 0 20.2 19.6 43 130 -2.6 -18.9
"35" "23" 2006-01-11 20.59 "POR" "" "LAL" "W" 10 0 11.05 0.5 0.5 0 0 0 11.2 0 0 25 16.6 88 118 0.2 -10.5
"36" "24" 2006-01-13 20.6 "POR" "" "ORL" "W" 5 0 23.7833333333333 0.875 0.875 0 20.2 11.5 31.2 0 0 20 32 134 127 16.4 10.2
"37" "25" 2006-01-15 20.6 "POR" "" "CLE" "W" 2 0 20.2833333333333 0.317 0.214 0 12.5 6.3 7.5 0 0 20.2 23.3 66 111 -0.6 -14.1
"38" "26" 2006-01-18 20.61 "POR" "" "TOR" "W" 2 0 10.6166666666667 0 0 0 0 0 35.7 5.2 0 40 22.8 33 103 -3 -26.1
"39" "27" 2006-01-22 20.62 "POR" "" "DAL" "L" -6 0 19.5666666666667 0.225 0.25 0 5.6 2.8 33.6 0 0 18.4 13.6 73 113 0.1 -9.9
"40" "28" 2006-01-25 20.63 "POR" "" "DEN" "L" -3 0 17.1 0.615 0.5 0 6.8 3.7 15.4 3.3 0 29.1 19 100 111 3.9 -4.7
"41" "29" 2006-01-27 20.64 "POR" "" "NJN" "W" 5 0 26.2833333333333 0.46 0.313 0 21.2 12.9 12.9 6.3 0 7.7 25 97 86 9.5 1.9
"42" "30" 2006-01-28 20.64 "POR" "@" "GSW" "L" -15 0 28.8166666666667 0.53 0.5 0 15.5 7.7 44.1 5.7 0 15 22 103 103 12.2 5.3
"43" "31" 2006-01-30 20.64 "POR" "@" "SEA" "W" 5 0 20.9333333333333 0.317 0.214 5.5 24.1 14.3 11 0 0 0 16.1 113 123 2.2 -12.1
"44" "32" 2006-02-01 20.65 "POR" "" "SAS" "L" -4 0 18.3833333333333 0.313 0.313 0 5.9 2.8 31.6 3 0 11.1 23.1 70 102 1.8 -3.9
"45" "33" 2006-02-03 20.65 "POR" "" "MIN" "W" 4 0 19.1166666666667 0.37 0.2 0 6.8 3.1 15.5 0 0 0 16.9 102 108 2.8 -6.8
"46" "34" 2006-02-04 20.66 "POR" "@" "DEN" "L" -1 0 23.2333333333333 0.875 0.875 0 5.2 2.6 33.7 2.2 0 27.3 21 127 114 11 8.7
"47" "35" 2006-02-08 20.67 "POR" "@" "IND" "L" -32 0 24.1666666666667 0.517 0.438 0 18.1 8 14.1 2.3 0 8.6 22.3 105 115 7.3 0.7
"48" "36" 2006-02-10 20.67 "POR" "@" "BOS" "L" -32 0 26.75 0.444 0.2 0 0 0 41.6 6.2 0 30.7 17.7 90 128 6.6 -1
"49" "37" 2006-02-12 20.68 "POR" "@" "TOR" "L" -33 0 22.2166666666667 0.461 0.313 4.5 13.5 8.1 31.2 0 0 17 25.6 93 134 5.9 -6.6
"50" "38" 2006-02-13 20.68 "POR" "@" "CHA" "W" 8 0 22.6666666666667 0.4 0.4 0 5.6 2.7 32.3 2.3 0 16.7 12.2 95 93 3.5 -5.3
"51" "39" 2006-02-15 20.69 "POR" "@" "NOK" "L" -16 0 19.2833333333333 0.25 0.25 0 0 0 16.9 0 0 33.3 15 49 125 -1.4 -16.3
"52" "40" 2006-02-21 20.7 "POR" "@" "LAL" "L" -17 0 21.8 0.287 0.2 4.2 12.6 7.6 31.9 0 0 0 25.3 80 113 3.3 -6.9
"53" "41" 2006-02-22 20.71 "POR" "" "CHA" "L" -4 0 17.0166666666667 0.214 0.214 8.3 0 3.9 20.5 0 3.7 0 20.5 78 128 2 -9.1
"54" "" 2006-02-24 20.71 "POR" "" "BOS" "L" -6 NA NA NA NA NA NA NA NA NA NA NA NA NA NA NA NA
"55" "" 2006-02-26 20.72 "POR" "" "NOK" "L" -13 NA NA NA NA NA NA NA NA NA NA NA NA NA NA NA NA
"56" "42" 2006-02-27 20.72 "POR" "@" "SAC" "L" -24 0 22.6 0.687 0.556 0 0 0 25 6.9 3.4 7.9 27.9 134 115 15.3 15.8
"57" "43" 2006-03-01 20.73 "POR" "" "LAL" "W" 6 0 13.25 0.667 0.667 0 9.8 4.8 14.2 0 0 25 26.9 99 104 4 -4.3
"58" "44" 2006-03-04 20.73 "POR" "@" "SAS" "L" -20 0 14.5 0.5 0.5 6.2 0 3.6 36.3 3.8 5 0 12.7 131 114 4.9 5.9
"59" "45" 2006-03-05 20.74 "POR" "@" "HOU" "L" -18 0 26.8833333333333 0.393 0.364 4.5 4.1 4.3 13.9 2.1 0 0 20.7 99 121 5.1 -4.1
"60" "46" 2006-03-07 20.74 "POR" "@" "DAL" "L" -6 0 12.1166666666667 0.333 0.333 0 9.7 5 14.6 0 0 14.3 27.7 64 112 -0.6 -16.2
"61" "47" 2006-03-09 20.75 "POR" "" "DAL" "L" -17 0 17.75 0.785 0.8 0 0 0 93.3 3.3 0 11.6 25.6 157 134 13.7 18.1
"62" "48" 2006-03-12 20.76 "POR" "" "PHO" "W" 10 0 26.8 0.611 0.611 5 4.6 4.8 9.7 4.1 0 0 15.4 144 113 10.3 1.8
"63" "49" 2006-03-14 20.76 "POR" "@" "CHI" "L" -29 0 26.4333333333333 0 0 0 4.9 2.2 26.9 2.1 0 50 18.2 17 114 -5.2 -22.2
"64" "50" 2006-03-15 20.76 "POR" "@" "NJN" "L" -13 0 14.75 0.5 0.5 0 14.5 8.1 14.3 0 0 50 14.7 52 98 -0.1 -13.6
"65" "51" 2006-03-17 20.77 "POR" "@" "CLE" "L" -15 0 26.5833333333333 0.735 0.7 0 12.9 6.5 43.1 0 0 0 30.2 148 116 20 17.2
"66" "52" 2006-03-18 20.77 "POR" "@" "MIL" "L" -4 1 33.1666666666667 0.77 0.682 0 20.7 11.3 29.1 4.9 0 33.9 29 108 102 16.6 5.8
"67" "53" 2006-03-20 20.78 "POR" "" "MIL" "L" -7 1 23.2833333333333 0.375 0.375 0 0 0 23.1 2.5 3.6 0 26.7 94 119 5 -2.2
"68" "54" 2006-03-23 20.79 "POR" "@" "PHO" "L" -17 1 27.0666666666667 0.407 0.385 0 4.1 1.9 10.2 1.8 0 21.3 28.2 78 131 1.6 -11.8
"69" "55" 2006-03-24 20.79 "POR" "" "SAS" "L" -19 1 21.8 0.218 0.167 0 0 0 22.9 5.3 0 0 16.4 67 112 2.5 -5.2
"70" "56" 2006-03-26 20.79 "POR" "" "LAC" "L" -14 0 24.6 0.285 0.286 8.3 0 4.9 29.1 6.7 0 0 16.6 85 105 5.4 1.9
"71" "57" 2006-03-29 20.8 "POR" "" "SAC" "L" -16 0 18.9333333333333 0.444 0.3 0 0 0 16.1 0 0 0 18.7 113 139 3.9 -7.4
"72" "58" 2006-04-01 20.81 "POR" "" "UTA" "L" -13 0 16.55 0.521 0.5 6.9 16.1 11.2 10.7 0 0 0 17.6 119 120 4 -5.6
"73" "59" 2006-04-02 20.81 "POR" "@" "SEA" "L" -39 0 22.8166666666667 0.538 0.538 0 6.2 2.5 27.5 4.6 0 7.1 29.9 99 129 9.6 0.3
"74" "60" 2006-04-05 20.82 "POR" "" "HOU" "W" 1 0 28.1333333333333 0.689 0.667 10 14.2 12.2 48 0 0 17.5 20.9 129 98 11.7 4.4
"75" "61" 2006-04-07 20.83 "POR" "" "SEA" "L" -13 0 23.6 0.644 0.611 0 0 0 38.3 6.6 0 0 21.9 149 125 15.9 11.1
"76" "62" 2006-04-08 20.83 "POR" "@" "UTA" "L" -17 0 21.5333333333333 0.43 0.333 0 0 0 50.8 0 0 7.9 27.4 104 133 6.5 -2.6
"77" "63" 2006-04-10 20.84 "POR" "" "DEN" "L" -12 0 26.7166666666667 0.696 0.625 0 0 0 33.5 3.8 0 24.9 31.7 111 118 12.8 0.5
"78" "64" 2006-04-12 20.84 "POR" "@" "LAC" "L" -4 1 19.1666666666667 0.322 0.3 0 0 0 26.4 5.6 0 21.6 34.2 62 106 1.1 -11.4
"79" "65" 2006-04-14 20.85 "POR" "@" "LAL" "L" -11 1 27.4166666666667 0.588 0.545 0 0 0 44.6 0 0 19 28 111 133 10 -3.8
"80" "66" 2006-04-15 20.85 "POR" "" "GSW" "L" -5 1 25.6666666666667 0.505 0.5 0 8.1 4.5 22.8 4.3 0 29.6 33.9 76 98 5.2 -4.2
"81" "67" 2006-04-17 20.85 "POR" "@" "GSW" "L" -14 1 25.95 0.393 0.364 0 20 9.9 28.9 2.2 0 14.9 25.9 82 107 5.1 -7.9
"82" "68" 2006-04-19 20.86 "POR" "" "PHO" "L" -10 1 29.3 0.547 0.5 3.7 6.7 5.3 33 6.8 0 7.8 20 117 103 14.3 7.6
"1" "1" 2006-11-01 21.4 "BOS" "" "NOK" "L" -4 1 27.9333333333333 0.5 0.5 3.7 6.6 5.3 6.5 0 2.4 28.6 10.8 77 93 1.8 -3.7
"2" "2" 2006-11-03 21.4 "BOS" "" "DET" "L" -13 1 19.0666666666667 0.5 0.5 0 0 0 10.5 0 0 10 25.5 89 122 2.8 -7.6
"3" "3" 2006-11-04 21.41 "BOS" "@" "WAS" "L" -7 1 34.0833333333333 0.872 0.833 0 13.1 7.9 32.8 0 0 17.9 22.1 151 127 20.8 9.3
"4" "4" 2006-11-08 21.42 "BOS" "" "CHA" "W" 2 1 28.6666666666667 0.307 0.25 0 0 0 14.9 1.7 0 0 7.2 91 102 1.7 -5.2
"5" "5" 2006-11-10 21.42 "BOS" "" "UTA" "L" -7 1 7.26666666666667 0.667 0.667 0 16.5 8 24.7 0 0 0 18.7 140 118 3.3 1
"6" "6" 2006-11-11 21.42 "BOS" "@" "CLE" "L" -1 1 34.7 0.393 0.313 3.2 3.4 3.3 25.5 1.5 0 0 24.4 98 105 9.3 -0.3
"7" "7" 2006-11-13 21.43 "BOS" "" "ORL" "L" -3 1 24.9166666666667 0.654 0.583 0 6.6 2.5 38.2 0 0 12.7 14.6 132 113 8 2
"8" "8" 2006-11-15 21.44 "BOS" "" "IND" "W" 26 1 19.7833333333333 0.7 0.7 0 5.3 2.8 38.6 0 3.6 37.5 16.4 109 91 5.7 1.8
"9" "9" 2006-11-17 21.44 "BOS" "" "POR" "W" 28 1 24.8166666666667 0.689 0.65 0 0 0 49.4 0 3 8.4 22.6 145 105 15 7.9
"10" "10" 2006-11-18 21.44 "BOS" "@" "NYK" "W" 4 1 34.7166666666667 0.681 0.55 0 17.3 8.9 21.2 0 0 12.5 18.6 133 119 14.2 0.4
"11" "11" 2006-11-22 21.45 "BOS" "@" "CHA" "L" -9 1 31.5666666666667 0.35 0.35 0 3.5 1.7 38.8 3.3 2.3 28.6 19.7 70 96 3.5 -2.4
"12" "12" 2006-11-24 21.46 "BOS" "" "NYK" "L" -24 1 30.2166666666667 0.53 0.5 0 4.7 2 21 1.8 0 9.6 16.8 103 117 7.3 1.3
"13" "13" 2006-11-25 21.46 "BOS" "@" "MIL" "W" 13 1 36.2333333333333 0.607 0.556 0 3.6 1.8 32.7 0 0 9.2 14.4 136 116 11.4 0.5
"14" "14" 2006-11-29 21.47 "BOS" "" "NJN" "L" -3 1 35.15 0.568 0.545 3.6 7 5.3 24.6 1.6 0 8 17.1 123 125 11.7 -3.3
"15" "15" 2006-12-01 21.48 "BOS" "@" "TOR" "L" -4 1 27.3833333333333 0.394 0.375 0 5.2 2.7 17.1 5.9 0 25.3 21.2 71 112 3 -7.2
"16" "16" 2006-12-04 21.49 "BOS" "@" "CHI" "L" -18 1 23.7833333333333 0.286 0.286 0 14.8 7.1 32.3 0 0 12.5 15.4 70 111 1.8 -7.1
"17" "17" 2006-12-06 21.49 "BOS" "" "MEM" "L" -2 1 25.0833333333333 0.285 0.143 0 5.5 2.9 12.3 4.5 0 10.2 18.8 74 112 2 -9.4
"18" "18" 2006-12-08 21.5 "BOS" "" "PHO" "L" -5 1 30.8333333333333 0.583 0.583 0 6.2 2 25 3.2 0 7.7 16.9 123 118 12 2.3
"19" "19" 2006-12-09 21.5 "BOS" "@" "NJN" "W" 2 1 27.95 0 0 3.4 0 1.8 22.2 0 0 14.3 11.4 36 112 -2.9 -13
"20" "20" 2006-12-11 21.51 "BOS" "@" "NYK" "W" 7 1 32.0833333333333 0.368 0.3 0 2.6 1.6 18.4 3.2 0 8.4 17 86 100 4.7 -3.4
"21" "21" 2006-12-13 21.51 "BOS" "@" "PHI" "W" 20 1 15.0166666666667 0 0 0 13.9 7.3 25.9 3.5 0 0 3.3 106 86 1.4 -3.3
"22" "22" 2006-12-15 21.52 "BOS" "" "DEN" "W" 5 1 31.95 0.393 0.2 0 10.7 6.2 18.5 3.1 0 0 11 115 117 8.1 -1.2
"23" "23" 2006-12-16 21.52 "BOS" "@" "CHA" "W" 6 1 22.6833333333333 0.41 0.25 0 4.5 2.5 18.2 4.5 0 29.1 13.6 80 105 3.6 -3.4
"24" "24" 2006-12-20 21.53 "BOS" "" "GSW" "L" -1 1 22.85 0.5 0.5 0 19.5 10.6 35.2 0 3.1 16.7 12.1 116 104 5.9 2.5
"25" "25" 2006-12-22 21.54 "BOS" "" "PHI" "L" -15 1 30.5333333333333 0.392 0.25 0 4.9 2.2 30.4 0 0 22.7 21.4 81 120 2.8 -9.4
"26" "26" 2006-12-26 21.55 "BOS" "@" "DEN" "L" -11 0 25.4166666666667 0.658 0.5 3.7 3.8 3.7 14.8 0 0 27.3 11.4 114 125 4.1 -9.3
"27" "27" 2006-12-27 21.55 "BOS" "@" "LAC" "L" -23 1 35.55 0.469 0.382 2.9 3.3 3.1 27.2 0 0 9.4 27.7 99 123 8.4 -2.1
"28" "28" 2006-12-29 21.56 "BOS" "@" "GSW" "L" -10 0 28.8833333333333 0.357 0.357 7.6 0 3.9 15.3 0 0 12.5 11.7 98 128 1.8 -8.4
"29" "29" 2006-12-31 21.56 "BOS" "@" "SEA" "L" -6 0 22.9166666666667 0.143 0.143 0 27 11 6 4.4 3.2 12.5 14.7 36 100 -0.1 -9.8
"30" "30" 2007-01-01 21.56 "BOS" "@" "POR" "W" 8 0 16.65 0.25 0.25 0 7 3.6 29.7 0 0 42.9 20 47 98 -1.4 -12.2
"31" "31" 2007-01-03 21.57 "BOS" "" "CLE" "L" -3 0 23.8666666666667 0.536 0.5 0 19.2 10.2 31.5 2.1 0 0 17.7 128 110 10.9 5.5
"32" "32" 2007-01-05 21.58 "BOS" "@" "MEM" "W" 9 0 18.3666666666667 0.643 0.6 0 9 4 13.7 0 0 15.5 15 121 123 4.2 -6.6
"33" "33" 2007-01-07 21.58 "BOS" "@" "ORL" "L" -8 0 15.5 0.577 0.333 7 8.1 7.6 15.6 3.2 0 0 15.3 133 92 5.4 5.9
"34" "34" 2007-01-10 21.59 "BOS" "" "IND" "L" -13 1 37.7166666666667 0.615 0.5 0 14.1 7.7 39.4 1.4 0 19.7 18.7 112 108 14 2.3
"35" "35" 2007-01-12 21.59 "BOS" "" "TOR" "L" -9 1 35.4666666666667 0.485 0.464 3.1 0 1.7 22.3 0 0 21.7 22.7 87 110 4.5 -5.2
"36" "36" 2007-01-13 21.6 "BOS" "@" "DET" "L" -8 1 30.6333333333333 0.321 0.321 0 3.2 1.7 34.5 0 4.5 12.5 24.5 72 100 2.8 -3.6
"37" "37" 2007-01-15 21.6 "BOS" "@" "ATL" "L" -4 1 31.85 0.597 0.55 0 3.7 2 21.6 1.7 0 15.5 18.5 120 116 8.9 1
"38" "38" 2007-01-19 21.61 "BOS" "" "SAC" "L" -5 0 11.6666666666667 0.436 0.333 0 0 0 25 0 0 22.5 18.8 90 121 1.7 -8
"39" "39" 2007-01-20 21.62 "BOS" "@" "WAS" "L" -5 0 6.51666666666667 0.347 0 0 20.9 10.3 39.7 0 0 0 10.1 132 118 1.2 -5.6
"40" "40" 2007-01-22 21.62 "BOS" "" "SAS" "L" -4 0 4.45 NA NA 0 36 14.4 0 0 0 NA 0 0 106 -0.1 -10.1
"41" "41" 2007-01-24 21.63 "BOS" "" "ATL" "L" -6 0 11.55 0.512 0.5 0 0 0 0 0 0 0 19.3 107 105 2.6 -0.9
"42" "42" 2007-01-26 21.63 "BOS" "@" "TOR" "L" -6 0 5.35 0.75 0.75 51.3 0 23.3 64 0 0 33.3 26.6 133 120 3.4 18.6
"43" "43" 2007-01-28 21.64 "BOS" "" "WAS" "L" -14 0 3.81666666666667 0 0 0 0 0 0 13.5 0 0 11.2 0 95 0.3 -1.1
"44" "44" 2007-01-30 21.64 "BOS" "@" "IND" "L" -7 0 14.3333333333333 0.446 0.409 0 0 0 14.2 3.4 0 14 42.2 86 105 2.2 -7.8
"45" "" 2007-01-31 21.65 "BOS" "" "LAL" "L" -13 NA NA NA NA NA NA NA NA NA NA NA NA NA NA NA NA
"46" "45" 2007-02-02 21.65 "BOS" "" "LAC" "L" -11 0 5.4 0 0 0 44.4 22.5 0 0 0 50 18.6 0 111 -1.9 -31.1
"47" "46" 2007-02-06 21.66 "BOS" "@" "DET" "L" -7 0 23.2 0.528 0.455 0 0 0 45.8 2.5 0 7.5 29.9 123 136 11.4 0.1
"48" "47" 2007-02-07 21.67 "BOS" "" "MIA" "L" -12 0 15.8833333333333 0.667 0.667 0 0 0 12.1 0 0 25 10.7 97 106 2.4 -5.5
"49" "48" 2007-02-09 21.67 "BOS" "" "NJN" "L" -14 0 7.53333333333333 0.5 0.5 0 0 0 44.7 0 0 0 24.4 108 111 2.7 2.5
"50" "49" 2007-02-11 21.68 "BOS" "@" "MIN" "L" -2 0 3.63333333333333 0.436 0.333 0 0 0 0 0 0 22.5 60.3 68 125 -0.1 -36.7
"51" "50" 2007-02-14 21.68 "BOS" "" "MIL" "W" 20 0 1.38333333333333 NA NA 0 0 0 0 0 0 NA 0 0 124 0 -10.4
"52" "51" 2007-02-20 21.7 "BOS" "@" "SAC" "L" -3 0 18.1166666666667 0.571 0.571 0 0 0 27.4 0 0 0 19.6 132 114 5.8 1.7
"53" "52" 2007-02-21 21.7 "BOS" "@" "PHO" "L" -10 0 22.65 0.394 0.375 0 5.2 2.4 13.4 2.3 0 0 17.4 98 127 4.1 -5.5
"54" "53" 2007-02-23 21.71 "BOS" "@" "LAL" "L" -26 0 17.8666666666667 0.214 0.214 0 7.7 3.6 27.5 0 0 30 24.8 46 134 -2.5 -20.6
"55" "54" 2007-02-24 21.71 "BOS" "@" "UTA" "L" -18 0 6.1 0 0 0 0 0 0 0 0 0 14.9 0 124 -1.4 -20.8
"56" "55" 2007-02-26 21.72 "BOS" "@" "HOU" "W" 5 0 7.6 0.333 0.333 13.4 11.7 12.5 91.6 0 11.3 0 17.1 109 76 3.7 18.5
"57" "" 2007-02-28 21.72 "BOS" "" "NYK" "W" 8 NA NA NA NA NA NA NA NA NA NA NA NA NA NA NA NA
"58" "56" 2007-03-03 21.73 "BOS" "@" "NJN" "W" 8 0 7.66666666666667 0 0 0 0 0 19.8 0 0 33.3 16.4 13 93 -2.1 -19.5
"59" "" 2007-03-04 21.73 "BOS" "" "MIN" "W" 7 NA NA NA NA NA NA NA NA NA NA NA NA NA NA NA NA
"60" "57" 2007-03-07 21.74 "BOS" "" "HOU" "L" -31 0 12 0.286 0.286 0 10.8 4.9 20 8.9 0 12.5 28.6 64 110 1.9 -1.9
"61" "58" 2007-03-09 21.75 "BOS" "" "SEA" "W" 15 0 23.4666666666667 0.512 0.5 0 5.1 2.8 20 0 0 29.1 13.6 99 121 1.7 -10.4
"62" "59" 2007-03-11 21.75 "BOS" "" "CHI" "L" -16 0 23.9666666666667 0.554 0.4 0 10.5 4.9 16 0 0 13.7 14.4 109 111 3.7 -5.7
"63" "60" 2007-03-13 21.76 "BOS" "@" "CHI" "L" -8 0 9.15 0.6 0.6 0 0 0 0 0 0 16.7 32.7 88 112 1.1 -5.7
"64" "61" 2007-03-14 21.76 "BOS" "" "ATL" "W" 21 0 12 0.643 0.6 0 0 0 13.8 4.2 0 15.5 23.4 111 93 5.4 3.7
"65" "62" 2007-03-16 21.77 "BOS" "@" "DAL" "L" -5 0 12.3166666666667 0.868 0.75 0 0 0 12.1 4.4 0 25.8 15 130 118 4.3 3.2
"66" "" 2007-03-17 21.77 "BOS" "@" "SAS" "W" 6 NA NA NA NA NA NA NA NA NA NA NA NA NA NA NA NA
"67" "63" 2007-03-19 21.78 "BOS" "@" "NOK" "L" -18 0 15.6333333333333 0.583 0.583 7.7 8.5 8.1 0 3.3 0 14.3 20.3 105 115 5 1.7
"68" "64" 2007-03-21 21.78 "BOS" "" "CHA" "L" -8 0 6 0 0 0 0 0 0 0 0 0 7.4 0 110 -1.1 -18.9
"69" "65" 2007-03-23 21.79 "BOS" "" "DAL" "L" -14 0 6.68333333333333 0 0 0 0 0 25.7 0 0 0 7 46 135 0 -11.2
"70" "66" 2007-03-26 21.79 "BOS" "" "TOR" "W" 8 0 12.5166666666667 0 0 0 37.4 19.2 11.3 0 0 50 14.2 12 91 -2.7 -18.6
"71" "67" 2007-03-28 21.8 "BOS" "" "ORL" "W" 9 0 10.8666666666667 0.41 0.25 0 0 0 30.8 0 0 38.1 35.5 63 102 0 -14
"72" "68" 2007-03-30 21.81 "BOS" "@" "PHI" "L" -6 0 18.6833333333333 0 0 0 0 0 42.8 0 0 40 12.2 44 103 -1.4 -10.6
"73" "69" 2007-04-01 21.81 "BOS" "" "CLE" "W" 2 0 9.65 0 0 0 12.4 6.4 13.4 0 0 50 9.4 24 107 -1.5 -17.5
"74" "70" 2007-04-04 21.82 "BOS" "@" "MIL" "L" -9 0 32.4166666666667 0.048 0 3 10.8 6.5 8.7 3.2 0 16.2 15.8 23 104 -4.7 -16.2
"75" "71" 2007-04-06 21.82 "BOS" "" "MIA" "L" -3 0 26.3166666666667 0.167 0.167 0 12.7 6.3 28.3 2.2 0 14.3 13.5 64 105 1.4 -10
"76" "72" 2007-04-07 21.83 "BOS" "@" "IND" "L" -7 0 31.65 0.717 0.708 3.2 19.6 9.7 16.9 1.5 0 17 23.4 125 107 14.6 3.5
"77" "73" 2007-04-10 21.84 "BOS" "@" "ATL" "L" -8 0 25.9833333333333 0.333 0.333 0 7.1 2.8 11.4 2.2 3 33.3 17 56 122 -0.2 -13.9
"78" "74" 2007-04-11 21.84 "BOS" "" "PHI" "L" -8 0 26.35 0.429 0.429 0 6.3 3 36 2.2 0 12.5 15.1 113 124 5.2 -1.5
"79" "75" 2007-04-13 21.84 "BOS" "" "MIL" "L" -2 0 21.3 0.375 0.375 0 14.5 6.1 18.5 2.4 0 11.1 17.9 92 112 2.3 -6.5
"80" "76" 2007-04-15 21.85 "BOS" "@" "ORL" "L" -2 0 7.1 0 0 0 0 0 0 0 0 0 19.9 0 108 -2.9 -28
"81" "77" 2007-04-16 21.85 "BOS" "@" "MIA" "W" 2 0 17.7 0.3 0.3 0 0 0 28.8 3.2 5.3 16.7 16.9 77 102 1.9 -2.2
"82" "78" 2007-04-18 21.86 "BOS" "" "DET" "L" -2 0 19.3833333333333 0.25 0.25 5.3 6.3 5.8 7.9 0 0 42.9 16.4 43 110 -2.1 -17.7
"1" "1" 2007-11-02 22.4 "MIN" "" "DEN" "L" -8 1 35.2833333333333 0.346 0.346 2.8 3.4 3.1 23 4.2 0 18.8 20.1 71 102 4.4 -7
"2" "2" 2007-11-04 22.41 "MIN" "@" "NYK" "L" -4 1 36.9666666666667 0.321 0.321 0 14.8 6.9 26.9 1.5 0 0 17.4 103 113 7.1 -2.9
"3" "3" 2007-11-06 22.41 "MIN" "" "ORL" "L" -8 1 27.0666666666667 0.34 0.2 0 4.4 2.2 18.6 1.9 0 33.8 14.9 68 123 1.2 -11.2
"4" "4" 2007-11-09 22.42 "MIN" "@" "LAL" "L" -14 0 26.0833333333333 0.625 0.625 0 13.1 5.8 21.3 2 0 0 19 142 114 11 6.1
"5" "5" 2007-11-10 22.42 "MIN" "@" "SAC" "L" -7 0 29.8833333333333 0.215 0.125 0 8 4 18.7 1.8 0 9.7 15.1 71 115 0.6 -10.2
"6" "6" 2007-11-14 22.43 "MIN" "" "SAC" "W" 5 0 20.2166666666667 0.25 0.25 0 7 3.5 47.9 7.6 0 42.9 15.9 83 101 5.1 0.5
"7" "7" 2007-11-16 22.44 "MIN" "" "WAS" "L" -16 0 24.3666666666667 0.507 0.5 0 5.5 2.6 25.6 2.1 3.2 18.4 20.2 94 112 5.5 -2.4
"8" "8" 2007-11-17 22.44 "MIN" "" "NOH" "L" -18 0 26.1666666666667 0.682 0.682 0 9.4 4.8 30.3 0 0 15.4 24.1 123 131 9.6 1.1
"9" "" 2007-11-21 22.45 "MIN" "" "CLE" "L" -11 NA NA NA NA NA NA NA NA NA NA NA NA NA NA NA NA
"10" "9" 2007-11-23 22.46 "MIN" "@" "DEN" "L" -6 0 16.0833333333333 0.694 0.5 0 14.2 6.3 48.1 2.9 0 63.5 19.8 71 95 1.1 -10.9
"11" "10" 2007-11-24 22.46 "MIN" "" "ATL" "L" -7 0 12.6 0.51 0.4 0 0 0 57.8 4.7 5.7 0 23.3 140 115 7 13.8
"12" "11" 2007-11-26 22.47 "MIN" "@" "NOH" "W" 9 0 36.6666666666667 0.799 0.722 0 10.6 5.7 33.6 1.4 0 13.8 18.8 149 103 19.6 6.3
"13" "12" 2007-11-28 22.47 "MIN" "@" "DAL" "L" -6 0 26.6 0.75 0.75 0 4.9 2.1 10.1 3.9 0 0 6.6 163 117 6.9 2
"14" "13" 2007-11-30 22.48 "MIN" "" "SAS" "L" -15 1 39.1833333333333 0.638 0.625 3.1 7.2 5 17.2 2.9 0 18.4 19.7 117 124 12.5 0.9
"15" "14" 2007-12-01 22.48 "MIN" "@" "MEM" "L" -29 1 42.5833333333333 0.447 0.441 0 17.9 8.4 26.9 2.3 0 14.4 21.7 87 113 10.6 -4.5
"16" "15" 2007-12-04 22.49 "MIN" "" "LAL" "L" -21 1 40.7166666666667 0.498 0.462 0 7.1 3.1 12.2 0 2 15.7 20.3 94 126 7.7 -6.6
"17" "16" 2007-12-06 22.49 "MIN" "@" "ATL" "L" -1 1 32.1166666666667 0.4 0.4 0 3.6 1.6 19.3 1.6 0 16.7 15.2 86 103 3.1 -8.2
"18" "17" 2007-12-08 22.5 "MIN" "" "PHO" "W" 7 1 39.1333333333333 0.417 0.417 0 2.8 1.4 21.7 1.3 0 14.3 15 100 103 5.9 -3.5
"19" "18" 2007-12-11 22.51 "MIN" "@" "WAS" "L" -14 1 38.0166666666667 0.442 0.417 2.7 2.8 2.7 47.3 1.5 0 7.4 17 108 123 11.4 -0.2
"20" "19" 2007-12-12 22.51 "MIN" "@" "PHI" "L" -4 1 32.25 0.333 0.333 3.9 11.4 7.7 49.6 3.4 0 25 11.2 104 110 8.3 -0.9
"21" "20" 2007-12-14 22.52 "MIN" "" "SEA" "L" -11 1 32.75 0.25 0.25 3.2 3.2 3.2 29.2 0 7.5 28.6 17.6 58 104 2.4 -4.6
"22" "21" 2007-12-15 22.52 "MIN" "@" "MIL" "L" -3 1 42 0.415 0.375 0 11.1 5.9 26.4 2.8 0 0 9.8 119 114 11.4 0.4
"23" "22" 2007-12-17 22.52 "MIN" "@" "MIA" "L" -4 1 37.2666666666667 0.479 0.438 0 2.7 1.4 32.2 1.3 0 10.1 22.1 100 100 10.5 1.5
"24" "23" 2007-12-19 22.53 "MIN" "" "GSW" "L" -13 1 37.6333333333333 0.273 0.273 0 12.1 6 29 0 0 31.3 18.5 63 120 -0.7 -15.6
"25" "24" 2007-12-21 22.53 "MIN" "" "IND" "W" 13 1 48 0.668 0.611 0 2 1.1 28.9 1 0 4.7 18.5 151 125 25.2 0.8
"26" "25" 2007-12-22 22.54 "MIN" "@" "NOH" "L" -34 1 38.8333333333333 0.302 0.286 0 9.8 4.4 14.2 0 0 28.7 24.1 52 125 -3.8 -18
"27" "26" 2007-12-26 22.55 "MIN" "@" "GSW" "L" -4 1 24.3666666666667 0.551 0.5 4 8.8 6.3 31.3 2 0 21.6 22.2 104 108 8.3 0.1
"28" "27" 2007-12-28 22.55 "MIN" "@" "POR" "L" -11 1 30.6333333333333 0.254 0.143 0 7.8 4 47.3 1.7 0 27.6 16.8 83 121 3.4 -9.5
"29" "28" 2007-12-29 22.56 "MIN" "@" "SEA" "L" -19 1 29.8833333333333 0.436 0.458 0 4.2 1.7 33.3 1.7 0 0 19.8 107 120 9.5 -1.1
"30" "29" 2007-12-31 22.56 "MIN" "@" "LAC" "L" -9 1 33.0166666666667 0.214 0.214 0 7.7 3.3 33.2 4.8 0 12.5 21.3 62 98 3.1 -5.9
"31" "30" 2008-01-02 22.57 "MIN" "" "POR" "L" -11 1 35.1166666666667 0.354 0.278 0 13.7 6.1 16.2 0 0 9.2 15 83 116 3.4 -6.2
"32" "31" 2008-01-04 22.57 "MIN" "" "DEN" "L" -11 1 20.9166666666667 0.2 0.2 0 5.9 2.7 13 2.4 0 0 20.2 59 122 0.1 -13.2
"33" "32" 2008-01-06 22.58 "MIN" "" "DAL" "L" -23 1 33.7166666666667 0.429 0.429 4.1 6.3 5.3 31.3 0 2.3 22.2 13.8 90 124 4.6 -5.1
"34" "33" 2008-01-08 22.58 "MIN" "" "MIA" "W" 10 1 40.3833333333333 0.506 0.45 0 10.8 5 27.8 0 0 21.6 15.9 113 111 9 -3.5
"35" "34" 2008-01-11 22.59 "MIN" "@" "HOU" "L" -31 1 29.5 0.225 0.25 3.5 8.1 5.7 30.2 0 0 0 7.3 93 129 4.3 -6.1
"36" "35" 2008-01-12 22.59 "MIN" "@" "SAS" "L" -17 1 40.4666666666667 0.167 0.167 0 3.2 1.7 13.6 0 0 33.3 10.8 47 126 -3.7 -15.8
"37" "36" 2008-01-15 22.6 "MIN" "" "GSW" "L" -7 1 30.7 0.465 0.444 0 8 3.8 40.7 0 0 21.8 19 99 116 6.1 -5.2
"38" "37" 2008-01-18 22.61 "MIN" "@" "PHO" "L" -20 1 37.7166666666667 0.432 0.462 2.4 13.4 7.1 32.5 0 0 6.7 17.1 104 127 10.2 -2.9
"39" "38" 2008-01-19 22.61 "MIN" "@" "DEN" "L" -3 1 31.6666666666667 0.714 0.714 0 9.9 5.6 25.7 3.2 0 22.2 13 128 115 10.2 -1
"40" "39" 2008-01-21 22.62 "MIN" "@" "GSW" "W" 1 1 37.0833333333333 0.573 0.55 0 2.5 1.4 27 1.3 0 7.1 17.1 124 116 12.8 -0.3
"41" "40" 2008-01-23 22.62 "MIN" "" "PHO" "W" 10 1 28.4666666666667 0.742 0.643 0 5.8 2.3 34.4 5.5 0 0 12.6 184 109 17.4 13.1
"42" "41" 2008-01-25 22.63 "MIN" "@" "BOS" "L" -1 1 42.05 0.605 0.571 0 9 4.2 26.3 3.8 0 16.8 20 110 96 14.9 5.1
"43" "42" 2008-01-27 22.64 "MIN" "" "NJN" "W" 3 1 38.1833333333333 0.53 0.45 0 9.2 4.3 18 0 0 8.1 15.4 115 116 8.1 -4.5
"44" "43" 2008-01-29 22.64 "MIN" "@" "CHI" "L" -11 1 30.2833333333333 0.483 0.375 0 3.4 1.9 24.2 1.8 0 17.7 17.8 92 113 5.9 -4.4
"45" "44" 2008-01-30 22.64 "MIN" "" "CHI" "W" 16 1 26.9333333333333 0.359 0.25 0 4.1 1.9 58.6 1.8 0 17 18.4 88 75 6.9 0.3
"46" "45" 2008-02-01 22.65 "MIN" "" "LAC" "W" 21 1 19.7166666666667 0.25 0.25 5.7 0 2.9 22.9 0 0 0 9 108 96 1.1 -8.1
"47" "46" 2008-02-04 22.66 "MIN" "" "HOU" "L" -6 1 32.6833333333333 0.429 0.429 0 7 3.6 54.1 4.9 0 0 10.4 133 101 14.3 9.3
"48" "47" 2008-02-08 22.67 "MIN" "" "BOS" "L" -2 1 22.75 0.125 0.125 4.6 24.8 13.2 38.5 0 3.6 11.1 17.8 62 101 1.4 -7.9
"49" "48" 2008-02-10 22.67 "MIN" "" "TOR" "L" -23 1 34.6833333333333 0.276 0.2 0 6.6 3.3 37.9 1.5 0 8.4 16.3 78 116 4.4 -6.4
"50" "49" 2008-02-12 22.68 "MIN" "@" "NJN" "L" -4 1 34.2666666666667 0.625 0.559 2.7 5.7 4.2 49.5 0 0 5 26.4 132 110 19.7 10.7
"51" "50" 2008-02-13 22.68 "MIN" "" "LAL" "L" -25 1 28.5833333333333 0.436 0.417 0 7.6 3.5 24.2 0 0 12.7 11.5 98 122 4.1 -7.1
"52" "51" 2008-02-19 22.7 "MIN" "" "PHI" "W" 16 1 36.45 0.868 1 3.1 9.4 6.3 14.6 2.9 0 34.2 10.9 116 98 10.2 3
"53" "52" 2008-02-21 22.7 "MIN" "" "SAS" "L" -1 1 34.65 0.536 0.536 0 7.7 3.7 17.7 1.6 0 12.5 22.1 99 118 9.2 -2.9
"54" "53" 2008-02-24 22.71 "MIN" "" "DAL" "L" -16 1 38.7166666666667 0.625 0.625 0 6.5 3.2 27.3 2.8 0 33.3 15.5 96 112 8.7 -2.2
"55" "54" 2008-02-26 22.72 "MIN" "" "UTA" "W" 11 1 29.3833333333333 0.475 0.4 3.6 8.8 6 19.7 3.3 0 7.3 18.9 113 103 8.9 1.1
"56" "55" 2008-02-27 22.72 "MIN" "@" "TOR" "L" -22 1 31.1833333333333 0.25 0.25 5 3.9 4.4 34.2 0 0 33.3 10 89 134 2.3 -8.3
"57" "56" 2008-02-29 22.73 "MIN" "@" "CLE" "L" -8 1 37.7666666666667 0.5 0.5 0 11.6 4.8 8.8 0 2.2 15.4 15.8 98 115 4.7 -3.7
"58" "57" 2008-03-02 22.73 "MIN" "" "SEA" "L" -3 1 29.1666666666667 0.5 0.5 0 5.5 2.3 37 0 0 50 6.2 108 121 4.8 -8.1
"59" "58" 2008-03-04 22.74 "MIN" "" "CHA" "L" -20 1 36.35 0.545 0.545 3.6 3.6 3.6 38.2 0 2.4 8.3 15.9 123 127 12.5 -0.5
"60" "59" 2008-03-05 22.74 "MIN" "@" "UTA" "L" -29 1 33.4333333333333 0.333 0.333 0 0 0 19 1.6 0 10 14.8 73 124 2.6 -6.3
"61" "60" 2008-03-07 22.75 "MIN" "@" "SAC" "W" 8 1 13.4333333333333 0.5 0.5 0 10.2 4.6 35.4 0 0 50 13.5 85 122 0.9 -12.8
"62" "" 2008-03-08 22.75 "MIN" "@" "LAC" "W" 3 NA NA NA NA NA NA NA NA NA NA NA NA NA NA NA NA
"63" "" 2008-03-11 22.76 "MIN" "" "POR" "L" -7 NA NA NA NA NA NA NA NA NA NA NA NA NA NA NA NA
"64" "" 2008-03-14 22.76 "MIN" "@" "SEA" "W" 5 NA NA NA NA NA NA NA NA NA NA NA NA NA NA NA NA
"65" "" 2008-03-15 22.77 "MIN" "@" "POR" "L" -11 NA NA NA NA NA NA NA NA NA NA NA NA NA NA NA NA
"66" "" 2008-03-17 22.77 "MIN" "" "LAC" "W" 9 NA NA NA NA NA NA NA NA NA NA NA NA NA NA NA NA
"67" "" 2008-03-19 22.78 "MIN" "" "MEM" "W" 4 NA NA NA NA NA NA NA NA NA NA NA NA NA NA NA NA
"68" "" 2008-03-21 22.78 "MIN" "@" "IND" "L" -11 NA NA NA NA NA NA NA NA NA NA NA NA NA NA NA NA
"69" "" 2008-03-22 22.79 "MIN" "" "NYK" "W" 21 NA NA NA NA NA NA NA NA NA NA NA NA NA NA NA NA
"70" "" 2008-03-26 22.8 "MIN" "@" "HOU" "L" -11 NA NA NA NA NA NA NA NA NA NA NA NA NA NA NA NA
"71" "" 2008-03-28 22.8 "MIN" "@" "SAS" "L" -15 NA NA NA NA NA NA NA NA NA NA NA NA NA NA NA NA
"72" "" 2008-03-30 22.81 "MIN" "" "UTA" "W" 7 NA NA NA NA NA NA NA NA NA NA NA NA NA NA NA NA
"73" "" 2008-04-01 22.81 "MIN" "" "DET" "L" -4 NA NA NA NA NA NA NA NA NA NA NA NA NA NA NA NA
"74" "" 2008-04-02 22.82 "MIN" "@" "UTA" "L" -17 NA NA NA NA NA NA NA NA NA NA NA NA NA NA NA NA
"75" "" 2008-04-04 22.82 "MIN" "@" "PHO" "L" -29 NA NA NA NA NA NA NA NA NA NA NA NA NA NA NA NA
"76" "" 2008-04-06 22.83 "MIN" "" "MEM" "L" -12 NA NA NA NA NA NA NA NA NA NA NA NA NA NA NA NA
"77" "" 2008-04-08 22.83 "MIN" "@" "CHA" "L" -2 NA NA NA NA NA NA NA NA NA NA NA NA NA NA NA NA
"78" "" 2008-04-09 22.84 "MIN" "" "NOH" "L" -32 NA NA NA NA NA NA NA NA NA NA NA NA NA NA NA NA
"79" "" 2008-04-11 22.84 "MIN" "@" "ORL" "W" 1 NA NA NA NA NA NA NA NA NA NA NA NA NA NA NA NA
"80" "" 2008-04-12 22.84 "MIN" "@" "MEM" "W" 9 NA NA NA NA NA NA NA NA NA NA NA NA NA NA NA NA
"81" "" 2008-04-15 22.85 "MIN" "@" "DET" "L" -12 NA NA NA NA NA NA NA NA NA NA NA NA NA NA NA NA
"82" "" 2008-04-16 22.85 "MIN" "" "MIL" "W" 9 NA NA NA NA NA NA NA NA NA NA NA NA NA NA NA NA
"1" "" 2008-10-29 23.39 "MIN" "" "SAC" "W" 2 NA NA NA NA NA NA NA NA NA NA NA NA NA NA NA NA
"2" "" 2008-11-01 23.4 "MIN" "" "DAL" "L" -10 NA NA NA NA NA NA NA NA NA NA NA NA NA NA NA NA
"3" "" 2008-11-02 23.4 "MIN" "@" "OKC" "L" -3 NA NA NA NA NA NA NA NA NA NA NA NA NA NA NA NA
"4" "1" 2008-11-05 23.41 "MIN" "" "SAS" "L" -4 0 30.1166666666667 0.581 0.5 0 13.1 6.2 46.7 1.7 0 12.7 11.8 134 117 10.5 -0.3
"5" "2" 2008-11-07 23.41 "MIN" "@" "SAC" "L" -12 1 28.5333333333333 0.545 0.458 3.8 4.9 4.3 42.7 1.9 0 0 21.7 139 135 14.7 3
"6" "3" 2008-11-08 23.42 "MIN" "@" "POR" "L" -4 1 26.0666666666667 0.394 0.313 0 4.6 2.2 23.5 0 0 18.4 19 85 123 2.5 -8.7
"7" "4" 2008-11-11 23.42 "MIN" "@" "GSW" "L" -3 1 14.2333333333333 0 0 6.4 9.8 7.8 15.8 0 0 16.7 17.6 29 117 -2.5 -20.7
"8" "5" 2008-11-15 23.44 "MIN" "" "POR" "L" -5 1 14.45 0.333 0.333 0 9.2 4.5 10.8 0 0 25 14.1 59 111 -0.1 -12
"9" "6" 2008-11-16 23.44 "MIN" "@" "DEN" "L" -6 1 5.1 0.333 0.333 0 0 0 0 0 0 40 44 37 108 -2.5 -36.1
"10" "7" 2008-11-19 23.45 "MIN" "" "PHI" "W" 6 0 14.2333333333333 0.532 0 9.6 0 4.6 71 0 0 61.5 16.1 101 109 3.8 -2.7
"11" "8" 2008-11-21 23.45 "MIN" "" "BOS" "L" -17 0 27.7666666666667 0.65 0.65 6.8 0 4 33.2 3.7 0 28.6 22.4 95 102 9.1 4.2
"12" "9" 2008-11-23 23.46 "MIN" "@" "DET" "W" 26 0 24.7833333333333 0.429 0.429 0 8.4 4.8 24.1 2.1 0 36.4 20.9 72 88 2.2 -7.7
"13" "10" 2008-11-26 23.47 "MIN" "" "PHO" "L" -8 0 20.5 0.342 0.333 0 7.6 2.8 27.3 2.4 0 21.5 18 77 114 1.3 -9.9
"14" "11" 2008-11-28 23.47 "MIN" "@" "OKC" "W" 2 0 19.1166666666667 0.9 0.9 0 6.8 3.3 34.1 0 0 16.7 14.1 158 117 8.4 9.2
"15" "12" 2008-11-29 23.47 "MIN" "" "DEN" "L" -9 0 25.0166666666667 0.125 0.125 0 18.7 9.2 14.7 0 0 20 17.2 41 115 -2.7 -17.9
"16" "13" 2008-12-01 23.48 "MIN" "@" "CHA" "L" -10 0 8.63333333333333 0 0 0 0 0 18.5 12.7 0 0 16.2 23 96 0.6 -2.9
"17" "14" 2008-12-03 23.48 "MIN" "@" "ORL" "L" -11 0 13.55 0.3 0.3 0 24.4 9.7 27.9 4 0 28.6 46.2 54 109 -0.8 -17.3
"18" "15" 2008-12-05 23.49 "MIN" "@" "NJN" "L" -29 0 40.9333333333333 0.492 0.45 0 3.6 1.6 14.5 2.7 0 7.6 16 100 129 8.4 -3.7
"19" "16" 2008-12-06 23.49 "MIN" "" "LAC" "L" -23 0 16.4666666666667 0.5 0.5 6.1 0 3.2 53.8 0 0 0 8.3 144 128 5.1 0.5
"20" "17" 2008-12-09 23.5 "MIN" "" "UTA" "L" -3 0 10.0166666666667 0 0 9.6 29 17.3 14.5 5.1 0 0 4.1 85 98 1.5 -1.9
"21" "18" 2008-12-10 23.5 "MIN" "@" "DEN" "L" -11 0 12.5833333333333 0.085 0 9.8 0 4.8 29.3 0 0 0 19.6 62 131 -0.9 -16.4
"22" "19" 2008-12-12 23.51 "MIN" "" "SAS" "L" -12 0 11.9833333333333 0.333 0.333 0 0 0 0 0 0 0 11.5 74 121 -0.1 -11.7
"23" "20" 2008-12-14 23.52 "MIN" "@" "LAL" "L" -12 0 15.3666666666667 0.425 0.3 5.9 6.8 6.3 34.9 3.4 0 25.4 22.3 86 105 3.2 -1.5
"24" "21" 2008-12-15 23.52 "MIN" "@" "SAC" "L" -15 0 3.65 0 0 0 0 0 0 0 0 50 22.7 0 121 -1.7 -31.2
"25" "" 2008-12-17 23.52 "MIN" "" "CLE" "L" -23 NA NA NA NA NA NA NA NA NA NA NA NA NA NA NA NA
"26" "" 2008-12-20 23.53 "MIN" "" "HOU" "L" -7 NA NA NA NA NA NA NA NA NA NA NA NA NA NA NA NA
"27" "22" 2008-12-23 23.54 "MIN" "@" "SAS" "L" -6 0 30.9333333333333 0.463 0.25 0 4.2 2.1 5.7 3.4 0 10.4 29.9 91 107 6.6 -4.5
"28" "23" 2008-12-26 23.55 "MIN" "@" "NYK" "W" 13 0 32.3 0.598 0.455 0 3 1.8 38.9 4.6 2.5 10.7 26.9 127 109 19.9 6.5
"29" "24" 2008-12-27 23.55 "MIN" "" "ORL" "L" -24 0 23.7333333333333 0.381 0.286 0 6.1 2.5 19.6 6.4 0 20.2 18 80 119 3.7 -6.4
"30" "25" 2008-12-29 23.56 "MIN" "" "MEM" "W" 10 0 29.4666666666667 0.353 0.273 0 3.9 2 10.7 0 2.5 19 25.7 67 105 -0.1 -13.8
"31" "26" 2008-12-30 23.56 "MIN" "@" "DAL" "L" -7 0 22.65 0.509 0.458 17.7 4.5 10.2 36 5 0 0 29.5 135 122 13.5 8.5
"32" "27" 2009-01-02 23.57 "MIN" "" "GSW" "W" 7 0 25.3 0.182 0.182 0 13.2 6.4 20.4 1.9 0 8.3 18.8 60 110 0 -12.8
"33" "28" 2009-01-03 23.57 "MIN" "@" "CHI" "W" 10 0 38.7833333333333 0.805 0.75 5.3 2.8 4 24.1 2.6 0 30 14.1 126 100 13.7 5.2
"34" "29" 2009-01-06 23.58 "MIN" "@" "MEM" "W" 7 1 33.8333333333333 0.367 0.227 7.9 3.6 5.7 39.7 4.9 0 12.8 21.8 106 101 10.1 0.8
"35" "30" 2009-01-07 23.58 "MIN" "" "OKC" "W" 42 1 34.6 0.563 0.563 2.8 9 5.8 16.3 1.4 0 11.1 10.6 131 93 9.7 -2.3
"36" "31" 2009-01-10 23.59 "MIN" "" "MIL" "W" 2 1 40.5833333333333 0.604 0.545 0 10.8 4.8 44.7 1.3 0 26.2 21.2 112 114 14.3 1.4
"37" "32" 2009-01-13 23.6 "MIN" "" "MIA" "L" -3 1 29.7 0.643 0.643 3.9 8.1 6 5.1 0 0 41.7 18.7 76 119 1.1 -12
"38" "33" 2009-01-16 23.61 "MIN" "@" "PHO" "W" 2 1 38.6333333333333 0.45 0.429 2.3 0 1.3 10.4 1.3 0 21.7 20 86 114 5 -6.2
"39" "34" 2009-01-19 23.61 "MIN" "@" "LAC" "W" 8 1 35.3833333333333 0.279 0.222 0 2.9 1.5 33.6 0 0 8.5 15 93 113 3.7 -9.5
"40" "35" 2009-01-20 23.62 "MIN" "@" "UTA" "L" -5 1 37.5333333333333 0.589 0.571 0 9.1 4.8 32.8 1.3 0 6.5 17.8 137 120 15.2 3.3
"41" "36" 2009-01-23 23.62 "MIN" "" "NOH" "W" 8 1 35.55 0.644 0.5 0 11.6 6 29 1.6 0 34 15.4 116 127 8.9 -3.8
"42" "37" 2009-01-25 23.63 "MIN" "" "CHI" "W" 1 1 41.55 0.414 0.35 2.8 8.7 5.7 17.2 1.3 1.7 8.4 12.7 105 110 7.8 -2.1
"43" "38" 2009-01-26 23.63 "MIN" "@" "MIL" "W" 7 1 32.7833333333333 0.288 0.269 0 0 0 28.6 4.8 0 30.2 28.3 53 89 -0.6 -9.8
"44" "39" 2009-01-28 23.64 "MIN" "" "DET" "L" -9 1 20.2833333333333 0.667 0.667 0 0 0 25.8 2.8 0 14.3 17.4 121 115 5.5 -0.6
"45" "40" 2009-01-30 23.64 "MIN" "" "LAL" "L" -13 1 27.6 0.385 0.385 3.5 11.3 7.2 37.7 3.5 0 7.1 20.1 99 130 10 -2.1
"46" "41" 2009-02-01 23.65 "MIN" "@" "BOS" "L" -8 1 40.2 0.402 0.375 0 2.7 1.5 28.8 0 0 13.9 16.9 92 127 6.3 -7.5
"47" "42" 2009-02-03 23.65 "MIN" "@" "IND" "W" 5 1 35.35 0.687 0.556 0 6.2 3.3 14.9 2.8 2.3 7.9 15 150 113 15.2 4.5
"48" "43" 2009-02-04 23.66 "MIN" "" "ATL" "L" -8 1 23.75 0 0 4.1 12.2 7.4 18.9 2.2 0 25 21 19 104 -5.3 -17.7
"49" "44" 2009-02-07 23.67 "MIN" "@" "HOU" "L" -17 1 33.15 0.658 0.611 0 3.5 1.6 44.6 0 0 16.8 16.1 127 126 12.5 2
"50" "45" 2009-02-08 23.67 "MIN" "@" "NOH" "L" -4 1 33.65 0.53 0.5 0 7.9 3.6 28.7 3.3 0 13.2 20.6 113 114 10.3 -0.3
"51" "46" 2009-02-10 23.67 "MIN" "" "TOR" "L" -8 1 38.3666666666667 0.427 0.417 0 3.8 1.6 11.8 0 0 13.4 17.5 85 121 2.6 -11.7
"52" "47" 2009-02-17 23.69 "MIN" "@" "WAS" "L" -8 1 33.45 0.55 0.55 6.1 3.9 5.1 15.5 1.5 2.3 0 12.9 130 119 9.9 -1.6
"53" "48" 2009-02-18 23.7 "MIN" "@" "MIA" "W" 7 1 43.9666666666667 0.815 0.714 0 2.7 1.5 29.7 1.2 0 21.4 24.9 143 113 22.9 5.4
"54" "49" 2009-02-20 23.7 "MIN" "" "IND" "L" -7 1 31.2666666666667 0.223 0.167 0 3.5 1.7 26.7 0 0 0 14.4 77 119 2 -10.1
"55" "50" 2009-02-22 23.71 "MIN" "" "LAL" "L" -3 1 31.7166666666667 0.588 0.588 0 0 0 26.7 1.5 2.2 5.6 24.5 119 110 15.1 3.5
"56" "51" 2009-02-24 23.71 "MIN" "@" "TOR" "L" -8 1 34.8666666666667 0.416 0.393 0 3.9 1.8 19.1 5.7 0 12.2 21.1 88 116 10 -3.9
"57" "52" 2009-02-25 23.72 "MIN" "" "UTA" "L" -17 1 35.6166666666667 0.388 0.333 0 3.7 1.8 24.8 4.3 4.2 13.4 18.5 90 119 8.5 -0.5
"58" "53" 2009-02-27 23.72 "MIN" "" "POR" "L" -20 1 21.4 0.17 0 0 0 0 15.5 0 0 33.8 21.6 36 130 -3.9 -23.1
"59" "" 2009-03-01 23.73 "MIN" "" "HOU" "L" -11 NA NA NA NA NA NA NA NA NA NA NA NA NA NA NA NA
"60" "" 2009-03-03 23.73 "MIN" "" "GSW" "L" -24 NA NA NA NA NA NA NA NA NA NA NA NA NA NA NA NA
"61" "54" 2009-03-06 23.74 "MIN" "@" "LAL" "L" -20 1 28.3 0.615 0.5 0 8.1 3.6 16.5 0 0 21.5 28 101 124 9.2 -2.9
"62" "55" 2009-03-07 23.74 "MIN" "@" "POR" "L" -2 1 31.6666666666667 0.61 0.577 0 3.7 1.9 41.8 0 0 6.3 25.3 132 126 14.3 5.1
"63" "56" 2009-03-09 23.75 "MIN" "" "WAS" "L" -11 1 38.2166666666667 0.556 0.5 0 6.3 2.9 21.3 1.4 1.8 11 21.7 112 121 12.8 -0.2
"64" "57" 2009-03-11 23.75 "MIN" "" "MEM" "W" 25 1 25.7666666666667 0.409 0.409 0 4.8 2.5 18.3 4.4 0 21.4 26 81 91 3.5 -9.1
"65" "58" 2009-03-13 23.76 "MIN" "" "NYK" "L" -8 1 42.9333333333333 0.527 0.5 0 2.3 1.2 14 0 0 16.1 25.8 92 114 9.2 -5
"66" "59" 2009-03-14 23.76 "MIN" "" "CHA" "W" 8 1 32.55 0.417 0.417 0 4 2 33.1 0 0 14.3 10.8 120 123 5.2 -7.1
"67" "60" 2009-03-17 23.77 "MIN" "@" "SAS" "L" -7 1 32.1333333333333 0.571 0.571 0 3.2 1.8 33.9 0 2.5 11.8 26.8 109 113 12.1 3.6
"68" "61" 2009-03-18 23.77 "MIN" "@" "NOH" "L" -1 1 31.8666666666667 0.455 0.455 0 10.8 5.5 36.2 1.8 0 21.4 21.6 88 110 5 -4.6
"69" "62" 2009-03-20 23.78 "MIN" "@" "HOU" "L" -19 1 24.2833333333333 0.458 0.458 4.5 5.1 4.8 7.6 0 0 7.7 25.4 96 131 4.5 -5.9
"70" "63" 2009-03-22 23.78 "MIN" "" "OKC" "L" -7 1 28.85 0.333 0.333 0 0 0 5.4 0 0 25 12.7 57 114 -1.5 -13.7
"71" "64" 2009-03-23 23.79 "MIN" "@" "ATL" "L" -12 1 19.4166666666667 0.143 0.143 0 0 0 32.4 0 0 0 17.5 68 133 0.3 -12.9
"72" "65" 2009-03-25 23.79 "MIN" "@" "PHI" "L" -8 0 18.05 0.167 0.167 0 7.8 3.5 21 0 0 0 15.6 57 118 -1.7 -17.2
"73" "66" 2009-03-27 23.8 "MIN" "@" "CLE" "L" -22 0 27.3333333333333 0.368 0.35 3.8 6.5 4.8 26.3 4.2 0 8.4 21.7 86 124 6.2 -3.5
"74" "67" 2009-03-29 23.8 "MIN" "" "NJN" "W" 9 0 26.4 0.868 0.875 0 9.6 4.8 34.6 4 0 14.8 12.5 162 106 12.6 7.2
"75" "68" 2009-03-31 23.81 "MIN" "" "DAL" "L" -20 0 29.4666666666667 0.278 0.278 6.8 4.5 5.8 32.9 1.8 0 10 15.7 82 120 5 -5.2
"76" "69" 2009-04-03 23.82 "MIN" "@" "UTA" "W" 1 0 27.1666666666667 0.836 0.778 0 18.6 10.1 42.1 0 2.8 35.8 28.9 115 112 12.5 1.2
"77" "70" 2009-04-05 23.82 "MIN" "" "DEN" "L" -23 0 33.55 0.529 0.529 0 3.7 1.7 17.5 3.1 0 19 29.5 85 117 8.1 -4
"78" "71" 2009-04-07 23.83 "MIN" "@" "LAC" "W" 10 0 32.2333333333333 0.542 0.542 3.5 5.6 4.7 30.7 0 3 0 17.7 146 100 12.4 7
"79" "72" 2009-04-08 23.83 "MIN" "@" "GSW" "W" 8 0 31.5666666666667 0.618 0.618 3.5 3.5 3.5 26.1 1.7 0 0 25.6 134 112 17.1 7
"80" "73" 2009-04-11 23.84 "MIN" "" "PHO" "L" -13 1 33.2833333333333 0.739 0.667 3.1 3.5 3.3 0 4.4 0 6.6 19 145 110 18.4 7
"81" "74" 2009-04-13 23.84 "MIN" "@" "DAL" "L" -2 1 38.6333333333333 0.404 0.344 2.9 6.7 4.7 48.4 1.4 0 22.4 27.9 91 114 9.7 -4.3
"82" "75" 2009-04-15 23.85 "MIN" "" "SAC" "L" -7 0 29.8 0.714 0.714 0 0 0 37.8 1.8 0 22.2 14 124 114 9.1 2.5
"1" "1" 2009-10-27 24.38 "LAC" "@" "LAL" "L" -7 0 21.4166666666667 0.68 0.6 0 4.2 2.3 27.8 0 0 14.5 13.5 133 110 7 -1.1
"2" "2" 2009-10-28 24.39 "LAC" "" "PHO" "L" -2 0 10.6833333333333 0.868 1 0 0 0 13.2 0 0 25.8 16.8 123 124 2.5 -7.6
"3" "3" 2009-10-30 24.39 "LAC" "@" "UTA" "L" -13 0 15.0666666666667 0 0 0 0 0 18.7 3.4 0 33.3 9.8 33 118 -0.8 -13.2
"4" "4" 2009-10-31 24.39 "LAC" "" "DAL" "L" -9 0 24.1 0.545 0.545 0 23.2 11.6 36.1 0 0 15.4 25.4 96 102 7.4 0.2
"5" "5" 2009-11-02 24.4 "LAC" "" "MIN" "W" 3 0 13.7166666666667 0.129 0 8.5 0 4 43.7 0 0 34 19.2 57 112 -0.4 -16.1
"6" "6" 2009-11-06 24.41 "LAC" "@" "GSW" "W" 28 0 19.5833333333333 0.542 0.542 7.4 4.7 5.8 50.2 2.5 4 14.3 32.3 112 95 11.5 5.4
"7" "7" 2009-11-07 24.41 "LAC" "" "MEM" "W" 3 0 20.9333333333333 0.5 0.5 0 16.4 8.5 34.9 6.9 0 27.3 22.8 87 101 8.4 1
"8" "8" 2009-11-09 24.42 "LAC" "" "NOH" "L" -28 0 22.0333333333333 0.45 0.375 0 0 0 31.7 0 0 31.1 26.8 73 130 1.6 -16.7
"9" "9" 2009-11-11 24.42 "LAC" "" "OKC" "L" -4 0 13.0833333333333 0.5 0.5 0 0 0 17.8 0 0 16.7 21.6 88 105 0.4 -11.2
"10" "10" 2009-11-13 24.43 "LAC" "" "TOR" "L" -15 0 16.6333333333333 0 0 0 9 4.1 43.7 0 0 0 6 100 129 2 -6.3
"11" "11" 2009-11-15 24.44 "LAC" "@" "OKC" "W" 8 0 12.5 0.543 0 0 16 8.5 30.3 4.3 0 0 10.3 148 99 5.6 7.7
"12" "12" 2009-11-17 24.44 "LAC" "@" "NOH" "L" -8 0 8.7 0 0 0 12.5 6.3 28.3 0 0 0 5.1 88 121 0.6 -9.4
"13" "13" 2009-11-18 24.44 "LAC" "@" "MEM" "L" -15 0 19.3166666666667 0.438 0.438 6.1 14.2 9.8 39.4 2.8 0 0 19.5 120 117 7.2 2.6
"14" "14" 2009-11-20 24.45 "LAC" "" "DEN" "W" 7 0 10.8166666666667 0.8 0.8 0 0 0 72.9 0 8.4 0 22.1 166 111 7.7 13.1
"15" "15" 2009-11-23 24.46 "LAC" "" "MIN" "W" 4 0 25.9833333333333 0.638 0.583 0 0 0 7.7 2.1 0 0 23.3 142 103 11.9 5.6
"16" "16" 2009-11-25 24.46 "LAC" "@" "IND" "L" -13 0 19.0833333333333 0.436 0.333 0 10.1 4.7 21 2.7 0 12.7 18 90 94 3.8 -2
"17" "17" 2009-11-27 24.47 "LAC" "@" "DET" "W" 8 0 11.3833333333333 0 0 0 25.3 16.2 22.8 0 0 33.3 14.5 37 109 -0.5 -18.7
"18" "18" 2009-11-29 24.47 "LAC" "" "MEM" "W" 10 0 9.58333333333333 0.798 1.5 0 13.9 6.5 0 5.6 0 34.7 13.6 70 94 2.2 2.6
"19" "19" 2009-12-02 24.48 "LAC" "" "HOU" "L" -17 0 12.45 0.436 0.333 0 0 0 14.7 8.9 0 0 27 104 108 4.9 4.1
"20" "20" 2009-12-05 24.49 "LAC" "" "IND" "W" 16 0 11.65 0.75 0.75 0 0 0 0 8.7 0 20 17.5 109 66 4.6 9.6
"21" "21" 2009-12-08 24.5 "LAC" "" "ORL" "L" -11 0 11.1 0 0 0 0 0 12.7 4.7 0 66.7 12.3 15 106 -1.8 -17.7
"22" "22" 2009-12-13 24.51 "LAC" "" "SAS" "L" -25 1 20.1166666666667 0.167 0.167 0 14.9 6.4 6.7 2.7 0 33.3 20.1 30 128 -2.9 -21.3
"23" "23" 2009-12-14 24.52 "LAC" "" "WAS" "W" 2 0 9.06666666666667 0.25 0.25 11.5 0 5.6 35.6 0 0 0 18.6 91 112 0.9 -10.7
"24" "24" 2009-12-16 24.52 "LAC" "@" "MIN" "W" 25 0 11.95 0.333 0.333 0 0 0 65.4 0 0 0 10.8 145 108 4.4 0.3
"25" "25" 2009-12-18 24.53 "LAC" "@" "NYK" "L" -4 0 12.8833333333333 0.333 0.333 0 9.6 5 25.5 0 0 25 15.4 71 117 1 -9.6
"26" "26" 2009-12-19 24.53 "LAC" "@" "PHI" "W" 5 0 11.3166666666667 0.694 0.5 0 0 0 11.3 0 0 25.8 16.8 115 119 1.5 -11.5
"27" "27" 2009-12-21 24.53 "LAC" "@" "SAS" "L" -16 0 20.4333333333333 0.218 0.167 0 0 0 41.9 0 0 0 16.2 89 128 2.6 -7.7
"28" "28" 2009-12-22 24.54 "LAC" "@" "HOU" "L" -9 0 12.8666666666667 1 1 0 9.3 5.1 12.9 0 12.2 25 14.7 137 116 6.5 10.7
"29" "29" 2009-12-25 24.55 "LAC" "@" "PHO" "L" -31 0 21.0333333333333 0.25 0.25 4.8 12.3 8.1 21.1 4.8 3.9 20 19.6 62 122 1.3 -8.5
"30" "30" 2009-12-27 24.55 "LAC" "" "BOS" "W" 2 0 7.78333333333333 0.5 0.5 0 15 8.8 0 0 0 33.3 19.7 58 106 -0.5 -18.5
"31" "31" 2009-12-30 24.56 "LAC" "@" "POR" "L" -4 0 9.66666666666667 0 0 0 0 0 26.8 0 0 0 5 87 122 -0.1 -13.2
"32" "32" 2009-12-31 24.56 "LAC" "" "PHI" "W" 16 0 19.0666666666667 0.615 0.625 0 0 0 14 0 0 45 21.6 72 106 -0.2 -14.9
"33" "33" 2010-01-04 24.57 "LAC" "" "POR" "W" 10 0 13.0333333333333 1.042 1 0 10.2 5.5 43.8 4.2 0 0 10.7 218 104 9.1 16.8
"34" "34" 2010-01-06 24.58 "LAC" "" "LAL" "W" 11 0 11.4333333333333 0 0 0 16.5 8.9 31.5 0 0 14.3 27.2 25 101 -2.9 -25.3
"35" "" 2010-01-10 24.59 "LAC" "" "MIA" "W" 10 NA NA NA NA NA NA NA NA NA NA NA NA NA NA NA NA
"36" "" 2010-01-12 24.59 "LAC" "@" "MEM" "L" -2 NA NA NA NA NA NA NA NA NA NA NA NA NA NA NA NA
"37" "35" 2010-01-13 24.6 "LAC" "@" "NOH" "L" -14 0 7.8 0.694 0.5 0 16.2 7.3 42.7 0 0 0 16.1 168 125 4.7 10.3
"38" "36" 2010-01-15 24.6 "LAC" "@" "LAL" "L" -40 0 19.8666666666667 0.625 0.625 0 6.4 3.1 100 0 0 55.6 20.5 86 135 5.2 -3.8
"39" "37" 2010-01-16 24.61 "LAC" "" "CLE" "L" -1 0 11.9166666666667 0 0 0 0 0 21.8 4.9 0 0 4.6 102 122 0.9 -4.8
"40" "38" 2010-01-18 24.61 "LAC" "" "NJN" "W" 11 0 18.35 0 0 0 13.4 7.9 58.9 0 0 33.3 7.7 109 113 4.5 -1.3
"41" "39" 2010-01-20 24.62 "LAC" "" "CHI" "W" 7 0 13.5333333333333 1.25 1.25 0 0 0 0 7 0 33.3 9.3 126 91 4.6 5.4
"42" "" 2010-01-21 24.62 "LAC" "@" "DEN" "L" -20 NA NA NA NA NA NA NA NA NA NA NA NA NA NA NA NA
"43" "" 2010-01-24 24.63 "LAC" "@" "WAS" "W" 14 NA NA NA NA NA NA NA NA NA NA NA NA NA NA NA NA
"44" "" 2010-01-25 24.63 "LAC" "@" "BOS" "L" -6 NA NA NA NA NA NA NA NA NA NA NA NA NA NA NA NA
"45" "" 2010-01-27 24.64 "LAC" "@" "NJN" "L" -16 NA NA NA NA NA NA NA NA NA NA NA NA NA NA NA NA
"46" "" 2010-01-29 24.64 "LAC" "@" "MIN" "L" -14 NA NA NA NA NA NA NA NA NA NA NA NA NA NA NA NA
"47" "" 2010-01-31 24.65 "LAC" "@" "CLE" "L" -25 NA NA NA NA NA NA NA NA NA NA NA NA NA NA NA NA
"48" "" 2010-02-02 24.65 "LAC" "@" "CHI" "W" 8 NA NA NA NA NA NA NA NA NA NA NA NA NA NA NA NA
"49" "" 2010-02-03 24.65 "LAC" "@" "ATL" "L" -6 NA NA NA NA NA NA NA NA NA NA NA NA NA NA NA NA
"50" "" 2010-02-06 24.66 "LAC" "" "SAS" "L" -17 NA NA NA NA NA NA NA NA NA NA NA NA NA NA NA NA
"51" "" 2010-02-09 24.67 "LAC" "" "UTA" "L" -10 NA NA NA NA NA NA NA NA NA NA NA NA NA NA NA NA
"52" "" 2010-02-10 24.67 "LAC" "@" "GSW" "L" -30 NA NA NA NA NA NA NA NA NA NA NA NA NA NA NA NA
"53" "" 2010-02-16 24.69 "LAC" "@" "POR" "L" -22 NA NA NA NA NA NA NA NA NA NA NA NA NA NA NA NA
"54" "" 2010-02-17 24.69 "LAC" "" "ATL" "L" -18 NA NA NA NA NA NA NA NA NA NA NA NA NA NA NA NA
"55" "" 2010-02-18 24.7 "CLE" "" "DEN" "L" -2 NA NA NA NA NA NA NA NA NA NA NA NA NA NA NA NA
"56" "" 2010-02-19 24.7 "CLE" "@" "CHA" "L" -17 NA NA NA NA NA NA NA NA NA NA NA NA NA NA NA NA
"57" "" 2010-02-21 24.7 "CLE" "@" "ORL" "L" -6 NA NA NA NA NA NA NA NA NA NA NA NA NA NA NA NA
"58" "" 2010-02-23 24.71 "CLE" "" "NOH" "W" 10 NA NA NA NA NA NA NA NA NA NA NA NA NA NA NA NA
"59" "" 2010-02-25 24.72 "CLE" "@" "BOS" "W" 20 NA NA NA NA NA NA NA NA NA NA NA NA NA NA NA NA
"60" "" 2010-02-26 24.72 "CLE" "@" "TOR" "W" 8 NA NA NA NA NA NA NA NA NA NA NA NA NA NA NA NA
"61" "" 2010-03-01 24.73 "CLE" "" "NYK" "W" 31 NA NA NA NA NA NA NA NA NA NA NA NA NA NA NA NA
"62" "" 2010-03-03 24.73 "CLE" "@" "NJN" "W" 19 NA NA NA NA NA NA NA NA NA NA NA NA NA NA NA NA
"63" "" 2010-03-05 24.74 "CLE" "" "DET" "W" 7 NA NA NA NA NA NA NA NA NA NA NA NA NA NA NA NA
"64" "" 2010-03-06 24.74 "CLE" "@" "MIL" "L" -7 NA NA NA NA NA NA NA NA NA NA NA NA NA NA NA NA
"65" "" 2010-03-08 24.75 "CLE" "" "SAS" "W" 2 NA NA NA NA NA NA NA NA NA NA NA NA NA NA NA NA
"66" "" 2010-03-12 24.76 "CLE" "@" "PHI" "W" 5 NA NA NA NA NA NA NA NA NA NA NA NA NA NA NA NA
"67" "" 2010-03-14 24.76 "CLE" "" "BOS" "W" 11 NA NA NA NA NA NA NA NA NA NA NA NA NA NA NA NA
"68" "" 2010-03-16 24.77 "CLE" "@" "DET" "W" 12 NA NA NA NA NA NA NA NA NA NA NA NA NA NA NA NA
"69" "" 2010-03-17 24.77 "CLE" "" "IND" "W" 5 NA NA NA NA NA NA NA NA NA NA NA NA NA NA NA NA
"70" "" 2010-03-19 24.78 "CLE" "@" "CHI" "W" 7 NA NA NA NA NA NA NA NA NA NA NA NA NA NA NA NA
"71" "" 2010-03-21 24.78 "CLE" "" "DET" "W" 25 NA NA NA NA NA NA NA NA NA NA NA NA NA NA NA NA
"72" "" 2010-03-24 24.79 "CLE" "@" "NOH" "W" 13 NA NA NA NA NA NA NA NA NA NA NA NA NA NA NA NA
"73" "" 2010-03-26 24.79 "CLE" "@" "SAS" "L" -5 NA NA NA NA NA NA NA NA NA NA NA NA NA NA NA NA
"74" "" 2010-03-28 24.8 "CLE" "" "SAC" "W" 7 NA NA NA NA NA NA NA NA NA NA NA NA NA NA NA NA
"75" "" 2010-03-31 24.81 "CLE" "" "MIL" "W" 3 NA NA NA NA NA NA NA NA NA NA NA NA NA NA NA NA
"76" "" 2010-04-02 24.81 "CLE" "" "ATL" "W" 5 NA NA NA NA NA NA NA NA NA NA NA NA NA NA NA NA
"77" "" 2010-04-04 24.82 "CLE" "@" "BOS" "L" -4 NA NA NA NA NA NA NA NA NA NA NA NA NA NA NA NA
"78" "" 2010-04-06 24.82 "CLE" "" "TOR" "W" 12 NA NA NA NA NA NA NA NA NA NA NA NA NA NA NA NA
"79" "40" 2010-04-08 24.83 "CLE" "@" "CHI" "L" -1 0 16.5666666666667 0.571 0.571 0 0 0 29.6 0 0 12.5 21.5 110 120 5.4 -4.2
"80" "41" 2010-04-09 24.83 "CLE" "" "IND" "L" -3 0 29.7333333333333 0.666 0.643 0 11.8 5.9 23 0 0 16 26.5 116 125 13.9 -1.4
"81" "42" 2010-04-11 24.84 "CLE" "" "ORL" "L" -6 0 7.21666666666667 0.25 0.25 0 0 0 0 7.7 0 0 25.3 61 103 -0.2 -10
"82" "43" 2010-04-14 24.85 "CLE" "@" "ATL" "L" -16 0 23.7666666666667 0.368 0.3 0 5.8 2.6 40.5 2.2 0 15.5 25.5 79 109 4.6 -7.4
"1" "1" 2010-10-27 25.38 "MIN" "" "SAC" "L" -1 0 16.2166666666667 0.644 0.611 0 12.1 6.5 63 0 0 14.7 34.7 127 118 12.3 7.5
"2" "2" 2010-10-29 25.39 "MIN" "" "MIL" "W" 11 0 14.8833333333333 0.2 0.2 6.5 0 3.2 0 3.3 0 16.7 16.3 49 92 -0.4 -9.1
"3" "3" 2010-10-30 25.39 "MIN" "@" "MEM" "L" -20 0 22.8833333333333 0.558 0.444 4 8.9 6.3 17 2 0 27.1 23.6 94 104 6.6 1.1
"4" "4" 2010-11-02 25.4 "MIN" "@" "MIA" "L" -32 0 24.4166666666667 0.742 0.714 0 5.6 2.3 9.3 2 0 10.2 16.2 136 131 9.1 -0.8
"5" "5" 2010-11-03 25.4 "MIN" "@" "ORL" "L" -42 0 20.0666666666667 0.436 0.333 0 0 0 51.5 2.4 0 12.7 16.5 101 133 5.7 -0.4
"6" "6" 2010-11-05 25.41 "MIN" "" "ATL" "L" -10 0 27 0.5 0.5 3.5 10.5 6.3 33.9 0 2.8 11.1 13.9 121 121 8.7 -0.6
"7" "7" 2010-11-07 25.41 "MIN" "@" "HOU" "L" -26 0 20.55 0.438 0.438 0 5.2 2.3 8.7 0 0 20 19.2 79 126 -0.4 -12.7
"8" "8" 2010-11-09 25.42 "MIN" "@" "LAL" "L" -5 1 39.1166666666667 0.542 0.542 2.3 11.7 6.4 38.3 1.3 0 25 15.7 109 108 11.8 1.7
"9" "9" 2010-11-10 25.42 "MIN" "@" "SAC" "W" 9 1 39.8666666666667 0.571 0.571 0 0 0 3.8 0 0 12.5 17.4 104 99 6.5 -4.9
"10" "10" 2010-11-12 25.43 "MIN" "" "NYK" "W" 9 1 36.8333333333333 0 0 0 2.6 1.3 23.7 1.3 4.1 37.5 8.4 50 106 -0.2 -10.1
"11" "11" 2010-11-14 25.43 "MIN" "@" "ATL" "L" -6 1 39.2666666666667 0.804 0.778 0 0 0 33 3.8 0 30.9 17.6 122 118 16.5 5.4
"12" "12" 2010-11-15 25.44 "MIN" "@" "CHA" "L" -3 1 30.7333333333333 0.5 0.5 0 4.3 1.9 26.6 0 0 21.4 19.3 93 121 5.6 -8.4
"13" "13" 2010-11-17 25.44 "MIN" "" "LAC" "W" 2 1 22.6666666666667 0.394 0.313 0 0 0 30.5 0 0 10.1 21.1 97 127 4.3 -11.6
"14" "14" 2010-11-19 25.45 "MIN" "" "LAL" "L" -17 1 26.1 0.4 0.4 0 14.5 5.9 12.1 0 0 9.1 17.3 85 118 2.7 -9
"15" "15" 2010-11-22 25.45 "MIN" "@" "OKC" "L" -10 1 15.6333333333333 0 0 0 0 0 34.9 3.1 0 66.7 8.2 70 117 0.6 -7.1
"16" "16" 2010-11-24 25.46 "MIN" "" "SAS" "L" -4 0 12.1833333333333 0.5 0.5 0 7.9 4.4 57.8 4.2 0 25 14.8 117 106 4.3 7.2
"17" "17" 2010-11-27 25.47 "MIN" "" "GSW" "L" -10 0 11.45 0.41 0.25 17.1 0 9.6 30.2 9.4 0 17 21.3 106 102 5.4 10.4
"18" "18" 2010-12-01 25.48 "MIN" "@" "DAL" "L" -14 0 5.91666666666667 0.568 NA 0 17.6 8.5 25.4 8.4 0 77.3 28.8 34 89 -0.8 -17.1
"19" "19" 2010-12-03 25.48 "MIN" "@" "SAS" "L" -6 0 14.5 0.5 0.5 0 23.1 10.3 20.4 0 0 0 10.9 134 117 3.9 -1.6
"20" "20" 2010-12-04 25.49 "MIN" "" "CLE" "W" 34 0 26.4833333333333 0.74 0.7 0 0 0 29.8 3.8 0 22.8 15 143 100 11.8 4.4
"21" "21" 2010-12-06 25.49 "MIN" "@" "NYK" "L" -7 0 19.6833333333333 0.578 0.583 0 6.8 3.7 14.5 0 0 17.4 26.3 105 132 4.9 -7.3
"22" "22" 2010-12-08 25.5 "MIN" "" "OKC" "L" -8 0 12.0166666666667 0.509 0.5 0 0 0 0 4 0 22.5 30.5 76 111 2.2 -7.8
"23" "23" 2010-12-10 25.5 "MIN" "" "DET" "W" 10 0 10.2 0.643 0.6 0 0 0 16.9 0 0 35.5 37.6 85 121 1.6 -16.9
"24" "24" 2010-12-11 25.51 "MIN" "@" "CHI" "L" -31 0 12.7666666666667 0.174 0 8 0 4.2 0 0 0 25.8 13.4 41 130 -1.1 -15.1
"25" "" 2010-12-14 25.52 "MIN" "@" "GSW" "L" -9 NA NA NA NA NA NA NA NA NA NA NA NA NA NA NA NA
"26" "" 2010-12-15 25.52 "MIN" "@" "PHO" "L" -6 NA NA NA NA NA NA NA NA NA NA NA NA NA NA NA NA
"27" "" 2010-12-17 25.52 "MIN" "@" "POR" "L" -5 NA NA NA NA NA NA NA NA NA NA NA NA NA NA NA NA
"28" "" 2010-12-18 25.53 "MIN" "@" "DEN" "L" -2 NA NA NA NA NA NA NA NA NA NA NA NA NA NA NA NA
"29" "25" 2010-12-20 25.53 "MIN" "@" "LAC" "L" -23 0 2.95 0 0 0 0 0 0 0 0 0 15.5 0 128 -0.7 -22.1
"30" "" 2010-12-22 25.54 "MIN" "" "UTA" "L" -5 NA NA NA NA NA NA NA NA NA NA NA NA NA NA NA NA
"31" "" 2010-12-26 25.55 "MIN" "@" "CLE" "W" 1 NA NA NA NA NA NA NA NA NA NA NA NA NA NA NA NA
"32" "" 2010-12-27 25.55 "MIN" "" "NOH" "W" 15 NA NA NA NA NA NA NA NA NA NA NA NA NA NA NA NA
"33" "" 2010-12-29 25.56 "MIN" "" "DEN" "L" -6 NA NA NA NA NA NA NA NA NA NA NA NA NA NA NA NA
"34" "26" 2011-01-01 25.56 "MIN" "" "NJN" "W" 15 0 15.4833333333333 0.571 0.571 0 0 0 12.6 0 0 0 21.2 125 110 4.6 -4.2
"35" "" 2011-01-03 25.57 "MIN" "@" "BOS" "L" -3 NA NA NA NA NA NA NA NA NA NA NA NA NA NA NA NA
"36" "" 2011-01-05 25.58 "MIN" "" "CHA" "L" -3 NA NA NA NA NA NA NA NA NA NA NA NA NA NA NA NA
"37" "" 2011-01-07 25.58 "MIN" "" "POR" "L" -10 NA NA NA NA NA NA NA NA NA NA NA NA NA NA NA NA
"38" "" 2011-01-09 25.59 "MIN" "@" "SAS" "L" -3 NA NA NA NA NA NA NA NA NA NA NA NA NA NA NA NA
"39" "" 2011-01-11 25.59 "MIN" "" "SAS" "L" -11 NA NA NA NA NA NA NA NA NA NA NA NA NA NA NA NA
"40" "" 2011-01-13 25.6 "MIN" "" "WAS" "W" 12 NA NA NA NA NA NA NA NA NA NA NA NA NA NA NA NA
"41" "" 2011-01-15 25.6 "MIN" "" "ORL" "L" -9 NA NA NA NA NA NA NA NA NA NA NA NA NA NA NA NA
"42" "" 2011-01-17 25.61 "MIN" "@" "POR" "L" -11 NA NA NA NA NA NA NA NA NA NA NA NA NA NA NA NA
"43" "" 2011-01-19 25.61 "MIN" "@" "LAC" "L" -15 NA NA NA NA NA NA NA NA NA NA NA NA NA NA NA NA
"44" "" 2011-01-24 25.63 "MIN" "" "HOU" "L" -4 NA NA NA NA NA NA NA NA NA NA NA NA NA NA NA NA
"45" "" 2011-01-26 25.63 "MIN" "" "OKC" "L" -1 NA NA NA NA NA NA NA NA NA NA NA NA NA NA NA NA
"46" "" 2011-01-28 25.64 "MIN" "@" "UTA" "L" -8 NA NA NA NA NA NA NA NA NA NA NA NA NA NA NA NA
"47" "27" 2011-01-29 25.64 "MIN" "" "TOR" "W" 16 0 5.75 0.5 0.5 0 0 0 0 0 0 16.7 45.5 75 98 1.3 -8
"48" "28" 2011-02-02 25.65 "MIN" "" "MEM" "L" -18 0 21.8 0.355 0.375 4.7 11.6 7.8 36.2 2.3 0 19.2 21.6 79 107 4.2 -5.6
"49" "29" 2011-02-04 25.66 "MIN" "@" "TOR" "L" -11 0 21.8 0.627 0.591 0 12.6 5.5 0 0 0 19 31.6 101 122 6.7 -5.5
"50" "30" 2011-02-05 25.66 "MIN" "" "DEN" "L" -13 0 16.5 0.354 0.333 10.6 8.1 9.6 30.9 3 0 9.2 27.7 86 115 4.9 -2.8
"51" "31" 2011-02-07 25.67 "MIN" "@" "NOH" "W" 12 0 13.35 0.75 0.75 9.7 14.4 12.4 0 8.1 0 25 27.4 102 89 6.5 11.5
"52" "32" 2011-02-08 25.67 "MIN" "@" "HOU" "W" 4 0 16.6166666666667 0.778 0.778 0 0 0 31.3 0 0 18.2 28.6 135 121 9.8 7.4
"53" "33" 2011-02-11 25.68 "MIN" "@" "IND" "L" -11 0 24.1666666666667 0.457 0.357 0 10.7 4.5 23.3 2.1 0 25.5 19.4 89 122 2.5 -9.4
"54" "" 2011-02-12 25.68 "MIN" "" "PHI" "L" -20 NA NA NA NA NA NA NA NA NA NA NA NA NA NA NA NA
"55" "" 2011-02-14 25.68 "MIN" "" "POR" "L" -14 NA NA NA NA NA NA NA NA NA NA NA NA NA NA NA NA
"56" "34" 2011-02-16 25.69 "MIN" "" "LAC" "L" -8 0 16.3833333333333 0.143 0.143 0 20.4 9.4 56.2 0 0 12.5 20.6 59 108 0.5 -10.7
"57" "35" 2011-02-22 25.71 "MIN" "@" "MIL" "L" -6 0 14.3333333333333 0.127 0 12 0 7 0 3.6 0 0 23 47 101 -0.9 -10.2
"58" "36" 2011-02-23 25.71 "MIN" "" "MEM" "L" -9 0 14.3 0.342 0.167 12.7 7.6 10.4 43.8 7 0 12 23.7 96 101 6.3 7.3
"59" "" 2011-02-25 25.72 "MIN" "" "NOH" "L" -14 NA NA NA NA NA NA NA NA NA NA NA NA NA NA NA NA
"60" "" 2011-02-27 25.72 "MIN" "" "GSW" "W" 3 NA NA NA NA NA NA NA NA NA NA NA NA NA NA NA NA
"61" "" 2011-03-01 25.73 "MIN" "" "LAL" "L" -11 NA NA NA NA NA NA NA NA NA NA NA NA NA NA NA NA
"62" "" 2011-03-02 25.73 "MIN" "@" "DET" "W" 11 NA NA NA NA NA NA NA NA NA NA NA NA NA NA NA NA
"63" "" 2011-03-04 25.73 "MIN" "@" "PHI" "L" -11 NA NA NA NA NA NA NA NA NA NA NA NA NA NA NA NA
"64" "" 2011-03-05 25.74 "MIN" "@" "WAS" "L" -7 NA NA NA NA NA NA NA NA NA NA NA NA NA NA NA NA
"65" "" 2011-03-07 25.74 "MIN" "" "DAL" "L" -3 NA NA NA NA NA NA NA NA NA NA NA NA NA NA NA NA
"66" "37" 2011-03-09 25.75 "MIN" "" "IND" "W" 26 0 5.71666666666667 0 0 30.5 14.7 22.5 0 0 0 0 6.9 88 77 0.6 -3.5
"67" "" 2011-03-11 25.75 "MIN" "" "UTA" "W" 21 NA NA NA NA NA NA NA NA NA NA NA NA NA NA NA NA
"68" "" 2011-03-13 25.76 "MIN" "@" "GSW" "L" -23 NA NA NA NA NA NA NA NA NA NA NA NA NA NA NA NA
"69" "" 2011-03-16 25.77 "MIN" "@" "UTA" "L" -15 NA NA NA NA NA NA NA NA NA NA NA NA NA NA NA NA
"70" "" 2011-03-18 25.77 "MIN" "@" "LAL" "L" -8 NA NA NA NA NA NA NA NA NA NA NA NA NA NA NA NA
"71" "" 2011-03-20 25.78 "MIN" "" "SAC" "L" -32 NA NA NA NA NA NA NA NA NA NA NA NA NA NA NA NA
"72" "" 2011-03-24 25.79 "MIN" "@" "DAL" "L" -8 NA NA NA NA NA NA NA NA NA NA NA NA NA NA NA NA
"73" "" 2011-03-25 25.79 "MIN" "@" "OKC" "L" -8 NA NA NA NA NA NA NA NA NA NA NA NA NA NA NA NA
"74" "" 2011-03-27 25.8 "MIN" "" "BOS" "L" -3 NA NA NA NA NA NA NA NA NA NA NA NA NA NA NA NA
"75" "" 2011-03-30 25.81 "MIN" "" "CHI" "L" -17 NA NA NA NA NA NA NA NA NA NA NA NA NA NA NA NA
"76" "" 2011-04-01 25.81 "MIN" "" "MIA" "L" -19 NA NA NA NA NA NA NA NA NA NA NA NA NA NA NA NA
"77" "" 2011-04-02 25.81 "MIN" "@" "MEM" "L" -17 NA NA NA NA NA NA NA NA NA NA NA NA NA NA NA NA
"78" "" 2011-04-05 25.82 "MIN" "@" "NJN" "L" -2 NA NA NA NA NA NA NA NA NA NA NA NA NA NA NA NA
"79" "" 2011-04-06 25.82 "MIN" "" "PHO" "L" -10 NA NA NA NA NA NA NA NA NA NA NA NA NA NA NA NA
"80" "" 2011-04-09 25.83 "MIN" "@" "DEN" "L" -24 NA NA NA NA NA NA NA NA NA NA NA NA NA NA NA NA
"81" "" 2011-04-11 25.84 "MIN" "@" "PHO" "L" -8 NA NA NA NA NA NA NA NA NA NA NA NA NA NA NA NA
"82" "" 2011-04-13 25.84 "MIN" "" "HOU" "L" -19 NA NA NA NA NA NA NA NA NA NA NA NA NA NA NA NA
"1" "1" 2011-12-26 26.55 "PHO" "" "NOH" "L" -1 0 7.06666666666667 0.532 0 0 0 0 21.2 0 0 0 12.4 137 104 1.2 -5.5
"2" "2" 2011-12-28 26.55 "PHO" "" "PHI" "L" -20 0 5.56666666666667 0.735 0.667 19.6 0 9.9 54.7 9.6 0 0 41.1 160 101 7.7 45.6
"3" "" 2011-12-30 26.56 "PHO" "@" "NOH" "W" 15 NA NA NA NA NA NA NA NA NA NA NA NA NA NA NA NA
"4" "3" 2011-12-31 26.56 "PHO" "@" "OKC" "L" -10 0 12 0.444 0.357 8 0 4.9 29.6 4.2 0 0 28.6 113 112 5.6 6.5
"5" "" 2012-01-02 26.57 "PHO" "" "GSW" "W" 11 NA NA NA NA NA NA NA NA NA NA NA NA NA NA NA NA
"6" "4" 2012-01-04 26.57 "PHO" "@" "DAL" "L" -9 0 6.55 0.41 0.25 0 14.7 7.7 24.7 0 0 0 34.5 101 110 2.2 -2.7
"7" "5" 2012-01-06 26.58 "PHO" "" "POR" "W" 25 0 6.76666666666667 0 0 0 0 0 0 0 0 0 6.8 0 95 -1.5 -17.9
"8" "6" 2012-01-08 26.58 "PHO" "" "MIL" "W" 16 0 7.28333333333333 0.375 0.375 0 0 0 0 0 0 20 33.5 58 114 -0.4 -20.7
"9" "" 2012-01-10 26.59 "PHO" "@" "LAL" "L" -16 NA NA NA NA NA NA NA NA NA NA NA NA NA NA NA NA
"10" "" 2012-01-12 26.59 "PHO" "" "CLE" "L" -11 NA NA NA NA NA NA NA NA NA NA NA NA NA NA NA NA
"11" "7" 2012-01-13 26.6 "PHO" "" "NJN" "L" -7 0 16.2833333333333 0.375 0.375 0 8.7 4.2 25.2 3.3 0 11.1 26.8 86 120 2.4 -8.5
"12" "" 2012-01-15 26.6 "PHO" "@" "SAS" "L" -11 NA NA NA NA NA NA NA NA NA NA NA NA NA NA NA NA
"13" "" 2012-01-17 26.61 "PHO" "@" "CHI" "L" -21 NA NA NA NA NA NA NA NA NA NA NA NA NA NA NA NA
"14" "8" 2012-01-18 26.61 "PHO" "@" "NYK" "W" 3 0 10.4 0.333 0.333 0 17.4 10 0 0 0 0 13.7 64 95 0.5 -10.2
"15" "9" 2012-01-20 26.62 "PHO" "@" "BOS" "W" 8 0 10.45 0.5 0.5 0 10.7 6 0 10.5 0 0 18.9 100 68 3.5 7.7
"16" "10" 2012-01-23 26.62 "PHO" "@" "DAL" "L" -6 0 11.6833333333333 0.457 0.357 0 8.7 4.4 0 9 0 18.6 39.6 82 89 3 0.6
"17" "11" 2012-01-24 26.63 "PHO" "" "TOR" "L" -3 0 13.7166666666667 0.291 0.167 8.1 16.3 12.2 19.7 0 0 12.7 26.4 73 108 1.5 -11
"18" "12" 2012-01-27 26.64 "PHO" "@" "POR" "L" -38 0 23.1833333333333 0.421 0.409 0 13.2 6.3 10 2.1 0 25.2 30.8 61 111 1.3 -9.2
"19" "13" 2012-01-28 26.64 "PHO" "" "MEM" "W" 2 0 16.4166666666667 0 0 0 0 0 9.1 3.3 0 33.3 15.6 9 95 -3.9 -16.9
"20" "14" 2012-01-30 26.64 "PHO" "" "DAL" "L" -23 0 23.15 0.542 0.542 5.1 0 2.7 50.5 2.2 0 7.7 26.7 118 135 10.3 3.4
"21" "15" 2012-02-01 26.65 "PHO" "@" "NOH" "W" 17 0 18.7833333333333 0.483 0.438 0 7.1 3.8 23 5.5 0 17.7 28 93 107 5.4 -4.2
"22" "16" 2012-02-03 26.65 "PHO" "@" "HOU" "L" -18 0 20.3333333333333 0.4 0.4 0 5.4 2.7 8.1 2.5 0 44.4 20.2 46 109 -1.5 -15.7
"23" "17" 2012-02-04 26.66 "PHO" "" "CHA" "W" 6 0 14.5666666666667 0 0 0 7.3 3.5 38.8 3.8 0 0 9.6 66 100 0.8 -8.9
"24" "18" 2012-02-06 26.66 "PHO" "@" "ATL" "W" 9 0 16.8666666666667 0.643 0.643 8.4 12.4 10.7 28.8 3.3 4.7 30 29.3 102 99 6.2 3.4
"25" "19" 2012-02-07 26.67 "PHO" "@" "MIL" "W" 2 0 10.4166666666667 0 0 0 0 0 10.2 0 0 0 8.4 36 124 -1.5 -18.6
"26" "20" 2012-02-09 26.67 "PHO" "" "HOU" "L" -7 0 12.5333333333333 0 0 0 0 0 10.9 4.4 0 20 20.4 13 110 -2.9 -21
"27" "21" 2012-02-11 26.68 "PHO" "@" "SAC" "W" 14 0 7.11666666666667 0 0 0 0 0 69.2 7.7 0 0 13.5 90 92 2.4 8.4
"28" "22" 2012-02-13 26.68 "PHO" "@" "GSW" "L" -6 0 6.61666666666667 0.333 0.333 0 15.8 8.4 23.6 0 0 40 34.8 48 117 -1.1 -25.3
"29" "23" 2012-02-14 26.68 "PHO" "@" "DEN" "L" -17 0 16.3666666666667 0.375 0.375 5.2 0 3.1 36.4 0 0 11.1 20.7 88 114 2.2 -7.3
"30" "24" 2012-02-15 26.69 "PHO" "" "ATL" "L" -2 0 6.13333333333333 NA NA 0 0 0 21.2 0 0 100 7.8 47 116 -1.1 -16.2
"31" "25" 2012-02-17 26.69 "PHO" "@" "LAL" "L" -12 0 11.8333333333333 0.5 0.5 0 10.4 4.6 32.9 0 0 0 7.2 133 114 2.6 -4.4
"32" "26" 2012-02-19 26.7 "PHO" "" "LAL" "W" 12 0 12.1333333333333 NA NA 8.6 9.9 9.2 11.6 0 0 100 3.8 78 101 -0.9 -13.6
"33" "27" 2012-02-20 26.7 "PHO" "" "WAS" "W" 16 0 20.0833333333333 0.667 0.667 0 0 0 8.7 0 0 14.3 16 112 102 4.7 -3.5
"34" "28" 2012-02-22 26.71 "PHO" "" "GSW" "L" -2 0 13.7333333333333 0.833 0.833 0 7.9 3.8 0 0 0 25 12.8 116 129 2.2 -6.1
"35" "29" 2012-03-01 26.73 "PHO" "" "MIN" "W" 9 0 14.0166666666667 0.525 0.667 10.7 14 12.7 9.7 7.6 0 29.6 22.2 81 93 3.3 -0.7
"36" "30" 2012-03-02 26.73 "PHO" "" "LAC" "W" 3 0 13.75 0.41 0.375 0 14 7.1 28.5 0 4.9 29.1 22.9 71 91 1.5 -2
"37" "31" 2012-03-04 26.74 "PHO" "" "SAC" "W" 8 0 14.95 0.5 0.5 13.7 11.7 12.6 11.8 3.4 7.5 0 23.3 120 85 8.7 16.8
"38" "32" 2012-03-07 26.75 "PHO" "@" "OKC" "L" -11 0 8.8 0 0 24.2 11.6 17.8 43.1 0 0 25 18.7 61 120 -0.9 -15.6
"39" "33" 2012-03-08 26.75 "PHO" "" "DAL" "W" 2 0 13.15 0.5 0.5 0 34.8 18.3 36.9 0 0 0 18.6 119 104 5.6 4.7
"40" "34" 2012-03-10 26.75 "PHO" "" "MEM" "W" 7 0 12.5833333333333 0.5 0.5 0 17 8.7 11.4 0 0 16.7 21.1 95 104 2.2 -3.7
"41" "35" 2012-03-12 26.76 "PHO" "" "MIN" "L" -3 0 15.6666666666667 0.776 0.75 0 7.9 4 18.2 3.2 4.6 13.4 21 139 128 9 7.2
"42" "36" 2012-03-14 26.76 "PHO" "" "UTA" "W" 9 0 12.2666666666667 0.735 0.8 0 9.5 5.1 27.6 7.9 0 26.9 28 102 101 6.2 2.9
"43" "37" 2012-03-15 26.77 "PHO" "@" "LAC" "W" 4 1 33.8 0.306 0.273 0 6.8 3.6 41 1.7 2.1 8 18.2 91 107 5.8 -4.3
"44" "38" 2012-03-16 26.77 "PHO" "" "DET" "W" 8 0 14.35 0 0 0 9.8 4.6 40.8 0 0 40 15.8 58 118 -0.7 -15.8
"45" "39" 2012-03-18 26.78 "PHO" "" "HOU" "W" 13 0 17.8166666666667 0.417 0.417 0 6.1 3.1 31.1 6 0 0 15.8 111 91 5.9 6.1
"46" "40" 2012-03-20 26.78 "PHO" "@" "MIA" "L" -4 0 14.1666666666667 0.926 0.833 0 0 0 11.6 0 5.1 31.6 19.5 125 115 5.7 7.5
"47" "41" 2012-03-21 26.78 "PHO" "@" "ORL" "L" -10 0 20.8333333333333 0.512 0.438 0 21.4 11.1 22.2 5 0 9.3 23.8 111 103 9.1 6.4
"48" "42" 2012-03-23 26.79 "PHO" "@" "IND" "W" 2 0 13.8333333333333 0.5 0.5 0 20.4 9.1 10.2 0 0 0 15.7 119 122 3.2 -2.5
"49" "43" 2012-03-25 26.79 "PHO" "@" "CLE" "W" 25 0 18.7 0.478 0.333 6.4 6.6 6.5 41.8 2.9 0 21.5 22.9 109 97 7.8 1.8
"50" "44" 2012-03-27 26.8 "PHO" "" "SAS" "L" -7 0 14.1666666666667 0.55 0.55 0 0 0 0 0 0 0 33.8 111 126 5.6 1.4
"51" "45" 2012-03-28 26.8 "PHO" "@" "LAC" "L" -17 0 14.2 0 0 0 0 0 0 0 0 28.6 22.7 0 120 -6.7 -32.2
"52" "46" 2012-04-01 26.81 "PHO" "" "NOH" "W" 17 0 13.2333333333333 0.2 0.2 0 0 0 0 0 0 0 18.3 46 93 -2.3 -18.1
"53" "47" 2012-04-03 26.82 "PHO" "@" "SAC" "W" 9 0 15.3 0.258 0 0 7 3.5 15.7 0 0 43.6 18.7 45 108 -1.8 -17.6
"54" "48" 2012-04-04 26.82 "PHO" "@" "UTA" "W" 2 0 15.95 0.654 0.583 5.9 31.7 16.9 28.2 9.5 4.3 0 18.5 155 89 12.9 23
"55" "49" 2012-04-06 26.83 "PHO" "@" "DEN" "L" -6 0 13.15 0.51 0.4 0 7 3.8 27.3 0 0 14.5 22.7 109 120 3.6 -3.4
"56" "50" 2012-04-07 26.83 "PHO" "" "LAL" "W" 20 0 21.7833333333333 0.568 0.545 5.1 9.4 7.3 42.9 4.7 0 0 23.7 141 106 14.3 11
"57" "51" 2012-04-09 26.84 "PHO" "@" "MIN" "W" 24 0 21.95 0.941 0.929 0 4.9 2.8 45.2 4.5 3.6 0 15.3 195 88 18.2 24.2
"58" "52" 2012-04-11 26.84 "PHO" "@" "MEM" "L" -11 0 13.0833333333333 0.583 0.583 0 41.9 19.8 100 4.4 5.2 14.3 26.4 137 106 11.1 27.9
"59" "53" 2012-04-13 26.85 "PHO" "@" "HOU" "W" 7 0 14.0833333333333 0.888 1 9.7 7.1 8.2 14 0 0 12.9 25.3 147 113 8.4 9.3
"60" "54" 2012-04-14 26.85 "PHO" "@" "SAS" "L" -14 0 30.9833333333333 0.461 0.429 5.4 17.2 10 25.8 4.8 2.7 8.1 33.1 101 102 15 8.3
"61" "55" 2012-04-16 26.85 "PHO" "" "POR" "W" 18 0 20.5833333333333 0.5 0.5 0 14.9 9.1 18.9 0 0 14.3 31.6 98 117 6.6 -11
"62" "56" 2012-04-18 26.86 "PHO" "" "OKC" "L" -12 0 19.65 0.286 0.286 5.2 5.8 5.5 33.6 0 0 22.2 19.8 70 120 0.1 -11
"63" "57" 2012-04-19 26.86 "PHO" "" "LAC" "W" 3 0 16.4833333333333 0.851 0.7 7.1 6.9 7 36 0 4.3 20.7 28.2 146 106 10.9 15
"64" "58" 2012-04-21 26.87 "PHO" "" "DEN" "L" -11 0 20.0833333333333 1.071 1.071 0 0 0 32.2 0 0 30 20.5 141 133 12.3 11
"65" "59" 2012-04-24 26.88 "PHO" "@" "UTA" "L" -12 0 11.6 0.46 0.4 0 8.3 4.2 16.1 4.2 0 35.5 32 61 97 -0.3 -12.2
"66" "60" 2012-04-25 26.88 "PHO" "" "SAS" "L" -4 0 21.6333333333333 0.678 0.654 0 5.2 2.5 8.1 0 0 0 29.1 142 120 13.5 6.4
"1" "1" 2012-10-31 27.39 "PHO" "" "GSW" "L" -2 0 11.35 0.333 0.333 0 8.5 4.5 0 0 0 0 11.8 74 101 -1 -15.4
"2" "2" 2012-11-02 27.4 "PHO" "" "DET" "W" 3 0 13.7166666666667 0.644 0.667 0 7.4 3.8 10.6 0 4.5 0 12.3 143 98 4.2 3.8
"3" "3" 2012-11-04 27.41 "PHO" "@" "ORL" "L" -21 0 12.0833333333333 0.2 0.2 0 9.7 4.4 0 0 0 16.7 20.7 39 127 -2.6 -24.4
"4" "4" 2012-11-05 27.41 "PHO" "@" "MIA" "L" -25 0 15.5333333333333 0.515 0.333 0 8.8 3.6 9.7 3.1 0 0 10.7 118 125 3.1 -6.9
"5" "5" 2012-11-07 27.41 "PHO" "@" "CHA" "W" 7 0 15.4666666666667 0 0 0 21.7 10.5 7.2 10.2 0 20 13.2 18 100 0 -13
"6" "6" 2012-11-09 27.42 "PHO" "" "CLE" "W" 2 0 22.3 0.838 0.833 10.2 16.6 13.3 29.3 0 0 0 14.8 182 114 14.7 11.5
"7" "7" 2012-11-10 27.42 "PHO" "@" "UTA" "L" -13 0 24.8166666666667 0.324 0.308 0 10.5 4.3 31.9 8.3 0 0 25.7 79 91 7.3 4.6
"8" "8" 2012-11-12 27.43 "PHO" "" "DEN" "W" 10 0 18.1333333333333 0.5 0.5 5.4 15.6 9.6 26.2 0 4.4 33.3 7.3 114 111 3.6 -2.2
"9" "9" 2012-11-14 27.43 "PHO" "" "CHI" "L" -6 0 25.35 0.594 0.538 4.1 4.5 4.3 26.5 0 2.8 0 24.1 151 119 13.2 12.9
"10" "10" 2012-11-16 27.44 "PHO" "@" "LAL" "L" -12 0 9.36666666666667 1 1 0 0 0 29.5 5.4 0 50 18 98 119 3.4 1.3
"11" "11" 2012-11-17 27.44 "PHO" "" "MIA" "L" -9 0 24.7333333333333 0.514 0.429 4.7 5.9 5.2 25.8 2.1 0 25.5 21.9 93 108 5.5 -1.1
"12" "12" 2012-11-21 27.45 "PHO" "" "POR" "W" 27 0 17.5166666666667 0.363 0.333 0 0 0 27.1 3 0 22.5 24.9 84 102 2.6 -9
"13" "13" 2012-11-23 27.46 "PHO" "" "NOH" "W" 3 0 15.7 0.615 0.75 0 10.9 4.4 41.5 3.5 6.5 45 13.8 100 107 3.1 -0.4
"14" "14" 2012-11-25 27.46 "PHO" "@" "PHI" "L" -3 0 18.8333333333333 0.676 0.625 7.1 13.4 10.3 19.4 2.8 0 10.1 24.3 130 112 10.3 5.7
"15" "15" 2012-11-27 27.47 "PHO" "@" "CLE" "W" 13 0 14.8666666666667 0.155 0.167 0 14 7.7 47.8 3.5 4.7 0 20.4 70 81 3.2 0.8
"16" "16" 2012-11-28 27.47 "PHO" "@" "DET" "L" -40 0 14.85 0.333 0.333 0 9.5 3.9 13.1 0 0 0 8.8 87 131 0.5 -11.7
"17" "17" 2012-11-30 27.48 "PHO" "@" "TOR" "L" -4 0 15.85 0.68 0.6 0 7.6 4 32.5 0 0 14.5 21 124 116 7.1 0.4
"18" "18" 2012-12-02 27.48 "PHO" "@" "NYK" "L" -7 0 25.1333333333333 0.698 0.714 5 7.6 6.5 18.3 0 0 20.2 17.9 121 125 6.7 -0.7
"19" "" 2012-12-04 27.49 "PHO" "@" "MEM" "L" -10 NA NA NA NA NA NA NA NA NA NA NA NA NA NA NA NA
"20" "19" 2012-12-06 27.49 "PHO" "" "DAL" "L" -3 0 19.15 0.359 0.25 5.4 0 2.9 17.3 0 0 17 27.3 77 116 1.5 -12.9
"21" "20" 2012-12-08 27.5 "PHO" "@" "LAC" "L" -18 0 21.6833333333333 0 0 0 14.8 8.5 6.1 0 0 20 10.4 14 125 -3.8 -19.8
"22" "21" 2012-12-09 27.5 "PHO" "" "ORL" "L" -8 1 37.2333333333333 0.342 0.214 3.2 11.7 7.1 29.7 1.4 0 25.5 15.5 82 108 5.1 -5.5
"23" "22" 2012-12-12 27.51 "PHO" "" "MEM" "W" 2 0 15.0333333333333 0.5 0.5 0 0 0 46.3 0 0 0 15.2 138 110 4.7 5.4
"24" "23" 2012-12-14 27.52 "PHO" "" "UTA" "W" 15 0 11.6 1.33 1.5 0 0 0 0 4.6 0 51.5 15.3 100 96 3.3 0.9
"25" "24" 2012-12-17 27.52 "PHO" "" "SAC" "W" 11 0 18.1166666666667 0.3 0.3 0 0 0 27.6 0 0 0 13.4 94 111 1.9 -8.5
"26" "25" 2012-12-19 27.53 "PHO" "" "CHA" "W" 17 0 14.05 0.917 0.917 0 9 4.6 30.7 0 0 14.3 23.7 156 122 9.4 11
"27" "26" 2012-12-22 27.54 "PHO" "@" "POR" "L" -3 0 14.6166666666667 0.375 0.375 0 20.5 8.5 17.9 7.4 0 33.3 19 62 96 1.8 -4.5
"28" "27" 2012-12-23 27.54 "PHO" "" "LAC" "L" -26 0 18.2666666666667 0.4 0.4 0 0 0 0 0 0 28.6 35.2 54 119 -2.2 -16.3
"29" "28" 2012-12-26 27.55 "PHO" "" "NYK" "L" -2 0 30.2333333333333 0.611 0.611 0 7.6 4 20.1 5 0 25 18.5 96 101 9.3 3.4
"30" "29" 2012-12-28 27.55 "PHO" "@" "IND" "L" -6 1 40.7166666666667 0.455 0.425 0 2.7 1.4 24.8 1.3 0 8.7 27 96 116 10.5 -1.7
"31" "30" 2012-12-29 27.56 "PHO" "@" "MIN" "L" -4 0 11.8666666666667 0 0 0 26.4 12.5 18 0 0 14.3 25.4 16 114 -3.3 -26.6
"32" "31" 2012-12-31 27.56 "PHO" "@" "OKC" "L" -18 0 16.0666666666667 1.125 1.125 7.7 6.6 7.1 32 0 0 0 12.1 222 135 10.1 19.4
"33" "32" 2013-01-02 27.57 "PHO" "" "PHI" "W" 6 0 6.86666666666667 0 0 0 16.3 7.9 17.9 7.5 0 50 13.1 24 86 0.3 -7.9
"34" "33" 2013-01-04 27.57 "PHO" "" "UTA" "L" -7 0 12.9333333333333 0.714 0.714 0 0 0 38.8 0 4.6 12.5 29.7 118 100 7.8 17.3
"35" "34" 2013-01-06 27.58 "PHO" "" "MEM" "L" -11 0 14.5 0.5 0.5 0 0 0 12 0 0 0 9.8 113 115 2 -3
"36" "35" 2013-01-08 27.58 "PHO" "@" "MIL" "L" -9 0 15.5333333333333 0.357 0.357 0 11.9 6.4 20.1 0 0 12.5 21 82 120 1.1 -9.4
"37" "36" 2013-01-09 27.59 "PHO" "@" "BOS" "L" -8 0 6.75 NA NA 0 0 0 0 0 0 100 6.6 0 111 -1.4 -21.2
"38" "37" 2013-01-11 27.59 "PHO" "@" "BRK" "L" -20 0 17.1333333333333 0.902 1 0 0 0 22.1 0 0 34 15.8 111 124 3.1 -1.5
"39" "38" 2013-01-12 27.59 "PHO" "@" "CHI" "W" 16 0 25.3333333333333 0.716 0.5 0 20.7 12.9 29.4 2.2 2.5 30.6 24.5 115 86 12.6 8.2
"40" "39" 2013-01-14 27.6 "PHO" "" "OKC" "L" -12 0 20.3 0.778 0.778 0 11 5.3 30.6 0 0 10 22.3 146 115 9.4 9.4
"41" "40" 2013-01-17 27.61 "PHO" "" "MIL" "L" -4 0 18.6166666666667 0.41 0.25 0 11 5.4 0 2.5 3.4 29.1 14.9 61 95 1.5 -7
"42" "41" 2013-01-23 27.62 "PHO" "@" "SAC" "W" 10 0 17.2833333333333 0.571 0.571 0 0 0 32 5.9 0 0 18 131 102 8.7 10.3
"43" "42" 2013-01-24 27.63 "PHO" "" "LAC" "W" 5 0 14.3666666666667 0 0 8.6 0 3.8 11.1 0 5.1 66.7 9.9 35 101 -1.8 -11.9
"44" "43" 2013-01-26 27.63 "PHO" "@" "SAS" "L" -9 0 14.9333333333333 0.5 0.5 0 0 0 25.5 0 0 0 9.4 130 121 2.6 -2
"45" "" 2013-01-27 27.64 "PHO" "@" "DAL" "L" -15 NA NA NA NA NA NA NA NA NA NA NA NA NA NA NA NA
"46" "44" 2013-01-30 27.64 "PHO" "" "LAL" "W" 6 0 11.0833333333333 0.307 0.25 0 10.8 5.3 12.9 0 0 0 21 73 102 1.2 -8
"47" "" 2013-02-01 27.65 "PHO" "" "DAL" "L" -10 NA NA NA NA NA NA NA NA NA NA NA NA NA NA NA NA
"48" "" 2013-02-02 27.65 "PHO" "@" "GSW" "L" -20 NA NA NA NA NA NA NA NA NA NA NA NA NA NA NA NA
"49" "" 2013-02-05 27.66 "PHO" "@" "MEM" "W" 6 NA NA NA NA NA NA NA NA NA NA NA NA NA NA NA NA
"50" "" 2013-02-06 27.66 "PHO" "@" "NOH" "L" -9 NA NA NA NA NA NA NA NA NA NA NA NA NA NA NA NA
"51" "45" 2013-02-08 27.67 "PHO" "@" "OKC" "L" -31 0 5.36666666666667 0.769 0.667 21.8 0 11.3 42.4 9.7 0 0 44 171 122 8.7 44.7
"52" "46" 2013-02-10 27.67 "PHO" "" "OKC" "L" -28 0 9.85 0 0 0 11.9 5.2 16.2 0 8.3 33.3 12.7 15 101 -1.1 -11.8
"53" "" 2013-02-12 27.68 "PHO" "@" "LAL" "L" -6 NA NA NA NA NA NA NA NA NA NA NA NA NA NA NA NA
"54" "" 2013-02-19 27.7 "PHO" "@" "POR" "W" 4 NA NA NA NA NA NA NA NA NA NA NA NA NA NA NA NA
"55" "" 2013-02-20 27.7 "PHO" "@" "GSW" "L" -10 NA NA NA NA NA NA NA NA NA NA NA NA NA NA NA NA
"56" "" 2013-02-22 27.71 "TOR" "" "NYK" "W" 2 NA NA NA NA NA NA NA NA NA NA NA NA NA NA NA NA
"57" "" 2013-02-25 27.72 "TOR" "" "WAS" "L" -6 NA NA NA NA NA NA NA NA NA NA NA NA NA NA NA NA
"58" "47" 2013-02-27 27.72 "TOR" "@" "CLE" "L" -11 0 7.46666666666667 NA NA 0 0 0 0 0 0 NA 0 0 124 -1.6 -20.5
"59" "" 2013-03-01 27.73 "TOR" "" "IND" "L" -12 NA NA NA NA NA NA NA NA NA NA NA NA NA NA NA NA
"60" "" 2013-03-02 27.73 "TOR" "@" "MIL" "L" -8 NA NA NA NA NA NA NA NA NA NA NA NA NA NA NA NA
"61" "" 2013-03-04 27.73 "TOR" "@" "GSW" "L" -7 NA NA NA NA NA NA NA NA NA NA NA NA NA NA NA NA
"62" "48" 2013-03-06 27.74 "TOR" "@" "PHO" "W" 27 0 26.6333333333333 0.542 0.542 0 8.2 4.5 45.1 7.5 0 14.3 24.1 110 66 12.9 11.5
"63" "49" 2013-03-08 27.75 "TOR" "@" "LAL" "L" -2 0 5.11666666666667 0 0 0 20.7 11.5 21.6 0 0 33.3 26.6 20 115 -1.4 -27.3
"64" "50" 2013-03-10 27.75 "TOR" "" "CLE" "W" 4 0 13.1333333333333 0 0 0 0 0 11.1 0 0 0 10 19 107 -2.2 -18.1
"65" "51" 2013-03-13 27.76 "TOR" "@" "BOS" "L" -24 0 14.3166666666667 0.417 0.417 0 20.3 9.1 36.9 3.5 0 14.3 22.5 86 115 3.5 -2.5
"66" "52" 2013-03-15 27.76 "TOR" "" "CHA" "W" 14 0 21.2333333333333 0.578 0.333 7.3 4.4 5.5 39.7 0 0 9.5 24.1 134 100 9.5 3.5
"67" "53" 2013-03-17 27.77 "TOR" "" "MIA" "L" -17 0 7.48333333333333 0 0 0 0 0 49.3 0 14.3 0 16.7 62 114 0.3 -1.8
"68" "54" 2013-03-20 27.78 "TOR" "@" "CHA" "L" -6 0 5.11666666666667 0.375 0.375 0 0 0 0 0 0 0 34 89 128 0.6 -9.1
"69" "" 2013-03-22 27.78 "TOR" "" "NYK" "L" -5 NA NA NA NA NA NA NA NA NA NA NA NA NA NA NA NA
"70" "" 2013-03-23 27.79 "TOR" "@" "NYK" "L" -26 NA NA NA NA NA NA NA NA NA NA NA NA NA NA NA NA
"71" "" 2013-03-27 27.8 "TOR" "" "ATL" "L" -19 NA NA NA NA NA NA NA NA NA NA NA NA NA NA NA NA
"72" "" 2013-03-29 27.8 "TOR" "@" "DET" "W" 17 NA NA NA NA NA NA NA NA NA NA NA NA NA NA NA NA
"73" "55" 2013-03-31 27.81 "TOR" "@" "WAS" "L" -17 0 15.5333333333333 0.833 0.833 0 13.4 6.6 47.2 0 0 0 17.6 171 123 10.1 15.1
"74" "56" 2013-04-01 27.81 "TOR" "" "DET" "L" -10 0 17.5833333333333 0.5 0.5 0 9.1 4.7 30.7 3.2 0 14.3 20 108 126 4.9 -0.8
"75" "57" 2013-04-03 27.82 "TOR" "" "WAS" "W" 10 0 11.1166666666667 0.2 0.2 0 17.3 10.2 50.4 0 0 0 22.3 64 88 1.2 -6.6
"76" "58" 2013-04-05 27.82 "TOR" "@" "MIN" "W" 2 0 15.3666666666667 0.375 0.375 0 17.4 7.8 16.9 0 0 33.3 17.8 64 108 -0.2 -11.3
"77" "59" 2013-04-06 27.82 "TOR" "@" "MIL" "L" -17 0 24.9666666666667 0.222 0 0 10.7 5.1 44.9 6.1 0 30.7 17.2 58 100 4.6 -1.4
"78" "" 2013-04-09 27.83 "TOR" "@" "CHI" "W" 3 NA NA NA NA NA NA NA NA NA NA NA NA NA NA NA NA
"79" "" 2013-04-12 27.84 "TOR" "" "CHI" "W" 9 NA NA NA NA NA NA NA NA NA NA NA NA NA NA NA NA
"80" "" 2013-04-14 27.85 "TOR" "" "BRK" "W" 6 NA NA NA NA NA NA NA NA NA NA NA NA NA NA NA NA
"81" "" 2013-04-16 27.85 "TOR" "@" "ATL" "W" 17 NA NA NA NA NA NA NA NA NA NA NA NA NA NA NA NA
"82" "" 2013-04-17 27.85 "TOR" "" "BOS" "W" 24 NA NA NA NA NA NA NA NA NA NA NA NA NA NA NA NA
"1" "1" 2014-10-29 29.39 "OKC" "@" "POR" "L" -17 0 15.35 0.202 0.111 0 7.4 3.7 20.9 0 0 0 29.3 62 128 -1 -18.8
"2" "2" 2014-10-30 29.39 "OKC" "@" "LAC" "L" -3 0 37.6833333333333 0.439 0.278 0 4.8 3.2 35 1.4 0 13.8 18.1 104 106 7.6 -2.2
"3" "3" 2014-11-01 29.4 "OKC" "" "DEN" "W" 11 1 38.5833333333333 0.274 0.227 0 10.8 6.1 32.4 5.2 0 7.3 16.1 81 90 7.8 -2.5
"4" "4" 2014-11-03 29.4 "OKC" "@" "BRK" "L" -31 0 34.6666666666667 0.68 0.65 2.9 14.6 8.1 33.1 0 0 20.3 18.9 124 132 13.7 3.5
"5" "5" 2014-11-04 29.41 "OKC" "@" "TOR" "L" -12 0 27.2333333333333 0.564 0.563 5.3 11.3 8.8 19.6 3.9 0 23.5 23.7 94 107 7.3 -1.7
"6" "6" 2014-11-07 29.41 "OKC" "" "MEM" "L" -2 0 18.1333333333333 0.547 0.545 0 6.2 3.2 11.1 0 0 20.2 39.1 90 110 4.1 -4.6
"7" "7" 2014-11-09 29.42 "OKC" "" "SAC" "W" 8 0 17.3 0.526 0.458 0 7.3 3.6 25.1 3.1 0 13.1 40.9 102 105 8.3 2.4
"8" "8" 2014-11-11 29.42 "OKC" "@" "MIL" "L" -7 0 16.1833333333333 0.167 0.167 0 6.3 3.1 11.4 0 0 0 16.1 47 99 -1.2 -12.4
"9" "9" 2014-11-12 29.43 "OKC" "@" "BOS" "W" 15 0 8.08333333333333 0.694 0.75 0 29.7 15.6 52.3 0 0 0 17.2 166 106 4.9 12.9
"10" "10" 2014-11-14 29.43 "OKC" "" "DET" "L" -7 0 11.0833333333333 0 0 0 0 0 12.6 4.9 0 0 21.2 13 99 -2.6 -18.7
"11" "11" 2014-11-16 29.44 "OKC" "" "HOU" "L" -4 0 21.2333333333333 0.477 0.444 0 12.1 6.9 17.1 2.8 0 9.6 24.8 90 84 5.1 4.7
"12" "12" 2014-11-18 29.44 "OKC" "@" "UTA" "L" -17 0 9.8 0.286 0.286 0 11.1 4.9 24.2 0 0 0 32.5 67 114 0.5 -11.5
"13" "13" 2014-11-19 29.45 "OKC" "@" "DEN" "L" -7 0 29.6 1.286 1.286 0 8.5 4 13.2 0 0 12.5 13 204 131 15.3 10
"14" "14" 2014-11-21 29.45 "OKC" "" "BRK" "L" -2 0 14 0.507 0.438 0 10.4 4.6 37.1 0 0 10.1 31.8 112 116 5.2 -0.2
"15" "15" 2014-11-23 29.46 "OKC" "" "GSW" "L" -5 0 15.1 0.444 0.429 0 11.2 5.8 28.3 0 0 0 22.2 103 100 4.9 2.8
"16" "16" 2014-11-26 29.47 "OKC" "" "UTA" "W" 15 0 13.05 0.625 0.625 0 0 0 11.3 0 0 20 17.8 106 100 2.7 -2.9
