"Rk" "G" "Date" "Age" "Tm" "H/A" "Opp" "W/L" "By Amt" "GS" "MP" "TS%" "eFG%" "ORB%" "DRB%" "TRB%" "AST%" "STL%" "BLK%" "TOV%" "USG%" "ORtg" "DRtg" "GmSc" "BPM"
"1" "1" 1985-10-25 22.28 "ATL" "" "WSB" "L" -9 1 29 0.761 0.714 0 12.7 5.9 50.6 1.7 0 27.6 15.5 126 107 13.4 4.9
"2" "2" 1985-10-26 22.29 "ATL" "@" "MIL" "L" -26 1 13 0.579 0.333 0 0 0 15.8 0 0 41 22.5 75 120 -0.6 -14.9
"3" "3" 1985-10-29 22.3 "ATL" "" "NYK" "W" 15 0 14 0.533 0.5 0 6.2 3.3 14.7 3.8 0 19.2 31.2 97 98 4.6 -0.9
"4" "4" 1985-11-01 22.3 "ATL" "@" "BOS" "L" -4 0 19 0.351 0.143 0 7.2 3.2 26.3 2.5 0 8.1 26.4 87 108 4.6 -2.5
"5" "5" 1985-11-02 22.31 "ATL" "" "PHI" "W" 1 0 33 0.392 0.364 3.8 8.6 6.6 47 1.5 1.6 35.4 25.5 76 105 5.5 -4.7
"6" "6" 1985-11-05 22.32 "ATL" "@" "DEN" "L" -15 0 20 0.517 0.5 6 19.6 13.5 30.6 6.4 0 32 28.6 87 104 6.5 -2
"7" "7" 1985-11-06 22.32 "ATL" "@" "PHO" "W" 8 0 16 0.955 1 6.1 16.2 10.5 53.6 5.5 0 34.2 20.8 133 89 12.4 17.2
"8" "8" 1985-11-08 22.32 "ATL" "@" "GSW" "L" -11 0 17 0.361 0.286 6.4 13.8 10 34.1 5.5 3.2 37.5 30.9 67 115 2.8 -7.2
"9" "9" 1985-11-09 22.33 "ATL" "@" "LAC" "W" 3 0 14 0.266 0 0 12.7 6.5 25.7 0 0 34.7 7.9 74 99 1.2 -6.7
"10" "10" 1985-11-13 22.34 "ATL" "" "PHO" "W" 7 0 13 0.434 0.25 0 0 0 0 3.6 0 25.8 24.7 71 101 0.8 -10.9
"11" "11" 1985-11-15 22.34 "ATL" "" "DET" "W" 4 0 10 0.676 0.75 0 10.7 5.5 32.4 0 0 0 17.5 144 114 4.1 -0.9
"12" "12" 1985-11-16 22.35 "ATL" "@" "NYK" "L" -7 0 10 0.947 NA 0 0 0 0 4.8 0 43.1 20.7 110 102 2.8 -3.6
"13" "13" 1985-11-20 22.36 "ATL" "" "CHI" "W" 15 0 12 0.568 NA 0 0 0 34 0 0 0 2.8 164 108 2.6 -3.4
"14" "14" 1985-11-23 22.36 "ATL" "" "UTA" "L" -10 0 10 0.5 0.5 10.4 0 5.8 35 4.6 0 0 8.1 143 110 4.4 6.7
"15" "15" 1985-11-24 22.37 "ATL" "@" "CLE" "L" -8 0 13 0.174 0 0 16.1 8.2 29.9 4.1 0 41 16.8 47 102 0.5 -10
"16" "16" 1985-11-26 22.37 "ATL" "" "NYK" "W" 10 0 10 NA NA 0 12.3 6.3 11.7 0 0 100 4.4 39 106 -0.4 -10.4
"17" "17" 1985-11-27 22.38 "ATL" "@" "MIL" "L" -18 0 3 0 0 0 0 0 0 0 0 0 13.8 0 118 -1.1 -25.1
"18" "18" 1985-11-29 22.38 "ATL" "@" "NJN" "L" -10 0 13 0 0 0 11.2 4.7 18.9 0 0 66.7 9.6 28 112 -1.4 -13.9
"19" "19" 1985-11-30 22.38 "ATL" "" "BOS" "L" -5 0 24 0.506 0.5 0 5 2.5 32 0 0 26.9 27.6 84 118 3.9 -8.2
"20" "20" 1985-12-04 22.39 "ATL" "" "POR" "W" 11 0 15 0.918 1 0 0 0 10.6 15.2 0 22 23.8 139 73 13.5 24.2
"21" "21" 1985-12-10 22.41 "ATL" "@" "BOS" "L" -4 0 8 0.625 0.6 0 0 0 20 17 0 0 36.6 135 82 9.2 32.1
"22" "22" 1985-12-11 22.41 "ATL" "" "SEA" "W" 8 0 17 0.72 0.6 0 5.8 3.1 28.7 3 0 11.6 22.1 142 104 10.3 9.9
"23" "23" 1985-12-13 22.42 "ATL" "@" "IND" "L" -20 0 16 0.83 0.714 0 0 0 60 9 0 9.4 27.3 158 98 17.1 28.9
"24" "24" 1985-12-14 22.42 "ATL" "" "PHI" "W" 4 0 14 1.136 NA 0 0 0 27.1 0 0 69.4 8.6 97 114 1.3 -5.5
"25" "25" 1985-12-17 22.43 "ATL" "" "NJN" "W" 1 0 10 0.667 0.667 0 0 0 39.6 9.5 0 25 16.9 113 92 5.8 13.2
"26" "26" 1985-12-19 22.44 "ATL" "" "DAL" "L" -12 0 2 NA NA 0 0 0 0 0 0 100 41 0 122 -2.8 -72.9
"27" "27" 1985-12-21 22.44 "ATL" "" "HOU" "W" 1 0 16 0.507 0.5 12.8 7.7 10.5 56.8 6.2 4.1 25.3 28.6 106 116 10.1 12.2
"28" "28" 1985-12-27 22.46 "ATL" "@" "WSB" "L" -2 0 4 0.727 0.667 0 0 0 0 0 0 0 33.2 166 119 3.7 20.4
"29" "29" 1985-12-28 22.46 "ATL" "@" "NYK" "W" 20 0 11 1.025 1 0 23 13.5 17.3 0 0 45 17.8 102 81 3.6 0.1
"30" "30" 1986-01-03 22.48 "ATL" "" "DET" "W" 10 0 15 0.441 0.25 5.7 6 5.9 37 12.3 0 16.4 29.5 102 81 9.6 14.7
"31" "31" 1986-01-04 22.48 "ATL" "@" "CHI" "W" 11 0 10 0 0 0 8.3 5.1 53.3 0 0 0 4.1 127 102 3.1 2.7
"32" "32" 1986-01-07 22.49 "ATL" "" "LAC" "W" 14 0 19 0.712 0.6 0 16.1 9 42.8 2.6 0 0 14 170 103 11.2 6.9
"33" "33" 1986-01-09 22.49 "ATL" "@" "DET" "W" 11 0 7 0.333 0.333 0 0 0 19.5 14.1 0 40 27.9 50 84 -0.2 -8.8
"34" "34" 1986-01-10 22.5 "ATL" "@" "BOS" "L" -7 0 19 0.455 0.364 0 6.3 3.1 40 5.1 0 7 30.3 113 111 10.2 8.2
"35" "35" 1986-01-14 22.51 "ATL" "" "SAC" "W" 11 0 12 0.4 0.4 0 0 0 31.6 4.3 0 28.6 24.1 82 112 0.8 -10.7
"36" "36" 1986-01-16 22.51 "ATL" "" "CLE" "W" 17 0 10 1.025 1 0 0 0 38.5 0 0 45 18.3 116 106 3.3 -4.6
"37" "37" 1986-01-18 22.52 "ATL" "" "BOS" "L" -3 0 10 0.694 0.5 0 10.6 5.5 41.4 4.9 0 14.8 29.5 135 112 8.4 14.9
"38" "38" 1986-01-22 22.53 "ATL" "" "GSW" "W" 31 0 7 0.935 1 0 33.4 19 63.2 13.9 0 0 37.6 185 72 12.7 47
"39" "39" 1986-01-24 22.53 "ATL" "" "NYK" "W" 17 0 10 0.678 0.5 0 23.4 12.6 14 0 0 23.1 35.6 119 108 5.1 -3.8
"40" "40" 1986-01-25 22.54 "ATL" "@" "WSB" "L" -8 0 16 0.333 0.333 0 0 0 15.8 6.2 0 50 14.8 48 108 -0.9 -10.6
"41" "41" 1986-01-28 22.55 "ATL" "" "IND" "W" 31 0 19 0.515 0.333 0 10.3 6 35.7 2.7 0 43.6 16.1 98 97 5 -2.7
"42" "42" 1986-01-29 22.55 "ATL" "@" "DET" "L" -13 0 6 0.399 0 0 18.2 9 21.1 0 0 21 32.6 80 110 0.8 -12.5
"43" "43" 1986-01-31 22.55 "ATL" "" "DET" "W" 13 0 4 0.694 0.5 0 23.1 12.5 0 0 0 0 29.6 160 101 3.3 8.7
"44" "44" 1986-02-01 22.56 "ATL" "@" "NJN" "L" -8 0 11 0.568 NA 0 0 0 22.4 0 0 53.2 6.7 80 112 0.6 -7.7
"45" "45" 1986-02-04 22.56 "ATL" "@" "CLE" "W" 1 0 8 1.042 1 0 0 0 24 0 0 0 14.8 216 113 5.7 11.8
"46" "46" 1986-02-06 22.57 "ATL" "@" "IND" "W" 15 0 13 0.342 0.143 0 7 3.7 29.7 7.9 0 0 29.3 95 84 5.5 5.8
"47" "47" 1986-02-11 22.58 "ATL" "@" "HOU" "L" -13 0 15 0.574 0.55 5.2 14.9 9.1 38.4 0 0 8.1 30.7 124 114 8.8 9.7
"48" "48" 1986-02-13 22.59 "ATL" "@" "SAC" "W" 9 0 10 0.258 0 11.4 0 5.9 10.2 4.6 0 34 23.4 57 108 -0.5 -14.4
"49" "49" 1986-02-14 22.59 "ATL" "@" "LAL" "L" -24 0 17 0.564 0.375 0 20.2 6.7 24.5 5.4 0 14.8 29.9 115 127 10.5 5.8
"50" "50" 1986-02-16 22.6 "ATL" "@" "POR" "W" 9 0 7 0.798 0.5 0 31.9 17.1 39 6.4 0 34.7 33.8 116 84 6 13.5
"51" "51" 1986-02-17 22.6 "ATL" "@" "SEA" "L" -13 0 21 0.558 0.444 5.7 6.5 6.1 41.8 2.4 0 20.5 30.9 102 105 7.7 1.7
"52" "52" 1986-02-19 22.61 "ATL" "@" "UTA" "L" -4 0 22 0.798 0.571 20.1 19.7 19.9 34 0 0 27.5 32.8 128 99 16.7 11.2
"53" "53" 1986-02-21 22.61 "ATL" "" "IND" "W" 8 0 20 0.205 0.25 6.7 0 2.9 57.4 2.5 0 17 12.5 95 104 5 1.7
"54" "54" 1986-02-22 22.61 "ATL" "" "NJN" "W" 29 0 22 0.4 0.4 5.2 8.1 6.8 63.7 6.5 0 23.1 23.3 96 76 9.7 7
"55" "55" 1986-02-24 22.62 "ATL" "" "LAL" "W" 9 1 34 0.741 0.75 0 7.4 4.4 64.9 4.4 0 27.9 26.9 120 96 23.6 13.9
"56" "56" 1986-02-26 22.62 "ATL" "" "CLE" "W" 20 1 31 0.879 0.889 0 10.1 5.2 69.1 2.9 1.6 24.2 21.2 144 100 27 14.9
"57" "57" 1986-02-28 22.63 "ATL" "@" "DET" "L" -12 1 10 0.694 0.5 0 0 0 56.1 4.9 0 63.5 33.4 66 116 -0.2 -16.4
"58" "58" 1986-03-01 22.63 "ATL" "" "SAS" "W" 8 0 26 0.578 0.444 0 7.1 3.7 44.2 1.8 0 12.6 24.7 125 110 15.2 4.4
"59" "59" 1986-03-04 22.64 "ATL" "" "PHI" "W" 7 0 12 0.527 0.25 0 15.7 8.8 24.5 0 0 13.1 26 115 115 4.7 -6.8
"60" "60" 1986-03-05 22.64 "ATL" "@" "PHI" "W" 8 0 21 0.483 0.375 0 0 0 39.4 2.3 0 9.7 20.3 115 110 8.4 2
"61" "61" 1986-03-07 22.65 "ATL" "@" "CHI" "W" 4 0 25 0.541 0.25 4.5 3.9 4.2 38.3 0 0 16.4 19.1 118 115 8.5 -2.2
"62" "62" 1986-03-08 22.65 "ATL" "" "MIL" "W" 2 0 8 0.333 0.333 0 12.5 6.6 33.3 6.1 0 25 20.6 75 100 1.2 -3.8
"63" "63" 1986-03-11 22.66 "ATL" "" "DEN" "W" 12 0 21 0.504 0.5 0 4.6 2.2 19.6 0 0 21.2 30.4 98 115 4.4 -8.1
"64" "64" 1986-03-12 22.66 "ATL" "@" "NJN" "W" 16 1 26 0.541 0.429 0 26.4 14.6 53.4 3.6 0 26.5 18.5 111 89 13.3 4.9
"65" "65" 1986-03-14 22.67 "ATL" "" "BOS" "L" -7 1 23 0.403 0.429 4.5 6.7 5.4 43.9 2.2 0 21.2 17.4 101 131 7.4 0.5
"66" "66" 1986-03-15 22.67 "ATL" "@" "NYK" "W" 5 1 19 0.554 0.4 6.6 6 6.3 46.9 2.7 0 44.2 24.8 81 108 4 -5
"67" "67" 1986-03-17 22.68 "ATL" "" "CHI" "W" 10 0 21 0.371 0.333 5.3 0 2.4 69 4.7 0 0 18.8 122 100 10.8 8.9
"68" "68" 1986-03-19 22.68 "ATL" "@" "SAS" "L" -3 0 18 0.644 0.667 7.6 15.7 11.6 45.3 2.7 0 0 19.5 149 116 11.9 9
"69" "69" 1986-03-21 22.69 "ATL" "@" "DAL" "W" 4 0 29 0.645 0.5 8.9 7 7.9 46.3 1.8 0 6.7 23.8 145 114 21.2 12.6
"70" "70" 1986-03-25 22.7 "ATL" "@" "CLE" "W" 6 0 8 0.532 0 0 0 0 30.8 6 0 51.5 20.2 71 88 1.7 -2.1
"71" "71" 1986-03-26 22.7 "ATL" "@" "PHI" "L" -9 0 12 0.347 0 0 12.1 5.6 40 4.4 0 31.6 22.9 78 117 2.6 -5
"72" "72" 1986-03-28 22.71 "ATL" "@" "IND" "W" 8 0 13 0.666 0.6 0 0 0 61.7 0 0 12.9 25 130 101 8.1 12.8
"73" "73" 1986-03-29 22.71 "ATL" "" "CLE" "L" -18 0 18 0.458 0.2 0 26.7 10.1 40 0 0 20.7 21.1 104 132 5.5 -4.7
"74" "74" 1986-04-01 22.72 "ATL" "" "WSB" "W" 16 0 17 0.619 0.625 0 0 0 42 2.7 0 18.4 24.8 113 92 8 6.5
"75" "75" 1986-04-04 22.73 "ATL" "@" "WSB" "L" -6 0 23 0.872 0.833 0 5.2 2.5 36.5 0 0 27.9 25.6 131 129 13.8 5.2
"76" "76" 1986-04-05 22.73 "ATL" "@" "CHI" "L" -5 0 28 0.571 0.571 4.9 20.4 13.4 32.6 1.9 2.4 16.8 28.9 111 108 13.2 6.3
"77" "77" 1986-04-08 22.74 "ATL" "" "CHI" "W" 13 0 17 0.833 0.714 0 8.3 3.3 52.2 2.6 0 14.9 30.7 154 113 18.7 17
"78" "78" 1986-04-10 22.74 "ATL" "" "NJN" "W" 9 0 18 0.712 0.6 5.9 13 9.3 81.5 2.4 0 44.2 23.4 107 107 10.5 4.1
"79" "79" 1986-04-12 22.75 "ATL" "" "IND" "W" 17 0 15 0.254 0.143 5.7 0 3.1 27.6 0 0 11.3 23.5 74 98 0.5 -9.9
"1" "1" 1986-11-01 23.3 "ATL" "" "NJN" "W" 20 0 17 0.75 0.75 0 15.7 7.7 47.6 7.9 0 50 17.2 98 91 7.3 7.5
"2" "2" 1986-11-02 23.31 "ATL" "@" "PHI" "W" 9 0 14 0.61 0.667 8.2 0 4.2 29.1 6.9 0 10.9 25.9 122 109 9.6 13.1
"3" "3" 1986-11-04 23.31 "ATL" "" "MIL" "W" 9 0 5 0.436 0.333 0 0 0 100 0 0 22.5 36.5 108 115 2.7 5.9
"4" "4" 1986-11-07 23.32 "ATL" "" "PHO" "W" 20 0 28 0.506 0.444 0 13.2 8.2 48.8 6.6 0 16.8 17.5 117 75 15.4 10.5
"5" "5" 1986-11-08 23.32 "ATL" "" "WSB" "W" 19 0 17 0.444 0.429 0 15.7 8.1 15.9 6.2 0 11.3 21.2 101 91 5.4 2.9
"6" "6" 1986-11-22 23.36 "ATL" "" "BOS" "W" 1 0 29 0.656 0.556 0 15.8 7.4 57.9 3.5 0 23.6 24.4 116 101 16.2 9.1
"7" "7" 1986-11-25 23.37 "ATL" "@" "LAL" "W" 6 0 18 0.391 0.286 0 17 9.2 20.3 2.7 0 10.7 41 94 105 4.9 -5.2
"8" "8" 1986-11-26 23.37 "ATL" "@" "PHO" "L" -14 0 16 0.608 0.5 0 8.3 3.8 44.1 3.2 0 14.8 16.5 135 124 6 3.5
"9" "9" 1986-11-28 23.38 "ATL" "@" "UTA" "W" 9 0 24 0.906 0.5 4 10.5 7.5 31.3 0 0 35.2 14.5 133 92 9.9 4.1
"10" "10" 1986-11-30 23.38 "ATL" "@" "SAC" "W" 4 0 10 0 0 0 22.9 12.5 24 5.1 0 0 8.9 57 104 0 -10.6
"11" "11" 1986-12-02 23.39 "ATL" "" "DEN" "W" 16 0 18 0.167 0.167 0 10.9 6.2 49.2 2.7 0 33.3 21.4 64 98 1.6 -7.4
"12" "12" 1986-12-04 23.39 "ATL" "@" "HOU" "W" 16 0 20 0.694 0.5 0 0 0 53.7 4.8 0 14.8 14.1 147 94 12.9 13.8
"13" "13" 1986-12-05 23.4 "ATL" "@" "IND" "L" -6 0 12 0.387 0.333 7.7 9.8 8.6 57.1 0 0 34 18.5 88 121 3 -3.8
"14" "14" 1987-03-13 23.67 "ATL" "@" "DAL" "W" 8 0 16 0.174 0 0 7.1 3.8 47.7 0 0 58.1 18.4 59 117 -1.2 -13.4
"15" "15" 1987-03-15 23.67 "ATL" "@" "DEN" "W" 4 0 20 0.694 0.6 0 14.1 8 37.7 2.5 0 12.2 17.9 139 102 10.5 8.2
"16" "16" 1987-03-17 23.68 "ATL" "" "WSB" "W" 20 0 14 0.276 0.2 0 10.9 6.3 63 13 3.4 42.4 26.6 70 70 5.6 7.7
"17" "17" 1987-03-18 23.68 "ATL" "@" "PHI" "L" -2 0 18 0.533 0.444 0 12.7 6.7 51.4 0 0 22.5 32 112 122 7.6 -0.7
"18" "18" 1987-03-20 23.68 "ATL" "" "MIL" "W" 17 0 8 0.852 NA 0 12.2 6.7 30.8 0 0 36.2 14.3 126 107 2.5 -4
"19" "19" 1987-03-21 23.69 "ATL" "@" "NYK" "W" 12 0 20 0.509 0.5 0 5.1 2.9 40.3 0 0 12.7 18.3 112 103 6 0.9
"20" "20" 1987-03-24 23.7 "ATL" "@" "WSB" "W" 9 0 18 0.592 0.4 0 5 2.9 36 5.5 0 54.2 33.9 66 90 1.6 -8.4
"21" "21" 1987-03-26 23.7 "ATL" "" "DAL" "W" 8 0 17 0.564 0.625 0 6.4 3.3 48.6 5.8 0 0 26.1 136 110 13.3 15.5
"22" "22" 1987-03-28 23.71 "ATL" "" "IND" "L" -6 0 11 0.421 0.409 0 12.1 5.3 53.3 0 0 14.4 53.4 87 129 2.7 -11
"23" "23" 1987-04-01 23.72 "ATL" "@" "MIL" "L" -12 0 16 0.451 0.333 0 7.7 3.3 32.1 0 0 20.5 23.7 90 114 2.8 -2.7
"24" "24" 1987-04-03 23.72 "ATL" "" "NYK" "W" 37 0 12 0.333 0.333 0 38.5 22.2 51.1 0 0 0 10.3 146 83 5.6 3.6
"25" "25" 1987-04-04 23.73 "ATL" "" "CHI" "W" 13 0 21 0.446 0.286 0 4.2 2.3 17.8 0 0 37.3 33.7 65 111 -0.3 -18.7
"26" "26" 1987-04-06 23.73 "ATL" "" "CLE" "W" 5 0 13 0.333 0.333 0 8 4.3 68.2 0 0 50 19.2 81 117 2.8 -6
"27" "27" 1987-04-08 23.74 "ATL" "" "PHI" "W" 18 0 15 0.735 0.667 0 20 11.4 59.6 6.7 0 29.6 20.1 128 88 11.1 15.3
"28" "28" 1987-04-10 23.74 "ATL" "" "DET" "W" 2 0 21 0.902 1 9.1 6.5 8.1 47.3 2.3 3 34 11.8 129 101 9 8.1
"29" "29" 1987-04-12 23.75 "ATL" "@" "NJN" "W" 27 0 10 0.399 0 0 0 0 35.1 9.3 0 34.7 23.5 78 77 3.3 4.4
"30" "30" 1987-04-13 23.75 "ATL" "@" "IND" "W" 1 0 10 0.347 0 0 13.3 6.2 24 0 0 25.8 17.8 77 112 1.3 -6.2
"31" "31" 1987-04-15 23.76 "ATL" "" "NJN" "W" 20 0 11 0.962 1 0 0 0 40 0 0 35.5 21.1 138 129 6.7 2
"32" "32" 1987-04-16 23.76 "ATL" "@" "CHI" "W" 3 0 3 NA NA 0 0 0 0 0 0 100 14.8 0 129 -1 -25.7
"33" "33" 1987-04-19 23.77 "ATL" "@" "BOS" "L" -11 0 30 0.82 0.75 4.4 7.6 6.2 37.2 1.7 0 0 14.6 181 129 19.9 13
"1" "1" 1987-11-06 24.32 "ATL" "" "WSB" "W" 17 0 13 0.633 0.6 8.4 7.2 7.8 100 0 0 24 26 131 105 9.3 10.1
"2" "2" 1987-11-07 24.32 "ATL" "" "CLE" "W" 8 0 22 0.493 0.333 4.5 17.1 10.9 37.6 2 0 33 15.1 91 97 6 -0.5
"3" "3" 1987-11-10 24.33 "ATL" "" "CHI" "L" -10 0 28 0.554 0.4 0 12 5.4 60.9 1.8 0 28.3 26.7 96 113 12.1 2.7
"4" "4" 1987-11-11 24.33 "ATL" "@" "NYK" "W" 1 1 35 0.508 0.429 0 8.4 4.8 42.7 5.5 0 33.7 15 89 90 10.3 2
"5" "5" 1987-11-14 24.34 "ATL" "" "PHI" "W" 21 0 19 0.8 0.8 0 15.5 8.4 71.3 0 0 16.7 13.5 153 96 11.5 10.6
"6" "6" 1987-11-15 24.34 "ATL" "@" "MIL" "L" -9 0 15 0.698 0.714 0 21.3 9.3 47.4 0 4.7 27.6 30.9 105 114 8.4 7.2
"7" "7" 1987-11-18 24.35 "ATL" "" "GSW" "W" 3 0 13 0.307 0.25 7.9 8.4 8.1 22.2 3.9 0 0 16.4 92 97 3.6 0.2
"8" "8" 1987-11-20 24.36 "ATL" "@" "CHI" "L" -2 0 6 0 0 0 41 17.8 0 0 0 0 13.4 0 102 -0.9 -15.8
"9" "9" 1987-11-21 24.36 "ATL" "" "HOU" "W" 10 0 17 0.333 0.333 0 13.4 6.9 30.2 3.1 0 14.3 17.7 90 104 2.8 -8.4
"10" "10" 1987-11-25 24.37 "ATL" "@" "BOS" "L" -15 0 12 0.872 0.833 0 23.5 10 72.7 0 0 22.5 31.5 138 126 10.8 15.4
"11" "11" 1987-11-27 24.38 "ATL" "@" "IND" "L" -2 0 4 0 0 0 0 0 70.6 0 0 50 45.2 22 101 -2.4 -37.1
"12" "12" 1987-11-28 24.38 "ATL" "" "SAS" "W" 24 0 22 0.778 0.778 0 8.6 4.9 39.4 6.2 2.5 10 18 154 88 17.9 17.3
"13" "13" 1987-12-01 24.39 "ATL" "" "BOS" "W" 14 0 16 0.621 0.333 0 14.3 6.6 57.4 15.6 0 0 14.7 165 86 16.8 31.3
"14" "14" 1987-12-03 24.39 "ATL" "@" "WSB" "W" 8 0 16 0.2 0.2 0 0 0 48.4 3.3 0 28.6 17.5 67 110 0.2 -10.1
"15" "15" 1987-12-04 24.39 "ATL" "" "NJN" "W" 37 0 28 0.484 0.444 4.2 6.9 5.7 57 3.5 0 22.5 18.8 122 104 15.3 4.9
"16" "16" 1987-12-08 24.41 "ATL" "@" "LAC" "W" 11 0 8 0.258 0 0 13.3 7.2 47.4 6.8 0 20.5 27.8 75 84 2.3 -0.2
"17" "17" 1987-12-09 24.41 "ATL" "@" "PHO" "L" -12 0 15 0.47 0.429 6.5 8.4 7.4 36.2 3.3 0 21.2 26 97 121 4.9 -1.9
"18" "18" 1987-12-11 24.41 "ATL" "@" "GSW" "W" 16 0 14 0 0 0 7.8 4.1 23.4 0 0 33.3 9.4 51 108 -0.8 -14.1
"19" "19" 1987-12-13 24.42 "ATL" "@" "SAC" "W" 6 0 17 0.25 0.25 0 0 0 41.1 0 0 20 12.3 86 114 2.8 -4.5
"20" "20" 1987-12-15 24.42 "ATL" "" "IND" "W" 2 0 11 0.6 0.6 0 9.9 4.8 0 0 0 16.7 24.3 93 109 3 -3.1
"21" "21" 1987-12-18 24.43 "ATL" "@" "MIL" "W" 7 0 16 0.5 0.5 0 30.8 15 66.7 0 0 50 11.7 100 97 5.8 4.1
"22" "22" 1987-12-19 24.44 "ATL" "" "UTA" "W" 6 0 31 0.625 0.625 0 10.7 5.5 20.1 1.5 0 33.3 15.9 95 115 7 -5.4
"23" "23" 1987-12-22 24.44 "ATL" "@" "HOU" "L" -19 0 17 0.661 0.571 0 14.1 6.5 29.5 2.9 0 10.7 24.2 125 123 9.6 4.6
"24" "24" 1987-12-25 24.45 "ATL" "@" "PHI" "W" 6 0 12 0.5 0.5 0 0 0 34.3 4.4 0 20 18.5 100 108 4.1 3.8
"25" "25" 1987-12-26 24.45 "ATL" "" "NYK" "W" 27 0 20 1.064 1 6.2 18.1 13 30.3 0 0 51.5 7.5 127 98 6.3 2.2
"26" "26" 1987-12-29 24.46 "ATL" "@" "CHI" "W" 10 0 9 0 0 0 0 0 0 5.7 0 50 9.9 0 103 -1.1 -11.4
"27" "27" 1987-12-30 24.47 "ATL" "@" "CLE" "W" 7 0 9 0.347 0 0 0 0 23.7 0 0 25.8 17.9 79 111 -0.2 -13
"28" "28" 1988-01-03 24.48 "ATL" "" "LAC" "W" 37 0 25 0.652 0.571 5.5 17.7 13.4 24.4 3.9 2 30.3 23.1 107 78 12.6 4.5
"29" "29" 1988-01-05 24.48 "ATL" "" "DET" "W" 10 0 14 0.25 0.25 6.9 0 3.2 10.5 0 0 20 15.5 61 88 -0.4 -8.5
"30" "30" 1988-01-06 24.48 "ATL" "@" "DET" "L" -3 0 12 0.333 0.333 0 0 0 0 0 4.9 14.3 24.9 59 106 -0.1 -8.3
"31" "31" 1988-01-08 24.49 "ATL" "" "CLE" "W" 4 0 18 0.82 0.75 0 0 0 48.5 0 0 17 14.2 151 111 9.2 6.7
"32" "32" 1988-01-09 24.49 "ATL" "" "DEN" "W" 8 0 14 0.615 0.5 0 0 0 9.8 0 3.8 38.1 24.2 79 109 2 -7.6
"33" "33" 1988-01-13 24.5 "ATL" "@" "SAS" "W" 10 0 14 0.667 0.667 0 24.5 14.4 11.7 6.4 0 25 22.7 98 90 7.3 5.9
"34" "34" 1988-01-14 24.51 "ATL" "@" "DEN" "L" -3 0 10 0.489 0.429 0 0 0 18.8 0 0 0 36.5 117 121 4.4 -1.2
"35" "35" 1988-01-16 24.51 "ATL" "@" "DAL" "W" 3 0 15 0.436 0.333 0 9.7 4 43.7 3.7 0 12.7 21.6 114 110 6 4.8
"36" "36" 1988-01-18 24.52 "ATL" "@" "NYK" "L" -8 0 16 0.8 0.8 0 6.4 3.4 32.1 0 0 0 13.5 172 129 8.1 5
"37" "37" 1988-01-19 24.52 "ATL" "" "CHI" "W" 12 0 6 0 0 0 17 9.2 0 0 0 33.3 21.7 0 106 -2.9 -35.5
"38" "38" 1988-01-21 24.53 "ATL" "@" "CLE" "W" 8 0 15 0.205 0 0 0 0 8.4 0 4.3 0 14.9 56 105 -0.2 -9
"39" "39" 1988-01-22 24.53 "ATL" "@" "BOS" "L" -18 0 11 1 1 0 0 0 68.3 4.7 0 33.3 23.5 132 132 8.2 14.6
"40" "40" 1988-01-24 24.53 "ATL" "" "NJN" "W" 7 0 16 0.667 0.667 0 6.8 3.7 23.1 0 0 50 16.2 77 123 1.3 -11
"41" "41" 1988-01-26 24.54 "ATL" "" "BOS" "L" -5 0 16 0.129 0 0 28.6 12.8 15.8 3.1 0 20.5 11.9 44 100 0.7 -7
"42" "42" 1988-01-29 24.55 "ATL" "@" "LAL" "L" -10 0 9 0.521 0.5 12.7 17.2 14.6 0 0 0 51 25.8 57 118 -1.2 -18.5
"43" "43" 1988-01-30 24.55 "ATL" "@" "UTA" "L" -6 0 22 0.857 0.857 4.8 6.4 5.5 15.6 0 0 22.2 15.8 128 119 8.3 0.8
"44" "44" 1988-02-02 24.56 "ATL" "@" "POR" "L" -3 0 8 0.41 0.25 13 0 6.7 0 0 0 0 24.3 120 132 1.9 -4.6
"45" "45" 1988-02-04 24.56 "ATL" "@" "SEA" "W" 10 0 11 0.266 0 0 36.4 16 9.9 0 0 34.7 10.9 52 111 -0.3 -13.7
"46" "46" 1988-02-09 24.58 "ATL" "" "PHI" "W" 2 0 12 0.429 0.429 0 9.1 4.2 40 0 0 36.4 36.3 68 116 -0.1 -17.4
"47" "47" 1988-02-12 24.59 "ATL" "@" "DET" "L" -16 0 20 0.333 0.333 0 13.7 5.5 26.5 4.7 0 40 19.9 50 99 0.5 -7.7
"48" "48" 1988-02-13 24.59 "ATL" "" "WSB" "W" 2 0 19 0.25 0.25 0 22 10.1 56.2 0 2.9 0 7.9 128 105 7.4 3.2
"49" "49" 1988-02-15 24.59 "ATL" "@" "CHI" "L" -19 0 16 0.563 0.5 0 13.6 6.7 51.4 3 0 18.4 14.1 117 121 7 2.7
"50" "50" 1988-02-16 24.6 "ATL" "" "SAC" "L" -3 0 17 0.508 0.429 6.3 6.3 6.3 31.8 0 0 0 18.4 131 123 7.7 -0.3
"51" "51" 1988-02-19 24.61 "ATL" "" "LAL" "L" -7 0 22 0.51 0.4 0 5.4 2.6 57.4 4.6 0 14.5 13.6 131 116 11.9 9.2
"52" "52" 1988-02-21 24.61 "ATL" "" "SEA" "W" 16 0 16 0.694 0.5 0 15 7.6 22.5 3 0 41 23.7 97 110 5.3 -4.1
"53" "53" 1988-02-23 24.62 "ATL" "" "IND" "W" 20 0 16 0.5 0.5 0 18.4 10 70.2 0 0 40 25 96 110 7.2 -1.3
"54" "54" 1988-02-26 24.62 "ATL" "@" "IND" "W" 15 0 14 0.605 0.571 0 0 0 53.1 3.7 0 11.8 26.5 127 111 8.8 10.2
"55" "55" 1988-02-27 24.63 "ATL" "" "POR" "L" -3 0 16 0.388 0.333 0 31.9 16.3 38.5 2.9 0 23.7 21 86 109 4 -6.1
"56" "56" 1988-03-01 24.64 "ATL" "" "DET" "L" -13 0 25 0 0 4.2 5.2 4.6 25.3 0 2.3 50 13.5 36 125 -2.4 -14
"57" "57" 1988-03-05 24.65 "ATL" "" "MIL" "L" -3 0 17 0.575 0.6 0 14.1 5.4 38.4 2.7 0 0 23 124 100 10.7 12.1
"58" "58" 1988-03-08 24.65 "ATL" "" "PHO" "W" 30 0 18 0.764 0.8 0 5.8 3 23 2.6 0 12.2 17.9 143 112 10.6 3.4
"59" "59" 1988-03-11 24.66 "ATL" "" "NYK" "W" 7 0 16 0.85 0.8 0 15 7.7 32.4 0 0 14.5 17.7 153 119 10.1 4.3
"60" "60" 1988-03-13 24.67 "ATL" "@" "BOS" "L" -17 0 19 0.431 0.4 0 0 0 48.8 5 0 8.7 24.5 103 115 7.3 3.9
"61" "61" 1988-03-15 24.67 "ATL" "" "PHI" "W" 14 0 22 0.254 0.143 0 15.2 6.5 28.8 7.3 0 0 14.3 96 90 6.1 1.3
"62" "62" 1988-03-18 24.68 "ATL" "@" "NJN" "W" 2 0 17 1.064 1 0 13.8 7.1 28.1 0 0 0 4.9 218 120 6 2.9
"63" "63" 1988-03-19 24.68 "ATL" "@" "NYK" "L" -6 0 21 0.592 0.4 0 18.5 9.3 41.6 0 0 22.8 16.9 121 118 7.1 0.1
"64" "64" 1988-03-21 24.69 "ATL" "" "MIL" "W" 10 0 15 0.75 0.75 0 13.1 6.8 18.1 3.2 0 20 13.7 122 104 6 2.3
"65" "65" 1988-03-22 24.69 "ATL" "@" "MIL" "L" -13 0 22 0.255 0.2 0 12.8 6 23.7 0 2.8 40.5 19.5 52 123 -1.2 -14.6
"66" "66" 1988-03-24 24.7 "ATL" "@" "WSB" "L" -3 0 16 1 1 0 7.3 3.7 9.4 6.7 0 0 2.9 200 98 3.5 3.7
"67" "67" 1988-03-26 24.7 "ATL" "" "CLE" "W" 7 0 17 1 1 0 0 0 28.8 0 0 66.7 7.4 90 111 2.1 -3.7
"68" "68" 1988-03-29 24.71 "ATL" "" "DAL" "W" 14 0 21 0.444 0.429 0 15.6 8.2 25.3 0 0 0 16 115 111 6.5 -4.4
"69" "69" 1988-03-30 24.72 "ATL" "@" "DET" "W" 1 0 16 0.615 0.5 0 22 11 48.4 3.4 0 21.5 26.8 116 109 8.6 7.3
"70" "70" 1988-04-01 24.72 "ATL" "@" "PHI" "W" 12 0 16 1 1 0 9.7 4.8 40.5 0 0 40 15.2 126 113 6.5 1.2
"71" "71" 1988-04-03 24.73 "ATL" "@" "IND" "W" 2 0 15 0.694 0.667 0 0 0 9.5 0 3.9 31.6 19.7 97 113 3.3 -4.1
"72" "72" 1988-04-05 24.73 "ATL" "" "MIL" "W" 11 0 8 0.5 0.5 0 0 0 27.9 0 0 50 19.6 67 118 0.4 -12.8
"73" "73" 1988-04-07 24.74 "ATL" "" "NJN" "W" 26 0 22 0.82 0.875 0 8.9 5.1 47.4 8.8 5.6 29.1 13.7 139 82 15.1 19.2
"74" "74" 1988-04-09 24.74 "ATL" "" "DET" "L" -13 0 11 0.2 0.2 0 27.3 11.6 0 0 0 0 20.4 53 129 -1.3 -19.5
"75" "75" 1988-04-11 24.75 "ATL" "" "WSB" "L" -1 0 27 0.558 0.444 0 3.4 1.7 33.1 4 0 15.7 21.6 109 98 10.3 5.7
"76" "76" 1988-04-12 24.75 "ATL" "@" "CLE" "L" -13 0 19 0.549 0.455 11.5 0 6.6 26.7 5.4 0 7.3 30.9 122 121 12.4 11.4
"77" "77" 1988-04-15 24.76 "ATL" "@" "PHI" "W" 2 0 11 0.798 0.5 0 0 0 0 9.5 0 21 19.7 134 91 6 12.6
"78" "78" 1988-04-16 24.76 "ATL" "" "NYK" "L" -2 0 25 0.538 0.571 0 7.7 4 40.7 2 0 0 12.5 135 103 8.9 4.9
"79" "79" 1988-04-19 24.77 "ATL" "@" "NJN" "W" 10 0 13 0.63 0.333 8.9 8.3 8.6 33.1 4 0 0 16.3 158 105 8.4 14
"80" "80" 1988-04-20 24.77 "ATL" "" "IND" "L" -18 0 19 0.615 0.5 0 18.7 9.6 60.1 0 0 29.1 22.6 105 118 8.7 -0.2
"81" "81" 1988-04-22 24.78 "ATL" "" "BOS" "W" 27 0 14 0.571 0.571 0 0 0 17.5 0 0 12.5 26.1 113 123 5.1 -6.9
"82" "82" 1988-04-23 24.78 "ATL" "@" "WSB" "L" -10 0 20 0.167 0.167 0 14.5 6.7 19.7 0 0 33.3 20.3 42 126 -2.9 -22.4
"1" "1" 1988-11-04 25.31 "ATL" "@" "NJN" "W" 8 0 22 0.868 0.833 0 12.3 7 52.5 2.2 0 10.4 18.3 166 102 17.8 16.9
"2" "2" 1988-11-05 25.32 "ATL" "@" "MIL" "W" 13 0 15 0.266 0 0 7.8 4.1 40 0 0 51.5 11.1 73 100 1.7 -3.8
"3" "3" 1988-11-08 25.32 "ATL" "" "IND" "W" 5 0 14 0 0 0 0 0 27.8 0 0 25 11.8 38 123 -1.8 -17.5
"4" "4" 1988-11-09 25.33 "ATL" "@" "DET" "L" -6 0 12 0.5 0.5 0 0 0 0 0 0 33.3 24.2 66 121 -0.8 -15.8
"5" "5" 1988-11-11 25.33 "ATL" "@" "PHI" "L" -2 0 12 0.532 0 0 0 0 37.2 0 0 51.5 14.3 85 116 2.1 -6.2
"6" "6" 1988-11-12 25.33 "ATL" "" "CHH" "W" 21 0 20 0.129 0 0 16.4 9 39.2 2.3 0 20.5 9.9 96 108 4.6 -3
"7" "7" 1988-11-15 25.34 "ATL" "@" "CLE" "W" 2 0 12 0 0 0 9.5 5.1 51.3 0 0 33.3 10.9 65 103 1 -4.7
"8" "8" 1988-11-18 25.35 "ATL" "@" "CHI" "L" -3 0 21 0.4 0.4 0 6.3 2.8 19.9 4.9 0 0 10.1 107 110 5.7 2.2
"9" "9" 1988-11-19 25.35 "ATL" "" "GSW" "W" 19 1 16 0 0 0 11.1 6.1 53.8 3.1 0 33.3 7.6 93 92 3.3 0.3
"10" "10" 1988-11-21 25.36 "ATL" "@" "HOU" "L" -4 1 20 0.143 0.143 0 14.7 7.6 28.2 2.4 0 0 14.4 73 117 1.7 -9.2
"11" "11" 1988-11-23 25.36 "ATL" "@" "SAS" "L" -10 1 30 0.25 0.25 0 9.4 4.2 47.1 5 0 0 5.6 132 119 9.7 3.6
"12" "12" 1988-11-25 25.37 "ATL" "@" "DAL" "L" -5 1 25 0.429 0.429 4.4 10.1 7 44.9 4.3 0 22.2 16.6 96 109 7.6 0
"13" "13" 1988-11-26 25.37 "ATL" "" "BOS" "W" 13 1 33 0.41 0.25 3 3.2 3.1 38.2 1.7 0 9.3 13.6 123 113 10.8 0.8
"14" "14" 1988-11-29 25.38 "ATL" "" "SAS" "W" 16 0 24 0 0 0 4.2 2.3 33.3 3.9 0 42.9 11.8 52 103 1.4 -6.9
"15" "15" 1988-12-01 25.39 "ATL" "" "WSB" "W" 12 0 9 0.532 0 0 0 0 23.7 0 0 0 8.1 157 120 2.3 -2.9
"16" "16" 1988-12-03 25.39 "ATL" "" "POR" "W" 18 0 12 1 1 0 6.5 4.4 45.5 0 0 75 14.7 83 107 2.5 -5.4
"17" "17" 1988-12-06 25.4 "ATL" "" "SAC" "W" 10 0 18 0.8 0.8 0 7 3.5 51.4 0 0 0 11.7 181 121 11.3 9.6
"18" "18" 1988-12-07 25.4 "ATL" "@" "BOS" "W" 3 0 17 0.8 0.8 0 20.7 10 28.5 5.8 0 16.7 14.3 138 95 8.5 10.8
"19" "19" 1988-12-09 25.41 "ATL" "" "DET" "L" -10 0 19 0.375 0.375 11 0 5.3 33.8 0 0 11.1 20.2 89 105 4.1 1.2
"20" "20" 1988-12-10 25.41 "ATL" "" "DEN" "L" -3 0 10 0.6 0.6 0 0 0 42.9 4.3 0 0 19.2 139 119 5.2 3
"21" "21" 1988-12-13 25.42 "ATL" "@" "CHI" "W" 18 0 16 0.5 0.5 0 13.3 7.1 30 0 3.9 0 5.7 142 97 4.7 3.3
"22" "22" 1988-12-14 25.42 "ATL" "" "PHI" "W" 7 0 8 0 0 0 0 0 34.3 0 0 50 10.4 38 109 -0.7 -12.7
"23" "23" 1988-12-16 25.43 "ATL" "" "MIL" "W" 3 0 7 0.5 0.5 0 0 0 0 0 0 50 23.2 46 127 -1.8 -25
"24" "24" 1988-12-17 25.43 "ATL" "@" "CLE" "L" -26 0 19 0.688 0.688 4.4 21.7 11 38.3 0 0 38.5 26.2 89 120 5.6 -3.2
"25" "25" 1988-12-20 25.44 "ATL" "" "SEA" "W" 3 0 10 0.17 0 10 9.8 9.9 11.7 0 0 0 21.4 78 118 0.2 -11.4
"26" "26" 1988-12-23 25.45 "ATL" "" "IND" "W" 17 0 12 0.5 0.5 0 23.1 11.2 21.1 7.4 0 14.3 20.8 102 91 5.1 1.5
"27" "27" 1988-12-27 25.46 "ATL" "" "NYK" "W" 2 0 18 NA NA 0 11.6 6.2 23.2 2.6 0 100 2.2 97 121 2.2 -2.6
"28" "28" 1988-12-30 25.47 "ATL" "@" "MIL" "W" 4 0 10 0 0 0 11.7 6.8 34.3 5.2 0 75 16.6 35 114 -1.1 -12.3
"29" "29" 1989-01-03 25.48 "ATL" "" "DET" "W" 19 0 8 1 1 0 13.3 7.1 31.6 6.1 0 0 5.1 203 99 4 12.5
"30" "30" 1989-01-04 25.48 "ATL" "@" "IND" "L" -3 0 14 0.4 0.4 7 23.4 14.7 40.2 3.5 0 0 14.6 123 112 5.9 2.8
"31" "31" 1989-01-06 25.48 "ATL" "@" "DET" "L" -23 0 14 0.667 0.667 0 0 0 36.5 3.8 4.1 25 12.2 114 120 5.5 9.2
"32" "32" 1989-01-07 25.49 "ATL" "" "NJN" "W" 10 0 11 0.333 0.333 9.5 17.5 13.6 49 0 0 40 18.4 76 98 2.4 -5.8
"33" "33" 1989-01-10 25.5 "ATL" "" "CHI" "L" -3 0 16 0.773 0.667 0 14.3 7.1 50 3.2 0 50.8 21.4 91 108 5.4 1.1
"34" "34" 1989-01-13 25.5 "ATL" "@" "PHI" "L" -13 0 12 0.667 0.667 0 22.2 9.6 62.5 0 0 0 10.9 164 126 6.8 9.1
"35" "35" 1989-01-14 25.51 "ATL" "@" "NYK" "L" -10 0 15 0.63 0.333 0 7.8 3.7 25.4 5.7 0 51.2 22.8 74 113 3.7 -3.8
"36" "36" 1989-01-17 25.52 "ATL" "" "MIL" "W" 13 0 1 0.568 NA 0 0 0 0 0 0 0 38.3 123 115 0.6 -1.1
"37" "37" 1989-01-21 25.53 "ATL" "" "CHH" "W" 24 0 17 1.05 1 0 7.8 4 13.6 2.8 0 0 11.3 219 112 11.4 11.3
"38" "38" 1989-01-24 25.53 "ATL" "" "CLE" "W" 16 0 8 0.5 0.5 0 0 0 28.6 0 0 33.3 15.5 91 123 1 -9.6
"39" "39" 1989-01-27 25.54 "ATL" "@" "SEA" "L" -7 0 9 0.333 0.333 0 14 6.4 14.5 0 0 25 17 66 122 -0.1 -11.2
"40" "40" 1989-01-28 25.55 "ATL" "@" "POR" "L" -16 0 9 1 1 0 0 0 42.1 0 0 0 8.7 200 120 4.8 10
"41" "41" 1989-01-30 25.55 "ATL" "@" "LAC" "W" 29 0 6 NA NA 0 0 0 48 8 0 100 6.5 89 94 2.1 8.2
"42" "42" 1989-02-01 25.56 "ATL" "@" "UTA" "W" 1 0 9 0 0 0 0 0 44.4 0 0 0 9.8 66 116 0.7 -6.4
"43" "43" 1989-02-02 25.56 "ATL" "@" "DEN" "L" -9 0 23 0.5 0.5 4.1 10.2 6.8 6.2 0 2.6 0 3.5 131 115 2.5 -2.4
"44" "44" 1989-02-04 25.56 "ATL" "@" "PHO" "W" 2 0 6 0 0 0 0 0 0 0 0 0 14.2 0 128 -1.8 -23.7
"45" "45" 1989-02-08 25.58 "ATL" "" "NYK" "L" -12 0 1 NA NA 0 0 0 0 0 0 NA 0 0 122 -0.4 -28.7
"46" "46" 1989-02-09 25.58 "ATL" "@" "CHH" "L" -2 0 19 1.042 1 0 12.6 5.6 26.3 0 2.9 0 2.9 210 109 6 3.4
"47" "47" 1989-02-14 25.59 "ATL" "@" "CHI" "W" 8 0 13 0 0 0 14.8 5.7 9 0 0 0 9.8 23 111 -1.5 -17
"48" "48" 1989-02-15 25.59 "ATL" "@" "NJN" "W" 7 0 11 1 1 0 0 0 14.6 0 0 0 11.3 200 123 5.4 4.6
"49" "49" 1989-02-17 25.6 "ATL" "" "CLE" "W" 8 0 12 0.798 1 0 10 4.5 19 12.8 0 0 6.6 169 88 7 19.6
"50" "50" 1989-02-19 25.61 "ATL" "@" "MIA" "L" -9 0 22 0.286 0.286 4.7 16.4 10.1 29.8 4.4 0 0 12.5 104 120 5.8 -2.6
"51" "51" 1989-02-20 25.61 "ATL" "" "LAC" "W" 14 0 10 1.042 1 0 0 0 0 4.8 0 0 11.5 221 101 6 9.6
"52" "52" 1989-02-23 25.62 "ATL" "" "IND" "W" 3 0 10 0 0 0 0 0 13.7 10.5 0 0 4 48 96 2 2.8
"53" "53" 1989-02-25 25.62 "ATL" "" "CHI" "W" 30 0 15 0.4 0.4 7.3 7.4 7.4 43 3.2 0 37.5 20.7 89 96 4.5 -1.2
"54" "54" 1989-02-27 25.63 "ATL" "" "DAL" "W" 22 0 13 0.643 0.6 0 9.5 5.1 56.1 4.1 0 15.5 22.6 131 91 7.3 8.2
"55" "55" 1989-03-01 25.63 "ATL" "@" "BOS" "L" -14 0 10 0 0 0 32 11.9 28.2 4.9 0 0 8.5 40 100 1.6 -0.6
"56" "56" 1989-03-03 25.64 "ATL" "" "CHH" "W" 24 0 21 0.291 0.333 0 9.9 5.1 24.5 0 0 22.5 7.9 89 107 3 -6.9
"57" "57" 1989-03-05 25.64 "ATL" "" "UTA" "L" -2 0 3 NA NA 0 0 0 51.6 0 0 NA 0 200 110 0.7 -1.8
"58" "58" 1989-03-07 25.65 "ATL" "" "LAL" "L" -9 0 7 0.5 0.5 0 0 0 58.5 7.4 0 0 12.4 141 108 4.1 16
"59" "59" 1989-03-08 25.65 "ATL" "@" "WSB" "L" -8 0 10 0.515 0.333 11.4 0 6.1 14 5.1 0 0 16.2 140 123 4.7 7
"60" "60" 1989-03-11 25.66 "ATL" "" "MIA" "W" 33 0 24 0.676 0.625 0 14.3 6.7 26.7 5.8 0 18.4 17.8 122 74 11.9 5.7
"61" "61" 1989-03-14 25.67 "ATL" "" "PHO" "L" -2 0 14 0.45 0.5 5.6 0 3.1 53.3 3.2 0 18.4 13.9 105 111 5.8 6.6
"62" "62" 1989-03-16 25.67 "ATL" "@" "SAC" "W" 16 0 18 0.307 0.25 0 4.7 2.6 29.4 5.2 0 0 10.5 112 98 5.2 1.8
"63" "63" 1989-03-17 25.68 "ATL" "@" "GSW" "L" -9 0 12 0.5 0.5 0 7.1 3.6 23.5 11.5 0 50 12.3 63 92 3.3 4.4
"64" "64" 1989-03-19 25.68 "ATL" "@" "LAL" "W" 2 0 16 0.75 0.75 6.5 0 3.4 50 3 0 33.3 15.3 122 117 7.9 6.8
"65" "65" 1989-03-21 25.69 "ATL" "" "DET" "L" -15 0 28 0.918 0.909 4.6 24.5 14.3 17.3 3.8 0 14.9 21.2 153 115 20.1 15.7
"66" "66" 1989-03-25 25.7 "ATL" "@" "NYK" "W" 7 0 25 0.694 0.5 0 4.4 2.5 29.4 5.5 0 14.8 10.8 145 101 12.1 10
"67" "67" 1989-03-28 25.71 "ATL" "@" "NJN" "L" -3 0 14 0.563 0.5 0 20.2 8.7 0 3.5 9.9 18.4 15.9 100 102 5 7.4
"68" "68" 1989-03-29 25.71 "ATL" "" "WSB" "W" 18 0 16 0.667 0.667 0 10.3 6.1 20 0 0 50 15.3 78 105 1.6 -9.8
"69" "69" 1989-03-31 25.72 "ATL" "" "NJN" "W" 17 0 23 0.581 0.5 8.7 13.3 11 46.7 0 0 12.7 13.5 139 104 11.1 3.8
"70" "70" 1989-04-02 25.72 "ATL" "@" "IND" "W" 23 0 10 1 1 0 16 6.6 32.6 9.8 0 0 3.9 202 97 4.9 13.4
"71" "71" 1989-04-04 25.73 "ATL" "@" "CLE" "L" -14 0 29 0.429 0.429 0 14.7 7.3 26.7 1.8 0 30 14.4 82 113 3.4 -6.4
"72" "72" 1989-04-05 25.73 "ATL" "" "PHI" "W" 42 1 27 0.699 0.667 0 13.7 9 27.7 0 0 31.8 15.1 117 94 8.7 -1.5
"73" "73" 1989-04-07 25.73 "ATL" "" "HOU" "W" 8 0 15 0.4 0.4 0 0 0 19.1 3.3 0 0 13.9 105 107 3.3 -3
"74" "74" 1989-04-09 25.74 "ATL" "" "CHI" "W" 8 0 12 0.5 0.5 0 0 0 24.2 4.6 0 0 13.9 135 116 3.6 0.5
"75" "75" 1989-04-10 25.74 "ATL" "@" "CHH" "W" 7 0 22 0.532 0 8.4 19.8 13.6 19.3 0 0 0 3.4 171 112 5.6 -2.1
"76" "76" 1989-04-13 25.75 "ATL" "" "BOS" "W" 14 0 18 0.605 0.571 0 0 0 36.9 7.7 0 0 16.9 143 108 12.5 12.3
"77" "77" 1989-04-15 25.76 "ATL" "" "MIL" "W" 25 0 20 0.4 0.4 0 7.9 4.4 17.9 2.5 0 28.6 13.3 86 106 2.2 -7.9
"78" "78" 1989-04-18 25.76 "ATL" "@" "IND" "W" 7 0 17 0.167 0.167 0 0 0 13.7 2.8 0 0 13.3 65 116 -0.2 -9.8
"79" "79" 1989-04-19 25.77 "ATL" "@" "MIL" "W" 8 0 7 NA NA 18 14.9 16.3 20.8 0 0 100 18.9 29 103 -1.7 -20.5
"80" "80" 1989-04-21 25.77 "ATL" "" "CLE" "W" 3 0 12 1 1 0 0 0 57.1 0 0 50 6.8 122 102 3.1 0.9
"81" "81" 1989-04-23 25.78 "ATL" "@" "DET" "L" -18 0 24 0.378 0.333 3.9 11.8 7.8 18.2 4.1 0 5.9 31.3 79 98 6.3 -1.3
"1" "1" 1989-11-03 26.31 "ATL" "" "IND" "L" -23 0 26 0.273 0.273 0 4.7 1.9 15.2 5.3 0 0 15.8 79 117 4.5 -2
"2" "2" 1989-11-07 26.32 "ATL" "" "WSB" "L" -4 0 11 0.512 0.5 0 0 0 12 0 0 0 17.8 122 126 2.9 -5.4
"3" "3" 1989-11-10 26.33 "ATL" "@" "BOS" "L" -11 0 14 0.429 0.429 0 0 0 23.1 3.5 0 22.2 27.4 73 119 1.5 -9.5
"4" "4" 1989-11-11 26.33 "ATL" "" "ORL" "W" 39 0 16 0.347 0 0 8.8 5.7 41.4 2.7 0 51 13.7 90 99 4 -4.7
"5" "5" 1989-11-13 26.34 "ATL" "@" "ORL" "W" 8 0 21 0.333 0.333 0 8.8 4.5 11.5 0 2.5 0 5.5 104 108 1 -7.5
"6" "6" 1989-11-17 26.35 "ATL" "@" "CLE" "L" -6 0 19 0.75 0.75 11.4 25.4 17 38.4 5.3 0 20 10.5 148 114 9.9 9.3
"7" "7" 1989-11-18 26.35 "ATL" "" "GSW" "W" 16 0 23 0.4 0.4 11.6 8.9 10.1 31.9 4 0 44.4 15.3 86 92 5.4 0.3
"8" "8" 1989-11-21 26.36 "ATL" "@" "DET" "W" 7 0 20 0.258 0 0 5 2.8 12.6 2.6 0 0 8.5 90 105 1.8 -4.3
"9" "9" 1989-11-22 26.36 "ATL" "@" "MIL" "L" -18 0 17 0 0 0 9.1 3.8 20.7 0 0 20 12.3 36 132 -1.8 -17.2
"10" "10" 1989-11-24 26.37 "ATL" "@" "MIA" "W" 16 0 19 1 1 0 0 0 24.5 0 0 33.3 13.8 131 100 6.1 -1.6
"11" "11" 1989-11-25 26.37 "ATL" "" "BOS" "W" 8 0 17 0.5 0.5 0 0 0 30.2 3 0 0 10.3 133 111 5 1.3
"12" "12" 1989-11-28 26.38 "ATL" "@" "CHI" "L" -15 0 29 0.51 0.5 0 25.1 9.9 36.5 1.7 0 0 17.2 120 117 12.4 3.1
"13" "13" 1989-11-29 26.38 "ATL" "@" "WSB" "W" 7 0 18 0.628 0.571 0 0 0 44 10.9 0 10.2 23.2 132 94 13.4 18.5
"14" "14" 1989-12-01 26.39 "ATL" "" "UTA" "W" 11 0 24 0.478 0.333 0 21.6 11.4 29.4 10.4 0 21.5 16.8 102 91 10.1 8.2
"15" "15" 1989-12-02 26.39 "ATL" "" "PHI" "W" 8 0 29 0.75 0.75 4.4 17.6 11.7 17.1 3.7 0 27.3 17.7 109 100 10.9 2.9
"16" "16" 1989-12-06 26.4 "ATL" "@" "ORL" "W" 8 0 20 0.581 0.5 0 6.7 2.9 35.5 0 0 0 13.8 147 119 8.4 1.8
"17" "17" 1989-12-08 26.41 "ATL" "" "POR" "W" 7 0 30 0.791 0.8 0 9.8 5.1 21.9 0 0 13.7 18.8 144 126 15.9 2.4
"18" "18" 1989-12-09 26.41 "ATL" "" "MIN" "W" 13 1 38 0.563 0.5 0 7.9 4.4 30.5 5.5 1.6 10.1 11.6 123 93 14.7 7.1
"19" "19" 1989-12-12 26.42 "ATL" "" "SAS" "W" 8 1 41 0.717 0.625 4 19.5 13.2 21.2 4.9 1.4 17 13.1 137 92 18.9 8.9
"20" "20" 1989-12-13 26.42 "ATL" "@" "PHI" "L" -9 1 31 0.563 0.5 0 8.1 3.6 42.5 1.7 0 18.4 14.1 124 124 10.3 1.8
"21" "21" 1989-12-15 26.42 "ATL" "" "NYK" "L" -4 1 32 0.625 0.625 0 9.4 5.5 41.8 1.6 0 11.1 12.2 143 120 14.6 5
"22" "22" 1989-12-19 26.44 "ATL" "" "SAC" "W" 3 1 40 0.509 0.455 2.8 9.5 5.9 36 3.9 0 7.3 14 136 117 17.7 6.3
"23" "23" 1989-12-21 26.44 "ATL" "@" "MIA" "W" 2 1 40 0.611 0.5 3 17.1 10.2 17 2.3 1.4 32 15.7 97 109 11.1 -2.1
"24" "24" 1989-12-22 26.44 "ATL" "" "CHI" "L" -12 1 39 0.709 0.556 2.9 3.8 3.3 24 3.8 0 18.3 18.1 134 127 18.6 4.4
"25" "25" 1989-12-25 26.45 "ATL" "" "CLE" "W" 11 1 43 0.874 0.857 2.9 10.1 7.1 42.4 1.1 1.4 6.3 15.7 172 108 31.9 14.1
"26" "26" 1989-12-27 26.46 "ATL" "@" "DAL" "L" -13 1 29 0.333 0.333 3.1 4.9 3.8 42.2 0 0 25 22.1 80 132 3.4 -8.3
"27" "27" 1989-12-30 26.47 "ATL" "@" "IND" "L" -7 0 32 0.622 0.429 4.8 18 10.7 26.1 1.7 2.1 9.4 16.9 137 120 13.6 3.3
"28" "28" 1990-01-02 26.47 "ATL" "" "MIL" "W" 6 0 35 0.26 0.231 3 11.8 6.8 30.1 2.9 0 0 15.8 98 113 6.4 -4.5
"29" "29" 1990-01-04 26.48 "ATL" "@" "NYK" "L" -5 1 30 0.667 0.667 0 8.2 3.5 25.5 3.3 0 25 16.1 106 104 10.8 0.9
"30" "30" 1990-01-06 26.48 "ATL" "" "NJN" "W" 9 1 33 0.427 0.417 3.2 2.9 3 36.7 0 0 18.9 20.3 94 110 6.3 -5.1
"31" "31" 1990-01-07 26.49 "ATL" "@" "NJN" "L" -5 1 35 0.375 0.375 2.7 7.4 4.7 19 3.1 0 27.3 12.3 80 111 4.3 -4.2
"32" "32" 1990-01-10 26.5 "ATL" "" "LAC" "L" -6 1 39 0.538 0.5 2.5 3.2 2.8 49.4 1.2 1.5 11.8 16.5 128 118 18 6.2
"33" "33" 1990-01-13 26.5 "ATL" "@" "SEA" "L" -7 1 35 0.827 0.8 0 0 0 8.8 1.6 0 8.4 15.4 157 132 14.4 2.9
"34" "34" 1990-01-16 26.51 "ATL" "@" "SAC" "L" -17 1 42 0.549 0.333 2.5 19 9.8 27.9 0 0 32.8 11.7 99 114 8.1 -4.6
"35" "35" 1990-01-17 26.52 "ATL" "@" "UTA" "L" -7 1 32 0.4 0.4 0 10 4.2 23.1 1.7 0 9.1 15.6 91 112 4.8 -3.9
"36" "36" 1990-01-19 26.52 "ATL" "" "CHI" "L" -8 1 37 0.665 0.25 2.9 8.5 5.8 31.6 6.7 0 48.2 16.3 87 89 11.3 3.3
"37" "37" 1990-01-23 26.53 "ATL" "@" "CHH" "W" 5 1 39 0.608 0.375 2.7 7 5 33.6 0 1.4 20.7 15.4 118 109 12.9 -1.2
"38" "38" 1990-01-24 26.53 "ATL" "" "CLE" "W" 17 1 32 0.761 0.714 0 13.6 7.3 47.8 1.5 0 0 9.8 183 92 17.8 11.4
"39" "39" 1990-01-27 26.54 "ATL" "@" "ORL" "W" 18 1 34 0.658 0.615 0 6.1 3.4 22.5 3 0 0 18.9 151 100 19.3 8.3
"40" "40" 1990-01-29 26.55 "ATL" "@" "CHI" "L" -10 1 26 0.773 0.667 0 0 0 31.1 1.9 0 0 12.7 174 127 14.2 6.4
"41" "41" 1990-01-30 26.55 "ATL" "" "DET" "L" -17 1 25 0.225 0.125 0 9.1 4 31.9 4 0 25.3 19.5 57 112 0.7 -9.9
"42" "42" 1990-02-01 26.56 "ATL" "@" "PHO" "L" -12 1 38 0.506 0.444 2.9 13.3 7.7 44.9 4 0 33.6 17 91 105 10.9 1.3
"43" "43" 1990-02-02 26.56 "ATL" "@" "LAL" "L" -6 1 39 0.571 0.5 5.9 7.2 6.5 44.6 2.9 0 10.7 20.8 138 133 20.9 8.7
"44" "44" 1990-02-04 26.56 "ATL" "@" "DEN" "L" -12 1 37 0.51 0.4 0 6.3 3.2 28.5 0 0 25.4 17.2 97 131 6.1 -8.4
"45" "45" 1990-02-06 26.57 "ATL" "@" "SAS" "L" -11 1 36 0.273 0.273 0 4.3 1.6 15.7 0 0 21.4 16.7 64 128 -0.8 -15
"46" "46" 1990-02-08 26.58 "ATL" "@" "HOU" "W" 2 1 36 0.508 0.5 0 9.3 4.9 31.9 2.8 0 20.2 23.7 101 112 13 -0.7
"47" "47" 1990-02-13 26.59 "ATL" "" "NYK" "L" -5 1 41 0.609 0.545 5.4 9.8 7.4 21.6 3.7 0 14 14.2 133 120 16.7 1.4
"48" "48" 1990-02-15 26.59 "ATL" "" "ORL" "W" 7 1 37 0.825 0.75 0 4.9 2.8 43 3.7 0 14.8 14.3 161 116 24.8 10
"49" "49" 1990-02-16 26.6 "ATL" "@" "CLE" "L" -8 1 35 0.455 0.455 0 0 0 15.2 0 0 8.3 16.3 103 139 4.9 -9.1
"50" "50" 1990-02-18 26.6 "ATL" "@" "MIN" "L" -10 1 28 0.377 0 0 10.4 4.5 20.2 0 0 13.1 12.5 97 125 3 -9.6
"51" "51" 1990-02-20 26.61 "ATL" "" "WSB" "L" -3 1 20 0.291 0.167 0 21.3 10.5 17.3 0 0 12.7 16.9 79 119 1.7 -14.4
"52" "52" 1990-02-21 26.61 "ATL" "@" "IND" "L" -27 1 26 0.541 0.429 0 0 0 31.3 0 0 19.4 17.4 103 137 6.4 -6.1
"53" "53" 1990-02-23 26.62 "ATL" "" "DET" "W" 9 1 19 0.667 0.667 6.8 6 6.4 28.2 2.7 0 0 21.5 147 111 11 8.4
"54" "54" 1990-02-24 26.62 "ATL" "" "HOU" "W" 8 1 31 0.405 0.333 3.2 5.6 4.5 37.3 0 0 23.3 18 92 107 7.1 -3
"55" "55" 1990-02-26 26.62 "ATL" "" "MIA" "W" 9 1 29 0.592 0.625 3.8 18.9 10.5 38.1 1.7 0 10.6 12.8 135 114 12.3 3.6
"56" "56" 1990-02-28 26.63 "ATL" "" "IND" "W" 3 1 21 0.619 0.625 0 0 0 16 0 0 10.1 20.3 122 112 7 0.6
"57" "57" 1990-03-02 26.64 "ATL" "" "MIL" "W" 22 1 25 0.47 0.429 0 0 0 30.6 2 2.5 0 12.5 145 118 9.8 2.7
"58" "58" 1990-03-03 26.64 "ATL" "@" "NJN" "L" -5 1 22 0.6 0.6 0 5.1 2.6 22.7 4.6 0 28.6 13.5 102 118 5.6 -0.9
"59" "59" 1990-03-06 26.65 "ATL" "" "PHO" "L" -2 1 29 0.5 0.5 0 8.5 3.9 53.6 1.7 0 33.3 12.8 105 119 8.4 -0.2
"60" "60" 1990-03-09 26.65 "ATL" "" "SEA" "W" 10 1 25 0.481 0.429 0 10.1 5.6 33.6 10 0 10.7 17 111 87 11.1 7.7
"61" "61" 1990-03-11 26.66 "ATL" "" "LAL" "L" -8 1 29 0.463 0.455 3.9 8.7 6.2 47 0 0 7.8 19.6 128 144 12.5 -0.3
"62" "62" 1990-03-13 26.67 "ATL" "" "BOS" "L" -12 1 29 0.506 0.471 3.3 12.7 7.4 36.5 3.5 0 5.1 28.6 118 118 16.2 6.8
"63" "63" 1990-03-16 26.67 "ATL" "@" "IND" "W" 2 1 33 0.421 0.286 3.5 3.8 3.7 24.5 0 0 10.7 13.2 103 119 6.4 -2.7
"64" "64" 1990-03-17 26.68 "ATL" "@" "WSB" "W" 27 1 17 1 1 0 0 0 43.6 0 0 0 5 200 102 7.5 5.8
"65" "65" 1990-03-19 26.68 "ATL" "" "DAL" "L" -7 1 23 0.44 0.273 0 0 0 37.1 2.2 0 12.8 29.5 106 126 7.5 -5.9
"66" "66" 1990-03-21 26.69 "ATL" "" "CHI" "L" -10 0 16 0.41 0.25 12.5 7.9 10.5 11.1 0 0 38.1 21.3 68 114 -0.2 -15
"67" "67" 1990-03-23 26.69 "ATL" "@" "BOS" "L" -3 0 5 NA NA 0 21.8 9.9 24.6 0 0 100 16.4 20 109 -1 -21.7
"68" "68" 1990-03-24 26.7 "ATL" "" "CHH" "W" 13 0 23 0.41 0.25 0 0 0 30.6 0 2.8 17 10.6 119 122 5.5 0.1
"69" "69" 1990-03-26 26.7 "ATL" "" "DEN" "W" 11 0 15 1 1 0 7.8 4 10.9 3.2 0 0 8.1 200 100 6.7 8.8
"70" "70" 1990-03-29 26.71 "ATL" "@" "POR" "L" -6 0 13 0.667 0.667 0 9.5 5 31.1 3.7 0 40 16.3 97 109 3.3 0.1
"71" "71" 1990-03-30 26.71 "ATL" "@" "LAC" "W" 4 0 24 0.686 0.625 5.4 12.5 8.7 61.1 4 0 22.7 23.7 130 117 17.6 9.8
"72" "72" 1990-04-01 26.72 "ATL" "@" "GSW" "W" 26 0 11 0.5 0.5 8.9 8.4 8.6 8.9 3.9 0 0 19.1 126 103 5.3 0.4
"73" "73" 1990-04-04 26.73 "ATL" "@" "CLE" "L" -6 0 30 0.333 0.333 3.3 16.8 9.3 41.7 0 2.2 25 5.9 124 118 7.7 0.4
"74" "74" 1990-04-05 26.73 "ATL" "" "DET" "L" -5 0 22 0.466 0.458 0 5 2.4 23.3 2.3 0 7.2 26.4 105 114 6.4 1.1
"75" "75" 1990-04-07 26.73 "ATL" "" "PHI" "L" -4 0 16 0.615 0.5 12 18.2 14.5 25.7 6.8 4.6 17 15.6 135 115 9.4 15.5
"76" "76" 1990-04-10 26.74 "ATL" "@" "PHI" "W" 12 0 22 0.595 0.6 0 18.2 9.9 20.1 7.1 0 14.5 13.5 127 107 9.5 5.4
"77" "77" 1990-04-11 26.75 "ATL" "" "MIL" "W" 12 0 11 0.667 0.667 0 0 0 29.8 0 0 0 12.5 152 119 3.7 0.5
"78" "78" 1990-04-13 26.75 "ATL" "@" "DET" "W" 4 0 16 0.571 0.571 0 8.1 4.3 19.4 0 0 12.5 23.5 111 129 5.4 -3.9
"79" "79" 1990-04-14 26.75 "ATL" "@" "MIL" "L" -16 0 15 0.42 0 0 0 0 27.4 0 0 29.6 19.5 79 119 1.6 -8.1
"80" "80" 1990-04-17 26.76 "ATL" "" "NJN" "W" 23 0 8 0 0 0 0 0 26.7 12.2 0 80 24.6 18 82 -1.7 -15.8
"81" "81" 1990-04-20 26.77 "ATL" "@" "NYK" "W" 14 0 18 0.45 0.375 0 30.8 18.4 39 5.3 0 18.4 25.3 100 95 8 -1
"82" "82" 1990-04-21 26.77 "ATL" "" "MIA" "W" 21 0 22 0.306 0.273 5 8.9 7 24 0 0 14.9 24.4 79 112 2.9 -15.3
"1" "1" 1990-11-02 27.31 "ATL" "" "ORL" "W" 4 0 15 0.167 0.167 0 0 0 15.3 6.2 0 14.3 19 48 106 0.2 -13.2
"2" "2" 1990-11-03 27.31 "ATL" "" "IND" "W" 1 0 13 0.5 0.5 0 0 0 10.9 0 0 25 24.9 80 127 0.9 -15.9
"3" "3" 1990-11-06 27.32 "ATL" "@" "SAC" "W" 17 0 16 0 0 0 0 0 0 3.2 0 0 11.2 0 93 -3 -16.5
"4" "4" 1990-11-09 27.33 "ATL" "@" "GSW" "L" -15 0 25 0.476 0.393 0 4 2.1 10.5 6.5 0 6 25.1 98 113 10.3 -0.3
"5" "5" 1990-11-10 27.33 "ATL" "@" "LAC" "W" 18 0 23 0.489 0.357 3.7 12 7.7 31.4 0 0 17.9 18.4 113 98 6.7 -4.1
"6" "6" 1990-11-13 27.34 "ATL" "" "CLE" "L" -17 0 15 0.218 0.167 0 7.3 3.5 16.1 0 0 22.5 23.1 53 127 -2.3 -21.4
"7" "7" 1990-11-14 27.34 "ATL" "@" "PHI" "L" -8 0 16 0 0 5.7 16.4 11.1 14.6 0 0 16.7 14.5 29 114 -1.5 -16.2
"8" "8" 1990-11-16 27.35 "ATL" "" "CHH" "L" -10 0 19 0.731 0.5 0 15.2 8.1 21.7 2.3 0 44.4 28.4 88 110 5.8 -8
"9" "9" 1990-11-17 27.35 "ATL" "@" "DET" "L" -8 0 22 0.512 0.5 0 8.7 5.1 35.6 0 0 17 12.2 109 103 5.3 -1
"10" "10" 1990-11-20 27.36 "ATL" "@" "CHH" "L" -7 0 21 0.608 0.375 0 0 0 40.2 6.4 2.7 8 23 137 115 15.7 11
"11" "11" 1990-11-21 27.36 "ATL" "@" "MIL" "L" -12 0 27 0.45 0.438 0 0 0 27.2 3.3 0 25.3 17.1 79 104 4.9 -3.4
"12" "12" 1990-11-24 27.37 "ATL" "" "PHI" "L" -3 1 35 0.568 0.5 3.3 18.7 11.2 45.6 4.1 0 7.5 16.1 140 116 21 7.8
"13" "13" 1990-11-27 27.38 "ATL" "" "DET" "L" -23 1 29 0.727 0.727 0 13.1 6.4 25.7 3.4 0 8.3 19 134 122 15.4 4.9
"14" "14" 1990-11-30 27.38 "ATL" "" "CLE" "L" -8 1 24 0.515 0.333 0 9.3 4.3 36.8 0 0 34 10.5 102 109 4.6 -4.9
"15" "15" 1990-12-04 27.39 "ATL" "@" "HOU" "W" 3 1 32 0.466 0.5 0 4.7 1.9 35.3 5.9 0 13.4 18.7 100 105 12.3 2.7
"16" "16" 1990-12-05 27.4 "ATL" "@" "SAS" "W" 2 1 24 0.4 0.4 10.3 21.6 15.8 29.3 2.1 0 16.7 11 115 111 7.3 1.4
"17" "17" 1990-12-07 27.4 "ATL" "" "MIL" "L" -1 1 24 0.685 0.571 4.9 5.1 5 33.3 2.2 0 18.6 19.8 132 118 11.4 4.2
"18" "18" 1990-12-08 27.41 "ATL" "" "NYK" "W" 13 1 36 0.926 0.909 3 3.1 3.1 33.3 0 2 25.2 19.5 135 95 18.9 8.3
"19" "19" 1990-12-12 27.42 "ATL" "@" "MIA" "W" 25 1 31 0.466 0.417 0 3.8 2 47 1.6 0 18.9 22.4 105 99 10 -3.4
"20" "20" 1990-12-13 27.42 "ATL" "" "NJN" "W" 9 1 31 0.68 0.65 8.1 7.6 7.9 17.3 4.9 0 14.5 17.9 132 101 16.3 7.7
"21" "21" 1990-12-15 27.42 "ATL" "" "WSB" "W" 12 1 26 0.3 0.143 0 5 2.4 17.1 1.9 0 19.4 17.5 72 122 1.4 -15.4
"22" "22" 1990-12-17 27.43 "ATL" "@" "CLE" "W" 11 1 25 0.53 0.5 5.1 0 2.3 25.7 0 0 9.6 20.1 116 119 7.7 -3
"23" "23" 1990-12-20 27.44 "ATL" "" "UTA" "W" 18 1 28 0.619 0.625 0 0 0 34.1 3.6 0 18.4 16 119 93 10.7 5.5
"24" "24" 1990-12-21 27.44 "ATL" "@" "DET" "L" -26 1 18 0.5 0.5 5.9 8.1 6.8 18.8 0 0 33.3 7.2 92 122 1.6 -6.9
"25" "25" 1990-12-23 27.45 "ATL" "@" "BOS" "L" -28 1 21 0.405 0.333 4 5.4 4.6 14.2 2.2 0 16.8 21.7 81 126 3.5 -9.7
"26" "26" 1990-12-26 27.45 "ATL" "@" "NJN" "W" 2 1 34 0.615 0.5 2.3 2.8 2.5 0 2.7 0 7.6 14.6 129 110 10.8 -1.5
"27" "27" 1990-12-28 27.46 "ATL" "" "BOS" "W" 17 1 36 0.438 0.438 2.8 5.9 4.3 26.7 0 1.5 15.8 21.1 99 114 9.4 -5.4
"28" "28" 1990-12-29 27.46 "ATL" "" "GSW" "W" 4 1 39 0.623 0.6 0 10 4.5 39.2 4.7 0 27.7 14.1 120 120 16 4
"29" "29" 1991-01-02 27.47 "ATL" "" "LAC" "W" 13 1 9 0.5 0.5 0 0 0 100 0 0 0 16.8 143 112 5.8 8.6
"30" "30" 1991-01-18 27.52 "ATL" "" "CHI" "W" 9 1 17 0.75 0.75 0 0 0 40.5 0 0 0 21.8 159 114 10.4 7.8
"31" "31" 1991-01-19 27.52 "ATL" "" "NJN" "W" 30 1 20 0 0 0 0 0 34.3 4.8 0 12.5 15.8 45 87 -0.1 -8.6
"32" "32" 1991-01-22 27.53 "ATL" "" "MIA" "W" 11 1 36 0.526 0.458 2.8 3 2.9 25 4 0 18.4 18.3 108 107 12.7 0
"33" "33" 1991-01-23 27.53 "ATL" "@" "WSB" "L" -5 1 35 0.826 0.792 0 6 2.7 13.9 4.5 0 7 16.3 165 111 21.5 13.6
"34" "34" 1991-01-26 27.54 "ATL" "@" "SEA" "L" -1 1 42 0.58 0.5 3.2 10.4 6.6 33.8 7.3 0 30.9 16.2 106 100 15.6 7.4
"35" "35" 1991-01-28 27.55 "ATL" "@" "POR" "L" -5 1 42 0.673 0.639 0 13.3 6.9 42.7 1.2 1.6 9.4 20.7 142 120 25.5 10.9
"36" "36" 1991-01-29 27.55 "ATL" "@" "UTA" "L" -11 1 38 0.438 0.438 5.2 7.4 6.1 15.6 2.7 0 20 22.7 87 125 6.4 -8
"37" "37" 1991-01-31 27.55 "ATL" "@" "LAL" "L" -13 1 33 0.305 0.192 0 7.1 3.1 21.3 2.9 0 6.3 19 79 116 5.4 -5
"38" "38" 1991-02-02 27.56 "ATL" "@" "DEN" "L" -1 1 32 0.556 0.3 0 8.5 4.5 20 1.4 1.7 12.2 19.2 117 114 12.3 -0.6
"39" "39" 1991-02-05 27.57 "ATL" "" "CLE" "W" 4 1 21 0 0 0 12.4 5.4 34.8 2.3 0 0 11.5 67 116 2.3 -8
"40" "40" 1991-02-07 27.57 "ATL" "" "CHH" "W" 13 1 26 0.799 0.714 0 4.3 2.2 32 3.7 0 0 14 184 114 16 9.6
"41" "41" 1991-02-12 27.59 "ATL" "@" "CHI" "L" -9 1 38 0.768 0.688 0 4.7 1.9 41.5 6.8 0 4.9 22.8 166 123 32.2 20.2
"42" "42" 1991-02-13 27.59 "ATL" "@" "NJN" "L" -34 1 35 0.595 0.567 2.7 3.4 3 13.7 1.3 0 14.5 22.4 115 139 12.8 -1.6
"43" "43" 1991-02-16 27.6 "ATL" "" "SEA" "W" 9 1 38 0.633 0.567 3.2 6.5 4.9 50.3 1.3 0 9.5 22.8 153 123 23.6 7.9
"44" "44" 1991-02-19 27.61 "ATL" "@" "NYK" "W" 8 1 28 0.773 0.667 0 9.5 5.4 28.8 0 0 20.5 23.8 130 111 15.1 2.8
"45" "45" 1991-02-20 27.61 "ATL" "@" "DET" "L" -8 1 27 0.3 0.3 0 11.9 5.9 43.2 0 0 16.7 20.3 69 106 1.3 -8.2
"46" "46" 1991-02-22 27.61 "ATL" "" "LAL" "W" 9 1 35 0.472 0.433 3.2 3.7 3.4 24.4 1.5 0 5.9 20.5 119 114 11.3 -1
"47" "47" 1991-02-23 27.62 "ATL" "" "DAL" "W" 15 1 34 0.634 0.588 6 0 3.4 30.1 2.9 0 16.3 29.6 120 110 20.4 3.9
"48" "48" 1991-02-25 27.62 "ATL" "" "SAC" "W" 8 1 27 0.387 0.167 3.5 0 1.7 16.6 2 0 11.4 13.1 107 104 4.2 -3
"49" "49" 1991-02-27 27.63 "ATL" "@" "PHI" "L" -4 1 40 0.352 0.333 4.9 9.5 6.9 34.5 3.9 0 14 21.8 95 113 10.9 -1.1
"50" "50" 1991-02-28 27.63 "ATL" "" "POR" "W" 8 1 24 0.43 0.222 4.4 0 2.3 28.6 2 0 7.9 21.3 112 111 8.3 -0.2
"51" "51" 1991-03-03 27.64 "ATL" "@" "MIL" "W" 9 1 35 0.482 0.273 0 12.8 6.4 20.9 1.4 0 21.6 21.8 95 110 8.4 -6
"52" "52" 1991-03-05 27.64 "ATL" "" "DEN" "W" 12 1 36 0.721 0.675 2.5 4.6 3.6 11.2 0 0 11.9 24.5 136 119 22.4 0.8
"53" "53" 1991-03-07 27.65 "ATL" "" "PHO" "L" -2 1 29 0.389 0.389 2.5 15 7.6 23.6 3.2 0 14.3 26 87 102 6.7 -0.2
"54" "54" 1991-03-08 27.65 "ATL" "@" "MIA" "W" 6 1 36 0.512 0.5 0 5.9 2.8 12.9 1.4 0 12 19.1 102 101 9.5 -0.9
"55" "55" 1991-03-10 27.66 "ATL" "" "CHI" "L" -35 1 33 0.571 0.607 0 7.5 3.1 44.1 1.5 0 24.1 24.5 98 126 11.6 1.1
"56" "56" 1991-03-12 27.66 "ATL" "" "PHI" "L" -4 1 34 0.505 0.455 0 3.4 1.8 29.5 0 0 7.8 17.1 116 123 9.7 -3.2
"57" "57" 1991-03-15 27.67 "ATL" "@" "DAL" "W" 10 1 35 0.601 0.469 3.3 7.8 5.3 21.8 5.6 0 16.7 27.6 124 113 19.1 4.5
"58" "58" 1991-03-16 27.67 "ATL" "@" "PHO" "L" -12 1 28 0.4 0.4 3.6 4.2 3.9 24.4 1.7 0 0 14.2 106 130 6.9 -3.8
"59" "59" 1991-03-19 27.68 "ATL" "" "BOS" "W" 12 1 37 0.686 0.567 5.3 5.4 5.3 22.7 5.5 0 9.5 23.9 141 95 25 15.3
"60" "60" 1991-03-20 27.68 "ATL" "@" "CHI" "L" -22 1 28 0.409 0.409 3.2 13.2 6.4 23.7 3.4 0 8.3 16.9 99 124 7.1 -3.6
"61" "61" 1991-03-22 27.69 "ATL" "@" "WSB" "L" -5 1 39 0.663 0.5 0 13.3 6.9 15.2 1.3 0 5 22.3 145 126 21.6 4.8
"62" "62" 1991-03-23 27.69 "ATL" "" "MIA" "W" 15 1 33 0.538 0.5 0 3 1.5 14 3 0 16.8 22.6 104 98 8.8 -2.5
"63" "63" 1991-03-26 27.7 "ATL" "@" "IND" "L" -10 1 35 0.615 0.5 0 12.5 4.5 29.9 3.9 0 6.4 17.7 130 116 18.2 5.8
"64" "64" 1991-03-28 27.71 "ATL" "" "HOU" "L" -1 1 31 0.652 0.643 0 10.8 4.9 34.1 1.6 0 9.8 12.8 144 119 13.7 6.2
"65" "65" 1991-03-30 27.71 "ATL" "@" "MIL" "L" -8 1 35 0.617 0.545 6 6.1 6 21.3 3 0 6.1 20.4 135 114 18.3 9.3
"66" "66" 1991-04-04 27.73 "ATL" "@" "CHH" "L" -7 1 44 0.349 0.357 0 5.6 2.5 22.2 2.3 1.5 20.2 17.8 76 103 4.3 -3.5
"67" "67" 1991-04-06 27.73 "ATL" "" "IND" "W" 27 1 33 0.643 0.643 3.5 9.1 6.5 38.4 4.2 0 0 25.8 148 107 28 11.7
"68" "68" 1991-04-08 27.74 "ATL" "" "WSB" "W" 11 1 33 0.553 0.5 3.2 11.5 6.9 33.1 3 0 20.3 19.5 104 98 12.3 1.3
"69" "69" 1991-04-09 27.74 "ATL" "@" "CLE" "W" 6 1 37 0.51 0.4 0 5.9 3 35.2 0 0 14.5 23.6 109 110 12.2 -2.6
"70" "70" 1991-04-11 27.75 "ATL" "@" "MIN" "L" -14 1 35 0.767 0.767 0 7.6 3.8 16.3 6.1 0 6.3 21.3 149 118 20.6 11.4
"71" "71" 1991-04-13 27.75 "ATL" "" "MIL" "W" 6 1 31 0.564 0.438 4.1 7.2 5.7 41.9 5 0 12.8 33.7 112 94 18.5 9.3
"72" "72" 1991-04-16 27.76 "ATL" "@" "ORL" "L" -7 1 23 0.375 0.292 0 5.2 2.6 24.7 4.2 0 13.1 29.4 81 111 5.5 -5.7
"73" "73" 1991-04-17 27.76 "ATL" "" "CHH" "L" -12 1 34 0.541 0.464 2.9 6.7 4.7 21.7 0 0 15.3 22.7 112 126 11.6 -3.5
"74" "74" 1991-04-19 27.77 "ATL" "" "DET" "L" -6 1 26 0.535 0.409 0 5.6 2.3 25.9 1.8 0 0 23.6 131 124 11.9 2.2
"75" "75" 1991-04-21 27.77 "ATL" "@" "BOS" "W" 12 1 15 1.23 1.25 0 17.8 9.4 46.2 0 0 29.1 10.6 178 115 8.1 9.1
"1" "1" 1991-11-01 28.3 "SAC" "" "LAC" "W" 4 1 42 0.543 0.45 0 14.3 6.5 34.2 1.1 1.4 7.5 25.8 114 89 22.5 5.2
"2" "2" 1991-11-02 28.31 "SAC" "@" "GSW" "L" -62 1 16 0.429 0.429 5.8 0 3.4 20 0 0 36.4 25.1 60 139 0 -17.7
"3" "3" 1991-11-05 28.32 "SAC" "@" "SEA" "L" -11 1 11 0.333 0.333 0 9.9 4.8 34.5 0 0 25 30.6 66 112 -0.1 -15.7
"4" "4" 1991-11-12 28.33 "SAC" "" "BOS" "L" -23 1 30 0.339 0.231 3 0 1.8 23.4 0 0 11.9 22.6 82 132 2.7 -14.2
"5" "5" 1991-11-14 28.34 "SAC" "" "ATL" "W" 2 1 41 0.453 0.421 0 11.3 6.5 19.1 2.3 1.4 20.1 26.3 80 95 9.4 -5.3
"6" "6" 1991-11-16 28.35 "SAC" "" "HOU" "L" -9 1 28 0.25 0.25 3 4.5 3.6 26.1 3.5 2.3 0 17.3 77 102 4.4 -3.7
"7" "7" 1991-11-19 28.35 "SAC" "@" "NJN" "L" -4 1 28 0.768 0.75 0 16.6 7.8 14.8 1.7 2.3 17 17.7 134 119 12.5 0.4
"8" "8" 1991-11-20 28.36 "SAC" "@" "ATL" "L" -12 1 41 0.433 0.353 2.7 4.9 3.9 16.3 2.3 0 20.3 25.2 86 117 7.3 -9.1
"9" "9" 1991-11-22 28.36 "SAC" "@" "MIA" "L" -6 1 38 0.667 0.667 4.2 12.6 9 12.3 4 0 14.3 16.8 124 119 14.6 0.8
"10" "10" 1991-11-23 28.36 "SAC" "@" "ORL" "W" 2 1 35 0.333 0.333 0 7 3.3 30.5 1.4 0 7.7 16.1 86 103 6.3 -5.8
"11" "11" 1991-11-26 28.37 "SAC" "" "PHO" "W" 15 1 28 0.581 0.5 0 3.6 1.9 23.1 3.3 2 12.7 24.6 109 89 12.2 2.3
"12" "12" 1991-11-27 28.38 "SAC" "@" "PHO" "L" -41 1 19 0.17 0 0 20.5 9.6 0 0 0 25.4 16.2 27 130 -3 -19.6
"13" "13" 1991-11-30 28.38 "SAC" "" "CHI" "L" -16 1 28 0.508 0.5 3.4 13.2 7.6 28.6 3.6 0 11.3 26.7 103 120 12.2 2.5
"14" "14" 1991-12-03 28.39 "SAC" "" "SAS" "W" 5 1 39 0.581 0.567 0 9.7 4.7 39.3 2.4 1.4 18.1 22.4 106 95 17.1 2
"15" "15" 1991-12-07 28.4 "SAC" "@" "GSW" "L" -4 1 37 0.693 0.667 0 8.1 4.7 18.8 1.2 0 15.9 20.8 123 117 18.2 2.9
"16" "16" 1991-12-10 28.41 "SAC" "" "LAL" "L" -2 1 38 0.542 0.474 0 5.5 3 37.9 0 0 8.6 29.3 115 114 16.7 -0.4
"17" "17" 1991-12-12 28.42 "SAC" "" "ORL" "W" 6 1 33 0.579 0.556 3 4.9 4 34.5 6.7 2.9 35.1 23.5 89 88 14.2 3.8
"18" "18" 1991-12-14 28.42 "SAC" "@" "POR" "L" -5 1 34 0.632 0.563 6.7 0 3.5 6.2 1.4 0 18 27.8 110 123 12.1 -2.6
"19" "19" 1991-12-15 28.42 "SAC" "@" "LAL" "L" -16 1 30 0.612 0.577 0 6.3 3.6 20.1 3.5 0 17.8 26 106 119 12.7 1.7
"20" "20" 1991-12-19 28.44 "SAC" "@" "HOU" "L" -7 1 28 0.55 0.55 0 9 3.8 27.3 5.4 0 16.7 18.7 100 108 9.9 0.4
"21" "21" 1991-12-21 28.44 "SAC" "@" "DAL" "L" -24 1 31 0.351 0.2 0 6.6 2.9 21.1 4.6 1.8 17.8 28.5 73 106 6 -3.6
"22" "22" 1991-12-23 28.45 "SAC" "@" "SAS" "L" -11 1 34 0.388 0.333 3.1 8 5.8 31.5 2.8 0 18.9 19.6 84 103 7.5 -3.9
"23" "23" 1991-12-26 28.45 "SAC" "" "SEA" "L" -9 1 43 0.53 0.474 2.6 9 5.5 43.5 1.2 0 8.8 22.9 120 114 19.8 3.6
"24" "24" 1991-12-28 28.46 "SAC" "@" "CHI" "L" -9 1 35 0.51 0.467 3 6 4.5 21.4 3.9 0 18.5 24.6 98 119 12.4 -1.7
"25" "25" 1991-12-30 28.47 "SAC" "@" "MIN" "W" 8 1 37 0.611 0.559 0 0 0 28.6 2.7 1.6 4.8 23.9 138 112 21.4 5.5
"26" "26" 1992-01-02 28.47 "SAC" "" "PHI" "W" 4 1 19 0.551 0.5 0 16.8 8.7 54.6 2.5 0 8.4 25.9 128 108 11.6 4.3
"27" "27" 1992-01-04 28.48 "SAC" "" "MIA" "L" -13 1 40 0.546 0.472 2.4 13.6 7.6 30.7 2.4 1.5 4.4 23.2 121 109 21 5.6
"28" "28" 1992-01-06 28.48 "SAC" "@" "BOS" "L" -2 1 38 0.383 0.35 2.5 9 5.4 35.7 2.6 0 12.6 24.9 95 113 10 -2.9
"29" "29" 1992-01-08 28.49 "SAC" "@" "DET" "L" -19 1 15 0.694 0.5 0 0 0 25.4 9.3 0 0 7.4 167 100 7.3 8.6
"30" "30" 1992-01-13 28.5 "SAC" "@" "DEN" "L" -2 1 28 0.388 0.333 0 8 4 13.7 1.7 2.2 13.4 11.3 87 113 3.8 -8
"31" "31" 1992-01-15 28.51 "SAC" "" "PHO" "L" -17 1 28 0.671 0.577 0 7 3.7 30.6 7.7 0 30.9 30.3 99 108 14.8 2.6
"32" "32" 1992-01-17 28.52 "SAC" "@" "PHO" "L" -40 1 26 0.28 0.235 0 9.2 3.7 24.1 6.8 0 5.3 27.6 68 117 4.9 -6
"33" "33" 1992-01-18 28.52 "SAC" "" "CHH" "W" 6 1 41 0.507 0.433 0 8.7 4.9 30.1 1.2 2.3 23 22 97 113 13 -3.9
"34" "34" 1992-01-21 28.53 "SAC" "" "DEN" "W" 9 1 41 0.836 0.778 3.9 6 5.3 52.8 1.2 0 31.7 17.9 128 94 20 5
"35" "35" 1992-01-23 28.53 "SAC" "" "LAL" "L" -3 1 37 0.62 0.571 0 14.7 6.9 25.3 0 0 20.7 20.6 117 117 13.2 -2.9
"36" "36" 1992-01-24 28.53 "SAC" "@" "LAL" "L" -3 1 39 0.599 0.464 2.9 3.2 3 53.5 2.7 0 14.6 23.2 126 109 21.6 7.9
"37" "37" 1992-01-28 28.55 "SAC" "" "NJN" "W" 6 1 36 0.592 0.538 0 2.2 1.3 38 1.3 2.6 20.8 22.5 115 121 17.5 0.7
"38" "38" 1992-01-29 28.55 "SAC" "@" "UTA" "L" -19 1 31 0.357 0.357 0 15.9 7 43.2 0 0 12.5 20.9 87 122 6.5 -7
"39" "39" 1992-01-31 28.55 "SAC" "" "LAC" "W" 3 1 37 0.658 0.583 2.9 8.3 5.6 27.9 2.6 1.5 15.8 21.1 132 111 21.1 8.6
"40" "40" 1992-02-02 28.56 "SAC" "@" "POR" "L" -40 1 30 0.901 0.864 3.3 4.1 3.7 31.3 1.5 0 7.3 18.2 170 143 23.4 10.5
"41" "41" 1992-02-03 28.56 "SAC" "" "DAL" "W" 4 1 39 0.468 0.421 0 15.4 7.2 31.7 1.4 0 4.7 24.3 108 110 14.1 -2.9
"42" "42" 1992-02-05 28.57 "SAC" "" "UTA" "W" 2 1 39 0.687 0.556 2.8 6.6 4.9 45.4 0 1.4 7.9 14.7 152 117 19.9 6.7
"43" "43" 1992-02-12 28.59 "SAC" "" "WSB" "W" 1 1 39 0.571 0.429 0 12.6 6.2 49.5 1.2 1.4 31.3 13.5 103 99 13 -1.3
"44" "44" 1992-02-14 28.59 "SAC" "" "POR" "L" -1 1 35 0.506 0.45 0 8.7 5.4 33.6 1.3 0 18.7 31.8 94 104 13.6 -4
"45" "45" 1992-02-16 28.6 "SAC" "" "SAS" "L" -6 1 36 0.604 0.5 0 16.3 7.6 33 4.1 0 29.9 23.7 96 109 14.6 1.3
"46" "46" 1992-02-18 28.6 "SAC" "@" "NYK" "L" -13 1 35 0.551 0.5 0 9.1 4.5 33.7 1.4 0 26.9 27.9 87 114 9.6 -4.7
"47" "47" 1992-02-19 28.61 "SAC" "@" "IND" "L" -14 1 41 0.578 0.5 2.3 6.2 3.9 28.8 1.1 0 18.8 24.4 105 124 15.9 -2.4
"48" "48" 1992-02-21 28.61 "SAC" "@" "CLE" "L" -17 1 33 0.37 0.1 0 3.9 1.8 28 1.4 0 18.2 20.5 84 122 5.7 -10.8
"49" "49" 1992-02-23 28.62 "SAC" "@" "WSB" "W" 7 1 43 0.711 0.692 2.9 7.4 5.3 27.2 3.3 0 16.9 16.7 138 115 21.7 3.5
"50" "50" 1992-02-24 28.62 "SAC" "@" "PHI" "L" -12 1 41 0.483 0.438 0 6.7 2.9 33.1 1.3 0 13.9 24.4 96 121 12.9 -4.8
"51" "51" 1992-02-27 28.63 "SAC" "" "NYK" "W" 1 1 44 0.5 0.5 0 9 4.8 51.6 0 1.6 0 19.6 122 121 18.2 2.5
"52" "52" 1992-02-29 28.63 "SAC" "" "SEA" "W" 5 1 40 0.711 0.688 0 5.1 2.9 36.6 1.2 0 29.3 24.3 114 113 17.6 -0.1
"53" "53" 1992-03-02 28.64 "SAC" "" "GSW" "L" -20 1 41 0.602 0.579 0 2.8 1.4 26.7 3.5 0 16.2 25.4 110 118 18.4 2.7
"54" "54" 1992-03-04 28.64 "SAC" "" "CLE" "L" -1 1 37 0.568 0.455 3.2 9.5 6.3 45.8 1.4 0 12.4 19.8 127 123 18.4 3.7
"55" "55" 1992-03-06 28.65 "SAC" "@" "POR" "L" -8 1 41 0.654 0.625 2.6 9 5.6 24.9 3.4 0 26.7 18.6 107 111 14.5 1.4
"56" "56" 1992-03-08 28.65 "SAC" "" "HOU" "L" -1 1 39 0.672 0.643 0 9 4.6 26.8 1.4 0 11.8 20.6 135 130 18.2 2.3
"57" "57" 1992-03-10 28.66 "SAC" "" "LAC" "L" -11 1 39 0.82 0.786 2.9 10.3 6.3 27.9 1.3 0 19 21.8 142 125 23.3 8.3
"58" "58" 1992-03-12 28.67 "SAC" "" "UTA" "L" -11 1 41 0.745 0.682 0 2.7 1.3 7.8 2.3 0 7.3 14 141 115 15.2 2.8
"59" "59" 1992-03-14 28.67 "SAC" "" "DET" "L" -6 1 42 0.417 0.417 2.4 5.6 3.9 37.6 0 0 25 16.9 82 105 6.3 -6.6
"60" "60" 1992-03-15 28.67 "SAC" "@" "LAC" "L" -26 1 34 0.703 0.692 0 8.1 3.4 37.5 2.7 0 16.1 21.3 135 126 18.5 5.9
"61" "61" 1992-03-17 28.68 "SAC" "@" "DEN" "L" -18 1 39 0.635 0.571 0 5.7 2.9 19.3 3.7 1.3 43.2 16 84 118 8 -4.7
"62" "62" 1992-03-18 28.68 "SAC" "@" "SAS" "L" -29 1 35 0.483 0.417 0 6.4 3 28.2 3 0 20.5 24.8 91 127 9.8 -3.1
"63" "63" 1992-03-20 28.69 "SAC" "@" "DAL" "W" 29 1 35 0.468 0.421 3.2 3 3.1 12.9 1.4 0 4.7 26.3 107 105 11.5 -4.7
"64" "64" 1992-03-21 28.69 "SAC" "@" "HOU" "W" 3 1 39 0.155 0.083 2.9 5 4.1 19 0 0 7.2 16.6 55 112 -0.7 -17.5
"65" "65" 1992-03-24 28.7 "SAC" "" "MIL" "W" 11 1 40 0.455 0.455 0 6.8 4.2 22.2 2.6 0 8.3 13.5 114 113 11.4 -3
"66" "66" 1992-03-26 28.7 "SAC" "" "POR" "L" -22 1 35 0.609 0.545 0 8.1 3.4 25.1 0 0 0 14 144 133 13.3 -1.7
"67" "67" 1992-03-29 28.71 "SAC" "@" "MIN" "W" 26 1 36 0.144 0.15 0 11.1 6.2 32.8 2.6 0 16.1 14.3 66 86 4.4 -6.8
"68" "68" 1992-03-31 28.72 "SAC" "" "GSW" "L" -12 1 50 0.388 0.357 4.6 2.4 3.6 32 4.6 0 17.7 23.5 86 115 12.3 -4.4
"69" "69" 1992-04-02 28.72 "SAC" "" "SEA" "L" -8 1 40 0.549 0.455 0 9.8 5.8 39.8 6.4 0 41.4 24.6 84 109 12 -2.3
"70" "70" 1992-04-03 28.73 "SAC" "@" "GSW" "L" -8 1 46 0.76 0.75 0 11.3 5.1 27.5 2 0 10.1 16.8 144 106 24.9 7.9
"71" "71" 1992-04-05 28.73 "SAC" "" "DAL" "W" 14 1 37 0.384 0.25 0 7.5 3.4 34.8 1.3 0 4.9 21.8 100 97 11.1 -4.1
"72" "72" 1992-04-07 28.74 "SAC" "@" "PHO" "L" -2 1 36 0.574 0.55 0 3 1.5 26.2 0 0 15 15.9 117 119 10 -2.5
"73" "73" 1992-04-09 28.74 "SAC" "" "DEN" "W" 17 1 40 0.497 0.375 0 10 5.8 16.7 2.3 1.4 28.5 22 86 102 9.5 -6.8
"74" "74" 1992-04-11 28.75 "SAC" "" "MIN" "W" 20 1 36 0.658 0.611 3.1 2.6 2.8 33.1 1.3 3.1 0 11.3 158 97 17.9 5.7
"75" "75" 1992-04-14 28.76 "SAC" "@" "LAC" "W" 6 1 43 0.786 0.722 0 5.9 2.8 26 4.5 0 24.9 15.5 128 97 20.1 6.6
"76" "76" 1992-04-16 28.76 "SAC" "" "LAL" "W" 8 1 39 0.768 0.688 0 11.4 5.9 42.4 0 0 0 11.2 181 110 20.2 8.1
"77" "77" 1992-04-17 28.76 "SAC" "@" "SEA" "L" -24 1 29 0.416 0.393 0 0 0 21.1 1.7 0 25.7 28.4 74 136 2.2 -11.4
"1" "1" 1992-11-06 29.32 "SAC" "" "SAS" "W" 8 1 42 0.469 0.429 4.4 9.3 6.4 34.9 1.1 0 7.5 24.5 112 108 17 1.3
"2" "2" 1992-11-08 29.32 "SAC" "@" "LAL" "W" 10 1 19 0.82 0.75 0 5.7 2.9 27.2 2.6 0 0 10.6 186 117 10.4 8.5
"3" "3" 1992-12-08 29.41 "SAC" "" "WSB" "L" -8 1 35 0.272 0.208 0 3.4 1.7 23.8 1.4 0 13.4 18.2 73 121 2.8 -10.3
"4" "4" 1992-12-10 29.41 "SAC" "" "IND" "L" -7 1 40 0.658 0.611 0 0 0 17.1 2.4 0 0 10.6 142 110 11.9 1.5
"5" "5" 1992-12-12 29.42 "SAC" "" "GSW" "L" -4 1 38 0.573 0.3 6.2 13.3 9.6 25.1 2.5 0 11.3 18.1 131 123 17.3 2.4
"6" "6" 1992-12-15 29.42 "SAC" "@" "MIA" "L" -8 1 37 0.788 0.75 3.7 0 1.7 24.2 0 0 36 17 108 118 9.1 -4
"7" "7" 1992-12-17 29.43 "SAC" "@" "ORL" "L" -21 1 29 0.44 0.273 0 3.6 1.7 56.8 1.6 2.2 22.7 24.8 91 115 10.4 -0.6
"8" "8" 1992-12-18 29.43 "SAC" "@" "CLE" "L" -11 1 27 0.592 0.4 0 0 0 22.5 0 0 12.9 12.3 129 130 7.4 -4.3
"9" "9" 1992-12-20 29.44 "SAC" "@" "NJN" "L" -6 1 37 0.743 0.667 0 6.8 3.2 8.6 5.5 0 21.8 16.3 119 107 13.5 4.4
"10" "10" 1992-12-22 29.44 "SAC" "@" "MIL" "W" 3 1 41 0.398 0.25 5.9 5 5.4 36.2 2.6 0 11.7 19 105 104 11.5 -0.3
"11" "11" 1992-12-23 29.45 "SAC" "@" "MIN" "W" 6 1 37 0.436 0.333 0 6.8 3.4 22.9 2.8 0 30.4 26.2 71 98 4.1 -10.3
"12" "12" 1992-12-27 29.46 "SAC" "" "BOS" "W" 16 1 41 0.526 0.286 0 7.8 4.4 30.3 2.4 0 26 16.1 107 106 12.2 -1.6
"13" "13" 1992-12-29 29.46 "SAC" "" "DAL" "W" 58 1 19 0.2 0.2 0 14.6 8.1 53.2 0 0 16.7 11.5 104 79 5.4 -3.6
"14" "14" 1993-01-02 29.47 "SAC" "" "PHI" "W" 56 1 28 0.697 0.667 3.8 27.1 14.5 30.4 6 0 21.8 17.8 132 81 20.1 7.4
"15" "15" 1993-01-05 29.48 "SAC" "" "DEN" "W" 20 1 34 0.567 0.567 3.9 0 1.9 47.4 5.6 0 20.1 22.9 122 102 18.9 7.8
"16" "16" 1993-01-08 29.49 "SAC" "@" "LAL" "L" -3 1 35 0.575 0.5 6 9.8 7.8 44.3 4.2 0 16.1 22.2 114 93 16.8 9
"17" "17" 1993-01-09 29.49 "SAC" "" "MIA" "W" 14 1 35 0.76 0.643 0 9.6 5.2 41.4 1.4 0 16 15.6 144 101 16.6 6.9
"18" "18" 1993-01-12 29.5 "SAC" "" "NYK" "L" -11 1 35 0.542 0.5 0 14.4 6.4 28.8 1.4 0 28.9 23.9 85 104 6.6 -4.3
"19" "19" 1993-01-14 29.51 "SAC" "" "PHO" "L" -10 1 40 0.568 0.5 0 12.2 6.5 25.3 4.3 0 28.9 16.5 96 100 13.6 1.9
"20" "20" 1993-01-16 29.51 "SAC" "@" "UTA" "L" -1 1 40 0.4 0.333 0 4.8 2.9 25.8 2.5 0 26.7 22.3 78 114 6.2 -8.5
"21" "21" 1993-01-18 29.52 "SAC" "@" "GSW" "W" 4 1 36 0.564 0.375 3.6 8.2 6.2 31.4 1.4 0 27.3 17 111 116 10.2 -2.6
"22" "22" 1993-01-19 29.52 "SAC" "" "HOU" "L" -6 1 27 0.339 0.231 3.4 4.3 3.8 18 3.8 0 6.3 23.8 90 110 5 -5.6
"23" "23" 1993-01-22 29.53 "SAC" "@" "POR" "L" -8 1 32 0.498 0.464 0 4.3 1.8 15.8 0 0 19 23.5 94 130 6.3 -9.6
"24" "24" 1993-01-23 29.53 "SAC" "" "MIN" "W" 5 1 32 0.611 0.286 0 7.5 4 29.3 1.7 0 7.5 18.6 151 124 15.5 1.7
"25" "25" 1993-01-25 29.54 "SAC" "@" "ATL" "L" -11 1 41 0.37 0.286 6 7.5 6.8 33.6 1.2 1.5 11 17.8 99 119 12.3 -1.4
"26" "26" 1993-01-27 29.54 "SAC" "@" "CHH" "L" -10 1 33 0.532 0 2.7 3.2 2.9 22.6 2.6 0 51.5 4.4 106 107 5.6 -5
"27" "27" 1993-01-29 29.55 "SAC" "@" "DAL" "W" 10 1 36 0.665 0.444 0 11.9 6.1 24.1 6.2 0 17.4 19.2 127 105 20.4 4.6
"28" "28" 1993-01-30 29.55 "SAC" "@" "SAS" "L" -5 1 33 0.635 0.571 4.5 8.8 6.7 20.2 3 0 11.3 12.3 138 132 11.2 -0.3
"29" "29" 1993-02-01 29.56 "SAC" "" "ORL" "L" -4 1 42 0.591 0.591 2.7 0 1.5 31.3 0 0 0 10.9 147 125 14.5 1.3
"30" "30" 1993-02-03 29.56 "SAC" "" "CHI" "L" -19 1 20 0.333 0.333 5.1 0 2.9 44.7 4.8 0 14.3 13.8 96 105 5.7 3.3
"31" "31" 1993-02-05 29.57 "SAC" "@" "DEN" "L" -13 1 34 0.685 0.679 6.6 18.6 12.2 15.5 1.3 1.7 11.5 19.4 127 107 18.3 6.4
"32" "32" 1993-02-06 29.57 "SAC" "@" "LAC" "L" -9 1 36 0.581 0.5 2.8 7.8 4.9 33.7 2.7 0 5.5 20.9 131 120 19 6.4
"33" "33" 1993-02-09 29.58 "SAC" "" "UTA" "L" -5 1 36 0.709 0.667 3.5 4.2 3.8 30.5 1.4 0 16.8 14.1 133 124 13.7 1.8
"34" "34" 1993-02-11 29.58 "SAC" "" "ATL" "W" 11 1 32 0.477 0.318 0 8.8 4.7 25.4 1.5 0 22.7 22 94 108 7.8 -6.6
"35" "35" 1993-02-13 29.59 "SAC" "" "GSW" "L" -1 1 36 0.482 0.367 6.7 7.8 7.2 27.2 1.3 0 18.5 25.3 96 113 10.8 -5.1
"36" "36" 1993-02-15 29.59 "SAC" "@" "CHI" "L" -18 1 32 0.549 0.455 3.6 11.5 7.4 53.4 1.5 0 28.2 22.9 106 124 15 2
"37" "37" 1993-02-17 29.6 "SAC" "@" "IND" "L" -26 1 33 0.675 0.545 2.6 7.7 4.6 37.3 0 0 6.6 18.4 143 132 18.9 6.6
"38" "38" 1993-02-18 29.6 "SAC" "@" "MIN" "L" -7 1 33 0.698 0.679 3.5 5.2 4.2 55.7 0 0 11.3 23.3 140 136 20.4 6.5
"39" "39" 1993-02-23 29.62 "SAC" "@" "LAC" "L" -7 1 33 0.51 0.45 0 10.9 4.6 21.2 0 0 20.3 16.8 98 122 7.9 -7.3
"40" "40" 1993-02-24 29.62 "SAC" "" "LAL" "L" -5 1 42 0.554 0.467 0 14.7 6.9 39.4 0 0 13.7 22.3 112 109 16.8 0.1
"41" "41" 1993-02-26 29.62 "SAC" "" "SEA" "L" -21 1 26 0.475 0.3 0 0 0 18.3 4.7 0 28.3 23.6 87 118 6.2 -6.5
"42" "42" 1993-02-27 29.63 "SAC" "@" "UTA" "W" 4 1 42 0.654 0.583 4.9 8.2 6.4 23.9 1.1 0 22.5 16.3 124 119 14.9 -0.4
"43" "43" 1993-03-03 29.64 "SAC" "" "HOU" "L" -3 1 39 0.344 0.316 7.9 3.4 5.9 40.1 0 0 12.9 24.8 89 107 7.6 -4.6
"44" "44" 1993-03-05 29.64 "SAC" "@" "PHO" "L" -8 1 27 0.188 0.188 0 0 0 21.7 0 0 38.5 17.6 49 131 -3.4 -17.9
"45" "45" 1993-03-06 29.65 "SAC" "@" "HOU" "L" -17 1 26 0.394 0.313 7.1 5.1 6.3 13.7 5.2 0 25.3 17.4 79 109 6 -3.7
"46" "46" 1993-03-09 29.65 "SAC" "" "PHO" "L" -20 0 21 0.417 0.417 0 19.6 6.9 23.2 2.2 0 0 20.4 108 121 7.2 -1.8
"47" "47" 1993-03-11 29.66 "SAC" "" "MIN" "W" 14 1 35 0.485 0.357 0 21.7 8.8 14.1 2.8 0 14.6 23.6 96 97 10.5 -5.6
"48" "48" 1993-03-13 29.67 "SAC" "" "DAL" "W" 28 1 31 0.573 0.55 0 4.2 2.1 33.2 3 0 31.4 25.2 92 93 10.3 -4
"49" "49" 1993-03-16 29.67 "SAC" "" "DET" "L" -3 1 38 0.51 0.469 3 3 3 34.3 1.3 0 13.9 24.8 107 124 13.9 -1.5
"50" "50" 1993-03-18 29.68 "SAC" "@" "SEA" "L" -20 1 28 0.417 0.417 3.1 4.3 3.6 29.9 1.7 0 7.7 17.2 112 136 8.8 -3.8
"51" "51" 1993-03-19 29.68 "SAC" "" "GSW" "L" -12 1 45 0.59 0.5 2.2 0 1.2 20.9 1.1 1.6 19.1 18.3 112 120 13.1 -2.7
"52" "52" 1993-03-23 29.69 "SAC" "" "LAC" "W" 17 1 47 0.731 0.667 2.9 4.5 3.8 44.8 4.1 1.2 13.1 20.8 148 106 36.2 12.6
"53" "53" 1993-03-25 29.7 "SAC" "" "POR" "L" -2 1 44 0.441 0.25 0 16.1 7.5 36.3 5.6 0 12.8 21.7 104 98 18 4.5
"54" "54" 1993-03-27 29.7 "SAC" "" "MIL" "L" -20 1 33 0.658 0.563 0 6.8 3.2 33.1 5.8 0 32 19 103 121 14 -0.2
"55" "55" 1993-03-29 29.71 "SAC" "@" "BOS" "L" -21 1 26 0.202 0.111 0 4 1.9 31.5 1.9 0 0 16.1 70 114 3.6 -6.7
"56" "56" 1993-03-30 29.71 "SAC" "@" "NYK" "L" -22 1 36 0.74 0.6 0 10 4.6 35.9 1.3 0 37.2 13.1 103 112 9.7 -2.5
"57" "57" 1993-04-01 29.72 "SAC" "@" "WSB" "W" 20 1 39 0.881 0.857 3.2 2.5 2.8 30.3 1.2 0 11.5 19.2 163 107 26.4 9.4
"58" "58" 1993-04-02 29.72 "SAC" "@" "DET" "L" -9 1 30 0.505 0.458 0 10.2 5.2 22.1 1.6 0 28 25.2 80 113 6.3 -7
"59" "59" 1993-04-04 29.73 "SAC" "@" "PHI" "L" -10 1 37 0.417 0.417 2.6 6.2 4.3 7.5 1.4 0 20 16.6 78 122 3.1 -12.1
"60" "60" 1993-04-06 29.73 "SAC" "" "DEN" "L" -1 1 41 0.521 0.559 0 5.7 2.8 34.1 4.5 1.5 20.7 24.4 92 95 15.6 3.4
"61" "61" 1993-04-08 29.74 "SAC" "" "PHO" "L" -9 1 36 0.476 0.406 2.6 3.3 2.9 30.5 2.6 0 16.7 26.8 98 123 12 -3.1
"62" "62" 1993-04-09 29.74 "SAC" "@" "SEA" "L" -14 1 28 0.481 0.429 0 4.5 2.5 38.9 0 0 37.5 20.9 83 122 3.3 -8.2
"63" "63" 1993-04-13 29.75 "SAC" "" "SAS" "L" -10 1 26 0.478 0.333 0 19.4 8.4 24.9 0 0 6.4 25.5 105 112 9.4 -4.2
"64" "64" 1993-04-16 29.76 "SAC" "@" "SAS" "W" 7 1 24 0.359 0.25 0 19.5 10.4 29.4 2.1 0 17 22.6 82 97 5.5 -4.2
"65" "65" 1993-04-17 29.76 "SAC" "@" "DAL" "W" 1 1 46 0.644 0.594 2.5 15.1 9.6 33.9 0 0 17.7 22.8 118 106 19.8 -0.2
"66" "66" 1993-04-20 29.77 "SAC" "" "UTA" "W" 9 1 34 0.682 0.591 0 3.3 1.6 25.6 2.8 0 0 16 149 92 17.3 9.7
"67" "67" 1993-04-21 29.77 "SAC" "@" "GSW" "L" -27 1 35 0.576 0.558 0 0 0 17.3 0 0 6.3 31.2 113 123 19.1 2.9
"68" "68" 1993-04-23 29.78 "SAC" "" "POR" "L" -4 1 19 0.385 0.385 5.3 4.1 4.6 0 2.5 0 13.3 32.3 71 114 2.1 -13.2
"69" "69" 1993-04-24 29.78 "SAC" "@" "LAL" "L" -18 1 28 0.607 0.556 0 3.6 1.8 24 1.7 0 4.8 29.8 124 123 16.9 4.3
"1" "1" 1993-11-05 30.32 "SAC" "" "DEN" "W" 9 0 24 0.684 0.571 0 18.9 10.9 38.9 0 0 0 19.9 156 102 17.3 10.8
"2" "2" 1993-11-07 30.32 "SAC" "@" "PHO" "L" -22 0 25 0.529 0.529 7.8 4.4 6.2 36.3 0 2.1 10.5 29.7 108 124 14.3 3.5
"3" "3" 1993-11-10 30.33 "SAC" "" "LAL" "W" 11 0 24 0.563 0.5 4.9 11.8 8.7 41 6.4 0 10.1 17.9 129 98 14.4 10.1
"4" "4" 1993-11-12 30.33 "SAC" "" "SAS" "W" 2 0 24 0.468 0.4 5 20.5 12.7 32 2.4 0 0 24.1 115 103 10.5 4
"5" "5" 1993-11-14 30.34 "SAC" "@" "NJN" "L" -30 0 24 0.427 0.417 4.2 4.8 4.4 12.1 3.9 0 13.4 26.4 82 127 6.6 -6
"6" "6" 1993-11-16 30.35 "SAC" "@" "ATL" "L" -23 0 23 0.446 0.333 0 11.8 6.5 49.5 2.1 0 15.2 24 100 116 8.8 0.8
"7" "7" 1993-11-17 30.35 "SAC" "@" "CHH" "L" -17 0 29 0.482 0.458 0 16 5.9 18 0 0 0 16.2 118 130 9.3 -4.6
"8" "8" 1993-11-19 30.35 "SAC" "@" "MIN" "L" -5 0 12 0.116 0 0 0 0 20.5 7.7 5.8 18.8 17.3 42 96 0.8 -4.4
"9" "9" 1993-11-26 30.37 "SAC" "" "HOU" "L" -3 0 24 0.636 0.611 0 5 2.3 8.3 2.2 0 9.6 19.5 115 103 6.7 0.6
"10" "10" 1993-11-28 30.38 "SAC" "@" "POR" "L" -11 0 24 0.721 0.643 0 4.3 2.2 12.1 2.1 0 10.7 16.5 143 129 9.6 1.5
"11" "11" 1993-11-29 30.38 "SAC" "" "IND" "L" -2 0 24 0.352 0.2 25.5 13 19.4 51.4 4.1 0 19 17.7 106 105 12.7 7.6
"12" "12" 1993-12-01 30.39 "SAC" "" "MIN" "L" -10 0 29 0.601 0.556 0 10 4 17.9 3.3 0 25.6 22.3 96 111 8.8 -2.5
"13" "13" 1993-12-04 30.39 "SAC" "@" "NYK" "L" -22 0 22 0.41 0.25 4.8 8.6 6.8 36.7 0 0 17 23 94 126 5.9 -5
"14" "14" 1993-12-07 30.4 "SAC" "@" "IND" "L" -18 0 30 0.612 0.577 0 8 3.7 36 5.1 2.1 22.4 26.4 100 107 13.8 7.5
"15" "15" 1993-12-08 30.41 "SAC" "@" "BOS" "L" -14 0 19 0.727 0.667 0 6.2 2.7 21.7 0 0 0 14 160 132 9.4 0.3
"16" "16" 1993-12-10 30.41 "SAC" "@" "PHI" "W" 6 0 24 0.916 0.8 0 9.1 4.7 18.2 0 0 34.4 19.7 120 112 10.4 -1.1
"17" "17" 1993-12-12 30.42 "SAC" "" "LAC" "L" -10 0 29 0.317 0.286 0 4.4 1.8 18 1.6 0 20.2 13.1 72 115 1.4 -12.4
"18" "18" 1993-12-15 30.42 "SAC" "" "MIL" "L" -1 1 41 0.559 0.5 0 20.1 8.6 27.3 1.2 1.9 16.5 17.7 113 101 14.1 2.9
"19" "19" 1993-12-17 30.43 "SAC" "" "GSW" "L" -15 1 24 0.269 0.286 0 4.3 2 54.5 1.9 2.5 0 12.3 96 105 7 2.4
"20" "20" 1993-12-19 30.44 "SAC" "" "ORL" "L" -6 1 37 0.597 0.6 0 6.7 3.2 24.7 1.3 0 8.4 14.4 114 101 11.7 -0.8
"21" "21" 1993-12-23 30.45 "SAC" "" "WSB" "W" 26 1 26 0.3 0.3 0 0 0 26.1 1.9 0 9.1 18.3 81 95 4 -8.4
"22" "22" 1993-12-26 30.45 "SAC" "@" "MIA" "L" -14 1 28 0.667 0.667 4.4 4.1 4.2 20.4 1.9 0 0 4.7 168 120 6.7 0.2
"23" "23" 1993-12-27 30.46 "SAC" "@" "ORL" "L" -12 1 39 0.45 0.375 2.7 5.6 4.1 34.6 1.3 0 10.1 21.7 110 130 13.3 -4.5
"24" "24" 1993-12-29 30.46 "SAC" "@" "WSB" "W" 6 1 34 0.676 0.625 0 4.3 1.7 20.2 0 2.5 10.1 11.9 133 103 11.1 -0.7
"25" "25" 1993-12-30 30.47 "SAC" "@" "DET" "W" 6 1 39 0.608 0.5 0 13.9 8.2 32.7 1.4 0 14.8 17.5 123 100 14.8 2.3
"26" "26" 1994-01-02 30.47 "SAC" "" "DAL" "W" 3 1 33 0.611 0.611 0 15.3 8.1 25 2.8 0 18.2 14.2 115 109 12.8 -0.4
"27" "27" 1994-01-04 30.48 "SAC" "@" "GSW" "L" -3 1 30 1.206 1.214 0 17 9.8 35.2 1.6 0 33.7 16.8 144 110 17.9 9.6
"28" "28" 1994-01-05 30.48 "SAC" "" "LAL" "W" 8 1 41 0.531 0.5 0 4.5 2.5 32.9 3.7 1.4 9.2 23.1 115 104 17.9 3.6
"29" "29" 1994-01-08 30.49 "SAC" "@" "DEN" "L" -6 1 38 0.387 0.167 0 7.2 4.3 11.9 0 3.4 11.4 10.7 86 111 4 -6.9
"30" "30" 1994-01-11 30.5 "SAC" "" "MIA" "W" 8 1 37 0.563 0.5 0 8.3 4.5 14.9 0 0 0 10.7 139 110 8.1 -4.2
"31" "31" 1994-01-13 30.5 "SAC" "" "CHH" "W" 11 1 37 0.739 0.714 2.8 0 1.4 30.3 0 0 11.8 9.2 151 110 13.6 1.9
"32" "32" 1994-01-15 30.51 "SAC" "" "PHO" "L" -16 1 35 0.519 0.429 0 13.1 7 44.5 0 0 23.7 16.3 110 129 10.6 -2.8
"33" "33" 1994-01-19 30.52 "SAC" "" "SEA" "L" -19 1 25 0.307 0.25 0 14.8 6.9 37.1 0 0 0 8.3 107 120 4.9 -5.2
"34" "34" 1994-01-21 30.53 "SAC" "@" "UTA" "L" -29 1 24 0.4 0.4 0 0 0 26.7 0 0 37.5 15.1 66 127 -0.1 -12.4
"35" "35" 1994-01-22 30.53 "SAC" "" "CLE" "L" -10 1 44 0.935 0.9 0 8 3.7 25.9 1.2 1.4 20.3 15.1 144 122 21.5 6
"36" "36" 1994-01-25 30.54 "SAC" "@" "SAS" "L" -16 1 29 0.717 0.625 0 7 3.6 31.3 0 0 29.1 11 118 116 7 -3.1
"37" "37" 1994-01-27 30.54 "SAC" "@" "HOU" "L" -16 1 25 0.462 0.462 3.6 18.3 10.1 39.1 1.9 0 0 21.7 112 114 10.8 0.7
"38" "38" 1994-01-29 30.55 "SAC" "@" "DAL" "L" -7 1 40 0.582 0.542 3.5 6 4.9 34 1.3 0 18.9 18 118 120 14.2 0.5
"39" "39" 1994-02-01 30.56 "SAC" "" "POR" "W" 5 1 38 0.558 0.556 0 8.8 4.5 30.7 0 1.6 35.8 18.2 83 102 6.5 -3.8
"40" "40" 1994-02-04 30.56 "SAC" "" "DEN" "L" -25 1 30 0.564 0.375 3.1 20.5 10.7 17 0 0 15.8 16.6 111 109 8.3 -2.7
"41" "41" 1994-02-05 30.57 "SAC" "@" "LAC" "L" -12 1 40 0.553 0.553 0 11.2 5.3 26.7 4.6 0 16.8 23.7 103 113 18.7 1.2
"42" "42" 1994-02-08 30.58 "SAC" "@" "POR" "L" -24 1 36 0.423 0.25 0 3.3 1.5 18.9 5.2 1.6 15.8 13.5 93 116 9.9 -0.8
"43" "43" 1994-02-09 30.58 "SAC" "" "LAC" "W" 10 1 41 0.556 0.45 7.5 2.7 5.1 38.7 3.7 0 6.1 17.1 138 104 21.6 8.2
"44" "44" 1994-02-10 30.58 "SAC" "@" "LAL" "W" 19 1 34 0.698 0.643 0 5.4 3.1 23.3 1.5 0 11.3 11.3 140 95 11.7 2
"45" "45" 1994-02-15 30.59 "SAC" "@" "GSW" "L" -10 1 24 0.125 0.125 0 5 2.3 18.6 0 0 20 16.6 42 122 -3.3 -20.2
"46" "46" 1994-02-16 30.6 "SAC" "" "PHI" "W" 2 1 40 0.3 0.3 5 2.7 3.9 18.9 1.3 0 23.1 14.4 71 98 2.6 -9
"47" "47" 1994-02-18 30.6 "SAC" "" "UTA" "W" 9 1 34 0.182 0.182 0 7.2 3.9 23.4 1.5 0 21.4 17.5 42 89 -2 -10.5
"48" "48" 1994-02-21 30.61 "SAC" "@" "PHO" "L" -26 1 26 0.615 0.625 0 5.1 2 35.4 0 2.5 17 9.1 119 119 6.6 -4.1
"49" "49" 1994-02-22 30.61 "SAC" "" "BOS" "W" 2 1 43 0.666 0.591 2.7 7.6 5.2 28.6 2.4 0 13.6 16.1 128 101 16.6 3.7
"50" "50" 1994-02-24 30.62 "SAC" "" "LAL" "W" 12 1 36 0.143 0.143 3.5 17 11 26.9 2.9 0 12.5 9.7 87 94 5.4 -2.1
"51" "51" 1994-02-25 30.62 "SAC" "@" "LAC" "L" -10 1 44 0.477 0.444 4.2 5.1 4.6 27.8 1.1 0 5 17.8 125 127 14.9 -1.5
"52" "52" 1994-03-01 30.63 "SAC" "" "NYK" "L" -12 1 38 0.606 0.5 0 3.2 1.5 35.8 4.1 2.1 27.5 22.2 98 108 12.2 3.3
"53" "53" 1994-03-05 30.64 "SAC" "@" "SEA" "L" -16 1 31 0.75 0.75 3.9 10 6.5 6.6 0 2.1 12.5 23.1 126 131 15.1 3.3
"54" "54" 1994-03-06 30.65 "SAC" "" "SEA" "L" -17 1 30 0.545 0.545 3.4 4.8 4 24.7 3.3 2.2 26.7 21.4 82 106 7.3 -1
"55" "55" 1994-03-08 30.65 "SAC" "@" "CLE" "L" -21 1 38 0.607 0.556 2.6 0 1.4 44.3 3 1.6 9.2 13.5 132 124 15.6 6.5
"56" "56" 1994-03-09 30.65 "SAC" "@" "MIN" "W" 8 1 33 0.336 0.286 0 10.1 5.1 51.2 3.3 0 0 10.1 127 109 11.8 1.1
"57" "57" 1994-03-11 30.66 "SAC" "@" "MIL" "W" 8 1 29 0.405 0.333 3.3 9.2 5.8 17.9 0 0 23.3 17.5 92 113 2 -12.2
"58" "58" 1994-03-12 30.66 "SAC" "@" "CHI" "L" -17 1 32 0.506 0.5 3.8 0 1.8 27.8 3.3 0 9.2 15.4 115 122 9.7 2
"59" "59" 1994-03-14 30.67 "SAC" "" "DET" "L" -6 1 32 0.61 0.538 0 10.7 5.1 36.8 0 0 6.3 20.6 132 117 14.9 1.6
"60" "60" 1994-03-16 30.67 "SAC" "" "NJN" "W" 21 1 29 0.713 0.643 0 6.5 3.5 35.2 0 0 0 14.4 172 118 17 7.6
"61" "61" 1994-03-18 30.68 "SAC" "@" "DEN" "W" 12 1 40 0.6 0.6 2.9 7.8 5.5 39.5 3.7 3.7 11.8 17.8 134 103 21.2 11.9
"62" "62" 1994-03-19 30.68 "SAC" "@" "SAS" "L" -7 1 36 0.615 0.5 0 6.3 3.3 47.3 3 0 12 22.4 129 121 19.9 6.9
"63" "63" 1994-03-22 30.69 "SAC" "" "POR" "L" -2 1 37 0.511 0.444 0 10.4 5.6 52.2 0 0 31.7 18.3 92 105 8.9 -1.8
"64" "64" 1994-03-24 30.7 "SAC" "" "SAS" "L" -16 1 26 0.381 0.286 3.7 0 2.3 40.6 2 0 20.2 16.9 89 119 5 -4.2
"65" "65" 1994-03-25 30.7 "SAC" "@" "POR" "L" -9 1 30 0.714 0.714 0 5.9 3.1 53.3 1.6 0 0 9.7 161 104 12.7 6.1
"66" "66" 1994-03-29 30.71 "SAC" "" "HOU" "L" -21 1 33 0.437 0.429 0 8.1 3.5 24.8 1.5 0 16.8 23.2 85 128 6.5 -7.4
"67" "67" 1994-03-31 30.72 "SAC" "" "ATL" "L" -4 1 38 0.545 0.5 0 2.8 1.3 23.2 0 0 12.7 16.3 109 108 9.9 -0.8
"68" "68" 1994-04-02 30.72 "SAC" "" "MIN" "W" 15 1 39 0.658 0.563 0 10 4.1 29.8 2.4 0 27.3 14.4 111 89 12.9 1.3
"69" "69" 1994-04-05 30.73 "SAC" "" "DAL" "L" -8 1 39 0.286 0.214 9.5 8.2 8.9 51.5 1.4 0 16 20.6 82 100 8.6 -0.7
"70" "70" 1994-04-06 30.73 "SAC" "@" "LAL" "L" -5 1 48 0.693 0.675 0 0 0 38.1 2.1 1.3 14.8 24.7 133 125 27.9 6
"71" "71" 1994-04-08 30.74 "SAC" "" "PHO" "W" 3 1 38 0.486 0.333 0 5.6 2.9 50.2 2.7 0 13.9 23.3 117 109 17 4
"72" "72" 1994-04-11 30.75 "SAC" "" "LAC" "W" 21 1 30 0.335 0.308 0 16 9.1 26.9 4.7 0 27.1 22.9 77 90 5.8 -8.6
"73" "73" 1994-04-12 30.75 "SAC" "@" "UTA" "L" -35 1 24 0.571 0.571 3.8 5.9 4.7 61.5 2 2.6 30 16.6 108 122 8.4 4.3
"74" "74" 1994-04-14 30.75 "SAC" "@" "HOU" "L" -5 1 43 0.566 0.526 0 9.8 3.9 41.9 3.5 0 19.7 23.7 111 109 19 4.3
"75" "75" 1994-04-16 30.76 "SAC" "@" "DAL" "W" 8 1 41 0.781 0.75 0 5.7 3.2 32.2 1.3 1.5 5.7 21.7 155 112 25.2 9.8
"76" "76" 1994-04-19 30.77 "SAC" "" "UTA" "L" -7 1 46 0.625 0.528 0 3.1 1.5 25.5 0 0 11.8 24.8 125 129 18.8 1.7
"77" "77" 1994-04-21 30.77 "SAC" "@" "GSW" "L" -25 1 30 0.5 0.5 0 0 0 45 4.5 0 20 19.4 98 114 10.7 1.7
"78" "78" 1994-04-23 30.78 "SAC" "@" "PHO" "L" -1 1 39 0.693 0.65 4.6 12.1 8.3 38.7 0 0 14.8 27.9 129 107 25.3 10
"79" "79" 1994-04-24 30.78 "SAC" "" "GSW" "W" 8 1 36 0.507 0.477 7.7 5.1 6.4 32.6 2.6 1.7 19.6 31.9 98 97 17.1 4.5
"1" "1" 1994-11-04 31.31 "SAC" "" "PHO" "W" 18 1 18 0.625 0.625 5.8 5.6 5.7 18.6 0 0 27.3 25 98 102 5.8 -2.3
"2" "2" 1994-11-09 31.33 "SAC" "@" "SEA" "W" 8 1 29 0.644 0.5 4.9 7.9 6.5 33.1 1.7 0 0 11.6 169 109 13 6
"3" "3" 1994-11-10 31.33 "SAC" "" "POR" "L" -20 1 28 0.375 0.375 0 9 4 31.4 1.9 0 11.1 13.9 84 116 5 -3.4
"4" "4" 1994-11-12 31.33 "SAC" "" "ATL" "W" 8 1 35 0.618 0.542 3.5 3.8 3.7 49 0 0 0 17.6 157 116 18.9 9.4
"5" "5" 1994-11-15 31.34 "SAC" "@" "HOU" "L" -6 1 33 0.446 0.364 0 6.2 3 26.3 2.9 0 7.5 16.5 110 108 8.7 -2.2
"6" "6" 1994-11-17 31.35 "SAC" "@" "DAL" "L" -2 1 30 0.35 0.318 4.3 11.7 8.2 29.8 1.8 0 34.4 26 67 105 1.1 -11.4
"7" "7" 1994-11-23 31.36 "SAC" "" "NJN" "L" -5 1 28 0.571 0.5 0 4.1 1.9 32.6 0 0 11.3 13.4 128 119 9.1 0.1
"8" "8" 1994-11-25 31.37 "SAC" "" "DEN" "W" 3 1 20 0.25 0.25 0 7.4 3.5 40.4 0 0 50 18.3 59 109 -1.1 -15.8
"9" "9" 1994-11-27 31.38 "SAC" "" "UTA" "L" -5 1 31 0.545 0.545 0 9.7 4 36.8 1.8 0 21.4 20.7 101 113 7.1 -2.9
"10" "10" 1994-11-29 31.38 "SAC" "@" "MIA" "W" 5 1 29 0.714 0.714 5.2 8.7 7.1 28.8 0 0 30 17.6 114 112 8.5 -0.1
"11" "11" 1994-11-30 31.38 "SAC" "@" "ORL" "L" -7 1 24 0.554 0.4 0 8.7 4.9 26.3 4 0 24 14.1 111 111 8 1.5
"12" "12" 1994-12-02 31.39 "SAC" "@" "PHI" "L" -3 1 29 0.82 0.75 4.9 4.1 4.5 32.7 1.9 0 12 13 164 114 13.8 7.8
"13" "13" 1994-12-03 31.39 "SAC" "@" "NJN" "W" 5 1 41 0.477 0.444 0 10.2 5.4 26.2 2.7 0 17.5 13.5 102 102 10 0.1
"14" "14" 1994-12-06 31.4 "SAC" "" "MIL" "W" 13 1 39 0.587 0.455 0 2.7 1.5 30 1.3 0 18 18.1 116 104 13.4 0.5
"15" "15" 1994-12-08 31.41 "SAC" "" "SEA" "W" 12 1 38 0.644 0.545 0 5.3 2.8 37 3.9 0 7 15.7 146 94 19.8 10.7
"16" "16" 1994-12-10 31.41 "SAC" "" "GSW" "W" 12 1 32 0.313 0.313 0 6.4 3.6 25 0 0 20 14.1 84 108 2.6 -7.8
"17" "17" 1994-12-11 31.41 "SAC" "@" "POR" "L" -5 1 29 0.85 0.8 8.3 4.9 6.7 14.8 0 0 25.4 11.8 128 108 7.6 0.1
"18" "18" 1994-12-13 31.42 "SAC" "@" "GSW" "W" 5 1 40 0.542 0.542 0 9 4.5 17.8 2.7 0 14.3 15.6 107 117 10.2 -2.9
"19" "19" 1994-12-15 31.42 "SAC" "" "NYK" "L" -10 1 41 0.46 0.45 2.7 3.3 2.9 4.1 2.7 0 8.4 14 96 109 6.1 -2.5
"20" "20" 1994-12-17 31.43 "SAC" "@" "PHO" "L" -11 1 28 0.901 0.875 0 17.1 9 43.3 5.2 0 25.3 18.6 133 105 18.9 13.3
"21" "21" 1994-12-20 31.44 "SAC" "" "WSB" "W" 3 1 39 0.514 0.4 2.9 7.5 5.4 28.9 1.3 0 19.2 17.7 109 111 12 -2.3
"22" "22" 1994-12-22 31.44 "SAC" "" "MIN" "W" 20 1 21 0.833 0.833 0 11.7 5.4 23.8 2.3 0 25 8 135 94 7.1 3
"23" "23" 1994-12-23 31.45 "SAC" "@" "LAL" "L" -11 1 33 0.363 0.333 0 9.9 4.7 33.8 4.8 0 22.5 11.3 91 105 6.8 0.1
"24" "24" 1994-12-26 31.45 "SAC" "@" "SEA" "L" -20 1 25 0.396 0.2 4.2 4.4 4.3 31.9 0 0 13.7 11.5 115 128 5.3 -5.1
"25" "25" 1994-12-27 31.46 "SAC" "" "POR" "W" 1 1 31 0.563 0.5 4.2 15.8 10.8 45.1 0 2.1 25.3 17.4 116 111 11.6 1.9
"26" "26" 1994-12-30 31.47 "SAC" "" "PHI" "W" 3 1 35 0.421 0.364 0 3 1.6 48.4 0 0 25.2 20.4 88 97 6.1 -3.6
"27" "27" 1995-01-03 31.48 "SAC" "" "PHO" "L" -8 1 35 0.537 0.382 0 5.6 2.9 16.6 2.7 0 4.5 25.7 126 109 16.8 6
"28" "28" 1995-01-05 31.48 "SAC" "" "DET" "W" 6 1 30 0.37 0.2 4.1 6.7 5.5 22.5 0 0 30.7 14.6 81 106 1.8 -9.7
"29" "29" 1995-01-07 31.49 "SAC" "" "MIA" "W" 1 1 34 0.732 0.583 0 0 0 47.4 0 0 37.9 19.9 112 115 9.8 -2.6
"30" "30" 1995-01-10 31.5 "SAC" "@" "MIN" "W" 13 1 33 0.685 0.571 3.6 0 1.8 16.1 0 0 18.6 14.6 129 108 8.7 -2.9
"31" "31" 1995-01-11 31.5 "SAC" "@" "MIL" "L" -9 1 28 0.423 0.423 0 0 0 27 3.7 0 18.8 24.2 87 109 4.5 -3.5
"32" "32" 1995-01-13 31.5 "SAC" "@" "CHI" "W" 10 1 37 0.381 0.286 0 9.7 4.9 38.8 7.2 0 38.8 16 78 82 9.4 2.5
"33" "33" 1995-01-15 31.51 "SAC" "@" "BOS" "L" -1 1 43 0.48 0.412 2.7 13 7.9 27.7 1.3 0 5.1 20 122 112 15.2 2.4
"34" "34" 1995-01-17 31.52 "SAC" "" "POR" "W" 7 1 41 0.639 0.444 0 4.7 2.6 29.9 1.3 1.6 13.8 16.2 131 101 16.8 5.8
"35" "35" 1995-01-19 31.52 "SAC" "" "GSW" "W" 9 1 38 0.634 0.583 0 0 0 25.7 1.5 0 6.6 19.6 141 127 15.7 0.4
"36" "36" 1995-01-21 31.53 "SAC" "@" "LAC" "W" 6 1 38 0.658 0.5 0 7.7 4.5 22.6 5.9 0 22 16.9 122 96 14.2 5.2
"37" "37" 1995-01-22 31.53 "SAC" "@" "POR" "L" -16 1 28 1.23 1.25 0 6.1 3.6 46.5 1.9 0 17 10.2 197 116 14.8 10.9
"38" "38" 1995-01-24 31.53 "SAC" "" "DAL" "W" 1 1 41 0.437 0.382 2.9 10.7 6.9 22.6 1.4 0 0 21.7 115 108 13.6 0.7
"39" "39" 1995-01-25 31.54 "SAC" "@" "UTA" "L" -42 1 20 0.405 0.333 0 7.1 3 50.4 0 0 9.2 24.3 96 140 5.3 -4.7
"40" "40" 1995-01-28 31.55 "SAC" "@" "DAL" "W" 3 1 35 0.588 0.545 0 5.8 3 38.8 1.5 0 28.2 22.6 97 99 10 -0.6
"41" "41" 1995-01-31 31.55 "SAC" "" "SAS" "L" -1 1 35 0.658 0.611 0 13.1 6.2 42.4 3 0 0 12.9 156 105 17.8 11.4
"42" "42" 1995-02-02 31.56 "SAC" "" "CHI" "W" 20 1 32 0.81 0.667 0 15.6 9.3 37.5 3.6 0 10.4 14.7 165 78 17.7 16.8
"43" "43" 1995-02-04 31.56 "SAC" "@" "SAS" "L" -1 1 33 0.441 0.375 0 3.4 1.8 35.7 3.2 0 32.9 21.4 84 108 7.4 -1
"44" "44" 1995-02-08 31.58 "SAC" "" "HOU" "L" -11 1 30 0.437 0.409 3.6 8.2 5.7 28 0 0 14.9 20.7 90 114 6.3 -3.1
"45" "45" 1995-02-14 31.59 "SAC" "" "BOS" "W" 7 1 32 0.573 0.45 0 0 0 38.7 0 0 18.7 21.4 115 115 10.2 -1.7
"46" "46" 1995-02-16 31.6 "SAC" "" "LAL" "W" 16 1 31 0.389 0.389 3 3.2 3.1 30.7 1.6 0 25 15.5 89 94 5.4 -3.6
"47" "47" 1995-02-18 31.6 "SAC" "" "LAC" "W" 17 1 24 0.5 0.5 0 8.9 4.7 35.9 0 0 12.5 13.8 126 102 7.4 -2.4
"48" "48" 1995-02-20 31.61 "SAC" "@" "DET" "L" -6 1 41 0.865 0.846 0 15 7.1 37.3 0 0 22.4 19.5 137 112 22 6.6
"49" "49" 1995-02-22 31.61 "SAC" "@" "CHH" "L" -11 1 27 0.615 0.5 0 0 0 32.9 2 0 38.1 12.9 97 117 5.4 -3.5
"50" "50" 1995-02-27 31.63 "SAC" "@" "ATL" "L" -19 1 29 0.417 0.417 0 4.4 2.3 14.3 0 0 45.5 16.6 58 127 -1.8 -14.2
"51" "51" 1995-03-07 31.65 "SAC" "" "UTA" "L" -7 1 17 0.286 0.286 0 7.8 3.7 34.9 2.8 0 22.2 22.2 59 95 1.3 -5.1
"52" "52" 1995-03-09 31.65 "SAC" "" "IND" "L" -15 1 38 0.463 0.222 7 7 7 24.9 0 0 18.8 20.2 107 136 8.8 -7.8
"53" "53" 1995-03-10 31.66 "SAC" "@" "UTA" "L" -17 1 12 0.143 0.143 0 0 0 41.4 0 0 12.5 28.3 53 124 -2.2 -20.2
"54" "54" 1995-03-12 31.66 "SAC" "@" "LAC" "W" 12 1 34 0.689 0.542 0 2.9 1.7 33.2 1.6 0 15.8 26.5 130 110 18.1 6
"55" "55" 1995-03-14 31.67 "SAC" "" "DAL" "L" -1 1 34 0.506 0.5 0 2.8 1.4 38.6 3 1.9 26.9 18.7 93 96 10.5 3.3
"56" "56" 1995-03-16 31.67 "SAC" "@" "DEN" "L" -22 1 28 0.543 0.5 0 0 0 28.7 1.8 0 31.8 14.2 93 135 5.1 -6.1
"57" "57" 1995-03-17 31.68 "SAC" "" "GSW" "W" 18 1 32 0.743 0.667 4.3 0 1.9 27.8 0 0 21.8 18 139 120 14.1 -1.2
"58" "58" 1995-03-19 31.68 "SAC" "@" "LAL" "L" -5 1 35 0.696 0.583 3 18.5 9.9 29.6 1.4 2.6 0 17.7 168 127 21.1 7
"59" "59" 1995-03-20 31.68 "SAC" "" "DEN" "W" 2 1 36 0.431 0.318 3.3 3.6 3.4 29.2 1.6 0 23.9 20.6 96 110 5.8 -3.9
"60" "60" 1995-03-22 31.69 "SAC" "@" "CLE" "L" -12 1 36 0.717 0.688 0 9.8 5.2 39 1.6 2.2 9.3 14.6 149 122 16 8.8
"61" "61" 1995-03-24 31.7 "SAC" "@" "IND" "L" -7 1 33 0.507 0.438 0 7.5 3.7 25.2 1.6 0 25.3 17.5 94 120 7.4 -3.8
"62" "62" 1995-03-26 31.7 "SAC" "@" "MIN" "W" 6 1 37 0.663 0.545 0 12.7 7.3 42.9 1.4 2 30.6 28.5 109 108 15.6 -0.8
"63" "63" 1995-03-28 31.71 "SAC" "" "ORL" "W" 11 1 28 0.41 0.313 4.5 4.3 4.4 31.6 1.8 0 17 19 102 113 5.8 -5.9
"64" "64" 1995-03-30 31.71 "SAC" "" "PHO" "L" -17 1 28 0.335 0.308 0 21.4 10.7 23.5 0 0 0 21.2 93 121 5.4 -6.5
"65" "65" 1995-03-31 31.72 "SAC" "@" "SEA" "L" -25 1 28 0.767 0.625 0 4.6 2.2 6.6 1.8 0 21.3 21.8 121 126 10.4 1
"66" "66" 1995-04-04 31.73 "SAC" "" "HOU" "W" 4 1 35 0.45 0.375 0 6 3.5 23.8 1.5 0 0 16 134 122 9.4 -2.4
"67" "67" 1995-04-06 31.73 "SAC" "" "SAS" "L" -2 1 33 0.597 0.55 3.8 5.5 4.8 22.9 0 0 15.5 18.5 116 114 10.4 0.5
"68" "68" 1995-04-08 31.74 "SAC" "" "LAC" "L" -7 1 42 0.564 0.438 0 7 3 27.1 0 1.9 29.1 15.6 101 124 9.1 -5.7
"69" "69" 1995-04-11 31.75 "SAC" "@" "LAC" "W" 32 1 27 0.607 0.556 0 4 2.5 17.8 0 0 28.8 22.5 108 98 6 -4.3
"70" "70" 1995-04-12 31.75 "SAC" "" "LAL" "W" 10 1 32 0.654 0.583 3.4 3.5 3.4 26.6 3.4 0 22.5 12.1 132 114 11.5 3
"71" "71" 1995-04-14 31.75 "SAC" "@" "SAS" "L" -10 1 39 0.342 0.167 0 8.4 3.9 31.3 2.8 0 12 18.9 85 109 6.6 -1.9
"72" "72" 1995-04-15 31.76 "SAC" "@" "HOU" "L" -14 1 39 0.412 0.357 0 4.7 2.6 19 0 0 24.1 25.1 67 109 2 -10.6
"73" "73" 1995-04-18 31.76 "SAC" "@" "PHO" "L" -10 1 44 0.575 0.385 3.1 3.2 3.2 25 3.4 0 22.3 22.9 106 115 16 -0.5
"74" "74" 1995-04-20 31.77 "SAC" "@" "GSW" "W" 14 1 34 0.825 0.786 0 0 0 38.6 0 2.1 27.6 13.7 135 112 14.1 4
"75" "75" 1995-04-21 31.77 "SAC" "" "SEA" "W" 8 1 39 0.595 0.5 3.7 5.7 4.9 13.6 1.4 0 14.5 16.9 123 115 10.2 -1.4
"76" "76" 1995-04-23 31.78 "SAC" "@" "DEN" "L" -13 1 37 0.568 0.545 3.2 8.9 5.6 28.6 0 0 14.9 17.9 111 125 9.6 -3.2
"1" "1" 1995-11-03 32.31 "ATL" "" "IND" "L" -5 0 12 0.833 0.833 0 0 0 14.8 0 0 0 11.4 174 134 4 0.9
"2" "2" 1995-11-04 32.31 "ATL" "" "ORL" "W" 33 0 22 0.59 0.5 0 10.1 5.5 45.6 0 0 9.7 20.8 141 105 11.4 1.6
"3" "3" 1995-11-06 32.32 "ATL" "@" "UTA" "L" -9 0 21 0.82 0.833 0 6.7 2.9 20.3 2.7 0 12 17.9 147 123 10.7 7.7
"4" "4" 1995-11-08 32.32 "ATL" "@" "LAC" "W" 8 0 16 0.666 0.7 0 0 0 40.9 0 0 22.8 24.6 112 113 5.2 -1.8
"5" "5" 1995-11-09 32.33 "ATL" "@" "GSW" "W" 4 0 12 0.347 0 0 0 0 59.6 0 0 18.8 19.8 122 138 4.4 -5.2
"6" "6" 1995-11-11 32.33 "ATL" "@" "DAL" "W" 13 0 3 0.581 0.667 0 0 0 0 0 0 0 46.9 112 108 1.1 -8.9
"7" "7" 1995-11-14 32.34 "ATL" "" "CHH" "W" 7 0 20 0.945 0.833 6.5 0 3.3 0 0 0 17.4 12.9 168 134 7 -0.9
"8" "8" 1995-11-17 32.35 "ATL" "" "MIA" "L" -3 0 16 0.532 0 0 8.8 4 25.7 3.4 0 34.7 8.5 104 104 2.9 -1.8
"9" "9" 1995-11-19 32.35 "ATL" "@" "SAC" "W" 14 0 12 0.906 1 0 0 0 12.1 4.3 0 42 16.4 106 103 2.8 -3.3
"10" "10" 1995-11-21 32.36 "ATL" "@" "DEN" "L" -8 0 18 0.846 0.75 6.8 12.1 9.6 17.8 0 0 27.3 17.4 132 117 7.3 1.9
"11" "11" 1995-11-22 32.36 "ATL" "@" "PHO" "L" -5 0 22 0.7 0.7 17.1 0 10.9 38.7 0 0 16.7 11.5 159 127 10.2 4.7
"12" "12" 1995-11-25 32.37 "ATL" "" "TOR" "W" 12 0 20 0.436 0.333 0 7.1 3 21.1 2.7 0 30.4 21 83 116 2.6 -11.4
"13" "13" 1995-11-28 32.38 "ATL" "@" "NYK" "W" 5 0 20 1.028 1 0 0 0 10 2.7 0 13.7 16.7 173 107 11.4 13.3
"14" "14" 1995-11-29 32.38 "ATL" "" "PHI" "W" 25 0 18 0.751 0.667 0 5.6 3.3 34 8.7 0 0 18.4 178 81 14.5 20.2
"15" "15" 1995-12-01 32.39 "ATL" "" "DAL" "L" -8 0 22 0.666 0.5 0 0 0 34.5 2.5 0 22.8 17.7 126 123 8 2.8
"16" "16" 1995-12-02 32.39 "ATL" "@" "DET" "L" -8 0 24 0.67 0.65 13.6 4.9 9.4 63.6 0 3 0 20.3 161 123 15.8 15.8
"17" "17" 1995-12-06 32.4 "ATL" "@" "WSB" "L" -17 0 18 0.25 0.25 0 0 0 0 2.8 0 11.1 21.6 51 102 -1.6 -10.4
"18" "18" 1995-12-07 32.4 "ATL" "" "SAS" "L" -2 0 23 0.5 0.5 7.1 5 6.2 35 0 0 14.3 12.2 123 120 7.5 -1.4
"19" "19" 1995-12-09 32.41 "ATL" "" "NYK" "L" -9 0 15 0.546 0.5 7.6 8.4 8 24.1 7.8 0 12 27.4 116 110 6.4 10.8
"20" "20" 1995-12-10 32.41 "ATL" "@" "BOS" "W" 5 0 29 0.697 0.667 0 3.4 1.8 33.4 0 0 8.5 17.6 145 119 13.4 4.3
"21" "21" 1995-12-12 32.42 "ATL" "" "MIN" "L" -7 0 12 0.2 0.2 0 0 0 20 0 0 16.7 25.3 44 112 -1.4 -18.6
"22" "22" 1995-12-14 32.42 "ATL" "" "CHI" "L" -19 0 19 0.125 0.125 0 7.4 3.2 60.9 0 0 11.1 19.4 86 142 3.1 -8.1
"23" "23" 1995-12-16 32.43 "ATL" "" "DEN" "W" 9 0 8 0 0 0 27.9 12.8 51.4 0 0 33.3 16.2 47 94 0.3 -10.4
"24" "24" 1995-12-22 32.44 "ATL" "" "NJN" "W" 3 0 13 0.333 0.333 0 0 0 34.3 0 0 0 9.4 111 107 2 -4.1
"25" "25" 1995-12-23 32.45 "ATL" "@" "MIL" "L" -4 0 20 0.291 0.333 6.2 0 3.3 18.7 0 0 22.5 10.1 86 129 0.5 -14
"26" "26" 1995-12-26 32.45 "ATL" "" "LAC" "W" 6 0 7 0 0 0 18 8.2 0 0 0 0 6.4 0 103 -0.4 -16.2
"27" "27" 1995-12-29 32.46 "ATL" "" "GSW" "L" -21 0 23 0.508 0.429 3.9 13 7.4 35.1 6.7 3.5 27.6 20.3 92 114 8.6 3.5
"28" "28" 1995-12-30 32.47 "ATL" "@" "CHI" "L" -2 0 19 0.75 0.75 0 10.5 5.1 24.1 2.8 0 20 10.8 134 104 6.7 4.5
"29" "29" 1996-01-02 32.47 "ATL" "" "SEA" "L" -23 0 21 0.417 0.2 0 17.6 8.1 20.3 2.4 0 35.7 23 69 117 2.1 -10.7
"30" "30" 1996-01-04 32.48 "ATL" "" "TOR" "W" 3 0 11 0 0 9.8 0 5.7 38 0 0 0 7.8 92 109 0.2 -11.1
"31" "31" 1996-01-06 32.48 "ATL" "@" "CHH" "L" -6 0 20 1.136 NA 0 6.7 3.6 7.3 2.9 0 0 4.5 245 115 6 4.1
"32" "32" 1996-01-09 32.49 "ATL" "" "SAC" "W" 16 0 16 0.6 0.6 0 21.4 10.8 33.3 0 0 16.7 16.2 112 90 5.3 0.7
"33" "33" 1996-01-11 32.5 "ATL" "@" "TOR" "W" 8 0 13 0.5 0.5 9.2 0 4.5 45 4.3 0 33.3 22.7 91 95 3.4 -1
"34" "34" 1996-01-13 32.5 "ATL" "" "BOS" "W" 3 0 9 0.667 0.667 0 0 0 0 0 0 0 15.5 136 129 2.3 -4.9
"35" "35" 1996-01-15 32.51 "ATL" "" "DET" "W" 8 0 21 0.786 0.786 6.7 0 2.9 8.9 2.7 0 12.5 17.4 146 109 9.5 9.7
"36" "36" 1996-01-17 32.52 "ATL" "" "IND" "W" 9 0 19 0.571 0.5 0 15.8 8 27.6 0 0 11.3 22.8 130 117 6.6 -0.6
"37" "37" 1996-01-19 32.52 "ATL" "@" "PHI" "W" 5 0 19 0.333 0.333 0 16.8 8.5 27.1 0 0 14.3 17.8 79 96 2.6 -10.5
"38" "38" 1996-01-20 32.52 "ATL" "" "MIA" "W" 20 0 19 1 1 0 12 6.2 23.7 5.6 0 33.3 7.4 140 83 7.1 7.7
"39" "39" 1996-01-22 32.53 "ATL" "" "HOU" "W" 9 0 5 NA NA 0 0 0 0 0 0 NA 0 0 112 -0.4 -15.1
"40" "40" 1996-01-23 32.53 "ATL" "@" "CLE" "W" 12 0 9 0 0 0 0 0 0 0 0 33.3 18.8 0 102 -3.2 -27.5
"41" "41" 1996-01-26 32.54 "ATL" "" "ORL" "W" 12 0 13 0.478 0.417 0 0 0 12.5 0 0 12 30.1 97 111 1.7 -10.8
"42" "42" 1996-01-30 32.55 "ATL" "@" "IND" "L" -17 0 19 0.926 0.917 5.6 0 3.2 55 2.8 0 10.4 22.1 173 121 16.5 21.6
"43" "43" 1996-01-31 32.55 "ATL" "" "PHO" "L" -36 0 20 0.435 0.286 0 7.7 3 23.8 2.6 0 9.8 23 96 132 5.5 -3.5
"44" "44" 1996-02-02 32.56 "ATL" "@" "ORL" "L" -13 0 17 0.761 0.714 6.1 7.1 6.6 10.2 3.2 0 11.3 23 143 118 9.6 12.4
"45" "45" 1996-02-04 32.56 "ATL" "" "CHH" "W" 2 0 4 0 NA 0 0 0 0 0 0 69.4 16.1 0 124 -1.8 -33.2
"46" "46" 1996-02-07 32.57 "ATL" "@" "MIA" "L" -12 0 13 0 0 0 10.3 4.5 49.2 0 0 50 6.8 71 120 1 -7.3
"47" "47" 1996-02-08 32.58 "ATL" "" "WSB" "W" 6 0 15 0.694 0.5 0 14.9 7.8 20.8 3.8 0 25.8 12.2 121 104 4.6 1.9
"48" "48" 1996-02-14 32.59 "ATL" "@" "LAL" "L" -1 0 14 0.5 0.5 0 9 3.5 12.6 3.8 0 0 11.6 122 96 3.6 1.2
"49" "49" 1996-02-16 32.6 "ATL" "@" "VAN" "W" 10 0 14 0.694 0.5 0 0 0 23.1 0 0 10.4 31.9 138 117 9.4 0.9
"50" "50" 1996-02-18 32.6 "ATL" "@" "POR" "W" 3 0 6 0 0 0 0 0 0 0 0 0 16.1 0 111 -1.8 -23.6
"51" "51" 1996-02-19 32.61 "ATL" "@" "SEA" "L" -8 0 16 0.205 0 0 10.3 4.3 26.5 0 0 29.1 10 73 121 0.6 -9.9
"52" "52" 1996-02-25 32.62 "MIN" "" "ATL" "L" -16 0 13 0.466 0.417 0 0 0 59.5 0 0 0 23.6 115 124 4.3 4
"53" "53" 1996-02-27 32.63 "MIN" "@" "CHI" "L" -21 0 11 0.5 0.5 0 0 0 27.9 0 0 20 20.1 94 136 2.4 -6
"54" "54" 1996-02-28 32.63 "MIN" "" "PHO" "L" -24 0 24 0.557 0.5 0 6.9 2.7 30.8 2.1 0 0 17.6 134 123 10 4.9
"55" "55" 1996-03-01 32.64 "MIN" "" "CHH" "W" 4 1 23 0.654 0.4 0 9.9 5.5 43.2 2.3 0 20.7 19.5 132 112 11.8 6.7
"56" "56" 1996-03-03 32.64 "MIN" "" "MIA" "W" 2 1 32 0.658 0.333 0 0 0 38.1 0 0 33 12.3 114 104 6.5 -3.3
"57" "57" 1996-03-05 32.65 "MIN" "@" "MIA" "L" -41 1 23 0.656 0.6 0 16.5 7.1 26.8 0 0 24.7 30.7 99 117 8.1 2.1
"58" "58" 1996-03-06 32.65 "MIN" "@" "PHI" "W" 13 1 43 0.516 0.529 0 2.1 1.1 35 2.4 0 10.3 20.4 114 103 16.1 0.1
"59" "59" 1996-03-08 32.65 "MIN" "" "SEA" "L" -20 1 21 0.833 0.833 0 6.9 3.1 50.2 0 0 33.3 17.7 119 129 8.4 -2.3
"60" "60" 1996-03-10 32.66 "MIN" "" "UTA" "L" -8 1 35 0.645 0.409 3.2 11.7 7.6 22.4 2.9 0 10.9 22.6 131 110 19.2 8.7
"61" "61" 1996-03-13 32.67 "MIN" "" "NYK" "L" -24 1 23 0.478 0.333 0 0 0 37.5 4.6 0 21.5 17.7 94 115 6.3 -2.4
"62" "62" 1996-03-15 32.67 "MIN" "" "SAC" "W" 26 1 25 0.564 0.5 0 14 7.9 73.8 3.9 0 23.5 22.9 117 88 14.5 8.7
"63" "63" 1996-03-17 32.68 "MIN" "" "VAN" "W" 5 1 25 0.118 0.125 0 0 0 52.2 2.1 0 26.2 21.9 55 97 0.3 -12.4
"64" "64" 1996-03-22 32.69 "MIN" "@" "DAL" "W" 26 1 26 0.25 0.25 3.8 7.9 6.3 22.3 1.8 5.2 16.7 18.3 74 88 4.3 -3.2
"65" "65" 1996-03-23 32.7 "MIN" "@" "HOU" "W" 5 1 32 0.715 0.682 3.5 0 1.8 36.4 1.6 0 14.4 19.5 136 119 16.2 6.4
"66" "66" 1996-03-27 32.71 "MIN" "" "BOS" "L" -5 1 18 0.5 0.5 0 17.8 10 24.4 2.8 3.7 33.3 14.3 94 121 5 -4.4
"67" "67" 1996-04-02 32.72 "MIN" "@" "DEN" "L" -8 0 21 0 0 0 5.4 2.9 7.6 0 0 0 10.1 14 114 -2.2 -15.9
"68" "68" 1996-04-03 32.73 "MIN" "@" "VAN" "L" -2 0 17 1.125 1.125 0 0 0 46.2 3.1 0 50 22.1 116 116 6.3 5.1
"69" "69" 1996-04-05 32.73 "MIN" "@" "UTA" "W" 4 1 24 0.526 0.458 5.4 0 2.5 40 4.5 0 18.4 31.2 107 111 10.4 4.3
"70" "70" 1996-04-06 32.73 "MIN" "@" "GSW" "L" -5 1 25 0.85 0.8 5.3 16 10.7 45.2 6.3 0 33.8 15.9 135 112 14.8 12
"71" "71" 1996-04-08 32.74 "MIN" "" "TOR" "W" 14 1 31 0.689 0.722 0 3.6 1.7 52.6 0 2.2 29.8 16.8 123 110 13.6 4.1
"72" "72" 1996-04-10 32.75 "MIN" "" "LAL" "L" -21 1 26 0.444 0.429 0 0 0 41.1 7.9 0 33.7 19.5 80 113 7.4 -0.4
"73" "73" 1996-04-12 32.75 "MIN" "@" "WSB" "L" -10 1 27 0.318 0.318 0 5.2 2.3 27.6 0 0 15.4 20.3 86 130 1.8 -12.5
"74" "74" 1996-04-14 32.76 "MIN" "" "DEN" "L" -7 1 30 0.431 0.318 0 9.4 4.3 24.4 1.7 0 19 24.2 83 105 5.5 -6.7
"75" "75" 1996-04-17 32.76 "MIN" "" "GSW" "L" -6 1 17 0.436 0.333 0 11.5 6.4 32.9 0 0 12.7 19.6 106 121 3.8 -9
"76" "76" 1996-04-19 32.77 "MIN" "@" "SEA" "L" -8 1 27 0.455 0.455 0 9.4 4.8 31.9 0 0 8.3 22.2 101 112 6.6 -1.4
"77" "77" 1996-04-20 32.77 "MIN" "@" "LAL" "L" -24 1 26 0.35 0.35 7 0 3.8 25.9 0 2.7 23.1 19.8 74 113 2.7 -5.1
"1" "1" 1998-02-22 34.61 "ORL" "" "LAL" "W" 2 0 1.31666666666667 NA NA 0 0 0 0 0 0 100 45.4 0 108 -1.8 -80.3
"2" "2" 1998-02-25 34.62 "ORL" "" "DAL" "W" 21 0 2.8 0.5 0.5 0 0 0 0 0 0 0 29.9 114 101 1 -3.3
"3" "3" 1998-02-27 34.63 "ORL" "" "TOR" "L" -8 0 20.65 0.571 0.571 4.9 5.8 5.3 38.7 0 0 30 21 94 108 5.1 -3.1
"4" "4" 1998-02-28 34.63 "ORL" "@" "CHH" "L" -10 0 9.45 0.258 0 11.9 0 7.2 17.2 6.6 0 43.6 35.1 45 104 -1.9 -22.4
