"Rk" "G" "Date" "Age" "Tm" "H/A" "Opp" "W/L" "By Amt" "GS" "MP" "TS%" "eFG%" "ORB%" "DRB%" "TRB%" "AST%" "STL%" "BLK%" "TOV%" "USG%" "ORtg" "DRtg" "GmSc" "BPM"
"1" "" 2005-11-02 18.91 "POR" "@" "MIN" "L" -4 NA NA NA NA NA NA NA NA NA NA NA NA NA NA NA NA
"2" "1" 2005-11-04 18.92 "POR" "@" "DEN" "L" -39 0 10.1833333333333 0.167 0.167 0 11 4.5 0 0 0 14.3 29 32 116 -2.9 -23.7
"3" "2" 2005-11-05 18.92 "POR" "" "ATL" "W" 1 0 3.15 NA NA 0 0 0 0 0 0 NA 0 0 116 0 -6.9
"4" "3" 2005-11-09 18.93 "POR" "" "NYK" "W" 12 0 11.1833333333333 0.5 0.5 0 0 0 0 0 0 25 15.9 80 107 0.3 -8.2
"5" "4" 2005-11-11 18.94 "POR" "" "DET" "L" -3 0 8.45 0 0 0 0 0 0 0 0 0 6.3 0 116 -1.5 -16.1
"6" "5" 2005-11-16 18.95 "POR" "" "CHI" "W" 3 0 3.35 0 0 0 0 0 0 0 0 0 15 0 125 -0.7 -21.4
"7" "" 2005-11-18 18.96 "POR" "" "GSW" "L" -11 NA NA NA NA NA NA NA NA NA NA NA NA NA NA NA NA
"8" "" 2005-11-20 18.96 "POR" "@" "NYK" "L" -11 NA NA NA NA NA NA NA NA NA NA NA NA NA NA NA NA
"9" "" 2005-11-22 18.97 "POR" "@" "MEM" "W" 8 NA NA NA NA NA NA NA NA NA NA NA NA NA NA NA NA
"10" "6" 2005-11-23 18.97 "POR" "@" "MIA" "L" -21 0 7.4 0.929 0.929 0 17.5 8.5 0 7.4 0 12.5 54.9 163 102 10 47
"11" "7" 2005-11-25 18.98 "POR" "@" "ORL" "L" -15 0 6.58333333333333 0.75 0.75 0 0 0 0 0 0 33.3 22.1 84 132 0.2 -11.5
"12" "8" 2005-11-27 18.98 "POR" "@" "ATL" "W" 2 0 18.15 0.625 0.625 6.6 6.6 6.6 12.3 0 0 20 28.6 103 101 5.7 4
"13" "9" 2005-11-29 18.99 "POR" "@" "PHI" "L" -24 0 14.1666666666667 0.625 0.625 0 14.4 7.5 0 0 0 42.9 24.3 61 119 -0.2 -15
"14" "" 2005-11-30 18.99 "POR" "@" "WAS" "L" -7 NA NA NA NA NA NA NA NA NA NA NA NA NA NA NA NA
"15" "" 2005-12-02 18.99 "POR" "" "IND" "L" -20 NA NA NA NA NA NA NA NA NA NA NA NA NA NA NA NA
"16" "10" 2005-12-04 19 "POR" "" "UTA" "L" -5 1 31.7333333333333 0.379 0.227 6.9 0 4.3 0 1.8 0 7 21 97 119 4.1 -8.7
"17" "11" 2005-12-06 19.01 "POR" "@" "PHO" "L" -45 1 25.9833333333333 0.436 0.417 0 4.9 2.1 0 0 6.4 0 11.3 100 146 2.7 -8.5
"18" "12" 2005-12-07 19.01 "POR" "" "MIN" "L" -10 1 28.7666666666667 0.547 0.5 0 8.1 4.1 8.5 0 2.7 7.8 22.6 105 108 7.9 3.2
"19" "13" 2005-12-09 19.01 "POR" "" "NOK" "W" 3 1 15.9833333333333 0.41 0.375 0 9.8 4.4 0 0 0 0 15 95 108 1.1 -4.8
"20" "14" 2005-12-11 19.02 "POR" "" "HOU" "L" -14 1 21.8666666666667 0.45 0.5 0 5.2 2.5 0 0 0 0 18.4 99 123 2.7 -3.3
"21" "15" 2005-12-14 19.03 "POR" "@" "UTA" "L" -5 1 13.95 0.5 0.5 0 0 0 0 4.5 0 0 11.7 107 112 1.9 -0.6
"22" "16" 2005-12-16 19.03 "POR" "" "SEA" "L" -12 1 15.1666666666667 0.276 0.2 0 20.4 11.1 0 0 0 15.5 21.4 50 132 -0.9 -21.9
"23" "17" 2005-12-18 19.04 "POR" "" "WAS" "W" 5 0 9.75 0.333 0.333 0 0 0 32.7 0 0 25 19 75 115 0.7 -7
"24" "18" 2005-12-20 19.04 "POR" "@" "DET" "L" -4 0 12.1166666666667 0 0 11.7 9.4 10.4 11.3 0 7.1 0 12.2 44 119 -0.5 -8.5
"25" "19" 2005-12-21 19.05 "POR" "@" "MEM" "L" -10 0 3 NA NA 0 0 0 0 0 0 NA 0 0 132 0 -8.8
"26" "20" 2005-12-23 19.05 "POR" "@" "MIN" "W" 8 0 9.96666666666667 0 0 0 11.5 6.3 0 0 0 20 23.9 0 102 -3.5 -27.7
"27" "21" 2005-12-26 19.06 "POR" "@" "SAC" "W" 13 0 12.4666666666667 0.833 0.833 0 8.4 4.8 0 0 0 0 11.6 165 111 4 3.3
"28" "22" 2005-12-28 19.07 "POR" "" "PHI" "W" 4 0 13.2166666666667 0.205 0 0 9.1 3.9 10.4 3.7 0 0 14.5 65 93 1.2 -4.4
"29" "23" 2005-12-30 19.07 "POR" "" "MEM" "L" -3 0 17.0833333333333 1.031 1 7.8 15.2 11.5 9.6 0 0 0 11.7 210 117 8.3 12.3
"30" "24" 2006-01-01 19.08 "POR" "" "LAC" "L" -6 0 15.4166666666667 0.45 0.45 12.7 15.6 14 9.5 0 0 0 29 110 116 4.3 -0.5
"31" "25" 2006-01-03 19.08 "POR" "@" "DAL" "L" -14 0 11.9166666666667 0 0 0 20.7 8.8 13 0 6.1 0 11.8 15 109 -0.1 -7.6
"32" "26" 2006-01-04 19.08 "POR" "@" "SAS" "L" -31 0 28.3333333333333 0.5 0.5 0 4 1.9 0 0 0 14.3 12.6 83 133 -0.1 -10.1
"33" "27" 2006-01-06 19.09 "POR" "@" "NOK" "L" -10 0 9.86666666666667 0 0 0 0 0 0 0 0 33.3 15.7 0 118 -3.2 -26
"34" "28" 2006-01-08 19.1 "POR" "" "MIA" "L" -29 0 11.1666666666667 0.258 0 0 23.9 10.2 0 0 0 20.5 20.6 44 128 -0.5 -16.5
"35" "" 2006-01-11 19.1 "POR" "" "LAL" "W" 10 NA NA NA NA NA NA NA NA NA NA NA NA NA NA NA NA
"36" "" 2006-01-13 19.11 "POR" "" "ORL" "W" 5 NA NA NA NA NA NA NA NA NA NA NA NA NA NA NA NA
"37" "" 2006-01-15 19.12 "POR" "" "CLE" "W" 2 NA NA NA NA NA NA NA NA NA NA NA NA NA NA NA NA
"38" "" 2006-01-18 19.12 "POR" "" "TOR" "W" 2 NA NA NA NA NA NA NA NA NA NA NA NA NA NA NA NA
"39" "" 2006-01-22 19.13 "POR" "" "DAL" "L" -6 NA NA NA NA NA NA NA NA NA NA NA NA NA NA NA NA
"40" "" 2006-01-25 19.14 "POR" "" "DEN" "L" -3 NA NA NA NA NA NA NA NA NA NA NA NA NA NA NA NA
"41" "" 2006-01-27 19.15 "POR" "" "NJN" "W" 5 NA NA NA NA NA NA NA NA NA NA NA NA NA NA NA NA
"42" "" 2006-01-28 19.15 "POR" "@" "GSW" "L" -15 NA NA NA NA NA NA NA NA NA NA NA NA NA NA NA NA
"43" "" 2006-01-30 19.16 "POR" "@" "SEA" "W" 5 NA NA NA NA NA NA NA NA NA NA NA NA NA NA NA NA
"44" "" 2006-02-01 19.16 "POR" "" "SAS" "L" -4 NA NA NA NA NA NA NA NA NA NA NA NA NA NA NA NA
"45" "" 2006-02-03 19.17 "POR" "" "MIN" "W" 4 NA NA NA NA NA NA NA NA NA NA NA NA NA NA NA NA
"46" "" 2006-02-04 19.17 "POR" "@" "DEN" "L" -1 NA NA NA NA NA NA NA NA NA NA NA NA NA NA NA NA
"47" "" 2006-02-08 19.18 "POR" "@" "IND" "L" -32 NA NA NA NA NA NA NA NA NA NA NA NA NA NA NA NA
"48" "29" 2006-02-10 19.19 "POR" "@" "BOS" "L" -32 0 9.8 0.375 0.375 0 0 0 0 0 0 20 24.8 61 141 -1.2 -17.8
"49" "30" 2006-02-12 19.19 "POR" "@" "TOR" "L" -33 0 12 0.333 0.333 0 12.5 5 0 0 0 0 12.1 67 134 0.2 -14.6
"50" "" 2006-02-13 19.19 "POR" "@" "CHA" "W" 8 NA NA NA NA NA NA NA NA NA NA NA NA NA NA NA NA
"51" "31" 2006-02-15 19.2 "POR" "@" "NOK" "L" -16 0 8.05 1.2 1.2 0 0 0 0 0 8.3 0 29.9 240 120 11.2 50.4
"52" "32" 2006-02-21 19.22 "POR" "@" "LAL" "L" -17 0 8.71666666666667 1.5 1.5 0 0 0 0 0 0 25 20.7 135 116 7.1 27.5
"53" "33" 2006-02-22 19.22 "POR" "" "CHA" "L" -4 0 16.4166666666667 0.717 0.75 0 15.4 8.1 0 0 0 17 17.8 107 126 3.4 -5.8
"54" "34" 2006-02-24 19.22 "POR" "" "BOS" "L" -6 1 40.7166666666667 0.671 0.647 6 19.1 12.4 0 1.4 0 18.3 26.5 107 121 15.1 -2.1
"55" "35" 2006-02-26 19.23 "POR" "" "NOK" "L" -13 1 23.0833333333333 0.3 0.3 0 16 7.9 6.9 0 0 0 11.5 72 113 1.1 -7
"56" "36" 2006-02-27 19.23 "POR" "@" "SAC" "L" -24 0 19.8666666666667 0.694 0.5 0 10.3 5.9 22.9 0 0 0 10.8 157 127 6.2 2.6
"57" "37" 2006-03-01 19.24 "POR" "" "LAL" "W" 6 0 14.7 0.75 0.75 0 8.8 4.3 0 3.4 5.6 20 15.1 115 92 4.2 6.2
"58" "38" 2006-03-04 19.25 "POR" "@" "SAS" "L" -20 0 12.4 0 0 7.3 30.6 17 0 4.5 0 16.7 22.3 10 109 -1.9 -18.5
"59" "39" 2006-03-05 19.25 "POR" "@" "HOU" "L" -18 0 1.15 NA NA 0 0 0 0 0 0 NA 0 0 128 0 -9
"60" "40" 2006-03-07 19.25 "POR" "@" "DAL" "L" -6 0 6.31666666666667 NA NA 0 0 0 0 0 12.7 NA 0 0 107 -0.5 -5.8
"61" "41" 2006-03-09 19.26 "POR" "" "DAL" "L" -17 0 17.05 0.694 0.5 0 40.2 15.4 0 0 0 0 22.2 153 136 7.8 3.1
"62" "42" 2006-03-12 19.27 "POR" "" "PHO" "W" 10 1 18.1666666666667 0.417 0.417 7.3 27.1 17.6 19.5 0 0 25 20.2 92 118 2.8 -8
"63" "43" 2006-03-14 19.27 "POR" "@" "CHI" "L" -29 0 19.2666666666667 0.665 0.5 5.5 20.2 12.2 0 0 4.2 0 9.4 148 111 5.1 -0.7
"64" "44" 2006-03-15 19.28 "POR" "@" "NJN" "L" -13 1 21.65 0.611 0.611 6.3 14.8 11.1 14.9 2.6 0 35.7 35.2 70 92 3.8 -4.8
"65" "45" 2006-03-17 19.28 "POR" "@" "CLE" "L" -15 1 20.6666666666667 0.143 0.143 0 16.6 8.4 22.7 0 0 0 16.7 52 116 0.5 -9.3
"66" "46" 2006-03-18 19.28 "POR" "@" "MIL" "L" -4 0 11.25 1.136 NA 0 10.2 5.5 12.2 0 0 53.2 7.8 120 116 1.6 -2.1
"67" "47" 2006-03-20 19.29 "POR" "" "MIL" "L" -7 0 19.4333333333333 0.481 0.455 5.6 0 3.1 0 0 0 0 27.5 108 127 4.8 -4
"68" "48" 2006-03-23 19.3 "POR" "@" "PHO" "L" -17 0 17.45 0.563 0.625 5.7 25.6 15.1 0 0 0 0 10.3 131 128 3.7 -2.6
"69" "49" 2006-03-24 19.3 "POR" "" "SAS" "L" -19 1 26.3666666666667 0.508 0.5 4.8 9.8 7.3 14.3 0 0 0 15.5 116 123 6.6 0.2
"70" "50" 2006-03-26 19.31 "POR" "" "LAC" "L" -14 0 31.6833333333333 0.658 0.611 3.2 18.4 9.5 0 3.5 0 0 14.6 143 109 11.8 7.7
"71" "51" 2006-03-29 19.32 "POR" "" "SAC" "L" -16 0 14.95 0.798 0.5 0 28.3 13.8 0 0 0 0 13.2 177 133 4.7 -4.5
"72" "52" 2006-04-01 19.32 "POR" "" "UTA" "L" -13 1 33.3666666666667 0.676 0.676 3.4 12 7.4 7.7 1.7 0 0 25.8 133 118 17.6 9.2
"73" "53" 2006-04-02 19.33 "POR" "@" "SEA" "L" -39 1 28.7666666666667 0.518 0.3 10.2 14.7 12.1 6.7 1.8 2.5 6.9 24.6 111 132 11.8 -1.7
"74" "" 2006-04-05 19.33 "POR" "" "HOU" "W" 1 NA NA NA NA NA NA NA NA NA NA NA NA NA NA NA NA
"75" "54" 2006-04-07 19.34 "POR" "" "SEA" "L" -13 0 20.9833333333333 0.4 0.4 5.9 13.9 9.5 7 2.5 3.4 16.7 25.4 77 128 2.7 -13.1
"76" "55" 2006-04-08 19.34 "POR" "@" "UTA" "L" -17 0 16.4666666666667 0.5 0.5 0 9.4 3.8 0 3.3 0 0 17 107 123 2.3 -2.4
"77" "56" 2006-04-10 19.35 "POR" "" "DEN" "L" -12 0 33.3166666666667 0.545 0.545 3.4 16.9 9.4 10.2 0 2.1 0 13.9 130 121 9.1 0.7
"78" "57" 2006-04-12 19.35 "POR" "@" "LAC" "L" -4 0 25.4166666666667 0.5 0.5 9.7 0 5.3 0 0 0 15.4 24.2 89 118 3.5 -9
"79" "58" 2006-04-14 19.36 "POR" "@" "LAL" "L" -11 0 30.9 0.795 0.8 4.7 15.5 10.6 0 0 0 0 17.8 156 128 14.1 4.3
"80" "59" 2006-04-15 19.36 "POR" "" "GSW" "L" -5 1 39.9 0.654 0.654 3.3 13.1 8.7 9.4 2.8 1.9 0 16.8 133 97 16.6 9.9
"81" "60" 2006-04-17 19.37 "POR" "@" "GSW" "L" -14 1 31.1166666666667 0.557 0.5 4.1 12.5 8.2 17.2 7.2 2.3 16.8 19.1 104 99 11.9 7.1
"82" "61" 2006-04-19 19.37 "POR" "" "PHO" "L" -10 1 28.2666666666667 0.518 0.333 3.9 10.4 7.3 6.5 1.8 0 10.9 29.6 103 113 9.5 -5.4
"1" "1" 2006-11-01 19.91 "POR" "@" "SEA" "W" 4 0 14.4833333333333 0.5 0.5 0 29.5 17.9 9 0 0 0 9.7 131 114 2.8 0.5
"2" "2" 2006-11-03 19.92 "POR" "@" "GSW" "L" -13 0 16.1333333333333 1 1 0 0 0 14.8 0 4.5 14.3 19.8 145 115 9.4 20.2
"3" "3" 2006-11-04 19.92 "POR" "" "MIN" "W" 2 0 30.65 1 1 0 8.5 3.8 0 1.8 0 11.1 14.1 157 102 13 9.9
"4" "4" 2006-11-06 19.92 "POR" "@" "LAC" "L" -13 0 15.45 0.096 0 0 6.9 3.7 0 0 0 16.1 18.8 18 120 -4.2 -20.8
"5" "5" 2006-11-08 19.93 "POR" "" "LAL" "W" 11 1 30.9 0.405 0.389 0 8.9 4.9 5.1 3.6 0 23.3 20.3 72 105 2 -7.2
"6" "6" 2006-11-10 19.93 "POR" "" "NOK" "W" 1 0 18.9 0.444 0.357 6.5 12.4 9.5 0 2.9 7.8 11.3 23.3 89 100 5.2 2
"7" "7" 2006-11-12 19.94 "POR" "" "DAL" "L" -7 1 17.55 0.571 0.571 0 10.1 4.4 0 0 0 22.2 24.4 90 130 1.4 -8
"8" "8" 2006-11-14 19.95 "POR" "@" "MIN" "L" -12 1 22.3 1.25 1.25 0 6 2.7 24.2 2.2 0 33.3 6.2 155 107 6 5.9
"9" "9" 2006-11-15 19.95 "POR" "@" "CLE" "L" -13 0 15.9 0.205 0 7.5 17.8 12.2 0 3.2 0 17 16.4 50 106 -0.3 -10
"10" "10" 2006-11-17 19.95 "POR" "@" "BOS" "L" -28 0 18.8166666666667 0.5 0.5 0 6.7 3.4 0 0 0 0 7.3 101 131 0 -8.3
"11" "11" 2006-11-18 19.96 "POR" "@" "NJN" "W" 18 1 26.8833333333333 0.354 0.278 0 14.3 8.5 6.5 8.9 0 0 20.7 78 72 5.8 0.8
"12" "12" 2006-11-20 19.96 "POR" "" "SAS" "L" -9 1 22.0666666666667 0.667 0.667 7.3 14.5 10.9 6.9 0 0 33.3 19 95 128 3.6 -2.6
"13" "13" 2006-11-22 19.97 "POR" "" "NJN" "W" 3 1 34.7666666666667 0.541 0.429 3.5 4.8 4 4.2 0 2.3 10.7 13.5 114 126 5.5 -4.3
"14" "14" 2006-11-25 19.98 "POR" "@" "SAC" "L" -20 1 22.6 0.5 0.5 5.7 21.2 12.7 15.3 2.5 0 25 18.3 87 120 4.2 -0.4
"15" "15" 2006-11-26 19.98 "POR" "" "PHO" "L" -18 1 26.8 1.1 1.1 0 14.9 7.1 0 0 0 16.7 10.5 158 131 8.6 3.7
"16" "16" 2006-11-28 19.98 "POR" "" "IND" "L" -8 1 19.5333333333333 0.205 0 0 28.9 12.1 0 0 5 0 11 65 122 -0.1 -12.1
"17" "17" 2006-12-01 19.99 "POR" "" "ORL" "L" -2 1 17.85 0.387 0.333 0 7.5 3.2 0 0 4.2 0 10.3 90 111 1.1 -6.5
"18" "18" 2006-12-03 20 "POR" "" "ATL" "L" -11 0 34.2 0.765 0.7 4.1 17 10.5 0 0 0 20.3 20.2 116 121 11.1 -0.4
"19" "19" 2006-12-05 20 "POR" "@" "DET" "W" 3 1 15.75 0.291 0.167 0 7.6 3.8 10.5 3.9 6 12.7 24.8 67 101 1.9 -4.6
"20" "20" 2006-12-06 20.01 "POR" "@" "MIL" "L" -8 1 39.3833333333333 0.792 0.792 0 7.1 3.5 15.8 0 2.1 7.7 16.5 145 118 15.4 10.2
"21" "21" 2006-12-08 20.01 "POR" "@" "IND" "L" -13 1 9.61666666666667 0 0 0 13.5 6.7 14.7 0 0 33.3 28.1 10 123 -5 -35.7
"22" "22" 2006-12-10 20.02 "POR" "@" "TOR" "W" 10 1 29.4833333333333 0.729 0.625 8.8 18.4 14.5 7.7 0 2.7 6.2 25.3 155 95 19.2 16.3
"23" "23" 2006-12-11 20.02 "POR" "@" "PHI" "W" 2 1 16.4666666666667 0.5 0.5 0 15.3 8.3 0 0 0 57.1 21.7 38 96 -2.9 -15.5
"24" "24" 2006-12-13 20.02 "POR" "@" "MEM" "W" 6 1 16.3 0.387 0.333 8.9 15.1 12.3 21 3.6 0 20.5 15.3 91 94 3.2 -0.2
"25" "25" 2006-12-15 20.03 "POR" "" "LAC" "W" 10 1 29.1333333333333 0.671 0.583 4.8 0 2.6 18.8 0 0 0 14.5 156 121 10.3 3.1
"26" "26" 2006-12-20 20.04 "POR" "" "HOU" "W" 2 1 23.5 0.478 0.417 0 5.2 2.7 0 0 0 0 14.8 113 115 3.1 -4.8
"27" "27" 2006-12-22 20.05 "POR" "" "TOR" "L" -1 1 22.6 0.333 0.333 6.2 17.2 11.9 7.5 0 0 25 16.2 64 104 0.9 -7.6
"28" "28" 2006-12-26 20.06 "POR" "@" "PHO" "L" -23 0 24.4333333333333 0.436 0.389 12.3 10.9 11.7 0 2.1 0 16.2 21.3 90 119 5.2 -3
"29" "29" 2006-12-27 20.06 "POR" "" "NOK" "W" 15 0 16.4166666666667 0.625 0.625 0 19.1 9.9 10 3.5 0 0 11.1 145 96 5.2 5.3
"30" "30" 2006-12-29 20.07 "POR" "" "PHI" "L" -3 0 15.5833333333333 0.714 0.714 0 16.6 8.6 0 0 0 0 22.1 142 116 6.5 5.5
"31" "31" 2006-12-30 20.07 "POR" "@" "UTA" "L" -10 0 7.01666666666667 0 0 0 18 8.7 19.5 7.9 0 33.3 21.1 18 100 -0.4 -9.6
"32" "32" 2007-01-01 20.08 "POR" "" "BOS" "L" -8 0 19.7833333333333 0.935 0.9 0 12.4 6.1 0 0 0 0 14.4 181 106 8.5 11.1
"33" "33" 2007-01-03 20.08 "POR" "" "NYK" "L" -18 0 21.9833333333333 0.356 0.25 10.7 5.3 8 0 0 0 7.3 32.3 77 122 2.3 -11.8
"34" "34" 2007-01-06 20.09 "POR" "@" "SAC" "W" 5 0 21 0.607 0.556 5.9 17.6 11.7 0 0 0 9.2 22.9 118 107 7.5 3.1
"35" "35" 2007-01-07 20.09 "POR" "" "MIA" "L" -3 0 20.1666666666667 0.667 0.667 5.7 42 21.9 8.8 0 4.2 10 23.1 127 107 9.8 10.3
"36" "36" 2007-01-09 20.1 "POR" "@" "SAS" "L" -14 0 21.7666666666667 0 0 0 13.8 6.5 6.9 2.8 0 0 6.8 24 122 -1 -8
"37" "37" 2007-01-10 20.1 "POR" "@" "DAL" "L" -25 0 25.0833333333333 0.51 0.6 13 17.4 14.9 0 0 0 14.5 13.9 98 125 4.1 -4.1
"38" "38" 2007-01-12 20.11 "POR" "" "SAC" "W" 8 0 11.2333333333333 0 0 0 13.4 5.9 0 0 0 25 16.1 0 101 -3.6 -22.5
"39" "39" 2007-01-14 20.11 "POR" "" "DEN" "L" -16 0 32.15 0.676 0.688 0 17.6 7.9 10.3 4.9 0 10.1 13.8 126 112 12.2 6.6
"40" "40" 2007-01-17 20.12 "POR" "" "CLE" "W" 18 0 13.7666666666667 0 0 0 16.2 8.5 0 0 0 20 16.7 0 92 -4.4 -23.8
"41" "41" 2007-01-19 20.13 "POR" "@" "PHO" "L" -5 0 5.1 0 0 0 60.7 27.3 21.9 0 0 66.7 26.4 19 124 -1.8 -28.4
"42" "42" 2007-01-21 20.13 "POR" "" "MIL" "W" 4 0 25.1666666666667 0.805 0.813 0 8.5 4.7 0 0 0 0 17.9 161 115 10.8 7.3
"43" "43" 2007-01-24 20.14 "POR" "" "MIN" "W" 3 0 29.4 0.509 0.5 10.8 21.5 15.7 11.3 0 0 0 19.4 127 103 11.1 6.1
"44" "44" 2007-01-26 20.15 "POR" "@" "HOU" "L" -30 0 26.1666666666667 0.331 0.222 9.2 28.2 18.6 0 4.3 6.6 7.6 24.6 72 101 6.1 1.4
"45" "45" 2007-01-27 20.15 "POR" "@" "MEM" "W" 3 0 18.15 0.685 0.714 6 6.9 6.5 0 0 0 10.2 23.4 124 124 7.5 1.3
"46" "46" 2007-01-29 20.15 "POR" "@" "NOK" "L" -12 0 13.9 0 0 0 18.2 7.8 0 0 0 20 17.4 0 128 -3.6 -26.6
"47" "47" 2007-01-31 20.16 "POR" "" "DEN" "W" 9 0 11.75 0.6 0.6 0 21.5 11.5 0 0 0 16.7 22.9 106 103 2.1 -1.4
"48" "48" 2007-02-02 20.16 "POR" "@" "DEN" "L" -7 0 18.1666666666667 0.37 0.3 7.1 8.1 7.6 0 5.9 0 12.9 19.7 78 108 2.7 -3.5
"49" "49" 2007-02-03 20.17 "POR" "" "CHI" "L" -2 0 14.8166666666667 0.102 0 0 28.6 12.5 0 0 0 0 15.8 24 103 -1.3 -12.7
"50" "50" 2007-02-06 20.18 "POR" "" "PHO" "L" -7 0 35.9333333333333 0.389 0.389 3.5 6.9 5.2 0 0 0 10 13.3 83 120 0.6 -8.1
"51" "51" 2007-02-09 20.18 "POR" "@" "CHA" "W" 8 0 17.8333333333333 0.307 0.25 0 11.7 5.9 0 0 0 0 11.8 70 100 0.8 -6.3
"52" "52" 2007-02-11 20.19 "POR" "@" "WAS" "W" 21 0 26.1666666666667 0.752 0.625 0 14.1 7.5 11.3 2.1 0 0 9.5 175 86 9.3 10.1
"53" "53" 2007-02-13 20.19 "POR" "@" "MIA" "L" -19 0 12.9 0.375 0.375 9.3 0 5.3 0 0 0 0 14.9 110 134 0.5 -8.6
"54" "54" 2007-02-14 20.2 "POR" "@" "ORL" "L" -12 0 14.6166666666667 0.4 0.4 6.6 20.5 12 0 0 5.5 16.7 19.6 78 117 2.3 -5
"55" "55" 2007-02-20 20.21 "POR" "" "UTA" "W" 3 0 18.95 0 0 6.7 27.4 16.9 0 0 7.1 16.7 15 15 107 -1.2 -12.1
"56" "56" 2007-02-21 20.22 "POR" "@" "LAL" "W" 4 0 12.9166666666667 0 0 0 0 0 0 0 0 0 7.8 0 131 -1.8 -14.9
"57" "57" 2007-02-23 20.22 "POR" "" "MEM" "L" -1 0 11.9 0.532 0 0 10.6 5.5 0 0 0 0 7.4 137 127 1.6 -5.7
"58" "58" 2007-02-26 20.23 "POR" "@" "SEA" "L" -24 0 15.0333333333333 0.5 0.5 6.9 14.2 10.5 11.6 3.5 0 20 15.7 86 102 3.6 -0.2
"59" "59" 2007-03-01 20.24 "POR" "" "CHA" "W" 37 0 28.6833333333333 0.85 0.9 0 11.4 6.6 0 1.8 0 0 18.7 164 100 16.5 8.6
"60" "60" 2007-03-03 20.24 "POR" "" "SAC" "L" -8 0 23.9333333333333 0.726 0.643 4.6 35.1 19.1 0 2.2 0 9.4 19.2 142 108 11.5 6.9
"61" "61" 2007-03-06 20.25 "POR" "" "SAS" "L" -5 0 17.1833333333333 0.222 0.2 0 0 0 0 0 0 0 19.5 53 128 -1.7 -18.6
"62" "62" 2007-03-11 20.27 "POR" "" "GSW" "W" 19 0 15.2333333333333 0.5 0.5 0 12.1 6.9 8.8 3.3 0 16.7 17 94 91 3.2 0.7
"63" "63" 2007-03-13 20.27 "POR" "@" "DEN" "L" -8 0 13 0 0 0 15.4 7.7 0 0 0 20 15.2 0 114 -4 -22.8
"64" "64" 2007-03-14 20.27 "POR" "" "DET" "L" -12 0 18.25 0.4 0.4 0 24.7 11 0 0 0 0 13.9 86 108 1 -7.9
"65" "65" 2007-03-16 20.28 "POR" "@" "LAL" "L" -5 0 15.95 0.9 0.9 0 17.5 7.3 9.8 0 0 0 14.1 182 123 7.6 11.6
"66" "66" 2007-03-18 20.28 "POR" "" "SEA" "L" -18 0 28.9 0.333 0.333 3.7 12.2 7.7 0 0 0 10 17.2 66 116 1.1 -8.9
"67" "67" 2007-03-20 20.29 "POR" "" "WAS" "W" 2 0 19.9333333333333 0.87 0.8 0 22.4 11.1 7.8 2.4 0 0 13.8 175 97 11.6 13.8
"68" "68" 2007-03-22 20.3 "POR" "@" "NYK" "W" 6 0 15.55 0.833 0.833 0 15.1 7.9 0 0 0 0 10.1 164 114 3.9 0
"69" "69" 2007-03-23 20.3 "POR" "@" "ATL" "W" 2 0 29.4666666666667 0.308 0.308 3.3 12.8 7.5 12.1 3.7 0 7.1 20.6 78 100 4.1 -4
"70" "70" 2007-03-25 20.3 "POR" "@" "MIN" "L" -1 0 23.65 0.722 0.722 0 6.3 2.8 7.6 0 0 10 19.9 139 118 8.3 6.3
"71" "71" 2007-03-26 20.31 "POR" "@" "CHI" "L" -11 1 38.5666666666667 0.709 0.667 4.3 8.7 6.9 4.8 0 0 23.3 16.9 107 120 7.4 -2.1
"72" "72" 2007-03-29 20.32 "POR" "" "MEM" "L" -4 1 14.05 0.073 0 7.6 0 4.1 0 0 0 12.7 25.5 24 116 -4.3 -25.7
"73" "73" 2007-03-31 20.32 "POR" "" "LAC" "L" -13 1 30.8166666666667 0.625 0.625 0 22.3 9.6 6.8 0 3.1 20 16.8 97 124 5.8 -2.4
"74" "74" 2007-04-04 20.33 "POR" "" "UTA" "W" 5 0 12.5833333333333 0 0 0 0 0 36.9 0 0 25 15.8 40 111 -1.8 -13.2
"75" "75" 2007-04-06 20.34 "POR" "@" "HOU" "W" 7 0 9.51666666666667 0.347 0 0 11.5 6.5 0 0 0 0 8 78 101 0.2 -7.8
"76" "76" 2007-04-07 20.34 "POR" "@" "DAL" "L" -12 0 25.6833333333333 0.595 0.5 0 17 7 7.4 0 0 14.5 12.8 107 101 3.3 -2.3
"77" "77" 2007-04-09 20.35 "POR" "@" "SAS" "L" -16 0 19.2666666666667 1.33 1.5 0 43 20.4 0 0 0 51.5 10.6 112 134 3 -2.9
"78" "78" 2007-04-11 20.35 "POR" "" "HOU" "L" -4 1 29.8166666666667 0.333 0.333 3.7 15 9.3 0 1.7 3.2 25 12.4 56 105 1.8 -5.3
"79" "79" 2007-04-13 20.36 "POR" "@" "LAC" "L" -18 1 31.2666666666667 0.465 0.333 4.3 21.2 11.8 10.1 0 0 8.5 18.4 101 126 6 -5.4
"80" "80" 2007-04-14 20.36 "POR" "" "SEA" "W" 6 1 34.55 0.708 0.708 0 15.7 9.4 4.7 1.6 0 0 16.5 150 114 14.1 5.4
"81" "81" 2007-04-16 20.36 "POR" "@" "UTA" "L" -37 1 45.15 0.435 0.462 4.9 9.1 6.8 4.3 1.1 1.6 0 16.6 98 141 9.2 -2.6
"82" "82" 2007-04-18 20.37 "POR" "" "GSW" "L" -22 1 31.1333333333333 0.651 0.556 3.7 15 9.3 0 0 2.5 21.8 19.1 102 123 9.3 -2.5
"1" "1" 2007-10-30 20.9 "POR" "@" "SAS" "L" -9 1 39.4166666666667 0.7 0.7 3.4 5.5 4.6 4.3 0 1.9 0 18 146 118 16 8.1
"2" "2" 2007-11-02 20.91 "POR" "@" "NOH" "L" -20 1 32.4833333333333 0.553 0.45 3.6 5.1 4.2 17.3 0 0 7.8 18.8 119 134 10 0.8
"3" "3" 2007-11-03 20.92 "POR" "@" "HOU" "L" -9 1 34.8833333333333 0.508 0.462 3.3 19.7 12.1 0 3.1 2 21.3 25.4 84 92 7.8 2.5
"4" "4" 2007-11-07 20.93 "POR" "" "NOH" "W" 3 1 40.2166666666667 0.693 0.679 0 9.7 5 9.4 2.6 0 17.2 19.4 110 99 14.6 7.2
"5" "5" 2007-11-09 20.93 "POR" "" "MEM" "W" 12 1 36.1666666666667 0.723 0.65 0 13.3 7.6 3.8 0 3.9 7.8 16 136 107 13.8 4.2
"6" "6" 2007-11-10 20.93 "POR" "" "DAL" "W" 9 1 26.2333333333333 0.21 0 0 3.7 2.1 5.2 2.1 0 0 9 58 97 -0.1 -5.8
"7" "7" 2007-11-13 20.94 "POR" "" "DET" "W" 8 1 35.7166666666667 0.313 0.313 4.2 22.9 15.3 7.2 0 0 33.3 16.9 57 106 -0.5 -9.7
"8" "8" 2007-11-14 20.95 "POR" "@" "DEN" "L" -17 1 32.1833333333333 0.492 0.4 6.2 17 10.8 22.9 1.5 0 7.6 17.1 112 116 9.6 -0.5
"9" "9" 2007-11-16 20.95 "POR" "@" "PHI" "L" -4 1 39.2166666666667 0.512 0.438 0 7.4 3.4 4.3 2.7 0 0 12.1 110 105 6.9 -1.6
"10" "10" 2007-11-17 20.95 "POR" "@" "WAS" "L" -19 1 30.2333333333333 0.472 0.458 8.8 10.1 9.6 6.9 1.8 2.4 6.8 23.3 100 123 8.7 -1.1
"11" "11" 2007-11-19 20.96 "POR" "@" "CHA" "L" -9 1 35.95 0.472 0.433 3.9 17.1 11 0 0 7.9 11.2 22.9 92 107 8.7 1.8
"12" "12" 2007-11-21 20.96 "POR" "" "NJN" "L" -5 1 37.05 0.805 0.813 0 18.5 9.8 4.2 1.5 0 0 12.7 157 122 12.6 3.1
"13" "13" 2007-11-23 20.97 "POR" "" "SAC" "W" 3 1 34.05 0.357 0.278 3.4 35.2 17.1 4.7 0 0 15.2 18.6 72 97 2.7 -7.7
"14" "14" 2007-11-26 20.98 "POR" "" "ORL" "L" -11 1 38.8333333333333 0.542 0.542 0 23.5 11.1 0 2.8 4.7 20 18.6 81 90 9.4 2.8
"15" "15" 2007-11-28 20.98 "POR" "" "IND" "L" -6 1 36.1333333333333 0.417 0.417 5.2 17 10.8 4.3 0 0 7.7 15.3 89 105 5.3 -4.8
"16" "16" 2007-11-30 20.99 "POR" "@" "DAL" "L" -11 1 26.8166666666667 0.333 0.333 8.5 13.8 11 13.4 0 0 10 18.8 80 113 3.2 -5.2
"17" "17" 2007-12-02 20.99 "POR" "@" "SAS" "L" -21 1 33.7666666666667 0.715 0.727 3.5 0 1.8 0 1.8 0 14.4 21.3 117 127 10.2 3.2
"18" "18" 2007-12-03 21 "POR" "@" "MEM" "W" 1 1 24.9333333333333 0.3 0.3 0 19.3 9.6 14.1 0 3.2 0 9.7 96 119 3.5 -4.2
"19" "19" 2007-12-06 21.01 "POR" "" "MIA" "W" 6 1 20.8333333333333 0.333 0.333 0 0 0 0 0 3 0 13.1 77 121 0.9 -9.9
"20" "20" 2007-12-09 21.01 "POR" "" "MIL" "W" 4 1 32.55 0.654 0.667 5.6 19.4 13.8 9.3 1.7 0 22.5 14.1 112 118 7.4 -1
"21" "21" 2007-12-11 21.02 "POR" "@" "UTA" "W" 8 1 30.25 0.873 0.885 9.3 9.2 9.2 17.9 1.8 0 17.3 27.6 132 102 20.4 16
"22" "22" 2007-12-12 21.02 "POR" "" "GSW" "W" 10 1 9.46666666666667 0.25 0.25 0 0 0 0 0 0 0 19.1 57 115 -0.4 -14.5
"23" "23" 2007-12-14 21.03 "POR" "" "UTA" "W" 8 1 23.3166666666667 0.665 0.375 0 16.1 9.3 7.4 2.2 0 0 15.1 146 96 9.7 7.9
"24" "24" 2007-12-16 21.03 "POR" "@" "DEN" "W" 11 1 18.3833333333333 0.436 0.333 0 7.7 3.6 5.8 0 0 22.5 10.5 91 124 0.5 -9.3
"25" "25" 2007-12-17 21.04 "POR" "" "NOH" "W" 12 1 27.2333333333333 0.564 0.438 0 8.4 4.2 6.4 0 0 0 21 128 105 8.7 2.3
"26" "26" 2007-12-19 21.04 "POR" "" "TOR" "W" 5 1 24 0.952 1 0 10 5.3 13.8 0 0 0 16.3 185 116 13.7 16.5
"27" "27" 2007-12-21 21.05 "POR" "" "DEN" "W" 3 1 27.2333333333333 0.764 0.75 0 20.5 10.7 8.1 2 0 7.4 23.5 131 105 14.4 10.4
"28" "28" 2007-12-25 21.06 "POR" "" "SEA" "W" 10 1 20.7333333333333 0.254 0.214 0 10.1 4.5 20.6 2.8 0 27.6 24 52 92 -1 -11.7
"29" "29" 2007-12-28 21.07 "POR" "" "MIN" "W" 11 1 22.85 0.25 0.25 5.3 16.2 10.6 17.6 0 0 11.1 17.9 77 113 1.5 -12.2
"30" "30" 2007-12-30 21.07 "POR" "" "PHI" "W" 25 1 23.8166666666667 0.509 0.5 5.4 0 2.5 12.6 0 0 0 14.8 120 97 4.1 0
"31" "31" 2007-12-31 21.07 "POR" "@" "UTA" "L" -10 1 24.1666666666667 0.581 0.5 0 20.9 11.2 20.5 0 0 0 7.1 141 125 4.4 1.5
"32" "32" 2008-01-02 21.08 "POR" "@" "MIN" "W" 11 1 24 0.389 0.389 0 16 8.9 0 0 6.1 10 21.5 71 95 3.1 -4.4
"33" "33" 2008-01-03 21.08 "POR" "@" "CHI" "W" 6 1 27.0666666666667 0.5 0.5 9.5 7.8 8.6 6.8 0 0 7.1 25.8 108 115 6.8 -2.3
"34" "34" 2008-01-05 21.09 "POR" "" "UTA" "W" 14 1 25.85 0.719 0.633 5.8 22.1 15.1 27.7 0 0 0 34.7 159 105 22.2 15.6
"35" "35" 2008-01-09 21.1 "POR" "" "GSW" "W" 18 1 26.05 0.889 0.889 0 7 3.9 6.4 0 0 30.8 21.6 96 104 8.2 0.6
"36" "36" 2008-01-13 21.11 "POR" "@" "TOR" "L" -7 1 39.5166666666667 0.346 0.346 0 6.8 3.1 7.7 0 0 0 15.6 85 119 2.7 -6.7
"37" "37" 2008-01-14 21.11 "POR" "@" "NJN" "W" 26 1 25.7 0.6 0.6 0 19.9 11.8 11.2 4.7 2.9 28.6 14.3 93 80 6.5 7.9
"38" "38" 2008-01-16 21.12 "POR" "@" "BOS" "L" -10 1 23.1166666666667 0.75 0.75 0 9 5.2 7.5 2.3 0 20 10.5 114 110 3.7 3.2
"39" "39" 2008-01-18 21.12 "POR" "@" "MIA" "W" 7 1 22.9666666666667 0.41 0.313 0 13.1 7.5 0 0 0 0 20.5 98 107 3.3 -5.5
"40" "40" 2008-01-19 21.13 "POR" "@" "ORL" "L" -7 1 29.5833333333333 0.551 0.55 10.1 13.2 11.5 10.3 0 0 0 17.3 128 120 8.6 0.9
"41" "41" 2008-01-21 21.13 "POR" "@" "ATL" "W" 2 1 24 0.45 0.45 14.4 22.6 18.2 18.2 0 0 0 20.1 124 121 7.4 2.3
"42" "42" 2008-01-23 21.14 "POR" "@" "NOH" "L" -15 1 23.25 0.26 0 5 5.6 5.3 13.8 0 6.9 14.8 15.1 73 123 2.2 -5.8
"43" "43" 2008-01-25 21.14 "POR" "" "HOU" "L" -10 1 17.75 0.475 0.4 0 7.5 3.5 13.8 0 0 32.2 25.2 68 114 0.9 -9.3
"44" "44" 2008-01-27 21.15 "POR" "" "ATL" "W" 1 1 15.7333333333333 0.282 0.25 17.9 0 9.1 0 11.4 0 10.1 32.9 70 99 3.2 -5.1
"45" "45" 2008-01-30 21.16 "POR" "" "CLE" "L" -1 1 30.1 0.389 0.389 0 7.6 3.5 0 0 0 10 15.3 70 102 1.1 -6.3
"46" "46" 2008-02-01 21.16 "POR" "" "NYK" "W" 6 1 28.95 0.5 0.5 0 11.2 5.7 0 0 2.4 0 16.6 98 101 5.1 -2.5
"47" "47" 2008-02-04 21.17 "POR" "" "DEN" "L" -2 1 36.1 0.767 0.813 2.9 10.9 7.1 4.8 1.5 1.8 8.3 14.8 138 110 14.7 5.2
"48" "48" 2008-02-06 21.18 "POR" "" "CHI" "W" 3 0 21.4666666666667 0.444 0.444 7.2 26.3 17.2 0 0 0 18.2 25 79 114 2.4 -12.3
"49" "49" 2008-02-08 21.18 "POR" "@" "DET" "L" -9 1 39.05 0.298 0.2 3.3 14 8.5 8 1.5 0 14.5 17.9 68 113 1.1 -9
"50" "50" 2008-02-09 21.18 "POR" "@" "IND" "L" -8 1 39.3666666666667 0.507 0.469 6.3 13.5 10.5 0 0 2.4 5.3 22 102 112 10.1 -1.7
"51" "51" 2008-02-11 21.19 "POR" "@" "HOU" "L" -12 1 29.1333333333333 0.619 0.688 12.7 14.5 13.5 0 0 0 10.1 17.1 114 118 7.4 -0.7
"52" "52" 2008-02-13 21.19 "POR" "@" "DAL" "L" -20 1 28.6666666666667 0.315 0 0 19 9.6 5.4 0 0 17.4 9.8 68 113 1.3 -5.3
"53" "53" 2008-02-19 21.21 "POR" "" "SAC" "L" -11 0 32.4 0.765 0.8 0 11.4 5.4 0 1.7 2.4 0 17.4 143 120 14 6.5
"54" "54" 2008-02-21 21.22 "POR" "" "SEA" "W" 4 0 26.1333333333333 0.427 0.25 0 7.1 3.7 0 4 0 0 14.9 94 97 5 -4.6
"55" "55" 2008-02-22 21.22 "POR" "@" "SEA" "L" -12 0 20.6666666666667 0.255 0.2 10.8 11.1 10.9 0 0 3.3 14.5 15.5 64 116 0.8 -11
"56" "56" 2008-02-24 21.22 "POR" "" "BOS" "L" -10 0 24.6666666666667 0.75 0.75 0 7.5 2.9 0 4.6 0 20 19.2 111 130 7.5 2.7
"57" "57" 2008-02-26 21.23 "POR" "@" "LAL" "L" -13 1 33.7333333333333 0.322 0.25 0 23.7 10.4 5.9 0 2.5 0 25.5 75 110 3.6 -5.1
"58" "58" 2008-02-27 21.23 "POR" "@" "LAC" "W" 2 1 37.1666666666667 0.631 0.636 3.5 10.5 7.5 11.6 4.6 0 7.8 17.5 121 90 13 7.4
"59" "59" 2008-02-29 21.24 "POR" "" "LAL" "W" 8 1 22.4166666666667 0.571 0.5 0 0 0 5.4 2.3 0 0 16.6 121 120 6.2 -0.2
"60" "60" 2008-03-02 21.24 "POR" "@" "GSW" "L" -6 1 15.7333333333333 0.25 0.25 0 18.3 9.9 8.3 0 0 20 13.8 54 120 0.2 -10.8
"61" "61" 2008-03-04 21.25 "POR" "" "PHO" "L" -5 1 11.7666666666667 NA NA 9.7 10.5 10.1 0 0 0 100 3.8 49 110 0 -6.3
"62" "62" 2008-03-07 21.26 "POR" "@" "MIL" "W" 2 1 34.8333333333333 0.723 0.65 12.5 14.1 13.4 4.1 3.1 0 7.8 17.7 147 113 16.6 5.5
"63" "63" 2008-03-08 21.26 "POR" "@" "NYK" "W" 6 1 36 0.697 0.611 0 22.9 11.1 0 0 2 8.5 14.7 139 115 11.7 1.9
"64" "64" 2008-03-10 21.27 "POR" "@" "CLE" "L" -8 1 31.2666666666667 0.438 0.438 6.7 35.1 19 0 0 0 11.1 14.6 91 109 4.2 -4.7
"65" "65" 2008-03-11 21.27 "POR" "@" "MIN" "W" 7 1 23.2833333333333 0.604 0.556 0 16.3 7.8 21.5 2.4 0 0 22.3 139 111 11.1 6.8
"66" "66" 2008-03-13 21.27 "POR" "@" "SAC" "L" -11 1 23.25 0.61 0.583 0 11.8 5.2 0 0 0 0 15.7 131 109 5.2 0.3
"67" "67" 2008-03-15 21.28 "POR" "" "MIN" "W" 11 1 21.6333333333333 0.46 0.4 0 0 0 11.5 0 3.2 26.9 16.9 77 113 2.4 -7.6
"68" "68" 2008-03-18 21.29 "POR" "" "PHO" "L" -13 1 19.2666666666667 0.833 0.833 5.3 14.7 9.2 0 0 0 40 11.8 92 124 2.6 -4
"69" "69" 2008-03-21 21.3 "POR" "" "LAC" "W" 5 1 35.35 1.015 1 0 17 8.8 3.9 0 2.3 27.6 15.2 129 121 11.1 0.8
"70" "70" 2008-03-22 21.3 "POR" "@" "LAC" "W" 11 1 24.05 0.45 0.438 4 0 2.1 7.7 0 0 18.4 21.5 83 96 1 -8.6
"71" "71" 2008-03-24 21.3 "POR" "@" "SEA" "L" -13 1 33.65 0.538 0.525 0 21 9.4 19.8 0 0 0 28.3 110 113 13.6 6.7
"72" "72" 2008-03-25 21.31 "POR" "" "WAS" "W" 20 1 37.0833333333333 0.796 0.786 0 7.8 4.3 4.7 0 2.1 6.5 20 150 106 17.3 8.8
"73" "73" 2008-03-27 21.31 "POR" "@" "GSW" "L" -16 1 39.2666666666667 0.47 0.429 7.8 9.2 8.4 12.7 1.4 0 0 16.9 122 129 10.7 -0.5
"74" "74" 2008-03-29 21.32 "POR" "" "CHA" "L" -8 1 25.3833333333333 0.167 0.167 0 28.4 12.7 6.1 4.3 0 18.2 18.2 44 100 -1.2 -10
"75" "75" 2008-04-02 21.33 "POR" "@" "LAL" "L" -13 1 26.85 0.901 0.909 0 5.3 2.2 8.3 2 0 13.6 26 143 119 16.1 16.3
"76" "" 2008-04-03 21.33 "POR" "" "HOU" "L" -9 NA NA NA NA NA NA NA NA NA NA NA NA NA NA NA NA
"77" "" 2008-04-06 21.34 "POR" "" "SAS" "L" -7 NA NA NA NA NA NA NA NA NA NA NA NA NA NA NA NA
"78" "" 2008-04-08 21.35 "POR" "" "LAL" "W" 9 NA NA NA NA NA NA NA NA NA NA NA NA NA NA NA NA
"79" "" 2008-04-11 21.35 "POR" "@" "SAC" "L" -17 NA NA NA NA NA NA NA NA NA NA NA NA NA NA NA NA
"80" "" 2008-04-12 21.36 "POR" "" "DAL" "W" 3 NA NA NA NA NA NA NA NA NA NA NA NA NA NA NA NA
"81" "" 2008-04-15 21.36 "POR" "" "MEM" "W" 22 NA NA NA NA NA NA NA NA NA NA NA NA NA NA NA NA
"82" "" 2008-04-16 21.37 "POR" "@" "PHO" "L" -9 NA NA NA NA NA NA NA NA NA NA NA NA NA NA NA NA
"1" "" 2008-10-28 21.9 "POR" "@" "LAL" "L" -20 NA NA NA NA NA NA NA NA NA NA NA NA NA NA NA NA
"2" "" 2008-10-31 21.91 "POR" "" "SAS" "W" 1 NA NA NA NA NA NA NA NA NA NA NA NA NA NA NA NA
"3" "" 2008-11-01 21.91 "POR" "@" "PHO" "L" -11 NA NA NA NA NA NA NA NA NA NA NA NA NA NA NA NA
"4" "" 2008-11-05 21.92 "POR" "@" "UTA" "L" -7 NA NA NA NA NA NA NA NA NA NA NA NA NA NA NA NA
"5" "" 2008-11-06 21.93 "POR" "" "HOU" "W" 2 NA NA NA NA NA NA NA NA NA NA NA NA NA NA NA NA
"6" "" 2008-11-08 21.93 "POR" "" "MIN" "W" 4 NA NA NA NA NA NA NA NA NA NA NA NA NA NA NA NA
"7" "" 2008-11-10 21.94 "POR" "@" "ORL" "W" 7 NA NA NA NA NA NA NA NA NA NA NA NA NA NA NA NA
"8" "" 2008-11-12 21.94 "POR" "@" "MIA" "W" 8 NA NA NA NA NA NA NA NA NA NA NA NA NA NA NA NA
"9" "" 2008-11-14 21.95 "POR" "@" "NOH" "L" -5 NA NA NA NA NA NA NA NA NA NA NA NA NA NA NA NA
"10" "" 2008-11-15 21.95 "POR" "@" "MIN" "W" 5 NA NA NA NA NA NA NA NA NA NA NA NA NA NA NA NA
"11" "" 2008-11-18 21.96 "POR" "@" "GSW" "L" -5 NA NA NA NA NA NA NA NA NA NA NA NA NA NA NA NA
"12" "" 2008-11-19 21.96 "POR" "" "CHI" "W" 42 NA NA NA NA NA NA NA NA NA NA NA NA NA NA NA NA
"13" "" 2008-11-21 21.97 "POR" "@" "SAC" "W" 21 NA NA NA NA NA NA NA NA NA NA NA NA NA NA NA NA
"14" "" 2008-11-22 21.97 "POR" "@" "PHO" "L" -10 NA NA NA NA NA NA NA NA NA NA NA NA NA NA NA NA
"15" "" 2008-11-24 21.98 "POR" "" "SAC" "W" 1 NA NA NA NA NA NA NA NA NA NA NA NA NA NA NA NA
"16" "" 2008-11-26 21.98 "POR" "" "MIA" "W" 38 NA NA NA NA NA NA NA NA NA NA NA NA NA NA NA NA
"17" "" 2008-11-28 21.99 "POR" "" "NOH" "W" 15 NA NA NA NA NA NA NA NA NA NA NA NA NA NA NA NA
"18" "" 2008-11-30 21.99 "POR" "@" "DET" "W" 11 NA NA NA NA NA NA NA NA NA NA NA NA NA NA NA NA
"19" "" 2008-12-02 22 "POR" "@" "NYK" "W" 7 NA NA NA NA NA NA NA NA NA NA NA NA NA NA NA NA
"20" "" 2008-12-03 22 "POR" "@" "WAS" "W" 6 NA NA NA NA NA NA NA NA NA NA NA NA NA NA NA NA
"21" "" 2008-12-05 22 "POR" "@" "BOS" "L" -15 NA NA NA NA NA NA NA NA NA NA NA NA NA NA NA NA
"22" "1" 2008-12-07 22.01 "POR" "@" "TOR" "W" 1 0 5.25 0 0 0 0 0 0 0 0 0 8.8 0 121 -0.7 -14.2
"23" "" 2008-12-09 22.01 "POR" "" "ORL" "L" -1 NA NA NA NA NA NA NA NA NA NA NA NA NA NA NA NA
"24" "" 2008-12-11 22.02 "POR" "@" "UTA" "L" -9 NA NA NA NA NA NA NA NA NA NA NA NA NA NA NA NA
"25" "" 2008-12-12 22.02 "POR" "" "LAC" "L" -8 NA NA NA NA NA NA NA NA NA NA NA NA NA NA NA NA
"26" "" 2008-12-16 22.03 "POR" "" "SAC" "W" 32 NA NA NA NA NA NA NA NA NA NA NA NA NA NA NA NA
"27" "" 2008-12-18 22.04 "POR" "" "PHO" "W" 5 NA NA NA NA NA NA NA NA NA NA NA NA NA NA NA NA
"28" "" 2008-12-22 22.05 "POR" "@" "DEN" "L" -8 NA NA NA NA NA NA NA NA NA NA NA NA NA NA NA NA
"29" "" 2008-12-23 22.05 "POR" "" "DEN" "W" 9 NA NA NA NA NA NA NA NA NA NA NA NA NA NA NA NA
"30" "" 2008-12-25 22.06 "POR" "" "DAL" "L" -8 NA NA NA NA NA NA NA NA NA NA NA NA NA NA NA NA
"31" "" 2008-12-27 22.06 "POR" "" "TOR" "W" 13 NA NA NA NA NA NA NA NA NA NA NA NA NA NA NA NA
"32" "" 2008-12-30 22.07 "POR" "" "BOS" "W" 5 NA NA NA NA NA NA NA NA NA NA NA NA NA NA NA NA
"33" "" 2009-01-02 22.08 "POR" "" "NOH" "L" -15 NA NA NA NA NA NA NA NA NA NA NA NA NA NA NA NA
"34" "" 2009-01-04 22.08 "POR" "@" "LAL" "L" -14 NA NA NA NA NA NA NA NA NA NA NA NA NA NA NA NA
"35" "" 2009-01-07 22.09 "POR" "" "DET" "W" 1 NA NA NA NA NA NA NA NA NA NA NA NA NA NA NA NA
"36" "" 2009-01-10 22.1 "POR" "" "GSW" "W" 13 NA NA NA NA NA NA NA NA NA NA NA NA NA NA NA NA
"37" "" 2009-01-12 22.11 "POR" "@" "CHI" "W" 14 NA NA NA NA NA NA NA NA NA NA NA NA NA NA NA NA
"38" "" 2009-01-14 22.11 "POR" "@" "PHI" "L" -21 NA NA NA NA NA NA NA NA NA NA NA NA NA NA NA NA
"39" "" 2009-01-15 22.12 "POR" "@" "NJN" "W" 6 NA NA NA NA NA NA NA NA NA NA NA NA NA NA NA NA
"40" "" 2009-01-17 22.12 "POR" "@" "CHA" "L" -5 NA NA NA NA NA NA NA NA NA NA NA NA NA NA NA NA
"41" "" 2009-01-19 22.13 "POR" "" "MIL" "W" 17 NA NA NA NA NA NA NA NA NA NA NA NA NA NA NA NA
"42" "" 2009-01-21 22.13 "POR" "" "CLE" "L" -6 NA NA NA NA NA NA NA NA NA NA NA NA NA NA NA NA
"43" "" 2009-01-24 22.14 "POR" "" "WAS" "W" 13 NA NA NA NA NA NA NA NA NA NA NA NA NA NA NA NA
"44" "" 2009-01-26 22.15 "POR" "@" "LAC" "W" 25 NA NA NA NA NA NA NA NA NA NA NA NA NA NA NA NA
"45" "" 2009-01-28 22.15 "POR" "" "CHA" "W" 14 NA NA NA NA NA NA NA NA NA NA NA NA NA NA NA NA
"46" "" 2009-01-31 22.16 "POR" "" "UTA" "W" 14 NA NA NA NA NA NA NA NA NA NA NA NA NA NA NA NA
"47" "" 2009-02-02 22.16 "POR" "@" "NOH" "W" 8 NA NA NA NA NA NA NA NA NA NA NA NA NA NA NA NA
"48" "" 2009-02-04 22.17 "POR" "@" "DAL" "L" -5 NA NA NA NA NA NA NA NA NA NA NA NA NA NA NA NA
"49" "" 2009-02-06 22.18 "POR" "@" "OKC" "L" -9 NA NA NA NA NA NA NA NA NA NA NA NA NA NA NA NA
"50" "" 2009-02-08 22.18 "POR" "" "NYK" "W" 1 NA NA NA NA NA NA NA NA NA NA NA NA NA NA NA NA
"51" "" 2009-02-11 22.19 "POR" "" "OKC" "W" 14 NA NA NA NA NA NA NA NA NA NA NA NA NA NA NA NA
"52" "" 2009-02-12 22.19 "POR" "@" "GSW" "L" -7 NA NA NA NA NA NA NA NA NA NA NA NA NA NA NA NA
"53" "" 2009-02-18 22.21 "POR" "" "MEM" "W" 4 NA NA NA NA NA NA NA NA NA NA NA NA NA NA NA NA
"54" "" 2009-02-20 22.21 "POR" "" "ATL" "W" 10 NA NA NA NA NA NA NA NA NA NA NA NA NA NA NA NA
"55" "" 2009-02-22 22.22 "POR" "" "LAC" "W" 29 NA NA NA NA NA NA NA NA NA NA NA NA NA NA NA NA
"56" "" 2009-02-24 22.22 "POR" "@" "HOU" "L" -4 NA NA NA NA NA NA NA NA NA NA NA NA NA NA NA NA
"57" "" 2009-02-25 22.23 "POR" "@" "SAS" "L" -15 NA NA NA NA NA NA NA NA NA NA NA NA NA NA NA NA
"58" "" 2009-02-27 22.23 "POR" "@" "MIN" "W" 20 NA NA NA NA NA NA NA NA NA NA NA NA NA NA NA NA
"59" "" 2009-03-01 22.24 "POR" "" "SAS" "W" 18 NA NA NA NA NA NA NA NA NA NA NA NA NA NA NA NA
"60" "" 2009-03-04 22.25 "POR" "" "IND" "W" 2 NA NA NA NA NA NA NA NA NA NA NA NA NA NA NA NA
"61" "" 2009-03-05 22.25 "POR" "@" "DEN" "L" -16 NA NA NA NA NA NA NA NA NA NA NA NA NA NA NA NA
"62" "" 2009-03-07 22.25 "POR" "" "MIN" "W" 2 NA NA NA NA NA NA NA NA NA NA NA NA NA NA NA NA
"63" "" 2009-03-09 22.26 "POR" "" "LAL" "W" 17 NA NA NA NA NA NA NA NA NA NA NA NA NA NA NA NA
"64" "" 2009-03-11 22.27 "POR" "" "DAL" "L" -4 NA NA NA NA NA NA NA NA NA NA NA NA NA NA NA NA
"65" "" 2009-03-13 22.27 "POR" "" "NJN" "W" 9 NA NA NA NA NA NA NA NA NA NA NA NA NA NA NA NA
"66" "" 2009-03-15 22.28 "POR" "@" "ATL" "L" -18 NA NA NA NA NA NA NA NA NA NA NA NA NA NA NA NA
"67" "" 2009-03-16 22.28 "POR" "@" "MEM" "W" 11 NA NA NA NA NA NA NA NA NA NA NA NA NA NA NA NA
"68" "" 2009-03-18 22.28 "POR" "@" "IND" "W" 10 NA NA NA NA NA NA NA NA NA NA NA NA NA NA NA NA
"69" "" 2009-03-19 22.29 "POR" "@" "CLE" "L" -5 NA NA NA NA NA NA NA NA NA NA NA NA NA NA NA NA
"70" "" 2009-03-21 22.29 "POR" "@" "MIL" "W" 12 NA NA NA NA NA NA NA NA NA NA NA NA NA NA NA NA
"71" "" 2009-03-23 22.3 "POR" "" "PHI" "L" -6 NA NA NA NA NA NA NA NA NA NA NA NA NA NA NA NA
"72" "" 2009-03-26 22.31 "POR" "" "PHO" "W" 20 NA NA NA NA NA NA NA NA NA NA NA NA NA NA NA NA
"73" "" 2009-03-28 22.31 "POR" "" "MEM" "W" 20 NA NA NA NA NA NA NA NA NA NA NA NA NA NA NA NA
"74" "" 2009-03-31 22.32 "POR" "" "UTA" "W" 21 NA NA NA NA NA NA NA NA NA NA NA NA NA NA NA NA
"75" "" 2009-04-03 22.33 "POR" "@" "OKC" "W" 35 NA NA NA NA NA NA NA NA NA NA NA NA NA NA NA NA
"76" "" 2009-04-05 22.33 "POR" "@" "HOU" "L" -14 NA NA NA NA NA NA NA NA NA NA NA NA NA NA NA NA
"77" "" 2009-04-07 22.34 "POR" "@" "MEM" "W" 3 NA NA NA NA NA NA NA NA NA NA NA NA NA NA NA NA
"78" "" 2009-04-08 22.34 "POR" "@" "SAS" "W" 12 NA NA NA NA NA NA NA NA NA NA NA NA NA NA NA NA
"79" "" 2009-04-10 22.35 "POR" "" "LAL" "W" 8 NA NA NA NA NA NA NA NA NA NA NA NA NA NA NA NA
"80" "" 2009-04-11 22.35 "POR" "@" "LAC" "W" 15 NA NA NA NA NA NA NA NA NA NA NA NA NA NA NA NA
"81" "" 2009-04-13 22.36 "POR" "" "OKC" "W" 30 NA NA NA NA NA NA NA NA NA NA NA NA NA NA NA NA
"82" "" 2009-04-15 22.36 "POR" "" "DEN" "W" 28 NA NA NA NA NA NA NA NA NA NA NA NA NA NA NA NA
"1" "1" 2009-10-27 22.9 "POR" "" "HOU" "W" 9 1 25.1333333333333 0.799 0.714 5.5 7.8 6.8 15.1 4 3 18.6 18.2 138 89 13.7 14.2
"2" "2" 2009-10-29 22.9 "POR" "" "DEN" "L" -3 1 30.2833333333333 0.506 0.5 0 18.1 7.9 7.3 1.9 6.3 9.2 16.3 99 108 6.6 2.7
"3" "3" 2009-10-31 22.91 "POR" "@" "HOU" "L" -4 1 14.5333333333333 0.333 0.333 0 17.9 9.6 9.5 0 6 0 9.7 98 125 1.1 -5.3
"4" "4" 2009-11-01 22.91 "POR" "@" "OKC" "W" 9 1 38.5 0.388 0.375 3.6 11.3 7.9 5.4 6.1 2.2 7.2 18.4 85 83 8.3 3.7
"5" "5" 2009-11-03 22.92 "POR" "" "ATL" "L" -6 1 27.1833333333333 0.68 0.6 0 4.8 2.2 0 2 0 0 10.4 139 115 6.2 2.4
"6" "6" 2009-11-06 22.92 "POR" "" "SAS" "W" 12 0 13.1333333333333 0.41 0.25 9.4 0 4.3 0 4.2 0 17 21.7 85 98 1.5 -5.3
"7" "7" 2009-11-08 22.93 "POR" "" "MIN" "W" 23 0 21.3166666666667 0.581 0.5 0 4.8 2.6 24.7 4.7 0 22.5 18.5 106 97 7.7 4.5
"8" "8" 2009-11-10 22.93 "POR" "@" "MEM" "W" 14 0 16.3833333333333 0.521 0.25 0 27.3 14.6 0 0 8.6 10.4 29.7 105 85 6.4 4.1
"9" "9" 2009-11-11 22.94 "POR" "@" "MIN" "W" 23 0 25.1166666666667 0.743 0.667 6 10.1 8.2 0 4.3 0 15.7 25.2 122 93 12.2 3.1
"10" "10" 2009-11-13 22.94 "POR" "@" "NOH" "W" 8 0 12.7666666666667 0.515 0.333 0 7.7 3.8 0 0 0 0 13.2 128 96 2.6 1
"11" "11" 2009-11-14 22.95 "POR" "@" "CHA" "W" 6 0 10.6833333333333 0 0 0 17 10.8 0 5.7 0 25 20.4 0 80 -2.3 -16
"12" "12" 2009-11-16 22.95 "POR" "@" "ATL" "L" -4 0 11.1333333333333 0.333 0.333 0 10.8 5.7 0 0 0 0 13.7 69 111 -0.2 -10.3
"13" "13" 2009-11-18 22.96 "POR" "" "DET" "W" 6 0 11.6166666666667 0 0 0 9.8 5.5 0 4.9 0 0 13.2 0 90 -2 -15.2
"14" "14" 2009-11-20 22.96 "POR" "@" "GSW" "L" -14 0 13.7833333333333 0.25 0.25 0 8.9 4.2 0 0 4.9 20 15.1 48 114 -1.2 -12
"15" "15" 2009-11-21 22.96 "POR" "" "MIN" "W" 28 1 31.2333333333333 0.653 0.692 7.9 39.3 24.4 10.9 0 0 5.9 26.4 132 89 17.8 10.4
"16" "16" 2009-11-23 22.97 "POR" "" "CHI" "W" 24 1 21.9333333333333 0.287 0.3 6.6 16 11.8 6.2 0 0 0 22.7 87 117 2.1 -12.8
"17" "17" 2009-11-25 22.98 "POR" "" "NJN" "W" 10 1 25.05 0.625 0.625 0 8.7 4.7 0 0 2.6 20 19.8 93 104 4.9 -2.6
"18" "18" 2009-11-27 22.98 "POR" "" "MEM" "L" -10 1 37.9666666666667 0.857 0.857 0 18.1 8 5.8 1.5 5.3 0 17.3 169 119 23.1 18.3
"19" "19" 2009-11-28 22.98 "POR" "@" "UTA" "L" -16 1 31.05 0.571 0.571 3.9 19.9 10.9 0 0 0 11.3 13.6 105 127 4.6 -3.4
"20" "20" 2009-12-01 22.99 "POR" "" "MIA" "L" -7 1 30.5333333333333 0.37 0.357 6.4 13.9 9.5 0 0 0 0 20.9 100 126 3.9 -7.2
"21" "21" 2009-12-05 23 "POR" "" "HOU" "W" 1 1 16.9833333333333 0.167 0.167 0 13.5 7.9 0 0 0 0 18.8 38 111 -2 -15.2
"22" "22" 2009-12-07 23.01 "POR" "@" "NYK" "L" -9 1 22.9166666666667 0.25 0.25 0 4.7 2.7 0 2.4 4 14.3 15.4 48 110 -1 -8.6
"23" "23" 2009-12-09 23.01 "POR" "@" "IND" "W" 11 1 29.5 0.313 0.313 4.2 13.8 9.5 4.6 0 2.2 11.1 14.4 70 102 1.7 -7.1
"24" "24" 2009-12-11 23.02 "POR" "@" "CLE" "L" -5 1 34.8666666666667 0.468 0.423 3.5 13.3 7.9 0 0 0 0 19.1 100 119 5.5 -5
"25" "25" 2009-12-12 23.02 "POR" "@" "MIL" "L" -7 1 32.5666666666667 0.554 0.536 7 7.9 7.4 13.5 0 0 17.2 25.5 101 109 9 2.9
"26" "26" 2009-12-15 23.03 "POR" "" "SAC" "W" 7 1 22.65 0.571 0.571 0 22.3 11.3 14.3 0 0 11.3 19.1 111 104 6.5 3.3
"27" "27" 2009-12-17 23.04 "POR" "" "PHO" "W" 3 1 32.8833333333333 0.718 0.7 11.5 15 13.3 5.6 3.3 2.5 8.7 16.1 143 110 15.7 9.4
"28" "28" 2009-12-19 23.04 "POR" "@" "ORL" "L" -9 1 31.8333333333333 0.084 0.091 3.1 22.6 11.9 5.5 3.3 3.1 7.8 18.9 25 95 -2 -8.5
"29" "29" 2009-12-20 23.04 "POR" "@" "MIA" "W" 7 1 33.75 0.856 0.786 0 19.8 10.8 4.4 0 0 0 13.6 181 118 13.9 8.1
"30" "30" 2009-12-22 23.05 "POR" "@" "DAL" "W" 4 1 28.1666666666667 0.25 0.25 0 14.2 7.4 0 0 0 14.3 12.1 44 97 -1.4 -10.8
"31" "31" 2009-12-23 23.05 "POR" "@" "SAS" "W" 4 1 38.8333333333333 0.59 0.5 0 12 5.4 4 0 0 9.7 13.2 117 118 5.6 -3.4
"32" "32" 2009-12-25 23.06 "POR" "" "DEN" "W" 11 1 24.55 0.786 0.786 0 9.8 5.4 0 0 2.9 30 20.4 93 116 5.2 -1
"33" "33" 2009-12-28 23.07 "POR" "" "PHI" "L" -11 1 36.4 0.381 0.286 5.7 13.6 8.8 4.1 1.6 1.9 0 10.2 105 123 6.2 -4.5
"34" "34" 2009-12-30 23.07 "POR" "" "LAC" "W" 4 1 31.0666666666667 0.599 0.5 0 17.7 8.5 0 0 2.8 7.4 19.6 121 111 8.8 -2.1
"35" "35" 2010-01-02 23.08 "POR" "" "GSW" "W" 16 1 46.2666666666667 0.671 0.692 5.5 22.8 14.4 10.8 0 3.1 6 16.8 141 96 18.5 7.8
"36" "36" 2010-01-04 23.08 "POR" "@" "LAC" "L" -10 1 39.8166666666667 0.766 0.767 3.3 19.4 10.8 0 1.4 0 5.8 21.3 136 119 19.9 7.1
"37" "37" 2010-01-05 23.09 "POR" "" "MEM" "L" -4 1 39.7333333333333 0.7 0.7 0 8.8 4.9 3.9 4.2 0 0 18.7 147 121 17.5 7.7
"38" "38" 2010-01-08 23.1 "POR" "" "LAL" "W" 9 1 46.0833333333333 0.391 0.412 10.4 10.4 10.4 0 0 0 0 19.8 96 119 6.5 -8.6
"39" "39" 2010-01-10 23.1 "POR" "" "CLE" "L" -12 1 37.3333333333333 0.505 0.455 3.4 17.9 10.4 7.8 0 2.4 7.8 18.2 105 129 8 -0.2
"40" "40" 2010-01-13 23.11 "POR" "" "MIL" "W" 12 1 25.25 0.75 0.75 6.8 14.6 11.3 5.8 0 6.7 0 19.5 150 119 14.1 9.4
"41" "41" 2010-01-15 23.12 "POR" "" "ORL" "W" 15 1 38.3 0.783 0.75 3.1 25.1 14.1 0 0 0 0 19.7 156 102 20.1 11.3
"42" "42" 2010-01-18 23.12 "POR" "@" "WAS" "L" -5 1 44.2 0.571 0.5 0 9.9 4.5 3.6 1.3 3.6 6 17.7 125 116 13.2 2.9
"43" "43" 2010-01-20 23.13 "POR" "@" "PHI" "W" 8 1 19.5666666666667 0.111 0.111 7 6.5 6.7 0 0 0 0 23.5 37 116 -3.7 -24.4
"44" "44" 2010-01-22 23.13 "POR" "@" "BOS" "L" -3 1 32.6166666666667 0.476 0.375 6.9 9 7.8 0 0 2.8 9.1 31.1 102 106 7.7 -2.7
"45" "45" 2010-01-23 23.14 "POR" "@" "DET" "W" 4 1 48 0.674 0.632 0 16.7 9.3 8 1.2 0 4.6 23.8 121 109 20.2 5.2
"46" "46" 2010-01-25 23.14 "POR" "" "NOH" "L" -1 1 33.9833333333333 0.709 0.667 0 13.2 5.9 8.2 0 5.8 0 13.7 151 115 11.8 6.9
"47" "47" 2010-01-27 23.15 "POR" "" "UTA" "L" -11 1 30.45 0.444 0.357 5.7 0 3.8 5.9 3.5 0 0 21.9 113 120 9.1 2.2
"48" "48" 2010-01-29 23.15 "POR" "@" "HOU" "L" -4 1 21.4 0.143 0.143 5.6 16.8 11.2 0 0 0 0 15.4 43 117 -2.1 -16.9
"49" "49" 2010-01-30 23.16 "POR" "@" "DAL" "W" 2 1 23.6666666666667 0.515 0.333 0 16 8.3 0 2.3 0 20.5 10.3 87 113 2 -4.6
"50" "50" 2010-02-01 23.16 "POR" "" "CHA" "W" 19 1 23.3333333333333 0.563 0.5 6.1 22.2 14.5 0 2.5 0 18.4 22.7 105 92 5.7 -0.6
"51" "51" 2010-02-03 23.17 "POR" "@" "UTA" "L" -13 1 36 0.559 0.559 2.8 10.3 5.5 5.1 3.1 0 10.1 24.7 110 134 11.7 0.3
"52" "52" 2010-02-04 23.17 "POR" "" "SAS" "W" 3 1 30.8166666666667 0.976 0.944 0 17.3 9.6 15.8 0 0 8.5 19.1 170 110 18.5 16.2
"53" "53" 2010-02-06 23.18 "POR" "" "LAL" "L" -17 1 28.35 0.143 0.143 0 8.5 4.4 11.6 2 0 22.2 17.2 32 116 -2.7 -14.1
"54" "54" 2010-02-09 23.18 "POR" "" "OKC" "L" -12 1 16.75 0.375 0.375 0 0 0 0 0 0 42.9 19.1 41 107 -3.6 -16
"55" "55" 2010-02-10 23.19 "POR" "@" "PHO" "W" 7 1 31.7 0.714 0.714 0 15.9 8.7 4 4.9 2.5 12.5 12.6 123 104 11.3 4.9
"56" "56" 2010-02-16 23.2 "POR" "" "LAC" "W" 22 1 33.6666666666667 0.978 0.962 0 3.7 2 17.7 3.3 2.6 6.5 22.3 172 103 26.6 22.5
"57" "57" 2010-02-19 23.21 "POR" "" "BOS" "L" -20 1 22.7833333333333 0.34 0.3 0 7 3.1 21.2 0 3.7 0 12.3 89 114 2.9 1.4
"58" "58" 2010-02-21 23.22 "POR" "" "UTA" "L" -4 1 14.1833333333333 0.333 0.333 0 7.8 3.6 0 0 0 0 9.9 80 108 0.2 -9.3
"59" "59" 2010-02-23 23.22 "POR" "@" "NJN" "W" 9 0 19.1666666666667 0.436 0.417 0 8.6 4.1 14.3 0 0 12.7 22.8 88 121 2.5 -7.9
"60" "60" 2010-02-24 23.22 "POR" "@" "TOR" "W" 14 0 8 NA NA 0 32.4 15.4 0 0 0 NA 0 0 101 0.6 -5.2
"61" "61" 2010-02-26 23.23 "POR" "@" "CHI" "L" -4 0 5.16666666666667 0 0 0 0 0 0 0 0 0 9.5 0 123 -1.5 -22.3
"62" "62" 2010-02-27 23.23 "POR" "@" "MIN" "W" 19 0 20.9 0.372 0.222 15 23 18.7 7.1 0 0 8.5 26.1 94 103 4.7 -12
"63" "63" 2010-03-01 23.24 "POR" "@" "MEM" "W" 10 0 6.41666666666667 0.375 0.375 0 0 0 0 0 12.3 0 28.1 81 104 1.3 0
"64" "64" 2010-03-03 23.24 "POR" "" "IND" "W" 23 0 13.8833333333333 0.436 0.333 0 9.1 4.5 12.3 0 0 0 23 107 95 3.2 -4.3
"65" "65" 2010-03-07 23.25 "POR" "@" "DEN" "L" -12 0 16.8 0.291 0.25 6.5 40.8 19.8 17.8 3.1 0 0 18.4 89 123 3.3 -3
"66" "66" 2010-03-09 23.26 "POR" "" "SAC" "W" 7 0 15.2833333333333 0.698 0.643 0 0 0 0 0 4.8 0 25.3 141 100 7.2 8.3
"67" "67" 2010-03-11 23.27 "POR" "@" "GSW" "W" 5 0 15.9333333333333 0 0 0 28.7 13.5 0 0 5.6 0 10.2 0 111 -1.7 -14.3
"68" "68" 2010-03-12 23.27 "POR" "@" "SAC" "W" 16 0 13.8333333333333 0.333 0.333 0 32.5 15.3 30.1 0 5.2 25 14.3 85 102 3 3.6
"69" "69" 2010-03-14 23.27 "POR" "" "TOR" "W" 11 0 5.43333333333333 1.5 1.5 0 29.4 11.9 0 0 0 0 8.7 300 124 2.6 13.6
"70" "70" 2010-03-19 23.29 "POR" "" "WAS" "W" 2 0 14.3166666666667 0.5 0.5 0 14 6.6 0 0 0 0 13.5 108 93 2.2 -1.5
"71" "71" 2010-03-21 23.29 "POR" "@" "PHO" "L" -6 0 17.75 0 0 0 6.6 2.9 0 0 4.7 0 5.2 0 111 -0.8 -8.8
"72" "72" 2010-03-25 23.3 "POR" "" "DAL" "W" 12 0 10.4833333333333 0.5 0.5 0 13.9 6.1 0 5.2 0 0 27.4 98 97 3.9 1.4
"73" "73" 2010-03-27 23.31 "POR" "@" "NOH" "W" 11 0 15.9833333333333 0.393 0 19.4 0 10 0 0 0 0 23.9 121 128 3.5 -12.5
"74" "74" 2010-03-28 23.31 "POR" "@" "OKC" "W" 5 0 13.2 0.25 0.25 0 10.1 4.8 0 4.4 0 20 18.3 44 102 -0.9 -12.3
"75" "75" 2010-03-31 23.32 "POR" "" "NYK" "W" 28 0 20.35 0.538 0.538 0 23 11.8 0 2.6 4.4 0 28.1 120 96 9.8 3.4
"76" "76" 2010-04-01 23.32 "POR" "@" "DEN" "L" -17 0 27.5333333333333 0.79 0.778 4.6 15.4 9.7 0 1.9 2.9 8.5 19.8 144 118 12.6 7.5
"77" "77" 2010-04-03 23.33 "POR" "@" "SAC" "W" 11 0 9.88333333333333 0 0 0 11.8 6.4 0 0 0 33.3 15.4 0 108 -2.1 -20.1
"78" "78" 2010-04-07 23.34 "POR" "@" "LAC" "W" 8 0 11.3333333333333 0.5 0.5 11.4 22.9 17.2 13 0 0 33.3 25.5 78 102 0.8 -12.6
"79" "79" 2010-04-09 23.35 "POR" "" "DAL" "L" -6 0 7.38333333333333 NA NA 0 0 0 0 0 0 NA 0 0 109 -0.4 -8.7
"80" "80" 2010-04-11 23.35 "POR" "@" "LAL" "W" 3 0 24.5333333333333 0.83 0.714 4.6 8.9 6.7 6.9 0 0 0 19.3 180 106 12.7 12.8
"81" "81" 2010-04-12 23.35 "POR" "" "OKC" "W" 8 0 29.7 0.615 0.583 0 0 0 0 0 3.5 0 12.1 128 116 4.7 -2.2
"82" "82" 2010-04-14 23.36 "POR" "" "GSW" "L" -6 0 31.3833333333333 0.745 0.667 3.8 10.7 7.4 12.6 0 0 14.2 19.3 134 127 13.8 1.9
"1" "" 2010-10-27 23.9 "MIN" "" "SAC" "L" -1 NA NA NA NA NA NA NA NA NA NA NA NA NA NA NA NA
"2" "" 2010-10-29 23.9 "MIN" "" "MIL" "W" 11 NA NA NA NA NA NA NA NA NA NA NA NA NA NA NA NA
"3" "" 2010-10-30 23.9 "MIN" "@" "MEM" "L" -20 NA NA NA NA NA NA NA NA NA NA NA NA NA NA NA NA
"4" "" 2010-11-02 23.91 "MIN" "@" "MIA" "L" -32 NA NA NA NA NA NA NA NA NA NA NA NA NA NA NA NA
"5" "" 2010-11-03 23.92 "MIN" "@" "ORL" "L" -42 NA NA NA NA NA NA NA NA NA NA NA NA NA NA NA NA
"6" "" 2010-11-05 23.92 "MIN" "" "ATL" "L" -10 NA NA NA NA NA NA NA NA NA NA NA NA NA NA NA NA
"7" "" 2010-11-07 23.93 "MIN" "@" "HOU" "L" -26 NA NA NA NA NA NA NA NA NA NA NA NA NA NA NA NA
"8" "" 2010-11-09 23.93 "MIN" "@" "LAL" "L" -5 NA NA NA NA NA NA NA NA NA NA NA NA NA NA NA NA
"9" "" 2010-11-10 23.93 "MIN" "@" "SAC" "W" 9 NA NA NA NA NA NA NA NA NA NA NA NA NA NA NA NA
"10" "" 2010-11-12 23.94 "MIN" "" "NYK" "W" 9 NA NA NA NA NA NA NA NA NA NA NA NA NA NA NA NA
"11" "" 2010-11-14 23.95 "MIN" "@" "ATL" "L" -6 NA NA NA NA NA NA NA NA NA NA NA NA NA NA NA NA
"12" "" 2010-11-15 23.95 "MIN" "@" "CHA" "L" -3 NA NA NA NA NA NA NA NA NA NA NA NA NA NA NA NA
"13" "" 2010-11-17 23.95 "MIN" "" "LAC" "W" 2 NA NA NA NA NA NA NA NA NA NA NA NA NA NA NA NA
"14" "" 2010-11-19 23.96 "MIN" "" "LAL" "L" -17 NA NA NA NA NA NA NA NA NA NA NA NA NA NA NA NA
"15" "" 2010-11-22 23.97 "MIN" "@" "OKC" "L" -10 NA NA NA NA NA NA NA NA NA NA NA NA NA NA NA NA
"16" "" 2010-11-24 23.97 "MIN" "" "SAS" "L" -4 NA NA NA NA NA NA NA NA NA NA NA NA NA NA NA NA
"17" "" 2010-11-27 23.98 "MIN" "" "GSW" "L" -10 NA NA NA NA NA NA NA NA NA NA NA NA NA NA NA NA
"18" "" 2010-12-01 23.99 "MIN" "@" "DAL" "L" -14 NA NA NA NA NA NA NA NA NA NA NA NA NA NA NA NA
"19" "" 2010-12-03 24 "MIN" "@" "SAS" "L" -6 NA NA NA NA NA NA NA NA NA NA NA NA NA NA NA NA
"20" "" 2010-12-04 24 "MIN" "" "CLE" "W" 34 NA NA NA NA NA NA NA NA NA NA NA NA NA NA NA NA
"21" "" 2010-12-06 24.01 "MIN" "@" "NYK" "L" -7 NA NA NA NA NA NA NA NA NA NA NA NA NA NA NA NA
"22" "" 2010-12-08 24.01 "MIN" "" "OKC" "L" -8 NA NA NA NA NA NA NA NA NA NA NA NA NA NA NA NA
"23" "" 2010-12-10 24.02 "MIN" "" "DET" "W" 10 NA NA NA NA NA NA NA NA NA NA NA NA NA NA NA NA
"24" "" 2010-12-11 24.02 "MIN" "@" "CHI" "L" -31 NA NA NA NA NA NA NA NA NA NA NA NA NA NA NA NA
"25" "1" 2010-12-14 24.03 "MIN" "@" "GSW" "L" -9 0 26.3666666666667 0.833 0.875 0 21.2 10.1 13 1.9 0 32.9 23.9 100 109 10.7 3.2
"26" "2" 2010-12-15 24.03 "MIN" "@" "PHO" "L" -6 0 23.8166666666667 0.917 0.917 0 9 4.7 9.6 0 0 14.3 12 147 129 8.6 1.9
"27" "3" 2010-12-17 24.04 "MIN" "@" "POR" "L" -5 0 30.4166666666667 0.567 0.5 13.7 19.7 16.5 10.5 1.7 0 26.4 30.6 100 115 10.4 -3.8
"28" "4" 2010-12-18 24.04 "MIN" "@" "DEN" "L" -2 0 28 0.638 0.4 4.3 3.9 4.1 9.6 3.4 0 0 14 151 113 12.1 2.6
"29" "5" 2010-12-20 24.04 "MIN" "@" "LAC" "L" -23 0 33.6333333333333 0.66 0.636 0 17.8 8 12.2 1.5 0 12.8 21.3 113 118 12.6 1.9
"30" "6" 2010-12-22 24.05 "MIN" "" "UTA" "L" -5 0 25.3333333333333 0.687 0.556 3.9 4.9 4.3 0 0 0 25.6 25.2 107 120 6.3 -5.3
"31" "7" 2010-12-26 24.06 "MIN" "@" "CLE" "W" 1 0 32.1166666666667 0.311 0.292 0 9.7 4.8 0 3.1 4.9 13.4 20.7 57 96 1.5 -8.6
"32" "8" 2010-12-27 24.06 "MIN" "" "NOH" "W" 15 0 22.5833333333333 0.477 0.444 0 4.6 2.7 0 0 2.9 0 19.7 95 113 4.5 -8.4
"33" "9" 2010-12-29 24.07 "MIN" "" "DEN" "L" -6 0 24.1333333333333 0.666 0.636 0 14.2 7.9 6.6 0 0 19 27 110 125 8.3 -4.3
"34" "10" 2011-01-01 24.08 "MIN" "" "NJN" "W" 15 0 25.0333333333333 0.85 0.9 0 10.1 5.4 12.3 2.2 0 14.5 12.9 147 101 7.3 4.8
"35" "11" 2011-01-03 24.08 "MIN" "@" "BOS" "L" -3 0 26.3666666666667 0.524 0.462 0 9.3 4.9 0 0 0 17.3 29 96 111 5.1 -4.4
"36" "12" 2011-01-05 24.09 "MIN" "" "CHA" "L" -3 0 18.7166666666667 0.256 0.188 6.2 9.8 8.2 8.1 2.8 0 0 24.2 70 106 2 -8.5
"37" "13" 2011-01-07 24.09 "MIN" "" "POR" "L" -10 0 23.6833333333333 0.463 0.409 10.4 14.5 12.5 0 0 0 7.8 25.2 100 125 5 -8.6
"38" "14" 2011-01-09 24.1 "MIN" "@" "SAS" "L" -3 0 27.6333333333333 0.5 0.5 0 11.8 5.3 0 1.9 0 0 14 114 106 5.4 -1.8
"39" "15" 2011-01-11 24.1 "MIN" "" "SAS" "L" -11 0 25.4166666666667 0.527 0.429 10.9 9.2 10.2 0 1.9 0 5.5 29.5 113 112 12.1 4.1
"40" "16" 2011-01-13 24.11 "MIN" "" "WAS" "W" 12 0 23.0166666666667 0.661 0.571 4.4 16.5 9.8 0 2.2 0 19.4 18.7 111 100 7.5 -2.7
"41" "17" 2011-01-15 24.12 "MIN" "" "ORL" "L" -9 0 16.2833333333333 0.25 0.25 7.2 14 10.7 8.7 0 0 33.3 15.8 52 118 -0.8 -12.7
"42" "18" 2011-01-17 24.12 "MIN" "@" "POR" "L" -11 0 23.3666666666667 0.42 0.167 12.6 5.1 9.2 5.7 0 0 0 16.6 122 128 5.7 -4.1
"43" "19" 2011-01-19 24.13 "MIN" "@" "LAC" "L" -15 0 18.5 0.658 0.5 6.8 6 6.4 7.2 2.6 0 15.8 14.2 127 128 5.9 -3.8
"44" "20" 2011-01-24 24.14 "MIN" "" "HOU" "L" -4 0 10.4833333333333 0.333 0.333 11.2 11.2 11.2 11.1 0 8 25 15.3 77 123 0.5 -11.1
"45" "21" 2011-01-26 24.15 "MIN" "" "OKC" "L" -1 0 9.56666666666667 NA NA 0 12.3 5.8 0 0 7.7 100 4.3 0 109 0 -5.9
"46" "22" 2011-01-28 24.15 "MIN" "@" "UTA" "L" -8 0 21.2 0.902 0.833 6.3 0 2.6 7.2 0 3 34 11.8 121 117 4.6 -0.2
"47" "23" 2011-01-29 24.15 "MIN" "" "TOR" "W" 16 0 24.15 0.682 0.682 0 18.3 11.3 0 2 2.3 8.3 21.6 114 81 11.4 6.7
"48" "24" 2011-02-02 24.16 "MIN" "" "MEM" "L" -18 0 21.8166666666667 0.5 0.5 0 11.6 5.2 7.8 2.3 0 0 16.5 104 107 6.3 -0.4
"49" "25" 2011-02-04 24.17 "MIN" "@" "TOR" "L" -11 0 24.8333333333333 0.4 0.214 0 11 4.8 17.5 2 0 0 15.4 111 118 5.8 -3.1
"50" "" 2011-02-05 24.17 "MIN" "" "DEN" "L" -13 NA NA NA NA NA NA NA NA NA NA NA NA NA NA NA NA
"51" "" 2011-02-07 24.18 "MIN" "@" "NOH" "W" 12 NA NA NA NA NA NA NA NA NA NA NA NA NA NA NA NA
"52" "" 2011-02-08 24.18 "MIN" "@" "HOU" "W" 4 NA NA NA NA NA NA NA NA NA NA NA NA NA NA NA NA
"53" "" 2011-02-11 24.19 "MIN" "@" "IND" "L" -11 NA NA NA NA NA NA NA NA NA NA NA NA NA NA NA NA
"54" "" 2011-02-12 24.19 "MIN" "" "PHI" "L" -20 NA NA NA NA NA NA NA NA NA NA NA NA NA NA NA NA
"55" "26" 2011-02-14 24.2 "MIN" "" "POR" "L" -14 0 34.65 0.723 0.7 3.5 19.2 10.9 18 0 0 7.8 17.4 148 116 13.7 8.7
"56" "27" 2011-02-16 24.2 "MIN" "" "LAC" "L" -8 1 39.55 0.473 0.389 0 5.6 2.6 4.8 2.6 0 0 12.4 112 107 8 -0.2
"57" "28" 2011-02-22 24.22 "MIN" "@" "MIL" "L" -6 0 16.4666666666667 0.269 0.286 5.2 29.1 15.2 11.1 0 0 0 18.9 73 100 2.1 -4.4
"58" "" 2011-02-23 24.22 "MIN" "" "MEM" "L" -9 NA NA NA NA NA NA NA NA NA NA NA NA NA NA NA NA
"59" "" 2011-02-25 24.23 "MIN" "" "NOH" "L" -14 NA NA NA NA NA NA NA NA NA NA NA NA NA NA NA NA
"60" "" 2011-02-27 24.23 "MIN" "" "GSW" "W" 3 NA NA NA NA NA NA NA NA NA NA NA NA NA NA NA NA
"61" "" 2011-03-01 24.24 "MIN" "" "LAL" "L" -11 NA NA NA NA NA NA NA NA NA NA NA NA NA NA NA NA
"62" "" 2011-03-02 24.24 "MIN" "@" "DET" "W" 11 NA NA NA NA NA NA NA NA NA NA NA NA NA NA NA NA
"63" "" 2011-03-04 24.25 "MIN" "@" "PHI" "L" -11 NA NA NA NA NA NA NA NA NA NA NA NA NA NA NA NA
"64" "" 2011-03-05 24.25 "MIN" "@" "WAS" "L" -7 NA NA NA NA NA NA NA NA NA NA NA NA NA NA NA NA
"65" "29" 2011-03-07 24.25 "MIN" "" "DAL" "L" -3 0 12.5333333333333 0.276 0.2 8 9.3 8.6 21.8 0 0 0 18 95 121 1.5 -9
"66" "30" 2011-03-09 24.26 "MIN" "" "IND" "W" 26 0 26.1666666666667 0.5 0.5 0 9.7 4.9 0 1.8 0 22.2 13.6 78 75 1.6 -4.3
"67" "31" 2011-03-11 24.27 "MIN" "" "UTA" "W" 21 0 17.4666666666667 0 0 0 14.5 7.1 17.9 5.8 0 50 5.1 75 100 2.6 -0.6
"68" "32" 2011-03-13 24.27 "MIN" "@" "GSW" "L" -23 0 27.1166666666667 0.656 0.7 8.4 0 4 34.5 0 0 0 19.7 134 112 12.9 9.6
"69" "33" 2011-03-16 24.28 "MIN" "@" "UTA" "L" -15 0 20.8333333333333 0.717 0.75 4.7 0 2.8 0 2.4 0 29.1 13.9 105 124 3.5 -3.5
"70" "34" 2011-03-18 24.28 "MIN" "@" "LAL" "L" -8 0 24.3166666666667 0.484 0.5 0 13.8 6.7 6.3 2.1 3 0 18 111 113 6.2 -1.4
"71" "35" 2011-03-20 24.29 "MIN" "" "SAC" "L" -32 0 22.4333333333333 0.509 0.417 0 6.5 2.9 13.9 0 0 12.7 14.7 97 127 3.9 -4.9
"72" "36" 2011-03-24 24.3 "MIN" "@" "DAL" "L" -8 0 23.6333333333333 0.667 0.667 0 14.9 7.5 17.4 0 0 25 7.9 117 113 3.9 -2.1
"73" "37" 2011-03-25 24.3 "MIN" "@" "OKC" "L" -8 0 11.5 0.515 0.333 10.2 10.7 10.4 0 0 0 20.5 18.2 98 118 1.9 -8.6
"74" "38" 2011-03-27 24.31 "MIN" "" "BOS" "L" -3 0 14.6666666666667 0.75 0.75 7.1 7.3 7.2 12.2 0 0 33.3 9.5 112 112 2.3 -2.1
"75" "39" 2011-03-30 24.32 "MIN" "" "CHI" "L" -17 0 14.3666666666667 0.25 0.25 0 19.1 8 10.6 0 0 0 13.1 62 120 -0.3 -11.9
"76" "40" 2011-04-01 24.32 "MIN" "" "MIA" "L" -19 0 28.7166666666667 0.854 0.833 7.6 20.3 13 0 0 0 7.2 22.4 153 118 16.8 11.2
"77" "41" 2011-04-02 24.33 "MIN" "@" "MEM" "L" -17 0 26.6666666666667 0.676 0.625 0 20.5 11.5 12.9 1.9 0 25.3 20.4 103 109 7.3 -1.3
"78" "42" 2011-04-05 24.33 "MIN" "@" "NJN" "L" -2 0 24.95 0.913 0.929 5.3 16.4 11.6 0 0 0 0 15.6 184 117 13.8 8.7
"79" "43" 2011-04-06 24.34 "MIN" "" "PHO" "L" -10 0 26.8666666666667 1.105 1.2 0 9.9 4.4 6.1 0 0 0 9.7 216 118 11.6 4.9
"80" "44" 2011-04-09 24.35 "MIN" "@" "DEN" "L" -24 0 32.8333333333333 0.609 0.545 3.3 13.6 8.4 4.6 0 2.9 14 19.2 108 130 9.4 -4.6
"81" "45" 2011-04-11 24.35 "MIN" "@" "PHO" "L" -8 0 36.2666666666667 0.438 0.438 3.6 11.2 7.3 6.1 4.1 0 20 12.2 89 122 5.8 -4.1
"82" "46" 2011-04-13 24.36 "MIN" "" "HOU" "L" -19 0 26.0166666666667 0.42 0.3 11.5 8.8 10.2 15.6 1.8 0 7.1 22.3 102 123 8.8 -0.8
"1" "" 2011-12-26 25.06 "MIN" "" "OKC" "L" -4 NA NA NA NA NA NA NA NA NA NA NA NA NA NA NA NA
"2" "" 2011-12-27 25.06 "MIN" "@" "MIL" "L" -3 NA NA NA NA NA NA NA NA NA NA NA NA NA NA NA NA
"3" "" 2011-12-30 25.07 "MIN" "" "MIA" "L" -2 NA NA NA NA NA NA NA NA NA NA NA NA NA NA NA NA
"4" "" 2012-01-01 25.08 "MIN" "" "DAL" "W" 17 NA NA NA NA NA NA NA NA NA NA NA NA NA NA NA NA
"5" "" 2012-01-02 25.08 "MIN" "" "SAS" "W" 10 NA NA NA NA NA NA NA NA NA NA NA NA NA NA NA NA
"6" "" 2012-01-04 25.08 "MIN" "" "MEM" "L" -4 NA NA NA NA NA NA NA NA NA NA NA NA NA NA NA NA
"7" "" 2012-01-06 25.09 "MIN" "" "CLE" "L" -11 NA NA NA NA NA NA NA NA NA NA NA NA NA NA NA NA
"8" "" 2012-01-08 25.1 "MIN" "@" "WAS" "W" 21 NA NA NA NA NA NA NA NA NA NA NA NA NA NA NA NA
"9" "" 2012-01-09 25.1 "MIN" "@" "TOR" "L" -10 NA NA NA NA NA NA NA NA NA NA NA NA NA NA NA NA
"10" "" 2012-01-10 25.1 "MIN" "" "CHI" "L" -11 NA NA NA NA NA NA NA NA NA NA NA NA NA NA NA NA
"11" "" 2012-01-13 25.11 "MIN" "@" "NOH" "W" 7 NA NA NA NA NA NA NA NA NA NA NA NA NA NA NA NA
"12" "" 2012-01-14 25.11 "MIN" "@" "ATL" "L" -2 NA NA NA NA NA NA NA NA NA NA NA NA NA NA NA NA
"13" "" 2012-01-16 25.12 "MIN" "" "SAC" "W" 13 NA NA NA NA NA NA NA NA NA NA NA NA NA NA NA NA
"14" "" 2012-01-18 25.12 "MIN" "" "DET" "W" 8 NA NA NA NA NA NA NA NA NA NA NA NA NA NA NA NA
"15" "" 2012-01-20 25.13 "MIN" "@" "LAC" "W" 3 NA NA NA NA NA NA NA NA NA NA NA NA NA NA NA NA
"16" "" 2012-01-21 25.13 "MIN" "@" "UTA" "L" -10 NA NA NA NA NA NA NA NA NA NA NA NA NA NA NA NA
"17" "" 2012-01-23 25.14 "MIN" "" "HOU" "L" -15 NA NA NA NA NA NA NA NA NA NA NA NA NA NA NA NA
"18" "" 2012-01-25 25.14 "MIN" "@" "DAL" "W" 15 NA NA NA NA NA NA NA NA NA NA NA NA NA NA NA NA
"19" "1" 2012-01-27 25.15 "MIN" "" "SAS" "W" 8 0 5.95 0.5 0.5 0 42.5 20.2 0 0 0 0 24.5 103 92 1.9 6.3
"20" "2" 2012-01-29 25.15 "MIN" "" "LAL" "L" -5 0 22.7666666666667 0.315 0.333 3.6 24.1 11.3 0 2.3 3.5 0 28.3 82 113 3.9 -3.3
"21" "3" 2012-01-30 25.16 "MIN" "@" "HOU" "W" 12 0 22.2166666666667 0.788 0.75 0 14.7 8.8 5.9 2.2 6.5 40.3 15.2 93 105 4.4 1.5
"22" "4" 2012-02-01 25.16 "MIN" "" "IND" "L" -10 0 20.5833333333333 0.514 0.357 9.1 10.4 9.7 0 4.5 0 0 16.6 124 101 7.7 6.3
"23" "5" 2012-02-03 25.17 "MIN" "@" "NJN" "W" 3 0 3.21666666666667 1.25 1.25 0 0 0 0 0 0 33.3 39.9 104 120 2.6 14
"24" "6" 2012-02-04 25.17 "MIN" "" "HOU" "W" 9 0 19.85 0.125 0.125 0 5.5 2.8 7 5.2 0 0 17.9 41 94 -1 -8.9
"25" "" 2012-02-07 25.18 "MIN" "" "SAC" "W" 2 NA NA NA NA NA NA NA NA NA NA NA NA NA NA NA NA
"26" "7" 2012-02-08 25.18 "MIN" "@" "MEM" "L" -5 0 7.91666666666667 0 0 12.6 0 5.7 0 0 0 0 17.8 21 105 -1.8 -20
"27" "8" 2012-02-10 25.19 "MIN" "" "DAL" "L" -7 0 13.6833333333333 0.644 0.667 8.2 0 4.1 14 0 0 43.6 20.2 76 106 0.9 -5.6
"28" "9" 2012-02-11 25.19 "MIN" "" "NYK" "L" -2 0 9.56666666666667 1.5 1.5 0 11.7 6 0 0 0 0 4.4 300 103 3 8.2
"29" "10" 2012-02-13 25.19 "MIN" "@" "ORL" "L" -13 1 23.3 0.434 0.25 0 18.3 8.9 0 0 0 25.8 14.7 70 112 0.6 -8.7
"30" "11" 2012-02-15 25.2 "MIN" "" "CHA" "W" 12 0 23.5333333333333 0.6 0.6 5.4 16.7 11.7 0 4.5 0 0 9.7 130 93 6.8 0.7
"31" "12" 2012-02-17 25.21 "MIN" "@" "HOU" "W" 13 0 18.8333333333333 0.436 0.333 0 0 0 6.3 0 3.9 0 8.3 123 114 2.3 -2
"32" "13" 2012-02-19 25.21 "MIN" "" "PHI" "W" 1 0 21.75 0.5 0.5 0 23 11.5 0 5 2.8 25 8.3 77 91 4.1 3.7
"33" "14" 2012-02-20 25.21 "MIN" "@" "DEN" "L" -2 0 31.8 0.442 0.35 3 9.8 6.2 5.4 1.6 4.8 20.9 19.2 79 100 4.3 -3.4
"34" "15" 2012-02-22 25.22 "MIN" "" "UTA" "W" 2 0 21.3666666666667 0.5 0.5 0 5.2 2.5 0 0 0 0 10.1 118 117 1.8 -4.4
"35" "16" 2012-02-28 25.24 "MIN" "@" "LAC" "W" 12 0 20.45 0.698 0.786 0 5.6 2.9 0 0 0 0 18.7 125 115 6.8 0.4
"36" "17" 2012-02-29 25.24 "MIN" "@" "LAL" "L" -19 0 21.5666666666667 0.799 0.786 0 0 0 18.6 0 0 0 17.7 163 115 11.3 9.7
"37" "18" 2012-03-01 25.24 "MIN" "@" "PHO" "L" -9 0 23.0333333333333 0.58 0.5 4.3 13 7.7 0 2.3 0 0 14.6 133 117 7.1 0.4
"38" "19" 2012-03-03 25.25 "MIN" "@" "POR" "W" 12 0 34.3833333333333 0.893 0.85 3.8 25.1 14.7 0 1.5 4.9 7.8 16.9 167 113 20.2 12.7
"39" "20" 2012-03-05 25.25 "MIN" "" "LAC" "W" 1 0 11.6333333333333 0 0 0 18.3 8.7 0 0 0 33.3 12 0 107 -2.6 -19.1
"40" "21" 2012-03-07 25.26 "MIN" "" "POR" "W" 12 0 20.1 1.05 1 6 10.9 8.5 0 2.8 0 17.4 13.6 173 106 10 11.2
"41" "22" 2012-03-09 25.26 "MIN" "" "LAL" "L" -3 0 25.4 0.21 0 0 13.8 7.2 0 0 0 17.4 10.3 40 119 -1.4 -13.1
"42" "23" 2012-03-10 25.27 "MIN" "" "NOH" "L" -6 1 24.1833333333333 0.2 0.2 4.5 30.5 16.7 12.8 0 0 16.7 11 63 105 1.4 -6.8
"43" "24" 2012-03-12 25.27 "MIN" "@" "PHO" "W" 3 1 20.0166666666667 0.5 0.5 12.3 0 6.3 30.2 0 0 33.3 6.6 147 136 4 0.5
"44" "25" 2012-03-15 25.28 "MIN" "@" "UTA" "L" -6 1 36.9 0.694 0.5 0 10.4 5.6 4.3 1.4 0 21.7 11.5 113 109 7.4 -2
"45" "26" 2012-03-16 25.28 "MIN" "@" "LAL" "L" -5 1 33.5166666666667 0.667 0.667 5.3 9 7 19.2 1.6 0 10 12.7 135 108 12 7.1
"46" "27" 2012-03-18 25.29 "MIN" "@" "SAC" "L" -16 1 32.9166666666667 0.761 0.643 0 3.2 1.6 0 1.5 2.1 17.9 13.6 131 116 9.9 0.5
"47" "28" 2012-03-19 25.29 "MIN" "@" "GSW" "W" 4 1 25.5166666666667 0.753 0.5 5.2 4.2 4.6 0 0 0 23.1 8.1 128 111 2.4 -6.9
"48" "29" 2012-03-21 25.3 "MIN" "@" "SAS" "L" -16 1 23.55 0.688 0.688 4.2 12.5 8.4 7.1 0 0 11.1 16.6 122 120 7.5 -0.1
"49" "30" 2012-03-23 25.3 "MIN" "@" "OKC" "L" -9 1 21.9 0.41 0.25 0 6.2 2.8 0 0 0 29.1 13.7 61 131 -0.1 -11.6
"50" "31" 2012-03-25 25.31 "MIN" "" "DEN" "W" 17 1 25.5333333333333 0.385 0.385 15.3 10.7 13.4 0 2 2.8 18.8 26.2 82 107 4.6 -7.4
"51" "32" 2012-03-27 25.31 "MIN" "@" "MEM" "L" -7 1 33.8 0.414 0.4 15.1 16.9 16 0 3.2 0 8.4 16.3 97 101 8.4 -1.4
"52" "33" 2012-03-28 25.32 "MIN" "@" "CHA" "W" 5 1 40.7166666666667 0.571 0.571 5.2 11 8 4 0 1.8 12.5 9.2 111 96 5.7 -3.1
"53" "34" 2012-03-30 25.32 "MIN" "" "BOS" "L" -21 1 29.65 0.286 0.286 10.6 14.7 12.6 7.1 3.6 2.1 0 10.7 87 106 6.2 1.8
"54" "35" 2012-04-01 25.33 "MIN" "@" "POR" "L" -13 1 24.8833333333333 0.875 0.875 4.9 18.8 12.1 0 0 0 42.9 13.3 93 133 3.5 -7.8
"55" "36" 2012-04-02 25.33 "MIN" "@" "SAC" "L" -8 1 24 0.5 0.5 4.5 21.6 12.3 5.7 2.2 0 0 7.7 123 124 5.6 -2.4
"56" "37" 2012-04-04 25.33 "MIN" "" "GSW" "L" -3 1 24.75 0 0 4.6 35.3 20.3 5.2 2 0 0 8.6 27 97 0.9 -7.9
"57" "38" 2012-04-07 25.34 "MIN" "@" "NOH" "L" -9 1 20.5833333333333 0.37 0.3 0 12.6 5.8 15.2 5.3 3.4 12.9 18.1 79 104 4 -0.3
"58" "39" 2012-04-09 25.35 "MIN" "" "PHO" "L" -24 1 26.6 0.333 0.333 4 33.8 16.4 0 0 0 25 6.7 62 119 1.4 -8.7
"59" "40" 2012-04-11 25.35 "MIN" "@" "DEN" "L" -6 1 32.0666666666667 0.761 0.714 8.8 8.3 8.6 12.5 3.2 0 11.3 12.5 150 119 11.8 4.5
"60" "41" 2012-04-12 25.36 "MIN" "" "LAC" "L" -13 1 34.3 0.536 0.438 6.5 8.9 7.8 10.4 1.6 0 0 12.6 129 111 9.9 2.5
"61" "42" 2012-04-14 25.36 "MIN" "" "OKC" "L" -5 1 36.3166666666667 0.554 0.6 2.9 0 1.4 0 1.3 4 13.7 8.6 100 121 4.4 -2.7
"62" "43" 2012-04-16 25.37 "MIN" "@" "IND" "L" -23 1 24.4166666666667 0.625 0.625 3.6 20.1 11.5 7 2.1 0 0 7.3 135 113 6.1 0.5
"63" "44" 2012-04-17 25.37 "MIN" "" "MEM" "L" -7 1 28.05 0.387 0.167 4.2 7.3 5.8 7 0 0 11.4 14.7 92 112 2.8 -7.8
"64" "45" 2012-04-19 25.38 "MIN" "@" "DET" "W" 11 1 26.5666666666667 0.375 0.375 0 10 6 11.2 0 2.5 33.3 11.1 59 89 1.2 -5.1
"65" "46" 2012-04-22 25.38 "MIN" "" "GSW" "L" -5 1 38.0166666666667 0.643 0.643 0 13.2 6.9 6 0 0 6.7 18.3 116 105 11.4 1.5
"66" "47" 2012-04-26 25.39 "MIN" "" "DEN" "L" -29 1 27.9 0.55 0.55 0 5.2 2.2 16.4 0 0 16.7 18.7 97 135 6 -5.4
"1" "1" 2012-10-30 25.91 "WAS" "@" "CLE" "L" -10 0 23.4166666666667 0.75 0.75 0 15.8 6.6 8.6 4.7 0 0 11.1 149 102 9.6 4.8
"2" "2" 2012-11-03 25.92 "WAS" "" "BOS" "L" -3 0 25.25 0.291 0.167 0 16.9 9.4 23.7 0 3 12.7 14.9 76 99 2.7 -5.5
"3" "3" 2012-11-07 25.93 "WAS" "@" "BOS" "L" -6 0 34.8166666666667 0.775 0.722 0 22.8 10.4 4.8 0 2.2 8.8 14.7 138 99 12.3 4.3
"4" "4" 2012-11-09 25.93 "WAS" "" "MIL" "L" -10 0 16.4333333333333 0 0 0 9.1 3.9 8.6 0 0 50 5.4 24 111 -1.1 -11.9
"5" "5" 2012-11-10 25.94 "WAS" "@" "IND" "L" -4 0 20.45 0.82 0.75 0 19.2 10.7 7.7 0 3.7 29.1 17.2 107 101 6.6 3.7
"6" "6" 2012-11-13 25.95 "WAS" "@" "CHA" "L" -16 0 13.0166666666667 0.444 0.3 13.4 8.2 11.1 17.3 0 0 0 21.7 116 109 4.1 1.9
"7" "7" 2012-11-14 25.95 "WAS" "@" "DAL" "L" -6 0 16.75 0.546 0.417 0 29.4 15.5 8.6 0 0 29.1 29 84 119 3.5 -11.3
"8" "" 2012-11-17 25.96 "WAS" "" "UTA" "L" -7 NA NA NA NA NA NA NA NA NA NA NA NA NA NA NA NA
"9" "8" 2012-11-19 25.96 "WAS" "" "IND" "L" -7 0 10.1333333333333 0 0 0 0 0 30.6 0 0 0 4.3 71 112 -0.5 -9.8
"10" "9" 2012-11-21 25.97 "WAS" "@" "ATL" "L" -1 0 20.1666666666667 0.625 0.625 11.4 26.8 19.4 0 5.3 3.9 27.3 24.2 95 89 7.8 6.7
"11" "10" 2012-11-24 25.98 "WAS" "" "CHA" "L" -2 0 35.1 0.687 0.55 0 16.5 7.1 18.1 3.1 3 0 19.5 159 98 19.6 13.5
"12" "11" 2012-11-26 25.98 "WAS" "" "SAS" "L" -26 0 24.7666666666667 0.87 0.857 0 22.1 9.3 0 0 0 24.6 22 127 133 10.1 0.6
"13" "12" 2012-11-28 25.99 "WAS" "" "POR" "W" 2 0 16.4166666666667 0.673 0.333 0 11.2 6.7 0 3.5 0 16.1 19 122 95 5.1 0.8
"14" "13" 2012-11-30 25.99 "WAS" "@" "NYK" "L" -21 0 23.2833333333333 0.875 0.875 0 25.8 11.1 0 0 0 33.3 11.9 109 124 4.6 -2.9
"15" "14" 2012-12-04 26 "WAS" "" "MIA" "W" 4 0 31.7833333333333 0.58 0.444 3.9 6.3 5.2 4.5 0 0 8.2 18.1 115 115 8.5 -4.5
"16" "15" 2012-12-07 26.01 "WAS" "@" "ATL" "L" -9 1 31.2666666666667 0.5 0.5 0 0 0 9.3 0 0 28.6 10.9 77 126 1.3 -9.6
"17" "16" 2012-12-08 26.01 "WAS" "" "GSW" "L" -4 1 24.8833333333333 0.383 0.35 3.8 17.9 10.3 18.5 4 3.3 0 21.6 91 99 8.7 1.9
"18" "17" 2012-12-11 26.02 "WAS" "@" "NOH" "W" 7 1 17.8333333333333 0.188 0 5.2 10.6 7.8 0 0 0 27.3 18.6 36 81 -3.1 -16.6
"19" "18" 2012-12-12 26.02 "WAS" "@" "HOU" "L" -6 1 37.5 0.643 0.625 2.5 18.3 9.6 4.9 2.6 2.5 7.4 15.5 121 99 14.5 3.6
"20" "19" 2012-12-14 26.03 "WAS" "" "LAL" "L" -6 1 38.15 0.759 0.667 0 10.5 5.4 8.5 0 0 21.1 16.1 124 113 10.3 -1.9
"21" "20" 2012-12-15 26.03 "WAS" "@" "MIA" "L" -30 1 24.2166666666667 0.291 0.167 4.7 4.8 4.8 7.9 2.3 0 22.5 17.7 59 117 -0.3 -11.9
"22" "21" 2012-12-18 26.04 "WAS" "" "ATL" "L" -5 1 37.4333333333333 0.511 0.389 0 6.6 2.9 8.9 0 2.6 8.5 14.1 105 109 6 -5.6
"23" "22" 2012-12-19 26.04 "WAS" "@" "ORL" "L" -7 1 31.3 0.688 0.688 0 14.3 7.1 5.5 1.7 2.5 0 12.8 130 99 9.4 3.4
"24" "23" 2012-12-21 26.05 "WAS" "@" "DET" "L" -32 1 40.7166666666667 0.519 0.357 6.5 14.1 10.2 23 1.3 1.8 0 11.1 129 109 14.2 4.1
"25" "24" 2012-12-22 26.05 "WAS" "" "DET" "L" -9 1 29.3166666666667 0.291 0.167 0 15.7 8.1 12 0 0 0 11 75 107 3.1 -7.7
"26" "25" 2012-12-26 26.06 "WAS" "" "CLE" "L" -3 1 33.9166666666667 0.857 0.857 14.9 16.6 15.9 10.1 0 0 36.4 15.2 108 102 9.9 0.8
"27" "26" 2012-12-28 26.07 "WAS" "" "ORL" "W" 8 1 23.2333333333333 0.571 0.571 0 4.6 2.3 11.5 0 0 0 13.7 125 113 4.8 -4.3
"28" "27" 2012-12-29 26.07 "WAS" "@" "CHI" "L" -10 1 36.85 0.5 0.5 2.5 12.3 7.4 5.1 0 0 0 12 113 101 7.5 0.2
"29" "28" 2013-01-01 26.08 "WAS" "" "DAL" "L" -9 1 30.7166666666667 0.549 0.455 6.8 15.6 10.9 6.1 0 0 19 23.6 97 117 8.2 -3.7
"30" "29" 2013-01-02 26.08 "WAS" "@" "IND" "L" -8 1 14 0 0 0 0 0 19.6 3.6 0 25 12.9 23 98 -1.1 -9.9
"31" "30" 2013-01-04 26.08 "WAS" "" "BRK" "L" -2 1 43.55 0.509 0.417 2.7 11.6 7 14.1 1.2 0 12.7 17.4 101 108 10.1 -2.3
"32" "31" 2013-01-06 26.09 "WAS" "@" "MIA" "L" -28 1 25.2333333333333 0.421 0.409 3.8 24.4 12.8 0 4.5 0 7.8 25.7 79 109 5.1 -3.9
"33" "32" 2013-01-07 26.09 "WAS" "" "OKC" "W" 2 1 34.2333333333333 0.679 0.643 0 12.5 6.3 9.9 1.5 2.5 5.8 22.1 137 109 16.3 9.5
"34" "33" 2013-01-12 26.11 "WAS" "" "ATL" "W" 10 1 26.45 0.593 0.65 0 4 2 14.5 3.8 0 7.3 22.9 114 86 10.3 7.8
"35" "34" 2013-01-14 26.11 "WAS" "" "ORL" "W" 29 1 19.0333333333333 0.926 0.833 0 11.5 6.3 18.5 5.4 0 31.6 15.3 132 92 7.8 4.7
"36" "35" 2013-01-16 26.12 "WAS" "@" "SAC" "L" -1 1 27.7333333333333 0.74 0.7 0 38 18.5 15.4 0 0 30.7 15.7 104 98 8.7 -1.5
"37" "36" 2013-01-18 26.12 "WAS" "@" "DEN" "W" 4 1 19.9833333333333 0.601 0.5 6.5 22.9 15.2 28.4 0 0 0 17.8 153 112 9.4 4.1
"38" "37" 2013-01-19 26.13 "WAS" "@" "LAC" "L" -7 1 19.8333333333333 0.214 0.214 10.3 9 9.6 24.5 2.6 0 12.5 18.1 69 103 2.2 -2.7
"39" "38" 2013-01-21 26.13 "WAS" "@" "POR" "W" 3 1 38.25 0.94 0.909 0 11.7 5.8 26 0 0 13.6 17.4 164 108 22.5 15
"40" "39" 2013-01-23 26.14 "WAS" "@" "UTA" "L" -4 1 34.2666666666667 0.868 0.75 2.6 5.8 4.1 10.5 1.4 1.9 25.8 14.5 129 97 12.2 4.9
"41" "40" 2013-01-25 26.14 "WAS" "" "MIN" "W" 13 1 26.7666666666667 0.929 0.929 5.6 10.5 8.6 13.8 1.9 0 0 11.8 184 106 14.4 11.2
"42" "41" 2013-01-26 26.15 "WAS" "" "CHI" "W" 13 1 21.6 0.4 0.4 0 16.7 8 7.5 0 4 37.5 18.4 52 87 0.2 -8.6
"43" "42" 2013-01-28 26.15 "WAS" "" "SAC" "L" -2 1 32.0833333333333 0.836 0.778 3.9 7.1 5.6 10.7 0 0 15.7 18 144 107 14.4 8.1
"44" "43" 2013-01-30 26.16 "WAS" "@" "PHI" "L" -8 1 31.1333333333333 0.508 0.423 0 6.3 3.5 0 1.7 0 21.3 28.3 78 102 4.3 -6.1
"45" "44" 2013-02-01 26.16 "WAS" "@" "MEM" "L" -9 1 33.8 0.5 0.5 0 0 0 4.8 1.6 0 11.1 12.9 89 103 3.5 -2.3
"46" "45" 2013-02-02 26.16 "WAS" "@" "SAS" "L" -10 1 32.6 0.709 0.722 0 23 8.6 10.3 1.5 0 16.8 15.7 111 100 10 4.2
"47" "46" 2013-02-04 26.17 "WAS" "" "LAC" "W" 8 1 34.0833333333333 0.893 0.85 2.9 14.1 8 14.8 1.5 0 0 15.4 180 100 20.2 12.2
"48" "47" 2013-02-06 26.18 "WAS" "" "NYK" "W" 10 1 42.0166666666667 0.8 0.773 0 5.3 2.9 6.5 0 0 0 14.3 161 117 15.3 5.9
"49" "48" 2013-02-08 26.18 "WAS" "" "BRK" "W" 15 1 32.6833333333333 0.81 0.833 0 11.7 6.4 10.8 4.8 0 0 15 157 78 16.1 14.1
"50" "49" 2013-02-11 26.19 "WAS" "@" "MIL" "W" 12 1 20.0333333333333 0.25 0.25 0 4.2 2.7 6 0 0 20 11.9 52 105 -1.2 -12.7
"51" "50" 2013-02-13 26.19 "WAS" "@" "DET" "L" -11 1 25.2 0.765 0.8 0 13.9 7.1 6.7 0 0 14.5 13.6 119 111 6.9 1.8
"52" "51" 2013-02-19 26.21 "WAS" "" "TOR" "L" -8 1 37.85 0.743 0.722 5.5 19 11.8 21.4 0 0 8.5 14.1 145 107 14.7 6.4
"53" "52" 2013-02-22 26.22 "WAS" "" "DEN" "W" 6 1 35.0166666666667 0.625 0.625 8.9 14.1 11.3 8.1 1.4 0 7.7 14.8 135 117 11.7 1.3
"54" "53" 2013-02-23 26.22 "WAS" "" "HOU" "W" 2 1 30.4 0.6 0.6 0 3.9 2.1 19.1 0 0 9.1 17.1 117 124 7.5 -2.4
"55" "54" 2013-02-25 26.23 "WAS" "@" "TOR" "W" 6 1 34.3833333333333 0.676 0.625 3.5 5.8 4.8 0 1.5 0 10.1 12.8 126 93 7.7 2.6
"56" "55" 2013-02-27 26.23 "WAS" "" "DET" "L" -1 1 23.2666666666667 0.417 0.417 5.2 17.7 11 11.5 0 0 0 12 106 111 4.2 -4.8
"57" "56" 2013-03-01 26.24 "WAS" "" "NYK" "L" -8 1 36.65 0.643 0.643 0 15.6 7.7 5.1 1.5 0 0 9.2 132 109 7.3 -1.6
"58" "57" 2013-03-03 26.24 "WAS" "" "PHI" "W" 3 1 30.0666666666667 0.656 0.55 3.5 3.5 3.5 11.6 0 2.4 0 18.5 147 101 12.5 8.2
"59" "58" 2013-03-06 26.25 "WAS" "@" "MIN" "L" -5 1 41.8166666666667 0.463 0.455 3.7 14.7 10.3 9.4 0 0 0 13.8 105 99 6.8 -0.9
"60" "59" 2013-03-08 26.26 "WAS" "@" "BRK" "L" -17 1 25.3833333333333 0.357 0.357 6.6 3.9 5.4 20.1 0 3.5 0 12.2 98 111 3.4 -3.6
"61" "60" 2013-03-09 26.26 "WAS" "" "CHA" "W" 17 1 35 0.72 0.692 0 12.8 7.1 5.4 3 0 0 19 147 95 16.8 8.9
"62" "61" 2013-03-12 26.27 "WAS" "@" "CLE" "L" -5 1 42.4833333333333 0.607 0.607 0 9.2 4.8 4.7 1.3 0 17.6 18.8 95 109 9.1 0
"63" "62" 2013-03-13 26.27 "WAS" "" "MIL" "W" 13 1 32.9 0.672 0.643 0 12.7 6.3 4.4 0 0 6.3 21.1 129 104 13.9 5.7
"64" "63" 2013-03-15 26.28 "WAS" "" "NOH" "W" 9 1 32.5166666666667 0.605 0.571 3.9 10.8 7.5 5.4 0 0 11.8 27 109 109 10.1 -1.6
"65" "64" 2013-03-16 26.28 "WAS" "" "PHO" "W" 22 1 38.3333333333333 0.806 0.75 2.7 2.8 2.8 17.6 0 0 4.5 24.7 166 121 28.1 12.7
"66" "65" 2013-03-18 26.28 "WAS" "@" "CHA" "L" -5 1 35.1333333333333 0.652 0.571 0 11.7 5.7 7 1.5 0 9.8 12.6 135 128 9 -2.9
"67" "66" 2013-03-20 26.29 "WAS" "@" "PHO" "W" 9 1 29.1833333333333 0.689 0.722 0 6.9 4.1 13.3 0 0 9.6 17.2 118 96 8.5 4.1
"68" "67" 2013-03-22 26.3 "WAS" "@" "LAL" "W" 3 1 30.7666666666667 0.505 0.5 0 11.1 5.4 9.7 1.6 0 0 19.5 102 107 8.3 -2.4
"69" "68" 2013-03-23 26.3 "WAS" "@" "GSW" "L" -9 1 27.0166666666667 0.421 0.364 3.9 10.5 6.7 6.1 1.9 0 7.8 21.4 90 110 5.1 -5.8
"70" "" 2013-03-25 26.3 "WAS" "" "MEM" "W" 13 NA NA NA NA NA NA NA NA NA NA NA NA NA NA NA NA
"71" "" 2013-03-27 26.31 "WAS" "@" "OKC" "L" -23 NA NA NA NA NA NA NA NA NA NA NA NA NA NA NA NA
"72" "69" 2013-03-29 26.32 "WAS" "@" "ORL" "L" -5 1 39 0.481 0.417 2.7 12.3 7.7 17.3 0 1.7 4.8 23.6 115 112 12 -0.2
"73" "70" 2013-03-31 26.32 "WAS" "" "TOR" "W" 17 1 29.6833333333333 0.313 0.222 7 20.6 13.9 12.8 0 0 0 17 96 102 5.2 -5.9
"74" "71" 2013-04-02 26.33 "WAS" "" "CHI" "W" 4 1 21.7 0.381 0.286 5.1 12.5 9.2 0 0 0 11.3 19.8 78 101 1.7 -11
"75" "72" 2013-04-03 26.33 "WAS" "@" "TOR" "L" -10 1 25.6666666666667 0.205 0.125 3.7 10.7 6.6 23.3 0 0 9.3 18.8 55 100 -0.8 -8.4
"76" "73" 2013-04-06 26.34 "WAS" "" "IND" "W" 19 1 23.85 0.645 0.5 0 8.9 4.6 18.3 0 3 0 20 141 97 11.5 7.2
"77" "74" 2013-04-07 26.34 "WAS" "@" "BOS" "L" -11 1 25.1166666666667 0.524 0.5 8.7 25.5 15.5 12.2 2 0 14.9 23.5 103 115 8.1 0.2
"78" "75" 2013-04-09 26.35 "WAS" "@" "NYK" "L" -21 1 27.1166666666667 0.563 0.5 11.8 22.1 16.1 6.3 3.9 0 18.4 18.7 107 126 9.6 -1.2
"79" "76" 2013-04-10 26.35 "WAS" "" "MIA" "L" -5 1 26.1333333333333 0.57 0.429 4.2 0 2.3 11.4 7.9 0 16 21.9 109 106 11.2 5.2
"80" "" 2013-04-12 26.35 "WAS" "" "PHI" "L" -11 NA NA NA NA NA NA NA NA NA NA NA NA NA NA NA NA
"81" "" 2013-04-15 26.36 "WAS" "@" "BRK" "L" -5 NA NA NA NA NA NA NA NA NA NA NA NA NA NA NA NA
"82" "" 2013-04-17 26.37 "WAS" "@" "CHI" "L" -3 NA NA NA NA NA NA NA NA NA NA NA NA NA NA NA NA
"1" "1" 2013-10-30 26.9 "WAS" "@" "DET" "L" -11 0 20.9166666666667 1.33 1.5 0 12.4 5.6 0 0 0 0 4 268 123 4.5 -0.7
"2" "2" 2013-11-01 26.91 "WAS" "" "PHI" "L" -7 0 24.1666666666667 0.658 0.611 3.8 5 4.3 0 3.8 2.8 0 16.6 142 103 12 7.4
"3" "3" 2013-11-03 26.92 "WAS" "@" "MIA" "L" -10 0 33.8833333333333 0.742 0.714 3.5 26.6 13.6 19.3 3.2 0 0 11.4 176 113 15.8 12.3
"4" "4" 2013-11-06 26.92 "WAS" "@" "PHI" "W" 14 0 25.7 0.643 0.6 0 18.2 8.3 15.8 1.8 0 0 17.5 135 101 12.9 7.2
"5" "5" 2013-11-08 26.93 "WAS" "" "BRK" "W" 4 0 15.95 0 0 0 0 0 16.2 0 0 0 2.9 84 109 -0.9 -8.8
"6" "6" 2013-11-10 26.93 "WAS" "@" "OKC" "L" -1 0 29.1666666666667 0.383 0.35 3.7 14.5 9.2 0 1.8 2.5 8.7 18.7 75 102 3.2 -5.9
"7" "7" 2013-11-12 26.94 "WAS" "@" "DAL" "L" -10 0 19.7 0.51 0.4 11.6 11.1 11.3 8.7 0 0 14.5 15.7 108 119 4.6 -4.7
"8" "8" 2013-11-13 26.94 "WAS" "@" "SAS" "L" -13 0 35.4333333333333 0.622 0.594 5 29.3 14.9 12.2 5.9 0 5.6 23.1 124 93 20.8 15.3
"9" "9" 2013-11-16 26.95 "WAS" "" "CLE" "L" -7 1 42.6666666666667 0.509 0.417 7.2 12.1 9.3 3.9 1.2 0 6.8 15.2 110 104 9.2 -2.2
"10" "10" 2013-11-19 26.96 "WAS" "" "MIN" "W" 4 1 42.9333333333333 0.654 0.654 0 21.9 12.1 6.5 0 2 0 14.2 125 109 14.7 3
"11" "11" 2013-11-20 26.96 "WAS" "@" "CLE" "W" 7 1 36.1166666666667 0.609 0.545 6.6 6.3 6.5 21.2 1.6 0 7.5 17 137 111 14.4 4.5
"12" "12" 2013-11-22 26.97 "WAS" "@" "TOR" "L" -8 1 41.5 0.483 0.438 0 10.8 5.4 17.8 2.5 1.9 0 10.2 118 104 10 3.6
"13" "13" 2013-11-23 26.97 "WAS" "" "NYK" "W" 9 1 40.05 0.8 0.773 0 8 4.2 12.1 0 0 7.8 15.8 149 110 14.5 6.4
"14" "14" 2013-11-26 26.98 "WAS" "" "LAL" "W" 5 1 42.7 0.667 0.667 6.4 19.2 13.3 9.1 4.8 2 0 15.8 147 112 22.6 8
"15" "15" 2013-11-27 26.98 "WAS" "@" "MIL" "W" 8 1 42.7833333333333 0.547 0.563 0 15.5 7.9 30.6 0 0 5.7 21 111 103 14.6 1.6
"16" "16" 2013-11-29 26.99 "WAS" "@" "IND" "L" -20 1 36.6333333333333 0.667 0.667 3.2 11.6 7.6 5.2 0 0 25 11 98 110 5.6 -3.2
"17" "17" 2013-11-30 26.99 "WAS" "" "ATL" "W" 7 1 40.9 0.745 0.773 3.2 5.7 4.5 7.6 1.2 1.8 13.6 16.2 124 109 14.1 3.4
"18" "18" 2013-12-02 26.99 "WAS" "" "ORL" "W" 18 1 34.4166666666667 0.417 0.417 0 12.7 6.8 0 0 0 0 8.1 84 92 1.6 -5.2
"19" "19" 2013-12-06 27.01 "WAS" "" "MIL" "L" -4 1 12 0.571 0.571 0 0 0 0 0 0 0 26.9 110 119 4.3 0.2
"20" "" 2013-12-09 27.01 "WAS" "" "DEN" "L" -1 NA NA NA NA NA NA NA NA NA NA NA NA NA NA NA NA
"21" "20" 2013-12-13 27.02 "WAS" "@" "ATL" "L" -2 1 38.5833333333333 0.497 0.333 5.2 15.6 10.4 0 1.3 0 11.7 18.8 104 98 10 -1.2
"22" "21" 2013-12-14 27.03 "WAS" "" "LAC" "L" -16 1 32.85 0.515 0.444 0 5 2.2 0 0 0 0 16.5 111 134 6 -5.8
"23" "22" 2013-12-16 27.03 "WAS" "@" "NYK" "W" 1 0 35.6333333333333 0.933 0.923 0 15.3 8.9 15 1.5 2.7 0 22 187 110 29.4 22.5
"24" "23" 2013-12-18 27.04 "WAS" "@" "BRK" "W" 6 0 28.7833333333333 0.752 0.667 3.7 22.5 12.2 10.1 0 0 10.4 13.7 156 121 10.6 2.3
"25" "24" 2013-12-21 27.05 "WAS" "@" "BOS" "W" 7 0 21.1833333333333 0.512 0.625 0 4.9 2.6 0 0 0 17 12.4 79 114 0.7 -11.4
"26" "25" 2013-12-27 27.06 "WAS" "@" "MIN" "L" -22 0 29.6166666666667 0.5 0.5 4.2 8.1 6.2 5.1 0 0 8.3 19 101 138 4.3 -5.5
"27" "26" 2013-12-28 27.07 "WAS" "" "DET" "W" 24 0 24.7666666666667 0.318 0.318 4.5 4.7 4.6 5.2 0 0 26.7 26.3 57 98 -2.6 -20.1
"28" "27" 2013-12-30 27.07 "WAS" "@" "DET" "W" 7 0 21.9333333333333 0.714 0.714 0 17.2 10.3 7.2 0 0 0 14.6 144 108 7.8 2.6
"29" "28" 2014-01-01 27.08 "WAS" "" "DAL" "L" -9 0 22.1 0.424 0.389 0 5.1 2.4 16.4 0 0 9.6 20.5 93 108 2.8 -2.8
"30" "29" 2014-01-03 27.08 "WAS" "" "TOR" "L" -13 0 30.8333333333333 0.685 0.571 0 13 6.2 5.3 0 0 0 12.8 165 124 9.1 2.2
"31" "30" 2014-01-05 27.09 "WAS" "" "GSW" "L" -16 0 30.6333333333333 0.506 0.45 0 19.1 9 0 3.3 0 0 16.1 103 114 8.7 -1.3
"32" "31" 2014-01-07 27.09 "WAS" "@" "CHA" "W" 14 0 30.5333333333333 0.714 0.714 0 11.5 5.6 4.7 0 2.8 22.2 14.3 105 96 6.2 -0.5
"33" "32" 2014-01-08 27.1 "WAS" "@" "NOP" "W" 6 0 21.2833333333333 0.5 0.5 0 11 5.4 0 0 0 0 13.1 108 113 2 -6.7
"34" "33" 2014-01-10 27.1 "WAS" "@" "IND" "L" -27 0 24.5 0.694 0.5 0 8.9 3.8 0 2.1 0 41 9.1 79 101 1.8 -6.6
"35" "34" 2014-01-11 27.1 "WAS" "" "HOU" "L" -7 0 23.2666666666667 0.5 0.5 0 15.9 6.9 0 0 0 40 8.6 57 119 -1 -11.9
"36" "35" 2014-01-13 27.11 "WAS" "@" "CHI" "W" 14 0 26.9166666666667 0.667 0.667 5 3.9 4.3 11.9 0 0 0 16.2 140 108 9.7 3.9
"37" "36" 2014-01-15 27.12 "WAS" "" "MIA" "W" 17 0 31.2333333333333 0.688 0.688 0 7.1 4 0 1.7 0 27.3 17.2 84 110 4 -6.5
"38" "37" 2014-01-17 27.12 "WAS" "" "CHI" "W" 3 0 36 0.875 0.875 0 3.8 1.9 12 3 0 11.1 11.9 147 107 13.8 8.6
"39" "38" 2014-01-18 27.12 "WAS" "" "DET" "L" -6 0 28.6333333333333 0.938 0.938 0 8.4 4.2 12.4 1.7 0 33.3 18.7 108 107 8.4 2.9
"40" "39" 2014-01-20 27.13 "WAS" "" "PHI" "W" 8 0 30.5166666666667 0.481 0.357 0 9.3 4.9 9.3 0 2.2 10.7 12.7 98 100 4.7 -4.7
"41" "40" 2014-01-22 27.13 "WAS" "" "BOS" "L" -2 0 32.9666666666667 0.53 0.5 0 7.5 3.5 0 0 0 17.5 14.8 87 110 1.9 -7.7
"42" "" 2014-01-24 27.14 "WAS" "@" "PHO" "W" 6 NA NA NA NA NA NA NA NA NA NA NA NA NA NA NA NA
"43" "41" 2014-01-25 27.14 "WAS" "@" "UTA" "L" -3 0 27.3666666666667 0.4 0.4 3.7 12.8 8 9.9 0 0 0 8.1 110 119 3.9 -5
"44" "42" 2014-01-28 27.15 "WAS" "@" "GSW" "W" 3 0 28.3333333333333 0.484 0.444 0 3.5 1.6 11.7 0 3 8.8 16.7 97 89 4.7 0.4
"45" "43" 2014-01-29 27.15 "WAS" "@" "LAC" "L" -7 0 27.3833333333333 0.563 0.563 0 9.2 4.4 4.4 0 0 11.1 14.2 94 114 4.5 -2.7
"46" "44" 2014-02-01 27.16 "WAS" "" "OKC" "W" 15 0 21.6166666666667 0.506 0.444 0 14.5 7.5 6.5 0 0 0 21.3 106 92 6.5 1.6
"47" "45" 2014-02-03 27.17 "WAS" "" "POR" "W" 10 0 22.5166666666667 0.388 0.333 0 5.2 2.5 0 0 0 0 13.8 78 104 1.1 -10.4
"48" "46" 2014-02-05 27.17 "WAS" "" "SAS" "L" -7 0 36.2833333333333 0.85 0.8 5.8 6.8 6.3 4.1 0 0 14.5 8.5 152 116 8.6 0.7
"49" "47" 2014-02-07 27.18 "WAS" "" "CLE" "L" -2 0 23.75 0.9 0.9 4.8 5.5 5.1 0 0 0 0 18.7 166 130 13.2 8.6
"50" "48" 2014-02-09 27.18 "WAS" "" "SAC" "W" 9 0 24.3 0.4 0.4 0 8.8 4.5 0 0 5.6 0 19.2 84 99 3.8 -1.9
"51" "49" 2014-02-11 27.19 "WAS" "@" "MEM" "L" -3 0 20.3833333333333 0.3 0.3 0 6.4 3.2 0 2.7 0 0 12.3 62 106 0.4 -6.9
"52" "50" 2014-02-12 27.19 "WAS" "@" "HOU" "L" -1 0 10.1833333333333 0 0 0 13.1 5.5 21.4 4.9 0 0 4.2 95 112 1.6 -0.7
"53" "51" 2014-02-18 27.21 "WAS" "" "TOR" "L" -10 0 23.8666666666667 0.643 0.6 0 7.7 2.9 5.9 0 0 0 10.3 151 119 4.5 -0.6
"54" "52" 2014-02-19 27.21 "WAS" "@" "ATL" "W" 17 0 22.95 0.65 0.65 0 0 0 11.8 0 0 9.1 22.2 117 109 7.6 0.4
"55" "53" 2014-02-22 27.22 "WAS" "" "NOP" "W" 1 0 25.1166666666667 0.636 0.611 0 14 7.2 0 0 2.8 9.6 19.5 110 102 7.1 2
"56" "54" 2014-02-23 27.22 "WAS" "@" "CLE" "W" 13 0 22.2666666666667 0.438 0.438 0 9.4 4.4 6.2 2.5 0 11.1 18.4 84 97 3.5 -4.6
"57" "55" 2014-02-25 27.23 "WAS" "" "ORL" "W" 9 0 26.6333333333333 0.47 0.25 0 8.6 4.5 4.5 0 0 15.8 10.9 93 120 2.5 -9
"58" "56" 2014-02-27 27.23 "WAS" "@" "TOR" "W" 5 0 37 0.389 0.389 3 0 1.6 7.4 1.4 0 0 11.1 103 115 4.2 -2.9
"59" "57" 2014-03-01 27.24 "WAS" "@" "PHI" "W" 19 0 27.9666666666667 0.529 0.462 4 8.4 6.1 4.7 3.3 0 0 23.5 119 98 12.3 -0.4
"60" "" 2014-03-03 27.24 "WAS" "" "MEM" "L" -6 NA NA NA NA NA NA NA NA NA NA NA NA NA NA NA NA
"61" "" 2014-03-05 27.25 "WAS" "" "UTA" "W" 13 NA NA NA NA NA NA NA NA NA NA NA NA NA NA NA NA
"62" "58" 2014-03-08 27.26 "WAS" "@" "MIL" "W" 7 0 24.5166666666667 0.856 0.857 5.4 0 2.5 0 0 0 10.2 18 153 126 10.6 2.1
"63" "59" 2014-03-10 27.26 "WAS" "@" "MIA" "L" -9 0 29.7333333333333 0.79 0.778 0 4.2 1.9 0 0 2.7 0 15.7 175 121 12.5 10.6
"64" "60" 2014-03-12 27.27 "WAS" "" "CHA" "L" -13 0 30.5833333333333 0.509 0.417 3.7 12.4 7.8 0 0 0 0 10.8 113 115 4.4 -3
"65" "61" 2014-03-14 27.27 "WAS" "@" "ORL" "W" 4 0 19.2666666666667 0 0 5.7 0 2.8 7.6 0 0 0 9.7 33 106 -1.8 -13.2
"66" "62" 2014-03-15 27.28 "WAS" "" "BRK" "W" 7 0 27.7333333333333 0.509 0.417 0 0 0 5.3 0 0 12.7 13.5 100 116 2.5 -6.7
"67" "63" 2014-03-18 27.28 "WAS" "@" "SAC" "L" -6 0 23.5 0.699 0.667 0 9.8 4.6 6.8 0 0 0 12.2 140 117 6.9 1.6
"68" "64" 2014-03-20 27.29 "WAS" "@" "POR" "L" -13 0 27.5833333333333 0.444 0.444 3.7 4.5 4 15.9 0 0 18.2 17.6 91 137 3.6 -7.2
"69" "65" 2014-03-21 27.29 "WAS" "@" "LAL" "W" 10 0 27.1166666666667 0.2 0.2 0 3.8 2 0 0 2.5 0 7.5 45 105 -0.5 -7.6
"70" "66" 2014-03-23 27.3 "WAS" "@" "DEN" "L" -3 0 23.6666666666667 0.434 0.25 5.1 4.6 4.8 10.4 0 0 14.8 11.7 100 112 3.2 -4.5
"71" "67" 2014-03-26 27.31 "WAS" "" "PHO" "L" -6 0 24.35 1.025 1.125 0 11.6 5.3 0 0 0 0 9.2 187 112 7.4 4.8
"72" "68" 2014-03-28 27.31 "WAS" "" "IND" "W" 13 0 24.2333333333333 0.799 0.75 4.2 9 6.5 14.1 2.2 0 22.5 17.2 126 90 9.3 10.2
"73" "69" 2014-03-29 27.32 "WAS" "" "ATL" "W" 4 0 20.05 0.429 0.429 0 0 0 0 2.6 0 12.5 18.6 78 112 1.5 -9.6
"74" "70" 2014-03-31 27.32 "WAS" "@" "CHA" "L" -6 0 26.6666666666667 0.888 0.857 0 8.4 4.2 6.2 0 0 11.3 16.2 148 121 10.6 4.8
"75" "71" 2014-04-02 27.33 "WAS" "" "BOS" "W" 26 0 28.1166666666667 0.667 0.667 6.8 3.8 4.9 8.6 0 0 0 10 150 105 7 2.1
"76" "72" 2014-04-04 27.33 "WAS" "@" "NYK" "W" 1 0 31.5166666666667 0.5 0.5 0 12.3 6.1 0 5.3 0 14.3 10.7 92 97 4.7 1.4
"77" "73" 2014-04-05 27.33 "WAS" "" "CHI" "L" -18 0 17.2333333333333 0.25 0.25 5.8 15.1 9.8 8.9 3.3 0 20 13.6 60 111 0.4 -8.6
"78" "74" 2014-04-09 27.35 "WAS" "" "CHA" "L" -6 0 24.0666666666667 0.595 0.5 0 14.1 7.1 0 0 0 0 12.6 120 104 4.8 -2.1
"79" "75" 2014-04-11 27.35 "WAS" "@" "ORL" "W" 10 0 7.51666666666667 0.174 0 0 0 0 0 7 0 25.8 22.8 29 88 -0.8 -13.3
"80" "76" 2014-04-12 27.35 "WAS" "" "MIL" "W" 13 0 22.7 0.546 0.5 5.7 10.3 8.1 17.7 0 0 0 15.3 131 105 6 0.7
"81" "77" 2014-04-14 27.36 "WAS" "" "MIA" "W" 21 0 26.0166666666667 0.595 0.5 0 9.5 5.1 4.4 0 0 14.5 12.5 109 107 3.4 -7.4
"82" "78" 2014-04-16 27.36 "WAS" "@" "BOS" "W" 16 0 22.65 0.417 0.417 6.6 15.5 11.6 0 0 0 0 11.8 96 110 2.4 -6.8
"1" "" 2014-10-29 27.9 "WAS" "@" "MIA" "L" -12 NA NA NA NA NA NA NA NA NA NA NA NA NA NA NA NA
"2" "" 2014-10-30 27.9 "WAS" "@" "ORL" "W" 7 NA NA NA NA NA NA NA NA NA NA NA NA NA NA NA NA
"3" "" 2014-11-01 27.91 "WAS" "" "MIL" "W" 11 NA NA NA NA NA NA NA NA NA NA NA NA NA NA NA NA
"4" "" 2014-11-04 27.92 "WAS" "@" "NYK" "W" 15 NA NA NA NA NA NA NA NA NA NA NA NA NA NA NA NA
"5" "" 2014-11-05 27.92 "WAS" "" "IND" "W" 2 NA NA NA NA NA NA NA NA NA NA NA NA NA NA NA NA
"6" "" 2014-11-07 27.93 "WAS" "@" "TOR" "L" -19 NA NA NA NA NA NA NA NA NA NA NA NA NA NA NA NA
"7" "" 2014-11-08 27.93 "WAS" "@" "IND" "W" 7 NA NA NA NA NA NA NA NA NA NA NA NA NA NA NA NA
"8" "" 2014-11-12 27.94 "WAS" "" "DET" "W" 4 NA NA NA NA NA NA NA NA NA NA NA NA NA NA NA NA
"9" "" 2014-11-15 27.95 "WAS" "" "ORL" "W" 5 NA NA NA NA NA NA NA NA NA NA NA NA NA NA NA NA
"10" "" 2014-11-19 27.96 "WAS" "" "DAL" "L" -3 NA NA NA NA NA NA NA NA NA NA NA NA NA NA NA NA
"11" "" 2014-11-21 27.96 "WAS" "" "CLE" "W" 13 NA NA NA NA NA NA NA NA NA NA NA NA NA NA NA NA
"12" "" 2014-11-22 27.97 "WAS" "@" "MIL" "W" 11 NA NA NA NA NA NA NA NA NA NA NA NA NA NA NA NA
"13" "" 2014-11-25 27.98 "WAS" "" "ATL" "L" -4 NA NA NA NA NA NA NA NA NA NA NA NA NA NA NA NA
"14" "" 2014-11-26 27.98 "WAS" "@" "CLE" "L" -26 NA NA NA NA NA NA NA NA NA NA NA NA NA NA NA NA
"15" "" 2014-11-29 27.99 "WAS" "" "NOP" "W" 3 NA NA NA NA NA NA NA NA NA NA NA NA NA NA NA NA
"16" "" 2014-12-01 27.99 "WAS" "" "MIA" "W" 21 NA NA NA NA NA NA NA NA NA NA NA NA NA NA NA NA
"17" "" 2014-12-03 28 "WAS" "" "LAL" "W" 16 NA NA NA NA NA NA NA NA NA NA NA NA NA NA NA NA
"18" "" 2014-12-05 28 "WAS" "" "DEN" "W" 30 NA NA NA NA NA NA NA NA NA NA NA NA NA NA NA NA
"19" "" 2014-12-07 28.01 "WAS" "@" "BOS" "L" -8 NA NA NA NA NA NA NA NA NA NA NA NA NA NA NA NA
"20" "" 2014-12-08 28.01 "WAS" "" "BOS" "W" 1 NA NA NA NA NA NA NA NA NA NA NA NA NA NA NA NA
"21" "" 2014-12-10 28.02 "WAS" "@" "ORL" "W" 2 NA NA NA NA NA NA NA NA NA NA NA NA NA NA NA NA
"22" "" 2014-12-12 28.02 "WAS" "" "LAC" "W" 8 NA NA NA NA NA NA NA NA NA NA NA NA NA NA NA NA
"23" "" 2014-12-14 28.03 "WAS" "" "UTA" "W" 9 NA NA NA NA NA NA NA NA NA NA NA NA NA NA NA NA
"24" "" 2014-12-16 28.03 "WAS" "" "MIN" "W" 14 NA NA NA NA NA NA NA NA NA NA NA NA NA NA NA NA
"25" "" 2014-12-19 28.04 "WAS" "@" "MIA" "W" 2 NA NA NA NA NA NA NA NA NA NA NA NA NA NA NA NA
"26" "" 2014-12-21 28.05 "WAS" "" "PHO" "L" -12 NA NA NA NA NA NA NA NA NA NA NA NA NA NA NA NA
"27" "" 2014-12-23 28.05 "WAS" "" "CHI" "L" -8 NA NA NA NA NA NA NA NA NA NA NA NA NA NA NA NA
"28" "" 2014-12-25 28.06 "WAS" "@" "NYK" "W" 11 NA NA NA NA NA NA NA NA NA NA NA NA NA NA NA NA
"29" "" 2014-12-27 28.06 "WAS" "" "BOS" "W" 13 NA NA NA NA NA NA NA NA NA NA NA NA NA NA NA NA
"30" "" 2014-12-29 28.07 "WAS" "@" "HOU" "W" 1 NA NA NA NA NA NA NA NA NA NA NA NA NA NA NA NA
"31" "1" 2014-12-30 28.07 "WAS" "@" "DAL" "L" -27 0 14.4166666666667 0.242 0 0 8.1 4.1 0 0 0 13.9 22.2 48 121 -2.5 -19.4
"32" "2" 2015-01-02 28.08 "WAS" "@" "OKC" "L" -7 0 5.35 0.568 NA 0 24.2 11.7 0 0 0 53.2 16 53 117 -0.1 -11.2
"33" "" 2015-01-03 28.08 "WAS" "@" "SAS" "L" -9 NA NA NA NA NA NA NA NA NA NA NA NA NA NA NA NA
"34" "" 2015-01-05 28.09 "WAS" "@" "NOP" "W" 7 NA NA NA NA NA NA NA NA NA NA NA NA NA NA NA NA
"35" "3" 2015-01-07 28.09 "WAS" "" "NYK" "W" 10 0 17.5333333333333 0.644 0.5 0 12.2 6.4 22.6 0 4.9 20.5 13.2 123 102 5.3 3.2
"36" "" 2015-01-09 28.1 "WAS" "" "CHI" "W" 16 NA NA NA NA NA NA NA NA NA NA NA NA NA NA NA NA
"37" "4" 2015-01-11 28.1 "WAS" "@" "ATL" "L" -31 0 12.8 0.347 0.333 0 8.5 4.6 0 0 0 0 15.9 73 137 0.4 -13.2
"38" "5" 2015-01-13 28.11 "WAS" "" "SAS" "W" 8 0 7.66666666666667 0 0 0 0 0 16.9 0 0 0 6.2 55 107 -0.4 -6.9
"39" "6" 2015-01-14 28.11 "WAS" "@" "CHI" "W" 6 0 7.33333333333333 0 0 0 0 0 16.4 0 0 0 12.6 34 116 -0.7 -11.5
"40" "7" 2015-01-16 28.12 "WAS" "" "BRK" "L" -22 0 7.38333333333333 0.347 0 0 0 0 0 0 0 25.8 25.5 57 119 -0.8 -19
"41" "" 2015-01-17 28.12 "WAS" "@" "BRK" "W" 9 NA NA NA NA NA NA NA NA NA NA NA NA NA NA NA NA
"42" "8" 2015-01-19 28.13 "WAS" "" "PHI" "W" 35 0 5.38333333333333 0.5 0.5 0 0 0 0 0 0 33.3 24.1 65 88 -0.8 -19.2
"43" "" 2015-01-21 28.13 "WAS" "" "OKC" "L" -2 NA NA NA NA NA NA NA NA NA NA NA NA NA NA NA NA
"44" "9" 2015-01-24 28.14 "WAS" "@" "POR" "L" -7 0 19.4 0.425 0.3 0 10.5 5.8 6.6 2.5 0 0 14.5 91 107 4.2 -0.4
"45" "10" 2015-01-25 28.14 "WAS" "@" "DEN" "W" 2 0 14.9833333333333 0.667 0.667 0 13.1 7.4 8.6 0 0 0 9.1 141 114 4 2.2
"46" "11" 2015-01-27 28.15 "WAS" "@" "LAL" "W" 6 0 6.33333333333333 0.644 0.5 0 0 0 24.9 0 0 20.5 34.9 113 104 2.6 3.2
"47" "12" 2015-01-28 28.15 "WAS" "@" "PHO" "L" -8 0 8.25 0.647 0 0 55.4 25.6 15.7 0 0 0 12.1 162 107 4.2 8.9
"48" "" 2015-01-31 28.16 "WAS" "" "TOR" "L" -4 NA NA NA NA NA NA NA NA NA NA NA NA NA NA NA NA
"49" "" 2015-02-02 28.16 "WAS" "" "CHO" "L" -4 NA NA NA NA NA NA NA NA NA NA NA NA NA NA NA NA
"50" "13" 2015-02-04 28.17 "WAS" "@" "ATL" "L" -9 0 4.73333333333333 1.5 1.5 0 0 0 42.5 10.6 0 50 19.8 131 93 3 25.6
"51" "" 2015-02-05 28.17 "WAS" "@" "CHO" "L" -7 NA NA NA NA NA NA NA NA NA NA NA NA NA NA NA NA
"52" "14" 2015-02-07 28.18 "WAS" "" "BRK" "W" 37 0 6.48333333333333 0.41 0.375 0 0 0 0 0 0 0 32.5 99 96 0.8 -11.3
"53" "15" 2015-02-09 28.18 "WAS" "" "ORL" "W" 16 0 11.4166666666667 0.381 0.286 11.1 17.5 14.7 17.1 4.6 0 20.2 38.2 77 82 2.9 -6.5
"54" "" 2015-02-11 28.19 "WAS" "@" "TOR" "L" -2 NA NA NA NA NA NA NA NA NA NA NA NA NA NA NA NA
"55" "16" 2015-02-20 28.21 "WAS" "" "CLE" "L" -38 0 20.05 0.296 0.2 5.4 11.7 8.4 6.7 0 0 12.9 16.9 68 136 0.7 -12.2
"56" "17" 2015-02-22 28.22 "WAS" "@" "DET" "L" -17 0 2.35 0 0 45.4 41.7 43.5 0 0 0 50 39.6 29 104 -0.7 -33.1
"57" "18" 2015-02-24 28.22 "WAS" "" "GSW" "L" -7 0 15.6166666666667 0.347 0 0 15.4 8.3 0 0 0 25.8 10.4 59 116 -0.2 -7.7
"58" "19" 2015-02-25 28.23 "WAS" "@" "MIN" "L" -20 0 15.4833333333333 0.5 0.5 5.8 7.2 6.5 0 3.2 0 28.6 19.8 70 98 1.1 -4.8
"59" "20" 2015-02-27 28.23 "WAS" "@" "PHI" "L" -8 0 7.11666666666667 NA NA 0 13.5 6.5 0 0 0 NA 0 0 97 0.3 -5.9
"60" "" 2015-02-28 28.24 "WAS" "" "DET" "W" 4 NA NA NA NA NA NA NA NA NA NA NA NA NA NA NA NA
"61" "" 2015-03-03 28.24 "WAS" "@" "CHI" "L" -5 NA NA NA NA NA NA NA NA NA NA NA NA NA NA NA NA
"62" "" 2015-03-06 28.25 "WAS" "" "MIA" "W" 2 NA NA NA NA NA NA NA NA NA NA NA NA NA NA NA NA
"63" "21" 2015-03-07 28.25 "WAS" "@" "MIL" "L" -6 0 2.08333333333333 NA NA 0 0 0 0 0 0 NA 0 0 110 0 -6.5
"64" "" 2015-03-09 28.26 "WAS" "@" "CHO" "W" 26 NA NA NA NA NA NA NA NA NA NA NA NA NA NA NA NA
"65" "22" 2015-03-12 28.27 "WAS" "" "MEM" "W" 20 0 7.53333333333333 0.174 0 0 13.9 7.7 0 0 0 25.8 23.2 29 96 -1.9 -23.9
"66" "" 2015-03-14 28.27 "WAS" "" "SAC" "W" 16 NA NA NA NA NA NA NA NA NA NA NA NA NA NA NA NA
"67" "" 2015-03-16 28.28 "WAS" "" "POR" "W" 8 NA NA NA NA NA NA NA NA NA NA NA NA NA NA NA NA
"68" "" 2015-03-18 28.28 "WAS" "@" "UTA" "W" 4 NA NA NA NA NA NA NA NA NA NA NA NA NA NA NA NA
"69" "23" 2015-03-20 28.29 "WAS" "@" "LAC" "L" -14 0 1.66666666666667 0.532 0 62.6 80 70.2 0 0 0 0 51.5 137 110 2.3 17.8
"70" "24" 2015-03-22 28.3 "WAS" "@" "SAC" "L" -23 0 12 0.51 0.4 8.7 25 15.4 0 0 0 14.5 24.8 100 118 3.6 -3.8
"71" "25" 2015-03-23 28.3 "WAS" "@" "GSW" "L" -31 0 21.55 0.484 0.25 4.6 0 2.2 9 0 0 13.9 15.5 95 124 2.8 -4.9
"72" "26" 2015-03-25 28.3 "WAS" "" "IND" "L" -2 0 27.9833333333333 0.347 0.167 4.3 17.5 11.6 5.5 3.6 0 10.4 16.3 77 104 4.9 -2.6
"73" "27" 2015-03-27 28.31 "WAS" "" "CHO" "W" 3 0 11.7833333333333 0.174 0 0 0 0 0 0 0 0 20.4 42 101 -1.6 -15.2
"74" "28" 2015-03-29 28.32 "WAS" "" "HOU" "L" -8 0 8.46666666666667 0.75 0.75 11.8 0 5.9 0 0 0 33.3 15.7 97 116 1.3 -2.6
"75" "29" 2015-04-01 28.32 "WAS" "" "PHI" "W" 13 0 2.36666666666667 NA NA 0 0 0 0 0 0 NA 0 0 108 -0.4 -13.4
"76" "" 2015-04-03 28.33 "WAS" "" "NYK" "W" 14 NA NA NA NA NA NA NA NA NA NA NA NA NA NA NA NA
"77" "" 2015-04-04 28.33 "WAS" "@" "MEM" "W" 9 NA NA NA NA NA NA NA NA NA NA NA NA NA NA NA NA
"78" "30" 2015-04-08 28.34 "WAS" "@" "PHI" "W" 29 0 3.73333333333333 0 0 0 68.9 47.6 0 0 0 0 26.8 0 70 -0.9 -38
"79" "31" 2015-04-10 28.35 "WAS" "@" "BRK" "L" -37 0 6.78333333333333 0.399 0 0 0 0 22.1 0 0 21 31.6 81 137 0.9 -10.6
"80" "" 2015-04-12 28.35 "WAS" "" "ATL" "W" 9 NA NA NA NA NA NA NA NA NA NA NA NA NA NA NA NA
"81" "" 2015-04-14 28.36 "WAS" "@" "IND" "L" -4 NA NA NA NA NA NA NA NA NA NA NA NA NA NA NA NA
"82" "32" 2015-04-15 28.36 "WAS" "@" "CLE" "L" -5 0 35.5833333333333 0.799 0.722 3.1 6.5 4.8 8.6 1.5 0 13.8 18.1 144 116 17 4.8
