"Rk" "G" "Date" "Age" "Tm" "H/A" "Opp" "W/L" "By Amt" "GS" "MP" "TS%" "eFG%" "ORB%" "DRB%" "TRB%" "AST%" "STL%" "BLK%" "TOV%" "USG%" "ORtg" "DRtg" "GmSc" "BPM"
"1" "1" 1984-10-26 22.59 "PHI" "" "CLE" "W" 10 0 12 0.6 0.6 0 0 0 12.9 0 0 16.7 20.6 104 115 3.4 -4.5
"2" "2" 1984-10-27 22.59 "PHI" "@" "ATL" "W" 3 0 8 0 0 0 11.5 5.8 0 0 0 50 9.5 0 109 -1.4 -15.7
"3" "3" 1984-10-30 22.6 "PHI" "@" "NJN" "W" 22 0 20 0.444 0.444 0 7.9 4.2 22.2 0 0 0 15.8 117 93 6 -0.5
"4" "4" 1984-11-02 22.61 "PHI" "" "DAL" "W" 4 0 12 0.113 0 0 0 0 20 0 0 18.4 17.6 44 112 -1.8 -16.2
"5" "5" 1984-11-07 22.62 "PHI" "" "IND" "W" 21 0 13 0.654 0.667 0 7.2 3.7 18.8 0 0 22.5 23.3 103 102 5.3 -4.6
"6" "6" 1984-11-09 22.63 "PHI" "@" "BOS" "L" -11 0 16 0.4 0.4 0 0 0 36.6 0 0 16.7 14.7 101 130 3 -5.1
"7" "7" 1984-11-14 22.64 "PHI" "" "DET" "L" -4 0 17 0.333 0.333 0 5.8 2.9 29.2 2.5 0 0 13.2 101 113 4.7 -0.5
"8" "8" 1984-11-16 22.65 "PHI" "@" "DET" "W" 11 0 7 0.568 NA 0 0 0 16.3 0 0 0 5.3 142 102 1.3 2.5
"9" "9" 1984-11-17 22.65 "PHI" "@" "CHI" "W" 9 0 9 0.725 0 0 0 0 26.7 0 0 26.6 15.7 136 106 3.3 2.8
"10" "10" 1984-11-20 22.66 "PHI" "" "WSB" "L" -15 0 7 0.75 0.75 0 17.6 8.5 50.5 0 0 0 35.5 141 120 7.4 18.5
"11" "11" 1984-11-28 22.68 "PHI" "" "IND" "W" 21 0 7 0.269 0.286 0 0 0 80 0 0 0 37.8 93 100 1.9 -7.6
"12" "12" 1984-11-30 22.68 "PHI" "" "POR" "W" 10 0 2 0 0 0 0 0 51.1 0 0 50 36.3 27 114 -1 -31.7
"13" "13" 1984-12-09 22.71 "PHI" "" "NYK" "W" 16 0 1 NA NA 0 0 0 0 0 0 NA 0 0 106 0 -6.5
"14" "14" 1984-12-15 22.73 "PHI" "@" "CHI" "W" 12 0 1 0 0 0 0 0 0 0 0 50 85.7 0 116 -1.7 -96.8
"15" "15" 1984-12-22 22.75 "PHI" "" "NJN" "W" 14 0 3 0.667 0.667 0 0 0 94.1 0 0 25 50.9 106 106 2.4 7.7
"16" "16" 1984-12-29 22.76 "PHI" "@" "GSW" "W" 14 0 3 0.615 0.5 0 0 0 59.3 0 0 29.1 45.7 103 104 1.7 -2.2
"17" "17" 1985-01-02 22.78 "PHI" "@" "SEA" "W" 9 0 1 0 0 0 0 0 0 0 0 0 43.3 0 122 -0.7 -50.7
"18" "18" 1985-01-16 22.81 "PHI" "" "ATL" "W" 23 0 8 0.717 0.625 0 0 0 16.2 11.5 0 0 24.7 157 85 7.7 23.2
"19" "19" 1985-01-20 22.82 "PHI" "@" "BOS" "L" -16 0 1 NA NA 0 0 0 0 0 0 NA 0 0 126 0 -5.4
"20" "20" 1985-01-30 22.85 "PHI" "" "BOS" "W" 18 0 2 0 0 0 0 0 0 0 0 0 40.3 0 117 -1.4 -47
"21" "21" 1985-02-01 22.86 "PHI" "" "CHI" "W" 11 0 1 0 0 0 0 0 0 0 0 0 79 0 115 -1.4 -84.4
"22" "22" 1985-02-04 22.87 "PHI" "" "ATL" "W" 14 0 3 0.333 0.333 0 0 0 0 0 0 25 52.7 55 107 -0.7 -29.2
"23" "23" 1985-02-20 22.91 "PHI" "" "GSW" "W" 21 0 1 1.5 1.5 0 0 0 0 0 0 0 36.1 300 124 2.7 92.7
"24" "24" 1985-02-22 22.92 "PHI" "" "DET" "W" 11 0 5 0 0 0 0 0 0 8.9 0 33.3 47.4 0 82 -4.2 -42.5
"25" "25" 1985-02-26 22.93 "PHI" "@" "MIL" "L" -19 1 33 0.381 0.357 3.9 9.5 7 21.8 4.3 0 16 23.7 81 111 7 -2.1
"26" "26" 1985-02-28 22.93 "PHI" "@" "KCK" "W" 8 0 15 0.5 0.5 0 0 0 20.1 3.2 0 33.3 7.7 100 120 2.3 -3.5
"27" "27" 1985-03-06 22.95 "PHI" "" "ATL" "W" 10 0 2 0 0 0 60 30.8 0 0 0 50 46.9 0 91 -1.4 -50.1
"28" "28" 1985-03-08 22.95 "PHI" "" "SEA" "W" 14 0 1 0 0 0 100 67.6 0 0 0 0 83.7 0 92 -1.1 -95.3
"29" "29" 1985-03-13 22.97 "PHI" "" "LAC" "W" 18 0 1 0 0 0 0 0 0 0 0 0 39.3 0 112 -0.7 -46.3
"30" "30" 1985-03-15 22.97 "PHI" "" "NYK" "W" 9 0 1 0 0 0 0 0 0 0 0 0 41.7 0 125 -0.7 -51.7
"31" "31" 1985-03-16 22.98 "PHI" "" "NJN" "W" 20 0 7 0.143 0.143 0 0 0 14.9 0 0 12.5 46.5 37 117 -3.2 -43.9
"32" "32" 1985-03-19 22.98 "PHI" "@" "CLE" "L" -27 0 10 0.615 0.5 0 0 0 0 0 0 0 30 130 121 6 7.9
"33" "33" 1985-03-22 22.99 "PHI" "" "MIL" "L" -19 0 1 NA NA 0 0 0 0 0 0 NA 0 0 139 0 -7.5
"34" "34" 1985-03-24 23 "PHI" "" "DEN" "W" 21 0 6 0.237 0.25 17 15.1 16 25 6.9 0 19.2 62.9 52 82 -0.9 -28.2
"35" "35" 1985-03-27 23.01 "PHI" "" "WSB" "W" 18 0 4 0.333 0.333 0 0 0 80 0 0 0 31.9 98 108 1.3 -7
"36" "36" 1985-04-02 23.02 "PHI" "@" "ATL" "W" 11 0 6 0.667 0.667 14.8 0 7.7 38.1 0 0 25 28.2 109 108 2.3 -0.3
"37" "37" 1985-04-03 23.02 "PHI" "" "CLE" "L" -3 0 3 1 1 0 0 0 66.7 0 0 0 12.5 200 117 2 11.6
"38" "38" 1985-04-10 23.04 "PHI" "@" "NJN" "L" -25 0 19 0.606 0.591 0 19.4 8.9 38.2 0 0 13.2 30.9 113 122 10.9 4.8
"1" "1" 1985-10-29 23.6 "PHI" "@" "MIL" "L" -2 0 15 0.5 0.5 0 8.4 4 22.4 0 0 0 5 152 122 3.4 -0.9
"2" "2" 1985-10-30 23.6 "PHI" "" "DET" "W" 7 0 22 0.571 0.571 0 4.8 2.2 11.6 4.1 0 0 12.2 125 106 7.6 2.2
"3" "3" 1985-11-01 23.61 "PHI" "@" "NJN" "L" -4 0 16 0.129 0 0 0 0 6.8 0 0 20.5 11.8 35 110 -2.2 -14.4
"4" "4" 1985-11-02 23.61 "PHI" "@" "ATL" "L" -1 0 13 0.688 0.688 0 0 0 51.8 0 0 0 24.9 152 111 9.1 15.9
"5" "5" 1985-11-06 23.62 "PHI" "" "IND" "W" 8 0 16 0.333 0.333 0 6.3 2.9 30.8 0 0 0 7.4 107 100 3 -3.8
"6" "6" 1985-11-08 23.62 "PHI" "" "SAS" "L" -12 0 15 0.444 0.357 6.2 8.4 7.1 44.8 3.4 0 20.2 26.5 98 115 5.7 4.2
"7" "7" 1985-11-10 23.63 "PHI" "" "MIL" "W" 8 0 3 1.136 NA 0 0 0 0 0 0 0 11 250 104 2 10
"8" "8" 1985-11-13 23.64 "PHI" "" "CHI" "W" 4 0 9 0 0 0 12.7 6.1 50.8 0 0 0 9.4 89 119 0.9 -8.5
"9" "9" 1985-11-16 23.65 "PHI" "@" "WSB" "L" -21 0 21 0.672 0.643 4.9 12.7 8.3 34 0 0 11.8 16.8 130 121 9.8 5.2
"10" "10" 1985-11-20 23.66 "PHI" "" "GSW" "W" 4 0 15 0 0 0 7.6 4 35.6 3.2 0 0 5.4 104 114 2.6 -2.8
"11" "11" 1985-11-22 23.66 "PHI" "@" "BOS" "L" -7 0 13 0 0 0 9.5 4.6 27.7 0 0 40 16.1 30 118 -1.7 -14.3
"12" "12" 1985-11-23 23.67 "PHI" "" "DET" "L" -5 0 6 0 0 0 0 0 0 0 0 0 21.4 0 129 -2.1 -29.1
"13" "13" 1985-11-26 23.67 "PHI" "" "BOS" "L" -7 0 6 1.136 NA 0 0 0 41 0 0 0 6.4 233 113 3.4 10.8
"14" "14" 1985-11-30 23.68 "PHI" "@" "NYK" "W" 20 0 8 0.833 0.833 0 0 0 52.9 0 0 25 20.9 136 107 4.4 9.2
"15" "15" 1985-12-03 23.69 "PHI" "@" "DET" "W" 20 0 24 0.742 0.643 4.7 4 4.3 23.3 3.7 0 0 13.1 177 99 16.2 13.4
"16" "16" 1985-12-04 23.7 "PHI" "" "WSB" "W" 5 0 16 0.868 0.75 0 6 3 23.3 0 0 25.8 9.6 144 108 5 0.9
"17" "17" 1985-12-06 23.7 "PHI" "" "DEN" "L" -2 0 21 0.635 0.571 0 0 0 29.2 4.3 0 0 13.5 167 114 11.4 11.4
"18" "18" 1985-12-08 23.71 "PHI" "" "SEA" "L" -5 0 15 0.625 0.625 0 0 0 12 0 0 33.3 15.8 92 122 1.7 -6.1
"19" "19" 1985-12-11 23.72 "PHI" "" "CLE" "W" 15 0 7 0.615 0.75 14.6 0 7.9 35 0 0 0 12.9 146 110 3.7 9
"20" "20" 1985-12-12 23.72 "PHI" "@" "CHI" "L" -4 0 13 0 0 7.2 0 4 9.2 0 0 0 9.2 40 121 -0.7 -12.5
"21" "21" 1985-12-14 23.72 "PHI" "@" "ATL" "L" -4 0 14 0.2 0.2 7.6 19 12.7 21.1 0 0 28.6 20.2 56 113 -0.4 -11.9
"22" "22" 1985-12-17 23.73 "PHI" "@" "IND" "W" 6 0 22 0.887 0.667 4.5 4.7 4.6 6.9 0 0 26.2 13.8 138 102 7.2 -0.1
"23" "23" 1985-12-18 23.73 "PHI" "" "HOU" "W" 18 0 20 0.4 0.4 0 0 0 19.3 2.2 0 9.1 21 98 101 3.9 -6.2
"24" "24" 1985-12-20 23.74 "PHI" "" "UTA" "W" 7 0 17 0.375 0.375 0 0 0 17.9 5.6 0 11.1 22.2 81 99 3.2 -4.7
"25" "25" 1985-12-21 23.74 "PHI" "" "BOS" "W" 6 0 27 0.55 0.55 0 8.7 4.1 15.6 0 0 9.1 16.5 116 114 7.3 -1.7
"26" "26" 1985-12-26 23.76 "PHI" "@" "LAC" "W" 9 1 43 0.666 0.625 3.1 5.1 4.2 11.9 1.1 0 0 10 153 113 13.7 0.1
"27" "27" 1985-12-28 23.76 "PHI" "@" "PHO" "W" 2 0 17 0.638 0.7 0 0 0 14.1 2.8 0 20.3 36.6 90 100 7.9 4.1
"28" "28" 1985-12-30 23.77 "PHI" "@" "SAC" "W" 3 0 22 0.2 0.2 5.6 0 2.6 7.6 2.5 0 0 10.3 69 104 0.5 -7.4
"29" "29" 1986-01-01 23.77 "PHI" "@" "POR" "W" 2 0 11 0.174 0 0 0 0 33.6 0 0 0 10.9 100 121 0.9 -7.6
"30" "30" 1986-01-11 23.8 "WSB" "@" "HOU" "L" -1 0 23 0.501 0.385 0 4.3 2.1 26.6 2.3 0 5.6 33.8 109 100 11.1 7.2
"31" "31" 1986-01-13 23.81 "WSB" "" "LAC" "W" 13 0 25 0.461 0.313 3.3 14.8 8.7 37 0 0 29.1 21.1 87 82 6.3 -2.5
"32" "32" 1986-01-14 23.81 "WSB" "@" "CHI" "W" 4 0 19 0.768 0.731 0 14.9 8.5 19.6 2.5 0 12.3 34.5 137 111 16.6 16.2
"33" "33" 1986-01-16 23.81 "WSB" "@" "MIL" "L" -16 0 27 0.609 0.559 0 8.3 4.4 42.3 1.8 0 16.3 39.7 112 117 16.2 6.9
"34" "34" 1986-01-17 23.82 "WSB" "" "NJN" "W" 20 0 27 0.81 0.733 0 11.3 6.6 61.2 1.7 0 13.9 33.6 147 97 28 17.4
"35" "35" 1986-01-19 23.82 "WSB" "" "CHI" "W" 14 0 18 0.056 0 0 0 0 12.1 5.5 0 0 22.4 28 101 -1.6 -16.2
"36" "36" 1986-01-23 23.83 "WSB" "" "PHO" "W" 2 0 29 0.624 0.542 3.8 3.6 3.7 29.1 0 0 15.1 27.6 120 116 15.6 3.2
"37" "37" 1986-01-25 23.84 "WSB" "" "ATL" "W" 8 0 25 0.384 0.231 0 12 6.5 26.5 0 0 11.3 30.2 89 112 5.7 -9.3
"38" "38" 1986-01-29 23.85 "WSB" "@" "IND" "L" -4 0 29 0.538 0.536 0 10.1 5.1 8.5 0 0 0 23.3 112 104 9.4 0.4
"39" "39" 1986-01-31 23.85 "WSB" "" "BOS" "L" -9 0 34 0.483 0.475 2.8 6.1 4.4 11.9 0 0 4.4 29.7 101 110 10.7 1.3
"40" "40" 1986-02-01 23.86 "WSB" "@" "DET" "L" -15 0 34 0.446 0.4 2.9 3 3 5.2 5.7 0 7.8 30.9 95 115 11.9 0
"41" "41" 1986-02-05 23.87 "WSB" "@" "BOS" "L" -15 0 26 0.509 0.417 0 3.9 1.9 21.5 2 0 17.9 28.6 90 113 7.2 -2.6
"42" "42" 1986-02-06 23.87 "WSB" "" "DET" "L" -2 0 27 0.383 0.25 0 13.5 7.3 21.8 0 0 25.4 24.9 72 107 2.8 -9.7
"43" "43" 1986-02-11 23.88 "WSB" "@" "POR" "W" 8 0 7 0.5 0.5 19 16.3 17.6 0 0 0 50 23.3 61 112 0 -14.3
"44" "44" 1986-02-13 23.89 "WSB" "@" "GSW" "L" -4 0 15 0.414 0.4 0 6.2 3.2 27.3 0 0 15.5 35.9 82 120 1.6 -14.4
"45" "45" 1986-02-15 23.9 "WSB" "@" "SEA" "L" -6 0 26 0.253 0.167 4.3 10.5 7.1 23 0 0 23.3 20.5 65 118 -0.7 -14.1
"46" "46" 1986-02-17 23.9 "WSB" "@" "LAC" "W" 2 0 17 0.5 0.5 6.3 0 3 46.2 2.9 0 33.3 22.7 88 101 5.2 -0.3
"47" "47" 1986-02-18 23.9 "WSB" "@" "DEN" "L" -11 0 34 0.468 0.423 0 8.6 4.8 30.3 2.7 0 30.2 25.2 75 99 6.6 -4.3
"48" "48" 1986-02-21 23.91 "WSB" "@" "PHI" "L" -10 0 19 0.383 0.3 7.7 0 4.3 10.3 0 0 7.8 24.8 87 108 3.1 -4.2
"49" "49" 1986-02-22 23.92 "WSB" "@" "CLE" "W" 8 0 20 0.568 0.5 12.6 5.9 9.1 31 0 0 19.6 33 108 112 8.6 -2.1
"50" "50" 1986-02-24 23.92 "WSB" "" "NJN" "W" 10 0 7 0 0 0 0 0 0 0 0 50 12 0 101 -1.7 -19.3
"51" "51" 1986-02-25 23.92 "WSB" "@" "IND" "L" -13 0 17 0.333 0.333 0 6.9 2.9 22.3 5.7 0 33.3 22.4 52 99 1.3 -8.7
"52" "52" 1986-02-27 23.93 "WSB" "" "GSW" "W" 12 0 22 0.514 0.429 0 0 0 40.6 0 0 10.2 19.6 120 114 8 1
"53" "53" 1986-02-28 23.93 "WSB" "@" "MIL" "L" -18 0 18 0.571 0.571 5.1 0 2.9 0 0 0 20.2 24.5 94 120 3.6 -2.8
"54" "54" 1986-03-02 23.94 "WSB" "" "MIL" "W" 21 0 18 0.825 0.786 5.6 11.9 8.6 28.6 2.6 0 0 17.5 183 100 14.8 22.2
"55" "55" 1986-03-04 23.94 "WSB" "@" "NYK" "L" -36 0 21 0 0 0 0 0 7.9 0 0 33.3 12.4 8 126 -5.7 -22.9
"56" "56" 1986-03-06 23.95 "WSB" "" "NYK" "W" 2 0 7 0.333 0.333 0 0 0 0 0 0 25 23.1 52 107 -0.7 -16.9
"57" "57" 1986-03-14 23.97 "WSB" "" "DEN" "L" -10 0 12 0.868 0.75 0 19.5 10.8 22.9 0 0 41 19.7 109 112 4 -0.6
"58" "58" 1986-03-15 23.97 "WSB" "@" "IND" "L" -5 0 6 0 0 0 0 0 20.5 0 0 0 7.6 51 124 0 -12
"59" "59" 1986-03-17 23.98 "WSB" "" "NJN" "L" -28 0 19 0.517 0.375 0 6.5 3.5 24.1 0 0 8.6 26.4 111 136 7.6 -5
"60" "60" 1986-03-18 23.98 "WSB" "@" "MIL" "L" -29 0 17 0.535 0.5 0 16.6 6.8 14.2 2.9 0 13.3 39.6 98 117 7.7 3.7
"61" "61" 1986-03-21 23.99 "WSB" "@" "PHI" "L" -7 0 16 0.368 0.4 0 0 0 32.4 3 0 15.5 16.3 87 114 3.3 -1.6
"62" "62" 1986-03-22 23.99 "WSB" "" "IND" "W" 1 0 6 0 0 0 0 0 37.2 0 0 0 7.2 77 113 0.3 -5.9
"63" "63" 1986-03-24 24 "WSB" "" "PHI" "W" 7 0 4 0 0 0 0 0 0 0 0 0 10.2 0 108 -1.5 -28
"64" "64" 1986-03-26 24 "WSB" "" "DAL" "W" 8 0 8 0.102 0 0 12.5 6.3 35.3 0 0 0 22.7 69 111 0.2 -12.1
"65" "65" 1986-03-28 24.01 "WSB" "@" "BOS" "L" -19 0 15 0.5 0.5 0 7.1 3.3 10.8 3.3 0 0 13.6 113 121 3.9 -1.3
"66" "66" 1986-04-01 24.02 "WSB" "@" "ATL" "L" -16 0 21 0.458 0.2 0 4.7 2.1 6.8 0 0 0 14.4 109 112 3.3 -6.7
"67" "67" 1986-04-08 24.04 "WSB" "" "IND" "L" -7 0 19 0.52 0.469 10.3 0 5.9 12.4 0 0 5.5 37.7 113 114 9.5 -0.4
"68" "68" 1986-04-13 24.05 "WSB" "" "PHI" "W" 1 0 9 0 0 9.7 0 5.7 28.1 0 0 0 4.2 103 109 1.4 -2.9
"1" "1" 1986-10-31 24.6 "NJN" "" "NYK" "W" 11 0 3 0.5 0.5 0 0 0 0 0 0 0 39.6 110 105 1.3 7.8
"2" "2" 1986-11-01 24.61 "NJN" "@" "ATL" "L" -20 0 21 0.739 0.714 0 12.4 6.3 75.5 0 0 0 29 158 124 20.3 15.8
"3" "3" 1986-11-04 24.61 "NJN" "@" "WSB" "L" -1 0 27 0.851 0.9 0 4 2.5 45.9 1.9 0 20.7 16.5 149 113 15.9 11
"4" "4" 1986-11-05 24.62 "NJN" "" "SAS" "L" -9 0 26 0.467 0.286 0 8.8 4.5 36.6 0 0 9.4 16.6 110 115 8.2 -1.8
"5" "5" 1986-11-07 24.62 "NJN" "" "MIL" "L" -21 0 21 0.556 0.4 0 0 0 11.2 2.3 0 29.4 19.2 88 117 2.8 -5.8
"6" "6" 1986-11-11 24.63 "NJN" "" "BOS" "W" 4 0 17 0.752 1 6.1 0 2.8 8.4 2.6 0 15.8 14.8 122 108 6.2 6.2
"7" "7" 1986-11-13 24.64 "NJN" "" "IND" "L" -3 0 9 0.571 0.571 0 0 0 44.7 0 0 0 33.2 132 116 5.3 10
"8" "8" 1986-11-15 24.64 "NJN" "" "ATL" "L" -19 0 23 0.508 0.429 0 19.6 7.7 7.5 0 0 0 13.2 129 113 4.7 -2.7
"9" "9" 1986-11-18 24.65 "NJN" "@" "DEN" "L" -13 0 32 0.517 0.313 0 8.8 4.2 51.3 1.4 0 8.6 13.3 137 118 15.8 6.4
"10" "10" 1986-11-19 24.65 "NJN" "@" "PHO" "L" -10 0 20 0.167 0.167 0 6 3.1 41.4 0 0 45.5 22 48 114 -2.8 -17.9
"11" "11" 1986-11-21 24.66 "NJN" "@" "LAL" "L" -16 0 18 0.313 0.313 0 0 0 32.7 0 0 11.1 19.6 73 113 2 -6.3
"12" "12" 1986-11-22 24.66 "NJN" "@" "UTA" "L" -18 0 29 0.214 0.214 0 7.4 3.5 37 1.8 0 22.2 13.2 66 106 1.8 -6.4
"13" "13" 1986-11-25 24.67 "NJN" "@" "SAS" "L" -18 0 25 0.571 0.429 5.2 5.3 5.3 34.7 0 0 23.7 21.7 107 127 7.5 -5.3
"14" "14" 1986-11-28 24.68 "NJN" "@" "DAL" "L" -25 0 21 0.571 0.5 0 7.1 2.8 32.5 0 0 17.2 22.6 106 122 6 -2.2
"15" "15" 1986-11-29 24.68 "NJN" "@" "HOU" "W" 5 0 39 0.429 0.429 0 3 1.4 32.2 1.3 0 0 7.4 134 107 7.2 -0.3
"16" "16" 1986-12-03 24.69 "NJN" "" "DET" "L" -1 0 43 0.254 0.214 0 5.6 2.9 14.6 1.1 0 11.3 8.6 69 101 1.7 -4.7
"17" "17" 1986-12-05 24.7 "NJN" "" "DEN" "L" -13 0 16 0.214 0.214 0 0 0 0 3 0 22.2 22.6 39 114 -2.9 -15.7
"18" "18" 1986-12-06 24.7 "NJN" "@" "PHI" "L" -5 0 6 0 0 19.5 0 9.8 19.5 0 0 0 20.8 45 118 -1.5 -22.3
"19" "19" 1986-12-09 24.71 "NJN" "" "SAC" "L" -13 0 7 0.75 0.75 0 0 0 0 0 0 0 11.3 150 129 1.2 -4.7
"20" "20" 1986-12-10 24.71 "NJN" "@" "BOS" "L" -10 0 22 0.543 0.5 0 0 0 39.1 0 0 13.4 14 120 122 6.8 0.8
"21" "21" 1986-12-12 24.72 "NJN" "" "PHI" "W" 33 0 29 0.583 0.556 5 6.9 6.1 36.6 0 0 9.6 14.7 137 95 12.9 4.4
"22" "22" 1986-12-13 24.72 "NJN" "@" "IND" "L" -4 0 30 0.558 0.444 4.2 7.8 6.1 43.8 3.2 0 8.5 17.2 125 96 13.7 6.9
"23" "23" 1986-12-16 24.73 "NJN" "@" "CHI" "L" -1 0 30 0.628 0.5 0 3.4 1.7 44.7 1.7 0 0 13.3 146 105 13.7 6.7
"24" "24" 1986-12-18 24.73 "NJN" "@" "NYK" "W" 1 0 23 0.68 0.7 0 0 0 36.3 0 0 25.4 16.2 111 108 6.8 2
"25" "25" 1986-12-23 24.75 "NJN" "" "UTA" "W" 23 0 22 0.667 0.667 0 3.2 2 51.4 0 0 25 13.6 126 94 9.9 6
"26" "26" 1986-12-26 24.76 "NJN" "@" "CLE" "L" -9 0 27 0.409 0.367 7.1 11.6 9.3 37.3 1.7 0 15.9 26.6 92 115 8.8 -4
"27" "27" 1986-12-27 24.76 "NJN" "" "CLE" "W" 9 0 22 0 0 0 9.1 4.7 14.5 0 0 20 8.7 34 108 -1.1 -11.9
"28" "28" 1986-12-29 24.76 "NJN" "" "MIL" "W" 5 0 22 0.799 0.714 0 0 0 13.5 2.1 2.7 10.2 17.3 158 117 12 11.1
"29" "29" 1987-01-02 24.78 "NJN" "@" "DET" "L" -1 0 30 0.786 0.786 7.8 10.7 9.3 22 0 0 22.2 11.4 139 127 11.8 2.2
"30" "30" 1987-01-03 24.78 "NJN" "" "LAC" "W" 21 0 27 0.5 0.5 0 7.8 5 26.2 1.6 0 41.7 16.5 79 92 4 -4.1
"31" "31" 1987-01-06 24.79 "NJN" "@" "MIL" "L" -12 0 30 0.536 0.438 4.4 8.2 6.4 32.7 1.6 0 0 13.1 139 126 10.8 0.7
"32" "32" 1987-01-07 24.79 "NJN" "" "WSB" "W" 22 0 26 0.425 0.4 0 3.1 1.7 27.9 3.5 0 0 8.7 128 95 8.7 3
"33" "33" 1987-01-09 24.79 "NJN" "" "POR" "L" -7 0 48 0.421 0.421 2.1 12.3 6.8 36.5 0.9 0 17.4 19 93 113 13 -2.2
"34" "34" 1987-01-10 24.8 "NJN" "@" "CHI" "L" -10 0 23 0.68 0.7 0 5.2 2.2 32.3 2.1 0 0 10.4 157 121 9.6 3.3
"35" "35" 1987-01-13 24.81 "NJN" "" "BOS" "L" -6 0 27 0.5 0.5 0 8.7 4.3 21.6 0 0 40 7.5 93 126 1.4 -8.5
"36" "36" 1987-01-14 24.81 "NJN" "@" "WSB" "L" -18 0 26 0.167 0.167 0 4.7 2.5 50.6 1.8 0 14.3 11 91 116 5.4 -4.6
"37" "37" 1987-01-17 24.82 "NJN" "" "DET" "L" -10 0 21 0.403 0 0 0 0 24.1 0 0 0 12.4 110 127 4.2 -6.6
"38" "38" 1987-01-19 24.82 "NJN" "" "LAL" "L" -11 0 34 0.307 0.25 0 8.6 4.6 26.5 0 0 38.1 10.1 83 131 3 -7.3
"39" "39" 1987-01-21 24.83 "NJN" "" "PHO" "W" 6 0 13 0.906 1 8.2 8 8.1 10.2 0 0 42 13.6 109 110 2.8 -6.3
"40" "40" 1987-01-23 24.83 "NJN" "" "SEA" "L" -5 0 17 0 0 0 7.2 3.4 25.7 2.8 0 0 7.4 67 125 2 -4.3
"41" "41" 1987-01-27 24.84 "NJN" "@" "SAC" "L" -3 0 20 0.51 0.4 4.2 9.2 6.6 29.9 0 0 0 10.3 139 111 6.5 -0.4
"42" "42" 1987-01-28 24.85 "NJN" "@" "LAC" "L" -7 0 27 0.888 0.857 0 10.5 6 54.9 0 0 33.7 17.8 124 99 12.4 10.2
"43" "43" 1987-01-30 24.85 "NJN" "@" "POR" "L" -18 0 19 0.622 0.571 0 7 3 23 0 0 9.4 21 127 124 8.9 1.1
"44" "44" 1987-02-01 24.86 "NJN" "@" "GSW" "L" -3 0 20 0.325 0.167 5 5.5 5.2 18.3 2.5 0 8.5 24.5 89 111 3 -7.7
"45" "45" 1987-02-02 24.86 "NJN" "@" "SEA" "L" -8 0 15 0.518 0.4 8.2 0 3.8 20.3 0 0 0 19.2 128 120 6 3
"46" "46" 1987-02-04 24.87 "NJN" "" "PHI" "L" -26 0 27 0.412 0.412 3.3 0 1.9 7.3 0 0 15 27.1 93 133 1.7 -10.7
"47" "47" 1987-02-05 24.87 "NJN" "@" "NYK" "L" -17 0 22 0.633 0.55 0 5.7 2.6 21.1 0 0 0 22.3 142 130 12.6 1.6
"48" "48" 1987-02-12 24.89 "NJN" "" "HOU" "L" -22 1 32 0.232 0.167 5.4 9.7 6.9 26.1 1.6 0 15.7 15.8 73 129 3.1 -7
"49" "49" 1987-02-15 24.9 "NJN" "" "CLE" "W" 16 1 34 0.798 0.5 0 8.5 4.7 22.7 3.9 0 61.5 10.8 83 93 7.4 0.5
"50" "50" 1987-02-16 24.9 "NJN" "@" "MIL" "L" -4 1 32 0.827 0.8 5.2 4.3 4.7 33.8 0 0 8.4 15.4 168 132 18.6 8.6
"51" "51" 1987-02-19 24.91 "NJN" "" "GSW" "L" -4 1 27 0.25 0.25 3.1 13 7.3 29.3 0 0 0 16.8 95 118 2.6 -6.4
"52" "52" 1987-02-21 24.91 "NJN" "" "NYK" "W" 4 1 33 0.34 0.2 0 12.6 6.4 21.1 2.9 0 0 6.9 120 107 6.8 -1.4
"53" "53" 1987-02-23 24.92 "NJN" "@" "BOS" "L" -13 1 21 0.667 0.667 0 20.8 8.4 46.4 4.4 0 25 7.7 133 107 9.4 7.7
"54" "54" 1987-02-24 24.92 "NJN" "" "DET" "L" -8 1 8 0 0 0 17.1 7.3 41.9 0 0 25 18.8 36 121 -1.1 -16.5
"55" "55" 1987-02-26 24.93 "NJN" "@" "CHI" "L" -15 0 16 0.571 0.5 0 0 0 30 0 0 10.2 23.8 119 133 7 0.6
"56" "56" 1987-02-27 24.93 "NJN" "" "IND" "W" 10 0 21 0.581 0.5 0 6.2 3.5 24 2.4 0 22.5 18.4 122 121 7.1 -1
"57" "57" 1987-03-01 24.93 "NJN" "" "CHI" "W" 10 0 18 0.434 0.375 0 0 0 13.6 0 0 25.8 17.2 80 103 0 -9.2
"58" "58" 1987-03-04 24.94 "NJN" "@" "WSB" "L" -3 0 29 0.638 0.6 0 0 0 44.7 1.5 0 14.5 18 135 113 15.5 6.2
"59" "59" 1987-03-06 24.95 "NJN" "" "ATL" "L" -28 0 22 0.361 0.357 0 4.3 2.4 7.6 2.2 2.5 19.4 19.9 70 114 1.4 -2.7
"60" "60" 1987-03-07 24.95 "NJN" "@" "PHI" "W" 12 0 33 0.455 0.389 0 6.2 3.1 13.6 1.5 0 16.8 15.3 94 111 5.9 -6.4
"61" "61" 1987-03-10 24.96 "NJN" "" "WSB" "W" 42 0 27 0.5 0.5 0 9 5.4 27.9 1.7 0 12.5 11.8 123 83 9.1 2.6
"62" "62" 1987-03-12 24.96 "NJN" "" "MIL" "W" 17 0 24 0.405 0.333 0 8.5 4.8 31.6 5.4 0 9.2 17.5 108 91 8.1 2.8
"63" "63" 1987-03-13 24.97 "NJN" "@" "NYK" "W" 5 0 35 0.615 0.5 7.4 8.4 8 25.8 1.2 0 23.5 13.5 123 109 13.1 -0.4
"64" "64" 1987-03-15 24.97 "NJN" "@" "IND" "L" -24 0 29 0.338 0.25 0 4.6 1.9 15 1.5 0 23.1 23.1 63 118 0.4 -12.4
"65" "65" 1987-03-17 24.98 "NJN" "" "CLE" "L" -19 0 12 0 0 10 0 5.7 34.3 3.9 0 25 13.3 47 108 0.3 -6.2
"66" "66" 1987-03-18 24.98 "NJN" "@" "DET" "W" 1 0 35 0.58 0.417 0 2.7 1.6 23.3 2.8 0 11.4 10.8 133 119 11.4 1.1
"67" "67" 1987-03-20 24.99 "NJN" "@" "CLE" "L" -1 0 6 0 0 0 0 0 57.1 8 0 50 13.9 62 98 1.4 3.6
"68" "68" 1987-03-22 24.99 "NJN" "@" "BOS" "L" -12 0 15 0.307 0.25 0 0 0 33.9 0 0 17 17 81 127 1.2 -12.2
"69" "69" 1987-03-24 25 "NJN" "" "DAL" "L" -12 0 32 0.689 0.7 0 11.3 5.6 28.1 0 2 15.5 17.4 123 122 12.6 5
"70" "70" 1987-04-04 25.03 "NJN" "@" "MIL" "L" -10 0 28 0.318 0.333 0 4.1 1.9 31.3 3.3 0 9.6 14.4 85 110 6 0.5
"71" "71" 1987-04-07 25.04 "NJN" "@" "IND" "L" -14 0 2 0 0 0 0 0 61.5 0 0 33.3 60.8 19 133 -1.7 -53.4
"72" "72" 1987-04-08 25.04 "NJN" "" "WSB" "L" -9 0 8 NA NA 0 0 0 28.6 0 0 NA 0 210 133 1.4 -2.7
"73" "73" 1987-04-12 25.05 "NJN" "" "ATL" "L" -27 0 20 0.35 0.35 0 12.3 5.8 8.6 2.3 0 9.1 21.9 76 112 1.7 -5.7
"74" "74" 1987-04-14 25.05 "NJN" "@" "CLE" "L" -18 0 24 0.592 0.563 0 0 0 23.1 2 0 19.2 18.4 105 112 6.3 1.9
"75" "75" 1987-04-17 25.06 "NJN" "@" "DET" "L" -13 0 1 NA NA 0 0 0 0 0 0 NA 0 0 130 0 -7
"76" "76" 1987-04-18 25.07 "NJN" "" "IND" "L" -9 0 6 0.25 0.25 0 0 0 0 0 0 20 35.1 44 126 -1.4 -25.9
"1" "1" 1987-11-12 25.64 "SAS" "" "SEA" "W" 5 0 3 0.568 NA 0 0 0 0 0 0 0 11.1 122 115 0.6 -5
"2" "2" 1987-11-14 25.64 "SAS" "@" "PHO" "L" -11 0 24 0.465 0.444 0 5.7 2.6 38.9 1.9 0 0 17.7 123 120 9.5 2
"3" "3" 1987-11-15 25.64 "SAS" "@" "LAL" "L" -17 0 21 0.563 0.5 3.9 9.7 6.5 22.2 2 0 10.1 16.1 126 130 8.9 1.3
"4" "4" 1987-11-17 25.65 "SAS" "" "LAC" "W" 1 0 21 0.952 0.929 5.9 7.2 6.5 20.8 2.4 0 11.3 18.2 168 120 14.8 12.8
"5" "5" 1987-11-20 25.66 "SAS" "@" "DEN" "L" -14 0 29 0.752 0.8 0 6.9 3.2 19.2 0 0 7.3 15.4 152 137 15.9 3
"6" "6" 1987-11-21 25.66 "SAS" "" "UTA" "W" 1 0 12 0.5 0.5 9.8 8.2 8.9 31.6 0 4.7 0 13.7 139 121 5.4 2.8
"7" "7" 1987-11-23 25.67 "SAS" "@" "NYK" "W" 5 0 11 1.33 1.5 0 9.5 4.6 13.4 0 0 0 6.9 261 113 5.7 8.2
"8" "8" 1987-11-25 25.67 "SAS" "@" "IND" "L" -31 0 22 0.25 0.25 6.3 0 3.9 0 3.9 0 0 17.7 75 119 2.2 -5
"9" "9" 1987-11-27 25.68 "SAS" "@" "DET" "L" -32 0 16 0.5 0.5 6 6.3 6.1 23.7 0 0 33.3 14.4 87 138 2.7 -7.7
"10" "10" 1987-11-28 25.68 "SAS" "@" "ATL" "L" -24 0 12 0 0 0 10.5 4.5 30 7.5 0 0 12.8 40 109 1.6 -4
"11" "11" 1987-12-02 25.69 "SAS" "" "HOU" "W" 4 0 13 0.667 0.667 0 0 0 35 0 0 25 13.1 109 105 3.8 -0.6
"12" "12" 1987-12-05 25.7 "SAS" "" "CHI" "W" 9 0 16 0.694 0.625 0 0 0 39.5 0 0 0 15.5 158 107 9.1 9
"13" "13" 1987-12-08 25.71 "SAS" "" "UTA" "W" 5 0 22 0.654 0.583 0 0 0 6.9 0 0 0 12.5 150 104 6.3 -1.1
"14" "14" 1987-12-12 25.72 "SAS" "" "PHO" "W" 19 0 24 0.658 0.611 0 0 0 28.6 1.7 0 0 14.7 152 102 12.7 4.9
"15" "15" 1987-12-15 25.73 "SAS" "@" "NJN" "L" -6 0 13 0.143 0.143 0 0 0 24.4 0 0 0 18.7 51 104 -1.5 -13.3
"16" "16" 1987-12-16 25.73 "SAS" "@" "PHI" "L" -12 1 46 0.539 0.412 2.5 2.6 2.6 35.1 3 0 4.3 20 134 111 23.6 6.8
"17" "17" 1987-12-18 25.73 "SAS" "" "DEN" "W" 19 0 18 0.347 0 0 0 0 35.2 0 0 25.8 7.5 117 108 4.5 -2
"18" "18" 1987-12-20 25.74 "SAS" "@" "POR" "L" -22 0 32 1.038 1.038 0 3.4 1.6 22.7 0 0 7.1 16.1 190 132 23.9 13.5
"19" "19" 1987-12-22 25.75 "SAS" "@" "SAC" "L" -24 0 31 0.286 0.286 3.4 10.1 6.7 23.5 6.1 0 22.2 11.9 73 112 5.4 -4.6
"20" "20" 1987-12-23 25.75 "SAS" "@" "LAC" "W" 14 0 15 0.488 0.333 0 6 3.5 23.6 0 0 0 23.2 125 106 6.2 -4.3
"21" "21" 1987-12-26 25.76 "SAS" "" "GSW" "W" 9 0 25 0.218 0.167 4.1 0 2.1 34.1 1.9 0 12.7 12.3 93 100 5.1 -4.4
"22" "22" 1987-12-30 25.77 "SAS" "" "SAC" "W" 32 0 17 0.571 0.571 0 5.1 3.1 16.8 2.7 0 12.5 19.2 114 108 5.9 -3.7
"23" "23" 1988-01-02 25.78 "SAS" "" "DAL" "L" -7 0 5 0.5 0.5 0 0 0 25 0 0 0 16.5 129 131 1.7 -3.2
"24" "24" 1988-01-04 25.78 "SAS" "@" "LAL" "L" -18 0 7 0.63 0.5 14.9 0 8.9 34.2 0 0 17.4 31.5 124 133 4.6 4.9
"25" "25" 1988-01-13 25.81 "SAS" "" "ATL" "L" -10 0 3 0.5 0.5 0 0 0 0 0 0 0 25.5 100 119 1 -4.1
"26" "26" 1988-01-15 25.81 "SAS" "" "IND" "L" -4 0 30 0.414 0.35 3.4 3.2 3.3 24.5 1.6 0 26.9 19.5 82 114 4.6 -7.8
"27" "27" 1988-01-16 25.81 "SAS" "" "POR" "L" -1 1 45 0.589 0.615 0 0 0 35.1 0 0 0 15.2 142 120 20.6 2.7
"28" "28" 1988-01-19 25.82 "SAS" "" "MIL" "W" 6 1 40 0.311 0.25 6 5.9 5.9 20.3 1.2 0 0 13.7 105 110 8.3 -3.8
"29" "29" 1988-01-22 25.83 "SAS" "@" "UTA" "L" -13 1 39 0.492 0.375 6.1 10.7 8.1 12.2 1.2 0 7.6 24.7 110 115 15.2 0
"30" "30" 1988-01-23 25.83 "SAS" "" "LAC" "W" 6 1 41 0.691 0.654 0 5.7 3 27.8 1.2 0 20.8 20.3 120 111 16.7 -0.8
"31" "31" 1988-01-26 25.84 "SAS" "@" "DAL" "L" -17 1 27 0.628 0.571 0 0 0 14.5 0 0 10.2 14.5 126 128 7.6 -0.8
"32" "32" 1988-01-27 25.84 "SAS" "" "CLE" "L" -10 1 41 0.681 0.656 0 9 4.4 37 0 0 10.6 19 133 118 19.8 3.7
"33" "33" 1988-01-30 25.85 "SAS" "" "SEA" "W" 10 1 36 0.5 0.5 0 10.5 5.9 19.6 0 0 15.4 16.2 96 102 7.2 -5.4
"34" "34" 1988-02-02 25.86 "SAS" "" "NJN" "W" 12 0 17 0.714 0.714 0 0 0 27.7 0 0 22.2 22.2 121 115 6.7 -0.1
"35" "35" 1988-02-04 25.87 "SAS" "" "DEN" "L" -6 0 16 0.364 0.364 0 6.8 3.5 31.6 2.7 0 0 25.7 96 121 6 -4.8
"36" "36" 1988-02-09 25.88 "SAS" "@" "DEN" "L" -28 0 22 0.515 0.417 0 0 0 0 0 0 20.5 16.8 83 126 1.8 -11.1
"37" "37" 1988-02-10 25.88 "SAS" "" "BOS" "L" -16 0 10 0.5 0.5 0 11.4 4.8 0 0 0 0 7.4 100 129 1.3 -10.8
"38" "38" 1988-02-12 25.89 "SAS" "" "LAL" "L" -1 0 8 0 0 0 0 0 23.1 0 0 50 9.7 52 134 -0.3 -12.1
"39" "39" 1988-03-05 25.95 "ATL" "" "MIL" "L" -3 0 1 0 0 0 0 0 0 0 0 0 37.5 0 109 -0.7 -33.1
"40" "40" 1988-03-08 25.96 "ATL" "" "PHO" "W" 30 0 20 0.563 0.563 0 10.4 5.3 30.4 2.3 0 20 19.7 110 111 8.8 -0.4
"41" "41" 1988-03-11 25.96 "ATL" "" "NYK" "W" 7 0 10 0.75 0.75 0 12 6.2 32.6 0 0 0 8.2 174 120 4.4 3.8
"42" "42" 1988-03-13 25.97 "ATL" "@" "BOS" "L" -17 0 8 0.717 0.625 0 30 13.3 50 6 0 17 29.9 136 106 6.6 19.9
"43" "43" 1988-03-15 25.98 "ATL" "" "PHI" "W" 14 0 1 0 0 0 0 0 0 0 0 0 39.9 0 111 -0.7 -39.9
"44" "44" 1988-03-19 25.99 "ATL" "@" "NYK" "L" -6 0 1 NA NA 0 0 0 0 0 0 NA 0 0 121 0 -6.3
"45" "45" 1988-03-21 25.99 "ATL" "" "MIL" "W" 10 0 1 NA NA 0 0 0 0 0 0 NA 0 0 115 0 -10.7
"46" "46" 1988-03-24 26 "ATL" "@" "WSB" "L" -3 0 1 NA NA 0 0 0 0 0 0 NA 0 0 117 0 -8.4
"47" "47" 1988-03-29 26.01 "ATL" "" "DAL" "W" 14 0 1 NA NA 0 0 0 0 0 0 NA 0 0 115 0 -10.8
"48" "48" 1988-04-07 26.04 "ATL" "" "NJN" "W" 26 0 4 1 1 0 0 0 0 0 0 0 32.9 170 108 4.7 31
"49" "49" 1988-04-12 26.05 "ATL" "@" "CLE" "L" -13 0 10 0.595 0.5 10.9 0 6.2 30.6 0 0 14.5 29.4 122 131 4.2 1.1
"50" "50" 1988-04-20 26.07 "ATL" "" "IND" "L" -18 0 7 1.042 1.25 0 0 0 100 7 0 0 17.1 209 114 8.8 40.3
"51" "51" 1988-04-22 26.08 "ATL" "" "BOS" "W" 27 0 2 NA NA 0 0 0 0 25.9 0 NA 0 0 71 1 24.6
"52" "52" 1988-04-23 26.08 "ATL" "@" "WSB" "L" -10 0 12 1.025 1 0 0 0 29.6 0 0 0 18.4 211 128 9 18.2
"1" "1" 1990-02-14 27.89 "NJN" "@" "PHI" "L" -10 0 21 0.7 0.7 0 11.1 5.7 41.9 0 0 0 9.9 163 122 9.8 3
"2" "2" 1990-02-15 27.9 "NJN" "" "SEA" "L" -11 0 18 0.102 0 0 0 0 15.7 0 0 0 12.6 40 120 -1.2 -14.4
"3" "3" 1990-02-17 27.9 "NJN" "" "DEN" "L" -9 0 7 0.532 0 0 0 0 17.1 0 0 34.7 14.8 88 117 -0.6 -17.1
"4" "4" 1990-02-20 27.91 "NJN" "@" "MIL" "L" -8 0 6 0.5 0.5 0 0 0 0 0 0 0 12.3 111 109 1 -5.8
"5" "5" 1990-02-23 27.92 "NJN" "" "HOU" "L" -10 0 23 0.637 0.5 0 8.5 4.5 48.5 1.8 0 25.8 18.1 119 110 11.7 3.7
"6" "6" 1990-02-25 27.92 "NJN" "" "CHI" "L" -1 0 13 1 1 0 0 0 52.9 3.7 0 25 12.9 159 102 7.1 13.3
"7" "7" 1990-02-27 27.93 "NJN" "@" "IND" "L" -5 0 8 NA NA 0 15 6.7 28.6 0 0 NA 0 207 127 1.3 -5.7
"8" "8" 1990-03-02 27.94 "NJN" "@" "CHI" "L" -21 0 5 0 0 0 0 0 80 0 0 0 16.3 64 123 0.7 -5.7
"9" "9" 1990-03-03 27.94 "NJN" "" "ATL" "W" 5 0 7 0 0 0 0 0 33.4 0 0 0 6 89 123 0.3 -9.5
"10" "10" 1990-03-05 27.95 "NJN" "" "SAC" "W" 17 0 2 1 1 0 0 0 0 0 0 0 19.8 200 123 1.7 13
"11" "11" 1990-03-09 27.96 "NJN" "" "DET" "L" -4 0 1 0 0 0 0 0 0 0 0 0 42.1 0 115 -0.7 -37.1
"12" "12" 1990-03-10 27.96 "NJN" "@" "NYK" "L" -19 0 2 NA NA 0 0 0 70.6 0 0 NA 0 212 125 0.7 3
"13" "13" 1990-03-18 27.98 "NJN" "@" "BOS" "L" -16 0 3 0.5 0.5 0 0 0 0 0 0 0 25.9 101 127 1 -2.6
"14" "14" 1990-03-21 27.99 "NJN" "@" "WSB" "L" -30 0 9 0.644 0.5 0 11.3 5.4 29.1 4.9 0 0 16.3 159 118 5.6 10.8
"15" "15" 1990-03-23 27.99 "NJN" "@" "IND" "L" -16 0 4 0.5 0.5 0 0 0 0 0 0 0 20.6 110 137 1 -6.6
"16" "16" 1990-03-24 28 "NJN" "@" "CLE" "L" -7 0 1 0 0 0 0 0 0 0 0 0 88.1 0 132 -1.4 -79.3
"17" "17" 1990-03-26 28 "NJN" "@" "CHH" "L" -14 0 1 0.532 0 0 0 0 0 0 0 0 81.9 138 106 0.9 7.8
"18" "18" 1990-03-28 28.01 "NJN" "" "NYK" "W" 5 0 3 0 0 0 29.1 16 38.1 0 0 0 25.5 33 98 -0.4 -17.8
"19" "19" 1990-03-30 28.01 "NJN" "" "PHO" "L" -7 0 6 0 0 0 19.5 9 34.8 0 0 50 13.4 47 130 0 -14
"20" "20" 1990-04-01 28.02 "NJN" "" "WSB" "L" -8 0 3 NA NA 0 0 0 100 0 0 NA 0 203 110 2.1 16.7
"21" "21" 1990-04-04 28.03 "NJN" "@" "BOS" "L" -19 0 3 1 1 0 0 0 57.1 0 0 0 13.8 201 134 2.4 13.5
"22" "22" 1990-04-06 28.03 "NJN" "" "GSW" "L" -6 0 8 1 1 7.9 0 4.7 17.1 5.1 0 0 3.8 202 105 3.7 3.1
"23" "23" 1990-04-08 28.04 "NJN" "" "MIA" "W" 1 1 22 0.694 0.5 0 5.1 2.1 18.3 4 0 25.8 6.3 125 93 5.6 -1.1
"24" "24" 1990-04-10 28.04 "NJN" "" "BOS" "L" -16 1 12 0 0 0 0 0 21.1 0 0 50 6.3 37 117 -0.3 -14.3
"25" "25" 1990-04-14 28.05 "NJN" "" "IND" "L" -11 0 8 0 0 0 28.6 13.5 15.4 0 0 0 9.9 29 120 -0.1 -13.9
"26" "26" 1990-04-17 28.06 "NJN" "@" "ATL" "L" -23 0 2 0 0 0 0 0 0 0 0 0 20.9 0 129 -0.7 -26.2
"27" "27" 1990-04-21 28.07 "NJN" "@" "MIL" "L" -1 0 1 NA NA 0 0 0 0 0 0 NA 0 0 105 0 -11.6
"28" "28" 1990-04-22 28.08 "NJN" "" "ORL" "L" -8 0 1 0 0 0 0 0 0 0 0 0 71.5 0 109 -1.4 -57.3
"1" "1" 1990-11-29 28.68 "SAC" "@" "DEN" "L" -8 0 23 0.564 0.438 0 0 0 24.4 0 0 23.5 18.5 106 128 5.9 -6.9
"2" "2" 1990-12-01 28.69 "SAC" "@" "HOU" "L" -24 0 18 0.3 0.3 0 6.3 2.9 38.8 5.5 0 0 11.8 104 115 5.3 2
"3" "3" 1990-12-04 28.7 "SAC" "" "DAL" "W" 20 0 24 0.654 0.583 6.3 9.1 7.9 29.4 0 0 12.7 16.2 138 107 9.8 1
"4" "4" 1990-12-06 28.7 "SAC" "" "WSB" "W" 18 0 14 0 0 0 0 0 26.4 7.3 0 0 6.2 74 87 2.3 0.3
"5" "5" 1990-12-08 28.71 "SAC" "" "DET" "L" -11 0 6 0 0 18.2 28.6 22.2 20.5 0 0 0 22.6 41 121 -0.8 -18.8
"6" "6" 1990-12-11 28.72 "SAC" "@" "PHO" "L" -23 0 15 0.75 0.75 0 0 0 10.8 0 0 33.3 16.2 88 118 2.3 -4
"7" "7" 1990-12-13 28.72 "SAC" "" "POR" "W" 12 0 26 0.666 0.625 4.6 3.4 3.9 43.6 1.9 0 17 19.1 126 93 13.1 11
"8" "8" 1990-12-15 28.73 "SAC" "" "ORL" "W" 9 0 28 0.956 0.9 0 11.2 6.2 37.5 0 0 7.1 23.5 181 118 25.6 17.7
"9" "9" 1990-12-18 28.73 "SAC" "" "MIN" "W" 9 0 19 0.694 0.5 0 0 0 33.7 0 0 25.8 10.1 133 122 5.1 -3.1
"10" "10" 1990-12-20 28.74 "SAC" "" "SEA" "L" -35 0 26 0.152 0.111 0 19.4 7.9 49 0 0 9.2 18.2 59 120 2.5 -9.3
"11" "11" 1990-12-22 28.75 "SAC" "@" "SEA" "L" -28 0 16 0.583 0.583 7.3 14.6 11 19.4 0 0 0 16.3 135 124 6.3 1.5
"12" "12" 1990-12-23 28.75 "SAC" "@" "LAC" "L" -10 0 7 NA NA 15.2 0 8.6 0 0 0 100 6.3 39 131 -0.3 -15.3
