"Rk" "G" "Date" "Age" "Tm" "H/A" "Opp" "W/L" "By Amt" "GS" "MP" "TS%" "eFG%" "ORB%" "DRB%" "TRB%" "AST%" "STL%" "BLK%" "TOV%" "USG%" "ORtg" "DRtg" "GmSc" "BPM"
"1" "1" 1981-11-07 21.89 "CHI" "" "NJN" "W" 13 0 4 1 1 NA NA NA NA NA NA NA NA NA NA 1.3 NA
"2" "2" 1981-11-09 21.9 "CHI" "@" "CLE" "L" -1 0 3 NA NA NA NA NA NA NA NA NA NA NA NA -1.1 NA
"3" "3" 1981-11-10 21.9 "CHI" "" "KCK" "W" 12 0 6 NA NA NA NA NA NA NA NA NA NA NA NA NA NA
"4" "4" 1981-11-11 21.9 "CHI" "@" "PHI" "L" -27 0 22 0.663 0.6 NA NA NA NA NA NA NA NA NA NA 11.4 NA
"5" "5" 1981-11-14 21.91 "CHI" "@" "WSB" "L" -5 0 18 0.218 0.167 NA NA NA NA NA NA NA NA NA NA -0.7 NA
"6" "6" 1981-11-17 21.92 "CHI" "" "BOS" "L" -3 0 18 0.46 0.4 NA NA NA NA NA NA NA NA NA NA 5.2 NA
"7" "7" 1981-11-20 21.93 "CHI" "" "UTA" "L" -2 0 22 0.37 0.2 NA NA NA NA NA NA NA NA NA NA 0.3 NA
"8" "8" 1981-11-21 21.93 "CHI" "" "WSB" "W" 12 0 14 0.615 0.5 NA NA NA NA NA NA NA NA NA NA 5.1 NA
"9" "9" 1981-11-24 21.94 "CHI" "@" "SDC" "W" 7 0 6 NA NA NA NA NA NA NA NA NA NA NA NA -0.1 NA
"10" "10" 1981-11-27 21.95 "CHI" "@" "PHO" "L" -4 0 9 0.425 0.4 NA NA NA NA NA NA NA NA NA NA 1.1 NA
"11" "11" 1981-11-29 21.95 "CHI" "@" "POR" "L" -5 0 17 0.765 0.8 NA NA NA NA NA NA NA NA NA NA 9.2 NA
"12" "12" 1981-12-01 21.96 "CHI" "@" "SEA" "L" -16 0 35 0.134 0.143 NA NA NA NA NA NA NA NA NA NA -5.1 NA
"13" "13" 1981-12-02 21.96 "CHI" "@" "GSW" "L" -1 1 24 1.042 1 NA NA NA NA NA NA NA NA NA NA 6.1 NA
"14" "14" 1981-12-04 21.97 "CHI" "@" "UTA" "W" 4 1 12 0.667 0.667 NA NA NA NA NA NA NA NA NA NA 0.7 NA
"15" "15" 1981-12-08 21.98 "CHI" "" "IND" "W" 2 1 5 NA NA NA NA NA NA NA NA NA NA NA NA NA NA
"16" "16" 1981-12-11 21.99 "CHI" "" "HOU" "W" 13 0 10 0.47 0.25 NA NA NA NA NA NA NA NA NA NA 3.1 NA
"17" "17" 1981-12-12 21.99 "CHI" "" "PHI" "L" -3 0 12 0.717 0.75 NA NA NA NA NA NA NA NA NA NA 4.9 NA
"18" "18" 1981-12-15 22 "CHI" "" "CLE" "W" 9 0 12 0.694 0.667 NA NA NA NA NA NA NA NA NA NA 0.9 NA
"19" "19" 1981-12-16 22 "CHI" "@" "NJN" "W" 1 0 21 0.654 0.4 NA NA NA NA NA NA NA NA NA NA 9.5 NA
"20" "20" 1981-12-18 22.01 "CHI" "@" "NYK" "L" -15 0 5 0.347 0.5 NA NA NA NA NA NA NA NA NA NA -0.9 NA
"21" "21" 1981-12-19 22.01 "CHI" "@" "HOU" "L" -7 0 5 1.025 1 NA NA NA NA NA NA NA NA NA NA 3.4 NA
"22" "22" 1981-12-22 22.02 "CHI" "" "WSB" "W" 2 0 17 0.85 0.8 NA NA NA NA NA NA NA NA NA NA 7.3 NA
"23" "23" 1981-12-26 22.03 "CHI" "@" "DET" "L" -2 0 14 1.064 1 NA NA NA NA NA NA NA NA NA NA 5.3 NA
"24" "24" 1981-12-27 22.03 "CHI" "@" "MIL" "L" -12 0 19 0.506 0.444 NA NA NA NA NA NA NA NA NA NA 9 NA
"25" "25" 1981-12-29 22.04 "CHI" "" "NYK" "L" -3 0 17 1.136 NA NA NA NA NA NA NA NA NA NA NA 2.9 NA
"26" "26" 1982-01-02 22.05 "CHI" "" "MIL" "L" -7 0 10 0 0 NA NA NA NA NA NA NA NA NA NA -1.4 NA
"27" "27" 1982-01-05 22.05 "CHI" "" "DEN" "W" 6 0 5 0.333 0.333 NA NA NA NA NA NA NA NA NA NA -0.8 NA
"28" "28" 1982-01-08 22.06 "CHI" "" "LAL" "W" 6 0 3 0.694 1 NA NA NA NA NA NA NA NA NA NA -0.1 NA
"29" "29" 1982-01-12 22.07 "CHI" "" "DET" "L" -11 0 4 0 0 NA NA NA NA NA NA NA NA NA NA -2.4 NA
"30" "30" 1982-01-14 22.08 "CHI" "@" "NJN" "L" -26 0 24 0.205 0.125 NA NA NA NA NA NA NA NA NA NA 1.9 NA
"31" "31" 1982-01-15 22.08 "CHI" "@" "WSB" "L" -3 0 19 0.581 0.5 NA NA NA NA NA NA NA NA NA NA 5.2 NA
"32" "32" 1982-01-17 22.09 "CHI" "@" "IND" "L" -13 0 20 0.973 1 NA NA NA NA NA NA NA NA NA NA 18.3 NA
"33" "33" 1982-01-19 22.09 "CHI" "" "IND" "W" 10 0 26 0.5 0.5 NA NA NA NA NA NA NA NA NA NA 6.3 NA
"34" "34" 1982-01-22 22.1 "CHI" "" "CLE" "W" 15 0 12 0.571 0.571 NA NA NA NA NA NA NA NA NA NA 4.9 NA
"35" "35" 1982-01-23 22.1 "CHI" "@" "NYK" "W" 1 0 6 0.852 NA NA NA NA NA NA NA NA NA NA NA 0.9 NA
"36" "36" 1982-01-26 22.11 "CHI" "@" "WSB" "L" -10 0 5 0 0 NA NA NA NA NA NA NA NA NA NA -1.8 NA
"37" "37" 1982-01-28 22.12 "CHI" "" "GSW" "L" -1 0 16 0.525 0.333 NA NA NA NA NA NA NA NA NA NA 8.2 NA
"38" "38" 1982-02-02 22.13 "CHI" "" "NJN" "L" -4 1 22 0.84 1 NA NA NA NA NA NA NA NA NA NA 8 NA
"39" "39" 1982-02-03 22.13 "CHI" "@" "MIL" "L" -15 1 23 0.851 0.8 NA NA NA NA NA NA NA NA NA NA NA NA
"40" "40" 1982-02-05 22.14 "CHI" "" "DET" "L" -7 1 24 0.34 0.2 NA NA NA NA NA NA NA NA NA NA 3.1 NA
"41" "41" 1982-02-07 22.15 "CHI" "@" "PHI" "L" -16 1 4 0 0 NA NA NA NA NA NA NA NA NA NA -1.7 NA
"42" "42" 1982-02-09 22.15 "CHI" "@" "DET" "L" -5 0 6 0.5 0.5 NA NA NA NA NA NA NA NA NA NA 1.7 NA
"43" "43" 1982-02-10 22.15 "CHI" "" "ATL" "W" 18 0 5 NA NA NA NA NA NA NA NA NA NA NA NA NA NA
"44" "44" 1982-02-13 22.16 "CHI" "" "MIL" "L" -30 0 16 0.571 0.571 NA NA NA NA NA NA NA NA NA NA 6.7 NA
"45" "45" 1982-02-17 22.17 "CHI" "@" "NJN" "L" -10 0 10 0.515 0.333 NA NA NA NA NA NA NA NA NA NA 1.5 NA
"46" "46" 1982-02-21 22.18 "CHI" "" "DAL" "L" -16 0 9 0.595 0.6 NA NA NA NA NA NA NA NA NA NA 3 NA
"47" "47" 1982-02-23 22.19 "CHI" "" "POR" "W" 1 0 28 0.765 0.7 NA NA NA NA NA NA NA NA NA NA 19.1 NA
"48" "48" 1982-02-26 22.2 "CHI" "@" "ATL" "W" 6 0 32 0.482 0.474 NA NA NA NA NA NA NA NA NA NA NA NA
"49" "49" 1982-02-28 22.2 "CHI" "" "SAS" "W" 14 0 11 0.2 0.2 NA NA NA NA NA NA NA NA NA NA 0.5 NA
"50" "50" 1982-03-02 22.21 "CHI" "" "PHI" "W" 3 0 8 0.798 1 NA NA NA NA NA NA NA NA NA NA 1.5 NA
"51" "51" 1982-03-04 22.21 "CHI" "@" "DET" "L" -25 0 28 0.691 0.692 NA NA NA NA NA NA NA NA NA NA NA NA
"52" "52" 1982-03-05 22.22 "CHI" "" "NJN" "L" -17 0 14 0.515 0.333 NA NA NA NA NA NA NA NA NA NA -0.6 NA
"53" "53" 1982-03-07 22.22 "CHI" "@" "KCK" "L" -2 0 12 0.436 0.333 NA NA NA NA NA NA NA NA NA NA 3.9 NA
"54" "54" 1982-03-09 22.23 "CHI" "" "SEA" "W" 5 0 26 0.599 0.556 NA NA NA NA NA NA NA NA NA NA 14.1 NA
"55" "55" 1982-03-10 22.23 "CHI" "@" "MIL" "W" 3 0 18 0.254 0.143 NA NA NA NA NA NA NA NA NA NA -2.6 NA
"56" "56" 1982-03-12 22.24 "CHI" "@" "LAL" "W" 6 0 10 0.532 0 NA NA NA NA NA NA NA NA NA NA 2 NA
"57" "57" 1982-03-14 22.24 "CHI" "@" "SAS" "L" -2 0 12 0.581 0.5 NA NA NA NA NA NA NA NA NA NA 6.6 NA
"58" "58" 1982-03-17 22.25 "CHI" "@" "DAL" "W" 10 0 23 0.322 0.3 NA NA NA NA NA NA NA NA NA NA 1.1 NA
"59" "59" 1982-03-19 22.25 "CHI" "@" "DEN" "L" -10 0 28 0.715 0.727 NA NA NA NA NA NA NA NA NA NA 10.9 NA
"60" "60" 1982-03-21 22.26 "CHI" "@" "CLE" "W" 5 0 5 0.5 0.5 NA NA NA NA NA NA NA NA NA NA 1.9 NA
"61" "61" 1982-03-23 22.27 "CHI" "" "BOS" "L" -7 0 26 0.531 0.462 NA NA NA NA NA NA NA NA NA NA 9.9 NA
"62" "62" 1982-03-26 22.27 "CHI" "" "NYK" "W" 24 0 22 0.758 0.818 NA NA NA NA NA NA NA NA NA NA NA NA
"63" "63" 1982-03-28 22.28 "CHI" "@" "IND" "L" -1 0 13 0.727 0.667 NA NA NA NA NA NA NA NA NA NA 3.9 NA
"64" "64" 1982-03-30 22.28 "CHI" "" "ATL" "L" -15 0 17 0.347 0.25 NA NA NA NA NA NA NA NA NA NA NA NA
"65" "65" 1982-03-31 22.29 "CHI" "@" "PHI" "L" -1 0 16 0.452 0.25 NA NA NA NA NA NA NA NA NA NA 3.1 NA
"66" "66" 1982-04-02 22.29 "CHI" "" "MIL" "L" -9 0 31 0.39 0.353 NA NA NA NA NA NA NA NA NA NA 11.9 NA
"67" "67" 1982-04-04 22.3 "CHI" "@" "BOS" "L" -2 0 13 0.798 1 NA NA NA NA NA NA NA NA NA NA 3.7 NA
"68" "68" 1982-04-06 22.3 "CHI" "" "PHI" "L" -13 0 33 0.753 0.75 NA NA NA NA NA NA NA NA NA NA 11.9 NA
"69" "69" 1982-04-07 22.31 "CHI" "@" "CLE" "W" 17 0 6 0.726 0.75 NA NA NA NA NA NA NA NA NA NA 5.5 NA
"70" "70" 1982-04-09 22.31 "CHI" "" "WSB" "L" -16 0 28 0.501 0.4 NA NA NA NA NA NA NA NA NA NA NA NA
"71" "71" 1982-04-11 22.32 "CHI" "@" "ATL" "L" -19 1 22 0.841 0.857 NA NA NA NA NA NA NA NA NA NA 9 NA
"72" "72" 1982-04-13 22.32 "CHI" "" "BOS" "W" 5 1 35 0.563 0.563 NA NA NA NA NA NA NA NA NA NA 14.5 NA
"73" "73" 1982-04-14 22.33 "CHI" "@" "NYK" "W" 4 1 27 0.707 0.571 NA NA NA NA NA NA NA NA NA NA NA NA
"74" "74" 1982-04-16 22.33 "CHI" "" "CLE" "W" 10 1 11 0.258 0.333 NA NA NA NA NA NA NA NA NA NA -2 NA
"75" "75" 1982-04-18 22.34 "CHI" "" "IND" "W" 8 1 11 0.5 0.5 NA NA NA NA NA NA NA NA NA NA -0.1 NA
"1" "1" 1982-10-29 22.87 "CHI" "@" "NJN" "L" -12 0 33 0.541 0.467 NA NA NA NA NA NA NA NA NA NA 12.8 NA
"2" "2" 1982-10-30 22.87 "CHI" "" "WSB" "L" -18 1 37 0.713 0.706 NA NA NA 12.8 NA NA NA NA NA NA 23 NA
"3" "3" 1982-11-03 22.88 "CHI" "@" "DET" "L" -8 1 31 0.724 0.692 NA NA 13.6 15.1 NA NA 42 NA NA NA 11.9 NA
"4" "4" 1982-11-04 22.88 "CHI" "" "CLE" "W" 7 1 23 0.683 0.667 NA NA NA 0 NA NA 35.3 NA NA NA 1.9 NA
"5" "5" 1982-11-06 22.89 "CHI" "" "SDC" "W" 5 1 29 0.465 0.444 NA NA 1.8 8 NA 3.4 NA NA NA NA 4.8 NA
"6" "6" 1982-11-09 22.9 "CHI" "" "SEA" "L" -1 1 27 0.761 0.714 NA NA 7.8 4.7 NA NA NA NA NA NA 9.9 NA
"7" "7" 1982-11-10 22.9 "CHI" "@" "PHI" "L" -37 1 28 0.531 0.556 NA NA 4.6 16.4 NA 1.6 16.8 28.3 NA NA 9.8 NA
"8" "8" 1982-11-12 22.91 "CHI" "" "NJN" "W" 8 1 26 0.621 0.556 NA NA 9.1 24 NA 3.4 24.9 NA NA NA 10.8 NA
"9" "9" 1982-11-13 22.91 "CHI" "@" "IND" "L" -4 1 34 0.481 0.429 NA NA 10.4 0 NA NA NA NA NA NA 5.2 NA
"10" "10" 1982-11-16 22.92 "CHI" "" "GSW" "W" 5 1 27 0.43 0.333 NA NA 16.8 0 NA NA NA NA NA NA 5.8 NA
"11" "11" 1982-11-19 22.93 "CHI" "" "UTA" "W" 16 1 27 0.425 0.333 NA NA 10.9 12.7 NA 3.4 NA NA NA NA 11 NA
"12" "12" 1982-11-20 22.93 "CHI" "" "DET" "W" 3 1 35 0.63 0.583 NA NA 10.5 9.1 NA NA NA NA NA NA 17.1 NA
"13" "13" 1982-11-23 22.94 "CHI" "@" "ATL" "L" -30 1 23 0.468 0.4 NA NA 8.5 0 NA NA 25.4 NA NA NA 2.7 NA
"14" "14" 1982-11-24 22.94 "CHI" "@" "DAL" "L" -6 1 39 0.7 0.632 NA NA 7.7 3.8 NA NA NA NA NA NA 22.6 NA
"15" "15" 1982-11-26 22.95 "CHI" "@" "SAS" "L" -2 1 30 0.631 0.571 NA NA 8.2 12.2 NA 0 NA NA NA NA 16 NA
"16" "16" 1982-11-27 22.95 "CHI" "@" "HOU" "L" -9 1 39 0.509 0.467 NA NA 5.1 14 NA NA NA NA NA NA 9.9 NA
"17" "17" 1982-12-01 22.96 "CHI" "@" "KCK" "L" -11 1 34 0.603 0.55 NA NA 10.7 21.7 NA 0 NA NA NA NA 23.2 NA
"18" "18" 1982-12-03 22.96 "CHI" "@" "DEN" "L" -8 1 37 0.63 0.611 NA NA 12.7 14.9 NA 3.5 27.9 NA NA NA 19.6 NA
"19" "19" 1982-12-04 22.97 "CHI" "@" "UTA" "L" -7 1 41 0.73 0.778 NA NA NA NA NA NA NA NA NA NA 23.8 NA
"20" "20" 1982-12-07 22.98 "CHI" "" "NYK" "W" 6 1 30 0.573 0.6 NA NA 3.7 15 NA NA 26.4 NA NA NA 4.8 NA
"21" "21" 1982-12-08 22.98 "CHI" "@" "MIL" "W" 10 1 38 0.568 0.545 NA NA 15 3.6 NA 0 16.7 NA NA NA 10.9 NA
"22" "22" 1982-12-11 22.99 "CHI" "" "ATL" "L" -10 1 31 0.55 0.5 NA NA 6.1 20.5 NA NA NA NA NA NA NA NA
"23" "23" 1982-12-14 22.99 "CHI" "" "WSB" "L" -6 1 32 0.521 0.5 NA NA 9 18.5 NA NA 25.8 NA NA NA 7.1 NA
"24" "24" 1982-12-17 23 "CHI" "@" "MIL" "L" -22 0 23 0.435 0.429 NA NA 9 6.6 NA 2.4 39.5 NA NA NA NA NA
"25" "25" 1982-12-18 23.01 "CHI" "" "IND" "W" 4 0 24 0.672 0.7 NA NA 17.5 0 NA NA NA NA NA NA NA NA
"26" "26" 1982-12-21 23.01 "CHI" "" "ATL" "W" 8 0 42 0.671 0.583 NA NA NA NA NA NA NA NA NA NA 16.1 NA
"27" "27" 1982-12-22 23.02 "CHI" "@" "BOS" "L" -9 0 29 0.703 0.643 NA NA 2.6 5.2 NA NA NA NA NA NA 15.3 NA
"28" "28" 1982-12-27 23.03 "CHI" "@" "WSB" "L" -2 0 29 0.5 0.5 NA NA 3.6 5.6 NA NA NA NA NA NA 5.2 NA
"29" "29" 1982-12-28 23.03 "CHI" "" "MIL" "L" -10 0 17 0.424 0.222 NA NA 11.1 0 NA 0 18.8 NA NA NA 2.9 NA
"30" "30" 1983-01-04 23.05 "CHI" "" "DET" "W" 9 0 25 0.615 0.625 NA NA 2.1 16.4 NA NA NA NA NA NA 7.8 NA
"31" "31" 1983-01-07 23.06 "CHI" "" "NJN" "L" -13 0 11 0.554 0.4 NA NA 14.7 14.9 NA NA NA NA NA NA 4.1 NA
"32" "32" 1983-01-08 23.06 "CHI" "@" "ATL" "L" -20 0 25 0.578 0.556 NA NA 9.3 7.3 NA NA NA NA NA NA 10.7 NA
"33" "33" 1983-01-11 23.07 "CHI" "" "PHO" "L" -13 0 27 0.743 0.667 NA NA 14.8 8.3 NA NA NA NA NA NA 16.5 NA
"34" "34" 1983-01-12 23.07 "CHI" "@" "CLE" "W" 2 1 30 0.543 0.5 NA NA 8.2 5.4 NA 3.8 NA NA NA NA 10.1 NA
"35" "35" 1983-01-14 23.08 "CHI" "@" "IND" "W" 3 1 29 0.563 0.5 NA NA 11.9 8.7 NA NA NA NA NA NA 11.6 NA
"36" "36" 1983-01-15 23.08 "CHI" "" "MIL" "L" -2 1 21 0.436 0.444 NA NA 9.2 16.3 NA 2.7 16.2 NA NA NA 4.9 NA
"37" "37" 1983-01-17 23.09 "CHI" "@" "NYK" "L" -10 1 27 0.715 0.727 NA NA 6.5 0 NA NA NA NA NA NA 12.9 NA
"38" "38" 1983-01-19 23.09 "CHI" "@" "PHI" "L" -20 1 27 0.779 0.727 NA NA 14.5 0 NA 0 NA NA NA NA 18.4 NA
"39" "39" 1983-01-21 23.1 "CHI" "" "BOS" "L" -11 1 23 0.373 0.385 NA NA 5.8 5.6 NA NA NA NA NA NA -1.3 NA
"40" "40" 1983-01-22 23.1 "CHI" "@" "WSB" "W" 9 0 4 0.333 0.333 NA NA 13.8 0 NA NA NA NA NA NA 0.6 NA
"41" "41" 1983-01-25 23.11 "CHI" "" "PHI" "L" -17 0 28 0.548 0.583 NA NA 3.9 13.7 NA 1.8 NA NA NA NA 12.7 NA
"42" "42" 1983-01-26 23.11 "CHI" "@" "CLE" "W" 5 0 19 1.042 1 NA NA 3.6 0 NA 0 NA NA NA NA 8.4 NA
"43" "43" 1983-01-28 23.12 "CHI" "" "NYK" "L" -2 0 14 0.51 0.4 NA NA 13 22 NA NA NA NA NA NA 5.5 NA
"44" "44" 1983-01-29 23.12 "CHI" "@" "DET" "L" -2 0 25 0.778 0.857 NA NA 12.4 10 NA NA NA NA NA NA NA NA
"45" "45" 1983-01-31 23.13 "CHI" "@" "BOS" "L" -6 0 26 0.553 0.5 NA NA 20 17.4 NA 2.1 NA NA NA NA 11.3 NA
"46" "46" 1983-02-01 23.13 "CHI" "" "HOU" "W" 53 0 21 0.612 0.615 NA NA 15.1 12.8 NA NA NA NA NA NA 16.1 NA
"47" "47" 1983-02-04 23.14 "CHI" "@" "NJN" "L" -22 0 28 0.733 0.556 NA NA NA NA NA NA NA NA NA NA 22.1 NA
"48" "48" 1983-02-05 23.14 "CHI" "" "CLE" "W" 4 1 24 0.564 0.75 NA NA 2.9 10.8 NA NA NA NA NA NA 4.4 NA
"49" "49" 1983-02-08 23.15 "CHI" "" "POR" "L" -16 1 31 0.812 0.818 NA NA 18.7 0 NA 0 19.6 NA NA NA 17 NA
"50" "50" 1983-02-10 23.15 "CHI" "" "PHI" "L" -6 1 36 0.704 0.75 NA NA 10.4 4.2 NA 0 NA NA NA NA 16.5 NA
"51" "51" 1983-02-15 23.17 "CHI" "" "IND" "L" -3 1 35 0.653 0.667 NA NA 16 4.4 NA 0 NA NA NA NA 17.6 NA
"52" "52" 1983-02-16 23.17 "CHI" "@" "IND" "W" 4 1 28 0.742 0.778 NA NA 3.6 9.3 NA NA NA NA NA NA 11.1 NA
"53" "53" 1983-02-20 23.18 "CHI" "" "DAL" "W" 13 1 34 0.615 0.625 NA NA 13.8 3.2 NA 4.2 NA NA NA NA 11.7 NA
"54" "54" 1983-02-22 23.19 "CHI" "" "DEN" "W" 11 1 36 0.632 0.619 NA NA 8.1 3.1 NA 3.5 NA NA NA NA 20.3 NA
"55" "55" 1983-02-23 23.19 "CHI" "@" "NJN" "L" -33 1 36 0.64 0.7 NA NA NA NA NA NA NA NA NA NA 12.3 NA
"56" "56" 1983-02-25 23.19 "CHI" "@" "PHI" "L" -5 1 37 0.575 0.538 NA NA 7.2 0 NA 2.8 27.7 21.1 NA NA 7.7 NA
"57" "57" 1983-02-26 23.2 "CHI" "@" "NYK" "L" -15 1 25 0.661 0.571 NA NA 6.5 0 NA NA NA NA NA NA 4.1 NA
"1" "1" 1983-10-29 23.87 "CHI" "" "NJN" "W" 7 1 33 0.521 0.5 12.5 17.7 15.3 5 0 2 14.8 16.6 100 92 7.4 NA
"2" "2" 1983-11-01 23.88 "CHI" "@" "PHI" "L" -8 1 30 0.182 0.182 7.4 15.6 10.6 4.9 1.6 2 0 13.5 63 99 1.6 NA
"3" "3" 1983-11-03 23.88 "CHI" "@" "NJN" "L" -5 1 10 0.436 0.333 17.8 22.9 20 0 4.5 0 0 24.9 108 97 5.2 NA
"4" "4" 1983-11-04 23.88 "CHI" "@" "ATL" "L" -13 1 21 0.399 0.25 8.8 14.6 11.5 0 0 0 48.2 26.8 47 108 -4.3 NA
"5" "5" 1983-11-08 23.9 "CHI" "" "KCK" "W" 3 1 36 0.743 0.75 6.8 12.1 9.6 5.1 1.3 1.5 9.3 24.3 135 97 23.2 NA
"6" "6" 1983-11-11 23.9 "CHI" "@" "WSB" "L" -1 1 46 0.658 0.682 9.3 13.1 11.1 8.7 3.4 0 7.4 25.4 128 111 26.7 NA
"7" "7" 1983-11-12 23.91 "CHI" "" "BOS" "L" -15 1 37 0.586 0.55 7.2 8.8 8.1 15.7 0 2.9 8.3 26.7 113 117 18.2 NA
"8" "8" 1983-11-15 23.92 "CHI" "" "DET" "W" 2 1 33 0.742 0.688 3.2 9.9 6.5 10 2.8 1.7 0 22.5 156 107 23.9 NA
"9" "9" 1983-11-17 23.92 "CHI" "" "SEA" "L" -9 1 34 0.615 0.588 3.2 13.3 8.7 12.9 0 3 14.4 25.9 106 120 14.8 NA
"10" "10" 1983-11-19 23.93 "CHI" "" "IND" "W" 5 1 40 0.535 0.563 3.4 17.1 9.5 10.8 2.3 3.6 10.1 19.9 104 102 14.4 NA
"11" "11" 1983-11-23 23.94 "CHI" "@" "UTA" "W" 11 1 33 0.597 0.611 NA NA 5.9 0 NA 3.2 NA NA NA NA 14.6 NA
"12" "12" 1983-11-25 23.94 "CHI" "@" "PHO" "L" -26 1 18 0.489 0.429 7.2 13.3 10.4 19.8 0 0 0 22.9 113 127 6.8 NA
"13" "13" 1983-11-27 23.95 "CHI" "@" "LAL" "L" -3 1 27 0.649 0.583 12.7 9.6 11.3 13.9 5.5 0 12 25.4 126 100 16.5 NA
"14" "14" 1983-11-29 23.95 "CHI" "@" "HOU" "L" -6 1 32 0.579 0.533 6.5 16.7 11 5.8 3 0 8.5 30 116 111 17.4 NA
"15" "15" 1983-12-02 23.96 "CHI" "@" "SAS" "L" -29 1 23 0.839 0.778 4 7.5 5.2 17.8 0 2.6 7.4 24.4 159 132 19.2 NA
"16" "16" 1983-12-03 23.96 "CHI" "@" "DAL" "L" -10 1 42 0.506 0.444 22.2 9.5 15.9 0 0 1.3 16.8 25.2 99 118 10.7 NA
"17" "17" 1983-12-06 23.97 "CHI" "" "BOS" "L" -13 1 41 0.596 0.5 9.2 17.6 12.9 4.2 1.2 0 3.6 29 126 121 24.7 NA
"18" "18" 1983-12-09 23.98 "CHI" "" "HOU" "L" -3 1 44 0.529 0.429 0 6.9 2.6 4 0 5.7 10 18 109 113 12.9 NA
"19" "19" 1983-12-10 23.98 "CHI" "" "CLE" "L" -6 1 43 0.569 0.556 0 16.7 7.9 4.3 0 1.4 0 21.2 116 104 16.4 NA
"20" "20" 1983-12-13 23.99 "CHI" "" "MIL" "W" 8 1 30 0.269 0.286 3.6 3.8 3.7 10.8 1.9 2.1 16.8 25.8 62 103 -1.9 NA
"21" "21" 1983-12-15 24 "CHI" "@" "NYK" "W" 6 1 38 0.742 0.667 14 11.5 12.6 16.4 3.9 1.7 15.1 23.5 140 106 23.5 NA
"22" "22" 1983-12-17 24 "CHI" "" "DAL" "W" 18 1 31 0.644 0.636 4.6 3 3.6 11 1.5 1.8 13.2 20.4 117 89 12.2 NA
"23" "23" 1983-12-22 24.02 "CHI" "@" "MIL" "W" 17 1 28 0.555 0.5 4.6 9 6.9 20.2 3.6 0 6.1 24.4 126 104 13.1 NA
"24" "24" 1983-12-23 24.02 "CHI" "" "WSB" "W" 21 1 25 0.62 0.643 9.8 28.1 19.2 12.9 2.2 2.6 0 25.9 146 98 17.5 NA
"25" "25" 1983-12-27 24.03 "CHI" "" "NYK" "W" 6 1 31 0.606 0.545 0 14.5 8 18.8 3.1 0 13.2 21.9 115 96 11.3 NA
"26" "26" 1983-12-29 24.04 "CHI" "" "POR" "W" 1 1 36 0.609 0.545 4.8 5.9 5.5 12.1 2.8 4.9 24.5 21 99 102 11.2 NA
"27" "27" 1983-12-30 24.04 "CHI" "@" "DET" "L" -7 1 42 0.696 0.667 6.7 16.3 11.1 8.8 1.2 1.3 21 19.2 115 104 17.6 NA
"28" "28" 1984-01-03 24.05 "CHI" "" "PHO" "W" 5 1 40 0.441 0.375 2.6 20 10.1 3.9 2.4 0 16.4 25.9 79 97 7.6 NA
"29" "29" 1984-01-04 24.05 "CHI" "@" "IND" "L" -13 1 36 0.519 0.474 2.8 14.8 8.7 0 0 0 12.4 27.2 95 106 9.9 NA
"30" "30" 1984-01-06 24.06 "CHI" "@" "WSB" "L" -8 1 43 0.526 0.5 11.9 8.6 10.2 0 1.2 0 13.1 22.8 102 96 13.7 NA
"31" "31" 1984-01-07 24.06 "CHI" "" "WSB" "W" 14 1 34 0.666 0.7 0 11.3 5.9 10.8 1.5 0 12.9 20.6 111 82 13 NA
"32" "32" 1984-01-10 24.07 "CHI" "" "IND" "W" 1 1 35 0.535 0.474 12 13.1 12.5 13.4 1.3 0 7.6 26.8 118 101 19.7 NA
"33" "33" 1984-01-11 24.07 "CHI" "@" "NJN" "L" -15 1 28 0.671 0.615 7.8 3.8 5.8 12.6 3.2 0 11.3 23.9 130 113 16.6 NA
"34" "34" 1984-01-13 24.08 "CHI" "@" "DET" "L" -11 1 36 0.615 0.571 8.6 8.2 8.3 11 0 1.4 22.6 28.7 101 126 11.4 NA
"35" "35" 1984-01-14 24.08 "CHI" "" "NYK" "L" -2 1 37 0.686 0.625 2.4 10.2 5.6 13.4 0 1.6 0 22.5 153 120 22 NA
"36" "36" 1984-01-17 24.09 "CHI" "" "CLE" "L" -2 1 44 0.529 0.375 3.1 7 5.3 19.9 1.1 0 21.6 26.6 96 107 12.7 NA
"37" "37" 1984-01-19 24.09 "CHI" "@" "NYK" "L" -17 1 25 0.617 0.545 0 9.6 4.7 0 0 0 6.1 27.3 122 112 10.5 NA
"38" "38" 1984-01-21 24.1 "CHI" "@" "CLE" "W" 17 1 39 0.398 0.333 0 15.1 9.3 26.9 1.2 0 6.2 18.2 96 94 9.5 NA
"39" "39" 1984-01-24 24.11 "CHI" "" "ATL" "L" -7 1 45 0.656 0.571 2.8 8.4 5.6 12.6 3.7 3 14.6 21.4 122 112 19.9 NA
"40" "40" 1984-01-26 24.11 "CHI" "" "DEN" "L" -1 1 35 0.673 0.538 3.3 16.3 9.9 4.2 0 3.2 10.1 21.5 135 118 17.2 NA
"41" "41" 1984-01-31 24.13 "CHI" "" "BOS" "L" -23 1 29 0.4 0.4 9.2 9.5 9.4 0 1.5 0 21.1 26.7 64 98 3.1 NA
"42" "42" 1984-02-01 24.13 "CHI" "@" "ATL" "L" -13 1 34 0.548 0.5 6 0 3.4 12.5 0 3.6 20.5 24.5 96 125 8 NA
"43" "43" 1984-02-03 24.13 "CHI" "@" "CLE" "L" -30 1 16 0.296 0.2 0 7.3 3.4 0 0 0 30.7 26.4 44 113 -3.8 NA
"44" "44" 1984-02-04 24.14 "CHI" "" "NJN" "L" -3 1 40 0.515 0.444 16.6 4.7 9 8.5 0 0 17.7 28.1 99 110 11.6 NA
"45" "45" 1984-02-07 24.15 "CHI" "" "PHI" "W" 15 1 42 0.626 0.579 0 16.3 9.1 12.1 2.4 2.8 12.6 25 117 91 19.8 NA
"46" "46" 1984-02-08 24.15 "CHI" "@" "NJN" "W" 4 1 43 0.46 0.444 5.6 5.2 5.4 16.4 2.2 1.4 22.5 25.2 80 100 8.3 NA
"47" "47" 1984-02-10 24.15 "CHI" "@" "PHI" "W" 9 1 44 0.757 0.692 2.9 17.2 11.5 13.5 0 1.3 19.5 19.9 126 93 19.3 NA
"48" "48" 1984-02-11 24.16 "CHI" "" "GSW" "W" 5 1 30 0.709 0.667 7 17 12 0 1.6 1.8 33.6 19.7 89 94 7.7 NA
"49" "49" 1984-02-14 24.16 "CHI" "" "SDC" "W" 13 1 41 0.67 0.652 0 17.1 10.2 22.1 2.3 0 4 27.4 126 97 27.7 NA
"50" "50" 1984-02-17 24.17 "CHI" "" "SAS" "L" -2 1 35 0.536 0.5 6.4 10.3 8.3 17.2 0 3.1 7.9 29.9 111 110 17.3 NA
"51" "51" 1984-02-19 24.18 "CHI" "" "MIL" "L" -10 1 40 0.537 0.533 8.2 3.6 6.2 0 0 2.9 10.7 19.2 103 114 10.9 NA
"52" "52" 1984-02-21 24.18 "CHI" "" "UTA" "L" -22 1 18 0.467 0.467 10.1 6.1 8.2 0 0 0 6.3 31.6 96 104 5.8 NA
"53" "53" 1984-02-22 24.19 "CHI" "@" "IND" "W" 10 1 42 0.68 0.65 3.3 14.7 9.3 12.2 2.4 0 11.3 27.5 127 115 24.1 NA
"54" "54" 1984-02-24 24.19 "CHI" "" "WSB" "L" -6 1 35 0.32 0.235 5.8 16.7 10.9 0 0 1.7 0 23.6 79 112 3.3 NA
"55" "55" 1984-02-25 24.19 "CHI" "@" "ATL" "L" -35 1 25 0.571 0.571 0 5.5 2.3 7 0 0 0 14.2 122 140 5.1 NA
"56" "56" 1984-02-28 24.2 "CHI" "" "LAL" "L" -16 1 28 0.382 0.353 12 18 14.8 5.2 1.7 0 9.8 29.3 85 122 6.3 NA
"57" "57" 1984-02-29 24.21 "CHI" "@" "MIL" "L" -29 1 34 0.5 0.5 0 9.4 4 10.6 2.9 0 14.3 17.6 90 115 6.8 NA
"58" "58" 1984-03-02 24.21 "CHI" "@" "BOS" "L" -4 1 39 0.546 0.444 12.6 13.7 13.1 3.7 0 0 12.5 27 111 114 14.1 NA
"59" "59" 1984-03-03 24.21 "CHI" "" "ATL" "W" 4 1 41 0.615 0.6 0 12.7 6.8 3.7 1.2 0 16.3 21.3 95 100 10.8 NA
"60" "60" 1984-03-06 24.22 "CHI" "" "DET" "L" -16 1 31 0.631 0.643 3.6 15.5 9.3 10.7 1.5 0 15.3 26.3 104 117 13.7 NA
"61" "61" 1984-03-08 24.23 "CHI" "@" "KCK" "L" -5 1 40 0.769 0.75 0 10.3 5.3 13.9 2.4 0 14.2 22.3 137 115 21.5 NA
"62" "62" 1984-03-10 24.23 "CHI" "@" "SDC" "L" -5 1 37 0.498 0.412 3 3.6 3.3 14.1 0 4.6 13 26.3 104 124 12.2 NA
"63" "63" 1984-03-13 24.24 "CHI" "@" "GSW" "W" 11 1 29 0.468 0.462 17.4 4.1 10.6 4.1 1.6 0 17.8 22.5 101 105 5.7 NA
"64" "64" 1984-03-15 24.25 "CHI" "@" "SEA" "L" -16 1 33 0.344 0.333 5.9 9.1 7.2 5 0 3.8 13.7 27.6 67 112 3.1 NA
"65" "65" 1984-03-16 24.25 "CHI" "@" "POR" "W" 1 1 38 0.631 0.571 3.7 3.4 3.5 7.5 0 0 15.3 23.6 114 125 11 NA
"66" "66" 1984-03-18 24.25 "CHI" "@" "DEN" "L" -3 1 43 0.541 0.429 0 8 4.1 13.4 1.1 1.3 19.4 20.9 93 110 10.4 NA
"67" "67" 1984-03-20 24.26 "CHI" "" "CLE" "W" 4 1 45 0.419 0.333 2.6 18.5 11 9.8 0 5.8 9 23.2 90 97 11.2 NA
"68" "68" 1984-03-23 24.27 "CHI" "@" "IND" "L" -7 1 33 0.653 0.667 4.7 4 4.3 0 2.9 0 15.7 32.4 102 119 16.3 NA
"69" "69" 1984-03-25 24.27 "CHI" "" "IND" "L" -3 1 41 0.493 0.452 4.9 0 2.8 3.8 0 0 11.8 24.9 99 112 9.2 NA
"70" "70" 1984-03-27 24.28 "CHI" "" "DET" "L" -28 1 27 0.506 0.5 0 4.4 2 7.1 3.5 4 8.4 17.9 94 109 8.6 NA
"71" "71" 1984-03-28 24.28 "CHI" "@" "DET" "L" -7 1 32 0.546 0.545 14.6 20.3 17.3 11.5 1.6 0 8 34 116 115 16.7 NA
"72" "72" 1984-03-30 24.29 "CHI" "@" "MIL" "L" -33 1 27 0.663 0.667 3.4 5.1 4.1 0 1.7 0 21 26.6 100 115 10.8 NA
"73" "73" 1984-04-11 24.32 "CHI" "" "NJN" "L" -17 0 31 0.542 0.4 9.3 6.6 8 4.7 5.6 1.7 22.8 30.7 97 108 12.8 NA
"74" "74" 1984-04-13 24.33 "CHI" "" "MIL" "L" -24 1 30 0.648 0.667 14.8 0 8.1 8.4 1.6 1.6 24.5 26.6 96 114 13.2 NA
"75" "75" 1984-04-15 24.33 "CHI" "@" "PHI" "L" -14 1 10 1 1 0 22.3 11.9 0 0 0 33.3 10.8 115 116 2.6 NA
"1" "1" 1984-10-26 24.86 "CHI" "" "WSB" "W" 16 1 39 0.66 0.684 6.3 16.3 12 11.5 0 1.4 0 22 138 90 24.6 8.5
"2" "2" 1984-10-27 24.87 "CHI" "@" "MIL" "L" -2 1 40 0.664 0.647 4.7 16 10 4.5 1.2 0 18.6 25.4 112 107 18.2 3.3
"3" "3" 1984-10-29 24.87 "CHI" "" "MIL" "W" 6 1 41 0.681 0.667 10.3 28.5 19.8 17.2 1.2 0 12 26.4 130 107 25.9 5.2
"4" "4" 1984-10-30 24.87 "CHI" "@" "KCK" "W" 5 1 32 0.602 0.588 4.3 20.3 12.5 5.8 0 0 0 22.7 137 108 14.8 2.4
"5" "5" 1984-11-01 24.88 "CHI" "@" "DEN" "L" -16 1 35 0.664 0.6 9.4 14.9 12.2 5.1 2.5 0 14.2 22.3 128 116 18 3.8
"6" "6" 1984-11-07 24.9 "CHI" "@" "DET" "W" 4 1 35 0.322 0.25 11 6 8.6 12.9 2.4 1.6 13.9 21.7 82 105 6.7 -3.3
"7" "7" 1984-11-08 24.9 "CHI" "@" "NYK" "W" 15 1 28 0.88 0.909 4.9 15.2 10.7 5.2 1.6 1.9 6.8 20.7 160 96 22 11.5
"8" "8" 1984-11-10 24.9 "CHI" "@" "IND" "W" 2 1 39 0.72 0.667 2.6 2.5 2.6 3.7 0 0 0 21.9 155 124 23.7 4.4
"9" "9" 1984-11-13 24.91 "CHI" "" "SAS" "W" 3 1 35 0.543 0.5 14.1 8.3 11.4 13.6 1.3 0 9.8 23.7 119 118 15 0.4
"10" "10" 1984-11-15 24.92 "CHI" "" "BOS" "L" -20 1 34 0.422 0.316 5.5 9 7.2 7.9 1.4 0 0 27 100 121 12 -1.8
"11" "11" 1984-11-17 24.92 "CHI" "" "PHI" "L" -9 1 39 0.65 0.619 9 5.9 7.4 5.9 0 2.7 7.3 30.1 123 115 24.7 8.4
"12" "12" 1984-11-19 24.93 "CHI" "" "IND" "L" -17 1 40 0.631 0.529 5.3 13.6 9.4 0 2.3 1.3 0 21.6 142 130 23.5 3.3
"13" "13" 1984-11-21 24.93 "CHI" "@" "MIL" "L" -10 1 39 0.69 0.615 6 5.5 5.7 10.6 0 1.5 10.3 20.4 134 110 17.4 5
"14" "14" 1984-11-23 24.94 "CHI" "@" "SEA" "W" 19 1 28 0.546 0.529 4.9 11.2 8.5 5 0 0 9.8 30.7 105 101 10.8 -5.5
"15" "15" 1984-11-24 24.94 "CHI" "@" "POR" "L" -10 1 29 0.711 0.692 8.7 22.8 14.8 4.2 1.5 1.9 16.9 22.4 127 130 16.3 2.3
"16" "16" 1984-11-27 24.95 "CHI" "@" "GSW" "L" -6 1 31 0.678 0.615 0 13.2 6.9 4.6 0 3.4 11.9 23 122 115 15 2.3
"17" "17" 1984-11-29 24.96 "CHI" "@" "PHO" "L" -5 1 41 0.419 0.375 5.6 14.6 10.4 3.9 1.2 0 5 21 94 105 8.7 -4.1
"18" "18" 1984-11-30 24.96 "CHI" "@" "LAC" "W" 4 1 32 0.621 0.533 9.1 15.8 12.7 9.7 0 1.9 5.1 27.7 133 111 18.6 6.4
"19" "19" 1984-12-02 24.96 "CHI" "@" "LAL" "W" 1 1 35 0.589 0.563 6.2 22.9 13.7 4.1 0 1.7 4.9 26 127 127 17.4 1.7
"20" "20" 1984-12-04 24.97 "CHI" "" "NJN" "W" 15 1 37 0.772 0.7 0 14.4 9 11.4 0 0 11.1 31.2 138 97 27.7 8.9
"21" "21" 1984-12-07 24.98 "CHI" "" "NYK" "W" 2 1 39 0.683 0.5 11.9 13.3 12.7 12.9 0 0 22.9 25.8 127 112 15.8 1.5
"22" "22" 1984-12-08 24.98 "CHI" "" "DAL" "W" 2 1 40 0.638 0.6 8.4 10.7 9.5 4.2 1.3 2.8 4.1 26.4 134 102 24.6 10.9
"23" "23" 1984-12-11 24.99 "CHI" "" "DET" "L" -7 1 31 0.589 0.563 3.4 12.9 8.3 5.5 2.9 0 13.3 28.8 101 98 14.2 2.8
"24" "24" 1984-12-12 24.99 "CHI" "@" "DET" "L" -7 1 32 0.458 0.421 3.2 17.4 10 0 2.9 1.8 4.6 29.2 88 97 11.6 0.8
"25" "25" 1984-12-14 25 "CHI" "@" "NJN" "L" -2 1 39 0.516 0.5 15.8 2.7 8.8 4.1 0 0 12.3 27.5 107 127 11.9 -6.2
"26" "26" 1984-12-15 25 "CHI" "" "PHI" "L" -12 1 32 0.676 0.7 7.1 11.5 9.3 6.8 1.6 0 11.9 34.2 116 120 20.2 5.8
"27" "27" 1984-12-18 25.01 "CHI" "" "HOU" "L" -8 1 44 0.519 0.435 8.9 21.3 14.5 3.8 1.1 0 12.9 28.8 102 106 17.2 -1.6
"28" "28" 1984-12-20 25.01 "CHI" "@" "ATL" "W" 3 1 47 0.54 0.4 0 4.8 2.4 9.3 0 0 21.3 20.5 94 112 9.2 -6.4
"29" "29" 1984-12-22 25.02 "CHI" "" "BOS" "W" 25 1 31 0.606 0.563 8.1 6 6.9 0 0 0 10.4 27 116 97 12.6 -1
"30" "30" 1984-12-27 25.03 "CHI" "" "CLE" "W" 4 1 35 0.831 0.857 0 18.3 9.9 7.5 0 3.3 12.2 20.4 133 110 20.8 5.5
"31" "31" 1984-12-29 25.04 "CHI" "" "ATL" "L" -3 1 39 0.543 0.5 0 3.3 1.7 8.3 0 0 28 19.8 85 113 4.3 -6.8
"32" "32" 1985-01-02 25.05 "CHI" "@" "ATL" "L" -14 1 34 0.519 0.476 5 7.6 6.1 10.5 1.4 1.8 7.7 28.6 113 119 15.4 3.7
"33" "33" 1985-01-04 25.05 "CHI" "" "MIL" "W" 5 1 41 0.599 0.571 6.2 10.4 8.5 4.2 1.3 3 25.5 25.8 95 109 10.9 -3.4
"34" "34" 1985-01-05 25.05 "CHI" "@" "NYK" "L" -6 1 37 0.805 0.8 3.7 7.6 5.6 10.2 0 0 10.7 21.1 148 125 20 5.2
"35" "35" 1985-01-09 25.07 "CHI" "@" "BOS" "L" -3 1 40 0.632 0.571 6.3 3.6 5.1 4.3 0 0 0 28.2 145 133 22.3 4.3
"36" "36" 1985-01-11 25.07 "CHI" "" "NYK" "W" 16 1 27 0.535 0.4 5.9 15.8 11.9 11.9 0 0 18.7 27.1 105 108 7.3 -7.2
"37" "37" 1985-01-12 25.07 "CHI" "@" "CLE" "L" -3 1 40 0.509 0.444 2.6 11.8 7.3 21.1 1.3 0 4.6 22.5 113 109 15.7 4.6
"38" "38" 1985-01-19 25.09 "CHI" "@" "IND" "L" -3 0 29 0.706 0.6 3.5 7.5 5.5 0 0 0 4.8 32.3 139 121 20.2 5.7
"39" "39" 1985-01-22 25.1 "CHI" "" "POR" "W" 8 1 35 0.587 0.421 18.5 3.1 10.2 0 0 3.6 3.9 28.7 137 115 22.3 6.2
"40" "40" 1985-01-25 25.11 "CHI" "" "SEA" "W" 17 1 31 0.506 0.444 0 21.3 11.4 10.1 1.7 0 23.3 19 81 81 6.4 -2.9
"41" "41" 1985-01-26 25.11 "CHI" "" "ATL" "W" 13 1 36 0.53 0.474 3.9 9.8 7.1 15.2 0 0 12.6 28.6 103 106 11.7 -5.3
"42" "42" 1985-01-29 25.12 "CHI" "" "KCK" "W" 6 1 26 0.455 0.455 5.8 0 2.4 16.4 1.9 0 21.4 25 83 105 5.1 -4.6
"43" "43" 1985-02-05 25.14 "CHI" "" "BOS" "L" -4 1 39 0.548 0.5 6.2 6.2 6.2 11.1 0 0 22.4 23.3 97 117 9.3 -2.9
"44" "44" 1985-02-07 25.15 "CHI" "@" "CLE" "L" -9 1 34 0.549 0.563 9 24.6 16.7 5.4 0 0 9.9 23.4 103 101 13.2 1.3
"45" "45" 1985-02-12 25.16 "CHI" "" "DET" "W" 13 1 48 0.635 0.55 5.1 9.6 7.4 11.4 1 0 7.6 21.7 138 112 24.2 2.9
"46" "46" 1985-02-15 25.17 "CHI" "" "IND" "L" -18 1 37 0.622 0.5 6.6 5.8 6.2 15 1.3 1.6 9.4 23.5 123 114 19.9 5.8
"47" "47" 1985-02-17 25.17 "CHI" "@" "MIL" "L" -20 1 30 0.61 0.538 3.8 14.1 8.4 0 0 0 21.3 25.1 101 127 9.3 -4.8
"48" "48" 1985-02-19 25.18 "CHI" "" "LAL" "L" -10 1 44 0.786 0.75 7.4 23.4 13.6 3.2 0 0 17.3 21.6 131 133 23.4 0.9
"49" "49" 1985-02-22 25.19 "CHI" "@" "BOS" "L" -10 1 37 0.498 0.467 3.3 7 5.1 7.6 2.6 0 5.2 21.4 107 117 12 -1.2
"50" "50" 1985-02-23 25.19 "CHI" "" "GSW" "W" 15 1 36 0.693 0.647 0 6.1 3.7 11.8 2.7 1.6 5.1 23.3 143 125 22.8 2.1
"51" "51" 1985-02-26 25.2 "CHI" "" "CLE" "L" -5 1 40 0.559 0.444 2.4 2.7 2.5 4 3.7 0 0 25 127 111 19.9 5.3
"52" "52" 1985-02-27 25.2 "CHI" "@" "DET" "L" -9 1 36 0.472 0.455 7.2 6.2 6.7 0 1.3 0 4.1 28.4 97 114 11.4 -2.7
"53" "53" 1985-03-01 25.21 "CHI" "" "NYK" "W" 5 1 34 0.722 0.667 8.1 8.6 8.4 5.7 4 1.6 17.1 29.4 120 97 21.4 3.1
"54" "54" 1985-03-03 25.21 "CHI" "" "NJN" "L" -4 1 38 0.571 0.476 3.1 4.2 3.6 8.6 1.3 0 10.6 31.9 114 126 17.5 -2.7
"55" "55" 1985-03-05 25.22 "CHI" "" "WSB" "W" 5 1 35 0.48 0.471 25.3 5.8 14.5 9.8 2.8 0 9.6 24.5 112 104 14.6 1.2
"56" "56" 1985-03-06 25.22 "CHI" "@" "BOS" "W" 3 1 44 0.664 0.588 2.9 2.9 2.9 3.3 0 0 8.4 23.5 129 118 18.8 1.1
"57" "57" 1985-03-08 25.22 "CHI" "" "LAC" "W" 16 1 36 0.729 0.706 9.5 14.8 12.5 9.5 0 7.8 9.4 24.7 140 106 26.5 12.1
"58" "58" 1985-03-09 25.23 "CHI" "" "UTA" "L" -6 1 41 0.619 0.522 11.9 22.5 16.9 26.7 2.1 0 6.6 27.5 129 100 32 12.3
"59" "59" 1985-03-11 25.23 "CHI" "@" "WSB" "L" -7 1 23 0.47 0.364 5.2 28.2 16.3 18.1 2.1 2.6 19 27.9 99 116 7.3 -2.8
"60" "60" 1985-03-12 25.24 "CHI" "" "DET" "W" 1 1 32 0.523 0.467 3.6 10.9 7.7 13.8 0 0 14.9 25.1 106 114 9.7 -3.4
"61" "61" 1985-03-14 25.24 "CHI" "@" "NYK" "L" -9 1 34 0.724 0.769 3.4 7.2 5.2 5.7 1.4 0 6.2 20.5 131 111 17.3 6.1
"62" "62" 1985-03-15 25.24 "CHI" "" "PHO" "W" 6 1 42 0.629 0.538 10.4 5.6 7.3 3.5 1.3 0 21.5 28 103 111 13 -7
"63" "63" 1985-03-17 25.25 "CHI" "" "MIL" "W" 2 1 48 0.636 0.615 14.7 11.7 13.2 9.4 0 1.3 26.6 18.7 106 115 15.2 1.3
"64" "64" 1985-03-19 25.25 "CHI" "@" "HOU" "L" -6 1 39 0.421 0.389 7.5 9.2 8.3 7 2.4 0 22.9 26.3 75 104 6 -6.1
"65" "65" 1985-03-20 25.26 "CHI" "@" "SAS" "L" -8 1 33 0.603 0.563 6.3 14.2 10 5.4 1.4 0 0 23.9 126 104 18.1 6
"66" "66" 1985-03-23 25.27 "CHI" "@" "DAL" "W" 10 1 38 0.632 0.563 8.1 15 12.1 0 0 0 5.2 22.7 135 110 16.1 0.4
"67" "67" 1985-03-24 25.27 "CHI" "@" "UTA" "L" -18 1 35 0.506 0.444 5.5 6.1 5.8 0 0 1.6 23.3 15.1 85 118 3.8 -9.7
"68" "68" 1985-03-26 25.27 "CHI" "" "IND" "W" 1 1 43 0.652 0.636 11.8 25.5 18.3 12.2 3.4 0 4 23.4 143 117 28.9 8
"69" "69" 1985-03-28 25.28 "CHI" "@" "CLE" "L" -8 1 35 0.741 0.6 5.3 7 6 4.8 0 0 11.9 18.2 143 123 16.5 1.5
"70" "70" 1985-03-30 25.28 "CHI" "" "PHI" "L" -5 1 36 0.51 0.467 3.5 0 1.9 0 0 0 10.2 22.2 98 124 8.2 -6.5
"71" "71" 1985-04-02 25.29 "CHI" "" "NJN" "W" 14 1 36 0.593 0.556 12.7 11.9 12.3 8.7 1.5 0 4.5 26.2 144 108 20.6 5.1
"72" "72" 1985-04-03 25.3 "CHI" "@" "WSB" "W" 9 1 44 0.64 0.625 0 17.8 10.2 4 2.4 2.9 0 21.8 128 98 22.4 6.2
"73" "73" 1985-04-05 25.3 "CHI" "@" "PHI" "L" -3 1 41 0.827 0.8 14.2 0 7 14.8 0 0 21.6 15.6 139 130 15.2 2.5
"74" "74" 1985-04-06 25.3 "CHI" "@" "ATL" "W" 3 1 40 0.683 0.583 17.1 4.9 10 6.6 0 0 17 18.7 135 125 15.7 0.3
"75" "75" 1985-04-08 25.31 "CHI" "@" "IND" "L" -4 1 36 0.513 0.364 2.8 17 10.5 8.7 1.2 3 26.8 20.6 84 98 8.7 -3.5
"76" "76" 1985-04-12 25.32 "CHI" "" "ATL" "L" -11 1 33 0.794 0.857 0 7.5 3.9 12 2.8 0 16.6 15.2 133 115 14.2 3.6
"77" "77" 1985-04-13 25.32 "CHI" "@" "NJN" "L" -12 1 39 0.658 0.636 5.4 6.8 6 0 0 1.4 10.7 29.4 118 125 21.3 0.9
"1" "1" 1985-10-25 25.86 "CHI" "" "CLE" "W" 1 1 44 0.634 0.524 11.6 17.6 14.5 12.1 1.1 2.7 15.3 29.5 122 105 27.8 8.4
"2" "2" 1985-10-26 25.86 "CHI" "" "DET" "W" 3 1 38 0.591 0.524 3.1 7.3 5.4 9.7 1.2 4.3 7.5 26.4 128 112 21.2 6.9
"3" "3" 1985-10-29 25.87 "CHI" "@" "GSW" "W" 6 1 42 0.473 0.4 9 2.5 5.9 17 1.1 0 6.6 29.7 105 105 17.9 0.8
"4" "4" 1985-10-31 25.87 "CHI" "@" "LAC" "L" -8 1 43 0.459 0.407 6.2 5.6 5.9 14.1 2.2 2.6 3.2 28.5 107 118 19.4 1.9
"5" "5" 1985-11-02 25.88 "CHI" "@" "SEA" "L" -18 1 34 0.637 0.5 6.4 7.4 6.9 11.9 0 1.7 16.4 28.5 119 117 16.9 4.7
"6" "6" 1985-11-06 25.89 "CHI" "@" "DET" "L" -17 1 40 0.563 0.518 7.5 6.9 7.2 29.8 0 0 15.4 36.4 110 119 21.5 3.8
"7" "7" 1985-11-07 25.89 "CHI" "@" "NJN" "L" -9 1 46 0.456 0.391 8.6 9.5 8.9 11.8 2 0 15.4 25.9 94 105 14.3 1.6
"8" "8" 1985-11-09 25.9 "CHI" "@" "NYK" "W" 3 1 38 0.556 0.421 10.2 10 10.1 25.4 1.4 3 10.7 33.7 120 104 22.6 8.5
"9" "9" 1985-11-12 25.91 "CHI" "" "MIL" "L" -29 1 41 0.587 0.5 7.3 5.6 6.5 14.6 1.2 3.7 10.2 28.2 122 131 23.3 7.3
"10" "10" 1985-11-13 25.91 "CHI" "@" "PHI" "L" -4 1 36 0.778 0.735 9.5 5.8 7.6 17.8 0 1.5 12.1 30.8 141 122 27.7 12.4
"11" "11" 1985-11-15 25.92 "CHI" "@" "MIL" "L" -15 1 35 0.56 0.529 9.8 9.1 9.5 19.8 0 1.4 9.6 24.4 121 128 16 4
"12" "12" 1985-11-16 25.92 "CHI" "" "CLE" "L" -4 1 40 0.631 0.545 6.6 7.2 6.9 15.2 0 1.6 15.3 34.7 115 122 21 -0.3
"13" "13" 1985-11-19 25.93 "CHI" "" "IND" "W" 7 1 40 0.586 0.48 9.2 5.3 7.1 21.4 0 1.3 3.2 33.6 135 118 27.7 4.8
"14" "14" 1985-11-20 25.93 "CHI" "@" "ATL" "L" -15 1 30 0.606 0.545 3.4 6.2 4.8 10.2 3.1 0 27.5 23.2 96 111 9.2 1
"15" "15" 1985-11-23 25.94 "CHI" "" "GSW" "W" 27 1 26 0.877 0.917 0 11.5 6.8 18.6 1.8 0 11.1 27.2 159 105 24.3 14.8
"16" "16" 1985-11-24 25.94 "CHI" "@" "WSB" "L" -9 1 37 0.55 0.476 3.4 4.5 3.9 9.3 0 0 7.8 31.1 110 121 14.1 -2.6
"17" "17" 1985-11-26 25.95 "CHI" "@" "DEN" "W" 5 1 37 0.518 0.5 0 22.6 11.5 7 1.2 3.2 23.7 25 87 108 10.4 -3.6
"18" "18" 1985-11-27 25.95 "CHI" "@" "UTA" "L" -18 1 37 0.567 0.467 8.3 17.5 12.4 17.9 1.2 0 23.6 26.7 99 110 12.9 -0.1
"19" "19" 1985-11-29 25.95 "CHI" "@" "POR" "L" -15 1 12 0.514 0.429 8 0 4.4 12.5 0 0 18.6 34.2 96 123 2.7 -10.2
"20" "20" 1985-12-01 25.96 "CHI" "@" "LAL" "L" -4 1 30 0.504 0.5 0 11.4 5.9 21.2 0 1.8 25.2 28.5 81 118 6.1 -6.2
"21" "21" 1985-12-03 25.96 "CHI" "@" "SAC" "L" -13 1 28 0.521 0.474 7.6 14.7 10.7 0 0 0 0 31 120 128 13.2 -2.5
"22" "22" 1985-12-04 25.97 "CHI" "@" "PHO" "L" -1 1 36 0.549 0.5 5.7 15.7 9.9 23.9 0 3.4 18.5 37.5 98 102 16 2.4
"23" "23" 1985-12-06 25.97 "CHI" "@" "SAS" "W" 8 1 32 0.365 0.333 10.5 15.8 13 7.7 1.5 3.4 6.2 19.6 97 121 6.3 -7.3
"24" "24" 1985-12-07 25.98 "CHI" "@" "HOU" "L" -12 1 35 0.81 0.8 0 9.8 5.2 50.3 0 0 16.3 23.6 140 125 23.1 10.9
"25" "25" 1985-12-10 25.98 "CHI" "" "SAS" "L" -2 1 32 0.494 0.458 6.8 3.9 5.5 24.5 2.9 0 3.8 35.3 104 107 18.1 5.4
"26" "26" 1985-12-12 25.99 "CHI" "" "PHI" "W" 4 1 39 0.534 0.333 15 2.4 8 16.4 1.3 4.1 5.6 19.1 136 110 18.7 7.9
"27" "27" 1985-12-14 25.99 "CHI" "" "SAC" "L" -5 1 37 0.526 0.526 10.5 8.6 9.5 23.1 0 0 17.4 27.2 101 119 12.4 -3.2
"28" "28" 1985-12-15 26 "CHI" "@" "BOS" "L" -5 1 32 0.492 0.409 17 11 14.4 21.8 1.6 1.8 10.2 38.1 111 114 19.2 7.7
"29" "29" 1985-12-17 26 "CHI" "" "BOS" "W" 8 1 40 0.624 0.63 8.2 9.2 8.8 31.6 1.3 0 6.3 34.3 128 115 29.7 11.2
"30" "30" 1985-12-19 26.01 "CHI" "" "WSB" "L" -6 1 36 0.317 0.238 11.7 11.6 11.7 9.8 0 1.5 7.8 28.7 75 96 6.7 -4.9
"31" "31" 1985-12-21 26.01 "CHI" "" "UTA" "W" 13 1 36 0.327 0.316 8.9 6.7 7.8 21.7 1.4 0 9.1 23.6 101 114 7.1 -4
"32" "32" 1985-12-26 26.03 "CHI" "" "NYK" "L" -17 1 35 0.469 0.389 2.7 9.1 5.7 33.7 2.9 3.1 0 26 120 116 18.4 8.9
"33" "33" 1985-12-28 26.03 "CHI" "" "IND" "W" 4 1 37 0.64 0.636 2.9 12.1 7.4 15.7 2.6 0 0 29 132 105 24.4 7.9
"34" "34" 1985-12-30 26.04 "CHI" "@" "CLE" "W" 4 1 35 0.507 0.438 5.6 10 7.6 30.6 0 1.6 10.1 22.2 117 120 16.1 1.6
"35" "35" 1986-01-02 26.05 "CHI" "" "DET" "W" 9 1 36 0.589 0.526 3.9 12.4 8.7 13.8 1.2 0 18.5 28.9 111 116 15.4 -4.2
"36" "36" 1986-01-04 26.05 "CHI" "" "ATL" "L" -11 1 40 0.55 0.438 0 9.7 3.8 19 2.3 0 17.3 21.1 106 106 14.2 2.8
"37" "37" 1986-01-07 26.06 "CHI" "" "NJN" "L" -5 1 34 0.488 0.474 0 3.1 1.5 18.6 1.3 0 4.3 26.1 110 105 12.6 2
"38" "38" 1986-01-11 26.07 "CHI" "" "LAC" "W" 9 1 28 0.668 0.588 9.3 20.4 15.2 10.1 1.7 2.2 8.7 32.6 134 118 22.5 4.8
"39" "39" 1986-01-14 26.08 "CHI" "" "WSB" "L" -4 1 37 0.56 0.5 7.6 10.2 8.7 23.2 1.3 1.4 8.9 25.7 120 118 19.6 3.9
"40" "40" 1986-01-15 26.08 "CHI" "@" "DET" "L" -8 1 30 0.675 0.636 3.6 24 13.3 17.9 1.5 0 17.6 21.5 122 111 16.2 5.5
"41" "41" 1986-01-17 26.09 "CHI" "" "PHI" "L" -2 1 26 0.574 0.5 5.1 4.2 4.6 11.1 3.7 0 26.1 25.3 94 111 7.6 -3.4
"42" "42" 1986-01-19 26.09 "CHI" "@" "WSB" "L" -14 1 37 0.512 0.438 8.6 12.6 10 4.3 1.3 0 0 19.6 131 117 15 3.2
"43" "43" 1986-01-20 26.1 "CHI" "" "LAL" "L" -15 1 41 0.603 0.5 3 23.4 14.5 16 0 0 13.6 21.2 119 125 18 0.3
"44" "44" 1986-01-25 26.11 "CHI" "" "PHO" "W" 19 1 41 0.701 0.685 3.2 15.6 10 13 2.2 3.9 0 30.7 150 103 39 12
"45" "45" 1986-01-27 26.12 "CHI" "@" "DAL" "L" -8 1 39 0.412 0.412 8.2 6.3 7.3 6.4 0 0 22.7 21.6 78 126 2 -12.2
"46" "46" 1986-01-28 26.12 "CHI" "@" "NYK" "L" -7 1 29 0.593 0.5 2.7 4.1 3.3 11.1 1.6 1.9 24 20.9 99 112 8.5 -2.5
"47" "47" 1986-02-12 26.16 "CHI" "@" "PHI" "L" -8 0 25 0.447 0.471 9.4 6.2 8 0 1.9 0 5.3 29.1 97 108 8.2 0.7
"48" "48" 1986-02-14 26.16 "CHI" "" "IND" "L" -16 0 32 0.438 0.438 0 8.3 4.1 9.8 2 3.6 5.9 27.3 91 135 8.2 -4.6
"49" "49" 1986-02-16 26.17 "CHI" "" "DAL" "L" -6 0 23 0.556 0.556 5.5 14.9 10.4 22.2 0 2.3 18.2 20.9 107 125 8 -2.9
"50" "50" 1986-02-17 26.17 "CHI" "@" "IND" "L" -14 1 23 0.511 0.444 10.2 5.2 7.7 0 0 0 8.5 21.6 103 127 6.2 -7.7
"51" "51" 1986-02-19 26.18 "CHI" "@" "NJN" "W" 3 1 8 0.333 0.333 16.7 0 8.5 0 0 0 50 33.7 42 110 -2.4 -28
"52" "52" 1986-03-07 26.22 "CHI" "" "ATL" "L" -4 0 8 0.525 0.333 12.2 14 13 0 0 0 0 24.1 126 115 2.3 -7.2
"53" "53" 1986-03-09 26.23 "CHI" "" "NYK" "W" 13 0 6 0 0 19.5 0 10.1 0 0 0 0 20.9 30 114 -1.8 -26.6
"54" "54" 1986-03-11 26.23 "CHI" "" "NJN" "W" 13 0 29 0.64 0.667 14.4 7.2 10.8 27.2 0 0 0 23.6 146 106 19.6 11
"55" "55" 1986-03-13 26.24 "CHI" "" "DEN" "W" 10 0 29 0.769 0.636 11 18.8 14.9 0 0 2 11.8 22.9 151 106 19.2 7.9
"56" "56" 1986-03-15 26.24 "CHI" "" "MIL" "L" -9 0 17 0.073 0 10.9 0 7.4 0 0 3.9 12.7 18.8 34 127 -2.9 -18.7
"57" "57" 1986-03-17 26.25 "CHI" "@" "ATL" "L" -10 0 17 0.347 0.167 16.3 6.6 11.9 9.1 2.9 0 10.4 21.8 91 112 4.1 -4.8
"58" "58" 1986-03-19 26.25 "CHI" "@" "PHI" "L" -6 0 17 0.518 0.4 6.3 8.6 7.2 0 2.8 0 22.8 20.3 92 117 3.5 -7.5
"59" "59" 1986-03-21 26.26 "CHI" "@" "BOS" "L" -21 0 26 0.622 0.571 16.8 21.5 18.8 20.3 1.7 0 17.2 32 116 117 18.7 10.1
"60" "60" 1986-03-22 26.26 "CHI" "@" "CLE" "L" -26 0 29 0.538 0.455 10.3 17.6 13.9 6.7 0 0 10.7 25.5 110 120 11.4 1.4
"61" "61" 1986-03-25 26.27 "CHI" "" "NYK" "W" 13 1 40 0.628 0.571 6.9 14.6 11.1 11.5 2.5 3.5 10.2 21.3 129 99 20.2 6.4
"62" "62" 1986-03-28 26.28 "CHI" "@" "NJN" "L" -11 1 39 0.752 0.625 6.7 6.5 6.6 18.4 0 1.4 4.5 25.4 159 130 27.7 10.3
"63" "63" 1986-03-29 26.28 "CHI" "@" "NYK" "W" 10 1 30 0.658 0.667 0 4.7 2.5 21.1 0 0 37.8 23.1 86 107 4.6 -5.7
"64" "64" 1986-04-01 26.29 "CHI" "@" "MIL" "L" -9 1 38 0.586 0.588 23.5 5.7 14.5 8.1 1.3 0 21 25.7 107 120 14.9 -0.1
"65" "65" 1986-04-03 26.3 "CHI" "@" "IND" "W" 1 1 26 0.593 0.429 5 11.5 8 9.4 2 0 0 18.8 143 119 11.4 1.6
"66" "66" 1986-04-05 26.3 "CHI" "" "ATL" "W" 5 1 34 0.551 0.364 3.4 12.1 7.3 10.3 1.6 1.9 6.4 19.7 129 107 12.8 4.2
"67" "67" 1986-04-07 26.31 "CHI" "" "MIL" "W" 6 1 37 0.598 0.529 3.3 16.8 11.2 9.5 0 0 9.1 25.7 121 106 16.3 1.2
"68" "68" 1986-04-08 26.31 "CHI" "@" "ATL" "L" -13 1 34 0.804 0.778 4.2 13.6 9.8 7.4 1.3 0 8.2 14.2 152 122 16.5 4.4
"69" "69" 1986-04-11 26.32 "CHI" "" "WSB" "W" 2 1 23 0.46 0.4 3.6 0 2.2 0 0 0 15.5 21.4 90 111 2.1 -8.3
"70" "70" 1986-04-13 26.32 "CHI" "@" "CLE" "L" -7 1 24 0.484 0.25 11.4 10.3 10.8 0 0 0 7.5 26.9 105 120 6.6 -7
"1" "1" 1986-10-31 26.87 "NJN" "" "NYK" "W" 11 1 40 0.449 0.294 7.5 5.1 6.3 23.2 2.4 0 11.9 25 105 98 14 1.9
"2" "2" 1986-11-01 26.88 "NJN" "@" "ATL" "L" -20 1 27 0.526 0.5 4.9 14.4 9.7 19.5 1.6 0 27.3 27.7 85 120 5.7 -6
"3" "3" 1986-11-04 26.88 "NJN" "@" "WSB" "L" -1 1 32 0.545 0.5 0 20.5 12.9 13.6 0 3.5 17.9 24.1 100 108 9.3 -3.3
"4" "4" 1986-11-05 26.89 "NJN" "" "SAS" "L" -9 1 38 0.684 0.692 0 12 6.2 13.7 0 4.4 22.4 19.1 102 111 12.9 1.5
"5" "5" 1986-11-07 26.89 "NJN" "" "MIL" "L" -21 1 32 0.41 0.154 3.6 7.9 5.6 20.5 0 0 5.2 23.9 106 121 7.5 -2.7
"6" "6" 1986-11-11 26.9 "NJN" "" "BOS" "W" 4 1 40 0.429 0.375 5.2 10.9 8.3 3.4 1.1 0 5.1 19.6 98 106 8.4 -5
"7" "7" 1986-11-13 26.91 "NJN" "" "IND" "L" -3 1 47 0.671 0.643 2.7 7.9 5.7 10 0 0 15.2 23.9 121 113 20.2 2
"8" "8" 1986-11-15 26.92 "NJN" "" "ATL" "L" -19 1 27 0.371 0.333 14.5 11.1 13.2 12.4 1.8 0 34.6 20.6 66 111 1.5 -7.7
"9" "9" 1986-11-18 26.92 "NJN" "@" "DEN" "L" -13 1 36 0.481 0.353 4.7 5.2 4.9 20.2 0 2.9 0 22.1 125 120 16 4.3
"10" "10" 1986-11-19 26.93 "NJN" "@" "PHO" "L" -10 1 35 0.621 0.611 0 0 0 9.8 1.3 3.7 9.4 24.4 117 110 15.6 4
"11" "11" 1986-11-21 26.93 "NJN" "@" "LAL" "L" -16 1 36 0.564 0.5 2.6 9.5 5.7 29.3 1.3 2.9 15.8 27.6 103 105 17.8 7.1
"12" "12" 1986-11-22 26.93 "NJN" "@" "UTA" "L" -18 1 29 0.463 0.444 3.4 14.7 8.8 12.5 1.8 8.2 13.4 22 90 97 9.2 5.7
"13" "13" 1986-11-25 26.94 "NJN" "@" "SAS" "L" -18 1 39 0.589 0.462 3.3 6.8 5.1 11.7 0 1.7 14.4 23 113 125 12.6 -3.3
"14" "14" 1986-11-28 26.95 "NJN" "@" "DAL" "L" -25 1 27 0.563 0.5 3.5 16.7 8.6 25.5 0 2.4 36 21 81 119 5.3 -3.7
"15" "15" 1986-11-29 26.95 "NJN" "@" "HOU" "W" 5 0 38 0.447 0.4 8.6 15.4 11.9 5 2.6 1.6 15.2 21.4 92 99 8.9 -2.8
"16" "16" 1986-12-03 26.96 "NJN" "" "DET" "L" -1 0 31 0.63 0.583 4.1 15.5 9.9 22.3 0 1.9 11.7 22.9 120 99 12.9 5.4
"17" "17" 1986-12-05 26.97 "NJN" "" "DEN" "L" -13 0 40 0.769 0.667 5.5 9.5 7.3 10.1 0 3 11.4 17.7 147 116 21.2 8
"18" "18" 1986-12-06 26.97 "NJN" "@" "PHI" "L" -5 1 45 0.769 0.643 13 10.4 11.7 23.8 1.1 4.4 19.9 23.3 139 110 31.3 14.4
"19" "19" 1986-12-09 26.98 "NJN" "" "SAC" "L" -13 1 43 0.52 0.5 2.3 12.4 7.6 11.3 0 3.4 10.4 26.6 101 120 16.9 0.5
"20" "20" 1986-12-10 26.98 "NJN" "@" "BOS" "L" -10 1 26 0.311 0.333 0 4.2 2 11.3 0 0 0 20.4 78 120 1.3 -8
"21" "21" 1986-12-23 27.02 "NJN" "" "UTA" "W" 23 0 31 0.673 0.643 7.7 11.2 9.9 8.8 0 6 14.9 24.2 118 86 19.3 8.2
"22" "22" 1986-12-26 27.03 "NJN" "@" "CLE" "L" -9 0 27 0.583 0.556 0 7.7 3.7 23.3 3.3 8.2 29.8 19 89 108 10 3.8
"23" "23" 1986-12-27 27.03 "NJN" "" "CLE" "W" 9 0 32 0.637 0.5 3.4 18.8 11.4 21.7 2.8 0 9.6 24.9 132 99 21.8 9.2
"24" "24" 1986-12-29 27.04 "NJN" "" "MIL" "W" 5 0 39 0.721 0.643 0 12.6 6.6 20.6 0 0 10.7 18.7 144 118 20 6.2
"25" "25" 1987-01-02 27.05 "NJN" "@" "DET" "L" -1 0 37 0.64 0.6 3.2 11.5 7.5 26.4 3.7 0 11.7 26.4 128 120 25.4 7.8
"26" "26" 1987-01-03 27.05 "NJN" "" "LAC" "W" 21 0 31 0.627 0.545 0 6.8 4.3 16.9 0 3.4 19 18.9 118 93 11.6 2.9
"27" "27" 1987-01-06 27.06 "NJN" "@" "MIL" "L" -12 0 30 0.73 0.571 4.4 4.1 4.3 24.5 0 0 15.4 18.2 139 131 12.8 1.2
"28" "28" 1987-01-07 27.06 "NJN" "" "WSB" "W" 22 0 26 0.639 0.538 7.5 3.1 5.1 19.9 0 3.7 11.3 26.1 131 99 16.8 9.2
"29" "29" 1987-01-09 27.07 "NJN" "" "POR" "L" -7 0 46 0.679 0.632 4.4 10.2 7.1 7.2 1 1.3 0 19 145 113 25.2 5.2
"30" "30" 1987-01-10 27.07 "NJN" "@" "CHI" "L" -10 0 29 0.583 0.556 3.1 12.4 7.1 5.8 1.6 1.9 0 26.6 126 118 16.6 4.9
"31" "31" 1987-01-13 27.08 "NJN" "" "BOS" "L" -6 0 31 0.62 0.575 7.4 15.1 11.2 17.9 1.5 1.8 15.5 33.8 115 120 18.6 5
"32" "32" 1987-01-14 27.08 "NJN" "@" "WSB" "L" -18 0 37 0.599 0.5 3.6 20 12.1 27.6 1.2 6.3 22.2 24.9 105 109 18.6 4.6
"33" "33" 1987-01-17 27.09 "NJN" "" "DET" "L" -10 1 38 0.454 0.333 5.9 24.4 13.7 15.9 1.2 0 5.4 20.6 103 120 11.9 -3.2
"34" "34" 1987-01-19 27.09 "NJN" "" "LAL" "L" -11 1 41 0.627 0.5 4 17.7 11.3 9.5 0 1.5 27.3 23.3 101 128 11.8 -5
"35" "35" 1987-01-21 27.1 "NJN" "" "PHO" "W" 6 1 36 0.657 0.632 5.9 17.4 11.7 5.6 0 0 12 25.9 123 109 19.8 1.6
"36" "36" 1987-01-23 27.1 "NJN" "" "SEA" "L" -5 1 38 0.672 0.609 5.7 9.7 7.6 19.2 0 1.5 3.4 32.1 146 129 30.7 11
"37" "37" 1987-01-27 27.12 "NJN" "@" "SAC" "L" -3 1 33 0.435 0.25 2.6 11.2 6.7 19.3 0 0 7.3 29.1 102 110 12.2 -0.4
"38" "38" 1987-01-28 27.12 "NJN" "@" "LAC" "L" -7 1 36 0.49 0.467 10.5 2.6 6 11.3 0 1.8 15.5 21.7 93 100 7.8 -1.2
"39" "39" 1987-01-30 27.12 "NJN" "@" "POR" "L" -18 1 35 0.628 0.545 2.9 3.8 3.3 19.7 1.3 1.7 23 23.3 107 120 13.7 0.9
"40" "40" 1987-02-01 27.13 "NJN" "@" "GSW" "L" -3 1 57 0.569 0.556 3.5 17.3 10.1 25.3 1.7 3 19.2 19.1 108 107 22 3.6
"41" "41" 1987-02-02 27.13 "NJN" "@" "SEA" "L" -8 1 33 0.573 0.5 3.7 3.2 3.4 18.9 1.5 1.7 13.3 19.5 115 115 11.1 3.1
"42" "42" 1987-02-04 27.14 "NJN" "" "PHI" "L" -26 0 28 0.461 0.375 3.2 12.9 7.3 17.2 6.9 2 29.1 18 85 113 7.4 -0.3
"43" "43" 1987-02-05 27.14 "NJN" "@" "NYK" "L" -17 1 38 0.584 0.5 2.8 10 6.1 17.1 0 0 23.8 17.2 103 129 9.3 -6.2
"44" "44" 1987-02-12 27.16 "NJN" "" "HOU" "L" -22 1 39 0.273 0.25 0 11.9 4.2 0 1.3 3.5 0 14.9 70 126 1.3 -8.8
"45" "45" 1987-02-15 27.17 "NJN" "" "CLE" "W" 16 1 31 0.462 0.462 0 15.5 8.5 8.7 1.4 2 13.3 18.2 95 94 6.7 -2.1
"46" "46" 1987-02-16 27.17 "NJN" "@" "MIL" "L" -4 1 33 0.564 0.5 5 12.5 9.1 14.5 0 3.7 15.8 15.9 117 128 8.6 -1.9
"47" "47" 1987-02-19 27.18 "NJN" "" "GSW" "L" -4 1 35 0.618 0.529 9.6 16.7 12.6 5 0 0 0 23.6 149 117 20.9 7.7
"48" "48" 1987-02-26 27.2 "NJN" "@" "CHI" "L" -15 0 31 0.557 0.5 6.6 14.1 10.2 16.5 3 5.5 14.3 26.4 108 119 16.4 5.7
"49" "49" 1987-02-27 27.2 "NJN" "" "IND" "W" 10 0 34 0.791 0.7 5 0 2.2 20.1 0 0 19.2 20 147 127 15 1.7
"50" "50" 1987-03-01 27.21 "NJN" "" "CHI" "W" 10 0 21 0.383 0.4 5.4 4.7 5 7 2.3 0 33.8 33.7 57 97 -1.3 -14.2
"51" "51" 1987-03-04 27.21 "NJN" "@" "WSB" "L" -3 0 22 0.3 0.3 14.2 14.5 14.4 10.3 0 0 9.1 18.9 85 112 3.2 -9
"52" "52" 1987-03-06 27.22 "NJN" "" "ATL" "L" -28 0 34 0.66 0.545 18.1 13.8 15.7 0 1.5 1.6 18 20.8 122 112 15.6 6.9
"53" "53" 1987-03-07 27.22 "NJN" "@" "PHI" "W" 12 0 41 0.633 0.565 10.2 7.5 8.8 22.1 0 0 0 27 147 114 28.8 9.6
"54" "54" 1987-03-10 27.23 "NJN" "" "WSB" "W" 42 1 33 0.473 0.412 7.5 9.9 8.9 14.6 0 0 0 24.3 124 86 14.1 0.6
"55" "55" 1987-03-12 27.24 "NJN" "" "MIL" "W" 17 1 39 0.574 0.462 6.8 7.9 7.4 21.3 1.1 1.6 9.9 20 126 99 18.5 3.5
"56" "56" 1987-03-13 27.24 "NJN" "@" "NYK" "W" 5 1 42 0.742 0.684 3.1 9.3 6.6 27.6 1 0 10.5 25.3 146 109 33 8.9
"57" "57" 1987-03-15 27.24 "NJN" "@" "IND" "L" -24 1 35 0.644 0.533 14 0 8.1 10.1 0 0 13.4 24.8 124 121 18.4 3.6
"58" "58" 1987-03-17 27.25 "NJN" "" "CLE" "L" -19 1 24 0.475 0.4 5 6.7 5.7 0 2 5.7 28.3 29.4 76 107 3.4 -6.2
"59" "59" 1987-03-18 27.25 "NJN" "@" "DET" "W" 1 1 42 0.76 0.75 6.2 6.9 6.6 11.3 2.3 3.9 18.7 27.5 124 115 26.5 7.1
"60" "60" 1987-03-20 27.26 "NJN" "@" "CLE" "L" -1 1 32 0.666 0.667 0 7.1 3.7 22.2 0 5.4 12.9 30.4 122 107 19.8 10.3
"61" "61" 1987-03-22 27.26 "NJN" "@" "BOS" "L" -12 1 36 0.409 0.381 3 11.1 6.7 22 1.4 0 4.1 29.2 94 123 10.2 -5.4
"62" "62" 1987-03-24 27.27 "NJN" "" "DAL" "L" -12 1 43 0.614 0.471 8.4 8.4 8.4 10.4 0 0 17.5 28.8 112 125 18 0.3
"63" "63" 1987-03-26 27.27 "NJN" "" "CHI" "W" 2 1 35 0.715 0.692 3.7 13.7 8.9 13 4.2 3.2 15.7 24.4 125 102 21.3 9.2
"64" "64" 1987-03-27 27.28 "NJN" "@" "PHI" "L" -11 1 41 0.581 0.5 5.4 12.1 8.1 14.4 2.5 0 12.2 25.7 114 116 17.3 1.9
"65" "65" 1987-04-01 27.29 "NJN" "" "NYK" "W" 1 1 40 0.631 0.588 6.3 8.8 7.6 22.5 2.2 1.4 15.7 24.8 120 112 21.5 4.5
"66" "66" 1987-04-03 27.3 "NJN" "" "PHI" "W" 4 1 40 0.903 0.846 5.2 10 8.5 27.3 0 2.8 9.9 21.7 170 111 32.5 15.2
"67" "67" 1987-04-04 27.3 "NJN" "@" "MIL" "L" -10 1 27 0.313 0.222 0 8.5 3.9 5.2 0 0 26.3 21.8 53 115 -3.6 -15.4
"68" "68" 1987-04-07 27.31 "NJN" "@" "IND" "L" -14 1 34 0.697 0.6 3.1 4.2 3.5 9.2 1.4 1.9 29.1 20.5 102 127 9.5 -3.8
"69" "69" 1987-04-08 27.31 "NJN" "" "WSB" "L" -9 1 34 0.712 0.667 18.1 10.9 14.5 30.4 1.5 3.3 0 23.6 164 124 29.9 19.3
"70" "70" 1987-04-10 27.32 "NJN" "" "BOS" "W" 9 1 42 0.601 0.571 7.1 10.6 9.1 11.7 1.1 3 10.7 27.6 116 105 22.2 3.1
"71" "71" 1987-04-12 27.32 "NJN" "" "ATL" "L" -27 1 26 0.793 0.667 0 0 0 6.7 0 0 32.8 18.6 107 119 6.3 -3
"72" "72" 1987-04-14 27.33 "NJN" "@" "CLE" "L" -18 1 35 0.679 0.643 3.2 14.7 7.7 12.7 0 0 23.6 25.7 105 113 11.8 0.9
"73" "73" 1987-04-15 27.33 "NJN" "@" "ATL" "L" -20 1 43 0.687 0.68 6.4 9.1 7.8 7.7 1.2 0 6.7 30.3 132 143 27.2 0.4
"74" "74" 1987-04-17 27.33 "NJN" "@" "DET" "L" -13 1 38 0.589 0.545 5.9 9.2 7.5 12.3 0 0 22.8 31.2 100 128 12.8 -4.1
"75" "75" 1987-04-18 27.34 "NJN" "" "IND" "L" -9 1 39 0.466 0.3 2.8 30.8 16.1 7 0 4.6 6.7 16.2 108 113 11.4 -1.4
"1" "1" 1987-11-15 27.92 "NJN" "" "WSB" "L" -4 1 34 0.581 0.364 3.1 8.3 5.8 35 0 4.3 13.7 26.4 122 114 20.5 9.6
"2" "2" 1987-11-17 27.92 "NJN" "" "HOU" "W" 3 1 38 0.711 0.625 14.4 13.2 13.7 16.6 0 2.9 8.9 25.4 146 114 26.3 8
"3" "3" 1987-11-19 27.93 "NJN" "" "NYK" "W" 1 1 36 0.591 0.533 3.8 2.7 3.1 9.4 2.6 4.3 8.6 27.6 115 107 18.2 3.1
"4" "4" 1987-11-21 27.93 "NJN" "" "BOS" "L" -10 1 28 0.5 0.5 3.6 12.9 7.8 5.2 0 0 20 14.7 90 114 2.3 -9.3
"5" "5" 1987-11-24 27.94 "NJN" "@" "DEN" "L" -28 1 20 0.282 0.25 0 4.7 2.3 0 0 4.8 18.4 18.6 56 119 -1.3 -14.3
"6" "6" 1988-01-13 28.08 "NJN" "@" "PHI" "L" -9 0 27 0.573 0.5 0 17.8 9 7.1 1.8 0 22.3 28 91 106 7.5 -3.7
"7" "7" 1988-01-14 28.08 "NJN" "" "SAC" "W" 3 0 37 0.305 0.308 7.2 8.6 7.9 4 0 0 16.9 20.5 64 98 -0.2 -11.8
"8" "8" 1988-01-16 28.08 "NJN" "" "BOS" "L" -7 1 41 0.449 0.429 2.6 9.5 5.7 11.5 2.5 0 0 27.2 101 110 13 0.5
"9" "9" 1988-01-18 28.09 "NJN" "" "PHO" "W" 4 1 40 0.593 0.571 3.6 17.9 12 14.3 0 5.2 8.1 27.9 119 114 21.1 0.9
"10" "10" 1988-01-20 28.1 "NJN" "" "GSW" "L" -2 1 38 0.53 0.474 12 11.5 11.8 19.7 1.4 4.8 16.2 30.6 108 113 15.9 -2.1
"11" "11" 1988-01-22 28.1 "NJN" "@" "IND" "L" -9 1 38 0.422 0.368 10.5 10.8 10.6 26.7 1.4 1.7 15.1 28.6 97 121 13.1 0.5
"12" "12" 1988-01-24 28.11 "NJN" "@" "ATL" "L" -7 1 38 0.634 0.444 0 13.3 6.2 27.4 1.4 0 6.9 16.7 144 127 16.3 3.3
"13" "13" 1988-01-26 28.11 "NJN" "@" "NYK" "L" -21 1 37 0.486 0.4 14 15.7 14.8 28 1.3 0 25.8 22.8 93 123 9.6 -4
"14" "14" 1988-01-29 28.12 "NJN" "@" "CHI" "L" -27 1 25 0.154 0 9.1 21.3 13.9 26.7 0 0 23.5 21.3 51 122 -0.2 -13.4
"15" "15" 1988-02-09 28.15 "NJN" "@" "WSB" "L" -9 0 31 0.605 0.533 0 7.8 4 32.7 0 0 0 26.6 143 117 17.9 8.5
"16" "16" 1988-02-10 28.15 "NJN" "" "CHI" "W" 9 0 30 0.553 0.5 7.4 12.8 10.3 5.3 1.8 2 14.5 21.4 106 95 9.4 0.3
"17" "17" 1988-02-12 28.16 "NJN" "@" "CLE" "L" -2 0 29 0.6 0.6 3.9 14.2 8.6 11.4 1.7 2.6 21.1 28.9 96 100 10.6 1.4
"18" "18" 1988-02-14 28.16 "NJN" "" "PHI" "W" 4 0 30 0.398 0.3 4 3.8 3.9 25.8 1.7 0 20.9 21.8 89 116 4.4 -7.2
"19" "19" 1988-02-15 28.17 "NJN" "@" "NYK" "L" -1 0 25 0.414 0.333 0 13.7 6.8 6 2.1 0 14.2 24.8 81 105 2.7 -10.2
"1" "1" 1988-11-04 28.89 "LAL" "@" "DAL" "W" 3 0 18 0.583 0.556 7.8 12.4 10.4 20 0 0 9.6 25.7 120 124 6.8 -1.8
"2" "2" 1988-11-05 28.89 "LAL" "@" "SAS" "L" -15 0 13 0.51 0.6 8.4 24.6 16.6 0 0 3.9 14.5 20.8 84 106 2.6 -5.9
"3" "3" 1988-11-08 28.9 "LAL" "@" "GSW" "W" 12 0 27 0.541 0.429 11.9 7.1 9.4 10.4 1.6 0 19.4 30 97 96 10.9 -1.1
"4" "4" 1988-11-09 28.9 "LAL" "" "DEN" "W" 18 0 25 0.597 0.5 13.2 17.1 15.8 0 0 5.6 6.2 25.8 120 98 14.4 0
"5" "5" 1988-11-11 28.91 "LAL" "" "SEA" "W" 11 0 26 0.373 0.222 4.7 11.7 9 4.8 0 2 0 21.4 92 99 5 -7.5
"6" "6" 1988-11-15 28.92 "LAL" "@" "DEN" "W" 2 0 27 0.606 0.5 5.4 11.9 9.1 0 1.6 5.7 25.2 29.2 94 111 10.7 -3.9
"7" "7" 1988-11-17 28.92 "LAL" "@" "SEA" "L" -3 0 19 0.222 0 24.6 19.8 22 7.4 2.5 0 37.2 21.9 51 95 0 -9
"8" "8" 1988-11-18 28.93 "LAL" "" "POR" "W" 1 0 14 0.143 0.143 0 7.8 4.1 0 0 7.1 12.5 24.1 30 108 -1.8 -16
"9" "9" 1988-11-22 28.94 "LAL" "@" "NYK" "W" 12 0 14 0 0 7.6 14.6 11.2 0 0 0 16.7 16.7 12 105 -3.6 -20.8
"10" "10" 1988-11-23 28.94 "LAL" "@" "MIA" "W" 47 0 27 0.862 0.818 0 6.1 4 4.4 0 3.7 0 20.3 176 97 20.2 9
"11" "11" 1988-11-26 28.95 "LAL" "@" "DET" "L" -3 0 20 0.467 0.286 4.9 5 4.9 0 0 0 0 20 118 113 5.1 -1.2
"12" "12" 1988-11-28 28.95 "LAL" "@" "PHI" "W" 5 0 17 0.577 0.667 5.6 28.2 16.9 0 0 6.7 16.1 15.2 99 93 4.9 -0.7
"13" "13" 1988-11-30 28.96 "LAL" "" "SEA" "W" 4 0 28 0.486 0.5 4.6 4.3 4.5 5.3 0 0 0 18.4 109 119 5.7 -5.8
"14" "14" 1988-12-02 28.96 "LAL" "" "UTA" "W" 21 0 27 0.49 0.444 11.1 10.5 10.8 0 1.9 0 21.9 26.8 87 101 4.9 -10.7
"15" "15" 1988-12-04 28.97 "LAL" "" "WSB" "W" 7 0 19 0.477 0.375 7.5 24.8 17 0 2.7 0 0 27 110 104 7.9 -1.3
"16" "16" 1988-12-06 28.98 "LAL" "@" "LAC" "W" 9 0 17 0.315 0.333 7.1 18.4 13.1 7.4 0 3 29.6 16.1 59 103 0.7 -8.3
"17" "17" 1988-12-07 28.98 "LAL" "" "PHO" "W" 14 0 26 0.602 0.455 8.4 11.4 10.2 4.6 1.7 1.6 6.3 23.9 134 102 15.5 3.7
"18" "18" 1988-12-10 28.99 "LAL" "@" "IND" "W" 7 0 26 0.665 0.571 0 19.2 10.7 0 1.8 0 8.7 18.6 129 103 10.2 2.7
"19" "19" 1988-12-11 28.99 "LAL" "@" "MIL" "L" -1 0 32 0.565 0.375 4.3 8.8 6.5 4.8 1.7 3.9 19.5 24 100 110 9.8 -0.4
"20" "20" 1988-12-13 28.99 "LAL" "@" "CLE" "W" 9 0 22 0.752 0.75 0 9.1 5.3 5.8 0 5.4 27.3 14.7 106 107 6.3 2.6
"21" "21" 1988-12-14 29 "LAL" "@" "NJN" "L" -5 0 19 0.524 0.6 0 12.4 5.9 16.1 2.7 3.2 11.6 20.2 99 112 6.8 3.8
"22" "22" 1988-12-16 29 "LAL" "@" "BOS" "L" -14 0 22 0.527 0.25 13.6 15.2 14.4 0 2.3 2.5 23.1 16.8 101 113 6.5 1.1
"23" "23" 1988-12-18 29.01 "LAL" "@" "WSB" "L" -5 0 14 0.387 0.333 18.5 0 9.1 0 0 0 0 12.5 112 130 0.7 -11.7
"24" "24" 1988-12-20 29.01 "LAL" "@" "CHI" "L" -13 0 15 0.676 0.75 8.2 22.3 15.6 0 0 4.7 31.1 19.5 88 121 4.3 -1.1
"25" "25" 1988-12-23 29.02 "LAL" "" "SAC" "W" 18 0 23 0.461 0.5 5.5 15.3 10.6 5.4 2.1 0 17 21.5 82 104 4.7 -6.9
"26" "26" 1988-12-25 29.02 "LAL" "@" "UTA" "L" -14 0 14 0.387 0.333 0 10.4 4.6 11.6 3.7 10.2 20.5 16.3 70 100 3.3 4.6
"27" "27" 1988-12-28 29.03 "LAL" "" "PHI" "W" 5 0 30 0.702 0.429 0 13.3 6.6 4 0 0 0 15.6 156 123 12.3 -0.5
"28" "28" 1988-12-30 29.04 "LAL" "" "LAC" "W" 15 0 30 0.694 0.667 0 6.7 3.4 0 1.5 3.6 0 10.9 149 105 10 0.6
"29" "29" 1989-01-03 29.05 "LAL" "@" "SEA" "L" -10 0 21 0.558 0.444 0 0 0 0 0 6.1 8.5 23 109 121 6.9 0.7
"30" "30" 1989-01-04 29.05 "LAL" "" "POR" "W" 13 0 25 0.605 0.5 4.9 11.5 8.6 9.3 0 3.7 13.9 23.3 116 113 11.4 -0.8
"31" "31" 1989-01-06 29.06 "LAL" "" "MIA" "W" 32 0 33 0.816 0.813 3.7 21.8 12.9 10.7 1.5 1.7 10.1 27.6 141 92 25.4 7.9
"32" "32" 1989-01-08 29.06 "LAL" "" "SAS" "W" 30 0 29 0.513 0.364 0 9.5 5.6 4.1 0 1.8 6.8 20.5 111 97 8 -4.1
"33" "33" 1989-01-10 29.07 "LAL" "@" "SAC" "L" -9 0 13 0.4 0.4 0 14.8 7.2 22 3.6 0 16.7 18.5 81 101 3.3 1.9
"34" "34" 1989-01-13 29.08 "LAL" "" "CLE" "W" 21 0 12 0.333 0.333 0 19.7 12.6 0 0 0 25 14.1 49 90 -0.6 -10.3
"35" "35" 1989-01-18 29.09 "LAL" "" "LAC" "W" 21 0 22 0.661 0.571 4.3 11.3 8 5.9 2.1 0 26.5 20 104 90 7.6 -1.3
"36" "36" 1989-01-20 29.1 "LAL" "" "DAL" "W" 16 0 21 0.524 0.2 11.4 14.3 13 6.2 0 0 28.2 21.8 94 106 4.9 -6
"37" "37" 1989-01-24 29.11 "LAL" "" "NYK" "L" -5 0 9 0.333 0.333 0 0 0 0 0 6.8 25 18.8 55 134 -1.2 -21.1
"38" "38" 1989-01-27 29.12 "LAL" "" "CHH" "W" 17 0 22 0.461 0.375 11.8 11.9 11.9 10.3 0 4.5 17 21.5 99 100 6.5 -3.1
"39" "39" 1989-01-29 29.12 "LAL" "@" "DAL" "W" 25 0 13 0 0 0 20.5 11.9 8.2 0 4.4 50 12.7 18 97 -1.1 -9.8
"40" "40" 1989-01-31 29.13 "LAL" "@" "HOU" "W" 11 0 22 0.578 0.333 15 14.2 14.5 0 2.1 2.9 24 24 105 109 6.2 -8.2
"41" "41" 1989-02-01 29.13 "LAL" "@" "PHO" "L" -17 0 26 0.845 0.875 7.9 13.5 10.5 0 0 2.3 25.3 19.6 114 119 11 3.4
"42" "42" 1989-02-03 29.13 "LAL" "" "POR" "W" 11 0 22 0.58 0.5 15.2 5.9 10.9 13.2 0 0 27.9 17.6 108 122 6.7 -3.5
"43" "43" 1989-02-05 29.14 "LAL" "" "NJN" "W" 18 0 30 0.765 0.7 8 20.5 14.2 8.2 4.9 6.2 13.3 20.8 143 105 21.6 12.2
"44" "44" 1989-02-08 29.15 "LAL" "" "GSW" "L" -3 0 21 0.619 0.625 16.7 33.6 24.4 23.2 2.2 0 0 15.8 147 113 13.3 9.4
"45" "45" 1989-02-14 29.16 "LAL" "" "DET" "L" -8 0 24 0.794 0.75 5 8.2 6.7 0 0 0 14.3 25.2 135 120 12.7 3.8
"46" "46" 1989-02-16 29.17 "LAL" "@" "POR" "W" 9 0 20 0.614 0.2 5.9 18.5 12 6.9 0 0 10 20.3 142 113 9.2 1.9
"47" "47" 1989-02-19 29.18 "LAL" "" "BOS" "W" 9 0 16 0.405 0.167 14.3 17.6 16.1 20.5 0 3.3 18.8 27.4 95 109 5.1 -5.3
"48" "48" 1989-02-20 29.18 "LAL" "@" "SAC" "W" 3 0 18 0.5 0.5 0 28.8 15.9 15.8 0 0 42.9 18.6 68 113 1.2 -9.6
"49" "49" 1989-02-22 29.19 "LAL" "@" "UTA" "L" -26 0 22 0.521 0.375 15.6 4.7 10.7 8.9 2.3 0 20.7 27.1 97 113 7.4 -1.5
"50" "50" 1989-02-24 29.19 "LAL" "" "SAC" "W" 12 0 18 0.222 0.222 0 17.8 9.3 7.5 0 3.3 0 22.1 56 109 0.8 -13.8
"51" "51" 1989-02-26 29.2 "LAL" "" "PHO" "W" 12 0 25 0.581 0.5 19.7 11.6 16 4.4 0 4.4 6.8 21.9 132 108 12.9 1.2
"52" "52" 1989-03-01 29.21 "LAL" "" "GSW" "W" 21 0 18 0.405 0.333 5.7 9 7.5 0 2.4 0 31.6 24 67 108 -0.1 -14.8
"53" "53" 1989-03-03 29.21 "LAL" "" "IND" "W" 22 0 22 0.745 0.667 0 13.6 7.6 0 2 2.6 18.7 19.4 125 110 9.1 -2.6
"54" "54" 1989-03-05 29.22 "LAL" "@" "HOU" "L" -5 0 19 0.38 0.286 6.3 9.5 8.1 16.3 0 3 17.9 27.3 76 100 3.5 -1.4
"55" "55" 1989-03-07 29.22 "LAL" "@" "ATL" "W" 9 0 15 0.333 0.333 0 20 11.3 0 0 3.8 25 12.2 51 102 0.5 -5.7
"56" "56" 1989-03-08 29.22 "LAL" "@" "MIA" "W" 40 0 32 0.574 0.5 12.5 8.7 10.2 0 0 6.7 14.1 17.5 121 89 10.8 -2.4
"57" "57" 1989-03-10 29.23 "LAL" "@" "CHH" "W" 33 0 21 0.595 0.6 6.9 21.6 15.9 10.6 4.4 0 0 11.3 142 81 9.5 6.4
"58" "58" 1989-03-12 29.24 "LAL" "@" "GSW" "W" 11 0 11 0.309 0.2 0 7 4.2 0 0 0 0 29.3 71 116 -0.2 -19.6
"59" "59" 1989-03-17 29.25 "LAL" "" "DAL" "W" 3 0 17 0.205 0 6.6 5.9 6.2 7.6 0 0 29.1 16.6 52 120 -1.5 -16.1
"60" "60" 1989-03-19 29.25 "LAL" "" "ATL" "L" -2 0 15 0.654 0.6 0 7 3.6 0 0 0 11.6 23.1 121 120 6.2 -0.3
"61" "61" 1989-03-21 29.26 "LAL" "" "CHI" "L" -1 0 15 0.666 0.6 6.5 36.6 19 0 0 0 12.9 22.1 120 110 7.2 2.3
"62" "62" 1989-03-23 29.27 "LAL" "@" "SAC" "W" 23 0 25 0.553 0.5 9.1 3.5 5.9 0 0 2.3 0 20 131 105 10 0.3
"63" "63" 1989-03-26 29.27 "LAL" "" "PHO" "W" 2 0 18 0.444 0.4 6.8 5.8 6.3 6.7 0 3 0 16 109 117 4.5 -1.8
"64" "64" 1989-03-28 29.28 "LAL" "@" "PHO" "L" -23 0 8 0 0 9.8 54.5 25.5 14.6 0 0 0 19.2 31 127 -0.9 -16.5
"65" "65" 1989-03-30 29.28 "LAL" "" "SAS" "W" 40 0 21 0.644 0.556 0 17.3 10.9 0 2.1 8.3 0 20.9 147 87 13.8 5.8
"66" "66" 1989-04-01 29.29 "LAL" "@" "DEN" "L" -6 0 13 0 0 0 0 0 0 0 0 0 6.2 0 108 -2.2 -12.3
"67" "67" 1989-04-02 29.29 "LAL" "" "MIL" "W" 1 0 20 0.2 0.2 6.7 13.7 10.1 6.2 2.5 0 16.7 12.9 59 122 0.5 -9.9
"68" "68" 1989-04-10 29.32 "LAL" "" "LAC" "W" 17 0 8 1.064 1 0 0 0 0 0 0 21 22.6 165 111 5.6 3.6
"69" "69" 1989-04-15 29.33 "LAL" "@" "LAC" "L" -12 0 13 0.945 1 8.8 0 5.2 0 0 4.4 0 15 195 130 9.1 12.9
"70" "70" 1989-04-16 29.33 "LAL" "" "MIA" "W" 13 0 22 0.627 0.5 11.8 20.3 16.4 0 0 12.7 0 22.1 147 98 16.3 10.1
"71" "71" 1989-04-18 29.34 "LAL" "" "DEN" "W" 24 0 20 0.619 0.462 0 7.7 4.9 6.7 2.2 2.5 10.5 34.9 128 108 14.5 -0.1
"72" "72" 1989-04-20 29.34 "LAL" "" "SAC" "W" 3 0 12 0.579 0.333 0 17.4 9.2 0 0 0 18.8 18 102 117 2.1 -9.9
"73" "73" 1989-04-21 29.35 "LAL" "@" "POR" "W" 7 0 17 0.709 0.667 17.6 26.1 23 17.1 0 0 0 24.4 159 109 14 12.1
"74" "74" 1989-04-23 29.35 "LAL" "" "SEA" "W" 4 0 14 0.615 0.75 0 7.8 4.2 8.6 3.6 0 17 18.6 94 120 3.8 -4.2
"1" "1" 1989-12-13 29.99 "LAL" "@" "MIA" "W" 27 0 15 0.81 0.667 0 14.9 8 9.5 0 4 41 20.6 97 82 3.1 -4.6
"2" "2" 1989-12-15 30 "LAL" "@" "BOS" "W" 9 0 14 0.727 0.667 0 9 4.8 0 0 0 0 11 147 117 4 -1
"3" "3" 1989-12-16 30 "LAL" "@" "NJN" "W" 7 0 16 0.74 0.6 7.7 6.8 7.2 0 0 10.7 12.9 21.5 143 112 8.2 9.7
"4" "4" 1989-12-19 30.01 "LAL" "@" "CHI" "L" -10 0 19 0.475 0.4 4.6 14.4 8.4 0 2.7 0 0 28.9 108 100 7.7 6.4
"5" "5" 1989-12-20 30.01 "LAL" "@" "MIN" "W" 9 0 34 0.571 0.5 5.6 16.9 10.1 0 0 2.3 0 23 137 107 14.7 5.9
"6" "6" 1989-12-26 30.03 "LAL" "" "SAC" "W" 2 0 12 0 0 12.1 9.5 10.7 18.2 0 0 0 11.1 58 112 0.3 -8.1
"7" "7" 1989-12-29 30.04 "LAL" "" "GSW" "W" 19 0 19 0.64 0.6 6 16.8 11.6 0 0 2.8 5.5 35.6 128 105 14.8 4.5
"8" "8" 1990-01-03 30.05 "LAL" "" "DEN" "W" 16 0 32 0.865 0.846 0 14.7 7.9 10.9 0 0 12.6 20 142 94 18.6 7.5
"9" "9" 1990-01-06 30.06 "LAL" "@" "GSW" "L" -2 0 18 0.418 0.333 5.9 6.8 6.3 0 0 0 8.5 24.3 97 139 1.9 -16.7
"10" "10" 1990-01-07 30.06 "LAL" "" "MIA" "W" 39 0 22 0.568 0.545 9.7 4.8 7.3 26.5 2.1 2.6 0 22.5 134 93 13.7 8.6
"11" "11" 1990-01-09 30.07 "LAL" "@" "PHO" "L" -3 0 21 0.383 0.4 9.7 16.1 12.7 14.9 0 0 0 22.2 96 121 4.3 -8.1
"12" "12" 1990-01-10 30.07 "LAL" "" "ORL" "W" 15 0 23 0.795 0.8 15.7 4.7 9.9 0 0 0 8.1 21 147 109 13.6 2.4
"13" "13" 1990-01-12 30.07 "LAL" "" "HOU" "W" 9 0 22 0.666 0.727 0 4.1 2.3 0 0 2.6 0 25.5 129 110 11.5 5.1
"14" "14" 1990-01-15 30.08 "LAL" "" "SAC" "W" 20 0 20 0.556 0.556 0 0 0 0 0 2.6 30.8 29.1 68 103 2 -12.6
"15" "15" 1990-01-17 30.09 "LAL" "" "SEA" "W" 10 0 19 0.595 0.6 0 6 3.5 25.5 2.9 3.3 7.8 29.9 118 101 9.8 9.2
"16" "16" 1990-01-19 30.09 "LAL" "@" "MIL" "L" -1 0 20 0.571 0.429 0 22.9 12 15.1 0 6.5 9.4 23.8 121 112 7.5 -1
"17" "17" 1990-01-21 30.1 "LAL" "@" "DET" "W" 10 0 29 0.473 0.333 4 7.5 5.8 4.9 0 0 0 18.5 118 116 5.9 -5
"18" "18" 1990-01-23 30.1 "LAL" "@" "NYK" "W" 21 0 22 0.838 0.833 5.9 8.7 7.5 5.7 0 0 34 24.5 104 115 6.8 -7.1
"19" "19" 1990-01-24 30.11 "LAL" "@" "IND" "W" 9 0 24 0.514 0.429 0 18.2 9.4 30.8 2.2 0 0 17.9 131 123 10.6 5.1
"20" "20" 1990-01-26 30.11 "LAL" "" "MIL" "W" 9 0 21 0.444 0.429 0 16.6 10.5 16.2 0 0 0 17.7 99 100 4.7 -3.2
"21" "21" 1990-01-29 30.12 "LAL" "" "SAS" "L" -2 0 23 0.517 0.375 0 14.2 7 8.4 0 2.2 8.6 23.4 103 93 6.7 -1.2
"22" "22" 1990-01-30 30.12 "LAL" "@" "LAC" "L" -17 0 17 0.678 0.5 0 6.7 3.2 18 2.9 3 0 16.6 155 121 9.6 9.7
"23" "23" 1990-02-02 30.13 "LAL" "" "ATL" "W" 6 0 17 0.82 0.833 8.3 6.7 7.4 28.3 6.7 0 0 20.4 178 121 12.9 16.2
"24" "24" 1990-02-04 30.14 "LAL" "" "NJN" "W" 16 0 22 0.363 0.333 6.8 8.4 7.8 24.4 4.3 0 22.5 17.3 93 101 5.2 -1.2
"25" "25" 1990-02-06 30.14 "LAL" "@" "POR" "W" 2 0 18 0.625 0.625 21.5 0 9.9 0 0 3.5 27.3 25.9 94 116 4.2 -6.5
"26" "26" 1990-02-07 30.15 "LAL" "" "CHI" "W" 18 0 24 0.81 0.833 0 19.5 10 0 0 2.7 10.4 17.7 140 113 10.7 1
"27" "27" 1990-02-14 30.16 "LAL" "" "POR" "L" -4 0 25 0.451 0.333 0 3.6 1.8 17.7 5.8 4.3 11.4 14.4 97 105 7.4 4.7
"28" "28" 1990-02-15 30.17 "LAL" "@" "SAC" "W" 9 0 16 0.731 0.5 7.7 24.5 17 10.7 0 0 21 28 126 99 8.8 4.8
"29" "29" 1990-02-18 30.18 "LAL" "" "BOS" "W" 6 0 18 0.571 0.571 0 9.9 4 0 0 0 0 16.1 118 121 3.8 -5.7
"30" "30" 1990-02-20 30.18 "LAL" "@" "SAS" "W" 1 0 27 0.506 0.5 4.1 9.1 6.5 0 0 0 15.5 21.1 92 120 2.9 -10
"31" "31" 1990-02-21 30.18 "LAL" "@" "DEN" "W" 2 0 22 0.59 0.5 0 7.7 4.9 6.6 4.4 2.3 9.7 20.5 118 105 8 2.9
"32" "32" 1990-02-23 30.19 "LAL" "" "PHI" "W" 6 0 19 0.604 0.556 15.8 5.1 9.2 0 2.6 0 8.5 27.9 120 121 8.8 -3.4
"33" "33" 1990-02-25 30.19 "LAL" "" "UTA" "L" -1 0 36 0.387 0.333 9.5 8.9 9.3 8.8 1.5 3.9 5.2 24.1 94 117 8.6 -2.3
"34" "34" 1990-02-28 30.2 "LAL" "@" "SEA" "W" 5 0 25 0.872 0.833 0 0 0 9.7 2.2 0 6.8 27.4 164 126 18.7 12.3
"35" "35" 1990-03-02 30.21 "LAL" "" "CLE" "W" 31 0 18 0.882 0.857 0 17 9.8 0 5.5 6.8 0 22.9 182 83 18 21.8
"36" "36" 1990-03-04 30.21 "LAL" "" "MIN" "W" 19 0 27 0.788 0.75 0 4.7 3 12.3 0 5.1 7 26 146 115 16.7 5.6
"37" "37" 1990-03-06 30.22 "LAL" "@" "HOU" "L" -17 0 31 0.594 0.538 0 14.7 6.6 12.8 3 0 6.5 20.6 115 107 12.7 4
"38" "38" 1990-03-07 30.22 "LAL" "@" "DAL" "W" 12 0 29 0.745 0.769 5.3 21.6 15 14.1 2 2.2 16.9 30.5 121 101 17.5 8
"39" "39" 1990-03-09 30.23 "LAL" "" "GSW" "W" 16 0 19 0.542 0.625 0 4.8 2.7 0 2.4 8.9 8.3 24.5 99 107 8.4 2
"40" "40" 1990-03-11 30.23 "LAL" "@" "ATL" "W" 8 0 25 0.644 0.5 0 9.1 4.8 9.5 0 0 20.5 16.8 125 133 5.8 -5.8
"41" "41" 1990-03-12 30.24 "LAL" "@" "CHH" "W" 5 0 25 0.463 0.333 10.4 9.1 9.7 5.5 2 0 0 15.5 115 107 7.5 -0.1
"42" "42" 1990-03-14 30.24 "LAL" "@" "PHI" "L" -6 0 29 0.601 0.667 0 4.4 2.1 10.3 1.8 6.4 7.9 19.8 111 120 9.9 2.1
"43" "43" 1990-03-15 30.24 "LAL" "@" "CLE" "L" -16 0 23 0.545 0.462 5.1 10.7 7.8 17.8 0 0 5.7 34.2 114 127 11.8 2.8
"44" "44" 1990-03-17 30.25 "LAL" "@" "MIN" "W" 2 0 25 0.333 0.333 0 20.4 12.2 6.2 2.3 2.3 0 11.8 78 108 3.3 -4
"45" "45" 1990-03-20 30.26 "LAL" "" "CHH" "W" 12 0 23 0.705 0.625 9.3 27.2 18.3 14.6 0 0 8.6 21.1 144 99 14.2 7.2
"46" "46" 1990-03-23 30.27 "LAL" "" "LAC" "W" 8 0 24 0.735 0.625 0 18.6 8.8 30.3 4 0 8.9 19 146 97 16.3 14.8
"47" "47" 1990-03-25 30.27 "LAL" "" "SEA" "W" 22 0 23 0.758 0.727 0 4.2 2.4 31.7 0 4.9 0 23.5 162 109 18 16.8
"48" "48" 1990-03-27 30.28 "LAL" "@" "POR" "L" -19 0 21 0.546 0.5 5.7 5.1 5.4 19.4 2.2 2.7 12 32.9 105 123 10.8 1.8
"49" "49" 1990-03-28 30.28 "LAL" "@" "LAC" "W" 7 0 26 0.425 0.3 10.3 15 12.6 20.3 6.2 0 7.8 23.7 104 103 10.1 1.7
"50" "50" 1990-03-30 30.28 "LAL" "" "POR" "W" 29 0 27 0.607 0.611 0 11.9 7 11 0 2 4.8 29.6 116 99 16.9 4.5
"51" "51" 1990-04-01 30.29 "LAL" "" "UTA" "W" 16 0 21 0.788 0.75 0 13.1 7.6 6.9 2.7 0 10.1 21.8 155 120 11.3 5.2
"52" "52" 1990-04-05 30.3 "LAL" "" "SAC" "W" 7 0 30 0.723 0.727 11.4 15.2 13.7 5.9 1.7 2 17.1 27.2 119 108 16.5 2.8
"53" "53" 1990-04-06 30.3 "LAL" "@" "PHO" "W" 4 0 30 0.427 0.5 9.6 10.7 10 5 1.8 0 0 11.7 107 111 5.2 -2.9
"54" "54" 1990-04-08 30.31 "LAL" "@" "DEN" "W" 7 0 24 0.37 0.1 0 8.9 4.5 15.4 0 0 27 32.1 68 111 -0.1 -16.2
"55" "55" 1990-04-09 30.31 "LAL" "" "DAL" "W" 7 0 19 0.4 0.4 0 29.4 14.5 16.3 2.6 5.9 37.5 17.7 61 101 3.2 -1.2
"56" "56" 1990-04-12 30.32 "LAL" "@" "UTA" "L" -3 0 25 0.431 0.4 13.7 11 12.5 0 4.2 5.3 0 18.6 112 108 8.5 3
"57" "57" 1990-04-13 30.32 "LAL" "" "GSW" "W" 12 0 25 0.694 0.714 0 13.7 7.1 9.7 0 1.9 9 16.6 132 115 11 1.9
"58" "58" 1990-04-15 30.33 "LAL" "" "HOU" "W" 11 0 12 0.436 0.333 0 0 0 0 0 0 12.7 26.7 83 103 1.2 -10.5
"59" "59" 1990-04-17 30.33 "LAL" "@" "SEA" "W" 1 0 20 0.5 0.5 6.3 6.3 6.3 0 0 0 42.9 16.5 61 120 -0.4 -12.9
"60" "60" 1990-04-19 30.34 "LAL" "" "MIN" "W" 24 0 31 0.773 0.786 0 3.2 2.1 11.1 0 1.8 11.8 24.8 136 109 17.2 6.4
"61" "61" 1990-04-21 30.35 "LAL" "@" "LAC" "W" 10 1 24 0.599 0.5 5.1 5.9 5.5 16.2 0 0 0 26 140 128 13.3 1.1
"62" "62" 1990-04-22 30.35 "LAL" "@" "POR" "L" -42 1 34 0.517 0.5 4.6 0 2.8 17.9 1.3 3.2 15.4 20.5 96 124 11.5 2.5
"1" "1" 1990-11-02 30.88 "DEN" "" "GSW" "L" -4 1 34 0.601 0.5 5.6 14.4 9.1 3.4 1 0 8.9 28 123 119 23.9 0.7
"2" "2" 1990-11-03 30.88 "DEN" "@" "DAL" "L" -30 1 29 0.512 0.412 3.7 11.3 7.4 29.7 1.5 1.6 0 27.7 119 127 18.6 5.5
"3" "3" 1990-11-06 30.89 "DEN" "@" "HOU" "L" -10 1 39 0.507 0.478 9.5 17.9 13.1 3 2.8 1.3 10.5 23.8 100 109 18.9 -1
"4" "4" 1990-11-07 30.89 "DEN" "@" "SAS" "L" -8 1 36 0.723 0.579 9.5 10.8 10.1 2.8 1.1 0 13.5 28.6 135 134 27.2 -1.5
"5" "5" 1990-11-09 30.9 "DEN" "" "SEA" "L" -6 1 35 0.612 0.571 4.4 19.6 11 11.6 1.2 0 3.9 23.4 135 114 24.1 6
"6" "6" 1990-11-10 30.9 "DEN" "@" "PHO" "L" -30 1 39 0.673 0.583 6.2 15.4 9.8 20.1 0.9 0 6.3 24.4 140 128 34.4 7.3
"7" "7" 1990-11-13 30.91 "DEN" "@" "POR" "L" -26 1 33 0.673 0.588 8.7 18.6 13.1 3.8 2.4 0 15.2 28.7 118 125 23.2 1.8
"8" "8" 1990-11-15 30.92 "DEN" "" "MIN" "W" 13 1 39 0.64 0.688 0 19.1 11.2 8.9 0 1.3 20.4 24.9 103 103 15.5 -1.4
"9" "9" 1990-11-17 30.92 "DEN" "" "POR" "L" -31 1 35 0.451 0.313 4.2 21.7 10.7 7.2 2.3 1.6 20 24.4 84 117 8.7 -5.3
"10" "10" 1990-11-19 30.93 "DEN" "" "LAL" "L" -17 1 33 0.588 0.545 13.5 9.7 11.8 11 2.8 0 13.6 34.8 110 116 21.6 7.3
"11" "11" 1990-11-21 30.93 "DEN" "@" "LAL" "L" -20 1 38 0.579 0.545 9.5 19.7 13.4 14.5 0 0 7.6 24.6 116 126 20.9 1.1
"12" "12" 1990-11-24 30.94 "DEN" "" "CHI" "L" -6 1 42 0.543 0.476 10.2 12.4 11.2 6.9 0 1.1 3.6 22.3 127 134 22.3 -2.9
"13" "13" 1990-11-27 30.95 "DEN" "" "ORL" "W" 11 1 40 0.618 0.6 8.3 10.9 9.7 3.2 3.3 1.1 8.1 22.5 125 101 23.4 5.2
"14" "14" 1990-11-29 30.95 "DEN" "" "SAC" "W" 8 1 39 0.614 0.526 12.7 20.1 16.3 7.5 3.2 2.5 0 22.4 147 105 33.4 11
"15" "15" 1990-12-01 30.96 "DEN" "" "LAC" "L" -16 1 40 0.584 0.55 7.4 15 10.6 6.9 2.9 2.4 22.6 25.5 95 107 18.6 -0.8
"16" "16" 1990-12-04 30.97 "DEN" "@" "CLE" "L" -4 1 41 0.607 0.545 2.4 18.2 10 6.3 1 1.2 13.6 27.2 109 110 20.7 -0.3
"17" "17" 1990-12-05 30.97 "DEN" "@" "BOS" "L" -8 1 41 0.489 0.444 7.8 13.9 10.3 10.2 3.8 0 3.3 24.3 114 117 22.6 1.3
"18" "18" 1990-12-07 30.98 "DEN" "@" "PHI" "L" -9 1 41 0.529 0.407 8.7 17.8 12.4 9.5 1 0 5.5 29 117 115 26.6 2.9
"19" "19" 1990-12-08 30.98 "DEN" "@" "CHH" "W" 7 1 38 0.678 0.652 0 11.7 6.1 15.8 0 0 19.8 28.3 110 109 20.4 0.5
"20" "20" 1990-12-11 30.99 "DEN" "" "WSB" "W" 3 1 39 0.59 0.542 6.8 13.1 9.7 7.9 2.2 1.2 9.7 28.5 116 110 24.1 3.1
"21" "21" 1990-12-13 30.99 "DEN" "@" "UTA" "L" -15 1 36 0.529 0.435 2.3 17.5 8.3 14.5 5.7 0 6.8 29 111 114 22.9 4
"22" "22" 1990-12-15 31 "DEN" "" "PHO" "L" -8 1 36 0.519 0.474 8.7 14.5 11.2 12.4 1.1 0 4.5 20.9 118 120 17.8 -1.2
"23" "23" 1990-12-19 31.01 "DEN" "@" "SAS" "L" -35 1 27 0.468 0.357 2.5 8.5 4.7 20.8 1.4 0 19 24.6 87 115 8.5 -3.4
"24" "24" 1991-02-12 31.16 "DEN" "@" "ORL" "L" -7 0 21 0.457 0.25 0 9.5 4.9 10.6 0 0 10.9 33.7 95 123 7 -11.1
"25" "25" 1991-02-14 31.16 "DEN" "@" "MIA" "L" -29 0 24 0.498 0.412 0 13.6 5.4 14.8 1.7 0 16.6 34.6 90 119 9 -4.9
"26" "26" 1991-02-15 31.17 "DEN" "@" "NJN" "L" -28 0 29 0.639 0.55 16.2 3.5 10.1 32.1 0 0 10.1 36 132 127 26.3 11.7
"27" "27" 1991-02-17 31.17 "DEN" "" "BOS" "L" -18 1 28 0.569 0.556 3.4 7.8 5.4 17.2 0 2 12.9 30.6 105 118 14.3 1.6
"28" "28" 1991-02-18 31.18 "DEN" "@" "MIN" "L" -14 1 41 0.629 0.579 7 11.9 9.5 7.3 0 1.3 17.3 28 112 128 18.6 -2.8
"29" "29" 1991-02-21 31.18 "DEN" "" "POR" "L" -11 1 34 0.462 0.368 23.5 10.7 17.2 12.8 2.6 0 15.6 26.6 103 110 15.9 1.5
"30" "30" 1991-02-23 31.19 "DEN" "" "GSW" "W" 5 1 39 0.828 0.824 7.2 5.1 6.2 7.1 2 0 16.3 20.8 143 120 27.8 5.2
"31" "31" 1991-02-24 31.19 "DEN" "@" "LAC" "L" -17 1 34 0.231 0.158 8.1 8 8 10.9 0 1.4 8.5 22.6 66 119 0.8 -11.7
"32" "32" 1991-02-26 31.2 "DEN" "" "HOU" "L" -30 1 36 0.601 0.524 2.1 17.3 9 5.5 3.3 0 3.9 24.5 126 102 24 9.4
"33" "33" 1991-02-28 31.2 "DEN" "" "LAL" "L" -13 1 31 0.44 0.364 3.6 10.3 7 3.9 1.5 1.8 0 17.6 103 115 8.7 -3.4
"34" "34" 1991-03-05 31.22 "DEN" "@" "ATL" "L" -12 1 33 0.649 0.636 10 5.5 7.9 8.2 1.3 0 14 30.7 117 126 22.8 3.5
"35" "35" 1991-03-07 31.22 "DEN" "@" "IND" "L" -20 1 27 0.397 0.333 5 6.1 5.5 4 2.8 0 5.4 22.2 90 117 7.6 -7.2
"36" "36" 1991-03-08 31.22 "DEN" "@" "ORL" "L" -16 1 36 0.453 0.412 0 13 5.2 7.9 1.2 1.5 21 24.5 75 117 5.6 -10.1
"37" "37" 1991-03-10 31.23 "DEN" "" "DAL" "W" 14 1 41 0.638 0.526 8 4.3 6 8 2.2 0 4 23.8 141 108 25.6 6
"38" "38" 1991-03-12 31.24 "DEN" "" "LAC" "L" -3 1 38 0.39 0.35 7.1 5.2 6.2 12.2 0 1.6 11.5 26.1 86 115 7.3 -7.9
"39" "39" 1991-03-15 31.24 "DEN" "@" "LAL" "L" -10 1 34 0.678 0.611 8.3 12.8 10.4 8.4 3.8 0 12.7 23.6 130 111 24.1 10.7
"40" "40" 1991-03-17 31.25 "DEN" "" "IND" "L" -38 1 29 0.526 0.583 2.4 24.7 11.3 12.1 5.9 0 18.4 19.1 92 106 11.6 3
"41" "41" 1991-03-18 31.25 "DEN" "@" "CHI" "L" -13 1 31 0.653 0.538 0 10.8 5.1 14.4 1.4 1.7 15.7 23.4 119 115 15.2 2.7
"42" "42" 1991-03-20 31.26 "DEN" "" "UTA" "L" -8 1 36 0.403 0.429 11.7 21.7 16 0 1.3 1.7 25.2 20.6 72 101 3.7 -7.4
"43" "43" 1991-03-29 31.28 "DEN" "" "SAC" "W" 18 1 33 0.622 0.429 9.9 23.6 16.2 10.6 1.4 2 17.2 26.3 124 114 19.1 -1
"44" "44" 1991-03-30 31.28 "DEN" "@" "SAS" "L" -14 1 26 0.485 0.429 10.3 12.3 11.2 5.6 0 0 22.2 30.5 87 119 6.3 -10.5
"45" "45" 1991-04-02 31.29 "DEN" "@" "DAL" "L" -7 1 34 0.586 0.5 11.3 10.3 10.9 3.5 0 0 5.8 19.8 127 128 13.4 -4.9
"46" "46" 1991-04-04 31.3 "DEN" "@" "MIN" "L" -12 1 34 0.589 0.5 0 6.6 3.4 4.2 2.6 1.5 4.9 23.3 122 125 17.2 0.2
"47" "47" 1991-04-08 31.31 "DEN" "@" "SEA" "L" -6 1 36 0.496 0.44 4.8 10.5 7.2 0 0 0 9.9 30.9 111 124 12.4 -2.9
"48" "48" 1991-04-12 31.32 "DEN" "@" "LAC" "L" -16 1 33 0.679 0.611 4.5 2.8 3.8 0 0 0 0 22.1 150 124 21.7 2.7
"49" "49" 1991-04-13 31.32 "DEN" "@" "UTA" "L" -11 1 27 0.635 0.643 3.1 14.4 7.5 0 0 0 16 24.8 108 114 10.8 -1.4
"50" "50" 1991-04-16 31.33 "DEN" "" "PHO" "L" -35 1 30 0.51 0.4 7.5 4.4 6.4 4.5 1.4 0 0 19.8 131 138 12.8 -1.5
"51" "51" 1991-04-18 31.34 "DEN" "@" "SAC" "L" -19 1 31 0.387 0.333 3.2 11.9 7.7 4.4 0 1.6 22 19.9 75 114 1.5 -12.1
"52" "52" 1991-04-19 31.34 "DEN" "" "SAS" "W" 3 1 34 0.588 0.526 2.4 10.6 5.7 8.3 3.7 0 20.7 28.3 102 105 15.7 1
"53" "53" 1991-04-21 31.35 "DEN" "@" "HOU" "L" -6 1 33 0.591 0.524 8.7 3.4 6.6 13.2 0 0 10.6 27.8 123 119 20.3 3.7
"1" "1" 1991-11-01 31.88 "DET" "" "MIL" "L" -10 1 16 0.25 0.25 0 6.4 3.4 9.4 0 0 20 13.6 51 121 -0.8 -14.6
"2" "2" 1991-11-02 31.88 "DET" "@" "ATL" "W" 2 0 10 0.5 0.5 10.2 9.2 9.7 0 0 0 20 21.1 85 91 0.8 -7.9
"3" "3" 1991-11-05 31.89 "DET" "" "CHH" "W" 24 0 27 0.574 0.6 16.2 20.7 18.4 4.9 3.3 0 7.6 18.7 118 83 12.6 4
"4" "4" 1991-11-09 31.9 "DET" "@" "NJN" "W" 10 0 17 0.697 0.667 0 13.1 6.7 0 0 3.6 21.8 32.6 107 104 8.2 3.3
"5" "5" 1991-11-10 31.9 "DET" "" "WSB" "W" 6 0 15 0.151 0 6.8 6 6.4 0 0 0 31.1 26.8 29 94 -4.4 -21.9
"6" "6" 1991-11-12 31.91 "DET" "@" "CHI" "L" -17 0 21 0.58 0.5 9.1 13.9 11 8.1 2.7 0 11.4 18.3 121 126 7.1 2
"7" "7" 1991-11-13 31.91 "DET" "@" "MIA" "L" -5 0 10 1 1 10.9 10.4 10.7 0 0 0 50 16.5 82 119 1.2 -11.2
"8" "8" 1991-11-15 31.92 "DET" "" "UTA" "W" 8 0 35 0.545 0.5 13.7 11.1 12.5 3.5 1.4 0 12.7 18.5 118 120 10.8 -2.9
"9" "9" 1991-11-16 31.92 "DET" "" "PHI" "L" -3 0 24 0.372 0.333 4.5 13.6 9.1 7.1 4.6 0 8.5 22 85 98 4.6 -2.3
"10" "10" 1991-11-18 31.92 "DET" "@" "IND" "L" -17 0 21 0.435 0.3 10.6 0 5.8 0 0 0 13.7 29.2 95 133 3.4 -10.7
"11" "11" 1991-11-20 31.93 "DET" "" "SEA" "L" -5 0 32 0.704 0.688 9.8 2.9 6.2 0 0 0 5.3 26 140 110 17.2 10.1
"12" "12" 1991-11-22 31.93 "DET" "" "NYK" "L" -9 0 20 0.638 0.6 0 5.7 2.9 0 0 0 7.8 27.1 114 106 8.1 3.1
"13" "13" 1991-11-23 31.94 "DET" "@" "CLE" "L" -7 0 16 0.474 0.5 6.8 0 3.5 0 0 0 10.6 27.3 90 117 2.9 -4.4
"14" "14" 1991-11-26 31.95 "DET" "@" "ATL" "W" 10 0 17 0.666 0.625 14.1 16.9 15.7 0 0 0 0 26.2 147 105 10.9 8.6
"15" "15" 1991-11-27 31.95 "DET" "" "ATL" "W" 9 0 18 0.406 0.364 12.4 13.3 12.9 0 0 0 0 30.9 106 110 5.1 -7.2
"16" "16" 1991-11-30 31.96 "DET" "@" "NYK" "L" -7 0 30 0.555 0.4 12 3.7 7.7 11.2 0 0 6.9 22.6 122 125 10.8 1.2
"17" "17" 1991-12-01 31.96 "DET" "" "HOU" "W" 7 0 15 0.613 1 0 13.6 7.7 9.8 0 0 19.7 16.2 99 103 3 -4.8
"18" "18" 1991-12-03 31.96 "DET" "" "IND" "L" -9 0 21 0.638 0.6 9.1 19.6 13.4 0 0 6.9 7.8 24.8 129 117 12.3 8.9
"19" "19" 1991-12-05 31.97 "DET" "" "CLE" "L" -9 0 23 0.581 0.5 0 4.4 2.3 7.6 0 0 0 28.3 132 133 11.2 3.7
"20" "20" 1991-12-06 31.97 "DET" "@" "WSB" "W" 11 0 33 0.543 0.462 4.4 14.5 10 0 1.6 1.9 24.2 28.4 91 101 7.3 -7.3
"21" "21" 1991-12-10 31.98 "DET" "@" "PHO" "L" -9 0 21 0.335 0.308 4.7 17.1 10.3 7.2 0 0 0 26.5 95 119 3.8 -5.3
"22" "22" 1991-12-11 31.99 "DET" "@" "LAC" "L" -5 0 14 0.521 0.5 8.2 0 4 0 0 0 41 16.1 70 116 0.3 -11.1
"23" "23" 1991-12-13 31.99 "DET" "@" "POR" "W" 10 1 21 0.833 0.833 0 9 5.6 27.2 0 0 33.3 18.6 110 108 7.4 2.3
"24" "24" 1991-12-14 31.99 "DET" "@" "UTA" "L" -2 1 43 0.684 0.692 5.4 14 9.2 8 1.2 0 0 17.2 146 114 19.5 5.6
"25" "25" 1991-12-16 32 "DET" "" "DEN" "W" 14 1 23 0.419 0.25 9.5 13.9 11.7 7 0 0 6.1 30 111 103 7.4 -2.9
"26" "26" 1991-12-18 32.01 "DET" "" "CHH" "W" 20 1 26 0.519 0.444 4 8.2 6.1 10.7 0 0 7.4 20.5 117 102 8 -4.4
"27" "27" 1991-12-20 32.01 "DET" "" "LAL" "W" 19 1 24 0.45 0.417 10.8 9.5 10.1 10.8 0 0 27.3 33.7 80 108 2.8 -15.2
"28" "28" 1991-12-26 32.03 "DET" "@" "ORL" "W" 12 1 24 0.651 0.667 5.1 4.9 5 7.1 2.1 0 27.1 26.2 96 111 7.6 -3.7
"29" "29" 1991-12-27 32.03 "DET" "" "ORL" "W" 12 1 26 0.533 0.556 0 11.5 6.1 5.6 3.8 0 8.8 18.9 99 95 7.7 -0.9
"30" "30" 1991-12-30 32.04 "DET" "" "PHO" "L" -7 1 28 0.4 0.286 8.6 7.3 7.9 0 0 0 0 13.7 105 124 4.5 -6.8
"31" "31" 1992-01-02 32.05 "DET" "@" "HOU" "W" 23 1 32 0.662 0.588 11.5 5.7 8.2 15 1.7 1.8 4.8 29.2 138 97 22.4 10.1
"32" "32" 1992-01-03 32.05 "DET" "@" "DAL" "W" 10 1 20 0.564 0.5 5.2 4.8 5 7.4 0 0 0 21.6 132 113 7.5 0.3
"33" "33" 1992-01-06 32.06 "DET" "@" "SAS" "L" -10 1 22 0.333 0.333 0 0 0 6 0 7.8 33.3 18.5 48 107 -0.8 -9.7
"34" "34" 1992-01-08 32.06 "DET" "" "SAC" "W" 19 1 24 0.843 0.818 0 11.5 6.7 8 1.9 2.3 6.8 26.2 153 93 20 12
"35" "35" 1992-01-10 32.07 "DET" "" "POR" "W" 5 1 16 0.333 0.333 0 24.5 12.1 12 0 0 0 25.3 76 90 2.4 -3.8
"36" "36" 1992-01-11 32.07 "DET" "" "NJN" "W" 2 1 24 0.526 0.5 4 5.6 4.7 16 0 0 18.4 29.2 93 101 6.2 -1.3
"37" "37" 1992-01-13 32.08 "DET" "" "DAL" "W" 3 1 27 0.451 0.429 0 3.2 1.7 15.2 0 0 10.7 33.8 83 101 4.9 -6.3
"38" "38" 1992-01-15 32.08 "DET" "@" "IND" "W" 14 1 25 0.645 0.6 5.3 9.1 7.4 11.8 0 0 6.7 26.5 132 117 12.7 1.6
"39" "39" 1992-01-19 32.09 "DET" "" "CHI" "L" -2 1 28 0.551 0.533 3.4 13.2 7.6 0 0 0 5.8 28.7 114 108 10.9 5.7
"40" "40" 1992-01-23 32.1 "DET" "@" "MIN" "W" 11 1 36 0.656 0.462 7.6 9.1 8.4 12.9 2.9 3.3 9.9 23.8 148 106 21.9 9.1
"41" "41" 1992-01-24 32.11 "DET" "@" "CHI" "L" -24 1 20 0.605 0.571 6.9 0 3.4 17.5 0 3.1 21.2 22.7 105 139 5.7 -3.3
"42" "42" 1992-01-26 32.11 "DET" "@" "BOS" "L" -15 1 34 0.599 0.588 4.2 4 4.1 0 1.6 0 9.4 30.1 110 127 13.1 -1.8
"43" "43" 1992-01-28 32.12 "DET" "@" "CHH" "W" 5 1 19 0.607 0.556 5.4 11.9 8.5 12.6 0 6.4 23.3 28.9 97 92 7.7 5.6
"44" "44" 1992-01-29 32.12 "DET" "" "CLE" "L" -5 1 35 0.557 0.523 5.6 3.1 4.4 31.3 4.4 1.7 0 28.9 131 101 22.7 17.6
"45" "45" 1992-01-31 32.13 "DET" "" "MIA" "W" 11 1 33 0.644 0.533 7.5 7.5 7.5 0 0 0 0 25.7 146 111 18.1 4.4
"46" "46" 1992-02-01 32.13 "DET" "@" "ATL" "W" 9 1 34 0.472 0.462 3.2 9.4 6.3 5.5 1.6 0 10.5 26.6 90 93 8.6 -0.7
"47" "47" 1992-02-05 32.14 "DET" "" "MIL" "W" 8 1 34 0.674 0.667 0 2.9 1.6 15.8 3.1 5.4 15.5 25.8 117 104 17.4 8.5
"48" "48" 1992-02-06 32.14 "DET" "@" "CLE" "W" 17 1 25 0.322 0.3 9.4 0 4.6 10 0 0 21.6 23.3 72 108 -0.2 -11.7
"49" "49" 1992-02-11 32.16 "DET" "@" "MIL" "L" -17 1 38 0.469 0.5 3.2 10 6.5 5.6 0 1.7 18.2 31.6 76 106 5.2 -6.7
"50" "50" 1992-02-13 32.16 "DET" "" "MIN" "L" -3 1 32 0.617 0.545 3.9 12.5 8.1 5.8 0 1.9 0 22.7 138 113 14.7 4.8
"51" "51" 1992-02-16 32.17 "DET" "@" "PHI" "W" 7 1 42 0.733 0.762 5.7 8 6.9 18.3 0 3.2 14.7 31.5 122 106 25.1 11.8
"52" "52" 1992-02-18 32.18 "DET" "" "ORL" "W" 22 1 29 0.501 0.412 3.1 3.4 3.2 5 1.6 2 0 27 116 98 14.1 1.9
"53" "53" 1992-02-19 32.18 "DET" "@" "NJN" "L" -4 1 23 0.342 0.333 0 7.3 4 0 2.2 2.3 21.5 17.1 57 111 1.1 -6.3
"54" "54" 1992-02-21 32.18 "DET" "@" "ORL" "W" 14 1 24 0.82 0.833 6.9 4.7 5.6 0 2 0 29.1 17.8 108 104 8 -1.3
"55" "55" 1992-02-22 32.19 "DET" "@" "MIA" "L" -9 1 23 0.583 0.583 0 0 0 0 6.6 0 14.3 26.6 96 107 8.6 1.8
"56" "56" 1992-02-25 32.19 "DET" "" "CHI" "W" 2 1 33 0.622 0.625 7.9 6.6 7.2 5.9 1.6 0 15.1 27 110 117 12.9 -0.1
"57" "57" 1992-02-27 32.2 "DET" "" "MIL" "W" 7 1 36 0.501 0.429 7.8 3 5.1 8.6 0 0 18.2 29 94 121 7.3 -11.1
"58" "58" 1992-02-29 32.21 "DET" "" "NJN" "L" -9 1 34 0.534 0.48 15.7 12 13.8 0 1.6 1.6 9.7 40.2 113 110 19.1 4.8
"59" "59" 1992-03-02 32.21 "DET" "" "WSB" "W" 10 1 27 0.617 0.545 17.8 10.2 14.2 12.5 0 0 6.1 29.7 136 115 15.9 6.1
"60" "60" 1992-03-04 32.22 "DET" "" "IND" "W" 3 1 38 0.446 0.333 5.1 7.3 6 9.4 0 0 8.2 26.2 108 114 8.8 -3.5
"61" "61" 1992-03-06 32.22 "DET" "@" "DEN" "W" 15 1 27 0.623 0.6 0 6.1 3.9 0 0 0 8.7 19 122 109 6.8 -4.6
"62" "62" 1992-03-08 32.23 "DET" "@" "LAL" "W" 5 1 33 0.591 0.563 12.1 6.5 9 5.4 3.3 0 5.3 26.8 122 107 15.4 3.9
"63" "63" 1992-03-10 32.23 "DET" "@" "SEA" "W" 6 1 24 0.698 0.714 5.6 5.6 5.6 6.5 0 2.7 20.2 19.5 112 115 8.1 2.6
"64" "64" 1992-03-12 32.24 "DET" "@" "GSW" "W" 7 1 31 0.56 0.529 3.4 10.1 6.7 4.7 1.5 0 12.8 29.1 105 108 13 -1.2
"65" "65" 1992-03-14 32.24 "DET" "@" "SAC" "W" 6 1 25 0.549 0.545 0 4 2.2 0 0 2.3 0 22.6 121 99 8.1 1.6
"66" "66" 1992-03-16 32.25 "DET" "" "ATL" "L" -12 1 25 0.37 0.357 8.9 0 5.5 0 0 3.2 11 34.1 75 109 2.3 -7.8
"67" "67" 1992-03-18 32.25 "DET" "" "PHI" "W" 6 1 27 0.46 0.4 8.1 8.5 8.3 0 6 0 15.5 20.5 98 91 7.2 2
"68" "68" 1992-03-20 32.26 "DET" "" "BOS" "L" -5 1 32 0.447 0.467 2.9 9.9 6.1 11.3 0 0 15.2 27.8 85 115 5.7 -4.7
"69" "69" 1992-03-22 32.27 "DET" "@" "CHH" "L" -12 1 26 0.574 0.5 0 0 0 0 0 0 7.6 22 117 126 7.2 -4.2
"70" "70" 1992-03-25 32.27 "DET" "" "GSW" "L" -4 1 27 0.407 0.385 13 4.6 8.9 0 0 2.5 11.9 27.5 84 115 4.4 -7.1
"71" "71" 1992-03-27 32.28 "DET" "@" "BOS" "L" -19 1 28 0.501 0.462 0 8.2 4.1 14.5 0 0 5.6 29.9 102 122 8.9 -1.2
"72" "72" 1992-03-29 32.28 "DET" "" "SAS" "W" 4 1 33 0.405 0.333 7.7 24.8 16.6 3.6 0 1.6 9.2 14.8 97 112 6.8 -5
"73" "73" 1992-03-31 32.29 "DET" "" "LAC" "L" -16 1 27 0.477 0.4 0 9.1 4.2 0 0 0 5.6 27.6 114 115 7.1 -1.9
"74" "74" 1992-04-03 32.3 "DET" "@" "WSB" "L" -34 1 28 0.291 0.25 3.4 20.8 10.3 29.7 3.7 0 0 20.8 84 123 7 -1
"75" "75" 1992-04-05 32.3 "DET" "" "MIA" "W" 24 1 24 0.838 0.833 5.4 4.4 4.9 11.8 2.3 0 11.4 17.9 148 96 12 6.4
"76" "76" 1992-04-07 32.31 "DET" "@" "NYK" "W" 9 1 38 0.576 0.538 3.9 7 5.6 7.6 1.5 0 6.3 19.3 128 112 11.8 1.2
"77" "77" 1992-04-08 32.31 "DET" "@" "PHI" "W" 18 1 14 0.2 0.2 0 0 0 9.6 0 0 16.7 21.6 47 101 -1.4 -16.4
"78" "78" 1992-04-10 32.32 "DET" "" "CHH" "W" 19 1 21 0.5 0.5 13.4 9.3 11.4 5.4 0 2.6 0 21.2 126 111 10.1 -1.1
"79" "79" 1992-04-12 32.32 "DET" "" "NYK" "W" 11 1 17 0.333 0.333 6.4 0 3 0 0 0 25 22.6 55 87 -1.1 -11
"80" "80" 1992-04-14 32.33 "DET" "@" "MIL" "W" 4 1 26 0.392 0.273 4.7 9.1 6.9 6.6 0 3.2 19 28.4 78 110 2.8 -9.8
"81" "81" 1992-04-15 32.33 "DET" "" "BOS" "L" -3 1 21 0.45 0.429 11.1 0 5.5 10.3 0 0 6.5 33.8 107 122 6.3 -2.5
"82" "82" 1992-04-19 32.34 "DET" "@" "CHI" "L" -18 1 21 0.556 0.556 12.4 7.1 9.9 11.7 2.7 3.4 10 22.6 112 120 8 5.9
"1" "1" 1992-11-06 32.89 "DET" "" "MIL" "L" -5 1 26 0.5 0.5 9.4 10.5 9.8 10.4 0 0 9.1 17.1 104 99 6.6 -0.5
"2" "2" 1992-11-07 32.9 "DET" "@" "IND" "W" 2 1 31 0.615 0.5 11.6 6.6 8.9 27.8 3.6 2.4 9.3 16.5 137 97 14.7 13.5
"3" "3" 1992-11-11 32.91 "DET" "@" "CHI" "L" -2 1 36 0.512 0.5 7.4 9.8 8.7 16.3 0 0 6.4 21.1 111 108 10 2
"4" "4" 1992-11-12 32.91 "DET" "" "MIA" "W" 7 1 37 0.618 0.583 11.8 7.4 9.5 4.3 1.5 1.9 12.7 20.2 119 100 13.7 4
"5" "5" 1992-11-14 32.92 "DET" "" "IND" "L" -4 1 40 0.432 0.4 5 14.1 8.8 11 0 0 0 19.6 106 114 8.6 -5.2
"6" "6" 1992-11-17 32.92 "DET" "@" "LAC" "L" -9 1 42 0.64 0.625 12.3 6.6 9 5.2 3.7 0 9.3 23.8 125 110 20.8 5.7
"7" "7" 1992-11-19 32.93 "DET" "@" "DEN" "L" -12 1 38 0.307 0.25 2.8 10.2 6.2 3.6 0 0 9.3 13.2 70 116 0.1 -11.7
"8" "8" 1992-11-21 32.93 "DET" "@" "SEA" "L" -37 1 28 0.457 0.429 3.1 21.4 10.8 10.2 1.6 0 6.1 22.5 102 130 9 -1.8
"9" "9" 1992-11-22 32.94 "DET" "@" "POR" "L" -25 0 24 0.383 0.4 0 22.2 11.1 12.9 1.9 0 14.5 23.5 72 105 3.1 -4.5
"10" "10" 1992-11-25 32.95 "DET" "" "CHH" "L" -4 1 26 0.405 0.333 11.5 8.2 9.9 11 0 0 28.8 21.2 75 108 1.8 -9.5
"11" "11" 1992-11-28 32.95 "DET" "@" "MIN" "L" -2 1 38 0.543 0.538 8.4 5.5 6.9 16.4 1.5 1.7 0 19 125 99 15.6 7.7
"12" "12" 1992-11-29 32.96 "DET" "" "NYK" "W" 16 1 29 0.512 0.375 6.8 0 3.5 21.6 0 2.3 23.5 18.7 98 95 5.2 -0.3
"13" "13" 1992-12-04 32.97 "DET" "@" "PHI" "W" 2 1 36 0.444 0.444 14.3 0 8 19.2 1.4 1.7 25 13.4 98 111 8.9 -1.4
"14" "14" 1992-12-05 32.97 "DET" "" "PHI" "W" 24 1 31 0.464 0.333 9.3 3.1 6.2 15.6 1.5 3.6 11.7 22.6 103 89 12 1.2
"15" "15" 1992-12-09 32.98 "DET" "" "ORL" "W" 5 1 33 0.618 0.583 0 3.4 1.7 8.9 1.6 0 17.9 21.5 110 113 9.9 -1.7
"16" "16" 1992-12-11 32.99 "DET" "" "CLE" "W" 4 1 27 0.468 0.4 16.9 0 9.7 27.9 0 0 14.5 21.8 110 116 9.5 0.3
"17" "17" 1992-12-12 32.99 "DET" "@" "NYK" "L" -7 1 33 0.506 0.5 4 3.2 3.6 15.2 1.7 0 8.4 17.4 108 117 8.3 1
"18" "18" 1992-12-15 33 "DET" "@" "ATL" "W" 13 1 30 0.538 0.5 0 3.5 1.9 16.1 3.4 2 25.2 29.8 84 99 8.3 -4.3
"19" "19" 1992-12-16 33 "DET" "" "ATL" "W" 1 1 34 0.488 0.5 2.9 5.9 4.4 4.8 0 2 7 18.6 100 99 6.7 -2.4
"20" "20" 1992-12-18 33.01 "DET" "" "IND" "W" 16 1 24 0.587 0.545 4.7 0 2.2 21.1 0 2.6 12.8 25.8 117 114 10.9 1.3
"21" "21" 1992-12-19 33.01 "DET" "@" "MIL" "W" 13 1 36 0.49 0.5 3.5 7.4 5.4 7.9 0 2 6.1 19.8 118 111 8.4 -2.8
"22" "22" 1992-12-22 33.02 "DET" "" "HOU" "W" 14 1 30 0.667 0.667 8.6 0 4.2 26.3 0 0 10 16.8 136 109 11.2 5.5
"23" "23" 1992-12-23 33.02 "DET" "@" "CHH" "L" -12 1 31 0.385 0.385 3.2 10.8 6.7 9 0 0 0 17.4 92 111 4.3 -6.2
"24" "24" 1992-12-26 33.03 "DET" "@" "WSB" "W" 2 1 29 0.463 0.455 3.6 0 1.9 19.6 0 2.1 7.8 19.6 106 114 7.7 -1.6
"25" "25" 1992-12-28 33.03 "DET" "@" "CLE" "L" -9 1 27 0.417 0.417 11.9 0 6.6 12.6 0 2.4 7.7 24.1 95 129 5.6 -6.3
"26" "26" 1992-12-30 33.04 "DET" "" "WSB" "W" 8 1 41 0.676 0.667 5.6 2.7 4.1 10.8 0 2.9 0 23.8 147 124 23.9 5.7
"27" "27" 1993-01-02 33.05 "DET" "@" "ORL" "W" 1 1 20 0.291 0.333 0 10.7 6.1 7.7 0 0 22.5 19.7 48 101 -1.3 -11.7
"28" "28" 1993-01-05 33.05 "DET" "@" "MIA" "L" -6 1 28 0.512 0.5 7.5 0 4 6.3 2 2.5 9.3 18.1 104 105 6.4 -0.8
"29" "29" 1993-01-06 33.06 "DET" "" "LAC" "W" 7 1 33 0.568 0.545 8.1 8.9 8.6 19.5 0 1.6 12.4 21.7 123 116 13.6 2.4
"30" "30" 1993-01-08 33.06 "DET" "" "ATL" "L" -9 1 36 0.557 0.5 0 0 0 19.8 0 0 8.8 29.2 113 125 13.2 -0.5
"31" "31" 1993-01-09 33.07 "DET" "" "GSW" "L" -4 1 34 0.17 0.2 2.2 15.7 7.1 4.3 0 2.2 20.3 15.5 39 107 -4.3 -11.4
"32" "32" 1993-01-11 33.07 "DET" "" "SAS" "L" -18 1 26 0.518 0.5 6.5 4.2 5.5 12.8 2 0 6.9 22.7 112 122 10.1 2.6
"33" "33" 1993-01-13 33.08 "DET" "" "DAL" "W" 16 1 26 0.635 0.571 0 9.9 5.4 15.1 1.8 0 11.3 14 127 97 8.5 0.8
"34" "34" 1993-01-14 33.08 "DET" "@" "ATL" "L" -17 1 32 0.705 0.667 11.3 23.3 17.6 6.8 1.5 1.9 19.7 26.9 115 107 17.9 7.1
"35" "35" 1993-01-16 33.08 "DET" "@" "PHI" "L" -15 1 26 0.663 0.6 3.1 9.2 5.6 5 0 2.1 8.1 18.2 137 133 11.3 0.5
"36" "36" 1993-01-19 33.09 "DET" "@" "DAL" "L" -10 1 30 0.513 0.364 3 8.6 5.3 17.4 3.3 0 0 19 124 114 12.5 3.1
"37" "37" 1993-01-21 33.1 "DET" "@" "HOU" "L" -6 1 31 0.581 0.5 0 0 0 3.9 0 2.6 0 17.6 134 135 10.6 -3
"38" "38" 1993-01-22 33.1 "DET" "@" "SAS" "L" -14 1 24 0.4 0.4 4.3 5.1 4.7 5.4 0 0 0 17.5 98 129 3.9 -5.5
"39" "39" 1993-01-25 33.11 "DET" "" "PHO" "L" -2 1 24 0.607 0.667 4.1 9.5 6.6 14.6 0 0 0 15.9 134 121 9.5 2
"40" "40" 1993-01-27 33.12 "DET" "" "BOS" "W" 9 1 11 0.254 0.143 0 12.5 5.4 0 0 0 0 31.7 71 112 -0.6 -18.5
"41" "41" 1993-01-29 33.12 "DET" "" "MIN" "W" 9 0 25 0.436 0.333 21.3 22.9 22.2 14.7 0 5.1 0 12.6 133 108 9.2 2.6
"42" "42" 1993-01-30 33.12 "DET" "@" "IND" "L" -4 0 32 0.776 0.762 7 6.5 6.7 0 0 0 11.5 36.5 135 119 24.7 10.2
"43" "43" 1993-02-05 33.14 "DET" "@" "CLE" "L" -20 1 30 0.454 0.385 9.6 4.1 7.2 10.7 5.1 0 6.5 22.2 102 110 10.5 4
"44" "44" 1993-02-07 33.15 "DET" "" "SEA" "L" -2 1 24 0.465 0.333 0 9.5 5.1 0 2.1 0 8.5 22 93 109 5.5 -4.3
"45" "45" 1993-02-09 33.15 "DET" "" "MIA" "L" -1 1 34 0.681 0.625 15.1 3.3 8 0 0 0 9.5 29.1 129 120 17.6 0.7
"46" "46" 1993-02-10 33.15 "DET" "@" "NJN" "L" -23 1 20 0.359 0.375 3.9 5.7 4.7 0 0 2.9 17 23.4 67 118 0.7 -9
"47" "47" 1993-02-12 33.16 "DET" "" "NJN" "W" 9 1 28 0.438 0.438 3.7 8.2 5.8 18.4 0 2.3 11.1 29.2 86 106 6.9 -5.8
"48" "48" 1993-02-14 33.16 "DET" "@" "CHH" "L" -10 1 26 0.335 0.3 10.9 20 14.7 23.4 0 0 22.3 20.9 80 115 5 -4
"49" "49" 1993-02-16 33.17 "DET" "" "ORL" "W" 4 1 21 0.2 0.2 0 7.9 2.9 0 2.5 0 0 20.2 50 116 -1.7 -16.5
"50" "50" 1993-02-17 33.17 "DET" "@" "MIA" "L" -4 1 19 0.394 0.375 0 0 0 0 0 0 10.1 21 81 128 0.4 -13.3
"51" "51" 1993-04-08 33.31 "MIL" "" "MIA" "L" -25 0 12 1.017 1 9.5 0 5.1 21.1 0 0 53.8 28.2 82 141 2.7 -10.3
"52" "52" 1993-04-12 33.32 "MIL" "@" "MIA" "L" -11 0 4 0.667 0.667 0 0 0 0 0 0 0 33.3 133 126 2.3 4.5
"53" "53" 1993-04-13 33.32 "MIL" "@" "ORL" "L" -19 0 19 0.479 0.5 0 14.3 7.2 0 2.7 3.5 0 23.9 94 112 6.4 -1.3
"54" "54" 1993-04-15 33.33 "MIL" "" "CLE" "L" -15 0 16 0.514 0.429 0 13.3 5.9 0 0 3.9 0 21.9 113 114 5.8 0.8
"55" "55" 1993-04-18 33.34 "MIL" "" "IND" "L" -10 0 6 0.615 0.5 26.7 0 11.8 0 0 0 29.1 29.1 101 138 1.3 -13.3
"56" "56" 1993-04-21 33.35 "MIL" "@" "CHH" "L" -8 0 9 0.515 0.333 11.1 18.4 13.9 13.4 0 0 0 17.8 134 127 4 1.1
"57" "57" 1993-04-23 33.35 "MIL" "@" "ATL" "L" -16 0 5 0 0 0 0 0 0 0 0 50 17.4 0 135 -2.1 -31.2
"58" "58" 1993-04-24 33.35 "MIL" "" "CHH" "L" -2 0 7 0.75 0.75 0 0 0 30.6 0 0 0 23.2 159 121 5.1 14.5
"1" "1" 1993-11-15 33.92 "PHI" "" "HOU" "L" -4 0 14 0.347 0.333 9 7.8 8.4 0 0 5.9 0 30.1 79 103 1.9 -7.4
"2" "2" 1993-11-17 33.92 "PHI" "" "ATL" "L" -2 0 32 0.272 0.25 12.8 12.2 12.5 9.5 1.6 2.2 23.7 22 62 100 0.5 -11.6
"3" "3" 1993-11-19 33.93 "PHI" "" "UTA" "W" 9 0 28 0.705 0.583 16.1 19.9 18.3 5 0 2 10.1 32.2 140 121 20.8 1.3
"4" "4" 1993-11-21 33.93 "PHI" "@" "DET" "L" -14 0 23 0.46 0.4 9.7 11 10.3 8.1 0 3.1 15.5 25.2 89 112 4.8 -7.3
"5" "5" 1993-11-24 33.94 "PHI" "@" "IND" "W" 11 0 29 0.595 0.6 9.7 18.4 14.2 4.1 0 4.7 14.5 11.1 116 107 7.2 -2.6
"6" "6" 1993-11-26 33.95 "PHI" "" "GSW" "L" -12 0 17 0.355 0.375 12 6.6 9.4 0 0 0 0 21.8 88 120 2.5 -10.2
"7" "7" 1993-11-27 33.95 "PHI" "@" "ATL" "L" -32 0 31 0.363 0.25 8.9 14.1 11.6 6.6 0 3.4 0 17 102 110 8.1 0.5
"8" "8" 1993-11-30 33.96 "PHI" "" "SEA" "L" -12 0 27 0.333 0.333 0 9.4 4.9 6.7 2 0 30.8 23 48 105 -1.6 -14.4
"9" "9" 1993-12-04 33.97 "PHI" "" "SAS" "L" -8 0 20 0.457 0.429 8.9 14.1 10.9 0 0 0 0 20.5 102 105 3.9 -4.7
"10" "10" 1993-12-08 33.98 "PHI" "" "CHI" "W" 7 0 14 0.41 0.25 0 24.2 12.8 0 0 4.6 17 19.2 74 88 1.4 -8.9
"11" "11" 1993-12-10 33.98 "PHI" "" "SAC" "L" -6 0 20 0.507 0.5 10.9 11.7 11.3 7.9 2.5 3 25.3 25.4 83 114 4.8 -9.2
"12" "12" 1993-12-11 33.99 "PHI" "@" "MIL" "W" 13 0 31 0.631 0.636 4.7 22.6 15.3 22 3.5 4.6 25.2 23.9 104 88 12.7 5.5
"13" "13" 1993-12-13 33.99 "PHI" "@" "BOS" "L" -5 0 34 0.546 0.5 9.8 3.3 6.6 14.8 0 0 21.5 22.5 102 123 8.9 -7.8
"14" "14" 1993-12-15 34 "PHI" "" "DEN" "W" 8 0 26 0.322 0.25 7.2 7.4 7.3 16.6 0 0 17.7 17.9 81 104 1.7 -9.5
"15" "15" 1993-12-17 34 "PHI" "" "LAL" "W" 11 0 24 0.691 0.615 0 12.8 6.8 0 0 2.8 6.2 30 134 105 14.9 4.4
"16" "16" 1993-12-18 34.01 "PHI" "@" "MIA" "L" -23 0 23 0.564 0.5 0 0 0 7.8 0 0 17 23.7 96 130 4.9 -5.4
"17" "17" 1993-12-20 34.01 "PHI" "" "DET" "W" 29 0 21 0.5 0.5 7.6 13.7 11.4 18.5 0 2.8 14.3 15 112 100 5.2 -5.3
"18" "18" 1993-12-22 34.02 "PHI" "" "MIA" "L" -8 0 23 0.521 0.5 5.5 0 2.8 0 0 0 0 11.2 117 120 2.3 -7.4
"19" "19" 1993-12-27 34.03 "PHI" "@" "LAC" "L" -10 0 16 0.231 0 10.3 20.3 15.4 9.1 0 0 0 21.6 71 94 1.1 -10.2
"20" "20" 1993-12-28 34.03 "PHI" "@" "GSW" "W" 17 0 29 0.735 0.7 3.8 0 1.8 9.9 1.6 0 15.5 17.8 129 95 12.1 4.6
"21" "21" 1993-12-30 34.04 "PHI" "@" "PHO" "L" -12 0 26 0.463 0.5 0 4.2 2.2 14 1.9 0 18.8 18.7 84 127 4 -8
"22" "22" 1994-01-02 34.05 "PHI" "@" "DEN" "W" 16 0 26 0.524 0.4 0 16.1 9.2 17.7 0 2.5 28.2 18.5 90 89 4.3 -3.1
"23" "23" 1994-01-04 34.05 "PHI" "@" "SAS" "L" -23 0 19 0.255 0.2 0 6.8 2.8 0 5.4 3.3 0 13.5 59 108 1.3 -5.6
"24" "24" 1994-01-07 34.06 "PHI" "@" "DAL" "W" 10 0 23 0.405 0 5.4 17.8 12.1 5.6 0 0 21.3 18.8 81 104 2.1 -12.4
"25" "25" 1994-01-08 34.06 "PHI" "@" "HOU" "L" -7 0 34 0.512 0.375 0 9.6 4.7 9.2 1.5 0 9.3 14.5 101 107 7.1 -4
"26" "26" 1994-01-10 34.07 "PHI" "" "BOS" "W" 5 0 16 0.4 0.4 10.9 5.8 8.4 0 3.2 0 0 26.7 95 101 4.9 -4.6
"27" "27" 1994-01-12 34.07 "PHI" "" "LAC" "W" 19 0 26 0.68 0.6 5.8 14.2 10.4 10.3 1.8 5.4 14.5 22.8 126 95 13.6 3.1
"28" "28" 1994-01-14 34.08 "PHI" "" "IND" "W" 2 0 31 0.579 0.444 4.4 10.9 8 0 0 0 18.8 25.2 100 110 6.9 -7.5
"29" "29" 1994-01-15 34.08 "PHI" "@" "CLE" "L" -43 0 25 0.125 0.125 0 15.2 7.2 8.3 2 0 33.3 21.4 20 116 -5.4 -18.5
"30" "30" 1994-01-17 34.09 "PHI" "@" "CHI" "L" -30 0 18 0.333 0.333 0 6.8 3.6 17.4 0 0 25 20.6 63 135 -0.1 -14.4
"31" "31" 1994-01-19 34.09 "PHI" "@" "CHH" "L" -12 0 28 0.623 0.6 3.7 12.5 7.9 10.5 0 0 8.7 16.5 122 114 8.8 -0.9
"32" "32" 1994-01-22 34.1 "PHI" "" "ORL" "L" -9 0 34 0.563 0.563 10.6 18.1 14.3 8 0 3.7 18.4 27.8 100 123 12 -4.4
"33" "33" 1994-01-23 34.1 "PHI" "@" "NYK" "W" 7 0 25 0.372 0.333 4.6 4.4 4.5 13.1 0 2.7 8.5 21.1 83 106 4.2 -2.3
"34" "34" 1994-01-26 34.11 "PHI" "" "DAL" "W" 14 0 25 0.593 0.5 8.7 12 10.4 6.8 4 0 19.2 28.5 103 92 11.2 -0.6
"35" "35" 1994-01-28 34.12 "PHI" "" "PHO" "L" -5 0 36 0.578 0.526 11.1 13.7 12.3 13.5 0 8.4 4.6 26.3 128 113 22.1 10.9
"36" "36" 1994-01-29 34.12 "PHI" "" "MIL" "W" 5 0 36 0.548 0.5 5.3 10.3 7.5 16 1.4 0 6.1 19.6 119 102 14.2 1.8
"37" "37" 1994-02-02 34.13 "PHI" "" "CLE" "L" -8 0 36 0.58 0.5 8.7 7 7.9 8.1 3.1 1.6 16.2 22.4 116 119 14.2 2.1
"38" "38" 1994-02-04 34.14 "PHI" "" "WSB" "L" -7 0 30 0.379 0.364 7 7.1 7 5.1 0 0 14.4 21.4 77 120 1.6 -14.4
"39" "39" 1994-02-09 34.15 "PHI" "" "NYK" "L" -35 0 17 0.512 0.5 0 5.9 3 33.4 0 0 17 14.7 101 124 3.6 -0.9
"40" "40" 1994-02-15 34.17 "PHI" "@" "SEA" "L" -28 0 19 0.635 0.571 7.4 13.5 11.2 30.1 0 0 11.3 39.6 117 132 14.4 3.6
"41" "41" 1994-02-16 34.17 "PHI" "@" "SAC" "L" -2 0 33 0.583 0.6 0 6.1 3.1 7.8 1.6 1.9 16.3 26.2 93 98 8.3 -3
"42" "42" 1994-02-18 34.18 "PHI" "@" "POR" "L" -16 0 28 0.418 0.333 6.9 6.9 6.9 9.3 3.4 0 31.7 23 68 107 3.1 -9.4
"43" "43" 1994-02-20 34.18 "PHI" "@" "LAL" "L" -12 0 24 0.5 0.5 8.3 8.5 8.4 26.1 0 0 22.2 31.2 85 112 6.3 -6.4
"44" "44" 1994-02-21 34.18 "PHI" "@" "UTA" "L" -27 0 20 0.222 0.222 0 7.1 3.2 7 0 0 10 21.5 50 127 -2.7 -19.8
"45" "45" 1994-02-23 34.19 "PHI" "" "NJN" "L" -4 0 28 0.407 0.308 3.9 4.2 4 5 1.8 4.6 0 23.2 98 111 7.8 -0.9
"46" "46" 1994-02-25 34.19 "PHI" "" "MIA" "L" -31 0 19 0 0 0 0 0 0 0 0 0 16.2 0 134 -6.5 -25.1
"47" "47" 1994-02-26 34.2 "PHI" "" "ATL" "L" -16 0 25 0.615 0.5 4.4 25.6 13 30.7 6.1 0 23.5 23.2 108 115 12.2 5.1
"48" "48" 1994-03-01 34.21 "PHI" "" "WSB" "L" -6 0 30 0.621 0.6 14.2 14.2 14.2 11.6 0 3.7 13.9 30.7 119 116 17.9 4.9
"49" "49" 1994-03-03 34.21 "PHI" "@" "CLE" "L" -8 0 20 0.601 0.571 5 10.9 7.8 8.2 0 0 10.7 21.3 116 114 6.9 -0.4
"50" "50" 1994-03-05 34.22 "PHI" "@" "MIA" "L" -37 0 16 0.514 0.571 5.5 8.6 6.7 14.3 0 0 10.2 26.1 99 138 4.4 -3.2
"51" "51" 1994-03-06 34.22 "PHI" "@" "NJN" "L" -27 0 27 0.543 0.462 14.4 3.9 8.6 6.8 0 0 20.4 31.4 97 136 8.2 -7.8
"52" "52" 1994-03-09 34.23 "PHI" "" "ORL" "L" -16 0 38 0.601 0.556 0 10.5 5.3 13.8 3.9 3 20.5 16.1 105 114 13.1 2.2
"53" "53" 1994-03-11 34.23 "PHI" "@" "ORL" "L" -7 0 33 0.495 0.5 9.7 13.2 11.4 5 3.3 0 0 24.9 114 122 13.2 -0.6
"54" "54" 1994-03-13 34.24 "PHI" "@" "WSB" "W" 17 0 38 0.444 0.333 0 11.5 6.2 6.5 1.3 3.4 6.4 17.2 97 96 8.6 -3.1
"55" "55" 1994-03-15 34.24 "PHI" "@" "MIN" "L" -9 0 11 0.5 0.5 0 0 0 0 0 0 0 8.6 98 115 0.2 -14.1
"56" "56" 1994-03-18 34.25 "PHI" "" "MIN" "L" -2 0 24 0.56 0.538 4.4 15.8 9.6 17.4 0 0 11.1 36.2 104 120 10.7 -2.2
"57" "57" 1994-03-20 34.26 "PHI" "@" "MIL" "L" -2 0 34 0.615 0.588 3.9 6.7 5.4 15.2 1.5 1.7 10.1 27.7 114 115 16.4 -0.9
"58" "58" 1994-03-22 34.26 "PHI" "@" "CHH" "L" -34 0 26 0.444 0.333 7.1 11.3 9.1 0 0 1.9 6.4 24.3 99 124 7.4 -2.3
"59" "59" 1994-03-23 34.27 "PHI" "" "CHI" "L" -12 0 30 0.555 0.5 9.6 4.7 7.6 30.8 1.6 2.1 24.6 29.1 91 103 9.9 0.6
"60" "60" 1994-03-25 34.27 "PHI" "" "CLE" "L" -17 1 31 0.505 0.5 3.2 4.2 3.6 20.5 0 2.3 13.4 22.4 97 127 7.6 -4.3
"61" "61" 1994-03-27 34.28 "PHI" "@" "BOS" "L" -2 0 37 0.603 0.571 5.8 17.9 11.3 12.8 2.7 0 16 20.5 111 114 14 -0.2
"62" "62" 1994-03-29 34.28 "PHI" "@" "CHI" "L" -3 0 28 0.587 0.455 4.5 8.8 6.7 10.3 0 0 6.8 25.1 121 125 11.2 -3.6
"63" "63" 1994-04-01 34.29 "PHI" "" "POR" "L" -11 0 31 0.682 0.636 3.4 11.1 7 28.5 0 0 16.3 26.6 122 123 15 2.7
"64" "64" 1994-04-03 34.3 "PHI" "" "BOS" "L" -23 0 30 0.548 0.5 3.5 13.9 8.7 20.5 0 3.2 18.8 28.8 98 128 12.7 -3.8
"65" "65" 1994-04-06 34.3 "PHI" "" "MIL" "W" 1 0 36 0.684 0.658 16.3 15.9 16.1 20.5 1.3 3.6 8.6 26.8 135 111 26.7 9.1
"66" "66" 1994-04-08 34.31 "PHI" "" "NYK" "W" 3 0 33 0.602 0.545 7.9 15.2 12 32 1.6 3.5 11.8 23.9 123 103 17.8 6.6
"67" "67" 1994-04-09 34.31 "PHI" "" "CHH" "L" -5 0 32 0.512 0.462 0 22.6 10.4 13.1 1.6 3.5 16.1 24.7 97 116 10.2 -2.5
"68" "68" 1994-04-12 34.32 "PHI" "@" "DET" "W" 27 0 24 0.593 0.6 0 14 8.2 24.2 2 0 4.9 36.5 117 105 16.9 -0.3
"69" "69" 1994-04-13 34.32 "PHI" "" "IND" "L" -28 0 25 0.466 0.5 0 4.5 1.9 28.1 0 0 13.4 26.1 86 127 4.4 -5.7
"70" "70" 1994-04-16 34.33 "PHI" "@" "ATL" "L" -29 0 24 0.577 0.563 18.5 9.8 14.7 9.5 0 2.2 18 37.6 101 128 13.7 2.3
"71" "71" 1994-04-19 34.34 "PHI" "" "NJN" "L" -5 0 29 0.487 0.455 0 13.5 8 9.3 1.7 5.9 19.6 23.5 83 114 7.4 -4.5
"72" "72" 1994-04-21 34.35 "PHI" "@" "NYK" "L" -48 0 27 0.358 0.333 0 7.7 3.6 8 0 6.3 5.6 29.2 75 138 3.9 -7.5
"73" "73" 1994-04-22 34.35 "PHI" "@" "IND" "L" -45 0 23 0.356 0.3 3.5 4.7 4 0 0 2.3 7.3 23.2 73 128 1.9 -10.8
"74" "74" 1994-04-24 34.35 "PHI" "" "DET" "W" 8 0 29 0.64 0.647 10.8 21.9 16.7 25.7 1.6 0 0 27.4 137 100 23.7 11.3
