player,min,VORP,id,opp_id,season_id,win,year,adj_VORP,avg_VORP,link
mccraro01,47,17.7,198611010HOU-HOU,198611010HOU-LAL,HOU-1987,1,1987,831.9,92.84166666666667,mccraro01-1987
olajuha01,44,8.1,198611010HOU-HOU,198611010HOU-LAL,HOU-1987,1,1987,356.4,92.84166666666667,olajuha01-1987
wiggimi01,33,-3.4,198611010HOU-HOU,198611010HOU-LAL,HOU-1987,1,1987,-112.2,92.84166666666667,wiggimi01-1987
peterji01,29,0.5,198611010HOU-HOU,198611010HOU-LAL,HOU-1987,1,1987,14.5,92.84166666666667,peterji01-1987
leaveal01,25,-3.2,198611010HOU-HOU,198611010HOU-LAL,HOU-1987,1,1987,-80,92.84166666666667,leaveal01-1987
reidro01,23,6,198611010HOU-HOU,198611010HOU-LAL,HOU-1987,1,1987,138,92.84166666666667,reidro01-1987
anderri01,19,1.2,198611010HOU-HOU,198611010HOU-LAL,HOU-1987,1,1987,22.8,92.84166666666667,anderri01-1987
lloydle01,14,-4.3,198611010HOU-HOU,198611010HOU-LAL,HOU-1987,1,1987,-60.199999999999996,92.84166666666667,lloydle01-1987
feitlda01,3,1.3,198611010HOU-HOU,198611010HOU-LAL,HOU-1987,1,1987,3.9000000000000004,92.84166666666667,feitlda01-1987
harrist01,1,-0.9,198611010HOU-HOU,198611010HOU-LAL,HOU-1987,1,1987,-0.9,92.84166666666667,harrist01-1987
henryco01,1,0,198611010HOU-HOU,198611010HOU-LAL,HOU-1987,1,1987,0,92.84166666666667,henryco01-1987
johnsbu01,1,-0.1,198611010HOU-HOU,198611010HOU-LAL,HOU-1987,1,1987,-0.1,92.84166666666667,johnsbu01-1987
chambto01,46,4.6,198611040SEA-SEA,198611040SEA-LAL,SEA-1987,0,1987,211.6,23.8,chambto01-1987
ellisda01,33,5.9,198611040SEA-SEA,198611040SEA-LAL,SEA-1987,0,1987,194.70000000000002,23.8,ellisda01-1987
mcdanxa01,30,-1.2,198611040SEA-SEA,198611040SEA-LAL,SEA-1987,0,1987,-36,23.8,mcdanxa01-1987
listeal01,28,-2.1,198611040SEA-SEA,198611040SEA-LAL,SEA-1987,0,1987,-58.800000000000004,23.8,listeal01-1987
hendege01,25,-1.6,198611040SEA-SEA,198611040SEA-LAL,SEA-1987,0,1987,-40,23.8,hendege01-1987
stanste01,14,2.3,198611040SEA-SEA,198611040SEA-LAL,SEA-1987,0,1987,32.199999999999996,23.8,stanste01-1987
youngda01,14,-0.1,198611040SEA-SEA,198611040SEA-LAL,SEA-1987,0,1987,-1.4000000000000001,23.8,youngda01-1987
phelpmi01,13,2.3,198611040SEA-SEA,198611040SEA-LAL,SEA-1987,0,1987,29.9,23.8,phelpmi01-1987
johnscl01,13,-2,198611040SEA-SEA,198611040SEA-LAL,SEA-1987,0,1987,-26,23.8,johnscl01-1987
schoeru01,12,-2,198611040SEA-SEA,198611040SEA-LAL,SEA-1987,0,1987,-24,23.8,schoeru01-1987
willike01,12,-1.7,198611040SEA-SEA,198611040SEA-LAL,SEA-1987,0,1987,-20.4,23.8,willike01-1987
scottby01,40,5.2,198611070LAL-LAL,198611070LAL-DEN,LAL-1987,1,1987,208,79.66,scottby01-1987
johnsma02,34,6,198611070LAL-LAL,198611070LAL-DEN,LAL-1987,1,1987,204,79.66,johnsma02-1987
worthja01,32,8.7,198611070LAL-LAL,198611070LAL-DEN,LAL-1987,1,1987,278.4,79.66,worthja01-1987
abdulka01,30,2,198611070LAL-LAL,198611070LAL-DEN,LAL-1987,1,1987,60,79.66,abdulka01-1987
coopemi01,21,5.5,198611070LAL-LAL,198611070LAL-DEN,LAL-1987,1,1987,115.5,79.66,coopemi01-1987
matthwe01,21,-3.9,198611070LAL-LAL,198611070LAL-DEN,LAL-1987,1,1987,-81.89999999999999,79.66,matthwe01-1987
rambiku01,20,-0.3,198611070LAL-LAL,198611070LAL-DEN,LAL-1987,1,1987,-6,79.66,rambiku01-1987
brickfr01,18,-1.4,198611070LAL-LAL,198611070LAL-DEN,LAL-1987,1,1987,-25.2,79.66,brickfr01-1987
thompbi01,18,2.3,198611070LAL-LAL,198611070LAL-DEN,LAL-1987,1,1987,41.4,79.66,thompbi01-1987
brancad01,6,0.4,198611070LAL-LAL,198611070LAL-DEN,LAL-1987,1,1987,2.4000000000000004,79.66,brancad01-1987
johnsma02,31,11.1,198611090LAL-LAL,198611090LAL-NYK,LAL-1987,1,1987,344.09999999999997,51.99999999999999,johnsma02-1987
worthja01,30,5.2,198611090LAL-LAL,198611090LAL-NYK,LAL-1987,1,1987,156,51.99999999999999,worthja01-1987
abdulka01,28,1.4,198611090LAL-LAL,198611090LAL-NYK,LAL-1987,1,1987,39.199999999999996,51.99999999999999,abdulka01-1987
rambiku01,24,1.5,198611090LAL-LAL,198611090LAL-NYK,LAL-1987,1,1987,36,51.99999999999999,rambiku01-1987
scottby01,23,2,198611090LAL-LAL,198611090LAL-NYK,LAL-1987,1,1987,46,51.99999999999999,scottby01-1987
matthwe01,22,-7.9,198611090LAL-LAL,198611090LAL-NYK,LAL-1987,1,1987,-173.8,51.99999999999999,matthwe01-1987
coopemi01,21,10,198611090LAL-LAL,198611090LAL-NYK,LAL-1987,1,1987,210,51.99999999999999,coopemi01-1987
thompbi01,18,-2.7,198611090LAL-LAL,198611090LAL-NYK,LAL-1987,1,1987,-48.6,51.99999999999999,thompbi01-1987
brickfr01,17,2.4,198611090LAL-LAL,198611090LAL-NYK,LAL-1987,1,1987,40.8,51.99999999999999,brickfr01-1987
greenac01,12,-2.2,198611090LAL-LAL,198611090LAL-NYK,LAL-1987,1,1987,-26.400000000000002,51.99999999999999,greenac01-1987
brancad01,7,0.8,198611090LAL-LAL,198611090LAL-NYK,LAL-1987,1,1987,5.6000000000000005,51.99999999999999,brancad01-1987
smrekmi01,7,-0.7,198611090LAL-LAL,198611090LAL-NYK,LAL-1987,1,1987,-4.8999999999999995,51.99999999999999,smrekmi01-1987
worthja01,33,4.7,198611120LAL-LAL,198611120LAL-SEA,LAL-1987,1,1987,155.1,54.61666666666667,worthja01-1987
johnsma02,30,8.4,198611120LAL-LAL,198611120LAL-SEA,LAL-1987,1,1987,252,54.61666666666667,johnsma02-1987
rambiku01,30,-0.5,198611120LAL-LAL,198611120LAL-SEA,LAL-1987,1,1987,-15,54.61666666666667,rambiku01-1987
abdulka01,26,5.5,198611120LAL-LAL,198611120LAL-SEA,LAL-1987,1,1987,143,54.61666666666667,abdulka01-1987
scottby01,24,2,198611120LAL-LAL,198611120LAL-SEA,LAL-1987,1,1987,48,54.61666666666667,scottby01-1987
coopemi01,23,5.7,198611120LAL-LAL,198611120LAL-SEA,LAL-1987,1,1987,131.1,54.61666666666667,coopemi01-1987
thompbi01,17,-3.9,198611120LAL-LAL,198611120LAL-SEA,LAL-1987,1,1987,-66.3,54.61666666666667,thompbi01-1987
brickfr01,15,-1.6,198611120LAL-LAL,198611120LAL-SEA,LAL-1987,1,1987,-24,54.61666666666667,brickfr01-1987
matthwe01,15,-1.5,198611120LAL-LAL,198611120LAL-SEA,LAL-1987,1,1987,-22.5,54.61666666666667,matthwe01-1987
greenac01,12,2.5,198611120LAL-LAL,198611120LAL-SEA,LAL-1987,1,1987,30,54.61666666666667,greenac01-1987
brancad01,8,1.6,198611120LAL-LAL,198611120LAL-SEA,LAL-1987,1,1987,12.8,54.61666666666667,brancad01-1987
smrekmi01,7,1.6,198611120LAL-LAL,198611120LAL-SEA,LAL-1987,1,1987,11.200000000000001,54.61666666666667,smrekmi01-1987
johnsma02,42,10.1,198611160LAL-LAL,198611160LAL-SAC,LAL-1987,1,1987,424.2,61.53333333333333,johnsma02-1987
abdulka01,39,0.8,198611160LAL-LAL,198611160LAL-SAC,LAL-1987,1,1987,31.200000000000003,61.53333333333333,abdulka01-1987
worthja01,39,-4.8,198611160LAL-LAL,198611160LAL-SAC,LAL-1987,1,1987,-187.2,61.53333333333333,worthja01-1987
scottby01,37,1.7,198611160LAL-LAL,198611160LAL-SAC,LAL-1987,1,1987,62.9,61.53333333333333,scottby01-1987
rambiku01,31,4.4,198611160LAL-LAL,198611160LAL-SAC,LAL-1987,1,1987,136.4,61.53333333333333,rambiku01-1987
coopemi01,26,4.9,198611160LAL-LAL,198611160LAL-SAC,LAL-1987,1,1987,127.4,61.53333333333333,coopemi01-1987
brickfr01,17,-2.1,198611160LAL-LAL,198611160LAL-SAC,LAL-1987,1,1987,-35.7,61.53333333333333,brickfr01-1987
thompbi01,6,-0.3,198611160LAL-LAL,198611160LAL-SAC,LAL-1987,1,1987,-1.7999999999999998,61.53333333333333,thompbi01-1987
greenac01,3,-1.2,198611160LAL-LAL,198611160LAL-SAC,LAL-1987,1,1987,-3.5999999999999996,61.53333333333333,greenac01-1987
donalja01,43,4.8,198611180DAL-DAL,198611180DAL-LAL,DAL-1987,0,1987,206.4,67.78999999999999,donalja01-1987
aguirma01,38,6.6,198611180DAL-DAL,198611180DAL-LAL,DAL-1987,0,1987,250.79999999999998,67.78999999999999,aguirma01-1987
harpede01,38,10,198611180DAL-DAL,198611180DAL-LAL,DAL-1987,0,1987,380,67.78999999999999,harpede01-1987
perkisa01,36,1.7,198611180DAL-DAL,198611180DAL-LAL,DAL-1987,0,1987,61.199999999999996,67.78999999999999,perkisa01-1987
blackro01,31,-5.5,198611180DAL-DAL,198611180DAL-LAL,DAL-1987,0,1987,-170.5,67.78999999999999,blackro01-1987
woodal01,18,-3.5,198611180DAL-DAL,198611180DAL-LAL,DAL-1987,0,1987,-63,67.78999999999999,woodal01-1987
schrede01,16,-0.7,198611180DAL-DAL,198611180DAL-LAL,DAL-1987,0,1987,-11.2,67.78999999999999,schrede01-1987
tarplro01,10,0.9,198611180DAL-DAL,198611180DAL-LAL,DAL-1987,0,1987,9,67.78999999999999,tarplro01-1987
davisbr01,9,1.7,198611180DAL-DAL,198611180DAL-LAL,DAL-1987,0,1987,15.299999999999999,67.78999999999999,davisbr01-1987
wennibi01,1,-0.1,198611180DAL-DAL,198611180DAL-LAL,DAL-1987,0,1987,-0.1,67.78999999999999,wennibi01-1987
roberal01,45,18.3,198611190SAS-SAS,198611190SAS-LAL,SAS-1987,0,1987,823.5,68.7,roberal01-1987
mitchmi01,40,-2.5,198611190SAS-SAS,198611190SAS-LAL,SAS-1987,0,1987,-100,68.7,mitchmi01-1987
moorejo01,35,3.2,198611190SAS-SAS,198611190SAS-LAL,SAS-1987,0,1987,112,68.7,moorejo01-1987
gilmoar01,33,-2.5,198611190SAS-SAS,198611190SAS-LAL,SAS-1987,0,1987,-82.5,68.7,gilmoar01-1987
greenda01,30,-1.9,198611190SAS-SAS,198611190SAS-LAL,SAS-1987,0,1987,-57,68.7,greenda01-1987
thompmy01,26,-2,198611190SAS-SAS,198611190SAS-LAL,SAS-1987,0,1987,-52,68.7,thompmy01-1987
dawkijo01,16,-4.4,198611190SAS-SAS,198611190SAS-LAL,SAS-1987,0,1987,-70.4,68.7,dawkijo01-1987
nealyed01,15,-1.6,198611190SAS-SAS,198611190SAS-LAL,SAS-1987,0,1987,-24,68.7,nealyed01-1987
worthja01,35,5.7,198611210LAL-LAL,198611210LAL-NJN,LAL-1987,1,1987,199.5,43.575,worthja01-1987
coopemi01,27,-2.2,198611210LAL-LAL,198611210LAL-NJN,LAL-1987,1,1987,-59.400000000000006,43.575,coopemi01-1987
rambiku01,26,1.4,198611210LAL-LAL,198611210LAL-NJN,LAL-1987,1,1987,36.4,43.575,rambiku01-1987
johnsma02,25,5.2,198611210LAL-LAL,198611210LAL-NJN,LAL-1987,1,1987,130,43.575,johnsma02-1987
scottby01,24,-1,198611210LAL-LAL,198611210LAL-NJN,LAL-1987,1,1987,-24,43.575,scottby01-1987
brickfr01,24,2.3,198611210LAL-LAL,198611210LAL-NJN,LAL-1987,1,1987,55.199999999999996,43.575,brickfr01-1987
abdulka01,22,5.4,198611210LAL-LAL,198611210LAL-NJN,LAL-1987,1,1987,118.80000000000001,43.575,abdulka01-1987
matthwe01,20,1.1,198611210LAL-LAL,198611210LAL-NJN,LAL-1987,1,1987,22,43.575,matthwe01-1987
greenac01,16,4.5,198611210LAL-LAL,198611210LAL-NJN,LAL-1987,1,1987,72,43.575,greenac01-1987
thompbi01,9,-1,198611210LAL-LAL,198611210LAL-NJN,LAL-1987,1,1987,-9,43.575,thompbi01-1987
brancad01,6,-1.3,198611210LAL-LAL,198611210LAL-NJN,LAL-1987,1,1987,-7.800000000000001,43.575,brancad01-1987
smrekmi01,6,-1.8,198611210LAL-LAL,198611210LAL-NJN,LAL-1987,1,1987,-10.8,43.575,smrekmi01-1987
worthja01,40,-0.8,198611230LAL-LAL,198611230LAL-MIL,LAL-1987,1,1987,-32,73.06,worthja01-1987
johnsma02,39,10,198611230LAL-LAL,198611230LAL-MIL,LAL-1987,1,1987,390,73.06,johnsma02-1987
abdulka01,34,4.3,198611230LAL-LAL,198611230LAL-MIL,LAL-1987,1,1987,146.2,73.06,abdulka01-1987
coopemi01,32,6.3,198611230LAL-LAL,198611230LAL-MIL,LAL-1987,1,1987,201.6,73.06,coopemi01-1987
scottby01,31,-1.4,198611230LAL-LAL,198611230LAL-MIL,LAL-1987,1,1987,-43.4,73.06,scottby01-1987
rambiku01,23,-0.8,198611230LAL-LAL,198611230LAL-MIL,LAL-1987,1,1987,-18.400000000000002,73.06,rambiku01-1987
greenac01,18,4.3,198611230LAL-LAL,198611230LAL-MIL,LAL-1987,1,1987,77.39999999999999,73.06,greenac01-1987
matthwe01,14,0.3,198611230LAL-LAL,198611230LAL-MIL,LAL-1987,1,1987,4.2,73.06,matthwe01-1987
brickfr01,7,0.8,198611230LAL-LAL,198611230LAL-MIL,LAL-1987,1,1987,5.6000000000000005,73.06,brickfr01-1987
thompbi01,2,-0.3,198611230LAL-LAL,198611230LAL-MIL,LAL-1987,1,1987,-0.6,73.06,thompbi01-1987
abdulka01,38,4.6,198611250LAL-LAL,198611250LAL-ATL,LAL-1987,0,1987,174.79999999999998,77.67777777777778,abdulka01-1987
scottby01,38,8.9,198611250LAL-LAL,198611250LAL-ATL,LAL-1987,0,1987,338.2,77.67777777777778,scottby01-1987
johnsma02,36,3.5,198611250LAL-LAL,198611250LAL-ATL,LAL-1987,0,1987,126,77.67777777777778,johnsma02-1987
coopemi01,35,0.2,198611250LAL-LAL,198611250LAL-ATL,LAL-1987,0,1987,7,77.67777777777778,coopemi01-1987
greenac01,29,4,198611250LAL-LAL,198611250LAL-ATL,LAL-1987,0,1987,116,77.67777777777778,greenac01-1987
worthja01,27,-0.4,198611250LAL-LAL,198611250LAL-ATL,LAL-1987,0,1987,-10.8,77.67777777777778,worthja01-1987
thompbi01,14,0.6,198611250LAL-LAL,198611250LAL-ATL,LAL-1987,0,1987,8.4,77.67777777777778,thompbi01-1987
brickfr01,12,-1.1,198611250LAL-LAL,198611250LAL-ATL,LAL-1987,0,1987,-13.200000000000001,77.67777777777778,brickfr01-1987
matthwe01,11,-4.3,198611250LAL-LAL,198611250LAL-ATL,LAL-1987,0,1987,-47.3,77.67777777777778,matthwe01-1987
hustoge01,41,-3,198611260LAC-LAC,198611260LAC-LAL,LAC-1987,0,1987,-123,-45.5,hustoge01-1987
cagemi01,32,2,198611260LAC-LAC,198611260LAC-LAL,LAC-1987,0,1987,64,-45.5,cagemi01-1987
gordola01,32,-6.7,198611260LAC-LAC,198611260LAC-LAL,LAC-1987,0,1987,-214.4,-45.5,gordola01-1987
nimphku01,31,-0.8,198611260LAC-LAC,198611260LAC-LAL,LAC-1987,0,1987,-24.8,-45.5,nimphku01-1987
fieldke01,29,1.1,198611260LAC-LAC,198611260LAC-LAL,LAC-1987,0,1987,31.900000000000002,-45.5,fieldke01-1987
maxwece01,27,1.2,198611260LAC-LAC,198611260LAC-LAL,LAC-1987,0,1987,32.4,-45.5,maxwece01-1987
woodsmi01,23,-5.8,198611260LAC-LAC,198611260LAC-LAL,LAC-1987,0,1987,-133.4,-45.5,woodsmi01-1987
benjabe01,17,-3,198611260LAC-LAC,198611260LAC-LAL,LAC-1987,0,1987,-51,-45.5,benjabe01-1987
kemptti01,8,1.1,198611260LAC-LAC,198611260LAC-LAL,LAC-1987,0,1987,8.8,-45.5,kemptti01-1987
greenac01,45,5.3,198611280LAL-LAL,198611280LAL-CHI,LAL-1987,1,1987,238.5,99.39999999999999,greenac01-1987
johnsma02,41,3.1,198611280LAL-LAL,198611280LAL-CHI,LAL-1987,1,1987,127.10000000000001,99.39999999999999,johnsma02-1987
worthja01,38,9.7,198611280LAL-LAL,198611280LAL-CHI,LAL-1987,1,1987,368.59999999999997,99.39999999999999,worthja01-1987
abdulka01,34,-1.2,198611280LAL-LAL,198611280LAL-CHI,LAL-1987,1,1987,-40.8,99.39999999999999,abdulka01-1987
coopemi01,32,3.9,198611280LAL-LAL,198611280LAL-CHI,LAL-1987,1,1987,124.8,99.39999999999999,coopemi01-1987
scottby01,28,-0.1,198611280LAL-LAL,198611280LAL-CHI,LAL-1987,1,1987,-2.8000000000000003,99.39999999999999,scottby01-1987
brickfr01,15,-1.3,198611280LAL-LAL,198611280LAL-CHI,LAL-1987,1,1987,-19.5,99.39999999999999,brickfr01-1987
thompbi01,7,-0.1,198611280LAL-LAL,198611280LAL-CHI,LAL-1987,1,1987,-0.7000000000000001,99.39999999999999,thompbi01-1987
johnsma02,33,0,198611300LAL-LAL,198611300LAL-LAC,LAL-1987,1,1987,0,50.82,johnsma02-1987
abdulka01,32,4.1,198611300LAL-LAL,198611300LAL-LAC,LAL-1987,1,1987,131.2,50.82,abdulka01-1987
greenac01,29,1.2,198611300LAL-LAL,198611300LAL-LAC,LAL-1987,1,1987,34.8,50.82,greenac01-1987
worthja01,28,-0.5,198611300LAL-LAL,198611300LAL-LAC,LAL-1987,1,1987,-14,50.82,worthja01-1987
scottby01,27,5.7,198611300LAL-LAL,198611300LAL-LAC,LAL-1987,1,1987,153.9,50.82,scottby01-1987
coopemi01,26,8.3,198611300LAL-LAL,198611300LAL-LAC,LAL-1987,1,1987,215.8,50.82,coopemi01-1987
thompbi01,25,-0.5,198611300LAL-LAL,198611300LAL-LAC,LAL-1987,1,1987,-12.5,50.82,thompbi01-1987
matthwe01,21,1.9,198611300LAL-LAL,198611300LAL-LAC,LAL-1987,1,1987,39.9,50.82,matthwe01-1987
smrekmi01,12,-5.1,198611300LAL-LAL,198611300LAL-LAC,LAL-1987,1,1987,-61.199999999999996,50.82,smrekmi01-1987
brancad01,7,2.9,198611300LAL-LAL,198611300LAL-LAC,LAL-1987,1,1987,20.3,50.82,brancad01-1987
carrojo01,36,5.8,198612040GSW-GSW,198612040GSW-LAL,GSW-1987,1,1987,208.79999999999998,52.445454545454545,carrojo01-1987
floydsl01,34,6.5,198612040GSW-GSW,198612040GSW-LAL,GSW-1987,1,1987,221,52.445454545454545,floydsl01-1987
mullich01,34,2.4,198612040GSW-GSW,198612040GSW-LAL,GSW-1987,1,1987,81.6,52.445454545454545,mullich01-1987
mcdonbe01,33,-4.5,198612040GSW-GSW,198612040GSW-LAL,GSW-1987,1,1987,-148.5,52.445454545454545,mcdonbe01-1987
smithla01,24,1.4,198612040GSW-GSW,198612040GSW-LAL,GSW-1987,1,1987,33.599999999999994,52.445454545454545,smithla01-1987
ballagr01,23,9,198612040GSW-GSW,198612040GSW-LAL,GSW-1987,1,1987,207,52.445454545454545,ballagr01-1987
teaglte01,14,-0.8,198612040GSW-GSW,198612040GSW-LAL,GSW-1987,1,1987,-11.200000000000001,52.445454545454545,teaglte01-1987
higgiro01,13,-0.6,198612040GSW-GSW,198612040GSW-LAL,GSW-1987,1,1987,-7.8,52.445454545454545,higgiro01-1987
washbch01,12,-1.2,198612040GSW-GSW,198612040GSW-LAL,GSW-1987,1,1987,-14.399999999999999,52.445454545454545,washbch01-1987
smithcl01,10,-0.3,198612040GSW-GSW,198612040GSW-LAL,GSW-1987,1,1987,-3,52.445454545454545,smithcl01-1987
mosspe01,7,1.4,198612040GSW-GSW,198612040GSW-LAL,GSW-1987,1,1987,9.799999999999999,52.445454545454545,mosspe01-1987
johnsma02,44,8.8,198612050LAL-LAL,198612050LAL-DAL,LAL-1987,1,1987,387.20000000000005,93.05555555555556,johnsma02-1987
scottby01,42,3.3,198612050LAL-LAL,198612050LAL-DAL,LAL-1987,1,1987,138.6,93.05555555555556,scottby01-1987
worthja01,39,-0.9,198612050LAL-LAL,198612050LAL-DAL,LAL-1987,1,1987,-35.1,93.05555555555556,worthja01-1987
abdulka01,37,4.4,198612050LAL-LAL,198612050LAL-DAL,LAL-1987,1,1987,162.8,93.05555555555556,abdulka01-1987
coopemi01,29,3.2,198612050LAL-LAL,198612050LAL-DAL,LAL-1987,1,1987,92.80000000000001,93.05555555555556,coopemi01-1987
greenac01,22,2.9,198612050LAL-LAL,198612050LAL-DAL,LAL-1987,1,1987,63.8,93.05555555555556,greenac01-1987
rambiku01,16,0.5,198612050LAL-LAL,198612050LAL-DAL,LAL-1987,1,1987,8,93.05555555555556,rambiku01-1987
smrekmi01,9,2.2,198612050LAL-LAL,198612050LAL-DAL,LAL-1987,1,1987,19.8,93.05555555555556,smrekmi01-1987
matthwe01,2,-0.2,198612050LAL-LAL,198612050LAL-DAL,LAL-1987,1,1987,-0.4,93.05555555555556,matthwe01-1987
worthja01,30,6.8,198612070LAL-LAL,198612070LAL-GSW,LAL-1987,1,1987,204,78.55454545454545,worthja01-1987
coopemi01,30,5.7,198612070LAL-LAL,198612070LAL-GSW,LAL-1987,1,1987,171,78.55454545454545,coopemi01-1987
greenac01,28,4.1,198612070LAL-LAL,198612070LAL-GSW,LAL-1987,1,1987,114.79999999999998,78.55454545454545,greenac01-1987
johnsma02,28,6.3,198612070LAL-LAL,198612070LAL-GSW,LAL-1987,1,1987,176.4,78.55454545454545,johnsma02-1987
scottby01,28,4.8,198612070LAL-LAL,198612070LAL-GSW,LAL-1987,1,1987,134.4,78.55454545454545,scottby01-1987
abdulka01,26,4.5,198612070LAL-LAL,198612070LAL-GSW,LAL-1987,1,1987,117,78.55454545454545,abdulka01-1987
rambiku01,19,3.1,198612070LAL-LAL,198612070LAL-GSW,LAL-1987,1,1987,58.9,78.55454545454545,rambiku01-1987
matthwe01,18,-1.6,198612070LAL-LAL,198612070LAL-GSW,LAL-1987,1,1987,-28.8,78.55454545454545,matthwe01-1987
thompbi01,13,-0.8,198612070LAL-LAL,198612070LAL-GSW,LAL-1987,1,1987,-10.4,78.55454545454545,thompbi01-1987
brickfr01,12,-3.9,198612070LAL-LAL,198612070LAL-GSW,LAL-1987,1,1987,-46.8,78.55454545454545,brickfr01-1987
smrekmi01,8,-3.3,198612070LAL-LAL,198612070LAL-GSW,LAL-1987,1,1987,-26.4,78.55454545454545,smrekmi01-1987
ewingpa01,36,4,198612090NYK-NYK,198612090NYK-LAL,NYK-1987,0,1987,144,8.829999999999998,ewingpa01-1987
wilkige01,32,3,198612090NYK-NYK,198612090NYK-LAL,NYK-1987,0,1987,96,8.829999999999998,wilkige01-1987
cartwbi01,32,-2.2,198612090NYK-NYK,198612090NYK-LAL,NYK-1987,0,1987,-70.4,8.829999999999998,cartwbi01-1987
orrlo01,32,4.4,198612090NYK-NYK,198612090NYK-LAL,NYK-1987,0,1987,140.8,8.829999999999998,orrlo01-1987
sparrro01,25,-1.1,198612090NYK-NYK,198612090NYK-LAL,NYK-1987,0,1987,-27.500000000000004,8.829999999999998,sparrro01-1987
hendege01,23,-5.8,198612090NYK-NYK,198612090NYK-LAL,NYK-1987,0,1987,-133.4,8.829999999999998,hendege01-1987
cummipa01,18,4.1,198612090NYK-NYK,198612090NYK-LAL,NYK-1987,0,1987,73.8,8.829999999999998,cummipa01-1987
walkeke01,16,-5.4,198612090NYK-NYK,198612090NYK-LAL,NYK-1987,0,1987,-86.4,8.829999999999998,walkeke01-1987
tucketr01,16,-0.6,198612090NYK-NYK,198612090NYK-LAL,NYK-1987,0,1987,-9.6,8.829999999999998,tucketr01-1987
oldhaja01,10,-3.9,198612090NYK-NYK,198612090NYK-LAL,NYK-1987,0,1987,-39,8.829999999999998,oldhaja01-1987
piercri01,38,5.6,198612100MIL-MIL,198612100MIL-LAL,MIL-1987,1,1987,212.79999999999998,108.12727272727273,piercri01-1987
presspa01,38,18.8,198612100MIL-MIL,198612100MIL-LAL,MIL-1987,1,1987,714.4,108.12727272727273,presspa01-1987
hodgecr01,34,4.1,198612100MIL-MIL,198612100MIL-LAL,MIL-1987,1,1987,139.39999999999998,108.12727272727273,hodgecr01-1987
cummite01,33,4.9,198612100MIL-MIL,198612100MIL-LAL,MIL-1987,1,1987,161.70000000000002,108.12727272727273,cummite01-1987
reynoje01,27,5.3,198612100MIL-MIL,198612100MIL-LAL,MIL-1987,1,1987,143.1,108.12727272727273,reynoje01-1987
sikmaja01,20,-5.3,198612100MIL-MIL,198612100MIL-LAL,MIL-1987,1,1987,-106,108.12727272727273,sikmaja01-1987
breuera01,20,-2.9,198612100MIL-MIL,198612100MIL-LAL,MIL-1987,1,1987,-58,108.12727272727273,breuera01-1987
smithke03,12,1,198612100MIL-MIL,198612100MIL-LAL,MIL-1987,1,1987,12,108.12727272727273,smithke03-1987
mokespa01,10,-1.5,198612100MIL-MIL,198612100MIL-LAL,MIL-1987,1,1987,-15,108.12727272727273,mokespa01-1987
skilesc01,6,-2.6,198612100MIL-MIL,198612100MIL-LAL,MIL-1987,1,1987,-15.600000000000001,108.12727272727273,skilesc01-1987
hendece01,2,0.3,198612100MIL-MIL,198612100MIL-LAL,MIL-1987,1,1987,0.6,108.12727272727273,hendece01-1987
parisro01,44,2.9,198612120BOS-BOS,198612120BOS-LAL,BOS-1987,0,1987,127.6,77.07000000000001,parisro01-1987
aingeda01,43,-1.4,198612120BOS-BOS,198612120BOS-LAL,BOS-1987,0,1987,-60.199999999999996,77.07000000000001,aingeda01-1987
birdla01,43,10.3,198612120BOS-BOS,198612120BOS-LAL,BOS-1987,0,1987,442.90000000000003,77.07000000000001,birdla01-1987
johnsde01,42,4.9,198612120BOS-BOS,198612120BOS-LAL,BOS-1987,0,1987,205.8,77.07000000000001,johnsde01-1987
mchalke01,41,1.2,198612120BOS-BOS,198612120BOS-LAL,BOS-1987,0,1987,49.199999999999996,77.07000000000001,mchalke01-1987
roberfr01,13,1.1,198612120BOS-BOS,198612120BOS-LAL,BOS-1987,0,1987,14.3,77.07000000000001,roberfr01-1987
sichtje01,6,-1.2,198612120BOS-BOS,198612120BOS-LAL,BOS-1987,0,1987,-7.199999999999999,77.07000000000001,sichtje01-1987
carliri01,4,-0.4,198612120BOS-BOS,198612120BOS-LAL,BOS-1987,0,1987,-1.6,77.07000000000001,carliri01-1987
thirdda01,3,-0.1,198612120BOS-BOS,198612120BOS-LAL,BOS-1987,0,1987,-0.30000000000000004,77.07000000000001,thirdda01-1987
dayeda01,1,0.2,198612120BOS-BOS,198612120BOS-LAL,BOS-1987,0,1987,0.2,77.07000000000001,dayeda01-1987
thomais01,41,4.9,198612130DET-DET,198612130DET-LAL,DET-1987,1,1987,200.9,64.11111111111111,thomais01-1987
laimbbi01,37,2.9,198612130DET-DET,198612130DET-LAL,DET-1987,1,1987,107.3,64.11111111111111,laimbbi01-1987
dantlad01,32,2.3,198612130DET-DET,198612130DET-LAL,DET-1987,1,1987,73.6,64.11111111111111,dantlad01-1987
dumarjo01,30,-2.5,198612130DET-DET,198612130DET-LAL,DET-1987,1,1987,-75,64.11111111111111,dumarjo01-1987
johnsvi01,26,3.9,198612130DET-DET,198612130DET-LAL,DET-1987,1,1987,101.39999999999999,64.11111111111111,johnsvi01-1987
greensi02,25,0.5,198612130DET-DET,198612130DET-LAL,DET-1987,1,1987,12.5,64.11111111111111,greensi02-1987
sallejo01,21,3.8,198612130DET-DET,198612130DET-LAL,DET-1987,1,1987,79.8,64.11111111111111,sallejo01-1987
rodmade01,15,5.1,198612130DET-DET,198612130DET-LAL,DET-1987,1,1987,76.5,64.11111111111111,rodmade01-1987
mahorri01,13,0,198612130DET-DET,198612130DET-LAL,DET-1987,1,1987,0,64.11111111111111,mahorri01-1987
williho01,42,6.7,198612160CLE-CLE,198612160CLE-LAL,CLE-1987,0,1987,281.40000000000003,53.31111111111112,williho01-1987
harpero01,40,4,198612160CLE-CLE,198612160CLE-LAL,CLE-1987,0,1987,160,53.31111111111112,harpero01-1987
hubbaph01,38,0.2,198612160CLE-CLE,198612160CLE-LAL,CLE-1987,0,1987,7.6000000000000005,53.31111111111112,hubbaph01-1987
baglejo01,35,-3.8,198612160CLE-CLE,198612160CLE-LAL,CLE-1987,0,1987,-133,53.31111111111112,baglejo01-1987
daughbr01,26,4.6,198612160CLE-CLE,198612160CLE-LAL,CLE-1987,0,1987,119.6,53.31111111111112,daughbr01-1987
turpime01,22,3.7,198612160CLE-CLE,198612160CLE-LAL,CLE-1987,0,1987,81.4,53.31111111111112,turpime01-1987
pricema01,21,0.6,198612160CLE-CLE,198612160CLE-LAL,CLE-1987,0,1987,12.6,53.31111111111112,pricema01-1987
westma01,11,-4.3,198612160CLE-CLE,198612160CLE-LAL,CLE-1987,0,1987,-47.3,53.31111111111112,westma01-1987
poquebe01,5,-0.5,198612160CLE-CLE,198612160CLE-LAL,CLE-1987,0,1987,-2.5,53.31111111111112,poquebe01-1987
johnsma02,35,9.2,198612180LAL-LAL,198612180LAL-POR,LAL-1987,1,1987,322,84.8,johnsma02-1987
scottby01,35,3.5,198612180LAL-LAL,198612180LAL-POR,LAL-1987,1,1987,122.5,84.8,scottby01-1987
worthja01,33,-1.9,198612180LAL-LAL,198612180LAL-POR,LAL-1987,1,1987,-62.699999999999996,84.8,worthja01-1987
greenac01,32,7.1,198612180LAL-LAL,198612180LAL-POR,LAL-1987,1,1987,227.2,84.8,greenac01-1987
coopemi01,32,-1,198612180LAL-LAL,198612180LAL-POR,LAL-1987,1,1987,-32,84.8,coopemi01-1987
abdulka01,30,2.7,198612180LAL-LAL,198612180LAL-POR,LAL-1987,1,1987,81,84.8,abdulka01-1987
rambiku01,19,4.7,198612180LAL-LAL,198612180LAL-POR,LAL-1987,1,1987,89.3,84.8,rambiku01-1987
matthwe01,15,1,198612180LAL-LAL,198612180LAL-POR,LAL-1987,1,1987,15,84.8,matthwe01-1987
brickfr01,9,0.1,198612180LAL-LAL,198612180LAL-POR,LAL-1987,1,1987,0.9,84.8,brickfr01-1987
donalja01,42,3.8,198612200DAL-DAL,198612200DAL-LAL,DAL-1987,1,1987,159.6,96.53333333333333,donalja01-1987
aguirma01,39,0.2,198612200DAL-DAL,198612200DAL-LAL,DAL-1987,1,1987,7.800000000000001,96.53333333333333,aguirma01-1987
harpede01,38,10.7,198612200DAL-DAL,198612200DAL-LAL,DAL-1987,1,1987,406.59999999999997,96.53333333333333,harpede01-1987
blackro01,37,8.8,198612200DAL-DAL,198612200DAL-LAL,DAL-1987,1,1987,325.6,96.53333333333333,blackro01-1987
schrede01,30,2.7,198612200DAL-DAL,198612200DAL-LAL,DAL-1987,1,1987,81,96.53333333333333,schrede01-1987
perkisa01,26,-5.5,198612200DAL-DAL,198612200DAL-LAL,DAL-1987,1,1987,-143,96.53333333333333,perkisa01-1987
woodal01,11,3.3,198612200DAL-DAL,198612200DAL-LAL,DAL-1987,1,1987,36.3,96.53333333333333,woodal01-1987
davisbr01,10,-2.4,198612200DAL-DAL,198612200DAL-LAL,DAL-1987,1,1987,-24,96.53333333333333,davisbr01-1987
tarplro01,7,2.7,198612200DAL-DAL,198612200DAL-LAL,DAL-1987,1,1987,18.900000000000002,96.53333333333333,tarplro01-1987
lloydle01,44,4.6,198612210HOU-HOU,198612210HOU-LAL,HOU-1987,0,1987,202.39999999999998,72.74545454545454,lloydle01-1987
minnidi01,43,11.8,198612210HOU-HOU,198612210HOU-LAL,HOU-1987,0,1987,507.40000000000003,72.74545454545454,minnidi01-1987
olajuha01,41,6.6,198612210HOU-HOU,198612210HOU-LAL,HOU-1987,0,1987,270.59999999999997,72.74545454545454,olajuha01-1987
mccraro01,39,-3.2,198612210HOU-HOU,198612210HOU-LAL,HOU-1987,0,1987,-124.80000000000001,72.74545454545454,mccraro01-1987
sampsra01,29,-1.8,198612210HOU-HOU,198612210HOU-LAL,HOU-1987,0,1987,-52.2,72.74545454545454,sampsra01-1987
peterji01,22,1.9,198612210HOU-HOU,198612210HOU-LAL,HOU-1987,0,1987,41.8,72.74545454545454,peterji01-1987
johnsbu01,7,-1.5,198612210HOU-HOU,198612210HOU-LAL,HOU-1987,0,1987,-10.5,72.74545454545454,johnsbu01-1987
henryco01,5,-2.2,198612210HOU-HOU,198612210HOU-LAL,HOU-1987,0,1987,-11,72.74545454545454,henryco01-1987
wiggimi01,5,-3.9,198612210HOU-HOU,198612210HOU-LAL,HOU-1987,0,1987,-19.5,72.74545454545454,wiggimi01-1987
feitlda01,4,-0.8,198612210HOU-HOU,198612210HOU-LAL,HOU-1987,0,1987,-3.2,72.74545454545454,feitlda01-1987
anderri01,1,-0.8,198612210HOU-HOU,198612210HOU-LAL,HOU-1987,0,1987,-0.8,72.74545454545454,anderri01-1987
thorpot01,43,-2.3,198612230SAC-SAC,198612230SAC-LAL,SAC-1987,0,1987,-98.89999999999999,26.71,thorpot01-1987
thompla01,40,7,198612230SAC-SAC,198612230SAC-LAL,SAC-1987,0,1987,280,26.71,thompla01-1987
smithde02,39,-5.8,198612230SAC-SAC,198612230SAC-LAL,SAC-1987,0,1987,-226.2,26.71,smithde02-1987
theusre01,39,7.7,198612230SAC-SAC,198612230SAC-LAL,SAC-1987,0,1987,300.3,26.71,theusre01-1987
johnsed03,29,-4.9,198612230SAC-SAC,198612230SAC-LAL,SAC-1987,0,1987,-142.10000000000002,26.71,johnsed03-1987
tylerte01,25,4.4,198612230SAC-SAC,198612230SAC-LAL,SAC-1987,0,1987,110.00000000000001,26.71,tylerte01-1987
wilsoot01,21,2.8,198612230SAC-SAC,198612230SAC-LAL,SAC-1987,0,1987,58.8,26.71,wilsoot01-1987
olberma01,12,-1.9,198612230SAC-SAC,198612230SAC-LAL,SAC-1987,0,1987,-22.799999999999997,26.71,olberma01-1987
kleinjo01,10,0.8,198612230SAC-SAC,198612230SAC-LAL,SAC-1987,0,1987,8,26.71,kleinjo01-1987
pressha01,7,0,198612230SAC-SAC,198612230SAC-LAL,SAC-1987,0,1987,0,26.71,pressha01-1987
greenac01,37,6,198612260LAL-LAL,198612260LAL-HOU,LAL-1987,1,1987,222,85.33,greenac01-1987
scottby01,35,4,198612260LAL-LAL,198612260LAL-HOU,LAL-1987,1,1987,140,85.33,scottby01-1987
johnsma02,34,8.4,198612260LAL-LAL,198612260LAL-HOU,LAL-1987,1,1987,285.6,85.33,johnsma02-1987
worthja01,33,1.4,198612260LAL-LAL,198612260LAL-HOU,LAL-1987,1,1987,46.199999999999996,85.33,worthja01-1987
abdulka01,32,-0.1,198612260LAL-LAL,198612260LAL-HOU,LAL-1987,1,1987,-3.2,85.33,abdulka01-1987
coopemi01,25,5.9,198612260LAL-LAL,198612260LAL-HOU,LAL-1987,1,1987,147.5,85.33,coopemi01-1987
rambiku01,25,0.4,198612260LAL-LAL,198612260LAL-HOU,LAL-1987,1,1987,10,85.33,rambiku01-1987
matthwe01,14,0.1,198612260LAL-LAL,198612260LAL-HOU,LAL-1987,1,1987,1.4000000000000001,85.33,matthwe01-1987
smrekmi01,3,0.4,198612260LAL-LAL,198612260LAL-HOU,LAL-1987,1,1987,1.2000000000000002,85.33,smrekmi01-1987
brancad01,2,1.3,198612260LAL-LAL,198612260LAL-HOU,LAL-1987,1,1987,2.6,85.33,brancad01-1987
worthja01,35,-1,198612280LAL-LAL,198612280LAL-PHI,LAL-1987,1,1987,-35,61.1,worthja01-1987
johnsma02,31,12.4,198612280LAL-LAL,198612280LAL-PHI,LAL-1987,1,1987,384.40000000000003,61.1,johnsma02-1987
abdulka01,30,12.7,198612280LAL-LAL,198612280LAL-PHI,LAL-1987,1,1987,381,61.1,abdulka01-1987
scottby01,23,-3.4,198612280LAL-LAL,198612280LAL-PHI,LAL-1987,1,1987,-78.2,61.1,scottby01-1987
coopemi01,23,-3.7,198612280LAL-LAL,198612280LAL-PHI,LAL-1987,1,1987,-85.10000000000001,61.1,coopemi01-1987
rambiku01,22,4.4,198612280LAL-LAL,198612280LAL-PHI,LAL-1987,1,1987,96.80000000000001,61.1,rambiku01-1987
greenac01,19,-2.4,198612280LAL-LAL,198612280LAL-PHI,LAL-1987,1,1987,-45.6,61.1,greenac01-1987
matthwe01,18,1.1,198612280LAL-LAL,198612280LAL-PHI,LAL-1987,1,1987,19.8,61.1,matthwe01-1987
brickfr01,17,1.1,198612280LAL-LAL,198612280LAL-PHI,LAL-1987,1,1987,18.700000000000003,61.1,brickfr01-1987
thompbi01,10,6.4,198612280LAL-LAL,198612280LAL-PHI,LAL-1987,1,1987,64,61.1,thompbi01-1987
brancad01,7,2.7,198612280LAL-LAL,198612280LAL-PHI,LAL-1987,1,1987,18.900000000000002,61.1,brancad01-1987
smrekmi01,5,-1.3,198612280LAL-LAL,198612280LAL-PHI,LAL-1987,1,1987,-6.5,61.1,smrekmi01-1987
carrke01,35,-1,198701010POR-POR,198701010POR-LAL,POR-1987,0,1987,-35,-10.81,carrke01-1987
drexlcl01,34,0.5,198701010POR-POR,198701010POR-LAL,POR-1987,0,1987,17,-10.81,drexlcl01-1987
portete01,34,-3.1,198701010POR-POR,198701010POR-LAL,POR-1987,0,1987,-105.4,-10.81,portete01-1987
vandeki01,32,1.4,198701010POR-POR,198701010POR-LAL,POR-1987,0,1987,44.8,-10.81,vandeki01-1987
kerseje01,26,-1.2,198701010POR-POR,198701010POR-LAL,POR-1987,0,1987,-31.2,-10.81,kerseje01-1987
johnsst03,25,-2,198701010POR-POR,198701010POR-LAL,POR-1987,0,1987,-50,-10.81,johnsst03-1987
paxsoji02,19,6,198701010POR-POR,198701010POR-LAL,POR-1987,0,1987,114,-10.81,paxsoji02-1987
jonesca01,18,-1.6,198701010POR-POR,198701010POR-LAL,POR-1987,0,1987,-28.8,-10.81,jonesca01-1987
holtomi01,9,-3.1,198701010POR-POR,198701010POR-LAL,POR-1987,0,1987,-27.900000000000002,-10.81,holtomi01-1987
duckwke01,8,-0.7,198701010POR-POR,198701010POR-LAL,POR-1987,0,1987,-5.6,-10.81,duckwke01-1987
greenac01,32,3.2,198701020LAL-LAL,198701020LAL-PHO,LAL-1987,1,1987,102.4,58.15833333333333,greenac01-1987
worthja01,28,4.2,198701020LAL-LAL,198701020LAL-PHO,LAL-1987,1,1987,117.60000000000001,58.15833333333333,worthja01-1987
johnsma02,26,11.3,198701020LAL-LAL,198701020LAL-PHO,LAL-1987,1,1987,293.8,58.15833333333333,johnsma02-1987
scottby01,26,2.7,198701020LAL-LAL,198701020LAL-PHO,LAL-1987,1,1987,70.2,58.15833333333333,scottby01-1987
rambiku01,24,4.8,198701020LAL-LAL,198701020LAL-PHO,LAL-1987,1,1987,115.19999999999999,58.15833333333333,rambiku01-1987
thompbi01,21,-1.5,198701020LAL-LAL,198701020LAL-PHO,LAL-1987,1,1987,-31.5,58.15833333333333,thompbi01-1987
coopemi01,20,3.7,198701020LAL-LAL,198701020LAL-PHO,LAL-1987,1,1987,74,58.15833333333333,coopemi01-1987
brancad01,17,-4,198701020LAL-LAL,198701020LAL-PHO,LAL-1987,1,1987,-68,58.15833333333333,brancad01-1987
abdulka01,16,1.1,198701020LAL-LAL,198701020LAL-PHO,LAL-1987,1,1987,17.6,58.15833333333333,abdulka01-1987
matthwe01,15,-0.6,198701020LAL-LAL,198701020LAL-PHO,LAL-1987,1,1987,-9,58.15833333333333,matthwe01-1987
smrekmi01,8,0.9,198701020LAL-LAL,198701020LAL-PHO,LAL-1987,1,1987,7.2,58.15833333333333,smrekmi01-1987
brickfr01,7,1.2,198701020LAL-LAL,198701020LAL-PHO,LAL-1987,1,1987,8.4,58.15833333333333,brickfr01-1987
greenac01,39,0.5,198701040LAL-LAL,198701040LAL-UTA,LAL-1987,1,1987,19.5,65.59,greenac01-1987
abdulka01,38,2.3,198701040LAL-LAL,198701040LAL-UTA,LAL-1987,1,1987,87.39999999999999,65.59,abdulka01-1987
johnsma02,36,6.8,198701040LAL-LAL,198701040LAL-UTA,LAL-1987,1,1987,244.79999999999998,65.59,johnsma02-1987
worthja01,34,5,198701040LAL-LAL,198701040LAL-UTA,LAL-1987,1,1987,170,65.59,worthja01-1987
coopemi01,28,2.9,198701040LAL-LAL,198701040LAL-UTA,LAL-1987,1,1987,81.2,65.59,coopemi01-1987
scottby01,20,0.7,198701040LAL-LAL,198701040LAL-UTA,LAL-1987,1,1987,14,65.59,scottby01-1987
thompbi01,16,0.8,198701040LAL-LAL,198701040LAL-UTA,LAL-1987,1,1987,12.8,65.59,thompbi01-1987
rambiku01,15,0.2,198701040LAL-LAL,198701040LAL-UTA,LAL-1987,1,1987,3,65.59,rambiku01-1987
matthwe01,12,2.3,198701040LAL-LAL,198701040LAL-UTA,LAL-1987,1,1987,27.599999999999998,65.59,matthwe01-1987
smrekmi01,2,-2.2,198701040LAL-LAL,198701040LAL-UTA,LAL-1987,1,1987,-4.4,65.59,smrekmi01-1987
scottby01,29,2.7,198701070LAL-LAL,198701070LAL-DEN,LAL-1987,1,1987,78.30000000000001,61.141666666666666,scottby01-1987
johnsma02,27,8.1,198701070LAL-LAL,198701070LAL-DEN,LAL-1987,1,1987,218.7,61.141666666666666,johnsma02-1987
coopemi01,26,8.5,198701070LAL-LAL,198701070LAL-DEN,LAL-1987,1,1987,221,61.141666666666666,coopemi01-1987
greenac01,25,2.7,198701070LAL-LAL,198701070LAL-DEN,LAL-1987,1,1987,67.5,61.141666666666666,greenac01-1987
worthja01,25,-1.2,198701070LAL-LAL,198701070LAL-DEN,LAL-1987,1,1987,-30,61.141666666666666,worthja01-1987
rambiku01,25,4.4,198701070LAL-LAL,198701070LAL-DEN,LAL-1987,1,1987,110.00000000000001,61.141666666666666,rambiku01-1987
thompbi01,24,1,198701070LAL-LAL,198701070LAL-DEN,LAL-1987,1,1987,24,61.141666666666666,thompbi01-1987
abdulka01,23,1.4,198701070LAL-LAL,198701070LAL-DEN,LAL-1987,1,1987,32.199999999999996,61.141666666666666,abdulka01-1987
brancad01,12,0.5,198701070LAL-LAL,198701070LAL-DEN,LAL-1987,1,1987,6,61.141666666666666,brancad01-1987
brickfr01,12,-0.6,198701070LAL-LAL,198701070LAL-DEN,LAL-1987,1,1987,-7.199999999999999,61.141666666666666,brickfr01-1987
matthwe01,7,0.6,198701070LAL-LAL,198701070LAL-DEN,LAL-1987,1,1987,4.2,61.141666666666666,matthwe01-1987
smrekmi01,5,1.8,198701070LAL-LAL,198701070LAL-DEN,LAL-1987,1,1987,9,61.141666666666666,smrekmi01-1987
stockjo01,43,8.1,198701080UTA-UTA,198701080UTA-LAL,UTA-1987,1,1987,348.3,78.7,stockjo01-1987
hansebo01,40,8.6,198701080UTA-UTA,198701080UTA-LAL,UTA-1987,1,1987,344,78.7,hansebo01-1987
malonka01,39,2,198701080UTA-UTA,198701080UTA-LAL,UTA-1987,1,1987,78,78.7,malonka01-1987
eatonma01,38,-1.6,198701080UTA-UTA,198701080UTA-LAL,UTA-1987,1,1987,-60.800000000000004,78.7,eatonma01-1987
baileth01,34,4.9,198701080UTA-UTA,198701080UTA-LAL,UTA-1987,1,1987,166.60000000000002,78.7,baileth01-1987
tripuke01,12,1.4,198701080UTA-UTA,198701080UTA-LAL,UTA-1987,1,1987,16.799999999999997,78.7,tripuke01-1987
bensoke01,10,-2.5,198701080UTA-UTA,198701080UTA-LAL,UTA-1987,1,1987,-25,78.7,bensoke01-1987
griffda01,9,-0.2,198701080UTA-UTA,198701080UTA-LAL,UTA-1987,1,1987,-1.8,78.7,griffda01-1987
iavarma01,9,1.2,198701080UTA-UTA,198701080UTA-LAL,UTA-1987,1,1987,10.799999999999999,78.7,iavarma01-1987
curryde01,4,-2.7,198701080UTA-UTA,198701080UTA-LAL,UTA-1987,1,1987,-10.8,78.7,curryde01-1987
scurrca01,2,-0.2,198701080UTA-UTA,198701080UTA-LAL,UTA-1987,1,1987,-0.4,78.7,scurrca01-1987
floydsl01,43,9.8,198701100GSW-GSW,198701100GSW-LAL,GSW-1987,1,1987,421.40000000000003,69.70833333333334,floydsl01-1987
carrojo01,33,4.9,198701100GSW-GSW,198701100GSW-LAL,GSW-1987,1,1987,161.70000000000002,69.70833333333334,carrojo01-1987
smithla01,31,4,198701100GSW-GSW,198701100GSW-LAL,GSW-1987,1,1987,124,69.70833333333334,smithla01-1987
mullich01,25,0.9,198701100GSW-GSW,198701100GSW-LAL,GSW-1987,1,1987,22.5,69.70833333333334,mullich01-1987
mcdonbe01,24,0.9,198701100GSW-GSW,198701100GSW-LAL,GSW-1987,1,1987,21.6,69.70833333333334,mcdonbe01-1987
teaglte01,22,4.6,198701100GSW-GSW,198701100GSW-LAL,GSW-1987,1,1987,101.19999999999999,69.70833333333334,teaglte01-1987
higgiro01,19,0.8,198701100GSW-GSW,198701100GSW-LAL,GSW-1987,1,1987,15.200000000000001,69.70833333333334,higgiro01-1987
whiteje01,19,-0.4,198701100GSW-GSW,198701100GSW-LAL,GSW-1987,1,1987,-7.6000000000000005,69.70833333333334,whiteje01-1987
ballagr01,17,-1.2,198701100GSW-GSW,198701100GSW-LAL,GSW-1987,1,1987,-20.4,69.70833333333334,ballagr01-1987
mosspe01,5,-0.4,198701100GSW-GSW,198701100GSW-LAL,GSW-1987,1,1987,-2,69.70833333333334,mosspe01-1987
smithcl01,1,-0.1,198701100GSW-GSW,198701100GSW-LAL,GSW-1987,1,1987,-0.1,69.70833333333334,smithcl01-1987
washbch01,1,-1,198701100GSW-GSW,198701100GSW-LAL,GSW-1987,1,1987,-1,69.70833333333334,washbch01-1987
johnsma02,40,4.6,198701110LAL-LAL,198701110LAL-SAS,LAL-1987,1,1987,184,59.28888888888889,johnsma02-1987
scottby01,37,-2,198701110LAL-LAL,198701110LAL-SAS,LAL-1987,1,1987,-74,59.28888888888889,scottby01-1987
abdulka01,35,-1.7,198701110LAL-LAL,198701110LAL-SAS,LAL-1987,1,1987,-59.5,59.28888888888889,abdulka01-1987
worthja01,35,13.5,198701110LAL-LAL,198701110LAL-SAS,LAL-1987,1,1987,472.5,59.28888888888889,worthja01-1987
greenac01,32,1.8,198701110LAL-LAL,198701110LAL-SAS,LAL-1987,1,1987,57.6,59.28888888888889,greenac01-1987
coopemi01,24,-1.9,198701110LAL-LAL,198701110LAL-SAS,LAL-1987,1,1987,-45.599999999999994,59.28888888888889,coopemi01-1987
rambiku01,17,-1,198701110LAL-LAL,198701110LAL-SAS,LAL-1987,1,1987,-17,59.28888888888889,rambiku01-1987
thompbi01,13,1.9,198701110LAL-LAL,198701110LAL-SAS,LAL-1987,1,1987,24.7,59.28888888888889,thompbi01-1987
brickfr01,7,-1.3,198701110LAL-LAL,198701110LAL-SAS,LAL-1987,1,1987,-9.1,59.28888888888889,brickfr01-1987
scottby01,44,0.8,198701150LAL-LAL,198701150LAL-GSW,LAL-1987,1,1987,35.2,110.81111111111112,scottby01-1987
worthja01,44,9.3,198701150LAL-LAL,198701150LAL-GSW,LAL-1987,1,1987,409.20000000000005,110.81111111111112,worthja01-1987
johnsma02,40,12.2,198701150LAL-LAL,198701150LAL-GSW,LAL-1987,1,1987,488,110.81111111111112,johnsma02-1987
coopemi01,32,0.9,198701150LAL-LAL,198701150LAL-GSW,LAL-1987,1,1987,28.8,110.81111111111112,coopemi01-1987
abdulka01,26,-1.2,198701150LAL-LAL,198701150LAL-GSW,LAL-1987,1,1987,-31.2,110.81111111111112,abdulka01-1987
greenac01,20,1.2,198701150LAL-LAL,198701150LAL-GSW,LAL-1987,1,1987,24,110.81111111111112,greenac01-1987
rambiku01,17,3.8,198701150LAL-LAL,198701150LAL-GSW,LAL-1987,1,1987,64.6,110.81111111111112,rambiku01-1987
brickfr01,9,-0.5,198701150LAL-LAL,198701150LAL-GSW,LAL-1987,1,1987,-4.5,110.81111111111112,brickfr01-1987
thompbi01,8,-2.1,198701150LAL-LAL,198701150LAL-GSW,LAL-1987,1,1987,-16.8,110.81111111111112,thompbi01-1987
catlete01,40,2.1,198701180WSB-WSB,198701180WSB-LAL,WSB-1987,0,1987,84,38.39,catlete01-1987
malonje01,38,3.2,198701180WSB-WSB,198701180WSB-LAL,WSB-1987,0,1987,121.60000000000001,38.39,malonje01-1987
malonmo01,37,1.2,198701180WSB-WSB,198701180WSB-LAL,WSB-1987,0,1987,44.4,38.39,malonmo01-1987
jonesch01,32,9.7,198701180WSB-WSB,198701180WSB-LAL,WSB-1987,0,1987,310.4,38.39,jonesch01-1987
whatlen01,31,-2.3,198701180WSB-WSB,198701180WSB-LAL,WSB-1987,0,1987,-71.3,38.39,whatlen01-1987
willijo02,24,-0.2,198701180WSB-WSB,198701180WSB-LAL,WSB-1987,0,1987,-4.800000000000001,38.39,willijo02-1987
cookda01,16,-8,198701180WSB-WSB,198701180WSB-LAL,WSB-1987,0,1987,-128,38.39,cookda01-1987
bolma01,12,3.3,198701180WSB-WSB,198701180WSB-LAL,WSB-1987,0,1987,39.599999999999994,38.39,bolma01-1987
vinceja01,9,-1.2,198701180WSB-WSB,198701180WSB-LAL,WSB-1987,0,1987,-10.799999999999999,38.39,vinceja01-1987
adamsmi01,1,-1.2,198701180WSB-WSB,198701180WSB-LAL,WSB-1987,0,1987,-1.2,38.39,adamsmi01-1987
woolror01,41,-2.5,198701190NJN-NJN,198701190NJN-LAL,NJN-1987,0,1987,-102.5,22.563636363636363,woolror01-1987
willibu01,39,10.5,198701190NJN-NJN,198701190NJN-LAL,NJN-1987,0,1987,409.5,22.563636363636363,willibu01-1987
gminsmi01,38,1.3,198701190NJN-NJN,198701190NJN-LAL,NJN-1987,0,1987,49.4,22.563636363636363,gminsmi01-1987
woodle01,34,-3.7,198701190NJN-NJN,198701190NJN-LAL,NJN-1987,0,1987,-125.80000000000001,22.563636363636363,woodle01-1987
brownto01,22,-2.7,198701190NJN-NJN,198701190NJN-LAL,NJN-1987,0,1987,-59.400000000000006,22.563636363636363,brownto01-1987
mckenke01,19,4.1,198701190NJN-NJN,198701190NJN-LAL,NJN-1987,0,1987,77.89999999999999,22.563636363636363,mckenke01-1987
kingal01,15,-1.9,198701190NJN-NJN,198701190NJN-LAL,NJN-1987,0,1987,-28.5,22.563636363636363,kingal01-1987
washipe01,14,0.1,198701190NJN-NJN,198701190NJN-LAL,NJN-1987,0,1987,1.4000000000000001,22.563636363636363,washipe01-1987
turneje01,9,1.4,198701190NJN-NJN,198701190NJN-LAL,NJN-1987,0,1987,12.6,22.563636363636363,turneje01-1987
colembe01,8,1.7,198701190NJN-NJN,198701190NJN-LAL,NJN-1987,0,1987,13.6,22.563636363636363,colembe01-1987
baileja01,1,0,198701190NJN-NJN,198701190NJN-LAL,NJN-1987,0,1987,0,22.563636363636363,baileja01-1987
willike02,42,8.3,198701210ATL-ATL,198701210ATL-LAL,ATL-1987,0,1987,348.6,61.43000000000001,willike02-1987
wilkido01,39,7.9,198701210ATL-ATL,198701210ATL-LAL,ATL-1987,0,1987,308.1,61.43000000000001,wilkido01-1987
koncajo01,32,-3.5,198701210ATL-ATL,198701210ATL-LAL,ATL-1987,0,1987,-112,61.43000000000001,koncajo01-1987
riverdo01,28,0.7,198701210ATL-ATL,198701210ATL-LAL,ATL-1987,0,1987,19.599999999999998,61.43000000000001,riverdo01-1987
mcgeemi01,24,-7.1,198701210ATL-ATL,198701210ATL-LAL,ATL-1987,0,1987,-170.39999999999998,61.43000000000001,mcgeemi01-1987
levincl01,24,1.7,198701210ATL-ATL,198701210ATL-LAL,ATL-1987,0,1987,40.8,61.43000000000001,levincl01-1987
willigu01,23,4.6,198701210ATL-ATL,198701210ATL-LAL,ATL-1987,0,1987,105.8,61.43000000000001,willigu01-1987
battljo01,16,4,198701210ATL-ATL,198701210ATL-LAL,ATL-1987,0,1987,64,61.43000000000001,battljo01-1987
rollitr01,11,0.9,198701210ATL-ATL,198701210ATL-LAL,ATL-1987,0,1987,9.9,61.43000000000001,rollitr01-1987
hastisc01,1,-0.1,198701210ATL-ATL,198701210ATL-LAL,ATL-1987,0,1987,-0.1,61.43000000000001,hastisc01-1987
persoch01,43,1.2,198701220IND-IND,198701220IND-LAL,IND-1987,0,1987,51.6,45.355555555555554,persoch01-1987
willihe01,42,2.5,198701220IND-IND,198701220IND-LAL,IND-1987,0,1987,105,45.355555555555554,willihe01-1987
stipast01,41,2.9,198701220IND-IND,198701220IND-LAL,IND-1987,0,1987,118.89999999999999,45.355555555555554,stipast01-1987
flemive01,34,2.1,198701220IND-IND,198701220IND-LAL,IND-1987,0,1987,71.4,45.355555555555554,flemive01-1987
longjo01,34,0.4,198701220IND-IND,198701220IND-LAL,IND-1987,0,1987,13.600000000000001,45.355555555555554,longjo01-1987
macyky01,21,2.8,198701220IND-IND,198701220IND-LAL,IND-1987,0,1987,58.8,45.355555555555554,macyky01-1987
tisdawa01,16,-0.5,198701220IND-IND,198701220IND-LAL,IND-1987,0,1987,-8,45.355555555555554,tisdawa01-1987
russewa01,7,0.1,198701220IND-IND,198701220IND-LAL,IND-1987,0,1987,0.7000000000000001,45.355555555555554,russewa01-1987
anderro01,2,-1.9,198701220IND-IND,198701220IND-LAL,IND-1987,0,1987,-3.8,45.355555555555554,anderro01-1987
donalja01,40,0.9,198701240DAL-DAL,198701240DAL-LAL,DAL-1987,1,1987,36,121.6125,donalja01-1987
harpede01,39,2.6,198701240DAL-DAL,198701240DAL-LAL,DAL-1987,1,1987,101.4,121.6125,harpede01-1987
perkisa01,39,6.3,198701240DAL-DAL,198701240DAL-LAL,DAL-1987,1,1987,245.7,121.6125,perkisa01-1987
aguirma01,34,7.9,198701240DAL-DAL,198701240DAL-LAL,DAL-1987,1,1987,268.6,121.6125,aguirma01-1987
blackro01,34,7,198701240DAL-DAL,198701240DAL-LAL,DAL-1987,1,1987,238,121.6125,blackro01-1987
schrede01,19,0.4,198701240DAL-DAL,198701240DAL-LAL,DAL-1987,1,1987,7.6000000000000005,121.6125,schrede01-1987
davisbr01,18,7.6,198701240DAL-DAL,198701240DAL-LAL,DAL-1987,1,1987,136.79999999999998,121.6125,davisbr01-1987
tarplro01,17,-3.6,198701240DAL-DAL,198701240DAL-LAL,DAL-1987,1,1987,-61.2,121.6125,tarplro01-1987
abdulka01,43,7.8,198701270LAL-LAL,198701270LAL-POR,LAL-1987,1,1987,335.4,98.33749999999999,abdulka01-1987
johnsma02,39,2.1,198701270LAL-LAL,198701270LAL-POR,LAL-1987,1,1987,81.9,98.33749999999999,johnsma02-1987
scottby01,35,8.5,198701270LAL-LAL,198701270LAL-POR,LAL-1987,1,1987,297.5,98.33749999999999,scottby01-1987
worthja01,33,1.1,198701270LAL-LAL,198701270LAL-POR,LAL-1987,1,1987,36.300000000000004,98.33749999999999,worthja01-1987
coopemi01,28,2.8,198701270LAL-LAL,198701270LAL-POR,LAL-1987,1,1987,78.39999999999999,98.33749999999999,coopemi01-1987
greenac01,27,-1.9,198701270LAL-LAL,198701270LAL-POR,LAL-1987,1,1987,-51.3,98.33749999999999,greenac01-1987
rambiku01,19,-0.9,198701270LAL-LAL,198701270LAL-POR,LAL-1987,1,1987,-17.1,98.33749999999999,rambiku01-1987
thompbi01,16,1.6,198701270LAL-LAL,198701270LAL-POR,LAL-1987,1,1987,25.6,98.33749999999999,thompbi01-1987
ellisda01,41,3.9,198701280SEA-SEA,198701280SEA-LAL,SEA-1987,1,1987,159.9,89.92727272727272,ellisda01-1987
mcdanxa01,41,14.1,198701280SEA-SEA,198701280SEA-LAL,SEA-1987,1,1987,578.1,89.92727272727272,mcdanxa01-1987
chambto01,39,8.5,198701280SEA-SEA,198701280SEA-LAL,SEA-1987,1,1987,331.5,89.92727272727272,chambto01-1987
listeal01,37,-6.4,198701280SEA-SEA,198701280SEA-LAL,SEA-1987,1,1987,-236.8,89.92727272727272,listeal01-1987
youngda01,34,3.1,198701280SEA-SEA,198701280SEA-LAL,SEA-1987,1,1987,105.4,89.92727272727272,youngda01-1987
lucasma01,17,0,198701280SEA-SEA,198701280SEA-LAL,SEA-1987,1,1987,0,89.92727272727272,lucasma01-1987
mcmilna01,10,5.1,198701280SEA-SEA,198701280SEA-LAL,SEA-1987,1,1987,51,89.92727272727272,mcmilna01-1987
johnscl01,9,0.5,198701280SEA-SEA,198701280SEA-LAL,SEA-1987,1,1987,4.5,89.92727272727272,johnscl01-1987
phelpmi01,8,-0.7,198701280SEA-SEA,198701280SEA-LAL,SEA-1987,1,1987,-5.6,89.92727272727272,phelpmi01-1987
schoeru01,2,-0.2,198701280SEA-SEA,198701280SEA-LAL,SEA-1987,1,1987,-0.4,89.92727272727272,schoeru01-1987
stanste01,2,0.8,198701280SEA-SEA,198701280SEA-LAL,SEA-1987,1,1987,1.6,89.92727272727272,stanste01-1987
nancela01,38,-2.1,198701300PHO-PHO,198701300PHO-LAL,PHO-1987,0,1987,-79.8,1.1454545454545466,nancela01-1987
pincked01,32,-0.3,198701300PHO-PHO,198701300PHO-LAL,PHO-1987,0,1987,-9.6,1.1454545454545466,pincked01-1987
bedfowi01,30,-6,198701300PHO-PHO,198701300PHO-LAL,PHO-1987,0,1987,-180,1.1454545454545466,bedfowi01-1987
humphja01,29,3.3,198701300PHO-PHO,198701300PHO-LAL,PHO-1987,0,1987,95.69999999999999,1.1454545454545466,humphja01-1987
daviswa03,27,0.4,198701300PHO-PHO,198701300PHO-LAL,PHO-1987,0,1987,10.8,1.1454545454545466,daviswa03-1987
hornaje01,23,4.4,198701300PHO-PHO,198701300PHO-LAL,PHO-1987,0,1987,101.2,1.1454545454545466,hornaje01-1987
gondrgr01,19,4.4,198701300PHO-PHO,198701300PHO-LAL,PHO-1987,0,1987,83.60000000000001,1.1454545454545466,gondrgr01-1987
sandemi01,14,-2.8,198701300PHO-PHO,198701300PHO-LAL,PHO-1987,0,1987,-39.199999999999996,1.1454545454545466,sandemi01-1987
gattike01,13,-0.7,198701300PHO-PHO,198701300PHO-LAL,PHO-1987,0,1987,-9.1,1.1454545454545466,gattike01-1987
vanosni01,9,2.6,198701300PHO-PHO,198701300PHO-LAL,PHO-1987,0,1987,23.400000000000002,1.1454545454545466,vanosni01-1987
addisra01,6,2.6,198701300PHO-PHO,198701300PHO-LAL,PHO-1987,0,1987,15.600000000000001,1.1454545454545466,addisra01-1987
worthja01,40,-0.4,198702020LAL-LAL,198702020LAL-DAL,LAL-1987,0,1987,-16,70.175,worthja01-1987
johnsma02,39,0.4,198702020LAL-LAL,198702020LAL-DAL,LAL-1987,0,1987,15.600000000000001,70.175,johnsma02-1987
abdulka01,38,5.6,198702020LAL-LAL,198702020LAL-DAL,LAL-1987,0,1987,212.79999999999998,70.175,abdulka01-1987
scottby01,38,5.6,198702020LAL-LAL,198702020LAL-DAL,LAL-1987,0,1987,212.79999999999998,70.175,scottby01-1987
coopemi01,31,2.4,198702020LAL-LAL,198702020LAL-DAL,LAL-1987,0,1987,74.39999999999999,70.175,coopemi01-1987
greenac01,26,1.7,198702020LAL-LAL,198702020LAL-DAL,LAL-1987,0,1987,44.199999999999996,70.175,greenac01-1987
rambiku01,18,1.2,198702020LAL-LAL,198702020LAL-DAL,LAL-1987,0,1987,21.599999999999998,70.175,rambiku01-1987
smrekmi01,10,-0.4,198702020LAL-LAL,198702020LAL-DAL,LAL-1987,0,1987,-4,70.175,smrekmi01-1987
johnsma02,28,9.9,198702040LAL-LAL,198702040LAL-SAC,LAL-1987,1,1987,277.2,62.94166666666666,johnsma02-1987
scottby01,27,2.3,198702040LAL-LAL,198702040LAL-SAC,LAL-1987,1,1987,62.099999999999994,62.94166666666666,scottby01-1987
greenac01,26,7.8,198702040LAL-LAL,198702040LAL-SAC,LAL-1987,1,1987,202.79999999999998,62.94166666666666,greenac01-1987
thompbi01,25,0.6,198702040LAL-LAL,198702040LAL-SAC,LAL-1987,1,1987,15,62.94166666666666,thompbi01-1987
abdulka01,23,1.6,198702040LAL-LAL,198702040LAL-SAC,LAL-1987,1,1987,36.800000000000004,62.94166666666666,abdulka01-1987
worthja01,23,1.5,198702040LAL-LAL,198702040LAL-SAC,LAL-1987,1,1987,34.5,62.94166666666666,worthja01-1987
rambiku01,19,5.1,198702040LAL-LAL,198702040LAL-SAC,LAL-1987,1,1987,96.89999999999999,62.94166666666666,rambiku01-1987
coopemi01,16,-2.5,198702040LAL-LAL,198702040LAL-SAC,LAL-1987,1,1987,-40,62.94166666666666,coopemi01-1987
brancad01,14,3.9,198702040LAL-LAL,198702040LAL-SAC,LAL-1987,1,1987,54.6,62.94166666666666,brancad01-1987
brickfr01,14,2.2,198702040LAL-LAL,198702040LAL-SAC,LAL-1987,1,1987,30.800000000000004,62.94166666666666,brickfr01-1987
smrekmi01,14,0,198702040LAL-LAL,198702040LAL-SAC,LAL-1987,1,1987,0,62.94166666666666,smrekmi01-1987
matthwe01,11,-1.4,198702040LAL-LAL,198702040LAL-SAC,LAL-1987,1,1987,-15.399999999999999,62.94166666666666,matthwe01-1987
drexlcl01,39,1,198702050POR-POR,198702050POR-LAL,POR-1987,1,1987,39,86.725,drexlcl01-1987
vandeki01,39,-2.4,198702050POR-POR,198702050POR-LAL,POR-1987,1,1987,-93.6,86.725,vandeki01-1987
johnsst03,38,7.5,198702050POR-POR,198702050POR-LAL,POR-1987,1,1987,285,86.725,johnsst03-1987
portete01,37,9.6,198702050POR-POR,198702050POR-LAL,POR-1987,1,1987,355.2,86.725,portete01-1987
kerseje01,32,3.7,198702050POR-POR,198702050POR-LAL,POR-1987,1,1987,118.4,86.725,kerseje01-1987
paxsoji02,30,-0.2,198702050POR-POR,198702050POR-LAL,POR-1987,1,1987,-6,86.725,paxsoji02-1987
jonesca01,17,-0.2,198702050POR-POR,198702050POR-LAL,POR-1987,1,1987,-3.4000000000000004,86.725,jonesca01-1987
duckwke01,8,-0.1,198702050POR-POR,198702050POR-LAL,POR-1987,1,1987,-0.8,86.725,duckwke01-1987
theusre01,37,7.9,198702100SAC-SAC,198702100SAC-LAL,SAC-1987,0,1987,292.3,17.525000000000002,theusre01-1987
smithde02,35,-4.2,198702100SAC-SAC,198702100SAC-LAL,SAC-1987,0,1987,-147,17.525000000000002,smithde02-1987
thorpot01,35,8.6,198702100SAC-SAC,198702100SAC-LAL,SAC-1987,0,1987,301,17.525000000000002,thorpot01-1987
thompla01,31,-1.6,198702100SAC-SAC,198702100SAC-LAL,SAC-1987,0,1987,-49.6,17.525000000000002,thompla01-1987
johnsed03,30,-3.4,198702100SAC-SAC,198702100SAC-LAL,SAC-1987,0,1987,-102,17.525000000000002,johnsed03-1987
tylerte01,18,-1.4,198702100SAC-SAC,198702100SAC-LAL,SAC-1987,0,1987,-25.2,17.525000000000002,tylerte01-1987
kleinjo01,17,-4.7,198702100SAC-SAC,198702100SAC-LAL,SAC-1987,0,1987,-79.9,17.525000000000002,kleinjo01-1987
pressha01,13,1.9,198702100SAC-SAC,198702100SAC-LAL,SAC-1987,0,1987,24.7,17.525000000000002,pressha01-1987
olberma01,11,0.1,198702100SAC-SAC,198702100SAC-LAL,SAC-1987,0,1987,1.1,17.525000000000002,olberma01-1987
wilsoot01,9,-0.9,198702100SAC-SAC,198702100SAC-LAL,SAC-1987,0,1987,-8.1,17.525000000000002,wilsoot01-1987
eavesje01,2,-1.2,198702100SAC-SAC,198702100SAC-LAL,SAC-1987,0,1987,-2.4,17.525000000000002,eavesje01-1987
rogerjo01,2,2.7,198702100SAC-SAC,198702100SAC-LAL,SAC-1987,0,1987,5.4,17.525000000000002,rogerjo01-1987
johnsma02,41,10.7,198702130LAL-LAL,198702130LAL-IND,LAL-1987,1,1987,438.7,91.7875,johnsma02-1987
abdulka01,38,2.9,198702130LAL-LAL,198702130LAL-IND,LAL-1987,1,1987,110.2,91.7875,abdulka01-1987
greenac01,36,2.1,198702130LAL-LAL,198702130LAL-IND,LAL-1987,1,1987,75.60000000000001,91.7875,greenac01-1987
scottby01,34,-3.8,198702130LAL-LAL,198702130LAL-IND,LAL-1987,1,1987,-129.2,91.7875,scottby01-1987
worthja01,31,1.6,198702130LAL-LAL,198702130LAL-IND,LAL-1987,1,1987,49.6,91.7875,worthja01-1987
coopemi01,30,3.6,198702130LAL-LAL,198702130LAL-IND,LAL-1987,1,1987,108,91.7875,coopemi01-1987
rambiku01,22,4.5,198702130LAL-LAL,198702130LAL-IND,LAL-1987,1,1987,99,91.7875,rambiku01-1987
thompbi01,8,-2.2,198702130LAL-LAL,198702130LAL-IND,LAL-1987,1,1987,-17.6,91.7875,thompbi01-1987
johnsma02,45,17.1,198702150LAL-LAL,198702150LAL-BOS,LAL-1987,1,1987,769.5000000000001,117.72500000000001,johnsma02-1987
worthja01,41,8.7,198702150LAL-LAL,198702150LAL-BOS,LAL-1987,1,1987,356.7,117.72500000000001,worthja01-1987
abdulka01,37,-2.7,198702150LAL-LAL,198702150LAL-BOS,LAL-1987,1,1987,-99.9,117.72500000000001,abdulka01-1987
scottby01,34,-4.3,198702150LAL-LAL,198702150LAL-BOS,LAL-1987,1,1987,-146.2,117.72500000000001,scottby01-1987
thompmy01,29,-1.9,198702150LAL-LAL,198702150LAL-BOS,LAL-1987,1,1987,-55.099999999999994,117.72500000000001,thompmy01-1987
coopemi01,24,2.9,198702150LAL-LAL,198702150LAL-BOS,LAL-1987,1,1987,69.6,117.72500000000001,coopemi01-1987
greenac01,16,4,198702150LAL-LAL,198702150LAL-BOS,LAL-1987,1,1987,64,117.72500000000001,greenac01-1987
rambiku01,14,-1.2,198702150LAL-LAL,198702150LAL-BOS,LAL-1987,1,1987,-16.8,117.72500000000001,rambiku01-1987
johnsma02,43,3,198702170LAL-LAL,198702170LAL-WSB,LAL-1987,0,1987,129,39.41111111111111,johnsma02-1987
scottby01,41,4.8,198702170LAL-LAL,198702170LAL-WSB,LAL-1987,0,1987,196.79999999999998,39.41111111111111,scottby01-1987
worthja01,40,5.5,198702170LAL-LAL,198702170LAL-WSB,LAL-1987,0,1987,220,39.41111111111111,worthja01-1987
abdulka01,35,-1,198702170LAL-LAL,198702170LAL-WSB,LAL-1987,0,1987,-35,39.41111111111111,abdulka01-1987
coopemi01,25,-6.7,198702170LAL-LAL,198702170LAL-WSB,LAL-1987,0,1987,-167.5,39.41111111111111,coopemi01-1987
rambiku01,22,3.6,198702170LAL-LAL,198702170LAL-WSB,LAL-1987,0,1987,79.2,39.41111111111111,rambiku01-1987
greenac01,17,-0.4,198702170LAL-LAL,198702170LAL-WSB,LAL-1987,0,1987,-6.800000000000001,39.41111111111111,greenac01-1987
thompmy01,16,-3.9,198702170LAL-LAL,198702170LAL-WSB,LAL-1987,0,1987,-62.4,39.41111111111111,thompmy01-1987
brancad01,1,1.4,198702170LAL-LAL,198702170LAL-WSB,LAL-1987,0,1987,1.4,39.41111111111111,brancad01-1987
englial01,41,-1.1,198702180DEN-DEN,198702180DEN-LAL,DEN-1987,0,1987,-45.1,49.199999999999996,englial01-1987
leverfa01,38,6.1,198702180DEN-DEN,198702180DEN-LAL,DEN-1987,0,1987,231.79999999999998,49.199999999999996,leverfa01-1987
evansmi01,37,3.5,198702180DEN-DEN,198702180DEN-LAL,DEN-1987,0,1987,129.5,49.199999999999996,evansmi01-1987
coopewa01,32,2.1,198702180DEN-DEN,198702180DEN-LAL,DEN-1987,0,1987,67.2,49.199999999999996,coopewa01-1987
schayda01,31,-3.2,198702180DEN-DEN,198702180DEN-LAL,DEN-1987,0,1987,-99.2,49.199999999999996,schayda01-1987
hanzlbi01,29,2.4,198702180DEN-DEN,198702180DEN-LAL,DEN-1987,0,1987,69.6,49.199999999999996,hanzlbi01-1987
walkeda01,27,1.4,198702180DEN-DEN,198702180DEN-LAL,DEN-1987,0,1987,37.8,49.199999999999996,walkeda01-1987
dunntr01,5,0.4,198702180DEN-DEN,198702180DEN-LAL,DEN-1987,0,1987,2,49.199999999999996,dunntr01-1987
jordami01,40,11,198702200CHI-CHI,198702200CHI-LAL,CHI-1987,0,1987,440,52.11,jordami01-1987
corzida01,38,0.9,198702200CHI-CHI,198702200CHI-LAL,CHI-1987,0,1987,34.2,52.11,corzida01-1987
oaklech01,37,1.4,198702200CHI-CHI,198702200CHI-LAL,CHI-1987,0,1987,51.8,52.11,oaklech01-1987
paxsojo01,37,-0.3,198702200CHI-CHI,198702200CHI-LAL,CHI-1987,0,1987,-11.1,52.11,paxsojo01-1987
sellebr01,26,2.6,198702200CHI-CHI,198702200CHI-LAL,CHI-1987,0,1987,67.60000000000001,52.11,sellebr01-1987
banksge01,22,-0.4,198702200CHI-CHI,198702200CHI-LAL,CHI-1987,0,1987,-8.8,52.11,banksge01-1987
poquebe01,11,-2.2,198702200CHI-CHI,198702200CHI-LAL,CHI-1987,0,1987,-24.200000000000003,52.11,poquebe01-1987
threase01,11,0.6,198702200CHI-CHI,198702200CHI-LAL,CHI-1987,0,1987,6.6,52.11,threase01-1987
brownmi01,10,-3.1,198702200CHI-CHI,198702200CHI-LAL,CHI-1987,0,1987,-31,52.11,brownmi01-1987
turneel01,8,-0.5,198702200CHI-CHI,198702200CHI-LAL,CHI-1987,0,1987,-4,52.11,turneel01-1987
barklch01,53,4.5,198702220PHI-PHI,198702220PHI-LAL,PHI-1987,0,1987,238.5,98.1625,barklch01-1987
cheekma01,53,1.7,198702220PHI-PHI,198702220PHI-LAL,PHI-1987,0,1987,90.1,98.1625,cheekma01-1987
hinsoro01,49,-1.2,198702220PHI-PHI,198702220PHI-LAL,PHI-1987,0,1987,-58.8,98.1625,hinsoro01-1987
mccorti01,46,5.3,198702220PHI-PHI,198702220PHI-LAL,PHI-1987,0,1987,243.79999999999998,98.1625,mccorti01-1987
toneyan01,46,6.1,198702220PHI-PHI,198702220PHI-LAL,PHI-1987,0,1987,280.59999999999997,98.1625,toneyan01-1987
vraneda01,10,-0.4,198702220PHI-PHI,198702220PHI-LAL,PHI-1987,0,1987,-4,98.1625,vraneda01-1987
freewo01,7,-0.7,198702220PHI-PHI,198702220PHI-LAL,PHI-1987,0,1987,-4.8999999999999995,98.1625,freewo01-1987
wingada01,1,0,198702220PHI-PHI,198702220PHI-LAL,PHI-1987,0,1987,0,98.1625,wingada01-1987
nancela01,40,11,198702240PHO-PHO,198702240PHO-LAL,PHO-1987,0,1987,440,35.22727272727273,nancela01-1987
daviswa03,37,-4.7,198702240PHO-PHO,198702240PHO-LAL,PHO-1987,0,1987,-173.9,35.22727272727273,daviswa03-1987
sandemi01,33,2.1,198702240PHO-PHO,198702240PHO-LAL,PHO-1987,0,1987,69.3,35.22727272727273,sandemi01-1987
hornaje01,32,0.4,198702240PHO-PHO,198702240PHO-LAL,PHO-1987,0,1987,12.8,35.22727272727273,hornaje01-1987
bedfowi01,23,-3.3,198702240PHO-PHO,198702240PHO-LAL,PHO-1987,0,1987,-75.89999999999999,35.22727272727273,bedfowi01-1987
humphja01,23,-2.9,198702240PHO-PHO,198702240PHO-LAL,PHO-1987,0,1987,-66.7,35.22727272727273,humphja01-1987
pincked01,21,11.1,198702240PHO-PHO,198702240PHO-LAL,PHO-1987,0,1987,233.1,35.22727272727273,pincked01-1987
gattike01,15,-1.4,198702240PHO-PHO,198702240PHO-LAL,PHO-1987,0,1987,-21,35.22727272727273,gattike01-1987
vanosni01,7,-4,198702240PHO-PHO,198702240PHO-LAL,PHO-1987,0,1987,-28,35.22727272727273,vanosni01-1987
addisra01,5,1,198702240PHO-PHO,198702240PHO-LAL,PHO-1987,0,1987,5,35.22727272727273,addisra01-1987
gondrgr01,4,-1.8,198702240PHO-PHO,198702240PHO-LAL,PHO-1987,0,1987,-7.2,35.22727272727273,gondrgr01-1987
scottby01,42,6,198702250LAL-LAL,198702250LAL-PHO,LAL-1987,1,1987,252,67.83333333333333,scottby01-1987
coopemi01,40,-0.9,198702250LAL-LAL,198702250LAL-PHO,LAL-1987,1,1987,-36,67.83333333333333,coopemi01-1987
worthja01,38,0.7,198702250LAL-LAL,198702250LAL-PHO,LAL-1987,1,1987,26.599999999999998,67.83333333333333,worthja01-1987
abdulka01,36,10,198702250LAL-LAL,198702250LAL-PHO,LAL-1987,1,1987,360,67.83333333333333,abdulka01-1987
greenac01,24,-2.2,198702250LAL-LAL,198702250LAL-PHO,LAL-1987,1,1987,-52.800000000000004,67.83333333333333,greenac01-1987
thompbi01,24,5,198702250LAL-LAL,198702250LAL-PHO,LAL-1987,1,1987,120,67.83333333333333,thompbi01-1987
thompmy01,15,-6.8,198702250LAL-LAL,198702250LAL-PHO,LAL-1987,1,1987,-102,67.83333333333333,thompmy01-1987
matthwe01,14,2.9,198702250LAL-LAL,198702250LAL-PHO,LAL-1987,1,1987,40.6,67.83333333333333,matthwe01-1987
rambiku01,7,0.3,198702250LAL-LAL,198702250LAL-PHO,LAL-1987,1,1987,2.1,67.83333333333333,rambiku01-1987
coopemi01,40,8.2,198702270LAL-LAL,198702270LAL-GSW,LAL-1987,1,1987,328,86.34444444444443,coopemi01-1987
johnsma02,39,4.6,198702270LAL-LAL,198702270LAL-GSW,LAL-1987,1,1987,179.39999999999998,86.34444444444443,johnsma02-1987
abdulka01,35,6.5,198702270LAL-LAL,198702270LAL-GSW,LAL-1987,1,1987,227.5,86.34444444444443,abdulka01-1987
greenac01,35,2.5,198702270LAL-LAL,198702270LAL-GSW,LAL-1987,1,1987,87.5,86.34444444444443,greenac01-1987
scottby01,30,-1.6,198702270LAL-LAL,198702270LAL-GSW,LAL-1987,1,1987,-48,86.34444444444443,scottby01-1987
worthja01,20,1,198702270LAL-LAL,198702270LAL-GSW,LAL-1987,1,1987,20,86.34444444444443,worthja01-1987
thompbi01,18,-4.7,198702270LAL-LAL,198702270LAL-GSW,LAL-1987,1,1987,-84.60000000000001,86.34444444444443,thompbi01-1987
thompmy01,13,4.1,198702270LAL-LAL,198702270LAL-GSW,LAL-1987,1,1987,53.3,86.34444444444443,thompmy01-1987
rambiku01,10,1.4,198702270LAL-LAL,198702270LAL-GSW,LAL-1987,1,1987,14,86.34444444444443,rambiku01-1987
eatonma01,45,3.9,198702280UTA-UTA,198702280UTA-LAL,UTA-1987,1,1987,175.5,57.57272727272727,eatonma01-1987
malonka01,42,0.4,198702280UTA-UTA,198702280UTA-LAL,UTA-1987,1,1987,16.8,57.57272727272727,malonka01-1987
tripuke01,30,0.1,198702280UTA-UTA,198702280UTA-LAL,UTA-1987,1,1987,3,57.57272727272727,tripuke01-1987
greenri01,29,7.8,198702280UTA-UTA,198702280UTA-LAL,UTA-1987,1,1987,226.2,57.57272727272727,greenri01-1987
griffda01,28,8.4,198702280UTA-UTA,198702280UTA-LAL,UTA-1987,1,1987,235.20000000000002,57.57272727272727,griffda01-1987
stockjo01,19,-1.9,198702280UTA-UTA,198702280UTA-LAL,UTA-1987,1,1987,-36.1,57.57272727272727,stockjo01-1987
hansebo01,18,-0.1,198702280UTA-UTA,198702280UTA-LAL,UTA-1987,1,1987,-1.8,57.57272727272727,hansebo01-1987
baileth01,18,1.1,198702280UTA-UTA,198702280UTA-LAL,UTA-1987,1,1987,19.8,57.57272727272727,baileth01-1987
iavarma01,6,-1.4,198702280UTA-UTA,198702280UTA-LAL,UTA-1987,1,1987,-8.399999999999999,57.57272727272727,iavarma01-1987
bensoke01,3,1.5,198702280UTA-UTA,198702280UTA-LAL,UTA-1987,1,1987,4.5,57.57272727272727,bensoke01-1987
curryde01,2,-0.7,198702280UTA-UTA,198702280UTA-LAL,UTA-1987,1,1987,-1.4,57.57272727272727,curryde01-1987
floydsl01,45,7.1,198703030GSW-GSW,198703030GSW-LAL,GSW-1987,0,1987,319.5,56.381818181818176,floydsl01-1987
carrojo01,39,-1.8,198703030GSW-GSW,198703030GSW-LAL,GSW-1987,0,1987,-70.2,56.381818181818176,carrojo01-1987
mullich01,34,3.9,198703030GSW-GSW,198703030GSW-LAL,GSW-1987,0,1987,132.6,56.381818181818176,mullich01-1987
shortpu01,33,8.7,198703030GSW-GSW,198703030GSW-LAL,GSW-1987,0,1987,287.09999999999997,56.381818181818176,shortpu01-1987
smithla01,26,-2.2,198703030GSW-GSW,198703030GSW-LAL,GSW-1987,0,1987,-57.2,56.381818181818176,smithla01-1987
higgiro01,19,2.5,198703030GSW-GSW,198703030GSW-LAL,GSW-1987,0,1987,47.5,56.381818181818176,higgiro01-1987
ballagr01,16,-1.8,198703030GSW-GSW,198703030GSW-LAL,GSW-1987,0,1987,-28.8,56.381818181818176,ballagr01-1987
teaglte01,16,0.1,198703030GSW-GSW,198703030GSW-LAL,GSW-1987,0,1987,1.6,56.381818181818176,teaglte01-1987
whiteje01,5,-0.8,198703030GSW-GSW,198703030GSW-LAL,GSW-1987,0,1987,-4,56.381818181818176,whiteje01-1987
mcdonbe01,4,-1,198703030GSW-GSW,198703030GSW-LAL,GSW-1987,0,1987,-4,56.381818181818176,mcdonbe01-1987
mosspe01,3,-1.3,198703030GSW-GSW,198703030GSW-LAL,GSW-1987,0,1987,-3.9000000000000004,56.381818181818176,mosspe01-1987
greenac01,43,0,198703040LAL-LAL,198703040LAL-SEA,LAL-1987,1,1987,0,113.25555555555555,greenac01-1987
johnsma02,41,17.7,198703040LAL-LAL,198703040LAL-SEA,LAL-1987,1,1987,725.6999999999999,113.25555555555555,johnsma02-1987
worthja01,41,1.3,198703040LAL-LAL,198703040LAL-SEA,LAL-1987,1,1987,53.300000000000004,113.25555555555555,worthja01-1987
abdulka01,30,8.8,198703040LAL-LAL,198703040LAL-SEA,LAL-1987,1,1987,264,113.25555555555555,abdulka01-1987
coopemi01,30,1.1,198703040LAL-LAL,198703040LAL-SEA,LAL-1987,1,1987,33,113.25555555555555,coopemi01-1987
scottby01,24,-3.3,198703040LAL-LAL,198703040LAL-SEA,LAL-1987,1,1987,-79.19999999999999,113.25555555555555,scottby01-1987
thompmy01,21,1.7,198703040LAL-LAL,198703040LAL-SEA,LAL-1987,1,1987,35.699999999999996,113.25555555555555,thompmy01-1987
thompbi01,8,-1.1,198703040LAL-LAL,198703040LAL-SEA,LAL-1987,1,1987,-8.8,113.25555555555555,thompbi01-1987
rambiku01,2,-2.2,198703040LAL-LAL,198703040LAL-SEA,LAL-1987,1,1987,-4.4,113.25555555555555,rambiku01-1987
worthja01,42,8.3,198703070LAL-LAL,198703070LAL-CLE,LAL-1987,1,1987,348.6,82.55555555555556,worthja01-1987
johnsma02,38,8.9,198703070LAL-LAL,198703070LAL-CLE,LAL-1987,1,1987,338.2,82.55555555555556,johnsma02-1987
scottby01,38,0.6,198703070LAL-LAL,198703070LAL-CLE,LAL-1987,1,1987,22.8,82.55555555555556,scottby01-1987
abdulka01,35,2.3,198703070LAL-LAL,198703070LAL-CLE,LAL-1987,1,1987,80.5,82.55555555555556,abdulka01-1987
coopemi01,26,0.6,198703070LAL-LAL,198703070LAL-CLE,LAL-1987,1,1987,15.6,82.55555555555556,coopemi01-1987
greenac01,22,-1.1,198703070LAL-LAL,198703070LAL-CLE,LAL-1987,1,1987,-24.200000000000003,82.55555555555556,greenac01-1987
rambiku01,22,-0.4,198703070LAL-LAL,198703070LAL-CLE,LAL-1987,1,1987,-8.8,82.55555555555556,rambiku01-1987
thompmy01,13,-2.1,198703070LAL-LAL,198703070LAL-CLE,LAL-1987,1,1987,-27.3,82.55555555555556,thompmy01-1987
thompbi01,4,-0.6,198703070LAL-LAL,198703070LAL-CLE,LAL-1987,1,1987,-2.4,82.55555555555556,thompbi01-1987
cagemi01,38,-0.1,198703090LAC-LAC,198703090LAC-LAL,LAC-1987,0,1987,-3.8000000000000003,-6.249999999999999,cagemi01-1987
valenda01,30,4.3,198703090LAC-LAC,198703090LAC-LAL,LAC-1987,0,1987,129,-6.249999999999999,valenda01-1987
kemptti01,29,-2.8,198703090LAC-LAC,198703090LAC-LAL,LAC-1987,0,1987,-81.19999999999999,-6.249999999999999,kemptti01-1987
woodsmi01,28,1.3,198703090LAC-LAC,198703090LAC-LAL,LAC-1987,0,1987,36.4,-6.249999999999999,woodsmi01-1987
whitero01,25,0.5,198703090LAC-LAC,198703090LAC-LAL,LAC-1987,0,1987,12.5,-6.249999999999999,whitero01-1987
benjabe01,24,-1.7,198703090LAC-LAC,198703090LAC-LAL,LAC-1987,0,1987,-40.8,-6.249999999999999,benjabe01-1987
curetea01,23,-3.4,198703090LAC-LAC,198703090LAC-LAL,LAC-1987,0,1987,-78.2,-6.249999999999999,curetea01-1987
dailequ01,20,-4.1,198703090LAC-LAC,198703090LAC-LAL,LAC-1987,0,1987,-82,-6.249999999999999,dailequ01-1987
gordola01,18,3.2,198703090LAC-LAC,198703090LAC-LAL,LAC-1987,0,1987,57.6,-6.249999999999999,gordola01-1987
johnsst02,5,-2.4,198703090LAC-LAC,198703090LAC-LAL,LAC-1987,0,1987,-12,-6.249999999999999,johnsst02-1987
scottby01,32,1.9,198703100LAL-LAL,198703100LAL-DEN,LAL-1987,1,1987,60.8,74.76666666666667,scottby01-1987
greenac01,29,8.6,198703100LAL-LAL,198703100LAL-DEN,LAL-1987,1,1987,249.39999999999998,74.76666666666667,greenac01-1987
johnsma02,28,9.2,198703100LAL-LAL,198703100LAL-DEN,LAL-1987,1,1987,257.59999999999997,74.76666666666667,johnsma02-1987
abdulka01,27,4.6,198703100LAL-LAL,198703100LAL-DEN,LAL-1987,1,1987,124.19999999999999,74.76666666666667,abdulka01-1987
worthja01,26,5.4,198703100LAL-LAL,198703100LAL-DEN,LAL-1987,1,1987,140.4,74.76666666666667,worthja01-1987
rambiku01,20,4.2,198703100LAL-LAL,198703100LAL-DEN,LAL-1987,1,1987,84,74.76666666666667,rambiku01-1987
coopemi01,19,2.4,198703100LAL-LAL,198703100LAL-DEN,LAL-1987,1,1987,45.6,74.76666666666667,coopemi01-1987
thompbi01,18,0.9,198703100LAL-LAL,198703100LAL-DEN,LAL-1987,1,1987,16.2,74.76666666666667,thompbi01-1987
thompmy01,13,-2.5,198703100LAL-LAL,198703100LAL-DEN,LAL-1987,1,1987,-32.5,74.76666666666667,thompmy01-1987
brancad01,12,-4.7,198703100LAL-LAL,198703100LAL-DEN,LAL-1987,1,1987,-56.400000000000006,74.76666666666667,brancad01-1987
matthwe01,9,3.6,198703100LAL-LAL,198703100LAL-DEN,LAL-1987,1,1987,32.4,74.76666666666667,matthwe01-1987
smrekmi01,7,-3.5,198703100LAL-LAL,198703100LAL-DEN,LAL-1987,1,1987,-24.5,74.76666666666667,smrekmi01-1987
johnsma02,41,5,198703120LAL-LAL,198703120LAL-POR,LAL-1987,1,1987,205,67.55555555555556,johnsma02-1987
worthja01,36,2.1,198703120LAL-LAL,198703120LAL-POR,LAL-1987,1,1987,75.60000000000001,67.55555555555556,worthja01-1987
scottby01,28,5.4,198703120LAL-LAL,198703120LAL-POR,LAL-1987,1,1987,151.20000000000002,67.55555555555556,scottby01-1987
coopemi01,28,0.4,198703120LAL-LAL,198703120LAL-POR,LAL-1987,1,1987,11.200000000000001,67.55555555555556,coopemi01-1987
abdulka01,26,3.2,198703120LAL-LAL,198703120LAL-POR,LAL-1987,1,1987,83.2,67.55555555555556,abdulka01-1987
thompmy01,24,-0.3,198703120LAL-LAL,198703120LAL-POR,LAL-1987,1,1987,-7.199999999999999,67.55555555555556,thompmy01-1987
greenac01,23,-0.6,198703120LAL-LAL,198703120LAL-POR,LAL-1987,1,1987,-13.799999999999999,67.55555555555556,greenac01-1987
rambiku01,22,3.2,198703120LAL-LAL,198703120LAL-POR,LAL-1987,1,1987,70.4,67.55555555555556,rambiku01-1987
thompbi01,12,2.7,198703120LAL-LAL,198703120LAL-POR,LAL-1987,1,1987,32.400000000000006,67.55555555555556,thompbi01-1987
scottby01,33,0.1,198703150LAL-LAL,198703150LAL-LAC,LAL-1987,1,1987,3.3000000000000003,40.06666666666666,scottby01-1987
rambiku01,31,2.4,198703150LAL-LAL,198703150LAL-LAC,LAL-1987,1,1987,74.39999999999999,40.06666666666666,rambiku01-1987
johnsma02,28,8.7,198703150LAL-LAL,198703150LAL-LAC,LAL-1987,1,1987,243.59999999999997,40.06666666666666,johnsma02-1987
worthja01,28,0.8,198703150LAL-LAL,198703150LAL-LAC,LAL-1987,1,1987,22.400000000000002,40.06666666666666,worthja01-1987
abdulka01,24,4.8,198703150LAL-LAL,198703150LAL-LAC,LAL-1987,1,1987,115.19999999999999,40.06666666666666,abdulka01-1987
coopemi01,21,2.6,198703150LAL-LAL,198703150LAL-LAC,LAL-1987,1,1987,54.6,40.06666666666666,coopemi01-1987
thompmy01,21,1.1,198703150LAL-LAL,198703150LAL-LAC,LAL-1987,1,1987,23.1,40.06666666666666,thompmy01-1987
thompbi01,20,-0.3,198703150LAL-LAL,198703150LAL-LAC,LAL-1987,1,1987,-6,40.06666666666666,thompbi01-1987
greenac01,16,-1,198703150LAL-LAL,198703150LAL-LAC,LAL-1987,1,1987,-16,40.06666666666666,greenac01-1987
matthwe01,8,-2,198703150LAL-LAL,198703150LAL-LAC,LAL-1987,1,1987,-16,40.06666666666666,matthwe01-1987
brancad01,7,-2.8,198703150LAL-LAL,198703150LAL-LAC,LAL-1987,1,1987,-19.599999999999998,40.06666666666666,brancad01-1987
smrekmi01,3,0.6,198703150LAL-LAL,198703150LAL-LAC,LAL-1987,1,1987,1.7999999999999998,40.06666666666666,smrekmi01-1987
scottby01,41,-0.9,198703180LAL-LAL,198703180LAL-UTA,LAL-1987,1,1987,-36.9,91.44,scottby01-1987
johnsma02,38,15.7,198703180LAL-LAL,198703180LAL-UTA,LAL-1987,1,1987,596.6,91.44,johnsma02-1987
worthja01,36,7,198703180LAL-LAL,198703180LAL-UTA,LAL-1987,1,1987,252,91.44,worthja01-1987
abdulka01,33,0,198703180LAL-LAL,198703180LAL-UTA,LAL-1987,1,1987,0,91.44,abdulka01-1987
greenac01,24,2.2,198703180LAL-LAL,198703180LAL-UTA,LAL-1987,1,1987,52.800000000000004,91.44,greenac01-1987
coopemi01,22,6,198703180LAL-LAL,198703180LAL-UTA,LAL-1987,1,1987,132,91.44,coopemi01-1987
rambiku01,19,0.1,198703180LAL-LAL,198703180LAL-UTA,LAL-1987,1,1987,1.9000000000000001,91.44,rambiku01-1987
thompmy01,15,-5.6,198703180LAL-LAL,198703180LAL-UTA,LAL-1987,1,1987,-84,91.44,thompmy01-1987
thompbi01,10,0.2,198703180LAL-LAL,198703180LAL-UTA,LAL-1987,1,1987,2,91.44,thompbi01-1987
matthwe01,2,-1,198703180LAL-LAL,198703180LAL-UTA,LAL-1987,1,1987,-2,91.44,matthwe01-1987
greenac01,33,-2.2,198703200LAL-LAL,198703200LAL-SAS,LAL-1987,1,1987,-72.60000000000001,49.68333333333333,greenac01-1987
johnsma02,30,7.8,198703200LAL-LAL,198703200LAL-SAS,LAL-1987,1,1987,234,49.68333333333333,johnsma02-1987
scottby01,27,8,198703200LAL-LAL,198703200LAL-SAS,LAL-1987,1,1987,216,49.68333333333333,scottby01-1987
abdulka01,25,-1.1,198703200LAL-LAL,198703200LAL-SAS,LAL-1987,1,1987,-27.500000000000004,49.68333333333333,abdulka01-1987
worthja01,25,-1,198703200LAL-LAL,198703200LAL-SAS,LAL-1987,1,1987,-25,49.68333333333333,worthja01-1987
rambiku01,22,6.9,198703200LAL-LAL,198703200LAL-SAS,LAL-1987,1,1987,151.8,49.68333333333333,rambiku01-1987
coopemi01,20,0.6,198703200LAL-LAL,198703200LAL-SAS,LAL-1987,1,1987,12,49.68333333333333,coopemi01-1987
thompbi01,16,1.4,198703200LAL-LAL,198703200LAL-SAS,LAL-1987,1,1987,22.4,49.68333333333333,thompbi01-1987
thompmy01,15,2.7,198703200LAL-LAL,198703200LAL-SAS,LAL-1987,1,1987,40.5,49.68333333333333,thompmy01-1987
matthwe01,10,5.5,198703200LAL-LAL,198703200LAL-SAS,LAL-1987,1,1987,55,49.68333333333333,matthwe01-1987
brancad01,9,0,198703200LAL-LAL,198703200LAL-SAS,LAL-1987,1,1987,0,49.68333333333333,brancad01-1987
smrekmi01,8,-1.3,198703200LAL-LAL,198703200LAL-SAS,LAL-1987,1,1987,-10.4,49.68333333333333,smrekmi01-1987
johnsma02,40,15.2,198703220LAL-LAL,198703220LAL-SAC,LAL-1987,1,1987,608,68.58888888888889,johnsma02-1987
greenac01,35,-2,198703220LAL-LAL,198703220LAL-SAC,LAL-1987,1,1987,-70,68.58888888888889,greenac01-1987
scottby01,32,-1.8,198703220LAL-LAL,198703220LAL-SAC,LAL-1987,1,1987,-57.6,68.58888888888889,scottby01-1987
worthja01,32,4.2,198703220LAL-LAL,198703220LAL-SAC,LAL-1987,1,1987,134.4,68.58888888888889,worthja01-1987
abdulka01,27,-5.3,198703220LAL-LAL,198703220LAL-SAC,LAL-1987,1,1987,-143.1,68.58888888888889,abdulka01-1987
coopemi01,24,1.7,198703220LAL-LAL,198703220LAL-SAC,LAL-1987,1,1987,40.8,68.58888888888889,coopemi01-1987
rambiku01,20,2.8,198703220LAL-LAL,198703220LAL-SAC,LAL-1987,1,1987,56,68.58888888888889,rambiku01-1987
thompmy01,17,3.1,198703220LAL-LAL,198703220LAL-SAC,LAL-1987,1,1987,52.7,68.58888888888889,thompmy01-1987
thompbi01,13,-0.3,198703220LAL-LAL,198703220LAL-SAC,LAL-1987,1,1987,-3.9,68.58888888888889,thompbi01-1987
nancela01,46,12,198703240PHO-PHO,198703240PHO-LAL,PHO-1987,1,1987,552,75.18,nancela01-1987
daviswa03,32,-1.2,198703240PHO-PHO,198703240PHO-LAL,PHO-1987,1,1987,-38.4,75.18,daviswa03-1987
pincked01,31,1.8,198703240PHO-PHO,198703240PHO-LAL,PHO-1987,1,1987,55.800000000000004,75.18,pincked01-1987
humphja01,25,-0.4,198703240PHO-PHO,198703240PHO-LAL,PHO-1987,1,1987,-10,75.18,humphja01-1987
hornaje01,23,-0.7,198703240PHO-PHO,198703240PHO-LAL,PHO-1987,1,1987,-16.099999999999998,75.18,hornaje01-1987
vanosni01,21,8.9,198703240PHO-PHO,198703240PHO-LAL,PHO-1987,1,1987,186.9,75.18,vanosni01-1987
adamsal01,20,-0.4,198703240PHO-PHO,198703240PHO-LAL,PHO-1987,1,1987,-8,75.18,adamsal01-1987
sandemi01,19,0.7,198703240PHO-PHO,198703240PHO-LAL,PHO-1987,1,1987,13.299999999999999,75.18,sandemi01-1987
thompbe01,16,1.5,198703240PHO-PHO,198703240PHO-LAL,PHO-1987,1,1987,24,75.18,thompbe01-1987
gattike01,7,-1.1,198703240PHO-PHO,198703240PHO-LAL,PHO-1987,1,1987,-7.700000000000001,75.18,gattike01-1987
worthja01,41,8.6,198703260LAL-LAL,198703260LAL-DET,LAL-1987,1,1987,352.59999999999997,102.69,worthja01-1987
johnsma02,38,12.2,198703260LAL-LAL,198703260LAL-DET,LAL-1987,1,1987,463.59999999999997,102.69,johnsma02-1987
greenac01,32,0.3,198703260LAL-LAL,198703260LAL-DET,LAL-1987,1,1987,9.6,102.69,greenac01-1987
scottby01,32,5.9,198703260LAL-LAL,198703260LAL-DET,LAL-1987,1,1987,188.8,102.69,scottby01-1987
abdulka01,30,3.6,198703260LAL-LAL,198703260LAL-DET,LAL-1987,1,1987,108,102.69,abdulka01-1987
coopemi01,24,1.6,198703260LAL-LAL,198703260LAL-DET,LAL-1987,1,1987,38.400000000000006,102.69,coopemi01-1987
rambiku01,19,-3.1,198703260LAL-LAL,198703260LAL-DET,LAL-1987,1,1987,-58.9,102.69,rambiku01-1987
thompmy01,18,-4.2,198703260LAL-LAL,198703260LAL-DET,LAL-1987,1,1987,-75.60000000000001,102.69,thompmy01-1987
thompbi01,4,-1.2,198703260LAL-LAL,198703260LAL-DET,LAL-1987,1,1987,-4.8,102.69,thompbi01-1987
matthwe01,2,2.6,198703260LAL-LAL,198703260LAL-DET,LAL-1987,1,1987,5.2,102.69,matthwe01-1987
olajuha01,37,0.5,198703280HOU-HOU,198703280HOU-LAL,HOU-1987,0,1987,18.5,24.200000000000006,olajuha01-1987
leaveal01,32,3.2,198703280HOU-HOU,198703280HOU-LAL,HOU-1987,0,1987,102.4,24.200000000000006,leaveal01-1987
mccraro01,31,9.8,198703280HOU-HOU,198703280HOU-LAL,HOU-1987,0,1987,303.8,24.200000000000006,mccraro01-1987
harrist01,27,3.9,198703280HOU-HOU,198703280HOU-LAL,HOU-1987,0,1987,105.3,24.200000000000006,harrist01-1987
peterji01,24,-6.1,198703280HOU-HOU,198703280HOU-LAL,HOU-1987,0,1987,-146.39999999999998,24.200000000000006,peterji01-1987
reidro01,24,-2.9,198703280HOU-HOU,198703280HOU-LAL,HOU-1987,0,1987,-69.6,24.200000000000006,reidro01-1987
feitlda01,19,3.6,198703280HOU-HOU,198703280HOU-LAL,HOU-1987,0,1987,68.4,24.200000000000006,feitlda01-1987
johnsbu01,16,-1.5,198703280HOU-HOU,198703280HOU-LAL,HOU-1987,0,1987,-24,24.200000000000006,johnsbu01-1987
minnidi01,14,-4.5,198703280HOU-HOU,198703280HOU-LAL,HOU-1987,0,1987,-63,24.200000000000006,minnidi01-1987
maxwece01,12,-3.3,198703280HOU-HOU,198703280HOU-LAL,HOU-1987,0,1987,-39.599999999999994,24.200000000000006,maxwece01-1987
anderri01,4,2.6,198703280HOU-HOU,198703280HOU-LAL,HOU-1987,0,1987,10.4,24.200000000000006,anderri01-1987
scottby01,40,2.9,198703310LAL-LAL,198703310LAL-HOU,LAL-1987,1,1987,116,74.69166666666666,scottby01-1987
worthja01,39,6.1,198703310LAL-LAL,198703310LAL-HOU,LAL-1987,1,1987,237.89999999999998,74.69166666666666,worthja01-1987
johnsma02,38,7.6,198703310LAL-LAL,198703310LAL-HOU,LAL-1987,1,1987,288.8,74.69166666666666,johnsma02-1987
greenac01,25,6.3,198703310LAL-LAL,198703310LAL-HOU,LAL-1987,1,1987,157.5,74.69166666666666,greenac01-1987
coopemi01,25,5.8,198703310LAL-LAL,198703310LAL-HOU,LAL-1987,1,1987,145,74.69166666666666,coopemi01-1987
thompmy01,24,-1.9,198703310LAL-LAL,198703310LAL-HOU,LAL-1987,1,1987,-45.599999999999994,74.69166666666666,thompmy01-1987
abdulka01,23,0.2,198703310LAL-LAL,198703310LAL-HOU,LAL-1987,1,1987,4.6000000000000005,74.69166666666666,abdulka01-1987
rambiku01,19,-0.1,198703310LAL-LAL,198703310LAL-HOU,LAL-1987,1,1987,-1.9000000000000001,74.69166666666666,rambiku01-1987
brancad01,2,0,198703310LAL-LAL,198703310LAL-HOU,LAL-1987,1,1987,0,74.69166666666666,brancad01-1987
matthwe01,2,-2.1,198703310LAL-LAL,198703310LAL-HOU,LAL-1987,1,1987,-4.2,74.69166666666666,matthwe01-1987
thompbi01,2,-0.9,198703310LAL-LAL,198703310LAL-HOU,LAL-1987,1,1987,-1.8,74.69166666666666,thompbi01-1987
smrekmi01,1,0,198703310LAL-LAL,198703310LAL-HOU,LAL-1987,1,1987,0,74.69166666666666,smrekmi01-1987
mcdanxa01,44,13.7,198704020SEA-SEA,198704020SEA-LAL,SEA-1987,0,1987,602.8,84.69999999999999,mcdanxa01-1987
chambto01,41,0.9,198704020SEA-SEA,198704020SEA-LAL,SEA-1987,0,1987,36.9,84.69999999999999,chambto01-1987
ellisda01,40,1.4,198704020SEA-SEA,198704020SEA-LAL,SEA-1987,0,1987,56,84.69999999999999,ellisda01-1987
mcmilna01,35,2.5,198704020SEA-SEA,198704020SEA-LAL,SEA-1987,0,1987,87.5,84.69999999999999,mcmilna01-1987
johnscl01,24,-0.2,198704020SEA-SEA,198704020SEA-LAL,SEA-1987,0,1987,-4.800000000000001,84.69999999999999,johnscl01-1987
johnsed02,22,-4.3,198704020SEA-SEA,198704020SEA-LAL,SEA-1987,0,1987,-94.6,84.69999999999999,johnsed02-1987
lucasma01,22,-1.7,198704020SEA-SEA,198704020SEA-LAL,SEA-1987,0,1987,-37.4,84.69999999999999,lucasma01-1987
listeal01,12,2.6,198704020SEA-SEA,198704020SEA-LAL,SEA-1987,0,1987,31.200000000000003,84.69999999999999,listeal01-1987
vandeki01,41,1.7,198704030POR-POR,198704030POR-LAL,POR-1987,0,1987,69.7,61.31111111111111,vandeki01-1987
drexlcl01,40,7.2,198704030POR-POR,198704030POR-LAL,POR-1987,0,1987,288,61.31111111111111,drexlcl01-1987
portete01,38,3.4,198704030POR-POR,198704030POR-LAL,POR-1987,0,1987,129.2,61.31111111111111,portete01-1987
johnsst03,36,0.4,198704030POR-POR,198704030POR-LAL,POR-1987,0,1987,14.4,61.31111111111111,johnsst03-1987
kerseje01,28,-1.1,198704030POR-POR,198704030POR-LAL,POR-1987,0,1987,-30.800000000000004,61.31111111111111,kerseje01-1987
jonesca01,22,2.4,198704030POR-POR,198704030POR-LAL,POR-1987,0,1987,52.8,61.31111111111111,jonesca01-1987
paxsoji02,18,3.2,198704030POR-POR,198704030POR-LAL,POR-1987,0,1987,57.6,61.31111111111111,paxsoji02-1987
duckwke01,9,-1.1,198704030POR-POR,198704030POR-LAL,POR-1987,0,1987,-9.9,61.31111111111111,duckwke01-1987
carrke01,8,-2.4,198704030POR-POR,198704030POR-LAL,POR-1987,0,1987,-19.2,61.31111111111111,carrke01-1987
leverfa01,41,7.3,198704050DEN-DEN,198704050DEN-LAL,DEN-1987,0,1987,299.3,55.077777777777776,leverfa01-1987
englial01,39,5.1,198704050DEN-DEN,198704050DEN-LAL,DEN-1987,0,1987,198.89999999999998,55.077777777777776,englial01-1987
schayda01,33,1.9,198704050DEN-DEN,198704050DEN-LAL,DEN-1987,0,1987,62.699999999999996,55.077777777777776,schayda01-1987
walkeda01,27,0.5,198704050DEN-DEN,198704050DEN-LAL,DEN-1987,0,1987,13.5,55.077777777777776,walkeda01-1987
hanzlbi01,25,-1.3,198704050DEN-DEN,198704050DEN-LAL,DEN-1987,0,1987,-32.5,55.077777777777776,hanzlbi01-1987
dunntr01,20,-0.7,198704050DEN-DEN,198704050DEN-LAL,DEN-1987,0,1987,-14,55.077777777777776,dunntr01-1987
coopewa01,19,-1.4,198704050DEN-DEN,198704050DEN-LAL,DEN-1987,0,1987,-26.599999999999998,55.077777777777776,coopewa01-1987
rasmubl01,19,2.3,198704050DEN-DEN,198704050DEN-LAL,DEN-1987,0,1987,43.699999999999996,55.077777777777776,rasmubl01-1987
evansmi01,17,-2.9,198704050DEN-DEN,198704050DEN-LAL,DEN-1987,0,1987,-49.3,55.077777777777776,evansmi01-1987
greenac01,33,4.1,198704060LAL-LAL,198704060LAL-LAC,LAL-1987,1,1987,135.29999999999998,42.775000000000006,greenac01-1987
johnsma02,28,10.8,198704060LAL-LAL,198704060LAL-LAC,LAL-1987,1,1987,302.40000000000003,42.775000000000006,johnsma02-1987
scottby01,28,-3.8,198704060LAL-LAL,198704060LAL-LAC,LAL-1987,1,1987,-106.39999999999999,42.775000000000006,scottby01-1987
rambiku01,26,-1.6,198704060LAL-LAL,198704060LAL-LAC,LAL-1987,1,1987,-41.6,42.775000000000006,rambiku01-1987
worthja01,25,6.6,198704060LAL-LAL,198704060LAL-LAC,LAL-1987,1,1987,165,42.775000000000006,worthja01-1987
abdulka01,22,-0.3,198704060LAL-LAL,198704060LAL-LAC,LAL-1987,1,1987,-6.6,42.775000000000006,abdulka01-1987
coopemi01,20,4.8,198704060LAL-LAL,198704060LAL-LAC,LAL-1987,1,1987,96,42.775000000000006,coopemi01-1987
thompmy01,19,0.8,198704060LAL-LAL,198704060LAL-LAC,LAL-1987,1,1987,15.200000000000001,42.775000000000006,thompmy01-1987
thompbi01,12,-2.5,198704060LAL-LAL,198704060LAL-LAC,LAL-1987,1,1987,-30,42.775000000000006,thompbi01-1987
brancad01,10,-2.5,198704060LAL-LAL,198704060LAL-LAC,LAL-1987,1,1987,-25,42.775000000000006,brancad01-1987
matthwe01,10,0.2,198704060LAL-LAL,198704060LAL-LAC,LAL-1987,1,1987,2,42.775000000000006,matthwe01-1987
smrekmi01,7,1,198704060LAL-LAL,198704060LAL-LAC,LAL-1987,1,1987,7,42.775000000000006,smrekmi01-1987
whitero01,35,-3.1,198704090LAC-LAC,198704090LAC-LAL,LAC-1987,0,1987,-108.5,-11.390909090909089,whitero01-1987
cagemi01,32,5.9,198704090LAC-LAC,198704090LAC-LAL,LAC-1987,0,1987,188.8,-11.390909090909089,cagemi01-1987
valenda01,31,-3.5,198704090LAC-LAC,198704090LAC-LAL,LAC-1987,0,1987,-108.5,-11.390909090909089,valenda01-1987
curetea01,29,-0.4,198704090LAC-LAC,198704090LAC-LAL,LAC-1987,0,1987,-11.600000000000001,-11.390909090909089,curetea01-1987
dailequ01,25,-4.5,198704090LAC-LAC,198704090LAC-LAL,LAC-1987,0,1987,-112.5,-11.390909090909089,dailequ01-1987
drewla01,20,2.2,198704090LAC-LAC,198704090LAC-LAL,LAC-1987,0,1987,44,-11.390909090909089,drewla01-1987
kemptti01,20,0,198704090LAC-LAC,198704090LAC-LAL,LAC-1987,0,1987,0,-11.390909090909089,kemptti01-1987
benjabe01,16,0,198704090LAC-LAC,198704090LAC-LAL,LAC-1987,0,1987,0,-11.390909090909089,benjabe01-1987
gordola01,14,-2.8,198704090LAC-LAC,198704090LAC-LAL,LAC-1987,0,1987,-39.199999999999996,-11.390909090909089,gordola01-1987
woodsmi01,10,0.7,198704090LAC-LAC,198704090LAC-LAL,LAC-1987,0,1987,7,-11.390909090909089,woodsmi01-1987
johnsst02,8,1.9,198704090LAC-LAC,198704090LAC-LAL,LAC-1987,0,1987,15.2,-11.390909090909089,johnsst02-1987
johnsma02,37,2.7,198704100LAL-LAL,198704100LAL-SAS,LAL-1987,1,1987,99.9,51.49090909090909,johnsma02-1987
greenac01,35,3.7,198704100LAL-LAL,198704100LAL-SAS,LAL-1987,1,1987,129.5,51.49090909090909,greenac01-1987
worthja01,34,4.3,198704100LAL-LAL,198704100LAL-SAS,LAL-1987,1,1987,146.2,51.49090909090909,worthja01-1987
abdulka01,33,3,198704100LAL-LAL,198704100LAL-SAS,LAL-1987,1,1987,99,51.49090909090909,abdulka01-1987
coopemi01,32,0.3,198704100LAL-LAL,198704100LAL-SAS,LAL-1987,1,1987,9.6,51.49090909090909,coopemi01-1987
scottby01,24,1.2,198704100LAL-LAL,198704100LAL-SAS,LAL-1987,1,1987,28.799999999999997,51.49090909090909,scottby01-1987
thompbi01,14,-0.7,198704100LAL-LAL,198704100LAL-SAS,LAL-1987,1,1987,-9.799999999999999,51.49090909090909,thompbi01-1987
rambiku01,13,2.9,198704100LAL-LAL,198704100LAL-SAS,LAL-1987,1,1987,37.699999999999996,51.49090909090909,rambiku01-1987
thompmy01,13,2.2,198704100LAL-LAL,198704100LAL-SAS,LAL-1987,1,1987,28.6,51.49090909090909,thompmy01-1987
matthwe01,3,-0.7,198704100LAL-LAL,198704100LAL-SAS,LAL-1987,1,1987,-2.0999999999999996,51.49090909090909,matthwe01-1987
smrekmi01,2,-0.5,198704100LAL-LAL,198704100LAL-SAS,LAL-1987,1,1987,-1,51.49090909090909,smrekmi01-1987
worthja01,39,5.6,198704120LAL-LAL,198704120LAL-PHO,LAL-1987,1,1987,218.39999999999998,90.99,worthja01-1987
scottby01,37,1.5,198704120LAL-LAL,198704120LAL-PHO,LAL-1987,1,1987,55.5,90.99,scottby01-1987
johnsma02,35,16.3,198704120LAL-LAL,198704120LAL-PHO,LAL-1987,1,1987,570.5,90.99,johnsma02-1987
greenac01,32,2.7,198704120LAL-LAL,198704120LAL-PHO,LAL-1987,1,1987,86.4,90.99,greenac01-1987
abdulka01,29,1.4,198704120LAL-LAL,198704120LAL-PHO,LAL-1987,1,1987,40.599999999999994,90.99,abdulka01-1987
coopemi01,26,2.4,198704120LAL-LAL,198704120LAL-PHO,LAL-1987,1,1987,62.4,90.99,coopemi01-1987
thompmy01,19,-4.4,198704120LAL-LAL,198704120LAL-PHO,LAL-1987,1,1987,-83.60000000000001,90.99,thompmy01-1987
rambiku01,14,-3.1,198704120LAL-LAL,198704120LAL-PHO,LAL-1987,1,1987,-43.4,90.99,rambiku01-1987
thompbi01,8,0.4,198704120LAL-LAL,198704120LAL-PHO,LAL-1987,1,1987,3.2,90.99,thompbi01-1987
matthwe01,1,-0.1,198704120LAL-LAL,198704120LAL-PHO,LAL-1987,1,1987,-0.1,90.99,matthwe01-1987
malonka01,35,0,198704160UTA-UTA,198704160UTA-LAL,UTA-1987,0,1987,0,18.974999999999998,malonka01-1987
eatonma01,30,-0.5,198704160UTA-UTA,198704160UTA-LAL,UTA-1987,0,1987,-15,18.974999999999998,eatonma01-1987
scurrca01,28,6.2,198704160UTA-UTA,198704160UTA-LAL,UTA-1987,0,1987,173.6,18.974999999999998,scurrca01-1987
greenri01,27,-2.5,198704160UTA-UTA,198704160UTA-LAL,UTA-1987,0,1987,-67.5,18.974999999999998,greenri01-1987
griffda01,26,3.4,198704160UTA-UTA,198704160UTA-LAL,UTA-1987,0,1987,88.39999999999999,18.974999999999998,griffda01-1987
stockjo01,21,4.5,198704160UTA-UTA,198704160UTA-LAL,UTA-1987,0,1987,94.5,18.974999999999998,stockjo01-1987
baileth01,17,-1.7,198704160UTA-UTA,198704160UTA-LAL,UTA-1987,0,1987,-28.9,18.974999999999998,baileth01-1987
iavarma01,15,-2.7,198704160UTA-UTA,198704160UTA-LAL,UTA-1987,0,1987,-40.5,18.974999999999998,iavarma01-1987
curryde01,13,3,198704160UTA-UTA,198704160UTA-LAL,UTA-1987,0,1987,39,18.974999999999998,curryde01-1987
hansebo01,10,-2.4,198704160UTA-UTA,198704160UTA-LAL,UTA-1987,0,1987,-24,18.974999999999998,hansebo01-1987
bensoke01,9,-0.8,198704160UTA-UTA,198704160UTA-LAL,UTA-1987,0,1987,-7.2,18.974999999999998,bensoke01-1987
tripuke01,9,1.7,198704160UTA-UTA,198704160UTA-LAL,UTA-1987,0,1987,15.299999999999999,18.974999999999998,tripuke01-1987
greenda01,37,7.5,198704170SAS-SAS,198704170SAS-LAL,SAS-1987,1,1987,277.5,56.25555555555555,greenda01-1987
berrywa01,32,-6.5,198704170SAS-SAS,198704170SAS-LAL,SAS-1987,1,1987,-208,56.25555555555555,berrywa01-1987
nealyed01,32,5.2,198704170SAS-SAS,198704170SAS-LAL,SAS-1987,1,1987,166.4,56.25555555555555,nealyed01-1987
dawkijo01,28,3.2,198704170SAS-SAS,198704170SAS-LAL,SAS-1987,1,1987,89.60000000000001,56.25555555555555,dawkijo01-1987
jonesan01,27,0.4,198704170SAS-SAS,198704170SAS-LAL,SAS-1987,1,1987,10.8,56.25555555555555,jonesan01-1987
krystla01,25,3.4,198704170SAS-SAS,198704170SAS-LAL,SAS-1987,1,1987,85,56.25555555555555,krystla01-1987
moorejo01,22,8.2,198704170SAS-SAS,198704170SAS-LAL,SAS-1987,1,1987,180.39999999999998,56.25555555555555,moorejo01-1987
roberal01,21,-3.4,198704170SAS-SAS,198704170SAS-LAL,SAS-1987,1,1987,-71.39999999999999,56.25555555555555,roberal01-1987
gilmoar01,16,-1.5,198704170SAS-SAS,198704170SAS-LAL,SAS-1987,1,1987,-24,56.25555555555555,gilmoar01-1987
thompmy01,39,5.7,198704190LAL-LAL,198704190LAL-SEA,LAL-1987,0,1987,222.3,47.375,thompmy01-1987
scottby01,38,5,198704190LAL-LAL,198704190LAL-SEA,LAL-1987,0,1987,190,47.375,scottby01-1987
worthja01,37,3,198704190LAL-LAL,198704190LAL-SEA,LAL-1987,0,1987,111,47.375,worthja01-1987
johnsma02,34,1.1,198704190LAL-LAL,198704190LAL-SEA,LAL-1987,0,1987,37.400000000000006,47.375,johnsma02-1987
greenac01,28,-1.8,198704190LAL-LAL,198704190LAL-SEA,LAL-1987,0,1987,-50.4,47.375,greenac01-1987
coopemi01,26,-6.9,198704190LAL-LAL,198704190LAL-SEA,LAL-1987,0,1987,-179.4,47.375,coopemi01-1987
rambiku01,21,1.4,198704190LAL-LAL,198704190LAL-SEA,LAL-1987,0,1987,29.4,47.375,rambiku01-1987
thompbi01,17,1.1,198704190LAL-LAL,198704190LAL-SEA,LAL-1987,0,1987,18.700000000000003,47.375,thompbi01-1987
johnsma02,42,2.8,198611010HOU-LAL,198611010HOU-HOU,LAL-1987,0,1987,117.6,62.425,johnsma02-1987
abdulka01,40,6.2,198611010HOU-LAL,198611010HOU-HOU,LAL-1987,0,1987,248,62.425,abdulka01-1987
worthja01,39,1,198611010HOU-LAL,198611010HOU-HOU,LAL-1987,0,1987,39,62.425,worthja01-1987
rambiku01,33,-3.1,198611010HOU-LAL,198611010HOU-HOU,LAL-1987,0,1987,-102.3,62.425,rambiku01-1987
coopemi01,31,1.6,198611010HOU-LAL,198611010HOU-HOU,LAL-1987,0,1987,49.6,62.425,coopemi01-1987
scottby01,30,7.1,198611010HOU-LAL,198611010HOU-HOU,LAL-1987,0,1987,213,62.425,scottby01-1987
brickfr01,15,-3.5,198611010HOU-LAL,198611010HOU-HOU,LAL-1987,0,1987,-52.5,62.425,brickfr01-1987
matthwe01,10,-1.3,198611010HOU-LAL,198611010HOU-HOU,LAL-1987,0,1987,-13,62.425,matthwe01-1987
rambiku01,40,3.4,198611040SEA-LAL,198611040SEA-SEA,LAL-1987,1,1987,136,81.88,rambiku01-1987
johnsma02,39,7.2,198611040SEA-LAL,198611040SEA-SEA,LAL-1987,1,1987,280.8,81.88,johnsma02-1987
abdulka01,37,-2,198611040SEA-LAL,198611040SEA-SEA,LAL-1987,1,1987,-74,81.88,abdulka01-1987
worthja01,36,2.9,198611040SEA-LAL,198611040SEA-SEA,LAL-1987,1,1987,104.39999999999999,81.88,worthja01-1987
scottby01,30,10.2,198611040SEA-LAL,198611040SEA-SEA,LAL-1987,1,1987,306,81.88,scottby01-1987
coopemi01,24,5.3,198611040SEA-LAL,198611040SEA-SEA,LAL-1987,1,1987,127.19999999999999,81.88,coopemi01-1987
brickfr01,15,-2.7,198611040SEA-LAL,198611040SEA-SEA,LAL-1987,1,1987,-40.5,81.88,brickfr01-1987
matthwe01,10,-1.2,198611040SEA-LAL,198611040SEA-SEA,LAL-1987,1,1987,-12,81.88,matthwe01-1987
brancad01,5,0.5,198611040SEA-LAL,198611040SEA-SEA,LAL-1987,1,1987,2.5,81.88,brancad01-1987
greenac01,4,-2.9,198611040SEA-LAL,198611040SEA-SEA,LAL-1987,1,1987,-11.6,81.88,greenac01-1987
englial01,37,2.4,198611070LAL-DEN,198611070LAL-LAL,DEN-1987,0,1987,88.8,10.620000000000001,englial01-1987
leverfa01,37,-0.1,198611070LAL-DEN,198611070LAL-LAL,DEN-1987,0,1987,-3.7,10.620000000000001,leverfa01-1987
hanzlbi01,36,3.9,198611070LAL-DEN,198611070LAL-LAL,DEN-1987,0,1987,140.4,10.620000000000001,hanzlbi01-1987
dunntr01,34,-0.6,198611070LAL-DEN,198611070LAL-LAL,DEN-1987,0,1987,-20.4,10.620000000000001,dunntr01-1987
alarima01,31,-2.9,198611070LAL-DEN,198611070LAL-LAL,DEN-1987,0,1987,-89.89999999999999,10.620000000000001,alarima01-1987
walkeda01,23,-0.2,198611070LAL-DEN,198611070LAL-LAL,DEN-1987,0,1987,-4.6000000000000005,10.620000000000001,walkeda01-1987
rasmubl01,17,0.8,198611070LAL-DEN,198611070LAL-LAL,DEN-1987,0,1987,13.600000000000001,10.620000000000001,rasmubl01-1987
evansmi01,15,-0.6,198611070LAL-DEN,198611070LAL-LAL,DEN-1987,0,1987,-9,10.620000000000001,evansmi01-1987
martima01,6,-1.3,198611070LAL-DEN,198611070LAL-LAL,DEN-1987,0,1987,-7.800000000000001,10.620000000000001,martima01-1987
willipe01,4,-0.3,198611070LAL-DEN,198611070LAL-LAL,DEN-1987,0,1987,-1.2,10.620000000000001,willipe01-1987
ewingpa01,31,-0.4,198611090LAL-NYK,198611090LAL-LAL,NYK-1987,0,1987,-12.4,-9.083333333333332,ewingpa01-1987
sparrro01,29,2.1,198611090LAL-NYK,198611090LAL-LAL,NYK-1987,0,1987,60.900000000000006,-9.083333333333332,sparrro01-1987
cummipa01,28,-0.7,198611090LAL-NYK,198611090LAL-LAL,NYK-1987,0,1987,-19.599999999999998,-9.083333333333332,cummipa01-1987
orrlo01,25,0.2,198611090LAL-NYK,198611090LAL-LAL,NYK-1987,0,1987,5,-9.083333333333332,orrlo01-1987
walkeke01,23,-4,198611090LAL-NYK,198611090LAL-LAL,NYK-1987,0,1987,-92,-9.083333333333332,walkeke01-1987
wilkige01,22,-1.8,198611090LAL-NYK,198611090LAL-LAL,NYK-1987,0,1987,-39.6,-9.083333333333332,wilkige01-1987
tucketr01,20,0.9,198611090LAL-NYK,198611090LAL-LAL,NYK-1987,0,1987,18,-9.083333333333332,tucketr01-1987
cartwbi01,19,-2.8,198611090LAL-NYK,198611090LAL-LAL,NYK-1987,0,1987,-53.199999999999996,-9.083333333333332,cartwbi01-1987
grangst01,19,0.5,198611090LAL-NYK,198611090LAL-LAL,NYK-1987,0,1987,9.5,-9.083333333333332,grangst01-1987
oldhaja01,12,1.8,198611090LAL-NYK,198611090LAL-LAL,NYK-1987,0,1987,21.6,-9.083333333333332,oldhaja01-1987
singlmc01,6,0.2,198611090LAL-NYK,198611090LAL-LAL,NYK-1987,0,1987,1.2000000000000002,-9.083333333333332,singlmc01-1987
thornbo01,6,-1.4,198611090LAL-NYK,198611090LAL-LAL,NYK-1987,0,1987,-8.399999999999999,-9.083333333333332,thornbo01-1987
chambto01,38,-5.8,198611120LAL-SEA,198611120LAL-LAL,SEA-1987,0,1987,-220.4,-11.71666666666667,chambto01-1987
listeal01,31,2.2,198611120LAL-SEA,198611120LAL-LAL,SEA-1987,0,1987,68.2,-11.71666666666667,listeal01-1987
mcdanxa01,24,7.1,198611120LAL-SEA,198611120LAL-LAL,SEA-1987,0,1987,170.39999999999998,-11.71666666666667,mcdanxa01-1987
ellisda01,22,-3.2,198611120LAL-SEA,198611120LAL-LAL,SEA-1987,0,1987,-70.4,-11.71666666666667,ellisda01-1987
mcmilna01,21,0.7,198611120LAL-SEA,198611120LAL-LAL,SEA-1987,0,1987,14.7,-11.71666666666667,mcmilna01-1987
youngda01,20,-6,198611120LAL-SEA,198611120LAL-LAL,SEA-1987,0,1987,-120,-11.71666666666667,youngda01-1987
schoeru01,19,-3.7,198611120LAL-SEA,198611120LAL-LAL,SEA-1987,0,1987,-70.3,-11.71666666666667,schoeru01-1987
stanste01,18,5.3,198611120LAL-SEA,198611120LAL-LAL,SEA-1987,0,1987,95.39999999999999,-11.71666666666667,stanste01-1987
johnscl01,14,2,198611120LAL-SEA,198611120LAL-LAL,SEA-1987,0,1987,28,-11.71666666666667,johnscl01-1987
lucasma01,13,-2.2,198611120LAL-SEA,198611120LAL-LAL,SEA-1987,0,1987,-28.6,-11.71666666666667,lucasma01-1987
willike01,12,-1.3,198611120LAL-SEA,198611120LAL-LAL,SEA-1987,0,1987,-15.600000000000001,-11.71666666666667,willike01-1987
phelpmi01,8,1,198611120LAL-SEA,198611120LAL-LAL,SEA-1987,0,1987,8,-11.71666666666667,phelpmi01-1987
smithde02,39,8.6,198611160LAL-SAC,198611160LAL-LAL,SAC-1987,0,1987,335.4,53.86363636363636,smithde02-1987
steppbr01,36,6.8,198611160LAL-SAC,198611160LAL-LAL,SAC-1987,0,1987,244.79999999999998,53.86363636363636,steppbr01-1987
thorpot01,34,4.6,198611160LAL-SAC,198611160LAL-LAL,SAC-1987,0,1987,156.39999999999998,53.86363636363636,thorpot01-1987
johnsed03,29,6,198611160LAL-SAC,198611160LAL-LAL,SAC-1987,0,1987,174,53.86363636363636,johnsed03-1987
tylerte01,27,-3.4,198611160LAL-SAC,198611160LAL-LAL,SAC-1987,0,1987,-91.8,53.86363636363636,tylerte01-1987
kleinjo01,26,-5.5,198611160LAL-SAC,198611160LAL-LAL,SAC-1987,0,1987,-143,53.86363636363636,kleinjo01-1987
thompla01,17,-3.4,198611160LAL-SAC,198611160LAL-LAL,SAC-1987,0,1987,-57.8,53.86363636363636,thompla01-1987
theusre01,16,-0.9,198611160LAL-SAC,198611160LAL-LAL,SAC-1987,0,1987,-14.4,53.86363636363636,theusre01-1987
pressha01,6,-2.1,198611160LAL-SAC,198611160LAL-LAL,SAC-1987,0,1987,-12.600000000000001,53.86363636363636,pressha01-1987
olberma01,5,-0.2,198611160LAL-SAC,198611160LAL-LAL,SAC-1987,0,1987,-1,53.86363636363636,olberma01-1987
rogerjo01,5,0.5,198611160LAL-SAC,198611160LAL-LAL,SAC-1987,0,1987,2.5,53.86363636363636,rogerjo01-1987
johnsma02,40,4.9,198611180DAL-LAL,198611180DAL-DAL,LAL-1987,1,1987,196,102.23333333333333,johnsma02-1987
scottby01,40,6.7,198611180DAL-LAL,198611180DAL-DAL,LAL-1987,1,1987,268,102.23333333333333,scottby01-1987
abdulka01,38,8.3,198611180DAL-LAL,198611180DAL-DAL,LAL-1987,1,1987,315.40000000000003,102.23333333333333,abdulka01-1987
worthja01,36,3.1,198611180DAL-LAL,198611180DAL-DAL,LAL-1987,1,1987,111.60000000000001,102.23333333333333,worthja01-1987
coopemi01,31,3.8,198611180DAL-LAL,198611180DAL-DAL,LAL-1987,1,1987,117.8,102.23333333333333,coopemi01-1987
rambiku01,27,-1.1,198611180DAL-LAL,198611180DAL-DAL,LAL-1987,1,1987,-29.700000000000003,102.23333333333333,rambiku01-1987
brickfr01,12,-3.3,198611180DAL-LAL,198611180DAL-DAL,LAL-1987,1,1987,-39.599999999999994,102.23333333333333,brickfr01-1987
smrekmi01,10,-1.7,198611180DAL-LAL,198611180DAL-DAL,LAL-1987,1,1987,-17,102.23333333333333,smrekmi01-1987
thompbi01,6,-0.4,198611180DAL-LAL,198611180DAL-DAL,LAL-1987,1,1987,-2.4000000000000004,102.23333333333333,thompbi01-1987
johnsma02,37,9.4,198611190SAS-LAL,198611190SAS-SAS,LAL-1987,1,1987,347.8,64.23333333333333,johnsma02-1987
worthja01,35,-1,198611190SAS-LAL,198611190SAS-SAS,LAL-1987,1,1987,-35,64.23333333333333,worthja01-1987
abdulka01,32,2.3,198611190SAS-LAL,198611190SAS-SAS,LAL-1987,1,1987,73.6,64.23333333333333,abdulka01-1987
scottby01,32,3.7,198611190SAS-LAL,198611190SAS-SAS,LAL-1987,1,1987,118.4,64.23333333333333,scottby01-1987
coopemi01,30,2.2,198611190SAS-LAL,198611190SAS-SAS,LAL-1987,1,1987,66,64.23333333333333,coopemi01-1987
rambiku01,27,-0.9,198611190SAS-LAL,198611190SAS-SAS,LAL-1987,1,1987,-24.3,64.23333333333333,rambiku01-1987
matthwe01,18,3.7,198611190SAS-LAL,198611190SAS-SAS,LAL-1987,1,1987,66.60000000000001,64.23333333333333,matthwe01-1987
brickfr01,16,-0.4,198611190SAS-LAL,198611190SAS-SAS,LAL-1987,1,1987,-6.4,64.23333333333333,brickfr01-1987
greenac01,13,-2.2,198611190SAS-LAL,198611190SAS-SAS,LAL-1987,1,1987,-28.6,64.23333333333333,greenac01-1987
woolror01,36,6.8,198611210LAL-NJN,198611210LAL-LAL,NJN-1987,0,1987,244.79999999999998,1.6416666666666653,woolror01-1987
gminsmi01,35,-1.8,198611210LAL-NJN,198611210LAL-LAL,NJN-1987,0,1987,-63,1.6416666666666653,gminsmi01-1987
willibu01,33,-3.4,198611210LAL-NJN,198611210LAL-LAL,NJN-1987,0,1987,-112.2,1.6416666666666653,willibu01-1987
kingal01,25,1.8,198611210LAL-NJN,198611210LAL-LAL,NJN-1987,0,1987,45,1.6416666666666653,kingal01-1987
birdsot01,24,0.5,198611210LAL-NJN,198611210LAL-LAL,NJN-1987,0,1987,12,1.6416666666666653,birdsot01-1987
washipe01,22,-2.3,198611210LAL-NJN,198611210LAL-LAL,NJN-1987,0,1987,-50.599999999999994,1.6416666666666653,washipe01-1987
woodle01,18,-1.6,198611210LAL-NJN,198611210LAL-LAL,NJN-1987,0,1987,-28.8,1.6416666666666653,woodle01-1987
mannipa01,14,-3.2,198611210LAL-NJN,198611210LAL-LAL,NJN-1987,0,1987,-44.800000000000004,1.6416666666666653,mannipa01-1987
turneje01,11,-0.3,198611210LAL-NJN,198611210LAL-LAL,NJN-1987,0,1987,-3.3,1.6416666666666653,turneje01-1987
baileja01,8,-1.2,198611210LAL-NJN,198611210LAL-LAL,NJN-1987,0,1987,-9.6,1.6416666666666653,baileja01-1987
brownto01,8,0.1,198611210LAL-NJN,198611210LAL-LAL,NJN-1987,0,1987,0.8,1.6416666666666653,brownto01-1987
colembe01,6,4.9,198611210LAL-NJN,198611210LAL-LAL,NJN-1987,0,1987,29.400000000000002,1.6416666666666653,colembe01-1987
moncrsi01,39,2.1,198611230LAL-MIL,198611230LAL-LAL,MIL-1987,0,1987,81.9,31.67,moncrsi01-1987
presspa01,34,-1.5,198611230LAL-MIL,198611230LAL-LAL,MIL-1987,0,1987,-51,31.67,presspa01-1987
piercri01,33,7.3,198611230LAL-MIL,198611230LAL-LAL,MIL-1987,0,1987,240.9,31.67,piercri01-1987
cummite01,27,-1.5,198611230LAL-MIL,198611230LAL-LAL,MIL-1987,0,1987,-40.5,31.67,cummite01-1987
smithke03,24,1.2,198611230LAL-MIL,198611230LAL-LAL,MIL-1987,0,1987,28.799999999999997,31.67,smithke03-1987
sikmaja01,22,-1.9,198611230LAL-MIL,198611230LAL-LAL,MIL-1987,0,1987,-41.8,31.67,sikmaja01-1987
breuera01,19,0.8,198611230LAL-MIL,198611230LAL-LAL,MIL-1987,0,1987,15.200000000000001,31.67,breuera01-1987
reynoje01,18,2,198611230LAL-MIL,198611230LAL-LAL,MIL-1987,0,1987,36,31.67,reynoje01-1987
bradldu01,16,3.4,198611230LAL-MIL,198611230LAL-LAL,MIL-1987,0,1987,54.4,31.67,bradldu01-1987
mcdowha01,8,-0.9,198611230LAL-MIL,198611230LAL-LAL,MIL-1987,0,1987,-7.2,31.67,mcdowha01-1987
wilkido01,42,3.7,198611250LAL-ATL,198611250LAL-LAL,ATL-1987,1,1987,155.4,85.24444444444444,wilkido01-1987
levincl01,33,11.5,198611250LAL-ATL,198611250LAL-LAL,ATL-1987,1,1987,379.5,85.24444444444444,levincl01-1987
riverdo01,30,3.7,198611250LAL-ATL,198611250LAL-LAL,ATL-1987,1,1987,111,85.24444444444444,riverdo01-1987
rollitr01,27,4.6,198611250LAL-ATL,198611250LAL-LAL,ATL-1987,1,1987,124.19999999999999,85.24444444444444,rollitr01-1987
wittmra01,27,0.6,198611250LAL-ATL,198611250LAL-LAL,ATL-1987,1,1987,16.2,85.24444444444444,wittmra01-1987
willike02,25,0.4,198611250LAL-ATL,198611250LAL-LAL,ATL-1987,1,1987,10,85.24444444444444,willike02-1987
mcgeemi01,21,-0.6,198611250LAL-ATL,198611250LAL-LAL,ATL-1987,1,1987,-12.6,85.24444444444444,mcgeemi01-1987
webbsp01,18,-1.2,198611250LAL-ATL,198611250LAL-LAL,ATL-1987,1,1987,-21.599999999999998,85.24444444444444,webbsp01-1987
koncajo01,17,0.3,198611250LAL-ATL,198611250LAL-LAL,ATL-1987,1,1987,5.1,85.24444444444444,koncajo01-1987
greenac01,35,6.7,198611260LAC-LAL,198611260LAC-LAC,LAL-1987,1,1987,234.5,63.93636363636364,greenac01-1987
johnsma02,28,3.1,198611260LAC-LAL,198611260LAC-LAC,LAL-1987,1,1987,86.8,63.93636363636364,johnsma02-1987
worthja01,27,2.5,198611260LAC-LAL,198611260LAC-LAC,LAL-1987,1,1987,67.5,63.93636363636364,worthja01-1987
coopemi01,27,5.5,198611260LAC-LAL,198611260LAC-LAC,LAL-1987,1,1987,148.5,63.93636363636364,coopemi01-1987
scottby01,25,-1.8,198611260LAC-LAL,198611260LAC-LAC,LAL-1987,1,1987,-45,63.93636363636364,scottby01-1987
abdulka01,23,8.4,198611260LAC-LAL,198611260LAC-LAC,LAL-1987,1,1987,193.20000000000002,63.93636363636364,abdulka01-1987
thompbi01,22,0.7,198611260LAC-LAL,198611260LAC-LAC,LAL-1987,1,1987,15.399999999999999,63.93636363636364,thompbi01-1987
brancad01,15,-2.6,198611260LAC-LAL,198611260LAC-LAC,LAL-1987,1,1987,-39,63.93636363636364,brancad01-1987
brickfr01,15,3.4,198611260LAC-LAL,198611260LAC-LAC,LAL-1987,1,1987,51,63.93636363636364,brickfr01-1987
matthwe01,14,0.6,198611260LAC-LAL,198611260LAC-LAC,LAL-1987,1,1987,8.4,63.93636363636364,matthwe01-1987
smrekmi01,9,-2,198611260LAC-LAL,198611260LAC-LAC,LAL-1987,1,1987,-18,63.93636363636364,smrekmi01-1987
jordami01,45,10.7,198611280LAL-CHI,198611280LAL-LAL,CHI-1987,0,1987,481.49999999999994,56.23,jordami01-1987
corzida01,33,1.6,198611280LAL-CHI,198611280LAL-LAL,CHI-1987,0,1987,52.800000000000004,56.23,corzida01-1987
oaklech01,31,2,198611280LAL-CHI,198611280LAL-LAL,CHI-1987,0,1987,62,56.23,oaklech01-1987
coltest01,30,-0.5,198611280LAL-CHI,198611280LAL-LAL,CHI-1987,0,1987,-15,56.23,coltest01-1987
curetea01,27,0.2,198611280LAL-CHI,198611280LAL-LAL,CHI-1987,0,1987,5.4,56.23,curetea01-1987
brownmi01,24,1.6,198611280LAL-CHI,198611280LAL-LAL,CHI-1987,0,1987,38.400000000000006,56.23,brownmi01-1987
paxsojo01,18,-2.6,198611280LAL-CHI,198611280LAL-LAL,CHI-1987,0,1987,-46.800000000000004,56.23,paxsojo01-1987
waitegr01,16,-0.3,198611280LAL-CHI,198611280LAL-LAL,CHI-1987,0,1987,-4.8,56.23,waitegr01-1987
sellebr01,11,-0.7,198611280LAL-CHI,198611280LAL-LAL,CHI-1987,0,1987,-7.699999999999999,56.23,sellebr01-1987
turneel01,5,-0.7,198611280LAL-CHI,198611280LAL-LAL,CHI-1987,0,1987,-3.5,56.23,turneel01-1987
hustoge01,37,-4.1,198611300LAL-LAC,198611300LAL-LAL,LAC-1987,0,1987,-151.7,-14.059999999999999,hustoge01-1987
maxwece01,34,2.7,198611300LAL-LAC,198611300LAL-LAL,LAC-1987,0,1987,91.80000000000001,-14.059999999999999,maxwece01-1987
gordola01,33,3.6,198611300LAL-LAC,198611300LAL-LAL,LAC-1987,0,1987,118.8,-14.059999999999999,gordola01-1987
benjabe01,31,-4.4,198611300LAL-LAC,198611300LAL-LAL,LAC-1987,0,1987,-136.4,-14.059999999999999,benjabe01-1987
cagemi01,29,5.7,198611300LAL-LAC,198611300LAL-LAL,LAC-1987,0,1987,165.3,-14.059999999999999,cagemi01-1987
nimphku01,27,-1.7,198611300LAL-LAC,198611300LAL-LAL,LAC-1987,0,1987,-45.9,-14.059999999999999,nimphku01-1987
woodsmi01,26,-6.9,198611300LAL-LAC,198611300LAL-LAL,LAC-1987,0,1987,-179.4,-14.059999999999999,woodsmi01-1987
fieldke01,11,-0.5,198611300LAL-LAC,198611300LAL-LAL,LAC-1987,0,1987,-5.5,-14.059999999999999,fieldke01-1987
whitero01,9,0.1,198611300LAL-LAC,198611300LAL-LAL,LAC-1987,0,1987,0.9,-14.059999999999999,whitero01-1987
kemptti01,3,0.5,198611300LAL-LAC,198611300LAL-LAL,LAC-1987,0,1987,1.5,-14.059999999999999,kemptti01-1987
worthja01,42,0.3,198612040GSW-LAL,198612040GSW-GSW,LAL-1987,0,1987,12.6,32.99,worthja01-1987
scottby01,38,1.8,198612040GSW-LAL,198612040GSW-GSW,LAL-1987,0,1987,68.4,32.99,scottby01-1987
abdulka01,37,0.8,198612040GSW-LAL,198612040GSW-GSW,LAL-1987,0,1987,29.6,32.99,abdulka01-1987
johnsma02,37,4.4,198612040GSW-LAL,198612040GSW-GSW,LAL-1987,0,1987,162.8,32.99,johnsma02-1987
greenac01,29,0.7,198612040GSW-LAL,198612040GSW-GSW,LAL-1987,0,1987,20.299999999999997,32.99,greenac01-1987
coopemi01,27,1.5,198612040GSW-LAL,198612040GSW-GSW,LAL-1987,0,1987,40.5,32.99,coopemi01-1987
rambiku01,12,0.8,198612040GSW-LAL,198612040GSW-GSW,LAL-1987,0,1987,9.600000000000001,32.99,rambiku01-1987
thompbi01,9,0.4,198612040GSW-LAL,198612040GSW-GSW,LAL-1987,0,1987,3.6,32.99,thompbi01-1987
matthwe01,5,-3.5,198612040GSW-LAL,198612040GSW-GSW,LAL-1987,0,1987,-17.5,32.99,matthwe01-1987
brickfr01,4,0,198612040GSW-LAL,198612040GSW-GSW,LAL-1987,0,1987,0,32.99,brickfr01-1987
perkisa01,44,6,198612050LAL-DAL,198612050LAL-LAL,DAL-1987,0,1987,264,48.766666666666666,perkisa01-1987
harpede01,42,-2.6,198612050LAL-DAL,198612050LAL-LAL,DAL-1987,0,1987,-109.2,48.766666666666666,harpede01-1987
donalja01,39,3.7,198612050LAL-DAL,198612050LAL-LAL,DAL-1987,0,1987,144.3,48.766666666666666,donalja01-1987
blackro01,32,0.4,198612050LAL-DAL,198612050LAL-LAL,DAL-1987,0,1987,12.8,48.766666666666666,blackro01-1987
aguirma01,31,0.4,198612050LAL-DAL,198612050LAL-LAL,DAL-1987,0,1987,12.4,48.766666666666666,aguirma01-1987
schrede01,16,4.1,198612050LAL-DAL,198612050LAL-LAL,DAL-1987,0,1987,65.6,48.766666666666666,schrede01-1987
woodal01,16,1.8,198612050LAL-DAL,198612050LAL-LAL,DAL-1987,0,1987,28.8,48.766666666666666,woodal01-1987
tarplro01,14,1.7,198612050LAL-DAL,198612050LAL-LAL,DAL-1987,0,1987,23.8,48.766666666666666,tarplro01-1987
davisbr01,6,-0.6,198612050LAL-DAL,198612050LAL-LAL,DAL-1987,0,1987,-3.5999999999999996,48.766666666666666,davisbr01-1987
washbch01,30,1.3,198612070LAL-GSW,198612070LAL-LAL,GSW-1987,0,1987,39,-20.591666666666665,washbch01-1987
mcdonbe01,26,-3,198612070LAL-GSW,198612070LAL-LAL,GSW-1987,0,1987,-78,-20.591666666666665,mcdonbe01-1987
mullich01,26,0.9,198612070LAL-GSW,198612070LAL-LAL,GSW-1987,0,1987,23.400000000000002,-20.591666666666665,mullich01-1987
carrojo01,22,-3.9,198612070LAL-GSW,198612070LAL-LAL,GSW-1987,0,1987,-85.8,-20.591666666666665,carrojo01-1987
floydsl01,22,-8.6,198612070LAL-GSW,198612070LAL-LAL,GSW-1987,0,1987,-189.2,-20.591666666666665,floydsl01-1987
smithcl01,21,-1,198612070LAL-GSW,198612070LAL-LAL,GSW-1987,0,1987,-21,-20.591666666666665,smithcl01-1987
smithla01,19,2.2,198612070LAL-GSW,198612070LAL-LAL,GSW-1987,0,1987,41.800000000000004,-20.591666666666665,smithla01-1987
higgiro01,18,4.3,198612070LAL-GSW,198612070LAL-LAL,GSW-1987,0,1987,77.39999999999999,-20.591666666666665,higgiro01-1987
teaglte01,17,-1.3,198612070LAL-GSW,198612070LAL-LAL,GSW-1987,0,1987,-22.1,-20.591666666666665,teaglte01-1987
mosspe01,14,0.1,198612070LAL-GSW,198612070LAL-LAL,GSW-1987,0,1987,1.4000000000000001,-20.591666666666665,mosspe01-1987
whiteje01,14,-4,198612070LAL-GSW,198612070LAL-LAL,GSW-1987,0,1987,-56,-20.591666666666665,whiteje01-1987
ballagr01,11,2,198612070LAL-GSW,198612070LAL-LAL,GSW-1987,0,1987,22,-20.591666666666665,ballagr01-1987
johnsma02,36,16.1,198612090NYK-LAL,198612090NYK-NYK,LAL-1987,1,1987,579.6,71.35833333333333,johnsma02-1987
abdulka01,32,0.7,198612090NYK-LAL,198612090NYK-NYK,LAL-1987,1,1987,22.4,71.35833333333333,abdulka01-1987
worthja01,32,4.5,198612090NYK-LAL,198612090NYK-NYK,LAL-1987,1,1987,144,71.35833333333333,worthja01-1987
greenac01,29,2.1,198612090NYK-LAL,198612090NYK-NYK,LAL-1987,1,1987,60.900000000000006,71.35833333333333,greenac01-1987
scottby01,28,-7,198612090NYK-LAL,198612090NYK-NYK,LAL-1987,1,1987,-196,71.35833333333333,scottby01-1987
coopemi01,26,4.5,198612090NYK-LAL,198612090NYK-NYK,LAL-1987,1,1987,117,71.35833333333333,coopemi01-1987
rambiku01,23,3.7,198612090NYK-LAL,198612090NYK-NYK,LAL-1987,1,1987,85.10000000000001,71.35833333333333,rambiku01-1987
thompbi01,16,2.2,198612090NYK-LAL,198612090NYK-NYK,LAL-1987,1,1987,35.2,71.35833333333333,thompbi01-1987
brickfr01,9,0.7,198612090NYK-LAL,198612090NYK-NYK,LAL-1987,1,1987,6.3,71.35833333333333,brickfr01-1987
brancad01,3,1.6,198612090NYK-LAL,198612090NYK-NYK,LAL-1987,1,1987,4.800000000000001,71.35833333333333,brancad01-1987
matthwe01,3,0.6,198612090NYK-LAL,198612090NYK-NYK,LAL-1987,1,1987,1.7999999999999998,71.35833333333333,matthwe01-1987
smrekmi01,3,-1.6,198612090NYK-LAL,198612090NYK-NYK,LAL-1987,1,1987,-4.800000000000001,71.35833333333333,smrekmi01-1987
scottby01,36,4.9,198612100MIL-LAL,198612100MIL-MIL,LAL-1987,0,1987,176.4,2.6454545454545473,scottby01-1987
abdulka01,33,-3.3,198612100MIL-LAL,198612100MIL-MIL,LAL-1987,0,1987,-108.89999999999999,2.6454545454545473,abdulka01-1987
worthja01,32,2,198612100MIL-LAL,198612100MIL-MIL,LAL-1987,0,1987,64,2.6454545454545473,worthja01-1987
thompbi01,23,0.1,198612100MIL-LAL,198612100MIL-MIL,LAL-1987,0,1987,2.3000000000000003,2.6454545454545473,thompbi01-1987
johnsma02,22,-3.6,198612100MIL-LAL,198612100MIL-MIL,LAL-1987,0,1987,-79.2,2.6454545454545473,johnsma02-1987
greenac01,21,0.9,198612100MIL-LAL,198612100MIL-MIL,LAL-1987,0,1987,18.900000000000002,2.6454545454545473,greenac01-1987
matthwe01,21,0.8,198612100MIL-LAL,198612100MIL-MIL,LAL-1987,0,1987,16.8,2.6454545454545473,matthwe01-1987
coopemi01,20,-1.2,198612100MIL-LAL,198612100MIL-MIL,LAL-1987,0,1987,-24,2.6454545454545473,coopemi01-1987
rambiku01,19,-2.3,198612100MIL-LAL,198612100MIL-MIL,LAL-1987,0,1987,-43.699999999999996,2.6454545454545473,rambiku01-1987
brickfr01,8,0,198612100MIL-LAL,198612100MIL-MIL,LAL-1987,0,1987,0,2.6454545454545473,brickfr01-1987
brancad01,5,1.3,198612100MIL-LAL,198612100MIL-MIL,LAL-1987,0,1987,6.5,2.6454545454545473,brancad01-1987
johnsma02,42,10,198612120BOS-LAL,198612120BOS-BOS,LAL-1987,1,1987,420,105.72222222222221,johnsma02-1987
greenac01,40,1.9,198612120BOS-LAL,198612120BOS-BOS,LAL-1987,1,1987,76,105.72222222222221,greenac01-1987
worthja01,35,2.8,198612120BOS-LAL,198612120BOS-BOS,LAL-1987,1,1987,98,105.72222222222221,worthja01-1987
scottby01,34,2.3,198612120BOS-LAL,198612120BOS-BOS,LAL-1987,1,1987,78.19999999999999,105.72222222222221,scottby01-1987
coopemi01,31,1.1,198612120BOS-LAL,198612120BOS-BOS,LAL-1987,1,1987,34.1,105.72222222222221,coopemi01-1987
abdulka01,26,12,198612120BOS-LAL,198612120BOS-BOS,LAL-1987,1,1987,312,105.72222222222221,abdulka01-1987
rambiku01,21,-2.5,198612120BOS-LAL,198612120BOS-BOS,LAL-1987,1,1987,-52.5,105.72222222222221,rambiku01-1987
thompbi01,7,-2.5,198612120BOS-LAL,198612120BOS-BOS,LAL-1987,1,1987,-17.5,105.72222222222221,thompbi01-1987
smrekmi01,4,0.8,198612120BOS-LAL,198612120BOS-BOS,LAL-1987,1,1987,3.2,105.72222222222221,smrekmi01-1987
johnsma02,39,9.4,198612130DET-LAL,198612130DET-DET,LAL-1987,0,1987,366.6,75.32222222222222,johnsma02-1987
worthja01,39,7.1,198612130DET-LAL,198612130DET-DET,LAL-1987,0,1987,276.9,75.32222222222222,worthja01-1987
abdulka01,38,6.1,198612130DET-LAL,198612130DET-DET,LAL-1987,0,1987,231.79999999999998,75.32222222222222,abdulka01-1987
scottby01,37,-5.4,198612130DET-LAL,198612130DET-DET,LAL-1987,0,1987,-199.8,75.32222222222222,scottby01-1987
greenac01,30,-0.1,198612130DET-LAL,198612130DET-DET,LAL-1987,0,1987,-3,75.32222222222222,greenac01-1987
coopemi01,25,3.8,198612130DET-LAL,198612130DET-DET,LAL-1987,0,1987,95,75.32222222222222,coopemi01-1987
rambiku01,17,-5.8,198612130DET-LAL,198612130DET-DET,LAL-1987,0,1987,-98.6,75.32222222222222,rambiku01-1987
matthwe01,10,1.5,198612130DET-LAL,198612130DET-DET,LAL-1987,0,1987,15,75.32222222222222,matthwe01-1987
thompbi01,5,-1.2,198612130DET-LAL,198612130DET-DET,LAL-1987,0,1987,-6,75.32222222222222,thompbi01-1987
johnsma02,42,7,198612160CLE-LAL,198612160CLE-CLE,LAL-1987,1,1987,294,66.58888888888889,johnsma02-1987
worthja01,36,7,198612160CLE-LAL,198612160CLE-CLE,LAL-1987,1,1987,252,66.58888888888889,worthja01-1987
abdulka01,35,1.9,198612160CLE-LAL,198612160CLE-CLE,LAL-1987,1,1987,66.5,66.58888888888889,abdulka01-1987
coopemi01,31,-1.4,198612160CLE-LAL,198612160CLE-CLE,LAL-1987,1,1987,-43.4,66.58888888888889,coopemi01-1987
greenac01,26,1.3,198612160CLE-LAL,198612160CLE-CLE,LAL-1987,1,1987,33.800000000000004,66.58888888888889,greenac01-1987
scottby01,26,-2.6,198612160CLE-LAL,198612160CLE-CLE,LAL-1987,1,1987,-67.60000000000001,66.58888888888889,scottby01-1987
rambiku01,22,1.8,198612160CLE-LAL,198612160CLE-CLE,LAL-1987,1,1987,39.6,66.58888888888889,rambiku01-1987
matthwe01,12,2.7,198612160CLE-LAL,198612160CLE-CLE,LAL-1987,1,1987,32.400000000000006,66.58888888888889,matthwe01-1987
brickfr01,10,-0.8,198612160CLE-LAL,198612160CLE-CLE,LAL-1987,1,1987,-8,66.58888888888889,brickfr01-1987
drexlcl01,41,4,198612180LAL-POR,198612180LAL-LAL,POR-1987,0,1987,164,39.43,drexlcl01-1987
johnsst03,37,7.4,198612180LAL-POR,198612180LAL-LAL,POR-1987,0,1987,273.8,39.43,johnsst03-1987
vandeki01,35,0.8,198612180LAL-POR,198612180LAL-LAL,POR-1987,0,1987,28,39.43,vandeki01-1987
carrke01,33,-0.1,198612180LAL-POR,198612180LAL-LAL,POR-1987,0,1987,-3.3000000000000003,39.43,carrke01-1987
portete01,28,-4.4,198612180LAL-POR,198612180LAL-LAL,POR-1987,0,1987,-123.20000000000002,39.43,portete01-1987
paxsoji02,28,-1.7,198612180LAL-POR,198612180LAL-LAL,POR-1987,0,1987,-47.6,39.43,paxsoji02-1987
kerseje01,26,4.6,198612180LAL-POR,198612180LAL-LAL,POR-1987,0,1987,119.6,39.43,kerseje01-1987
jonesca01,9,-2,198612180LAL-POR,198612180LAL-LAL,POR-1987,0,1987,-18,39.43,jonesca01-1987
holtomi01,2,1.4,198612180LAL-POR,198612180LAL-LAL,POR-1987,0,1987,2.8,39.43,holtomi01-1987
martife01,1,-1.8,198612180LAL-POR,198612180LAL-LAL,POR-1987,0,1987,-1.8,39.43,martife01-1987
greenac01,42,8.9,198612200DAL-LAL,198612200DAL-DAL,LAL-1987,0,1987,373.8,62.72222222222223,greenac01-1987
johnsma02,41,7.9,198612200DAL-LAL,198612200DAL-DAL,LAL-1987,0,1987,323.90000000000003,62.72222222222223,johnsma02-1987
worthja01,41,2,198612200DAL-LAL,198612200DAL-DAL,LAL-1987,0,1987,82,62.72222222222223,worthja01-1987
coopemi01,35,-7.6,198612200DAL-LAL,198612200DAL-DAL,LAL-1987,0,1987,-266,62.72222222222223,coopemi01-1987
rambiku01,26,2.8,198612200DAL-LAL,198612200DAL-DAL,LAL-1987,0,1987,72.8,62.72222222222223,rambiku01-1987
scottby01,20,-1.8,198612200DAL-LAL,198612200DAL-DAL,LAL-1987,0,1987,-36,62.72222222222223,scottby01-1987
matthwe01,15,3.6,198612200DAL-LAL,198612200DAL-DAL,LAL-1987,0,1987,54,62.72222222222223,matthwe01-1987
smrekmi01,12,-2.6,198612200DAL-LAL,198612200DAL-DAL,LAL-1987,0,1987,-31.200000000000003,62.72222222222223,smrekmi01-1987
brickfr01,8,-1.1,198612200DAL-LAL,198612200DAL-DAL,LAL-1987,0,1987,-8.8,62.72222222222223,brickfr01-1987
worthja01,44,-5.5,198612210HOU-LAL,198612210HOU-HOU,LAL-1987,1,1987,-242,106.00000000000001,worthja01-1987
greenac01,43,3.7,198612210HOU-LAL,198612210HOU-HOU,LAL-1987,1,1987,159.1,106.00000000000001,greenac01-1987
johnsma02,42,26.3,198612210HOU-LAL,198612210HOU-HOU,LAL-1987,1,1987,1104.6000000000001,106.00000000000001,johnsma02-1987
coopemi01,27,1.8,198612210HOU-LAL,198612210HOU-HOU,LAL-1987,1,1987,48.6,106.00000000000001,coopemi01-1987
scottby01,23,1,198612210HOU-LAL,198612210HOU-HOU,LAL-1987,1,1987,23,106.00000000000001,scottby01-1987
smrekmi01,18,-2.5,198612210HOU-LAL,198612210HOU-HOU,LAL-1987,1,1987,-45,106.00000000000001,smrekmi01-1987
rambiku01,18,-3.7,198612210HOU-LAL,198612210HOU-HOU,LAL-1987,1,1987,-66.60000000000001,106.00000000000001,rambiku01-1987
matthwe01,13,-1.3,198612210HOU-LAL,198612210HOU-HOU,LAL-1987,1,1987,-16.900000000000002,106.00000000000001,matthwe01-1987
brickfr01,12,-0.9,198612210HOU-LAL,198612210HOU-HOU,LAL-1987,1,1987,-10.8,106.00000000000001,brickfr01-1987
greenac01,48,3.2,198612230SAC-LAL,198612230SAC-SAC,LAL-1987,1,1987,153.60000000000002,122.39999999999999,greenac01-1987
johnsma02,48,10.2,198612230SAC-LAL,198612230SAC-SAC,LAL-1987,1,1987,489.59999999999997,122.39999999999999,johnsma02-1987
scottby01,47,8.7,198612230SAC-LAL,198612230SAC-SAC,LAL-1987,1,1987,408.9,122.39999999999999,scottby01-1987
worthja01,37,7.4,198612230SAC-LAL,198612230SAC-SAC,LAL-1987,1,1987,273.8,122.39999999999999,worthja01-1987
coopemi01,35,2.7,198612230SAC-LAL,198612230SAC-SAC,LAL-1987,1,1987,94.5,122.39999999999999,coopemi01-1987
rambiku01,22,-5.3,198612230SAC-LAL,198612230SAC-SAC,LAL-1987,1,1987,-116.6,122.39999999999999,rambiku01-1987
smrekmi01,13,-4.1,198612230SAC-LAL,198612230SAC-SAC,LAL-1987,1,1987,-53.3,122.39999999999999,smrekmi01-1987
brickfr01,8,-1.8,198612230SAC-LAL,198612230SAC-SAC,LAL-1987,1,1987,-14.4,122.39999999999999,brickfr01-1987
matthwe01,6,-2,198612230SAC-LAL,198612230SAC-SAC,LAL-1987,1,1987,-12,122.39999999999999,matthwe01-1987
brancad01,1,-0.1,198612230SAC-LAL,198612230SAC-SAC,LAL-1987,1,1987,-0.1,122.39999999999999,brancad01-1987
mccraro01,36,5.2,198612260LAL-HOU,198612260LAL-LAL,HOU-1987,0,1987,187.20000000000002,10.40909090909091,mccraro01-1987
lloydle01,35,-0.1,198612260LAL-HOU,198612260LAL-LAL,HOU-1987,0,1987,-3.5,10.40909090909091,lloydle01-1987
olajuha01,35,-0.8,198612260LAL-HOU,198612260LAL-LAL,HOU-1987,0,1987,-28,10.40909090909091,olajuha01-1987
minnidi01,34,2.5,198612260LAL-HOU,198612260LAL-LAL,HOU-1987,0,1987,85,10.40909090909091,minnidi01-1987
sampsra01,30,-1.9,198612260LAL-HOU,198612260LAL-LAL,HOU-1987,0,1987,-57,10.40909090909091,sampsra01-1987
reidro01,27,1,198612260LAL-HOU,198612260LAL-LAL,HOU-1987,0,1987,27,10.40909090909091,reidro01-1987
peterji01,23,-5.2,198612260LAL-HOU,198612260LAL-LAL,HOU-1987,0,1987,-119.60000000000001,10.40909090909091,peterji01-1987
harrist01,10,3.1,198612260LAL-HOU,198612260LAL-LAL,HOU-1987,0,1987,31,10.40909090909091,harrist01-1987
feitlda01,6,-1.5,198612260LAL-HOU,198612260LAL-LAL,HOU-1987,0,1987,-9,10.40909090909091,feitlda01-1987
anderri01,3,0.5,198612260LAL-HOU,198612260LAL-LAL,HOU-1987,0,1987,1.5,10.40909090909091,anderri01-1987
wiggimi01,1,-0.1,198612260LAL-HOU,198612260LAL-LAL,HOU-1987,0,1987,-0.1,10.40909090909091,wiggimi01-1987
cheekma01,37,5.9,198612280LAL-PHI,198612280LAL-LAL,PHI-1987,0,1987,218.3,15.545454545454547,cheekma01-1987
barklch01,32,3.3,198612280LAL-PHI,198612280LAL-LAL,PHI-1987,0,1987,105.6,15.545454545454547,barklch01-1987
ervinju01,31,0.2,198612280LAL-PHI,198612280LAL-LAL,PHI-1987,0,1987,6.2,15.545454545454547,ervinju01-1987
robincl01,30,-4.1,198612280LAL-PHI,198612280LAL-LAL,PHI-1987,0,1987,-122.99999999999999,15.545454545454547,robincl01-1987
mccorti01,29,1.2,198612280LAL-PHI,198612280LAL-LAL,PHI-1987,0,1987,34.8,15.545454545454547,mccorti01-1987
hinsoro01,24,0.5,198612280LAL-PHI,198612280LAL-LAL,PHI-1987,0,1987,12,15.545454545454547,hinsoro01-1987
vraneda01,15,-0.3,198612280LAL-PHI,198612280LAL-LAL,PHI-1987,0,1987,-4.5,15.545454545454547,vraneda01-1987
wingada01,15,-2.2,198612280LAL-PHI,198612280LAL-LAL,PHI-1987,0,1987,-33,15.545454545454547,wingada01-1987
threase01,13,-1.4,198612280LAL-PHI,198612280LAL-LAL,PHI-1987,0,1987,-18.2,15.545454545454547,threase01-1987
toneyan01,10,-1.2,198612280LAL-PHI,198612280LAL-LAL,PHI-1987,0,1987,-12,15.545454545454547,toneyan01-1987
greenke02,4,-3.8,198612280LAL-PHI,198612280LAL-LAL,PHI-1987,0,1987,-15.2,15.545454545454547,greenke02-1987
scottby01,33,19.1,198701010POR-LAL,198701010POR-POR,LAL-1987,1,1987,630.3000000000001,87.25,scottby01-1987
greenac01,32,3.6,198701010POR-LAL,198701010POR-POR,LAL-1987,1,1987,115.2,87.25,greenac01-1987
johnsma02,29,4.4,198701010POR-LAL,198701010POR-POR,LAL-1987,1,1987,127.60000000000001,87.25,johnsma02-1987
abdulka01,28,3,198701010POR-LAL,198701010POR-POR,LAL-1987,1,1987,84,87.25,abdulka01-1987
coopemi01,26,6.5,198701010POR-LAL,198701010POR-POR,LAL-1987,1,1987,169,87.25,coopemi01-1987
worthja01,19,-3.2,198701010POR-LAL,198701010POR-POR,LAL-1987,1,1987,-60.800000000000004,87.25,worthja01-1987
matthwe01,15,-1.1,198701010POR-LAL,198701010POR-POR,LAL-1987,1,1987,-16.5,87.25,matthwe01-1987
thompbi01,15,-0.1,198701010POR-LAL,198701010POR-POR,LAL-1987,1,1987,-1.5,87.25,thompbi01-1987
rambiku01,13,-3.7,198701010POR-LAL,198701010POR-POR,LAL-1987,1,1987,-48.1,87.25,rambiku01-1987
brancad01,12,4,198701010POR-LAL,198701010POR-POR,LAL-1987,1,1987,48,87.25,brancad01-1987
brickfr01,10,-0.1,198701010POR-LAL,198701010POR-POR,LAL-1987,1,1987,-1,87.25,brickfr01-1987
smrekmi01,8,0.1,198701010POR-LAL,198701010POR-POR,LAL-1987,1,1987,0.8,87.25,smrekmi01-1987
daviswa03,28,0.7,198701020LAL-PHO,198701020LAL-LAL,PHO-1987,0,1987,19.599999999999998,-28.636363636363637,daviswa03-1987
humphja01,27,-3.2,198701020LAL-PHO,198701020LAL-LAL,PHO-1987,0,1987,-86.4,-28.636363636363637,humphja01-1987
sandemi01,26,-1.4,198701020LAL-PHO,198701020LAL-LAL,PHO-1987,0,1987,-36.4,-28.636363636363637,sandemi01-1987
addisra01,26,-4.1,198701020LAL-PHO,198701020LAL-LAL,PHO-1987,0,1987,-106.6,-28.636363636363637,addisra01-1987
gattike01,25,-0.8,198701020LAL-PHO,198701020LAL-LAL,PHO-1987,0,1987,-20,-28.636363636363637,gattike01-1987
pincked01,22,3,198701020LAL-PHO,198701020LAL-LAL,PHO-1987,0,1987,66,-28.636363636363637,pincked01-1987
bedfowi01,22,0.3,198701020LAL-PHO,198701020LAL-LAL,PHO-1987,0,1987,6.6,-28.636363636363637,bedfowi01-1987
hornaje01,21,-7.2,198701020LAL-PHO,198701020LAL-LAL,PHO-1987,0,1987,-151.20000000000002,-28.636363636363637,hornaje01-1987
adamsal01,16,0,198701020LAL-PHO,198701020LAL-LAL,PHO-1987,0,1987,0,-28.636363636363637,adamsal01-1987
gondrgr01,15,-0.6,198701020LAL-PHO,198701020LAL-LAL,PHO-1987,0,1987,-9,-28.636363636363637,gondrgr01-1987
vanosni01,12,0.2,198701020LAL-PHO,198701020LAL-LAL,PHO-1987,0,1987,2.4000000000000004,-28.636363636363637,vanosni01-1987
malonka01,41,1,198701040LAL-UTA,198701040LAL-LAL,UTA-1987,0,1987,41,16.5,malonka01-1987
eatonma01,36,-1.4,198701040LAL-UTA,198701040LAL-LAL,UTA-1987,0,1987,-50.4,16.5,eatonma01-1987
tripuke01,29,1.9,198701040LAL-UTA,198701040LAL-LAL,UTA-1987,0,1987,55.099999999999994,16.5,tripuke01-1987
griffda01,28,-1.3,198701040LAL-UTA,198701040LAL-LAL,UTA-1987,0,1987,-36.4,16.5,griffda01-1987
greenri01,27,2.3,198701040LAL-UTA,198701040LAL-LAL,UTA-1987,0,1987,62.099999999999994,16.5,greenri01-1987
baileth01,25,3.2,198701040LAL-UTA,198701040LAL-LAL,UTA-1987,0,1987,80,16.5,baileth01-1987
stockjo01,21,1.8,198701040LAL-UTA,198701040LAL-LAL,UTA-1987,0,1987,37.800000000000004,16.5,stockjo01-1987
hansebo01,14,-1.7,198701040LAL-UTA,198701040LAL-LAL,UTA-1987,0,1987,-23.8,16.5,hansebo01-1987
iavarma01,10,-0.8,198701040LAL-UTA,198701040LAL-LAL,UTA-1987,0,1987,-8,16.5,iavarma01-1987
curryde01,5,2.9,198701040LAL-UTA,198701040LAL-LAL,UTA-1987,0,1987,14.5,16.5,curryde01-1987
scurrca01,4,2.4,198701040LAL-UTA,198701040LAL-LAL,UTA-1987,0,1987,9.6,16.5,scurrca01-1987
leverfa01,30,2,198701070LAL-DEN,198701070LAL-LAL,DEN-1987,0,1987,60,-21.183333333333334,leverfa01-1987
coopewa01,29,-3.2,198701070LAL-DEN,198701070LAL-LAL,DEN-1987,0,1987,-92.80000000000001,-21.183333333333334,coopewa01-1987
hanzlbi01,28,-3.8,198701070LAL-DEN,198701070LAL-LAL,DEN-1987,0,1987,-106.39999999999999,-21.183333333333334,hanzlbi01-1987
schayda01,27,-2.3,198701070LAL-DEN,198701070LAL-LAL,DEN-1987,0,1987,-62.099999999999994,-21.183333333333334,schayda01-1987
evansmi01,22,-2,198701070LAL-DEN,198701070LAL-LAL,DEN-1987,0,1987,-44,-21.183333333333334,evansmi01-1987
dunntr01,21,-1.2,198701070LAL-DEN,198701070LAL-LAL,DEN-1987,0,1987,-25.2,-21.183333333333334,dunntr01-1987
englial01,20,0.8,198701070LAL-DEN,198701070LAL-LAL,DEN-1987,0,1987,16,-21.183333333333334,englial01-1987
alarima01,18,3.6,198701070LAL-DEN,198701070LAL-LAL,DEN-1987,0,1987,64.8,-21.183333333333334,alarima01-1987
rasmubl01,18,-2.9,198701070LAL-DEN,198701070LAL-LAL,DEN-1987,0,1987,-52.199999999999996,-21.183333333333334,rasmubl01-1987
martima01,12,-1,198701070LAL-DEN,198701070LAL-LAL,DEN-1987,0,1987,-12,-21.183333333333334,martima01-1987
walkeda01,12,0.1,198701070LAL-DEN,198701070LAL-LAL,DEN-1987,0,1987,1.2000000000000002,-21.183333333333334,walkeda01-1987
smithot01,3,-0.5,198701070LAL-DEN,198701070LAL-LAL,DEN-1987,0,1987,-1.5,-21.183333333333334,smithot01-1987
worthja01,40,4.9,198701080UTA-LAL,198701080UTA-UTA,LAL-1987,0,1987,196,46.7,worthja01-1987
johnsma02,39,5.3,198701080UTA-LAL,198701080UTA-UTA,LAL-1987,0,1987,206.7,46.7,johnsma02-1987
abdulka01,35,-1.2,198701080UTA-LAL,198701080UTA-UTA,LAL-1987,0,1987,-42,46.7,abdulka01-1987
greenac01,32,-0.4,198701080UTA-LAL,198701080UTA-UTA,LAL-1987,0,1987,-12.8,46.7,greenac01-1987
coopemi01,31,-2.3,198701080UTA-LAL,198701080UTA-UTA,LAL-1987,0,1987,-71.3,46.7,coopemi01-1987
scottby01,29,2.2,198701080UTA-LAL,198701080UTA-UTA,LAL-1987,0,1987,63.800000000000004,46.7,scottby01-1987
rambiku01,20,4.1,198701080UTA-LAL,198701080UTA-UTA,LAL-1987,0,1987,82,46.7,rambiku01-1987
matthwe01,7,-0.2,198701080UTA-LAL,198701080UTA-UTA,LAL-1987,0,1987,-1.4000000000000001,46.7,matthwe01-1987
thompbi01,7,-0.1,198701080UTA-LAL,198701080UTA-UTA,LAL-1987,0,1987,-0.7000000000000001,46.7,thompbi01-1987
johnsma02,39,9,198701100GSW-LAL,198701100GSW-GSW,LAL-1987,0,1987,351,41.28,johnsma02-1987
abdulka01,38,3.7,198701100GSW-LAL,198701100GSW-GSW,LAL-1987,0,1987,140.6,41.28,abdulka01-1987
scottby01,37,2.4,198701100GSW-LAL,198701100GSW-GSW,LAL-1987,0,1987,88.8,41.28,scottby01-1987
worthja01,37,-1.7,198701100GSW-LAL,198701100GSW-GSW,LAL-1987,0,1987,-62.9,41.28,worthja01-1987
coopemi01,34,2.8,198701100GSW-LAL,198701100GSW-GSW,LAL-1987,0,1987,95.19999999999999,41.28,coopemi01-1987
greenac01,20,-5.4,198701100GSW-LAL,198701100GSW-GSW,LAL-1987,0,1987,-108,41.28,greenac01-1987
rambiku01,18,-5,198701100GSW-LAL,198701100GSW-GSW,LAL-1987,0,1987,-90,41.28,rambiku01-1987
thompbi01,13,-0.1,198701100GSW-LAL,198701100GSW-GSW,LAL-1987,0,1987,-1.3,41.28,thompbi01-1987
matthwe01,3,-0.1,198701100GSW-LAL,198701100GSW-GSW,LAL-1987,0,1987,-0.30000000000000004,41.28,matthwe01-1987
brancad01,1,-0.3,198701100GSW-LAL,198701100GSW-GSW,LAL-1987,0,1987,-0.3,41.28,brancad01-1987
sundvjo01,39,6.1,198701110LAL-SAS,198701110LAL-LAL,SAS-1987,0,1987,237.89999999999998,41.04545454545454,sundvjo01-1987
greenda01,35,3.7,198701110LAL-SAS,198701110LAL-LAL,SAS-1987,0,1987,129.5,41.04545454545454,greenda01-1987
roberal01,33,3.6,198701110LAL-SAS,198701110LAL-LAL,SAS-1987,0,1987,118.8,41.04545454545454,roberal01-1987
thompmy01,28,1.1,198701110LAL-SAS,198701110LAL-LAL,SAS-1987,0,1987,30.800000000000004,41.04545454545454,thompmy01-1987
gilmoar01,23,-3.2,198701110LAL-SAS,198701110LAL-LAL,SAS-1987,0,1987,-73.60000000000001,41.04545454545454,gilmoar01-1987
berrywa01,22,2.3,198701110LAL-SAS,198701110LAL-LAL,SAS-1987,0,1987,50.599999999999994,41.04545454545454,berrywa01-1987
mitchmi01,18,-0.9,198701110LAL-SAS,198701110LAL-LAL,SAS-1987,0,1987,-16.2,41.04545454545454,mitchmi01-1987
jonesan01,17,0,198701110LAL-SAS,198701110LAL-LAL,SAS-1987,0,1987,0,41.04545454545454,jonesan01-1987
nealyed01,13,-1.7,198701110LAL-SAS,198701110LAL-LAL,SAS-1987,0,1987,-22.099999999999998,41.04545454545454,nealyed01-1987
dawkijo01,9,-1,198701110LAL-SAS,198701110LAL-LAL,SAS-1987,0,1987,-9,41.04545454545454,dawkijo01-1987
krystla01,3,1.6,198701110LAL-SAS,198701110LAL-LAL,SAS-1987,0,1987,4.800000000000001,41.04545454545454,krystla01-1987
floydsl01,39,7.4,198701150LAL-GSW,198701150LAL-LAL,GSW-1987,0,1987,288.6,19.69166666666667,floydsl01-1987
carrojo01,31,0.5,198701150LAL-GSW,198701150LAL-LAL,GSW-1987,0,1987,15.5,19.69166666666667,carrojo01-1987
mullich01,28,-2,198701150LAL-GSW,198701150LAL-LAL,GSW-1987,0,1987,-56,19.69166666666667,mullich01-1987
mcdonbe01,27,1.7,198701150LAL-GSW,198701150LAL-LAL,GSW-1987,0,1987,45.9,19.69166666666667,mcdonbe01-1987
teaglte01,24,0.6,198701150LAL-GSW,198701150LAL-LAL,GSW-1987,0,1987,14.399999999999999,19.69166666666667,teaglte01-1987
ballagr01,23,-0.8,198701150LAL-GSW,198701150LAL-LAL,GSW-1987,0,1987,-18.400000000000002,19.69166666666667,ballagr01-1987
higgiro01,19,3.2,198701150LAL-GSW,198701150LAL-LAL,GSW-1987,0,1987,60.800000000000004,19.69166666666667,higgiro01-1987
mosspe01,17,-3.4,198701150LAL-GSW,198701150LAL-LAL,GSW-1987,0,1987,-57.8,19.69166666666667,mosspe01-1987
whiteje01,15,-3.3,198701150LAL-GSW,198701150LAL-LAL,GSW-1987,0,1987,-49.5,19.69166666666667,whiteje01-1987
smithla01,9,0,198701150LAL-GSW,198701150LAL-LAL,GSW-1987,0,1987,0,19.69166666666667,smithla01-1987
smithcl01,4,-0.8,198701150LAL-GSW,198701150LAL-LAL,GSW-1987,0,1987,-3.2,19.69166666666667,smithcl01-1987
washbch01,4,-1,198701150LAL-GSW,198701150LAL-LAL,GSW-1987,0,1987,-4,19.69166666666667,washbch01-1987
johnsma02,38,5.4,198701180WSB-LAL,198701180WSB-WSB,LAL-1987,1,1987,205.20000000000002,81.9,johnsma02-1987
worthja01,38,4.9,198701180WSB-LAL,198701180WSB-WSB,LAL-1987,1,1987,186.20000000000002,81.9,worthja01-1987
coopemi01,31,5.2,198701180WSB-LAL,198701180WSB-WSB,LAL-1987,1,1987,161.20000000000002,81.9,coopemi01-1987
abdulka01,30,0.2,198701180WSB-LAL,198701180WSB-WSB,LAL-1987,1,1987,6,81.9,abdulka01-1987
greenac01,30,0.9,198701180WSB-LAL,198701180WSB-WSB,LAL-1987,1,1987,27,81.9,greenac01-1987
scottby01,28,2.3,198701180WSB-LAL,198701180WSB-WSB,LAL-1987,1,1987,64.39999999999999,81.9,scottby01-1987
rambiku01,26,2.7,198701180WSB-LAL,198701180WSB-WSB,LAL-1987,1,1987,70.2,81.9,rambiku01-1987
brickfr01,10,-0.2,198701180WSB-LAL,198701180WSB-WSB,LAL-1987,1,1987,-2,81.9,brickfr01-1987
brancad01,9,2.1,198701180WSB-LAL,198701180WSB-WSB,LAL-1987,1,1987,18.900000000000002,81.9,brancad01-1987
scottby01,44,3.7,198701190NJN-LAL,198701190NJN-NJN,LAL-1987,1,1987,162.8,82.76666666666667,scottby01-1987
johnsma02,41,7.1,198701190NJN-LAL,198701190NJN-NJN,LAL-1987,1,1987,291.09999999999997,82.76666666666667,johnsma02-1987
abdulka01,35,4.6,198701190NJN-LAL,198701190NJN-NJN,LAL-1987,1,1987,161,82.76666666666667,abdulka01-1987
coopemi01,30,-0.1,198701190NJN-LAL,198701190NJN-NJN,LAL-1987,1,1987,-3,82.76666666666667,coopemi01-1987
worthja01,29,2.9,198701190NJN-LAL,198701190NJN-NJN,LAL-1987,1,1987,84.1,82.76666666666667,worthja01-1987
greenac01,26,1.7,198701190NJN-LAL,198701190NJN-NJN,LAL-1987,1,1987,44.199999999999996,82.76666666666667,greenac01-1987
rambiku01,26,-0.2,198701190NJN-LAL,198701190NJN-NJN,LAL-1987,1,1987,-5.2,82.76666666666667,rambiku01-1987
thompbi01,6,1.9,198701190NJN-LAL,198701190NJN-NJN,LAL-1987,1,1987,11.399999999999999,82.76666666666667,thompbi01-1987
brickfr01,3,-0.5,198701190NJN-LAL,198701190NJN-NJN,LAL-1987,1,1987,-1.5,82.76666666666667,brickfr01-1987
scottby01,44,4.2,198701210ATL-LAL,198701210ATL-ATL,LAL-1987,1,1987,184.8,96.625,scottby01-1987
johnsma02,40,-5.6,198701210ATL-LAL,198701210ATL-ATL,LAL-1987,1,1987,-224,96.625,johnsma02-1987
worthja01,36,8.6,198701210ATL-LAL,198701210ATL-ATL,LAL-1987,1,1987,309.59999999999997,96.625,worthja01-1987
abdulka01,34,10.4,198701210ATL-LAL,198701210ATL-ATL,LAL-1987,1,1987,353.6,96.625,abdulka01-1987
greenac01,33,-0.2,198701210ATL-LAL,198701210ATL-ATL,LAL-1987,1,1987,-6.6000000000000005,96.625,greenac01-1987
coopemi01,31,5.8,198701210ATL-LAL,198701210ATL-ATL,LAL-1987,1,1987,179.79999999999998,96.625,coopemi01-1987
rambiku01,18,-1.1,198701210ATL-LAL,198701210ATL-ATL,LAL-1987,1,1987,-19.8,96.625,rambiku01-1987
brickfr01,4,-1.1,198701210ATL-LAL,198701210ATL-ATL,LAL-1987,1,1987,-4.4,96.625,brickfr01-1987
johnsma02,38,11,198701220IND-LAL,198701220IND-IND,LAL-1987,1,1987,418,87.31111111111112,johnsma02-1987
abdulka01,36,1.4,198701220IND-LAL,198701220IND-IND,LAL-1987,1,1987,50.4,87.31111111111112,abdulka01-1987
scottby01,36,-4.4,198701220IND-LAL,198701220IND-IND,LAL-1987,1,1987,-158.4,87.31111111111112,scottby01-1987
coopemi01,32,5.2,198701220IND-LAL,198701220IND-IND,LAL-1987,1,1987,166.4,87.31111111111112,coopemi01-1987
worthja01,31,7.7,198701220IND-LAL,198701220IND-IND,LAL-1987,1,1987,238.70000000000002,87.31111111111112,worthja01-1987
greenac01,28,-0.5,198701220IND-LAL,198701220IND-IND,LAL-1987,1,1987,-14,87.31111111111112,greenac01-1987
rambiku01,23,4.8,198701220IND-LAL,198701220IND-IND,LAL-1987,1,1987,110.39999999999999,87.31111111111112,rambiku01-1987
brickfr01,11,-1.2,198701220IND-LAL,198701220IND-IND,LAL-1987,1,1987,-13.2,87.31111111111112,brickfr01-1987
matthwe01,5,-2.5,198701220IND-LAL,198701220IND-IND,LAL-1987,1,1987,-12.5,87.31111111111112,matthwe01-1987
johnsma02,40,4.1,198701240DAL-LAL,198701240DAL-DAL,LAL-1987,0,1987,164,38.57272727272727,johnsma02-1987
abdulka01,38,4.2,198701240DAL-LAL,198701240DAL-DAL,LAL-1987,0,1987,159.6,38.57272727272727,abdulka01-1987
worthja01,35,5.6,198701240DAL-LAL,198701240DAL-DAL,LAL-1987,0,1987,196,38.57272727272727,worthja01-1987
coopemi01,34,4.8,198701240DAL-LAL,198701240DAL-DAL,LAL-1987,0,1987,163.2,38.57272727272727,coopemi01-1987
scottby01,31,-1.7,198701240DAL-LAL,198701240DAL-DAL,LAL-1987,0,1987,-52.699999999999996,38.57272727272727,scottby01-1987
greenac01,29,-6.2,198701240DAL-LAL,198701240DAL-DAL,LAL-1987,0,1987,-179.8,38.57272727272727,greenac01-1987
rambiku01,20,-1.3,198701240DAL-LAL,198701240DAL-DAL,LAL-1987,0,1987,-26,38.57272727272727,rambiku01-1987
matthwe01,7,-0.1,198701240DAL-LAL,198701240DAL-DAL,LAL-1987,0,1987,-0.7000000000000001,38.57272727272727,matthwe01-1987
brickfr01,4,-0.2,198701240DAL-LAL,198701240DAL-DAL,LAL-1987,0,1987,-0.8,38.57272727272727,brickfr01-1987
brancad01,1,0.5,198701240DAL-LAL,198701240DAL-DAL,LAL-1987,0,1987,0.5,38.57272727272727,brancad01-1987
smrekmi01,1,1,198701240DAL-LAL,198701240DAL-DAL,LAL-1987,0,1987,1,38.57272727272727,smrekmi01-1987
vandeki01,41,4.2,198701270LAL-POR,198701270LAL-LAL,POR-1987,0,1987,172.20000000000002,41.462500000000006,vandeki01-1987
drexlcl01,35,-10.3,198701270LAL-POR,198701270LAL-LAL,POR-1987,0,1987,-360.5,41.462500000000006,drexlcl01-1987
carrke01,33,-4.6,198701270LAL-POR,198701270LAL-LAL,POR-1987,0,1987,-151.79999999999998,41.462500000000006,carrke01-1987
paxsoji02,31,7.2,198701270LAL-POR,198701270LAL-LAL,POR-1987,0,1987,223.20000000000002,41.462500000000006,paxsoji02-1987
johnsst03,30,10.6,198701270LAL-POR,198701270LAL-LAL,POR-1987,0,1987,318,41.462500000000006,johnsst03-1987
portete01,30,2.6,198701270LAL-POR,198701270LAL-LAL,POR-1987,0,1987,78,41.462500000000006,portete01-1987
kerseje01,22,1.9,198701270LAL-POR,198701270LAL-LAL,POR-1987,0,1987,41.8,41.462500000000006,kerseje01-1987
duckwke01,18,0.6,198701270LAL-POR,198701270LAL-LAL,POR-1987,0,1987,10.799999999999999,41.462500000000006,duckwke01-1987
johnsma02,40,7.8,198701280SEA-LAL,198701280SEA-SEA,LAL-1987,0,1987,312,22.775,johnsma02-1987
worthja01,37,2.5,198701280SEA-LAL,198701280SEA-SEA,LAL-1987,0,1987,92.5,22.775,worthja01-1987
greenac01,35,1.7,198701280SEA-LAL,198701280SEA-SEA,LAL-1987,0,1987,59.5,22.775,greenac01-1987
scottby01,27,-4.7,198701280SEA-LAL,198701280SEA-SEA,LAL-1987,0,1987,-126.9,22.775,scottby01-1987
abdulka01,24,-0.4,198701280SEA-LAL,198701280SEA-SEA,LAL-1987,0,1987,-9.600000000000001,22.775,abdulka01-1987
coopemi01,18,-3.1,198701280SEA-LAL,198701280SEA-SEA,LAL-1987,0,1987,-55.800000000000004,22.775,coopemi01-1987
rambiku01,17,1.9,198701280SEA-LAL,198701280SEA-SEA,LAL-1987,0,1987,32.3,22.775,rambiku01-1987
smrekmi01,13,1.4,198701280SEA-LAL,198701280SEA-SEA,LAL-1987,0,1987,18.2,22.775,smrekmi01-1987
matthwe01,10,-2.2,198701280SEA-LAL,198701280SEA-SEA,LAL-1987,0,1987,-22,22.775,matthwe01-1987
brancad01,9,-2.1,198701280SEA-LAL,198701280SEA-SEA,LAL-1987,0,1987,-18.900000000000002,22.775,brancad01-1987
thompbi01,7,-0.5,198701280SEA-LAL,198701280SEA-SEA,LAL-1987,0,1987,-3.5,22.775,thompbi01-1987
brickfr01,3,-1.5,198701280SEA-LAL,198701280SEA-SEA,LAL-1987,0,1987,-4.5,22.775,brickfr01-1987
greenac01,39,11.7,198701300PHO-LAL,198701300PHO-PHO,LAL-1987,1,1987,456.29999999999995,78.38181818181819,greenac01-1987
johnsma02,36,14.3,198701300PHO-LAL,198701300PHO-PHO,LAL-1987,1,1987,514.8000000000001,78.38181818181819,johnsma02-1987
worthja01,36,-5.4,198701300PHO-LAL,198701300PHO-PHO,LAL-1987,1,1987,-194.4,78.38181818181819,worthja01-1987
abdulka01,33,4,198701300PHO-LAL,198701300PHO-PHO,LAL-1987,1,1987,132,78.38181818181819,abdulka01-1987
scottby01,31,-0.8,198701300PHO-LAL,198701300PHO-PHO,LAL-1987,1,1987,-24.8,78.38181818181819,scottby01-1987
coopemi01,30,1.2,198701300PHO-LAL,198701300PHO-PHO,LAL-1987,1,1987,36,78.38181818181819,coopemi01-1987
rambiku01,17,-2.8,198701300PHO-LAL,198701300PHO-PHO,LAL-1987,1,1987,-47.599999999999994,78.38181818181819,rambiku01-1987
smrekmi01,5,0.7,198701300PHO-LAL,198701300PHO-PHO,LAL-1987,1,1987,3.5,78.38181818181819,smrekmi01-1987
thompbi01,5,-2,198701300PHO-LAL,198701300PHO-PHO,LAL-1987,1,1987,-10,78.38181818181819,thompbi01-1987
brancad01,4,-0.9,198701300PHO-LAL,198701300PHO-PHO,LAL-1987,1,1987,-3.6,78.38181818181819,brancad01-1987
brickfr01,4,0,198701300PHO-LAL,198701300PHO-PHO,LAL-1987,1,1987,0,78.38181818181819,brickfr01-1987
donalja01,38,5.2,198702020LAL-DAL,198702020LAL-LAL,DAL-1987,1,1987,197.6,74.65555555555555,donalja01-1987
harpede01,37,1.1,198702020LAL-DAL,198702020LAL-LAL,DAL-1987,1,1987,40.7,74.65555555555555,harpede01-1987
aguirma01,36,0,198702020LAL-DAL,198702020LAL-LAL,DAL-1987,1,1987,0,74.65555555555555,aguirma01-1987
blackro01,33,5.1,198702020LAL-DAL,198702020LAL-LAL,DAL-1987,1,1987,168.29999999999998,74.65555555555555,blackro01-1987
tarplro01,33,4.2,198702020LAL-DAL,198702020LAL-LAL,DAL-1987,1,1987,138.6,74.65555555555555,tarplro01-1987
perkisa01,26,4.1,198702020LAL-DAL,198702020LAL-LAL,DAL-1987,1,1987,106.6,74.65555555555555,perkisa01-1987
schrede01,15,2.1,198702020LAL-DAL,198702020LAL-LAL,DAL-1987,1,1987,31.5,74.65555555555555,schrede01-1987
davisbr01,12,-2.7,198702020LAL-DAL,198702020LAL-LAL,DAL-1987,1,1987,-32.400000000000006,74.65555555555555,davisbr01-1987
wennibi01,10,2.1,198702020LAL-DAL,198702020LAL-LAL,DAL-1987,1,1987,21,74.65555555555555,wennibi01-1987
thorpot01,44,-2.2,198702040LAL-SAC,198702040LAL-LAL,SAC-1987,0,1987,-96.80000000000001,-16.645454545454548,thorpot01-1987
theusre01,35,2.6,198702040LAL-SAC,198702040LAL-LAL,SAC-1987,0,1987,91,-16.645454545454548,theusre01-1987
tylerte01,30,4.3,198702040LAL-SAC,198702040LAL-LAL,SAC-1987,0,1987,129,-16.645454545454548,tylerte01-1987
smithde02,26,-3.9,198702040LAL-SAC,198702040LAL-LAL,SAC-1987,0,1987,-101.39999999999999,-16.645454545454548,smithde02-1987
thompla01,25,-0.7,198702040LAL-SAC,198702040LAL-LAL,SAC-1987,0,1987,-17.5,-16.645454545454548,thompla01-1987
johnsed03,21,-4.2,198702040LAL-SAC,198702040LAL-LAL,SAC-1987,0,1987,-88.2,-16.645454545454548,johnsed03-1987
pressha01,18,1,198702040LAL-SAC,198702040LAL-LAL,SAC-1987,0,1987,18,-16.645454545454548,pressha01-1987
eavesje01,14,-3.2,198702040LAL-SAC,198702040LAL-LAL,SAC-1987,0,1987,-44.800000000000004,-16.645454545454548,eavesje01-1987
rogerjo01,14,-5.4,198702040LAL-SAC,198702040LAL-LAL,SAC-1987,0,1987,-75.60000000000001,-16.645454545454548,rogerjo01-1987
olberma01,10,0.5,198702040LAL-SAC,198702040LAL-LAL,SAC-1987,0,1987,5,-16.645454545454548,olberma01-1987
wilsoot01,3,-0.6,198702040LAL-SAC,198702040LAL-LAL,SAC-1987,0,1987,-1.7999999999999998,-16.645454545454548,wilsoot01-1987
johnsma02,41,9.3,198702050POR-LAL,198702050POR-POR,LAL-1987,0,1987,381.3,86,johnsma02-1987
worthja01,41,4.3,198702050POR-LAL,198702050POR-POR,LAL-1987,0,1987,176.29999999999998,86,worthja01-1987
greenac01,37,2.4,198702050POR-LAL,198702050POR-POR,LAL-1987,0,1987,88.8,86,greenac01-1987
scottby01,32,-1.1,198702050POR-LAL,198702050POR-POR,LAL-1987,0,1987,-35.2,86,scottby01-1987
coopemi01,32,0.9,198702050POR-LAL,198702050POR-POR,LAL-1987,0,1987,28.8,86,coopemi01-1987
abdulka01,28,2.5,198702050POR-LAL,198702050POR-POR,LAL-1987,0,1987,70,86,abdulka01-1987
rambiku01,18,-2.2,198702050POR-LAL,198702050POR-POR,LAL-1987,0,1987,-39.6,86,rambiku01-1987
thompbi01,11,1.6,198702050POR-LAL,198702050POR-POR,LAL-1987,0,1987,17.6,86,thompbi01-1987
scottby01,40,4.4,198702100SAC-LAL,198702100SAC-SAC,LAL-1987,1,1987,176,78.29,scottby01-1987
johnsma02,38,1.2,198702100SAC-LAL,198702100SAC-SAC,LAL-1987,1,1987,45.6,78.29,johnsma02-1987
greenac01,37,7.2,198702100SAC-LAL,198702100SAC-SAC,LAL-1987,1,1987,266.40000000000003,78.29,greenac01-1987
worthja01,34,10.6,198702100SAC-LAL,198702100SAC-SAC,LAL-1987,1,1987,360.4,78.29,worthja01-1987
abdulka01,29,-4.6,198702100SAC-LAL,198702100SAC-SAC,LAL-1987,1,1987,-133.39999999999998,78.29,abdulka01-1987
coopemi01,18,1.8,198702100SAC-LAL,198702100SAC-SAC,LAL-1987,1,1987,32.4,78.29,coopemi01-1987
rambiku01,17,0.7,198702100SAC-LAL,198702100SAC-SAC,LAL-1987,1,1987,11.899999999999999,78.29,rambiku01-1987
thompbi01,14,1.9,198702100SAC-LAL,198702100SAC-SAC,LAL-1987,1,1987,26.599999999999998,78.29,thompbi01-1987
brickfr01,11,-0.2,198702100SAC-LAL,198702100SAC-SAC,LAL-1987,1,1987,-2.2,78.29,brickfr01-1987
brancad01,2,-0.4,198702100SAC-LAL,198702100SAC-SAC,LAL-1987,1,1987,-0.8,78.29,brancad01-1987
stipast01,41,-2.1,198702130LAL-IND,198702130LAL-LAL,IND-1987,0,1987,-86.10000000000001,52.18888888888889,stipast01-1987
persoch01,37,1.5,198702130LAL-IND,198702130LAL-LAL,IND-1987,0,1987,55.5,52.18888888888889,persoch01-1987
willihe01,37,5.5,198702130LAL-IND,198702130LAL-LAL,IND-1987,0,1987,203.5,52.18888888888889,willihe01-1987
flemive01,35,8.6,198702130LAL-IND,198702130LAL-LAL,IND-1987,0,1987,301,52.18888888888889,flemive01-1987
richacl01,26,0,198702130LAL-IND,198702130LAL-LAL,IND-1987,0,1987,0,52.18888888888889,richacl01-1987
longjo01,24,-2.2,198702130LAL-IND,198702130LAL-LAL,IND-1987,0,1987,-52.800000000000004,52.18888888888889,longjo01-1987
tisdawa01,24,1.7,198702130LAL-IND,198702130LAL-LAL,IND-1987,0,1987,40.8,52.18888888888889,tisdawa01-1987
macyky01,13,0.6,198702130LAL-IND,198702130LAL-LAL,IND-1987,0,1987,7.8,52.18888888888889,macyky01-1987
grayst01,3,0,198702130LAL-IND,198702130LAL-LAL,IND-1987,0,1987,0,52.18888888888889,grayst01-1987
birdla01,43,9.2,198702150LAL-BOS,198702150LAL-LAL,BOS-1987,0,1987,395.59999999999997,79.26363636363637,birdla01-1987
johnsde01,43,3.1,198702150LAL-BOS,198702150LAL-LAL,BOS-1987,0,1987,133.3,79.26363636363637,johnsde01-1987
mchalke01,43,2.5,198702150LAL-BOS,198702150LAL-LAL,BOS-1987,0,1987,107.5,79.26363636363637,mchalke01-1987
parisro01,37,5.5,198702150LAL-BOS,198702150LAL-LAL,BOS-1987,0,1987,203.5,79.26363636363637,parisro01-1987
aingeda01,33,0.9,198702150LAL-BOS,198702150LAL-LAL,BOS-1987,0,1987,29.7,79.26363636363637,aingeda01-1987
sichtje01,15,1.6,198702150LAL-BOS,198702150LAL-LAL,BOS-1987,0,1987,24,79.26363636363637,sichtje01-1987
kitegr01,13,-1,198702150LAL-BOS,198702150LAL-LAL,BOS-1987,0,1987,-13,79.26363636363637,kitegr01-1987
dayeda01,5,-1.6,198702150LAL-BOS,198702150LAL-LAL,BOS-1987,0,1987,-8,79.26363636363637,dayeda01-1987
vincesa01,5,0.8,198702150LAL-BOS,198702150LAL-LAL,BOS-1987,0,1987,4,79.26363636363637,vincesa01-1987
roberfr01,2,-2.3,198702150LAL-BOS,198702150LAL-LAL,BOS-1987,0,1987,-4.6,79.26363636363637,roberfr01-1987
henryco01,1,-0.1,198702150LAL-BOS,198702150LAL-LAL,BOS-1987,0,1987,-0.1,79.26363636363637,henryco01-1987
malonmo01,35,6.8,198702170LAL-WSB,198702170LAL-LAL,WSB-1987,1,1987,238,71.4,malonmo01-1987
whatlen01,32,5.6,198702170LAL-WSB,198702170LAL-LAL,WSB-1987,1,1987,179.2,71.4,whatlen01-1987
malonje01,30,3.7,198702170LAL-WSB,198702170LAL-LAL,WSB-1987,1,1987,111,71.4,malonje01-1987
vinceja01,29,4.1,198702170LAL-WSB,198702170LAL-LAL,WSB-1987,1,1987,118.89999999999999,71.4,vinceja01-1987
catlete01,23,-3,198702170LAL-WSB,198702170LAL-LAL,WSB-1987,1,1987,-69,71.4,catlete01-1987
willijo02,23,0.4,198702170LAL-WSB,198702170LAL-LAL,WSB-1987,1,1987,9.200000000000001,71.4,willijo02-1987
jonesch01,21,2.2,198702170LAL-WSB,198702170LAL-LAL,WSB-1987,1,1987,46.2,71.4,jonesch01-1987
cookda01,18,1.3,198702170LAL-WSB,198702170LAL-LAL,WSB-1987,1,1987,23.400000000000002,71.4,cookda01-1987
adamsmi01,16,3,198702170LAL-WSB,198702170LAL-LAL,WSB-1987,1,1987,48,71.4,adamsmi01-1987
bolma01,13,0.7,198702170LAL-WSB,198702170LAL-LAL,WSB-1987,1,1987,9.1,71.4,bolma01-1987
scottby01,42,0.9,198702180DEN-LAL,198702180DEN-DEN,LAL-1987,1,1987,37.800000000000004,86.45555555555556,scottby01-1987
johnsma02,41,14.3,198702180DEN-LAL,198702180DEN-DEN,LAL-1987,1,1987,586.3000000000001,86.45555555555556,johnsma02-1987
abdulka01,35,-0.3,198702180DEN-LAL,198702180DEN-DEN,LAL-1987,1,1987,-10.5,86.45555555555556,abdulka01-1987
worthja01,31,5.6,198702180DEN-LAL,198702180DEN-DEN,LAL-1987,1,1987,173.6,86.45555555555556,worthja01-1987
coopemi01,26,2.2,198702180DEN-LAL,198702180DEN-DEN,LAL-1987,1,1987,57.2,86.45555555555556,coopemi01-1987
rambiku01,19,1.1,198702180DEN-LAL,198702180DEN-DEN,LAL-1987,1,1987,20.900000000000002,86.45555555555556,rambiku01-1987
thompmy01,18,-2,198702180DEN-LAL,198702180DEN-DEN,LAL-1987,1,1987,-36,86.45555555555556,thompmy01-1987
greenac01,16,-1.7,198702180DEN-LAL,198702180DEN-DEN,LAL-1987,1,1987,-27.2,86.45555555555556,greenac01-1987
thompbi01,12,-2,198702180DEN-LAL,198702180DEN-DEN,LAL-1987,1,1987,-24,86.45555555555556,thompbi01-1987
johnsma02,44,8.4,198702200CHI-LAL,198702200CHI-CHI,LAL-1987,1,1987,369.6,106.91250000000001,johnsma02-1987
scottby01,36,0.5,198702200CHI-LAL,198702200CHI-CHI,LAL-1987,1,1987,18,106.91250000000001,scottby01-1987
worthja01,35,9.1,198702200CHI-LAL,198702200CHI-CHI,LAL-1987,1,1987,318.5,106.91250000000001,worthja01-1987
abdulka01,31,-0.3,198702200CHI-LAL,198702200CHI-CHI,LAL-1987,1,1987,-9.299999999999999,106.91250000000001,abdulka01-1987
thompmy01,29,4.9,198702200CHI-LAL,198702200CHI-CHI,LAL-1987,1,1987,142.10000000000002,106.91250000000001,thompmy01-1987
greenac01,27,0.7,198702200CHI-LAL,198702200CHI-CHI,LAL-1987,1,1987,18.9,106.91250000000001,greenac01-1987
coopemi01,23,1,198702200CHI-LAL,198702200CHI-CHI,LAL-1987,1,1987,23,106.91250000000001,coopemi01-1987
rambiku01,15,-1.7,198702200CHI-LAL,198702200CHI-CHI,LAL-1987,1,1987,-25.5,106.91250000000001,rambiku01-1987
worthja01,47,2.2,198702220PHI-LAL,198702220PHI-PHI,LAL-1987,1,1987,103.4,89.11250000000001,worthja01-1987
johnsma02,44,10.9,198702220PHI-LAL,198702220PHI-PHI,LAL-1987,1,1987,479.6,89.11250000000001,johnsma02-1987
abdulka01,38,1.1,198702220PHI-LAL,198702220PHI-PHI,LAL-1987,1,1987,41.800000000000004,89.11250000000001,abdulka01-1987
scottby01,34,3.6,198702220PHI-LAL,198702220PHI-PHI,LAL-1987,1,1987,122.4,89.11250000000001,scottby01-1987
greenac01,30,3.2,198702220PHI-LAL,198702220PHI-PHI,LAL-1987,1,1987,96,89.11250000000001,greenac01-1987
coopemi01,29,1.9,198702220PHI-LAL,198702220PHI-PHI,LAL-1987,1,1987,55.099999999999994,89.11250000000001,coopemi01-1987
thompmy01,29,-7.6,198702220PHI-LAL,198702220PHI-PHI,LAL-1987,1,1987,-220.39999999999998,89.11250000000001,thompmy01-1987
rambiku01,14,2.5,198702220PHI-LAL,198702220PHI-PHI,LAL-1987,1,1987,35,89.11250000000001,rambiku01-1987
scottby01,44,5.6,198702240PHO-LAL,198702240PHO-PHO,LAL-1987,1,1987,246.39999999999998,80.47500000000001,scottby01-1987
coopemi01,42,11.8,198702240PHO-LAL,198702240PHO-PHO,LAL-1987,1,1987,495.6,80.47500000000001,coopemi01-1987
greenac01,42,2.9,198702240PHO-LAL,198702240PHO-PHO,LAL-1987,1,1987,121.8,80.47500000000001,greenac01-1987
abdulka01,34,2.4,198702240PHO-LAL,198702240PHO-PHO,LAL-1987,1,1987,81.6,80.47500000000001,abdulka01-1987
worthja01,28,-4.6,198702240PHO-LAL,198702240PHO-PHO,LAL-1987,1,1987,-128.79999999999998,80.47500000000001,worthja01-1987
thompmy01,26,-7.1,198702240PHO-LAL,198702240PHO-PHO,LAL-1987,1,1987,-184.6,80.47500000000001,thompmy01-1987
rambiku01,14,-0.8,198702240PHO-LAL,198702240PHO-PHO,LAL-1987,1,1987,-11.200000000000001,80.47500000000001,rambiku01-1987
matthwe01,10,2.3,198702240PHO-LAL,198702240PHO-PHO,LAL-1987,1,1987,23,80.47500000000001,matthwe01-1987
nancela01,46,10.6,198702250LAL-PHO,198702250LAL-LAL,PHO-1987,0,1987,487.59999999999997,38.34444444444444,nancela01-1987
daviswa03,38,-3.7,198702250LAL-PHO,198702250LAL-LAL,PHO-1987,0,1987,-140.6,38.34444444444444,daviswa03-1987
bedfowi01,33,-2.7,198702250LAL-PHO,198702250LAL-LAL,PHO-1987,0,1987,-89.10000000000001,38.34444444444444,bedfowi01-1987
hornaje01,33,1.8,198702250LAL-PHO,198702250LAL-LAL,PHO-1987,0,1987,59.4,38.34444444444444,hornaje01-1987
sandemi01,28,3.2,198702250LAL-PHO,198702250LAL-LAL,PHO-1987,0,1987,89.60000000000001,38.34444444444444,sandemi01-1987
pincked01,22,-0.9,198702250LAL-PHO,198702250LAL-LAL,PHO-1987,0,1987,-19.8,38.34444444444444,pincked01-1987
vanosni01,15,-0.1,198702250LAL-PHO,198702250LAL-LAL,PHO-1987,0,1987,-1.5,38.34444444444444,vanosni01-1987
gondrgr01,13,0.3,198702250LAL-PHO,198702250LAL-LAL,PHO-1987,0,1987,3.9,38.34444444444444,gondrgr01-1987
humphja01,12,-3.7,198702250LAL-PHO,198702250LAL-LAL,PHO-1987,0,1987,-44.400000000000006,38.34444444444444,humphja01-1987
floydsl01,42,2.2,198702270LAL-GSW,198702270LAL-LAL,GSW-1987,0,1987,92.4,35.92,floydsl01-1987
shortpu01,35,-0.4,198702270LAL-GSW,198702270LAL-LAL,GSW-1987,0,1987,-14,35.92,shortpu01-1987
higgiro01,34,5.2,198702270LAL-GSW,198702270LAL-LAL,GSW-1987,0,1987,176.8,35.92,higgiro01-1987
mullich01,34,2.8,198702270LAL-GSW,198702270LAL-LAL,GSW-1987,0,1987,95.19999999999999,35.92,mullich01-1987
carrojo01,29,2.1,198702270LAL-GSW,198702270LAL-LAL,GSW-1987,0,1987,60.900000000000006,35.92,carrojo01-1987
ballagr01,19,2.5,198702270LAL-GSW,198702270LAL-LAL,GSW-1987,0,1987,47.5,35.92,ballagr01-1987
teaglte01,17,-4.2,198702270LAL-GSW,198702270LAL-LAL,GSW-1987,0,1987,-71.4,35.92,teaglte01-1987
whiteje01,15,-1.4,198702270LAL-GSW,198702270LAL-LAL,GSW-1987,0,1987,-21,35.92,whiteje01-1987
mcdonbe01,9,-0.8,198702270LAL-GSW,198702270LAL-LAL,GSW-1987,0,1987,-7.2,35.92,mcdonbe01-1987
hendeke01,6,0,198702270LAL-GSW,198702270LAL-LAL,GSW-1987,0,1987,0,35.92,hendeke01-1987
johnsma02,41,12.1,198702280UTA-LAL,198702280UTA-UTA,LAL-1987,0,1987,496.09999999999997,42.12222222222222,johnsma02-1987
scottby01,35,0.4,198702280UTA-LAL,198702280UTA-UTA,LAL-1987,0,1987,14,42.12222222222222,scottby01-1987
worthja01,33,-4.1,198702280UTA-LAL,198702280UTA-UTA,LAL-1987,0,1987,-135.29999999999998,42.12222222222222,worthja01-1987
abdulka01,31,-5.7,198702280UTA-LAL,198702280UTA-UTA,LAL-1987,0,1987,-176.70000000000002,42.12222222222222,abdulka01-1987
coopemi01,27,7.3,198702280UTA-LAL,198702280UTA-UTA,LAL-1987,0,1987,197.1,42.12222222222222,coopemi01-1987
greenac01,26,-6.8,198702280UTA-LAL,198702280UTA-UTA,LAL-1987,0,1987,-176.79999999999998,42.12222222222222,greenac01-1987
thompmy01,21,7.5,198702280UTA-LAL,198702280UTA-UTA,LAL-1987,0,1987,157.5,42.12222222222222,thompmy01-1987
rambiku01,14,1,198702280UTA-LAL,198702280UTA-UTA,LAL-1987,0,1987,14,42.12222222222222,rambiku01-1987
thompbi01,12,-0.9,198702280UTA-LAL,198702280UTA-UTA,LAL-1987,0,1987,-10.8,42.12222222222222,thompbi01-1987
johnsma02,41,4.6,198703030GSW-LAL,198703030GSW-GSW,LAL-1987,1,1987,188.6,62.82222222222222,johnsma02-1987
scottby01,35,4.9,198703030GSW-LAL,198703030GSW-GSW,LAL-1987,1,1987,171.5,62.82222222222222,scottby01-1987
worthja01,33,0.4,198703030GSW-LAL,198703030GSW-GSW,LAL-1987,1,1987,13.200000000000001,62.82222222222222,worthja01-1987
abdulka01,32,-1.4,198703030GSW-LAL,198703030GSW-GSW,LAL-1987,1,1987,-44.8,62.82222222222222,abdulka01-1987
coopemi01,31,1.3,198703030GSW-LAL,198703030GSW-GSW,LAL-1987,1,1987,40.300000000000004,62.82222222222222,coopemi01-1987
greenac01,28,4.8,198703030GSW-LAL,198703030GSW-GSW,LAL-1987,1,1987,134.4,62.82222222222222,greenac01-1987
thompmy01,23,1,198703030GSW-LAL,198703030GSW-GSW,LAL-1987,1,1987,23,62.82222222222222,thompmy01-1987
thompbi01,12,3.1,198703030GSW-LAL,198703030GSW-GSW,LAL-1987,1,1987,37.2,62.82222222222222,thompbi01-1987
rambiku01,5,0.4,198703030GSW-LAL,198703030GSW-GSW,LAL-1987,1,1987,2,62.82222222222222,rambiku01-1987
chambto01,42,0.8,198703040LAL-SEA,198703040LAL-LAL,SEA-1987,0,1987,33.6,29.041666666666664,chambto01-1987
mcdanxa01,42,0.5,198703040LAL-SEA,198703040LAL-LAL,SEA-1987,0,1987,21,29.041666666666664,mcdanxa01-1987
ellisda01,41,7.1,198703040LAL-SEA,198703040LAL-LAL,SEA-1987,0,1987,291.09999999999997,29.041666666666664,ellisda01-1987
listeal01,29,0.6,198703040LAL-SEA,198703040LAL-LAL,SEA-1987,0,1987,17.4,29.041666666666664,listeal01-1987
mcmilna01,24,-0.9,198703040LAL-SEA,198703040LAL-LAL,SEA-1987,0,1987,-21.6,29.041666666666664,mcmilna01-1987
johnsed02,20,2.7,198703040LAL-SEA,198703040LAL-LAL,SEA-1987,0,1987,54,29.041666666666664,johnsed02-1987
lucasma01,17,-2.8,198703040LAL-SEA,198703040LAL-LAL,SEA-1987,0,1987,-47.599999999999994,29.041666666666664,lucasma01-1987
phelpmi01,9,1.8,198703040LAL-SEA,198703040LAL-LAL,SEA-1987,0,1987,16.2,29.041666666666664,phelpmi01-1987
youngda01,6,-0.6,198703040LAL-SEA,198703040LAL-LAL,SEA-1987,0,1987,-3.5999999999999996,29.041666666666664,youngda01-1987
schoeru01,5,-1.7,198703040LAL-SEA,198703040LAL-LAL,SEA-1987,0,1987,-8.5,29.041666666666664,schoeru01-1987
johnscl01,4,-1.2,198703040LAL-SEA,198703040LAL-LAL,SEA-1987,0,1987,-4.8,29.041666666666664,johnscl01-1987
willike01,1,1.3,198703040LAL-SEA,198703040LAL-LAL,SEA-1987,0,1987,1.3,29.041666666666664,willike01-1987
harpero01,40,1.9,198703070LAL-CLE,198703070LAL-LAL,CLE-1987,0,1987,76,46.42222222222222,harpero01-1987
daughbr01,37,-3.6,198703070LAL-CLE,198703070LAL-LAL,CLE-1987,0,1987,-133.20000000000002,46.42222222222222,daughbr01-1987
williho01,36,6.6,198703070LAL-CLE,198703070LAL-LAL,CLE-1987,0,1987,237.6,46.42222222222222,williho01-1987
hubbaph01,31,6.6,198703070LAL-CLE,198703070LAL-LAL,CLE-1987,0,1987,204.6,46.42222222222222,hubbaph01-1987
pricema01,28,2.4,198703070LAL-CLE,198703070LAL-LAL,CLE-1987,0,1987,67.2,46.42222222222222,pricema01-1987
turpime01,20,-0.6,198703070LAL-CLE,198703070LAL-LAL,CLE-1987,0,1987,-12,46.42222222222222,turpime01-1987
baglejo01,16,-3.4,198703070LAL-CLE,198703070LAL-LAL,CLE-1987,0,1987,-54.4,46.42222222222222,baglejo01-1987
ehlocr01,16,-1.1,198703070LAL-CLE,198703070LAL-LAL,CLE-1987,0,1987,-17.6,46.42222222222222,ehlocr01-1987
westma01,16,3.1,198703070LAL-CLE,198703070LAL-LAL,CLE-1987,0,1987,49.6,46.42222222222222,westma01-1987
scottby01,36,11.6,198703090LAC-LAL,198703090LAC-LAC,LAL-1987,1,1987,417.59999999999997,46.24166666666666,scottby01-1987
worthja01,28,-1.2,198703090LAC-LAL,198703090LAC-LAC,LAL-1987,1,1987,-33.6,46.24166666666666,worthja01-1987
johnsma02,26,7.6,198703090LAC-LAL,198703090LAC-LAC,LAL-1987,1,1987,197.6,46.24166666666666,johnsma02-1987
abdulka01,24,-2.9,198703090LAC-LAL,198703090LAC-LAC,LAL-1987,1,1987,-69.6,46.24166666666666,abdulka01-1987
greenac01,24,3.9,198703090LAC-LAL,198703090LAC-LAC,LAL-1987,1,1987,93.6,46.24166666666666,greenac01-1987
thompmy01,22,-2.9,198703090LAC-LAL,198703090LAC-LAC,LAL-1987,1,1987,-63.8,46.24166666666666,thompmy01-1987
rambiku01,20,-1.6,198703090LAC-LAL,198703090LAC-LAC,LAL-1987,1,1987,-32,46.24166666666666,rambiku01-1987
thompbi01,20,-1.3,198703090LAC-LAL,198703090LAC-LAC,LAL-1987,1,1987,-26,46.24166666666666,thompbi01-1987
coopemi01,17,3.8,198703090LAC-LAL,198703090LAC-LAC,LAL-1987,1,1987,64.6,46.24166666666666,coopemi01-1987
brancad01,9,-0.7,198703090LAC-LAL,198703090LAC-LAC,LAL-1987,1,1987,-6.3,46.24166666666666,brancad01-1987
matthwe01,8,1.3,198703090LAC-LAL,198703090LAC-LAC,LAL-1987,1,1987,10.4,46.24166666666666,matthwe01-1987
smrekmi01,6,0.4,198703090LAC-LAL,198703090LAC-LAC,LAL-1987,1,1987,2.4000000000000004,46.24166666666666,smrekmi01-1987
rasmubl01,36,2.3,198703100LAL-DEN,198703100LAL-LAL,DEN-1987,0,1987,82.8,-9.341666666666667,rasmubl01-1987
englial01,33,0.7,198703100LAL-DEN,198703100LAL-LAL,DEN-1987,0,1987,23.099999999999998,-9.341666666666667,englial01-1987
leverfa01,31,-2.5,198703100LAL-DEN,198703100LAL-LAL,DEN-1987,0,1987,-77.5,-9.341666666666667,leverfa01-1987
alarima01,27,-1.5,198703100LAL-DEN,198703100LAL-LAL,DEN-1987,0,1987,-40.5,-9.341666666666667,alarima01-1987
schayda01,23,-3.6,198703100LAL-DEN,198703100LAL-LAL,DEN-1987,0,1987,-82.8,-9.341666666666667,schayda01-1987
evansmi01,21,3.8,198703100LAL-DEN,198703100LAL-LAL,DEN-1987,0,1987,79.8,-9.341666666666667,evansmi01-1987
walkeda01,19,0.1,198703100LAL-DEN,198703100LAL-LAL,DEN-1987,0,1987,1.9000000000000001,-9.341666666666667,walkeda01-1987
coopewa01,16,-3.9,198703100LAL-DEN,198703100LAL-LAL,DEN-1987,0,1987,-62.4,-9.341666666666667,coopewa01-1987
dunntr01,12,-1.3,198703100LAL-DEN,198703100LAL-LAL,DEN-1987,0,1987,-15.600000000000001,-9.341666666666667,dunntr01-1987
martima01,12,-0.7,198703100LAL-DEN,198703100LAL-LAL,DEN-1987,0,1987,-8.399999999999999,-9.341666666666667,martima01-1987
hanzlbi01,9,-1.3,198703100LAL-DEN,198703100LAL-LAL,DEN-1987,0,1987,-11.700000000000001,-9.341666666666667,hanzlbi01-1987
smithot01,1,-0.8,198703100LAL-DEN,198703100LAL-LAL,DEN-1987,0,1987,-0.8,-9.341666666666667,smithot01-1987
drexlcl01,46,3,198703120LAL-POR,198703120LAL-LAL,POR-1987,0,1987,138,51.8125,drexlcl01-1987
vandeki01,42,2.5,198703120LAL-POR,198703120LAL-LAL,POR-1987,0,1987,105,51.8125,vandeki01-1987
portete01,39,1.9,198703120LAL-POR,198703120LAL-LAL,POR-1987,0,1987,74.1,51.8125,portete01-1987
jonesca01,31,0.9,198703120LAL-POR,198703120LAL-LAL,POR-1987,0,1987,27.900000000000002,51.8125,jonesca01-1987
johnsst03,27,2.9,198703120LAL-POR,198703120LAL-LAL,POR-1987,0,1987,78.3,51.8125,johnsst03-1987
duckwke01,22,-2.2,198703120LAL-POR,198703120LAL-LAL,POR-1987,0,1987,-48.400000000000006,51.8125,duckwke01-1987
kerseje01,22,1.7,198703120LAL-POR,198703120LAL-LAL,POR-1987,0,1987,37.4,51.8125,kerseje01-1987
holtomi01,11,0.2,198703120LAL-POR,198703120LAL-LAL,POR-1987,0,1987,2.2,51.8125,holtomi01-1987
cagemi01,35,4,198703150LAL-LAC,198703150LAL-LAL,LAC-1987,0,1987,140,1.9000000000000001,cagemi01-1987
valenda01,33,0.3,198703150LAL-LAC,198703150LAL-LAL,LAC-1987,0,1987,9.9,1.9000000000000001,valenda01-1987
woodsmi01,31,-2.2,198703150LAL-LAC,198703150LAL-LAL,LAC-1987,0,1987,-68.2,1.9000000000000001,woodsmi01-1987
whitero01,30,-3.6,198703150LAL-LAC,198703150LAL-LAL,LAC-1987,0,1987,-108,1.9000000000000001,whitero01-1987
benjabe01,24,2.6,198703150LAL-LAC,198703150LAL-LAL,LAC-1987,0,1987,62.400000000000006,1.9000000000000001,benjabe01-1987
curetea01,24,1.6,198703150LAL-LAC,198703150LAL-LAL,LAC-1987,0,1987,38.400000000000006,1.9000000000000001,curetea01-1987
gordola01,24,-3.1,198703150LAL-LAC,198703150LAL-LAL,LAC-1987,0,1987,-74.4,1.9000000000000001,gordola01-1987
kemptti01,22,4.3,198703150LAL-LAC,198703150LAL-LAL,LAC-1987,0,1987,94.6,1.9000000000000001,kemptti01-1987
dailequ01,13,-6.1,198703150LAL-LAC,198703150LAL-LAL,LAC-1987,0,1987,-79.3,1.9000000000000001,dailequ01-1987
johnsst02,4,0.9,198703150LAL-LAC,198703150LAL-LAL,LAC-1987,0,1987,3.6,1.9000000000000001,johnsst02-1987
malonka01,38,4.2,198703180LAL-UTA,198703180LAL-LAL,UTA-1987,0,1987,159.6,26.459999999999997,malonka01-1987
eatonma01,36,1.7,198703180LAL-UTA,198703180LAL-LAL,UTA-1987,0,1987,61.199999999999996,26.459999999999997,eatonma01-1987
griffda01,28,-0.5,198703180LAL-UTA,198703180LAL-LAL,UTA-1987,0,1987,-14,26.459999999999997,griffda01-1987
tripuke01,28,-0.4,198703180LAL-UTA,198703180LAL-LAL,UTA-1987,0,1987,-11.200000000000001,26.459999999999997,tripuke01-1987
stockjo01,26,-0.3,198703180LAL-UTA,198703180LAL-LAL,UTA-1987,0,1987,-7.8,26.459999999999997,stockjo01-1987
greenri01,22,6.6,198703180LAL-UTA,198703180LAL-LAL,UTA-1987,0,1987,145.2,26.459999999999997,greenri01-1987
baileth01,22,-1.4,198703180LAL-UTA,198703180LAL-LAL,UTA-1987,0,1987,-30.799999999999997,26.459999999999997,baileth01-1987
scurrca01,16,-1.6,198703180LAL-UTA,198703180LAL-LAL,UTA-1987,0,1987,-25.6,26.459999999999997,scurrca01-1987
curryde01,12,-2.7,198703180LAL-UTA,198703180LAL-LAL,UTA-1987,0,1987,-32.400000000000006,26.459999999999997,curryde01-1987
iavarma01,12,1.7,198703180LAL-UTA,198703180LAL-LAL,UTA-1987,0,1987,20.4,26.459999999999997,iavarma01-1987
berrywa01,34,-1.1,198703200LAL-SAS,198703200LAL-LAL,SAS-1987,0,1987,-37.400000000000006,-20.15,berrywa01-1987
gilmoar01,31,0.8,198703200LAL-SAS,198703200LAL-LAL,SAS-1987,0,1987,24.8,-20.15,gilmoar01-1987
roberal01,30,-3.9,198703200LAL-SAS,198703200LAL-LAL,SAS-1987,0,1987,-117,-20.15,roberal01-1987
krystla01,30,-4.8,198703200LAL-SAS,198703200LAL-LAL,SAS-1987,0,1987,-144,-20.15,krystla01-1987
jonesan01,28,2.2,198703200LAL-SAS,198703200LAL-LAL,SAS-1987,0,1987,61.60000000000001,-20.15,jonesan01-1987
sundvjo01,25,3.4,198703200LAL-SAS,198703200LAL-LAL,SAS-1987,0,1987,85,-20.15,sundvjo01-1987
moorejo01,23,-2.4,198703200LAL-SAS,198703200LAL-LAL,SAS-1987,0,1987,-55.199999999999996,-20.15,moorejo01-1987
nealyed01,19,0.7,198703200LAL-SAS,198703200LAL-LAL,SAS-1987,0,1987,13.299999999999999,-20.15,nealyed01-1987
dawkijo01,11,-1.9,198703200LAL-SAS,198703200LAL-LAL,SAS-1987,0,1987,-20.9,-20.15,dawkijo01-1987
brittmi01,9,-1.3,198703200LAL-SAS,198703200LAL-LAL,SAS-1987,0,1987,-11.700000000000001,-20.15,brittmi01-1987
thorpot01,41,3.8,198703220LAL-SAC,198703220LAL-LAL,SAC-1987,0,1987,155.79999999999998,31.52,thorpot01-1987
theusre01,38,3.1,198703220LAL-SAC,198703220LAL-LAL,SAC-1987,0,1987,117.8,31.52,theusre01-1987
johnsed03,36,-1.6,198703220LAL-SAC,198703220LAL-LAL,SAC-1987,0,1987,-57.6,31.52,johnsed03-1987
kleinjo01,30,3.1,198703220LAL-SAC,198703220LAL-LAL,SAC-1987,0,1987,93,31.52,kleinjo01-1987
rogerjo01,24,1.5,198703220LAL-SAC,198703220LAL-LAL,SAC-1987,0,1987,36,31.52,rogerjo01-1987
tylerte01,20,-2.1,198703220LAL-SAC,198703220LAL-LAL,SAC-1987,0,1987,-42,31.52,tylerte01-1987
thompla01,19,0,198703220LAL-SAC,198703220LAL-LAL,SAC-1987,0,1987,0,31.52,thompla01-1987
wilsoot01,18,-0.1,198703220LAL-SAC,198703220LAL-LAL,SAC-1987,0,1987,-1.8,31.52,wilsoot01-1987
pressha01,11,1.3,198703220LAL-SAC,198703220LAL-LAL,SAC-1987,0,1987,14.3,31.52,pressha01-1987
olberma01,3,-0.1,198703220LAL-SAC,198703220LAL-LAL,SAC-1987,0,1987,-0.30000000000000004,31.52,olberma01-1987
scottby01,41,6.7,198703240PHO-LAL,198703240PHO-PHO,LAL-1987,0,1987,274.7,25.70833333333333,scottby01-1987
coopemi01,37,5.5,198703240PHO-LAL,198703240PHO-PHO,LAL-1987,0,1987,203.5,25.70833333333333,coopemi01-1987
abdulka01,34,-3.9,198703240PHO-LAL,198703240PHO-PHO,LAL-1987,0,1987,-132.6,25.70833333333333,abdulka01-1987
greenac01,32,-5.8,198703240PHO-LAL,198703240PHO-PHO,LAL-1987,0,1987,-185.6,25.70833333333333,greenac01-1987
worthja01,29,10.7,198703240PHO-LAL,198703240PHO-PHO,LAL-1987,0,1987,310.29999999999995,25.70833333333333,worthja01-1987
thompbi01,17,-3.9,198703240PHO-LAL,198703240PHO-PHO,LAL-1987,0,1987,-66.3,25.70833333333333,thompbi01-1987
thompmy01,16,-4.9,198703240PHO-LAL,198703240PHO-PHO,LAL-1987,0,1987,-78.4,25.70833333333333,thompmy01-1987
rambiku01,12,-3.4,198703240PHO-LAL,198703240PHO-PHO,LAL-1987,0,1987,-40.8,25.70833333333333,rambiku01-1987
brancad01,10,3.9,198703240PHO-LAL,198703240PHO-PHO,LAL-1987,0,1987,39,25.70833333333333,brancad01-1987
matthwe01,7,-2,198703240PHO-LAL,198703240PHO-PHO,LAL-1987,0,1987,-14,25.70833333333333,matthwe01-1987
johnsma02,4,-0.3,198703240PHO-LAL,198703240PHO-PHO,LAL-1987,0,1987,-1.2,25.70833333333333,johnsma02-1987
smrekmi01,1,-0.1,198703240PHO-LAL,198703240PHO-PHO,LAL-1987,0,1987,-0.1,25.70833333333333,smrekmi01-1987
thomais01,42,-1.4,198703260LAL-DET,198703260LAL-LAL,DET-1987,0,1987,-58.8,16.025,thomais01-1987
dantlad01,29,5.5,198703260LAL-DET,198703260LAL-LAL,DET-1987,0,1987,159.5,16.025,dantlad01-1987
laimbbi01,28,-2.4,198703260LAL-DET,198703260LAL-LAL,DET-1987,0,1987,-67.2,16.025,laimbbi01-1987
johnsvi01,27,5.9,198703260LAL-DET,198703260LAL-LAL,DET-1987,0,1987,159.3,16.025,johnsvi01-1987
sallejo01,25,6,198703260LAL-DET,198703260LAL-LAL,DET-1987,0,1987,150,16.025,sallejo01-1987
mahorri01,20,-1.2,198703260LAL-DET,198703260LAL-LAL,DET-1987,0,1987,-24,16.025,mahorri01-1987
greensi02,19,0,198703260LAL-DET,198703260LAL-LAL,DET-1987,0,1987,0,16.025,greensi02-1987
rodmade01,19,-4.4,198703260LAL-DET,198703260LAL-LAL,DET-1987,0,1987,-83.60000000000001,16.025,rodmade01-1987
dumarjo01,18,-3.3,198703260LAL-DET,198703260LAL-LAL,DET-1987,0,1987,-59.4,16.025,dumarjo01-1987
campbto01,7,2.3,198703260LAL-DET,198703260LAL-LAL,DET-1987,0,1987,16.099999999999998,16.025,campbto01-1987
nimphku01,4,0.2,198703260LAL-DET,198703260LAL-LAL,DET-1987,0,1987,0.8,16.025,nimphku01-1987
nevitch01,2,-0.2,198703260LAL-DET,198703260LAL-LAL,DET-1987,0,1987,-0.4,16.025,nevitch01-1987
johnsma02,36,14,198703280HOU-LAL,198703280HOU-HOU,LAL-1987,1,1987,504,74.02499999999999,johnsma02-1987
scottby01,32,5.6,198703280HOU-LAL,198703280HOU-HOU,LAL-1987,1,1987,179.2,74.02499999999999,scottby01-1987
worthja01,32,-0.1,198703280HOU-LAL,198703280HOU-HOU,LAL-1987,1,1987,-3.2,74.02499999999999,worthja01-1987
abdulka01,29,6,198703280HOU-LAL,198703280HOU-HOU,LAL-1987,1,1987,174,74.02499999999999,abdulka01-1987
greenac01,29,4.6,198703280HOU-LAL,198703280HOU-HOU,LAL-1987,1,1987,133.39999999999998,74.02499999999999,greenac01-1987
rambiku01,19,2.7,198703280HOU-LAL,198703280HOU-HOU,LAL-1987,1,1987,51.300000000000004,74.02499999999999,rambiku01-1987
coopemi01,18,-0.9,198703280HOU-LAL,198703280HOU-HOU,LAL-1987,1,1987,-16.2,74.02499999999999,coopemi01-1987
thompmy01,17,-3.4,198703280HOU-LAL,198703280HOU-HOU,LAL-1987,1,1987,-57.8,74.02499999999999,thompmy01-1987
thompbi01,16,-3.8,198703280HOU-LAL,198703280HOU-HOU,LAL-1987,1,1987,-60.8,74.02499999999999,thompbi01-1987
matthwe01,6,-2.6,198703280HOU-LAL,198703280HOU-HOU,LAL-1987,1,1987,-15.600000000000001,74.02499999999999,matthwe01-1987
brancad01,4,0.7,198703280HOU-LAL,198703280HOU-HOU,LAL-1987,1,1987,2.8,74.02499999999999,brancad01-1987
smrekmi01,2,-1.4,198703280HOU-LAL,198703280HOU-HOU,LAL-1987,1,1987,-2.8,74.02499999999999,smrekmi01-1987
leaveal01,39,-2.9,198703310LAL-HOU,198703310LAL-LAL,HOU-1987,0,1987,-113.1,21.066666666666666,leaveal01-1987
reidro01,36,0.1,198703310LAL-HOU,198703310LAL-LAL,HOU-1987,0,1987,3.6,21.066666666666666,reidro01-1987
olajuha01,35,1.7,198703310LAL-HOU,198703310LAL-LAL,HOU-1987,0,1987,59.5,21.066666666666666,olajuha01-1987
mccraro01,34,4.8,198703310LAL-HOU,198703310LAL-LAL,HOU-1987,0,1987,163.2,21.066666666666666,mccraro01-1987
peterji01,34,4.9,198703310LAL-HOU,198703310LAL-LAL,HOU-1987,0,1987,166.60000000000002,21.066666666666666,peterji01-1987
harrist01,16,-0.8,198703310LAL-HOU,198703310LAL-LAL,HOU-1987,0,1987,-12.8,21.066666666666666,harrist01-1987
maxwece01,12,0.9,198703310LAL-HOU,198703310LAL-LAL,HOU-1987,0,1987,10.8,21.066666666666666,maxwece01-1987
johnsbu01,11,-1.5,198703310LAL-HOU,198703310LAL-LAL,HOU-1987,0,1987,-16.5,21.066666666666666,johnsbu01-1987
sampsra01,11,-0.7,198703310LAL-HOU,198703310LAL-LAL,HOU-1987,0,1987,-7.699999999999999,21.066666666666666,sampsra01-1987
minnidi01,8,-0.1,198703310LAL-HOU,198703310LAL-LAL,HOU-1987,0,1987,-0.8,21.066666666666666,minnidi01-1987
anderri01,2,-0.4,198703310LAL-HOU,198703310LAL-LAL,HOU-1987,0,1987,-0.8,21.066666666666666,anderri01-1987
feitlda01,2,0.4,198703310LAL-HOU,198703310LAL-LAL,HOU-1987,0,1987,0.8,21.066666666666666,feitlda01-1987
worthja01,45,7.6,198704020SEA-LAL,198704020SEA-SEA,LAL-1987,1,1987,342,108.9375,worthja01-1987
johnsma02,40,14.8,198704020SEA-LAL,198704020SEA-SEA,LAL-1987,1,1987,592,108.9375,johnsma02-1987
scottby01,35,3.3,198704020SEA-LAL,198704020SEA-SEA,LAL-1987,1,1987,115.5,108.9375,scottby01-1987
abdulka01,32,-4.8,198704020SEA-LAL,198704020SEA-SEA,LAL-1987,1,1987,-153.6,108.9375,abdulka01-1987
greenac01,30,1.3,198704020SEA-LAL,198704020SEA-SEA,LAL-1987,1,1987,39,108.9375,greenac01-1987
coopemi01,26,-0.1,198704020SEA-LAL,198704020SEA-SEA,LAL-1987,1,1987,-2.6,108.9375,coopemi01-1987
rambiku01,17,-3.4,198704020SEA-LAL,198704020SEA-SEA,LAL-1987,1,1987,-57.8,108.9375,rambiku01-1987
thompmy01,15,-0.2,198704020SEA-LAL,198704020SEA-SEA,LAL-1987,1,1987,-3,108.9375,thompmy01-1987
johnsma02,40,7.5,198704030POR-LAL,198704030POR-POR,LAL-1987,1,1987,300,84.65,johnsma02-1987
scottby01,40,1.2,198704030POR-LAL,198704030POR-POR,LAL-1987,1,1987,48,84.65,scottby01-1987
worthja01,37,0.7,198704030POR-LAL,198704030POR-POR,LAL-1987,1,1987,25.9,84.65,worthja01-1987
coopemi01,30,3.2,198704030POR-LAL,198704030POR-POR,LAL-1987,1,1987,96,84.65,coopemi01-1987
abdulka01,29,4,198704030POR-LAL,198704030POR-POR,LAL-1987,1,1987,116,84.65,abdulka01-1987
greenac01,29,1.7,198704030POR-LAL,198704030POR-POR,LAL-1987,1,1987,49.3,84.65,greenac01-1987
thompmy01,28,1.2,198704030POR-LAL,198704030POR-POR,LAL-1987,1,1987,33.6,84.65,thompmy01-1987
rambiku01,7,1.2,198704030POR-LAL,198704030POR-POR,LAL-1987,1,1987,8.4,84.65,rambiku01-1987
johnsma02,42,4.8,198704050DEN-LAL,198704050DEN-DEN,LAL-1987,1,1987,201.6,88.0625,johnsma02-1987
worthja01,39,4.3,198704050DEN-LAL,198704050DEN-DEN,LAL-1987,1,1987,167.7,88.0625,worthja01-1987
greenac01,37,4.8,198704050DEN-LAL,198704050DEN-DEN,LAL-1987,1,1987,177.6,88.0625,greenac01-1987
scottby01,36,2.3,198704050DEN-LAL,198704050DEN-DEN,LAL-1987,1,1987,82.8,88.0625,scottby01-1987
abdulka01,28,-2,198704050DEN-LAL,198704050DEN-DEN,LAL-1987,1,1987,-56,88.0625,abdulka01-1987
coopemi01,28,5.1,198704050DEN-LAL,198704050DEN-DEN,LAL-1987,1,1987,142.79999999999998,88.0625,coopemi01-1987
thompmy01,24,-0.9,198704050DEN-LAL,198704050DEN-DEN,LAL-1987,1,1987,-21.6,88.0625,thompmy01-1987
rambiku01,6,1.6,198704050DEN-LAL,198704050DEN-DEN,LAL-1987,1,1987,9.600000000000001,88.0625,rambiku01-1987
curetea01,43,-1.6,198704060LAL-LAC,198704060LAL-LAL,LAC-1987,0,1987,-68.8,-28.287499999999998,curetea01-1987
kemptti01,36,-1.4,198704060LAL-LAC,198704060LAL-LAL,LAC-1987,0,1987,-50.4,-28.287499999999998,kemptti01-1987
whitero01,35,2.3,198704060LAL-LAC,198704060LAL-LAL,LAC-1987,0,1987,80.5,-28.287499999999998,whitero01-1987
valenda01,33,-0.1,198704060LAL-LAC,198704060LAL-LAL,LAC-1987,0,1987,-3.3000000000000003,-28.287499999999998,valenda01-1987
dailequ01,24,-3.8,198704060LAL-LAC,198704060LAL-LAL,LAC-1987,0,1987,-91.19999999999999,-28.287499999999998,dailequ01-1987
gordola01,24,-1.7,198704060LAL-LAC,198704060LAL-LAL,LAC-1987,0,1987,-40.8,-28.287499999999998,gordola01-1987
drewla01,23,2.7,198704060LAL-LAC,198704060LAL-LAL,LAC-1987,0,1987,62.1,-28.287499999999998,drewla01-1987
johnsst02,22,-5.2,198704060LAL-LAC,198704060LAL-LAL,LAC-1987,0,1987,-114.4,-28.287499999999998,johnsst02-1987
scottby01,32,-0.1,198704090LAC-LAL,198704090LAC-LAC,LAL-1987,1,1987,-3.2,51.89090909090909,scottby01-1987
johnsma02,31,16,198704090LAC-LAL,198704090LAC-LAC,LAL-1987,1,1987,496,51.89090909090909,johnsma02-1987
greenac01,29,4.9,198704090LAC-LAL,198704090LAC-LAC,LAL-1987,1,1987,142.10000000000002,51.89090909090909,greenac01-1987
worthja01,26,-0.2,198704090LAC-LAL,198704090LAC-LAC,LAL-1987,1,1987,-5.2,51.89090909090909,worthja01-1987
abdulka01,25,1.3,198704090LAC-LAL,198704090LAC-LAC,LAL-1987,1,1987,32.5,51.89090909090909,abdulka01-1987
coopemi01,25,-1.1,198704090LAC-LAL,198704090LAC-LAC,LAL-1987,1,1987,-27.500000000000004,51.89090909090909,coopemi01-1987
rambiku01,25,2.8,198704090LAC-LAL,198704090LAC-LAC,LAL-1987,1,1987,70,51.89090909090909,rambiku01-1987
thompmy01,24,-5.3,198704090LAC-LAL,198704090LAC-LAC,LAL-1987,1,1987,-127.19999999999999,51.89090909090909,thompmy01-1987
thompbi01,13,-0.7,198704090LAC-LAL,198704090LAC-LAC,LAL-1987,1,1987,-9.1,51.89090909090909,thompbi01-1987
matthwe01,7,0.9,198704090LAC-LAL,198704090LAC-LAC,LAL-1987,1,1987,6.3,51.89090909090909,matthwe01-1987
smrekmi01,3,-1.3,198704090LAC-LAL,198704090LAC-LAC,LAL-1987,1,1987,-3.9000000000000004,51.89090909090909,smrekmi01-1987
greenda01,41,-2.4,198704100LAL-SAS,198704100LAL-LAL,SAS-1987,0,1987,-98.39999999999999,25.444444444444443,greenda01-1987
roberal01,35,-1.6,198704100LAL-SAS,198704100LAL-LAL,SAS-1987,0,1987,-56,25.444444444444443,roberal01-1987
krystla01,32,3.9,198704100LAL-SAS,198704100LAL-LAL,SAS-1987,0,1987,124.8,25.444444444444443,krystla01-1987
gilmoar01,31,8.7,198704100LAL-SAS,198704100LAL-LAL,SAS-1987,0,1987,269.7,25.444444444444443,gilmoar01-1987
berrywa01,29,-2.6,198704100LAL-SAS,198704100LAL-LAL,SAS-1987,0,1987,-75.4,25.444444444444443,berrywa01-1987
moorejo01,29,3.9,198704100LAL-SAS,198704100LAL-LAL,SAS-1987,0,1987,113.1,25.444444444444443,moorejo01-1987
dawkijo01,20,-2.1,198704100LAL-SAS,198704100LAL-LAL,SAS-1987,0,1987,-42,25.444444444444443,dawkijo01-1987
jonesan01,12,-0.2,198704100LAL-SAS,198704100LAL-LAL,SAS-1987,0,1987,-2.4000000000000004,25.444444444444443,jonesan01-1987
nealyed01,11,-0.4,198704100LAL-SAS,198704100LAL-LAL,SAS-1987,0,1987,-4.4,25.444444444444443,nealyed01-1987
nancela01,40,5.3,198704120LAL-PHO,198704120LAL-LAL,PHO-1987,0,1987,212,40.418181818181814,nancela01-1987
daviswa03,36,12,198704120LAL-PHO,198704120LAL-LAL,PHO-1987,0,1987,432,40.418181818181814,daviswa03-1987
humphja01,31,-1.9,198704120LAL-PHO,198704120LAL-LAL,PHO-1987,0,1987,-58.9,40.418181818181814,humphja01-1987
pincked01,23,4.1,198704120LAL-PHO,198704120LAL-LAL,PHO-1987,0,1987,94.3,40.418181818181814,pincked01-1987
vanosni01,22,-2.1,198704120LAL-PHO,198704120LAL-LAL,PHO-1987,0,1987,-46.2,40.418181818181814,vanosni01-1987
sandemi01,22,1,198704120LAL-PHO,198704120LAL-LAL,PHO-1987,0,1987,22,40.418181818181814,sandemi01-1987
adamsal01,18,-5.2,198704120LAL-PHO,198704120LAL-LAL,PHO-1987,0,1987,-93.60000000000001,40.418181818181814,adamsal01-1987
hornaje01,18,-3.4,198704120LAL-PHO,198704120LAL-LAL,PHO-1987,0,1987,-61.199999999999996,40.418181818181814,hornaje01-1987
thompbe01,12,-4.5,198704120LAL-PHO,198704120LAL-LAL,PHO-1987,0,1987,-54,40.418181818181814,thompbe01-1987
gattike01,10,-2.1,198704120LAL-PHO,198704120LAL-LAL,PHO-1987,0,1987,-21,40.418181818181814,gattike01-1987
addisra01,8,2.4,198704120LAL-PHO,198704120LAL-LAL,PHO-1987,0,1987,19.2,40.418181818181814,addisra01-1987
worthja01,40,7.3,198704160UTA-LAL,198704160UTA-UTA,LAL-1987,1,1987,292,112.2,worthja01-1987
johnsma02,38,10.4,198704160UTA-LAL,198704160UTA-UTA,LAL-1987,1,1987,395.2,112.2,johnsma02-1987
abdulka01,36,9.3,198704160UTA-LAL,198704160UTA-UTA,LAL-1987,1,1987,334.8,112.2,abdulka01-1987
scottby01,33,0.5,198704160UTA-LAL,198704160UTA-UTA,LAL-1987,1,1987,16.5,112.2,scottby01-1987
coopemi01,33,1.8,198704160UTA-LAL,198704160UTA-UTA,LAL-1987,1,1987,59.4,112.2,coopemi01-1987
greenac01,30,4.3,198704160UTA-LAL,198704160UTA-UTA,LAL-1987,1,1987,129,112.2,greenac01-1987
thompmy01,15,-3.4,198704160UTA-LAL,198704160UTA-UTA,LAL-1987,1,1987,-51,112.2,thompmy01-1987
rambiku01,12,-4.2,198704160UTA-LAL,198704160UTA-UTA,LAL-1987,1,1987,-50.400000000000006,112.2,rambiku01-1987
thompbi01,2,-1.3,198704160UTA-LAL,198704160UTA-UTA,LAL-1987,1,1987,-2.6,112.2,thompbi01-1987
smrekmi01,1,-0.9,198704160UTA-LAL,198704160UTA-UTA,LAL-1987,1,1987,-0.9,112.2,smrekmi01-1987
scottby01,34,-7.3,198704170SAS-LAL,198704170SAS-SAS,LAL-1987,0,1987,-248.2,4.981818181818182,scottby01-1987
thompmy01,29,7.1,198704170SAS-LAL,198704170SAS-SAS,LAL-1987,0,1987,205.89999999999998,4.981818181818182,thompmy01-1987
worthja01,27,7.5,198704170SAS-LAL,198704170SAS-SAS,LAL-1987,0,1987,202.5,4.981818181818182,worthja01-1987
greenac01,26,-3.4,198704170SAS-LAL,198704170SAS-SAS,LAL-1987,0,1987,-88.39999999999999,4.981818181818182,greenac01-1987
coopemi01,25,-5.2,198704170SAS-LAL,198704170SAS-SAS,LAL-1987,0,1987,-130,4.981818181818182,coopemi01-1987
johnsma02,22,8.4,198704170SAS-LAL,198704170SAS-SAS,LAL-1987,0,1987,184.8,4.981818181818182,johnsma02-1987
thompbi01,22,-0.9,198704170SAS-LAL,198704170SAS-SAS,LAL-1987,0,1987,-19.8,4.981818181818182,thompbi01-1987
rambiku01,21,0.8,198704170SAS-LAL,198704170SAS-SAS,LAL-1987,0,1987,16.8,4.981818181818182,rambiku01-1987
abdulka01,19,-0.5,198704170SAS-LAL,198704170SAS-SAS,LAL-1987,0,1987,-9.5,4.981818181818182,abdulka01-1987
matthwe01,13,-4.5,198704170SAS-LAL,198704170SAS-SAS,LAL-1987,0,1987,-58.5,4.981818181818182,matthwe01-1987
brancad01,2,-0.4,198704170SAS-LAL,198704170SAS-SAS,LAL-1987,0,1987,-0.8,4.981818181818182,brancad01-1987
mcdanxa01,39,13.2,198704190LAL-SEA,198704190LAL-LAL,SEA-1987,1,1987,514.8,63.663636363636364,mcdanxa01-1987
ellisda01,34,-1,198704190LAL-SEA,198704190LAL-LAL,SEA-1987,1,1987,-34,63.663636363636364,ellisda01-1987
mcmilna01,33,11.6,198704190LAL-SEA,198704190LAL-LAL,SEA-1987,1,1987,382.8,63.663636363636364,mcmilna01-1987
chambto01,28,-1.6,198704190LAL-SEA,198704190LAL-LAL,SEA-1987,1,1987,-44.800000000000004,63.663636363636364,chambto01-1987
johnscl01,21,-1.8,198704190LAL-SEA,198704190LAL-LAL,SEA-1987,1,1987,-37.800000000000004,63.663636363636364,johnscl01-1987
lucasma01,21,-4,198704190LAL-SEA,198704190LAL-LAL,SEA-1987,1,1987,-84,63.663636363636364,lucasma01-1987
schoeru01,19,-2.1,198704190LAL-SEA,198704190LAL-LAL,SEA-1987,1,1987,-39.9,63.663636363636364,schoeru01-1987
willike01,18,2.1,198704190LAL-SEA,198704190LAL-LAL,SEA-1987,1,1987,37.800000000000004,63.663636363636364,willike01-1987
youngda01,12,2.7,198704190LAL-SEA,198704190LAL-LAL,SEA-1987,1,1987,32.400000000000006,63.663636363636364,youngda01-1987
johnsed02,9,-2.4,198704190LAL-SEA,198704190LAL-LAL,SEA-1987,1,1987,-21.599999999999998,63.663636363636364,johnsed02-1987
kitchcu01,6,-0.9,198704190LAL-SEA,198704190LAL-LAL,SEA-1987,1,1987,-5.4,63.663636363636364,kitchcu01-1987
